patchwork patchwork 112 65215343 
1613 2 784
1634 1 30082
1648 1 2206
9201 1 1485
9773 1 692
10581 6 566
12668 1 1012
16440 1 1049
16799 1 3514
17670 1 5050
19613 2 1146
19992 4 271
20935 1 1544
20936 1 2518
20937 1 3666
20938 1 3851
24579 1 834
30588 1 3696
32327 3 1141
32386 1 2500
32419 1 331
34100 1 837
35707 3 340
35760 1 5014
36300 1 3570
39666 1 736
44092 2 720
45505 15 701
46734 1 1928
46961 1 1408
47472 1 1289
48232 1 847
48379 2 6270
48739 1 611
49404 1 966
53500 3 760
53775 1 414
59465 1 406
59571 1 766
60721 1 476
62062 1 6529
63184 1 2633
63634 1 5269
65596 2 1788
65908 1 2157
66013 1 2760
66303 9 2100
66338 1 678
67565 1 1675
68192 1 2334
69943 3 1624
70134 1 423
73182 1 1485
73513 2 663
73837 3 78
76211 1 1215
76489 8 1295
77023 2 2768
