stanlei stanlei 1090 65215343 
56 1 996
146 1 2254
268 6 901
418 2 1732
438 1 464
492 1 407
668 1 2059
716 2 1108
769 1 1279
780 1 643
836 17 681
986 1 2025
987 1 2023
988 1 2173
1037 1 1009
1185 4 15836
1220 1 1617
1221 1 1597
1222 1 1620
1352 1 695
1596 2 645
1835 1 1234
1855 1 2208
2001 1 2255
2052 1 1707
2167 2 1863
2243 1 2003
2414 5 1645
2651 1 1903
3004 1 731
3086 2 4139
3103 1 3185
3121 1 496
3402 1 2468
3403 1 2172
3404 1 2168
3405 2 2857
3581 1 1329
3590 1 1326
3664 1 889
3665 1 1640
4030 3 1809
4188 1 2646
4279 2 4524
4355 1 1088
4356 5 3544
4371 1 3866
4417 2 4384
4418 2 2251
4740 1 2057
4741 1 3450
4755 1 1016
4846 2 1404
5128 1 1147
5570 1 521
5897 1 872
6000 2 1777
6036 3 1526
6288 1 1336
6548 1 930
6583 2 7454
6639 1 1018
6650 2 770
6973 1 826
7139 3 1063
7523 1 238
7541 1 1707
7571 2 5357
7727 2 2490
7736 1 1605
8128 1 545
8268 1 848
8290 1 1567
8561 2 3145
8595 3 691
8953 1 1033
8993 1 2404
9232 1 1398
9309 2 998
9461 1 1464
9503 2 6051
9587 2 1796
9752 1 8096
10012 1 597
10040 1 1184
10078 2 921
10081 2 2613
10325 1 1466
10353 1 839
10436 1 713
10662 1 1275
10906 2 7912
11208 1 2507
11216 1 533
11217 1 817
11279 1 1595
11492 2 7197
11519 1 548
11703 1 666
12130 1 698
12156 1 13898
12196 1 864
12212 2 1344
12279 1 574
12364 3 1534
12449 3 1233
12481 1 194
12692 1 5477
12696 1 625
12753 1 3395
12777 1 3961
12827 1 1123
13000 1 844
13083 6 3119
13143 1 1436
13205 1 2644
13228 1 1639
13344 2 5744
13618 10 28398
13645 1 1507
13670 1 2094
13955 8 742
14074 1 446
14117 1 1112
14210 1 1997
14220 1 2570
14259 2 1794
14373 1 6743
14374 1 3433
14473 2 763
14535 1 2058
14548 1 214
14731 1 788
14820 1 4854
15264 1 675
15293 1 5587
15352 2 59
15528 5 2844
15546 1 625
15581 1 500
15762 1 2141
15881 2 7036
15887 2 3518
15920 1 547
15926 1 1584
16334 1 1709
16353 1 1250
16601 5 177
16813 2 4537
16943 3 10757
17012 1 3524
17244 1 10025
17252 14 2637
17261 1 4916
17262 1 3246
17288 1 490
17294 1 510
17408 2 1487
17446 4 3664
17592 1 3800
17870 2 2093
18419 2 2124
18517 1 1038
18562 2 1335
18575 1 678
18710 2 928
18837 4 930
18888 3 1190
18919 1 764
19382 1 889
19495 1 3545
19647 1 3406
19653 3 1803
19732 1 1155
19969 1 2159
20200 1 30304
20227 1 2347
20639 2 2734
20676 1 606
20710 1 6801
20831 1 5707
20987 1 647
21133 1 986
21225 1 4913
21321 2 7104
21374 1 986
21534 3 1751
21695 1 1941
21698 1 2267
21770 1 4733
21869 1 830
21896 1 780
21961 1 1487
21981 2 3068
22013 1 1044
22206 1 2514
22215 3 1991
22216 3 13756
22540 1 476
22547 3 5064
22941 4 11549
23283 1 4182
23368 1 2432
23373 1 1729
23378 2 973
23581 1 175
23732 1 4739
23792 1 1958
24219 1 7326
24737 1 1993
24841 1 1228
24863 2 1907
25239 1 1019
25329 1 1614
25440 1 1655
25469 2 1741
25478 1 3302
25533 1 994
25541 1 561
25676 1 1444
25728 2 5705
25812 1 548
26012 3 1755
26198 1 576
26328 2 1245
26343 1 4639
26522 3 1759
26593 2 1889
26631 1 8025
26722 1 1894
26827 3 2251
26888 2 1987
27039 1 1645
27391 1 4345
27392 1 4376
27417 9 1328
27590 1 1661
27706 1 1893
27807 1 180
27872 1 3102
27969 2 1005
28111 1 943
28193 1 2289
28291 11 644
28730 1 1156
28846 1 1687
28847 1 1791
28854 2 1290
28855 1 537
29144 1 2485
29523 1 10213
29594 1 984
29595 1 934
29596 1 1432
29597 1 1002
29607 1 1086
29785 1 1968
29817 1 2179
29867 1 948
29902 2 4620
29918 1 903
31061 1 1776
31327 1 3711
31341 1 481
31358 1 1730
31360 3 3008
31544 1 2626
31623 1 8156
31821 1 4061
31907 1 1007
32209 1 845
32240 4 3457
32372 1 1632
32385 2 1964
32398 1 1410
32432 1 1300
32593 1 1078
32653 2 5663
32654 20 45225
33095 2 1520
33318 4 2084
33586 1 2998
33798 1 1847
33870 2 2415
33937 1 14231
34035 3 2575
34201 1 2057
34462 1 1693
34549 1 354
34680 1 1201
34931 1 655
34942 1 1517
35182 5 13213
35332 1 2865
35333 1 5425
35334 1 4418
35374 7 512
35555 1 968
35717 1 818
36406 1 1238
36407 1 1238
36518 1 661
36882 1 6259
36884 1 1553
36938 1 434
37381 1 1394
37419 1 13883
37425 1 4184
37479 2 746
37595 1 1332
37596 2 1780
38122 1 1267
38136 1 701
38162 2 7201
38422 1 782
38425 1 353
38433 1 2018
38434 1 2883
38437 5 644
38445 1 2338
38711 1 2289
38836 2 1881
38888 2 1184
39158 1 1513
39201 2 1223
39259 1 3420
39458 2 1860
39570 1 1301
39953 3 1179
39985 3 3132
40375 1 2147
40662 1 1447
40666 3 1754
40783 1 1857
40817 1 2302
40855 2 1346
40959 1 5445
40985 1 2120
41079 1 708
41164 1 1123
41183 2 4967
41184 2 7879
41371 1 662
42012 1 963
42052 1 1735
42150 1 2706
42236 3 1927
42261 1 6604
42323 1 478
42359 1 2478
42385 1 1348
42557 4 2920
42580 1 8665
42778 1 2008
42850 1 4255
42892 1 2540
42959 2 5863
42960 2 7453
43025 1 3087
43960 1 1986
44011 1 1934
44303 1 2027
44304 1 1936
44305 1 1936
44478 1 1098
44770 1 725
44956 2 7041
45223 1 548
45261 2 7633
45262 2 6033
45382 5 1185
45467 1 569
45497 1 745
45824 1 2571
45881 1 995
46512 1 4395
46532 1 2752
46639 1 4091
46668 1 2331
46692 1 2110
46804 3 669
46945 1 904
47006 1 1196
47188 1 1061
47227 1 1148
47231 1 2125
47232 1 1498
47233 1 1651
47245 20 6757
47399 3 1079
47456 1 472
47547 1 1528
47748 2 6961
47749 2 7411
47757 1 1609
48426 1 1005
48472 1 910
48484 1 13248
48531 2 1863
48532 1 626
48533 1 679
48534 1 1005
48629 12 748
48790 1 978
48894 1 792
48917 2 6627
48992 1 462
49092 31 39956
49176 1 11069
49231 1 1134
49232 1 5655
49233 1 1231
49375 2 11530
49376 2 5243
49459 1 3328
49591 1 794
49885 1 1429
49931 2 2794
49935 1 757
50186 2 5705
50287 1 2869
50343 1 3220
50606 1 5596
50836 2 1677
50837 2 1741
50857 3 6468
51116 1 927
51140 2 1694
51304 4 953
51357 1 1190
51688 1 4314
51710 1 699
51977 2 1239
51993 2 12689
52275 1 1430
52390 2 708
52411 2 563
52458 1 176
52634 1 865
52723 2 1320
52988 1 24350
53236 4 3296
53242 4 4792
53508 1 1704
53538 1 2024
53554 1 1048
53668 1 168
53682 1 1860
53853 1 2874
54094 1 3257
54168 1 850
54234 3 1457
54235 1 961
54355 1 10248
54399 1 5059
54468 1 516
54609 1 894
55045 2 1195
55073 1 3312
55085 1 476
55502 1 1475
55536 20 49965
55537 2 7693
55538 2 7491
56091 1 485
56224 2 1444
56484 1 494
56707 3 1732
56835 2 445
56891 2 572
57319 1 1304
57369 2 1953
57400 1 497
57897 1 3276
57945 2 2600
58329 1 1243
58330 2 1851
58336 1 440
58383 1 1351
58853 1 2423
58869 2 5200
58913 1 960
59202 1 953
59225 2 6473
59251 1 6070
59347 1 9699
59351 1 860
59604 1 1752
59612 1 826
59629 3 2062
59646 1 1585
60074 1 1151
60186 1 880
60225 1 2094
60226 1 2054
60227 1 2086
60228 1 2197
60558 1 453
60559 1 976
60560 1 994
60561 1 997
60701 1 1999
60702 1 1966
60863 1 974
61043 1 4069
61352 1 18809
61527 1 2751
61861 2 2244
61862 2 5528
62001 1 806
62022 2 1888
62044 3 751
62199 1 2963
62499 1 3759
62596 6 2402
62667 3 604
62694 1 2218
62753 1 484
62788 1 2229
63002 1 1007
63197 2 7220
63305 1 775
63309 1 4077
63353 1 892
63354 1 933
63355 1 940
63567 1 2685
63568 2 1949
63590 3 1793
63810 1 1000
64052 1 2458
64053 1 2458
64441 2 1108
64442 1 1034
64613 1 975
64655 1 2422
64994 2 1716
65022 1 526
65034 3 3956
65129 1 15643
65554 2 543
65582 1 731
65643 1 1526
65644 1 1473
65999 2 7992
66081 1 304
66188 2 5739
66189 2 7316
66224 2 1001
66241 1 1533
66253 2 2409
66380 1 9761
66404 1 1459
66420 1 1958
66497 1 2312
67002 2 6563
67074 1 9837
67219 3 8613
67725 1 1884
67930 1 1193
68002 1 3149
68205 1 1021
68228 1 6756
68276 1 284
68394 1 2458
68395 1 2458
68812 1 10319
69064 1 1196
69382 3 1332
69419 2 1772
69447 1 485
69504 1 1208
69701 1 1593
69913 2 7379
69914 2 7296
69969 1 676
70107 1 686
70290 1 2102
70588 1 1129
71043 1 4249
71059 2 2012
71159 1 789
71172 1 1858
71196 3 329
71229 1 887
71277 2 778
71278 2 546
71336 1 1531
71705 1 10258
71812 1 1041
71813 1 1515
72162 1 694
72241 1 232
72284 1 6759
72382 1 4049
72663 2 1320
72766 1 1339
72767 6 788
72822 1 1397
72860 1 1570
72884 2 2069
72885 2 1376
72893 1 929
72897 1 3666
73074 1 116
73234 1 1025
73250 1 423
73276 2 7711
73464 1 997
73949 5 3890
74114 1 3421
74125 1 2057
74907 1 643
74918 5 2041
75533 1 1660
75534 1 9607
75969 1 5873
76096 1 886
76326 3 2230
76352 1 354
76359 1 742
76363 3 673
76480 1 1099
76482 1 534
76508 1 2897
76722 1 2126
76755 1 5294
76756 1 4633
76878 1 829
76917 1 2139
76918 1 1833
77034 2 1338
77039 1 874
77094 2 2168
77127 1 1709
77175 1 1008
77434 2 416
77540 1 402
77666 1 949
77820 1 878
78112 1 1269
