sixth sixth 827 65215343 
132 1 13051
471 1 3108
587 1 1004
609 1 1086
715 1 237
783 3 2303
1104 1 4937
1131 1 978
1153 39 6533
1267 1 1212
1361 1 1013
1796 1 1148
1886 1 1366
1940 2 848
1948 1 5448
2137 1 1480
2163 1 2057
2232 1 1628
2409 1 1038
2762 1 669
3026 1 1747
3089 1 1017
3249 1 10966
3409 2 3574
3579 1 4684
3662 1 1695
3928 1 1658
4027 1 518
4053 1 3172
4080 1 689
4349 1 1071
4524 1 2046
4704 1 1493
4714 1 1598
4820 1 1191
4831 1 2521
4906 1 8000
4907 1 8001
4908 1 8001
5132 1 1537
5255 1 1668
5506 2 695
5602 3 1056
6453 1 2181
6608 1 834
6869 1 205
6973 2 826
7055 1 2879
7067 1 1340
7504 2 5695
7705 1 4973
7968 1 692
8072 1 5760
8093 1 20088
8180 1 1237
8402 4 8226
8519 1 157
8577 1 2346
8611 1 869
8912 1 1802
9013 1 754
9124 1 950
9165 1 1394
9489 1 6134
9587 1 1796
10289 1 8941
10568 1 3196
10599 1 1369
10624 1 1876
10713 1 2253
10868 1 1224
10940 1 7910
11445 1 1070
11447 1 834
12223 1 6167
12230 1 2936
12337 1 444
12526 1 21005
12588 1 750
12698 4 3392
12725 1 1128
12764 1 1458
13226 1 4464
13513 1 803
13634 4 1029
13663 1 1344
13861 1 3305
13954 1 530
14278 1 1192
14311 1 1550
14337 1 2253
14624 1 1719
14649 1 3074
14778 1 1208
14890 1 1376
15273 1 1030
15672 1 1879
15760 1 2135
15850 1 860
15860 1 3929
16043 1 726
16119 1 1598
16227 1 2985
16231 1 2052
16341 1 9421
16440 1 1049
16482 2 1003
16760 1 627
16789 1 877
16864 1 2089
17114 1 6140
17242 1 2797
17298 1 777
17353 1 1336
17510 1 13439
17555 2 14925
17604 3 615
17639 1 959
17670 1 5050
17768 1 1274
17769 1 1270
17770 1 1270
17771 1 1274
17772 1 1266
17773 1 1267
17774 1 1267
18087 1 2509
18164 1 1451
18394 1 1853
18396 3 12783
18454 1 152
18513 8 1596
18516 1 892
18522 1 1484
18640 1 464
18824 1 3146
18909 1 300
19007 1 1081
19076 1 2622
19105 1 1245
19131 1 3297
19153 1 3019
19165 1 1782
19562 1 7991
19993 2 664
20003 1 2457
20057 2 5239
20680 1 2816
20706 7 8010
20707 1 35797
20711 2 6388
20722 22 1712
20780 1 1126
20856 2 1576
20903 1 2764
20997 1 6199
21083 1 2413
21116 1 824
21500 1 4276
21507 1 7373
21527 2 6412
21599 1 2186
21644 1 11884
21767 1 6211
21806 1 474
21811 1 724
21943 1 2866
22087 1 1367
22477 1 2074
22482 1 354
22572 1 1369
22639 1 3403
22898 1 269
22908 1 2390
23442 1 1311
23496 1 1509
24093 1 4836
24156 1 1837
24157 1 10311
24235 1 1229
24389 1 1096
24440 1 1452
24593 2 1736
24736 1 818
24769 2 162
24828 1 1036
25023 1 915
25183 1 551
25234 2 4341
25242 2 2763
25421 1 1140
25459 1 1129
25686 1 583
25690 1 635
25718 1 3888
25804 1 2275
25891 1 2054
26110 2 277
26199 1 229
26228 2 768
26263 1 928
26305 1 1140
26532 1 1485
26695 1 918
26727 1 4405
26771 1 1094
26986 1 1174
27036 1 6909
27163 1 1060
27398 1 507
27781 1 1006
28105 1 3202
28782 1 1807
28819 1 1350
28979 9 821
29058 1 1399
29601 1 707
29722 1 9450
29825 1 3891
29847 1 728
29910 1 5908
29998 1 854
30303 1 5165
30433 3 4735
30639 1 8117
30731 1 580
30754 1 1367
30757 1 1418
30846 1 2865
31045 2 24677
31123 1 2317
31267 1 7536
31380 1 1553
31461 1 4365
31560 1 2403
31821 1 4061
32219 2 908
32226 1 3217
32294 1 3074
32913 1 774
32929 1 161
32972 1 11367
33151 1 2303
33304 1 1326
33319 1 2701
33620 1 971
33765 5 4124
34066 1 1148
34298 1 6813
34494 1 1658
34957 1 667
34993 1 853
35182 1 13213
35287 1 242
35334 1 4418
35371 1 1620
35532 1 4534
35559 2 2826
35714 1 1619
35715 1 256
35771 1 5813
35828 2 5244
35895 1 1498
35907 1 499
36036 1 746
36100 1 3371
36266 1 678
36289 1 1392
36336 2 5447
36590 1 5680
36605 1 1696
36828 1 1444
36944 2 1225
36945 4 21910
37139 1 1195
37164 2 3578
37308 1 1081
37324 1 5244
37329 1 431
37579 1 4434
37727 2 606
37881 1 1592
37928 2 3618
38135 1 2718
38562 1 519
38611 33 5792
38815 1 1731
38843 1 1325
38887 1 1530
38944 2 3052
39241 1 7079
39243 1 1097
39613 2 900
39923 1 964
39934 1 1007
39985 1 3132
40043 1 1164
40201 1 1226
40237 1 1541
40317 2 2400
40397 2 1801
40541 1 4650
40685 1 2772
40686 1 2486
40944 1 5673
41187 1 1739
41875 1 668
42114 2 5169
42165 6 1084
42183 1 1446
42378 1 623
42379 1 684
42541 1 901
42560 1 1179
42752 1 1192
43433 1 562
43506 1 1014
43680 1 1915
43793 1 360
43812 1 1091
44248 1 1952
44258 1 2515
44370 1 4236
44758 1 2521
44798 1 969
45247 1 1519
46388 1 81863
46552 1 9921
46659 1 1042
46699 1 1461
46818 1 972
46909 1 2578
46917 2 887
47140 1 743
47151 1 5857
47282 5 766
47399 1 1079
47412 1 190
47482 1 1551
47536 1 2114
47614 1 645
47709 1 862
47863 1 1267
48046 1 1325
48222 1 3062
48835 1 872
48865 1 246
48969 1 542
49035 1 1353
49151 1 1897
49173 1 10707
49306 1 527
49313 2 393
49334 1 434
49348 1 2857
49354 1 2334
49362 1 699
49687 1 604
49734 1 2337
49843 1 728
50143 2 8454
50317 2 2395
50383 4 995
50766 1 1255
50862 1 880
50877 1 1428
50888 1 2791
50913 1 1817
51011 1 1216
51058 1 3191
51494 1 905
51700 1 972
51958 1 1244
51993 1 12689
52049 1 3857
52109 1 3805
52163 1 531
52261 1 3083
52266 1 5261
52301 1 8406
52320 10 2961
52334 1 1231
52482 1 479
52500 1 3237
52803 1 1669
52988 2 24350
53130 1 979
53158 1 9225
53479 1 1784
53543 1 2493
53682 1 1860
53691 3 1391
53727 2 623
53766 1 1364
53772 1 1100
53782 2 1204
54094 2 3257
54134 1 2948
54210 1 838
55008 1 470
55047 1 527
55082 1 985
55430 1 693
55456 1 2236
55500 1 1640
55550 1 2151
55929 1 241
56396 1 1024
56416 1 803
56941 6 721
56961 2 7535
56973 1 1260
57247 1 437
57306 1 1072
57315 1 966
57401 1 1176
57651 1 6526
58365 1 1275
58870 1 660
59186 1 819
59429 1 1054
59430 1 3685
59488 2 1183
59500 1 671
59513 1 940
59563 1 2110
59617 1 1334
59637 1 2484
59670 1 1595
59690 1 2297
59691 2 2592
59975 1 1343
60072 1 1182
60173 1 2847
60200 1 1255
60311 1 2325
60312 1 2041
60521 2 969
60662 1 6202
61054 1 1507
61055 1 1513
61335 1 1245
61381 1 1011
61403 1 1969
61404 2 2003
61405 1 1936
61406 1 1881
61407 1 2034
61408 1 2023
61609 1 1119
62004 5 2886
62152 2 2461
62272 1 1274
62417 2 11638
62436 1 781
62690 1 1289
62785 1 1476
62824 9 4199
62958 1 1187
63115 1 1113
63184 1 2633
63314 1 596
63325 1 587
63747 1 1196
63842 1 2243
64052 1 2458
64053 1 2458
64098 1 1021
64995 1 1355
65071 1 1082
65130 1 3523
65271 1 2676
65425 1 2453
65592 1 687
65594 1 1539
65792 1 886
65899 1 3335
65979 1 4694
65980 1 4583
65999 1 7992
66109 1 1364
66138 1 16
66380 1 9761
66426 1 673
66664 1 2151
66720 1 1705
66751 2 11896
66768 1 1929
66981 1 925
67548 1 2750
67932 2 1483
68080 1 702
68210 1 1864
68308 1 589
68330 1 8380
68394 1 2458
68395 1 2458
68691 1 2365
68751 1 1427
68789 1 1320
68845 2 750
68973 1 1401
69364 2 1155
69372 1 1567
69383 1 995
69917 1 3612
70050 2 1597
70207 5 10208
70931 1 1021
70989 1 845
70990 1 1168
71013 1 1564
71078 1 9605
71137 1 9411
71302 1 1687
71558 4 868
71644 1 695
71677 1 564
71684 1 281
71731 1 4830
71790 2 2312
72057 1 794
72060 1 791
72061 1 833
72185 2 710
72262 1 186
72263 1 563
72264 1 412
72265 1 709
72266 1 916
72267 1 1016
72268 1 1256
72269 2 1104
72282 1 2243
72314 1 1495
72315 1 1434
72402 1 1487
72412 1 14176
72437 1 8964
72564 1 454
72602 1 12545
72650 1 6445
72765 1 2690
72858 2 1852
72883 1 1574
73095 1 3401
73109 1 1129
73237 1 337
73520 1 1589
73657 1 1439
73945 1 10857
74119 1 11686
74120 1 2512
74286 1 1225
74449 1 1802
74775 1 2772
74812 1 4167
74921 3 1077
74922 3 859
74924 1 1448
75499 1 808
75931 1 1439
76136 1 4953
76174 1 20998
76529 2 10440
76615 2 3913
76793 1 5567
76851 1 1663
76928 1 704
77014 1 779
77015 1 1847
77029 2 550
77193 1 778
77202 1 8001
77237 1 1988
77389 1 1117
77474 1 4717
77605 1 1191
78098 1 1138
