object object 7186 65215343 
3 2 931
36 1 307
132 1 13051
133 1 3237
142 4 5418
143 4 5521
144 4 5538
145 4 5371
147 1 3893
148 1 214
202 5 609
238 1 1183
248 1 5568
256 1 8243
352 1 2404
363 1 1011
375 2 10166
419 1 931
423 7 1981
424 5 2481
429 5 3151
455 29 3709
461 2 5431
466 1 1460
504 3 11283
527 1 978
531 2 645
541 1 2599
553 1 466
635 1 1049
721 3 1682
724 1 984
732 2 1059
748 1 1209
830 1 639
886 1 5811
888 1 3495
895 1 1608
897 1 1032
963 1 2981
974 1 638
985 1 628
992 1 3872
993 5 10702
1038 11 6757
1039 2 972
1072 5 2029
1080 3 1254
1096 42 3576
1104 1 4937
1179 1 1708
1185 4 15836
1195 1 693
1198 2 1535
1213 2 3659
1313 1 1940
1426 1 1867
1431 1 3318
1452 1 6140
1460 1 678
1473 9 1280
1486 3 680
1512 6 8417
1516 2 2384
1545 1 1438
1554 3 3023
1583 1 4414
1620 1 577
1634 3 30082
1635 11 22965
1670 9 1428
1674 1 1844
1737 5 4121
1764 1 1111
1767 2 13095
1813 2 1195
1821 1 2804
1826 2 1011
1830 1 1777
1852 1 2619
1855 1 2208
1892 10 11383
1896 2 2074
1898 1 3856
1900 1 649
1903 2 860
1918 1 890
1953 1 730
1969 1 450
2016 5 562
2039 1 637
2146 1 560
2159 1 1594
2160 1 2295
2191 1 1582
2226 1 1993
2227 1 1993
2228 1 1993
2235 1 1852
2291 1 797
2359 1 484
2385 1 601
2401 18 8256
2402 1 1731
2439 1 790
2441 6 7506
2493 1 1450
2562 3 2880
2571 1 712
2659 1 453
2714 3 1489
2738 1 651
2757 1 1573
2809 2 8131
2843 1 5588
2963 1 3763
2994 1 2004
3011 2 125
3046 1 1921
3081 2 635
3082 2 635
3083 2 630
3107 2 3008
3108 5 2991
3127 1 993
3132 1 2453
3133 1 4214
3150 1 553
3152 1 1444
3153 1 832
3202 2 6501
3214 1 1663
3249 10 10966
3304 1 1426
3324 1 1792
3373 1 667
3383 1 10722
3389 1 444
3391 8 1846
3394 1 1534
3410 2 11224
3431 1 665
3483 1 1094
3513 2 2385
3532 1 1830
3533 2 1907
3537 1 1641
3602 1 639
3641 20 918
3656 1 1437
3683 2 1562
3706 1 6639
3708 1 3154
3722 2 1159
3727 1 17097
3730 1 1241
3751 1 841
3790 6 5889
3838 2 1106
3845 5 663
3908 1 784
3917 1 918
3921 1 3235
3936 1 687
3937 1 2254
3938 4 1794
4000 2 6980
4002 1 882
4016 2 4260
4068 3 8611
4069 2 3379
4075 1 2561
4101 1 3929
4129 1 829
4196 2 6780
4205 2 1328
4211 1 6879
4229 1 1305
4249 1 2710
4298 1 7423
4326 1 852
4371 1 3866
4421 1 1667
4423 5 1170
4473 2 2419
4478 1 3007
4480 1 376
4520 2 1588
4550 3 3021
4668 4 929
4670 1 912
4694 1 512
4699 1 847
4708 1 767
4709 1 2954
4744 4 6884
4753 1 5716
4755 1 1016
4787 1 1159
4795 1 737
4813 2 220
4849 1 639
4864 1 3496
4906 1 8000
4907 1 8001
4908 1 8001
4912 2 7415
4913 1 1169
4915 1 4855
4916 1 4839
4917 1 4602
4921 1 1991
4922 1 1947
4926 1 693
4927 1 693
4928 1 693
4941 1 1955
4957 1 1766
4975 3 4050
5074 1 1241
5118 2 428
5142 1 1220
5171 2 897
5172 2 897
5174 1 1596
5179 1 569
5247 1 6498
5254 7 916
5270 2 484
5396 1 6921
5428 1 704
5437 1 2435
5441 1 1058
5454 1 6641
5494 1 248
5573 1 603
5577 2 3747
5580 1 6581
5611 1 8061
5618 1 1234
5620 2 829
5623 1 788
5874 4 787
5894 1 4730
5911 1 1254
5938 1 5865
5981 2 661
5982 2 1168
5983 2 798
5984 2 638
6011 2 3214
6014 6 3067
6015 3 3323
6035 7 285
6154 5 390
6182 1 6597
6305 2 2963
6316 4 3790
6323 1 1322
6324 1 1468
6527 1 1415
6533 1 1057
6556 1 1029
6559 1 1745
6644 1 1635
6740 2 566
6743 1 532
6751 1 1332
6830 1 822
6831 6 416
6922 1 1455
6935 5 510
6955 2 218
6956 2 246
6957 2 219
6962 4 427
6974 11 1220
6977 2 2764
6986 1 567
7007 1 1244
7046 7 497
7091 2 869
7142 1 575
7159 1 3906
7231 1 457
7236 2 1589
7265 1 36
7504 1 5695
7528 1 987
7538 1 1221
7544 1 995
7555 1 598
7566 2 1212
7570 1 9650
7573 1 4835
7580 1 9484
7612 4 623
7691 16 8794
7772 2 1666
7773 5 7884
7775 1 3220
7776 1 1456
7786 6 2135
8011 1 556
8035 3 511
8060 1 1283
8089 1 20930
8093 4 20088
8106 1 4128
8109 1 2224
8114 1 3627
8150 1 1408
8152 1 6009
8167 1 1117
8169 2 1622
8188 1 1754
8193 4 1008
8203 2 3715
8204 1 4600
8221 1 764
8229 1 473
8284 2 3146
8293 1 3686
8297 1 12133
8304 1 777
8313 2 3754
8336 1 1754
8376 1 2007
8394 1 1250
8409 1 3217
8431 1 227
8432 1 724
8463 7 2137
8473 4 803
8540 2 1253
8555 10 1695
8559 1 4026
8571 1 2786
8579 18 8222
8624 1 58
8650 7 9126
8705 1 292
8726 1 1607
8759 1 2291
8812 1 887
8817 1 1005
8822 1 569
8848 1 2976
8850 1 3830
8905 1 1110
8926 1 1609
8935 1 687
8956 1 155
8975 1 806
8992 4 2708
8993 2 2404
9057 1 1319
9094 1 614
9131 1 1076
9135 1 875
9173 5 6443
9206 5 3079
9277 1 1358
9279 1 1500
9280 1 1381
9282 1 1511
9283 1 1422
9351 1 1815
9352 1 989
9422 1 1172
9423 5 333
9433 1 600
9446 1 6689
9499 1 425
9568 1 885
9573 1 1012
9585 1 40
9609 1 1117
9628 10 7931
9636 1 761
9639 1 1016
9762 1 1626
9785 1 953
9795 4 6831
9796 6 6203
9799 1 3095
9801 1 3599
9825 7 2926
9913 1 1182
9939 2 1300
9984 1 842
10001 1 1020
10015 1 1217
10036 1 3455
10057 1 402
10105 2 8600
10110 1 1421
10130 1 997
10216 2 995
10231 3 9229
10237 1 420
10314 2 4681
10317 1 4163
10334 1 1084
10343 1 652
10346 1 1363
10356 1 1443
10370 1 702
10374 32 9128
10393 1 2415
10457 2 1648
10528 1 2643
10529 1 1603
10591 2 7784
10594 1 729
10601 1 2025
10606 3 504
10640 1 1072
10649 1 611
10653 1 3190
10656 6 3117
10665 1 3903
10731 1 2189
10749 10 2979
10808 1 6608
10847 1 160
10854 2 341
10940 1 7910
10949 12 4327
10954 1 2770
10981 4 639
11037 1 1092
11061 1 1473
11123 4 714
11127 1 1514
11128 1 788
11131 2 4066
11202 3 3466
11229 2 1795
11258 2 1346
11305 1 1551
11363 2 8263
11449 1 782
11482 2 770
11503 5 2514
11506 1 647
11569 8 6434
11571 1 941
11576 2 664
11582 1 763
11609 2 1245
11706 1 397
11857 1 1251
11966 1 751
12129 1 1202
12138 3 18363
12141 2 233
12154 4 434
12156 1 13898
12171 1 5724
12182 2 2585
12217 2 1165
12218 2 1075
12271 1 692
12286 1 2100
12344 1 2265
12358 1 1928
12359 1 1241
12389 3 4357
12390 1 3720
12412 2 1917
12416 12 1052
12417 33 3309
12418 12 1053
12429 2 988
12444 1 1257
12462 1 908
12622 2 2177
12625 1 647
12627 1 4932
12674 1 6435
12693 2 5024
12710 1 1223
12722 3 662
12737 1 669
12801 2 1360
12814 8 46677
12869 2 142
12885 2 6601
12931 1 1455
12956 1 1280
12969 1 462
13010 1 203
13021 1 1120
13046 2 1817
13052 1 1184
13058 6 11569
13061 1 2559
13066 1 1485
13089 1 1017
13157 1 3217
13161 1 779
13175 1 1506
13199 2 1429
13232 1 1271
13266 1 1854
13289 1 535
13382 1 1460
13393 1 3068
13407 3 3423
13420 1 1976
13434 1 4024
13440 1 1581
13486 1 7532
13522 1 971
13528 17 1196
13542 1 805
13566 2 649
13575 4 2070
13611 1 765
13617 1 2513
13649 2 1057
13690 1 1229
13706 1 1656
13711 5 4824
13825 7 1811
13880 1 1368
13897 1 1292
13912 6 6746
13985 3 11629
14053 1 1354
14080 17 51830
14124 1 621
14185 1 2424
14188 1 748
14189 1 716
14207 2 954
14212 2 12149
14233 1 1003
14234 1 1454
14235 1 1311
14263 4 1981
14264 4 2175
14265 6 2579
14332 1 892
14345 2 1515
14352 1 217
14368 1 1063
14422 64 5239
14442 1 583
14445 1 523
14488 2 599
14510 2 6161
14519 1 413
14622 1 1462
14641 1 897
14650 1 1209
14660 1 1279
14663 1 637
14684 1 553
14722 1 6567
14724 7 5113
14744 1 721
14755 1 2245
14758 2 1080
14798 1 1575
14800 1 746
14820 2 4854
14826 2 887
14830 2 8170
14831 2 8171
14832 2 8172
14834 1 2296
14835 1 2296
14837 1 1016
14838 1 1016
14839 1 1014
14878 1 3248
14887 5 5014
15006 1 923
15104 1 520
15108 1 1429
15129 2 1527
15266 1 538
15293 1 5587
15307 1 605
15310 1 3417
15458 2 890
15512 12 2017
15551 2 613
15552 2 604
15560 2 1729
15566 1 625
15571 5 3116
15575 5 3094
15586 3 3732
15607 1 1413
15608 1 1419
15662 1 2550
15675 2 849
15742 1 2329
15743 1 2329
15744 1 2328
15810 4 4391
15821 2 1007
15849 1 1972
15904 1 2397
15913 1 317
15937 2 2165
16008 1 6422
16022 1 1155
16041 1 483
16054 1 830
16182 1 711
16183 2 2917
16190 1 721
16193 2 1084
16201 1 3976
16216 1 836
16235 2 4462
16238 2 11763
16245 2 910
16249 2 583
16260 1 4783
16320 1 1958
16322 1 2378
16368 3 4019
16410 1 195
16411 2 732
16419 2 464
16433 1 2178
16459 1 2465
16463 1 1739
16468 1 968
16499 1 1594
16556 1 1491
16563 1 1207
16571 1 215
16591 1 6896
16668 3 260
16728 2 752
16748 2 3753
16828 1 70
16836 1 4094
16843 3 15992
16849 1 6516
16899 1 1633
16903 1 546
16925 1 1943
16942 2 12267
16967 4 1212
16984 1 5305
16996 1 1017
17013 2 9772
17019 1 1349
17025 1 2138
17027 4 6203
17065 1 907
17078 1 783
17113 1 4319
17121 1 6700
17122 6 9203
17143 3 2987
17187 1 1065
17189 4 5992
17218 1 1541
17242 1 2797
17253 2 903
17295 11 3426
17330 1 984
17347 1 588
17378 1 3128
17381 1 1012
17385 1 3998
17399 1 844
17426 1 7075
17439 1 1217
17505 1 5120
17510 4 13439
17521 2 3039
17586 2 322
17589 5 12110
17590 1 6514
17599 1 4342
17602 1 1268
17644 1 1115
17653 1 5954
17655 2 1980
17668 1 1358
17670 2 5050
17671 1 3280
17716 1 2066
17726 3 156
17730 1 4474
17758 14 28986
17762 1 700
17767 18 10423
17793 1 2999
17796 1 673
17818 1 4410
17851 1 963
17867 3 566
17868 1 521
17869 1 7948
17953 56 4826
17957 1 349
17980 1 329
18004 1 5488
18010 2 776
18011 2 552
18012 2 573
18013 2 706
18032 3 3246
18034 5 3151
18038 3 3203
18079 7 834
18083 1 608
18086 1 385
18092 1 1678
18102 1 1712
18155 1 339
18158 1 1200
18263 1 2623
18275 2 895
18281 2 953
18317 2 2463
18326 3 6203
18360 1 1158
18375 2 2129
18395 1 6885
18435 1 1115
18447 1 397
18644 1 2789
18652 1 2264
18653 1 4815
18654 1 15696
18655 1 837
18656 1 1667
18657 1 2740
18658 1 1985
18659 1 1736
18698 1 1306
18699 7 668
18739 1 3057
18740 1 2994
18741 1 3106
18742 1 2981
18779 1 2121
18799 1 2303
18814 1 1715
18867 1 948
18889 2 746
18891 2 395
18905 72 3741
18906 72 3883
18907 72 3535
18924 33 3309
18929 1 1995
18965 2 20789
18966 1 7427
18967 2 13159
18968 5 2667
18971 1 621
18979 2 1480
18991 1 1328
19045 3 3919
19064 2 843
19075 1 1178
19079 1 16454
19086 1 2849
19111 1 4980
19237 2 1885
19313 1 987
19383 1 3259
19384 1 5576
19404 1 1932
19545 2 9624
19558 1 5943
19561 2 5606
19576 1 767
19600 2 3753
19625 1 1321
19631 2 2285
19634 1 723
19647 1 3406
19656 2 5073
19664 1 4781
19674 2 2879
19681 1 10198
19694 1 737
19708 1 613
19714 1 495
19818 1 4232
19843 1 516
19894 1 2667
19899 2 6214
19970 1 1209
19981 1 1015
19985 1 8977
19999 1 1543
20000 1 2428
20030 5 4962
20057 3 5239
20165 1 957
20200 2 30304
20212 1 588
20295 1 809
20296 3 223
20395 1 651
20397 2 3730
20422 1 12210
20580 1 1866
20586 1 1928
20588 1 1915
20590 1 1876
20591 1 1911
20593 1 1768
20595 1 1894
20602 1 1884
20617 1 1245
20622 1 1417
20653 1 6960
20654 3 1589
20677 2 8655
20678 1 4807
20679 1 6821
20680 1 2816
20681 1 935
20682 2 5585
20683 3 2155
20684 2 12924
20707 9 35797
20708 2 24696
20711 3 6388
20731 17 1365
20732 3 1193
20733 1 593
20735 6 1037
20736 6 840
20737 1 926
20773 2 261
20778 1 4580
20779 1 1150
20782 2 495
20785 1 3062
20799 1 406
20800 1 1099
20815 1 340
20816 3 1533
20830 2 2279
20831 1 5707
20904 5 4287
20906 1 1642
20908 3 1965
20937 3 3666
20938 1 3851
20966 1 678
20981 1 4198
20983 1 1210
20997 4 6199
21007 1 373
21031 1 191
21046 5 10160
21059 1 2178
21081 1 1093
21097 1 1144
21133 1 986
21223 3 793
21266 1 4449
21293 1 878
21318 1 7108
21321 1 7104
21336 2 4593
21339 1 4745
21345 3 2751
21359 15 13839
21391 1 4613
21405 1 580
21492 1 1466
21527 1 6412
21542 36 37742
21559 1 1049
21628 1 1456
21632 1 2786
21638 3 357
21644 2 11884
21648 1 6487
21660 1 862
21662 1 3618
21686 1 221
21698 1 2267
21756 1 2820
21767 3 6211
21807 2 1202
21809 1 1129
21852 1 6758
21950 4 1511
21970 1 683
21983 17 8628
21993 3 2572
21998 1 2024
22017 1 2683
22032 2 4462
22079 5 5115
22112 1 1097
22114 1 337
22180 1 641
22181 1 653
22206 1 2514
22219 1 1236
22472 1 684
22501 2 554
22502 2 644
22528 1 3156
22535 1 1608
22562 1 1380
22566 1 1385
22567 1 1443
22575 1 1360
22591 1 2289
22598 1 1298
22639 2 3403
22877 1 1527
22887 2 4212
22908 1 2390
22941 2 11549
22970 1 477
23003 1 912
23015 1 1253
23149 3 916
23363 2 3369
23364 1 2776
23372 4 154
23383 2 250
23384 2 217
23394 4 417
23404 1 488
23467 1 654
23468 1 1323
23489 3 7818
23554 1 475
23671 3 7612
23908 1 854
23975 3 311
24096 1 3824
24097 1 3411
24110 2 207
24119 1 14616
24127 2 1281
24177 1 1040
24222 1 3333
24239 1 737
24362 1 279
24471 1 518
24481 1 625
24509 1 628
24541 1 5645
24566 1 3241
24585 1 1914
24594 1 1258
24603 23 14723
24616 1 6643
24618 1 1160
24668 1 6702
24669 1 2087
24677 1 587
24695 1 871
24722 5 1133
24726 1 1085
24812 12 1148
24828 1 1036
24848 1 1701
24861 2 4547
24882 2 8171
24883 2 8171
24886 2 7415
24887 2 7415
24888 2 7415
24889 1 1170
24890 1 1170
24891 1 1170
24892 1 2296
24893 1 2290
24894 1 1016
24895 1 1016
24896 1 4879
24897 1 4588
24898 1 4667
25042 1 783
25043 1 1300
25046 2 816
25069 1 1507
25096 2 734
25129 1 990
25243 1 3615
25262 4 5430
25267 1 2724
25274 1 416
25275 2 2035
25411 1 2077
25461 2 602
25462 2 557
25473 4 373
25475 1 3015
25477 3 3314
25487 1 2868
25504 1 1376
25546 1 3100
25555 3 3167
25562 1 3195
25658 1 744
25667 1 1110
25700 2 709
25761 1 198
25777 1 2790
25964 1 4294
26059 1 1273
26064 2 213
26065 2 209
26066 2 216
26078 1 996
26095 2 5070
26115 2 1073
26163 1 8177
26235 1 3242
26245 1 884
26294 1 1451
26343 1 4639
26381 1 1479
26388 1 3682
26411 1 2625
26422 12 945
26436 1 1206
26462 2 951
26498 19 32423
26546 1 1029
26584 1 1355
26602 2 528
26624 1 1595
26631 17 8025
26673 1 1184
26675 4 1056
26687 1 624
26688 4 4422
26727 1 4405
26757 1 513
26803 1 810
26805 1 1467
26833 1 804
26875 1 1875
26902 1 211
27142 2 216
27143 2 224
27162 1 1964
27166 1 379
27183 2 1174
27184 3 1075
27185 3 1073
27196 1 1661
27220 1 1005
27272 1 1722
27291 2 3912
27302 1 536
27309 1 2591
27391 1 4345
27392 1 4376
27423 1 1599
27475 3 5550
27506 1 2292
27535 1 1646
27543 1 882
27573 1 556
27586 1 2066
27601 3 1888
27603 1 1299
27653 1 348
27727 1 2086
27747 1 1674
27748 1 1234
27821 1 981
27830 3 5835
27851 3 5844
27853 1 3446
27854 1 916
27862 3 8511
27883 5 4980
27925 1 2804
27973 1 1504
27992 1 1645
27993 1 1601
28001 2 886
28077 1 1097
28079 2 1167
28105 1 3202
28117 1 2403
28123 2 7111
28214 1 488
28219 4 5367
28233 1 703
28261 1 11790
28296 2 3859
28312 1 795
28446 1 9326
28455 1 665
28457 3 5857
28458 3 5864
28466 2 10312
28467 3 8583
28468 3 8583
28469 3 8615
28477 1 3627
28480 2 1670
28491 12 4917
28666 2 880
28683 1 1939
28705 1 367
28752 3 334
28794 4 931
28799 1 4713
28822 1 2051
28988 1 821
29044 11 22965
29057 5 644
29066 1 1322
29097 1 437
29099 1 801
29110 1 675
29119 1 1828
29144 1 2485
29283 1 1840
29385 2 3769
29387 30 2788
29396 2 8576
29404 1 644
29466 2 545
29467 2 618
29481 1 1307
29547 2 1675
29582 2 507
29638 1 812
29648 1 8110
29652 1 1619
29687 4 2532
29688 4 2530
29693 4 1825
29790 1 1023
29817 1 2179
29856 1 1766
29859 1 850
29860 1 653
29889 1 594
29987 1 1548
29989 1 168
30006 1 597
30057 1 1443
30058 1 1382
30073 1 2480
30088 1 2391
30143 1 1666
30144 1 1037
30145 1 1077
30180 1 993
30204 1 829
30264 2 238
30265 2 286
30271 4 415
30302 1 510
30307 9 3452
30314 2 1766
30326 1 1005
30380 1 1089
30392 1 188
30555 1 4027
30558 1 505
30591 1 1307
30637 1 1514
30642 1 3081
30643 2 1318
30646 1 3639
30765 1 1987
30773 1 1925
30810 1 1740
30842 5 2081
30843 1 4224
30859 2 796
30860 4 451
30867 1 1554
30874 1 578
30952 1 3956
30953 1 4469
30964 2 1304
30967 1 828
31010 1 775
31051 1 1618
31058 1 3446
31094 2 7803
31195 2 797
31234 1 2296
31235 1 1666
31236 1 1725
31237 1 2292
31241 1 487
31257 1 1242
31264 1 1761
31289 1 1482
31303 2 564
31304 2 553
31305 2 613
31308 1 1198
31328 1 3214
31337 1 5832
31347 1 1893
31357 1 1173
31381 1 766
31399 1 1760
31417 1 1164
31431 4 574
31432 4 574
31452 1 419
31461 6 4365
31499 1 978
31516 1 1397
31544 1 2626
31603 1 986
31604 1 966
31612 1 724
31717 1 6445
31743 1 709
31783 2 793
31839 1 844
31930 1 4739
32177 1 1654
32181 1 2305
32184 1 2319
32187 1 2315
32200 1 968
32226 1 3217
32255 2 550
32256 2 541
32257 2 557
32290 5 3009
32292 3 3278
32294 5 3074
32301 5 3186
32302 1 3115
32329 2 5073
32343 1 868
32348 1 1430
32353 1 1385
32354 1 1471
32355 1 1418
32357 1 1452
32374 1 3413
32376 1 3793
32377 2 1401
32388 1 24490
32400 1 1264
32401 4 574
32402 4 574
32409 1 897
32469 1 1242
32484 2 502
32491 1 6991
32564 1 1067
32573 1 734
32640 1 714
32644 1 1032
32654 1 45225
32656 1 864
32701 2 249
32708 2 669
32711 1 4218
32733 1 964
32960 2 1227
32972 3 11367
32980 3 530
33014 1 254
33066 1 169
33069 2 3021
33086 1 719
33098 2 217
33099 2 218
33100 2 207
33101 2 214
33102 2 240
33103 2 225
33122 1 1115
33133 1 1216
33143 1 2059
33162 2 1081
33177 4 5478
33219 1 1021
33236 1 1830
33251 1 2034
33258 1 338
33264 1 1136
33286 11 1992
33294 1 1429
33310 1 9499
33363 1 678
33371 1 370
33403 2 5506
33494 1 11341
33522 1 869
33569 1 1975
33586 1 2998
33590 1 3769
33609 4 420
33622 1 1668
33626 1 991
33650 1 817
33666 4 5443
33667 4 5472
33668 1 1612
33686 1 2000
33723 5 1305
33804 4 6411
33819 5 4941
33831 1 6374
33879 2 396
33910 1 1095
33981 1 925
34029 2 3971
34039 11 23394
34052 5 11789
34098 1 432
34118 2 2699
34142 1 303
34150 1 1435
34172 1 582
34197 1 2057
34229 1 819
34268 1 3482
34281 1 5326
34303 2 4581
34342 1 5941
34347 1 1729
34372 1 3359
34381 1 753
34386 1 337
34392 1 3063
34442 1 1260
34526 1 2380
34563 2 2401
34573 1 2200
34583 5 4980
34661 10 22673
34675 1 1999
34698 1 1163
34752 1 1744
34757 1 1160
34785 1 558
34802 1 609
34808 3 1397
34827 3 1335
34881 1 2427
34901 2 18201
34902 2 514
34930 1 546
34931 1 655
34972 1 2699
35041 1 7162
35047 1 1718
35061 2 530
35069 1 3840
35221 1 474
35340 3 4545
35351 2 1416
35355 2 236
35401 6 397
35422 4 5435
35424 1 550
35427 2 12574
35428 2 12657
35468 2 959
35469 1 1178
35496 1 200
35524 1 2484
35529 1 1080
35532 1 4534
35548 1 1681
35645 2 3206
35861 2 10960
35863 1 1564
35887 1 4260
35893 1 1446
35970 4 1846
36013 1 2981
36046 1 967
36051 1 3640
36081 1 2438
36101 1 984
36146 1 548
36156 1 766
36294 1 3160
36337 1 364
36370 1 898
36371 1 1301
36389 1 6107
36390 1 6107
36392 1 6574
36393 1 6574
36394 1 5251
36395 1 5251
36396 1 5251
36397 2 8678
36398 2 8678
36433 1 940
36555 1 1255
36669 3 691
36706 2 236
36707 2 216
36732 1 18263
36757 2 2134
36763 1 821
36764 2 1191
36775 4 4563
36780 4 5418
36797 1 6365
36852 7 2431
36882 1 6259
36893 1 726
36911 1 643
36932 3 1538
36945 72 21910
36977 1 186
37000 2 1244
37005 1 1134
37028 2 1017
37039 18 1824
37049 1 872
37057 2 5130
37070 1 2552
37164 2 3578
37175 1 1376
37193 1 4630
37205 1 2953
37310 1 7113
37321 1 1056
37325 2 5474
37327 1 1007
37343 1 852
37400 1 1054
37419 6 13883
37423 12 13622
37425 1 4184
37436 2 9722
37501 1 4449
37523 1 1077
37584 1 1233
37616 2 8646
37653 2 1054
37692 1 1697
37712 1 8990
37723 2 2373
37734 1 3488
37740 1 643
37747 5 4991
37887 1 1454
37889 4 4249
37911 18 8246
37918 1 993
37932 1 17484
37961 1 2110
38019 1 1935
38022 1 807
38059 1 1549
38109 1 1202
38223 230 12647
38257 2 551
38267 1 892
38356 1 1322
38411 1 2671
38443 1 1740
38462 1 709
38470 1 774
38484 1 1425
38492 2 694
38493 2 752
38512 1 1647
38523 1 597
38542 1 2357
38555 1 946
38564 1 4067
38578 1 870
38608 1 4302
38642 1 1372
38679 1 4243
38685 1 2596
38686 1 2997
38700 2 1259
38777 1 774
38797 1 1539
38812 2 2023
38855 1 5137
38875 1 1645
38907 4 4305
38916 1 6621
38954 1 2720
38999 1 4065
39002 1 1086
39012 2 1147
39065 1 606
39083 2 2721
39126 1 1601
39148 2 4610
39149 1 2101
39158 1 1513
39180 2 1551
39251 1 2258
39264 3 7187
39270 1 2484
39271 1 2225
39276 1 3501
39296 1 1741
39308 1 523
39309 1 533
39311 1 2070
39318 1 2523
39329 14 32477
39463 1 614
39585 2 1891
39614 1 841
39721 1 921
39940 1 1790
39947 2 220
39948 2 219
39961 4 418
39963 4 452
39979 1 1295
39980 6 1431
39981 6 637
39993 1 6188
40012 1 1560
40036 5 2425
40053 1 3632
40083 1 1444
40184 1 1340
40228 1 722
40298 5 1191
40320 3 7910
40389 1 1995
40400 1 2099
40414 1 3454
40538 2 14088
40540 1 815
40552 2 4962
40624 1 1840
40630 2 5684
40640 5 1436
40659 1 2127
40668 1 3116
40695 1 8337
40750 1 961
40763 2 3495
40764 1 793
40776 1 239
40817 1 2302
40848 4 630
40860 1 909
40891 1 1470
40898 1 2825
40899 1 5270
40984 1 635
40993 1 3833
41043 1 665
41069 1 600
41157 1 1073
41168 1 251
41172 1 1797
41227 2 496
41257 1 630
41264 2 707
41298 1 756
41434 2 1152
41530 11 673
41693 2 234
41717 2 596
41718 1 779
41730 6 1912
41747 2 754
41758 1 294
41837 1 1734
41838 1 718
41842 3 1367
41853 1 4530
41890 1 492
41940 1 2265
41942 3 2534
41949 1 1257
42049 1 2797
42135 1 5733
42182 6 2436
42183 1 1446
42247 2 799
42292 1 1752
42309 3 5367
42356 1 4608
42357 1 1544
42359 1 2478
42362 1 10503
42389 2 1357
42425 1 5948
42434 1 551
42435 1 1158
42450 2 647
42469 1 1089
42473 3 3755
42491 1 151
42558 2 1161
42635 1 1088
42648 1 4779
42679 1 6107
42680 1 6107
42760 1 876
42763 2 6680
42764 2 1569
42769 3 8334
42837 1 2818
42859 1 685
43021 1 983
43057 1 756
43086 1 1175
43109 1 2284
43133 1 733
43160 1 1940
43230 1 2504
43245 1 2907
43261 4 1175
43266 1 768
43278 2 600
43443 2 896
43444 2 2757
43466 1 53
43478 1 557
43492 1 1324
43494 1 355
43497 2 1986
43510 2 1103
43523 4 5434
43530 1 1721
43547 1 1029
43571 1 1045
43641 2 1904
43657 1 1637
43659 1 1360
43693 1 1197
43785 1 2976
43894 1 764
43895 1 1163
43908 1 1405
43921 2 9448
43935 1 3104
44050 1 4928
44081 2 4117
44090 1 1267
44108 1 887
44115 2 4306
44154 1 1236
44191 1 1020
44206 2 1686
44218 2 6003
44220 10 7927
44284 1 1674
44323 1 1224
44336 10 9286
44370 1 4236
44392 1 416
44395 2 1358
44407 1 1204
44452 1 1790
44475 1 1091
44479 1 5563
44506 1 1670
44520 2 3794
44590 1 3346
44784 10 267
44835 1 506
44850 2 570
44851 2 509
44864 1 526
44877 1 2904
44879 1 3172
44892 1 1152
44900 1 509
44901 1 798
44912 1 1423
44954 1 8549
44955 1 7733
44956 1 7041
44957 1 10010
44969 1 1060
45096 1 6217
45163 1 1509
45176 1 1533
45242 1 784
45254 1 467
45264 1 1437
45302 1 1230
45332 1 1739
45368 1 1076
45404 2 1086
45676 4 11251
45824 1 2571
45840 2 237
45849 1 756
45850 4 414
45892 2 1068
45962 1 935
45978 1 2264
46046 3 3634
46090 1 839
46135 3 1017
46143 1 550
46153 1 3988
46171 1 2235
46315 1 857
46317 1 286
46388 12 81863
46394 1 395
46413 1 747
46440 1 734
46482 1 1205
46492 1 1037
46505 3 6279
46512 1 4395
46551 7 8597
46564 1 1709
46589 2 1731
46612 1 2153
46624 10 3546
46632 1 1335
46639 1 4091
46647 1 1861
46670 3 1475
46678 2 1390
46698 1 1272
46726 1 1514
46784 1 2048
46843 4 614
46907 2 529
46938 18 8253
46939 5 2178
46954 1 5186
47007 2 834
47015 1 614
47151 3 5857
47160 1 4319
47182 1 563
47188 1 1061
47190 1 1899
47220 1 631
47258 1 2107
47270 1 2703
47371 2 650
47377 1 1217
47382 1 6307
47423 2 556
47424 2 670
47484 1 1343
47486 1 1332
47492 1 591
47512 1 1268
47547 1 1528
47558 1 862
47576 1 2029
47654 2 3047
47717 1 1207
47718 1 1045
47719 1 1086
47720 1 1789
47728 2 831
47979 1 4184
48022 2 541
48045 3 11481
48069 2 3129
48116 2 1532
48180 6 25164
48197 10 8238
48198 2 160
48217 1 6375
48219 1 1178
48220 1 1146
48286 1 3883
48290 2 2106
48295 1 603
48338 2 2760
48359 1 3631
48379 2 6270
48408 1 1213
48482 2 13125
48483 2 13114
48484 2 13248
48531 1 1863
48546 4 2386
48566 2 3055
48599 1 2082
48611 1 515
48689 1 4283
48724 1 713
48781 1 806
48782 2 1152
48813 1 1199
48845 2 309
48850 1 492
48868 3 950
48875 1 773
48876 1 220
48888 2 1840
48905 1 1954
48906 1 1435
48916 1 2862
48917 2 6627
48925 1 4731
48939 2 1135
48951 5 6065
48952 3 1906
48954 4 4360
48955 1 2415
48964 1 689
49017 1 1408
49021 1 2436
49029 1 3596
49037 2 3222
49043 1 1079
49053 2 516
49100 2 2086
49118 1 618
49130 2 2701
49152 1 937
49157 1 2034
49167 1 1024
49173 4 10707
49174 1 9273
49175 2 9938
49176 2 11069
49183 1 2240
49272 1 951
49281 1 1836
49286 1 2335
49343 1 1496
49348 1 2857
49350 1 2540
49354 1 2334
49367 2 2106
49388 1 721
49392 1 4953
49519 1 1422
49540 1 892
49560 1 856
49690 1 634
49728 2 1147
49767 1 371
49833 1 2286
49844 1 6972
49845 1 1113
49932 3 1098
49960 2 2195
49990 1 3509
50012 1 3608
50016 1 11583
50040 4 6696
50056 1 5845
50129 1 1730
50144 1 5084
50162 1 2022
50192 1 1934
50223 1 6104
50241 1 2798
50243 3 657
50277 1 1300
50285 2 4950
50289 2 1659
50325 3 1374
50339 2 1054
50370 3 2048
50431 1 1740
50435 1 2397
50445 1 2439
50465 1 382
50470 1 357
50472 2 597
50475 2 458
50485 2 3231
50491 1 915
50496 2 13128
50497 2 13268
50498 2 13445
50499 2 13093
50541 3 2524
50542 1 2306
50543 1 455
50584 3 781
50619 3 415
50620 4 2383
50766 1 1255
50793 1 220
50847 1 472
50852 5 3288
50906 1 1447
50916 1 4044
50919 1 1560
50936 2 3155
50966 3 8029
50972 19 1090
50973 1 569
50974 1 589
50975 1 604
50976 1 634
50988 1 1822
50989 1 3307
50990 1 2134
50991 1 851
50992 1 1320
50994 1 1421
51059 2 2082
51099 2 1212
51104 3 1340
51181 3 434
51210 1 873
51226 4 2481
51227 1 1328
51236 1 1936
51370 1 773
51371 1 1268
51372 1 789
51373 1 874
51516 1 4186
51545 17 10771
51688 2 4314
51702 4 686
51705 1 939
51706 1 989
51707 1 986
51708 1 994
51748 4 5468
51749 4 5454
51754 1 418
51764 2 2864
51802 1 5283
51821 1 939
51827 1 2148
51843 1 6718
51848 1 1167
51877 1 702
51881 2 4113
51899 1 12169
51919 4 507
51935 1 781
51959 1 886
51978 1 8282
51979 2 6703
51987 2 4909
51988 1 6522
52033 1 1709
52145 1 1011
52146 3 10691
52167 1 2979
52213 1 3751
52271 4 8131
52275 1 1430
52372 1 710
52406 4 4365
52412 1 766
52422 1 969
52440 3 6680
52489 2 868
52490 6 1314
52502 2 6875
52546 18 8264
52557 2 5509
52561 2 52057
52562 3 1279
52635 2 3805
52646 2 733
52675 1 719
52690 1 1737
52691 1 1724
52693 4 515
52720 5 2878
52929 1 920
52947 2 3634
52952 2 206
52953 2 238
52954 2 211
52955 2 231
52971 3 373
52981 1 842
53000 2 910
53028 1 674
53171 1 844
53217 1 2450
53253 2 488
53337 3 3782
53367 2 1856
53371 3 2205
53386 2 3714
53407 1 664
53424 1 5193
53430 1 48057
53442 3 8599
53493 7 8152
53504 1 1081
53515 2 1570
53538 1 2024
53596 1 1721
53624 1 512
53654 2 2802
53655 1 2405
53729 1 783
53770 1 1540
53789 1 777
53794 1 2430
53843 1 1483
53893 1 4170
53894 1 4154
53907 1 253
53914 1 1079
54134 6 2948
54189 1 436
54205 1 1188
54208 2 1198
54219 1 1337
54261 2 808
54308 4 5441
54326 1 3836
54350 1 8318
54375 1 5885
54457 2 1157
54489 1 878
54613 2 3856
54614 2 3684
54616 1 1314
54619 1 10647
54640 1 1444
54648 1 500
54886 1 649
54926 1 898
54929 1 794
54945 1 2058
54966 1 6126
54974 1 1777
54984 6 342
54993 1 349
54998 1 1411
55037 2 625
55065 1 3081
55067 3 3184
55072 3 3317
55111 1 1486
55113 2 1550
55126 1 3321
55164 1 1267
55309 1 835
55311 2 738
55312 1 747
55314 1 473
55323 3 648
55412 1 574
55443 2 1365
55480 1 788
55496 16 5278
55497 1 4177
55498 1 5155
55500 1 1640
55512 1 695
55610 1 1063
55614 2 5399
55628 1 2339
55906 1 1419
56084 1 103
56194 1 1968
56215 2 1081
56252 1 1993
56253 1 1993
56278 1 964
56295 1 1017
56423 1 1323
56471 43 13098
56480 1 1143
56487 1 3333
56489 8 5171
56503 1 5900
56505 1 5118
56522 1 3726
56549 2 1195
56553 1 7598
56630 1 3641
56664 1 329
56687 12 2943
56692 1 1282
56699 1 1181
56703 1 2682
56737 3 1156
56742 1 1393
56784 1 585
56789 2 743
56801 4 5727
56819 1 278
56821 1 6607
56847 5 1961
56925 1 35
56955 2 3738
56959 1 893
56961 1 7535
57024 1 5130
57040 1 3492
57162 3 2315
57238 1 2018
57259 2 532
57278 1 1092
57288 1 2261
57308 1 1002
57310 1 1102
57354 2 630
57361 2 876
57370 1 593
57371 2 1247
57372 1 2559
57384 3 3357
57434 1 1039
57439 1 1505
57441 2 2098
57491 1 1106
57494 15 3677
57511 2 2052
57530 1 2185
57537 1 924
57661 1 769
57769 2 3472
57790 1 415
57817 1 4120
57837 1 1247
57838 1 1853
57887 1 1483
57924 1 2167
57926 3 777
57950 2 10362
57951 2 10312
57952 3 8583
57953 3 8583
57955 1 4158
57956 1 4158
57972 6 1058
57997 4 4870
58129 1 650
58186 1 539
58213 7 518
58221 18 8233
58226 1 2030
58270 1 488
58275 1 355
58293 1 2164
58298 1 476
58408 2 4007
58501 1 916
58502 1 1134
58513 2 2130
58676 1 1205
58786 1 1487
58815 2 603
58816 2 564
58818 2 607
58841 5 2975
58842 3 3299
58892 2 1567
58893 1 1474
58894 1 1412
58936 1 1464
58937 1 738
58964 1 5289
58965 1 5140
58966 1 5767
58967 3 3481
59053 4 2530
59054 4 2531
59064 1 2318
59072 2 10092
59211 3 3035
59218 1 470
59227 4 4022
59228 1 571
59271 1 832
59347 2 9699
59348 1 10477
59397 1 3596
59464 2 1707
59469 1 4789
59474 1 3565
59510 1 1426
59523 3 1877
59567 2 1069
59580 1 1999
59641 1 4053
59655 1 1717
59656 1 489
59659 2 986
59662 1 14951
59665 1 1543
59666 1 1637
59717 9 4807
59818 1 534
59826 1 1508
59831 11 1069
59832 1 1496
59833 1 1248
59835 1 490
59874 2 4939
59898 3 4986
59915 1 726
59918 4 9598
59946 1 1687
60019 1 5237
60030 5 10533
60063 3 3984
60064 1 3872
60070 1 2663
60109 4 2379
60124 1 3277
60154 1 361
60200 1 1255
60216 2 1578
60224 1 8194
60239 1 1030
60241 1 709
60242 1 1441
60260 2 594
60342 2 1408
60357 1 615
60430 1 2173
60431 1 845
60451 2 2513
60476 1 1333
60487 1 1120
60505 1 2933
60517 2 389
60525 2 1252
60542 5 1829
60543 5 1510
60549 1 257
60584 1 685
60611 1 2420
60662 1 6202
60673 236 16517
60686 1 1454
60688 2 183
60697 2 1552
60725 2 596
60727 2 588
60728 2 580
60730 2 900
60735 3 3139
60736 3 3344
60741 2 3011
60804 2 1666
60829 1 3490
60936 2 5117
60982 1 1133
60991 1 2309
60993 2 804
60996 2 1503
61043 1 4069
61073 13 8875
61169 1 3257
61173 1 779
61176 1 884
61177 1 2363
61178 4 2893
61179 2 2633
61186 3 14302
61188 9 29700
61192 4 420
61234 5 1412
61249 1 1001
61258 1 3684
61269 1 8764
61355 2 828
61418 3 2160
61424 1 797
61442 2 2563
61511 4 2320
61540 3 1265
61547 2 853
61628 2 7244
61651 1 3956
61664 2 3204
61696 1 1162
61699 2 647
61717 4 765
61718 1 978
61724 1 1491
61771 19 11091
61796 29 12819
61804 1 677
61823 1 3825
61840 2 613
61841 1 176
61843 2 1277
61860 1 7381
61867 2 1527
61878 1 2819
61879 2 2166
61891 1 987
61900 1 2025
61917 5 5083
62020 1 508
62119 1 4116
62138 1 1745
62152 1 2461
62187 5 9768
62199 1 2963
62205 1 1826
62209 3 136
62229 7 7173
62237 2 918
62299 2 7136
62340 1 4587
62345 1 656
62359 1 1342
62377 1 984
62432 1 5539
62461 1 624
62464 1 719
62466 1 2353
62467 1 655
62471 1 843
62499 1 3759
62593 8 2061
62613 2 5274
62614 1 1315
62621 1 795
62626 1 917
62642 2 7441
62685 1 1321
62686 1 996
62708 2 571
62709 2 754
62710 2 597
62725 1 3245
62730 5 2960
62758 1 2293
62775 1 2968
62778 1 1898
62824 1 4199
62870 2 1017
62871 2 1931
62874 1 12417
62889 1 347
62917 1 1002
62920 1 429
62929 1 5384
62957 2 1820
62963 1 1028
62988 1 1646
63054 1 1936
63141 1 569
63146 2 1124
63167 1 3539
63168 1 2328
63210 1 456
63221 1 1689
63263 1 3119
63271 1 1472
63288 1 419
63299 1 621
63309 1 4077
63372 1 1597
63412 1 2324
63505 1 959
63555 1 7057
63565 1 3099
63590 2 1793
63617 2 2218
63629 2 854
63648 3 7209
63663 2 1347
63688 1 897
63691 1 2596
63701 5 2880
63728 1 1379
63759 2 1024
63767 2 938
63788 1 3142
63834 1 3002
63851 1 1757
63858 1 776
63885 2 516
63902 4 911
63954 1 741
64020 2 1412
64046 1 807
64050 4 3580
64051 4 3589
64085 1 1615
64296 5 1405
64302 1 2600
64363 9 894
64382 1 392
64400 2 837
64407 6 1172
64425 1 458
64516 1 239
64517 1 871
64521 4 5475
64523 11 544
64526 3 728
64529 1 3125
64574 5 658
64604 1 540
64645 1 275
64666 2 1098
64681 1 3466
64848 1 1187
64905 1 505
64910 1 506
64977 2 564
64978 2 549
64979 2 669
64995 1 1355
65007 2 3159
65009 3 3343
65041 1 1469
65046 1 1430
65050 1 1333
65051 1 1455
65111 1 1059
65257 2 1601
65457 1 1115
65516 1 1590
65589 1 1568
65596 4 1788
65612 4 930
65616 1 933
65623 1 510
65628 1 605
65686 2 1470
65790 1 5117
65792 1 886
65807 1 1381
65853 2 569
65854 2 641
65855 2 630
65856 2 570
65857 2 630
65872 3 5814
65885 3 3324
65886 5 3075
65904 1 1952
65935 1 556
65938 1 1482
65944 1 4400
66001 1 1533
66003 1 1673
66061 1 1219
66092 1 4332
66093 1 1350
66130 5 1341
66154 1 1614
66184 1 373
66263 2 275
66276 4 857
66278 1 2126
66302 1 372
66405 2 1623
66424 1 726
66467 1 897
66478 1 1388
66497 1 2312
66542 2 1829
66568 4 1368
66581 1 952
66583 1 1396
66610 1 1775
66615 1 2064
66634 1 522
66640 1 1008
66739 1 1244
66760 1 1083
66769 2 1150
66785 3 509
66801 1 3195
66819 1 6321
66867 2 2736
66871 1 1139
66947 9 18231
66963 1 1157
66965 1 1054
66980 1 1011
66985 1 401
66992 2 1910
67047 1 2295
67073 1 693
67096 1 890
67104 1 1228
67144 1 987
67189 1 1207
67195 1 6824
67265 2 2055
67266 1 4007
67273 5 1989
67355 1 6043
67356 1 2111
67357 1 2331
67408 18 5567
67409 3 5448
67410 3 7180
67450 1 1510
67452 1 3036
67454 1 5854
67486 2 938
67514 1 1549
67532 1 1159
67541 1 1378
67547 1 1341
67619 8 2054
67701 33 3309
67704 1 989
67706 1 1416
67715 1 774
67722 1 1758
67751 2 259
67771 1 836
67784 1 2572
67790 1 3052
67806 1 1454
67871 1 1809
67902 1 1015
67909 1 284
67934 1 1831
67961 1 228
67991 1 2957
67996 1 1441
68006 1 982
68046 2 3345
68077 1 933
68113 56 4826
68118 1 3343
68120 1 7511
68122 1 2437
68129 2 1472
68132 3 2295
68139 1 598
68141 1 1527
68169 3 626
68190 4 1318
68262 1 891
68330 2 8380
68344 1 6836
68369 1 11195
68376 3 1833
68378 2 1880
68392 1 6574
68393 4 3580
68420 3 2517
68440 1 2081
68681 2 4179
68684 2 991
68696 18 8254
68740 1 887
68765 1 6394
68766 2 5324
68784 3 1803
68859 2 989
68902 1 773
68956 1 2895
68980 1 193
69005 2 668
69007 1 727
69014 2 806
69056 3 2064
69092 1 475
69335 1 503
69336 1 491
69337 1 509
69338 1 539
69401 2 573
69402 2 595
69428 1 1154
69433 5 2935
69434 3 3213
69435 3 3178
69447 1 485
69456 2 1329
69476 1 1519
69509 1 5379
69517 11 530
69528 1 1563
69536 1 1166
69710 1 5755
69714 2 2593
69716 3 7169
69842 1 886
69896 1 35
69912 1 863
69963 2 367
69969 1 676
69998 1 964
70002 2 283
70050 1 1597
70054 1 1487
70223 1 2061
70240 4 153
70254 2 223
70255 2 214
70263 13 7023
70264 1 2207
70267 4 434
70280 34 1090
70281 5 829
70292 1 2365
70311 1 2716
70323 2 1142
70448 1 2617
70470 1 551
70481 1 2683
70483 2 2371
70495 1 162
70571 1 412
70591 3 4584
70595 1 2506
70615 1 2303
70616 1 860
70855 1 5396
70929 1 6834
70937 1 1008
70958 1 1036
70991 1 2170
71013 3 1564
71019 1 763
71024 1 1463
71043 1 4249
71086 1 676
71101 1 852
71102 2 1497
71181 1 1143
71193 1 333
71242 19 11150
71245 1 982
71261 2 1189
71265 1 654
71306 2 1543
71354 1 687
71507 1 1967
71525 1 1462
71528 1 1242
71579 5 337
71586 18 8248
71593 1 827
71683 2 1891
71706 1 5275
71719 1 940
71731 11 4830
71757 1 2729
71762 1 1315
71797 1 2293
71805 1 1266
71836 1 5188
71883 3 600
71894 1 2159
71895 1 3069
71906 2 1299
71911 1 5060
71936 4 1197
71992 1 1328
72001 1 1171
72046 1 2501
72064 1 913
72065 3 9229
72066 1 7004
72067 6 9227
72068 1 8137
72069 4 940
72085 3 1025
72126 2 1190
72127 2 1060
72128 2 1111
72129 2 1048
72154 1 1793
72160 18 1983
72181 1 1962
72182 3 1358
72245 1 1330
72263 1 563
72264 1 412
72280 12 1053
72281 4 6411
72305 2 1854
72329 1 795
72346 2 779
72382 1 4049
72402 1 1487
72404 2 676
72410 1 4306
72411 1 3344
72417 3 173
72437 1 8964
72452 1 417
72513 1 4800
72517 1 1018
72518 1 1027
72519 1 1167
72520 4 856
72578 1 1935
72618 1 5500
72620 1 1465
72622 1 527
72626 1 524
72627 1 678
72677 1 1203
72698 1 458
72704 1 1029
72715 1 2456
72831 5 6567
72844 2 1589
72845 3 2164
72858 1 1852
72879 2 7089
72899 3 20275
72906 1 2265
72908 1 810
72937 1 2290
72999 1 3301
73030 18 8248
73033 1 1060
73088 1 4779
73099 1 1820
73170 4 5445
73171 4 5544
73172 4 5440
73218 1 1865
73257 1 992
73381 2 770
73645 1 5683
73657 1 1439
73889 2 2079
73906 1 1424
73913 2 221
73919 1 53
73938 1 563
73945 1 10857
73981 2 1169
73992 1 3335
73996 1 7920
73997 1 10376
74000 4 5543
74016 1 3216
74018 2 1288
74028 2 648
74042 10 3503
74062 2 1079
74115 2 2664
74122 1 1513
74158 1 1846
74202 1 492
74203 1 11999
74275 2 1747
74356 2 1589
74401 1 1171
74416 1 1198
74421 1 974
74439 3 1488
74444 2 1117
74464 2 1669
74586 5 507
74591 1 3810
74605 5 6001
74622 1 882
74635 8 2160
74650 2 878
74655 1 858
74706 1 5592
74717 1 1115
74728 2 3896
74801 1 899
74812 4 4167
74877 3 3262
74887 1 7880
74905 1 493
75086 1 1583
75188 2 575
75202 5 3010
75208 1 3202
75210 3 3198
75245 1 1375
75251 1 865
75256 1 1760
75310 1 17
75332 1 726
75400 1 2330
75531 1 1582
75540 3 3756
75670 1 484
75673 2 919
75705 1 3042
75765 1 1306
75848 2 1317
75939 1 1207
75944 2 223
75965 2 1326
75969 1 5873
75987 2 1096
76002 4 5452
76040 1 3213
76062 2 539
76071 2 1094
76121 20 917
76125 3 3583
76199 1 1686
76205 2 3668
76217 2 3579
76237 2 1365
76253 2 1465
76266 1 1340
76370 230 13094
76380 1 920
76449 5 6086
76490 1 731
76491 1 1557
76505 18 10048
76508 1 2897
76513 2 935
76519 1 3579
76618 1 1560
76624 2 953
76690 2 2184
76747 1 450
76749 1 67
76755 1 5294
76756 1 4633
76762 2 7340
76768 1 1094
76769 2 2417
76786 5 1262
76859 1 1863
76875 1 4263
76877 1 1735
76997 1 1154
77035 1 1073
77060 1 4150
77061 1 999
77076 1 3304
77118 1 2646
77126 2 1012
77147 1 987
77153 1 2521
77194 1 812
77195 1 797
77200 5 916
77202 1 8001
77207 1 4809
77208 1 4089
77209 1 4122
77210 1 4271
77211 1 3451
77212 1 3474
77213 1 3532
77214 1 3477
77215 1 1900
77217 1 925
77218 1 916
77220 1 686
77245 1 2403
77376 1 2050
77377 1 1880
77392 18 8245
77438 1 1254
77456 2 13066
77474 1 4717
77566 1 634
77641 1 414
77654 1 1454
77675 1 306
77815 2 676
77816 2 2167
77822 1 1246
77877 3 3129
77885 1 1785
77902 2 1655
77903 1 554
77943 1 1110
77957 1 1907
78116 2 5040
