replic replic 421 65215343 
117 1 6480
501 2 476
504 1 11283
633 1 1134
1049 1 2440
1153 1 6533
1545 1 1438
1955 2 1191
2333 1 133
2359 1 484
2489 2 420
2687 1 1139
2716 1 4798
3383 1 10722
3391 1 1846
3547 2 1585
4000 2 6980
4642 1 1398
5259 1 6380
5266 1 766
5989 1 983
7536 1 1263
7573 1 4835
7955 2 1555
8004 19 2007
8051 2 1966
8848 1 2976
8890 1 5449
9354 1 725
9696 1 977
9868 1 2464
10101 1 12486
10246 1 1140
10427 1 2746
10501 1 1217
10848 2 1696
10975 1 915
11577 1 1673
11661 1 1125
11765 1 907
12390 1 3720
12765 1 2402
12814 1 46677
12889 1 1525
13058 1 11569
13094 2 1335
13173 1 7475
13224 1 3401
13226 1 4464
13321 1 4863
13356 1 1677
13637 2 1271
13768 1 608
14030 1 733
14080 2 51830
14199 1 853
14312 5 1988
14373 1 6743
14526 1 1027
14564 1 709
14662 1 1844
15262 1 566
16021 1 1876
16241 1 1533
16501 1 1040
16797 1 2473
16843 2 15992
17010 1 3499
17122 1 9203
17138 1 2150
17390 1 3105
17589 10 12110
17643 1 999
17670 1 5050
17684 1 2134
17690 1 743
17710 1 413
17918 1 604
17919 1 803
18153 1 3810
18414 1 1361
18639 1 1434
18965 1 20789
19079 2 16454
19846 1 493
19985 1 8977
20707 1 35797
20904 4 4287
20926 1 938
20937 1 3666
20938 1 3851
21006 1 1452
21050 2 1359
21323 1 887
21503 1 13267
22093 1 10393
22137 1 4439
22138 1 4091
22213 1 415
22419 1 748
22598 1 1298
24107 1 909
24616 1 6643
25129 1 990
25162 1 318
25323 4 1577
25469 1 1741
25658 1 744
26168 2 1153
26786 6 394
27137 1 865
27190 1 1135
27576 2 2018
27749 1 1575
27853 1 3446
29085 1 313
29396 1 8576
29429 2 1618
30077 1 3556
31049 1 666
31398 1 896
31936 1 3664
32230 1 1393
33631 1 2116
33695 1 3294
33892 4 754
33924 1 11847
34150 1 1435
34534 1 1101
34619 1 2069
34869 1 1137
35160 1 628
35653 1 775
35753 1 3277
35887 2 4260
35984 1 885
36069 1 2227
36224 1 979
36257 1 1362
36533 1 1642
36702 1 778
36905 1 967
37352 1 1354
37419 1 13883
37607 1 1334
37712 1 8990
38380 1 976
38426 1 657
38502 1 1471
38608 1 4302
38611 1 5792
38769 1 854
39025 1 1374
39080 1 887
39171 1 1263
39397 2 2248
39432 1 458
39448 1 3136
39449 1 3105
40648 1 7183
40780 1 576
40819 1 10440
40953 2 841
41238 1 4035
41273 1 1001
41688 1 1836
42356 1 4608
42768 1 4939
43230 1 2504
43261 2 1175
43337 1 884
43428 1 1779
43657 1 1637
43995 1 1181
44125 1 6435
44479 1 5563
45249 1 1656
45704 2 1557
45810 1 1799
45826 1 8235
45858 1 2087
45964 1 2279
46128 1 1163
46388 4 81863
46412 1 849
46648 1 1047
46942 1 1392
47151 1 5857
47473 1 1168
47655 1 853
47863 1 1267
48031 1 4280
48472 1 910
48639 1 2034
48735 1 645
49343 5 1496
49680 2 5727
50016 1 11583
50162 1 2022
50207 3 2916
50324 1 1065
50369 1 1117
50467 2 315
50472 1 597
50529 1 4267
50620 1 2383
50627 2 611
50628 1 400
51030 1 2989
51149 1 3086
52228 1 3809
52651 1 2028
52948 1 753
53163 1 822
53638 1 969
54190 1 1086
54469 1 1075
54619 1 10647
55059 1 2098
55498 1 5155
55550 1 2151
55928 1 1167
56045 1 1527
56535 1 1496
56881 1 4650
57190 1 1657
57238 1 2018
57256 1 1106
57996 1 1452
58354 1 871
58467 1 4185
58782 1 2475
59211 1 3035
59414 1 1099
59417 1 1841
59837 1 1240
59916 1 895
60010 1 767
60109 1 2379
60254 1 1078
60356 1 898
60624 2 536
60708 1 1572
60759 1 4854
60828 1 3367
60996 1 1503
61043 1 4069
61438 1 1813
61623 1 1505
61924 1 6503
62096 1 958
62229 2 7173
62304 1 1048
62544 1 572
62824 1 4199
62855 3 2001
62932 1 1598
63036 1 1062
63093 1 3111
63309 1 4077
63504 1 4125
63830 2 939
64469 3 1141
64559 1 4363
64900 1 380
64916 1 479
65023 1 914
65576 1 4667
65778 1 3404
66092 2 4332
66378 1 1248
66425 1 943
66444 1 3410
66722 2 276701
66922 2 1292
67065 1 920
67360 1 1780
67361 1 1019
67391 1 4824
67423 1 1104
67467 1 270
67742 1 1745
67777 2 2113
67841 1 1637
68047 1 1652
68120 1 7511
68268 6 2304
68737 1 3173
69446 1 1634
70089 1 760
70305 1 1443
70350 1 1366
70534 1 5509
71896 1 3955
72070 1 1211
72071 1 1126
72087 1 1964
72451 1 1218
72504 1 754
72784 1 2240
72825 1 4050
73101 2 5854
73676 1 2052
73876 1 1770
73922 1 793
73945 1 10857
74434 2 3996
74720 1 1158
74729 1 251
74822 1 5130
75116 1 890
75201 2 472
75242 1 728
75529 2 8980
75769 1 1045
76008 1 1318
76877 1 1735
77211 1 3451
77212 1 3474
77213 1 3532
77214 1 3477
77819 1 3260
