ford ford 2789 65215343 
272 1 383
397 2 1583
436 2 918
548 1 1997
562 4 3293
599 1 1086
697 1 684
777 2 11416
782 10 2324
783 9 2303
827 1 1057
887 2 1074
911 1 1508
922 1 1765
960 1 2769
962 1 403
986 1 2025
987 1 2023
988 1 2173
997 1 1162
1000 1 2589
1010 1 902
1020 1 637
1021 1 980
1119 1 1874
1127 1 889
1135 1 1188
1151 5 926
1176 1 992
1279 10 1288
1296 1 554
1335 1 803
1382 1 1306
1402 1 3038
1422 1 950
1435 2 3772
1585 1 1512
1646 1 1170
1668 9 735
1784 1 1533
1887 1 1785
1920 3 1069
1991 1 835
2015 1 1644
2105 2 1500
2129 2 965
2158 1 524
2159 4 1594
2162 1 1205
2247 50 1040
2337 1 1339
2338 1 1264
2584 7 1016
2716 6 4798
2825 2 2998
3128 1 1311
3182 1 1068
3186 1 1440
3332 1 188
3402 1 2468
3403 1 2172
3404 1 2168
3405 1 2857
3416 1 683
3444 1 1229
3574 1 867
3668 6 8976
3671 1 4789
3715 1 704
3727 8 17097
3805 1 883
3911 1 402
3947 1 461
4029 1 1276
4188 1 2646
4307 2 2386
4348 5 3712
4356 1 3544
4400 1 990
4428 1 2072
4439 2 2516
4452 2 910
4554 1 144
4637 1 1404
4667 1 3501
4771 3 4349
4866 1 980
4950 9 3067
4957 2 1766
4975 8 4050
5074 1 1241
5131 1 1622
5132 1 1537
5195 2 1844
5541 1 1278
5579 1 794
5676 2 807
5884 1 870
5933 2 571
6044 1 2681
6087 9 1469
6094 1 1655
6167 2 601
6309 1 862
6334 2 1066
6360 3 6957
6449 1 535
6542 1 808
6574 1 1030
6969 1 1724
6982 1 670
6985 1 1013
7505 5 4997
7538 1 1221
7580 1 9484
7656 2 1143
7698 1 1482
7713 2 1920
7714 2 1818
7727 1 2490
7764 1 2460
7769 1 958
7773 1 7884
7899 1 1265
7901 1 263
7949 1 4128
8061 7 808
8146 3 1848
8175 1 452
8215 1 2073
8251 1 3081
8284 22 3146
8285 5 3377
8286 5 2044
8297 1 12133
8301 2 2361
8372 2 3639
8385 2 2645
8386 2 2545
8393 4 3193
8404 3 1035
8671 1 1147
8835 1 676
8962 1 523
8993 1 2404
9025 1 383
9239 1 1961
9270 1 1762
9271 1 1712
9272 1 1765
9273 1 1753
9317 26 2510
9324 2 4421
9325 2 4336
9370 4 711
9393 1 1260
9427 1 1180
9492 1 6158
9531 1 690
9550 1 344
9604 8 2143
9605 8 2284
9690 1 2014
9765 1 908
9827 1 2258
9850 1 2963
9864 2 1138
9865 1 1205
9887 1 608
9936 2 2878
10052 1 1469
10127 1 1014
10128 1 1019
10129 1 1016
10130 1 997
10137 1 658
10142 1 680
10249 1 1601
10321 2 1516
10404 2 1546
10414 1 486
10452 4 979
10489 1 1420
10630 2 57
10671 1 1284
10695 2 217
10749 1 2979
10750 1 1327
10940 1 7910
10967 2 765
11143 1 1675
11244 1 833
11255 1 490
11276 3 171
11572 1 263
11703 1 666
11856 1 1147
11863 2 1940
12099 23 329
12164 2 3148
12194 1 652
12195 1 903
12289 2 1759
12364 6 1534
12382 1 1023
12518 1 645
12673 1 6656
12674 1 6435
12767 7 838
12818 2 3788
12927 2 993
12963 1 1118
13131 1 1016
13233 1 893
13242 2 2319
13277 9 1667
13305 1 660
13314 1 733
13339 1 2880
13355 1 34
13518 2 16194
13526 1 430
13635 1 1237
13638 1 1679
13649 1 1057
13691 4 2873
13705 1 864
13710 14 1819
13711 1 4824
13853 1 480
13867 1 853
13897 1 1292
14029 1 1120
14136 4 1858
14280 2 2667
14323 1 1990
14346 1 1278
14454 2 463
14494 1 462
14526 1 1027
14704 3 702
14714 4 5738
14731 1 788
14735 1 1483
14746 1 1733
14748 1 1244
14756 2 3039
14872 3 950
14887 1 5014
14902 3 308
14981 2 1286
15031 1 820
15051 3 857
15293 1 5587
15310 2 3417
15497 2 1224
15529 2 947
15580 2 2165
15818 1 470
16021 1 1876
16091 1 591
16111 1 1166
16116 2 1298
16184 1 1312
16185 1 2268
16186 1 1342
16187 1 1638
16188 1 1274
16192 2 1427
16198 1 953
16228 2 807
16257 2 6019
16412 1 845
16535 1 994
16557 1 1683
16602 1 193
16653 1 1112
16723 1 573
16856 1 2460
16936 1 3648
16997 1 2630
17116 2 3516
17183 1 2046
17186 1 2741
17187 1 1065
17195 2 2000
17196 1 1736
17198 1 2072
17204 1 955
17205 1 1800
17244 2 10025
17288 8 490
17296 1 4348
17426 2 7075
17442 1 3953
17467 2 6562
17581 1 1071
17582 1 399
17614 1 597
17651 1 3602
17661 8 5100
17666 3 1434
17675 20 833
17851 1 963
17889 3 749
17962 3 680
18008 1 275
18074 2 1263
18127 1 318
18285 2 1990
18304 1 677
18333 1 946
18335 1 1042
18411 2 554
18416 1 1500
18561 1 1135
18575 5 678
18597 1 6498
18620 1 3943
18621 1 5046
18622 1 5539
18632 1 66
18644 8 2789
18645 8 1794
18664 18 2209
18665 1 960
18726 2 336
18785 1 197
18823 1 3093
18830 1 1272
18851 1 1501
19094 1 3568
19118 1 1358
19180 1 2589
19186 4 6942
19194 1 5424
19311 3 537
19495 1 3545
19504 1 6279
19515 1 1607
19656 1 5073
19685 2 4688
19704 1 582
19759 4 1457
19877 1 1239
19892 6 2205
19899 1 6214
19913 2 2014
19943 1 1820
20030 1 4962
20057 26 5239
20200 1 30304
20227 1 2347
20251 1 487
20310 1 4111
20384 1 1291
20411 2 623
20412 2 689
20414 2 711
20612 2 255
20654 1 1589
20666 4 427
20685 1 959
20686 1 750
20710 2 6801
20861 16 2236
20866 1 1137
20999 1 2745
21282 1 1212
21359 14 13839
21362 1 2634
21420 1 4351
21469 2 3531
21470 2 3587
21478 1 1376
21500 1 4276
21530 1 2863
21535 1 1207
21544 2 200
21598 1 2235
21613 1 1522
21644 3 11884
21691 2 541
21701 1 1549
21758 1 2344
21770 2 4733
21864 1 402
22079 1 5115
22105 2 2168
22206 1 2514
22474 1 1110
23014 1 3266
23036 1 769
23129 2 438
23363 2 3369
23373 7 1729
23385 2 748
23419 3 1204
23420 1 1191
23421 1 633
23427 1 1196
23521 1 1803
23736 14 2381
23747 2 2274
23769 1 1738
24117 1 338
24123 1 1686
24124 1 2547
24136 1 1335
24142 4 845
24172 2 681
24222 2 3333
24232 4 988
24267 1 1344
24268 1 1365
24269 1 1407
24557 1 994
24663 1 215
24719 1 646
24741 2 1053
24838 1 1751
24842 2 3916
24847 1 1506
24924 1 163
25043 1 1300
25057 3 2293
25234 1 4341
25265 2 2233
25425 2 642
25444 1 855
25474 6 3568
25484 23 711
25508 9 1364
25804 12 2275
25860 17 1015
26075 1 3348
26082 2 1566
26102 1 697
26103 1 720
26223 1 946
26324 2 1329
26348 1 1110
26352 1 397
26407 5 1765
26498 3 32423
26534 2 3621
26695 1 918
26779 1 705
26836 4 2928
26972 1 932
27131 1 1909
27171 1 1261
27172 1 687
27281 1 328
27535 1 1646
27690 1 472
27782 2 1620
27812 2 3494
27813 2 1873
27875 5 817
27882 1 918
27883 1 4980
28032 1 1700
28040 6 4385
28091 3 2614
28098 1 10589
28101 1 883
28105 1 3202
28135 1 72
28348 1 195
28414 2 3568
28419 2 3437
28426 2 911
28451 1 814
28491 1 4917
28782 1 1807
28787 4 804
28816 2 2084
28830 8 502
28840 1 12057
28844 1 477
28978 3 1473
29063 1 2116
29078 1 1124
29144 1 2485
29380 1 1056
29389 10 348
29489 22 1691
29545 1 2155
29561 2 1008
29623 42 963
29866 1 1160
29918 1 903
29959 1 652
30034 1 1737
30257 1 1126
30261 5 977
30273 1 2533
30351 1 4754
30352 1 5973
30383 1 1333
30456 2 663
30459 1 1537
30599 1 924
30605 2 1929
30639 1 8117
30655 1 535
30752 1 1610
30786 1 1228
30887 2 10988
30888 1 2250
30894 1 375
30906 1 454
30956 1 561
30957 1 616
31145 1 605
31314 2 81
31588 1 1119
31623 2 8156
31689 1 2682
31709 1 1133
31735 1 1164
31742 1 411
31826 1 564
32028 1 113
32270 1 1127
32312 3 836
32499 1 1344
32650 5 412
32885 2 422
32913 3 774
33124 2 2148
33145 1 1201
33148 1 713
33156 1 735
33406 1 555
33501 2 1328
33636 1 899
33648 1 819
33739 1 1711
33831 1 6374
33889 1 1189
33895 2 1427
33937 1 14231
34019 1 1391
34045 1 581
34118 2 2699
34146 5 1989
34151 1 1688
34197 2 2057
34307 1 1047
34308 2 581
34309 3 975
34342 1 5941
34395 1 2479
34457 1 1594
34465 2 5422
34489 1 1568
34582 4 513
34583 1 4980
34776 1 2068
34901 1 18201
34911 1 2148
34942 2 1517
35165 1 1160
35393 1 970
35406 1 830
35435 2 1070
35507 2 1988
35535 1 1007
35545 1 422
35552 3 1138
35677 1 2037
35708 1 358
35773 1 1187
35816 2 836
35942 1 999
35971 14 1028
36021 1 348
36025 1 416
36030 1 298
36174 1 472
36233 1 213
36311 1 2920
36353 2 807
36373 2 2127
36558 2 1161
36701 1 971
36714 1 654
36724 1 2272
36728 1 1234
36873 3 4539
36962 1 5960
37040 1 2087
37050 1 543
37074 5 3457
37090 1 548
37235 1 1413
37285 1 2205
37306 1 910
37368 5 1160
37400 1 1054
37401 3 1431
37494 1 449
37556 1 196
37599 1 1374
37747 1 4991
37904 2 1805
37932 1 17484
38005 3 3590
38101 3 2682
38187 1 1442
38243 7 1851
38410 1 952
38433 1 2018
38434 1 2883
38471 1 878
38472 1 1041
38576 1 1706
38638 2 617
38640 1 1038
38753 1 663
38801 1 682
38815 1 1731
38840 1 2481
38869 1 749
38937 13 1185
38953 1 2359
38954 1 2720
39015 1 2466
39024 3 8349
39039 2 809
39083 1 2721
39097 1 1486
39132 1 3874
39171 2 1263
39175 2 3064
39179 9 2122
39196 3 1333
39202 5 2039
39205 1 770
39240 1 1187
39245 2 4290
39259 2 3420
39474 1 1378
39529 1 877
39775 1 1300
39808 1 1316
39870 1 225
39960 1 750
39970 2 1979
40005 1 707
40087 1 1024
40088 1 1024
40089 1 1024
40093 2 4751
40197 1 672
40216 1 789
40246 1 690
40318 1 1714
40378 1 480
40397 1 1801
40448 1 3806
40534 1 4269
40685 1 2772
40686 3 2486
40688 2 236
40891 1 1470
40925 1 2385
40948 1 498
41005 1 1363
41141 2 1072
41187 1 1739
41329 1 1596
41350 1 450
41431 2 1782
41458 1 1078
41688 1 1836
41725 1 775
41735 1 659
41736 1 693
41796 1 1342
41818 1 3884
41822 4 1997
41839 1 1382
41851 1 1458
41857 2 1647
41866 3 1666
42107 1 1958
42118 6 2292
42188 1 1510
42234 1 2137
42283 1 2025
42286 3 331
42304 1 1726
42344 9 3974
42347 1 848
42358 1 1430
42362 1 10503
42464 1 468
42569 3 3491
42572 2 2840
42580 1 8665
42629 2 3606
42648 1 4779
42683 10 5788
42842 1 2027
42850 1 4255
43326 1 1789
43429 1 1731
43457 1 1538
43474 2 2661
43495 1 431
43542 2 690
43576 6 5522
43677 1 1436
43682 1 642
44057 1 3001
44112 2 650
44148 1 986
44160 1 1035
44206 1 1686
44293 1 1127
44298 1 581
44446 1 568
44489 3 785
44590 2 3346
44707 2 6048
44785 1 2432
44865 1 581
45261 1 7633
45263 1 414
45278 1 992
45279 1 1096
45347 3 167
45379 1 872
45388 7 1745
45613 1 573
45679 1 695
45916 1 391
45925 5 762
45935 2 4684
45960 1 2353
46046 2 3634
46093 5 342
46282 1 4059
46291 2 2129
46336 2 1174
46373 1 1182
46388 1 81863
46409 1 1262
46532 1 2752
46552 2 9921
46598 1 248
46661 3 5001
46735 2 1806
46740 1 1167
46781 1 3752
46830 1 501
46891 1 5171
46911 1 1569
47039 1 2061
47151 1 5857
47188 2 1061
47194 1 2096
47231 2 2125
47232 2 1498
47233 2 1651
47358 1 315
47359 1 528
47366 1 936
47374 1 1188
47483 3 864
47559 3 11224
47661 38 876
47838 3 4457
48144 2 943
48145 4 957
48146 2 954
48153 1 1188
48247 1 2933
48353 2 823
48466 1 528
48492 11 508
48525 1 392
48545 1 3140
48564 5 1430
48567 7 1221
48592 1 907
48673 3 6093
48880 1 511
48884 1 1137
48898 2 2208
48925 20 4731
49006 7 837
49184 1 2455
49232 1 5655
49286 1 2335
49289 1 423
49343 1 1496
49483 1 4047
49604 2 4772
49662 1 2884
49672 3 1575
49694 1 217
49706 1 1142
49734 1 2337
49776 1 9407
49791 1 762
49803 1 785
49919 3 2203
49931 1 2794
49971 1 2684
50023 2 898
50125 1 1136
50173 2 1992
50293 1 2189
50307 1 1514
50343 3 3220
50361 1 843
50408 1 3892
50409 1 2104
50455 1 350
50480 1 820
50606 2 5596
50670 9 1366
50797 3 345
50804 1 902
50832 1 321
50857 1 6468
50881 2 4909
50921 6 3926
50926 2 1001
50987 2 957
51035 4 971
51058 1 3191
51239 25 507
51517 1 640
51532 1 612
51556 2 446
51658 1 1259
51667 1 859
51688 2 4314
51713 4 140
51722 1 1266
51891 1 6407
51892 1 4521
52069 1 2292
52184 2 4601
52199 1 2113
52205 2 1233
52224 1 218
52257 2 1138
52339 1 1963
52405 1 2273
52406 1 4365
52449 2 3942
52457 4 4403
52482 1 479
52504 10 676
52545 2 2822
52601 2 580
52985 1 882
52990 1 638
52991 1 620
53038 2 2169
53044 1 1024
53158 4 9225
53170 1 2693
53225 1 706
53268 2 5517
53397 4 392
53484 2 493
53487 1 1821
53596 1 1721
53665 1 453
53687 1 789
53761 1 1331
53769 2 2550
53775 1 414
53837 2 3485
53853 2 2874
53914 1 1079
54142 2 2860
54208 1 1198
54298 1 347
54355 4 10248
54682 1 1173
54960 1 830
54975 1 1380
55086 1 821
55536 1 49965
55557 2 996
56175 1 8425
56421 1 1078
56495 2 1972
56497 1 2476
56521 1 5019
56579 1 762
56582 1 1624
56620 1 1243
57040 2 3492
57187 2 1332
57247 1 437
57397 2 927
57409 1 701
57413 1 6376
57448 2 1818
57801 3 2633
57804 2 1385
57826 1 1708
57844 1 1815
57845 1 1225
57878 2 3882
57897 2 3276
57923 2 2383
57997 1 4870
58219 1 690
58220 1 2264
58350 1 637
58390 12 1711
58426 1 1265
58536 3 642
58853 1 2423
58966 2 5767
59194 1 621
59231 2 991
59251 3 6070
59310 1 1560
59355 1 891
59434 2 2472
59436 1 608
59453 2 5553
59465 1 406
59490 1 1051
59525 1 1109
59561 2 4211
59588 2 1547
59590 1 1196
59633 1 4221
59641 3 4053
59702 1 1311
59712 13 4670
59717 1 4807
59770 1 1910
59887 1 959
59900 1 3360
59926 1 3221
60015 1 581
60016 1 1377
60037 1 4344
60074 1 1151
60124 2 3277
60128 1 50
60240 17 1594
60278 6 3357
60285 2 1744
60291 1 1433
60330 2 2281
60356 1 898
60394 1 1136
60429 5 5933
60585 4 430
60605 1 568
60686 21 1454
60713 2 3384
60849 1 1785
60850 1 1791
60851 1 1784
60932 1 903
61206 2 1042
61289 1 964
61352 7 18809
61389 4 4011
61428 2 8357
61617 1 2377
61619 1 1308
61624 1 1565
61625 1 1309
61626 2 1747
61628 4 7244
61629 3 1176
61654 1 530
61677 1 1365
61839 1 1782
61847 1 1464
61917 1 5083
61987 1 664
62019 2 879
62055 2 581
62084 1 426
62151 1 772
62229 2 7173
62496 3 737
62565 1 364
62596 2 2402
62606 34 1424
62662 1 152
62766 3 8596
62767 1 14162
62909 1 643
62940 1 1750
62942 1 1750
62943 1 1792
63035 1 982
63073 2 6062
63074 1 4609
63075 1 3050
63076 1 3881
63077 1 5251
63308 1 1302
63310 1 2477
63366 1 796
63555 1 7057
63572 2 3748
63590 1 1793
63713 2 85
63737 1 2198
63743 4 1405
63906 3 4261
63947 1 1160
64099 28 1630
64292 24 216
64324 1 454
64326 2 1704
64350 1 20899
64613 1 975
64675 1 1128
64681 2 3466
64936 2 1450
65040 8 1671
65077 3 2772
65084 1 2317
65492 1 67
65537 1 3294
65643 2 1526
65644 2 1473
65787 1 750
65824 2 712
65931 1 1732
65945 1 2536
65976 1 2618
65984 2 2219
66102 3 833
66151 6 1614
66230 1 1223
66238 1 327
66277 1 1687
66462 6 904
66472 1 3818
66497 1 2312
66561 2 1657
66598 1 1411
66638 1 1055
66762 1 1134
66771 1 3499
66870 3 2566
66901 1 1242
67021 1 6450
67033 1 794
67144 1 987
67219 3 8613
67344 8 2228
67399 2 1127
67421 1 1526
67433 1 666
67449 1 1320
67620 1 665
67661 1 952
67782 1 1569
67869 1 1785
68006 1 982
68082 1 1865
68110 28 748
68124 1 2400
68159 1 6709
68201 1 440
68346 1 2235
68443 1 551
68444 6 1026
68685 1 1022
68732 1 3543
68806 3 177
68812 4 10319
68904 1 1018
68905 1 1846
68982 1 2244
69055 1 3045
69089 5 318
69406 2 912
69504 1 1208
69521 5 6102
69696 1 1490
69917 4 3612
69924 8 988
70207 3 10208
70249 1 743
70273 1 3305
70301 1 633
70308 1 1172
70310 1 1005
70358 1 542
70397 1 1331
70404 5 765
70435 2 3103
70481 2 2683
70702 1 2156
70707 2 644
70708 2 720
70842 3 1321
70979 1 1611
71050 3 3333
71060 1 2450
71078 1 9605
71283 1 234
71327 2 1804
71513 1 1824
71581 2 1913
71634 1 2564
71705 4 10258
71722 1 335
71723 1 2839
71724 1 2839
71807 1 3340
71894 1 2159
71895 1 3069
71897 1 2249
71913 2 363
72112 1 700
72121 1 1320
72198 1 2050
72215 3 2153
72275 1 898
72400 1 1090
72412 1 14176
72445 1 868
72521 2 6698
72550 2 1699
72643 1 463
72663 2 1320
72675 4 8994
72749 1 497
72780 1 1493
72843 1 2753
72873 2 3122
72897 2 3666
72929 1 3019
73004 1 1253
73018 1 2302
73019 1 1972
73024 3 727
73063 1 270
73120 1 674
73201 1 1031
73294 2 241
73295 6 947
73420 8 2204
73892 1 1020
73930 1 1679
73931 1 2768
73975 8 850
73976 4 844
73977 4 855
73996 5 7920
73997 1 10376
73998 7 2339
74018 2 1288
74067 8 6352
74091 4 1923
74098 1 877
74116 1 4873
74132 4 665
74197 1 1338
74198 1 1315
74199 1 1314
74472 1 744
74613 1 1209
74661 2 1665
75143 10 807
75262 1 1538
75263 1 1329
75322 1 826
75512 1 736
75529 1 8980
75556 1 1021
75960 1 2012
76119 1 1349
76204 2 2051
76262 1 3194
76271 6 354
76305 3 1002
76318 1 870
76340 2 3506
76408 1 4367
76529 3 10440
76625 1 2143
76884 2 865
76898 4 1240
77057 1 1725
77070 3 2357
77082 2 5693
77088 1 4377
77096 2 1129
77124 2 3644
77136 2 3236
77169 1 603
77260 1 1072
77263 16 1231
77363 1 1245
77474 1 4717
77505 1 409
77610 1 2465
77630 1 407
77633 1 695
77666 1 949
77943 2 1110
