rins rin 98 65215343 
4139 2 739
8274 5 896
9861 2 810
11153 1 59
11284 1 883
12462 1 908
12737 1 669
19617 2 759
19678 3 6792
21647 2 814
22161 8 6376
23513 1 440
23903 1 1291
24589 2 769
28461 1 926
29860 1 653
32168 1 738
32549 1 549
33765 8 4124
35067 2 1233
35701 1 300
35959 1 1220
36049 2 720
37060 1 344
37391 2 767
38070 4 1509
39024 1 8349
40769 2 743
42054 1 2132
46171 1 2235
47646 1 490
55498 2 5155
56662 1 897
57990 1 1694
60172 3 1266
63499 1 318
68438 3 2467
69416 1 1167
70635 8 846
70912 1 1315
73655 1 1423
73656 1 1671
73657 1 1439
73658 1 906
74533 2 1653
74664 1 858
74881 1 1243
75564 2 853
76704 2 736
76793 1 5567
77937 1 1234
