militari militari 6701 65215343 
36 1 307
62 1 695
103 4 1217
121 1 952
122 1 151
135 5 275
146 2 2254
166 1 1370
201 1 782
256 6 8243
304 1 996
376 3 1200
400 3 1208
451 1 880
489 1 950
529 22 6629
530 1 1103
533 4 1661
534 3 897
547 1 1844
548 1 1997
606 2 1190
608 1 646
609 1 1086
610 1 945
613 5 3927
658 1 477
671 1 998
710 1 958
729 1 2727
759 2 1985
872 3 1329
886 17 5811
905 1 493
918 1 511
982 3 2403
1000 3 2589
1001 1 1139
1003 1 2079
1024 1 476
1050 1 992
1086 3 1477
1104 2 4937
1120 2 463
1127 1 889
1153 2 6533
1169 1 1187
1183 1 555
1188 1 770
1231 1 4288
1232 1 763
1366 1 326
1401 2 1005
1402 1 3038
1423 2 1158
1431 1 3318
1452 7 6140
1547 2 577
1569 1 830
1607 1 840
1620 1 577
1630 2 2072
1640 8 4776
1647 25 10572
1659 2 2425
1678 2 1025
1735 1 626
1762 1 1323
1767 2 13095
1811 1 353
1816 4 5747
1829 1 1201
1834 1 1298
1855 3 2208
1861 5 5589
2043 1 968
2046 5 13880
2059 3 1061
2060 3 1072
2063 1 2194
2072 1 1175
2133 1 1238
2136 1 1025
2150 1 1809
2162 1 1205
2171 1 1919
2192 2 5833
2244 6 2544
2257 2 2275
2349 1 421
2350 1 692
2366 9 2774
2372 1 909
2386 1 1335
2395 1 1045
2405 2 578
2434 1 1321
2483 2 4389
2531 2 897
2645 1 952
2687 1 1139
2697 1 1348
2748 1 2085
2769 1 898
3002 1 470
3054 1 926
3058 1 838
3103 1 3185
3104 1 3172
3132 1 2453
3205 1 1426
3228 1 1426
3322 4 6038
3379 1 4900
3383 1 10722
3384 1 1216
3394 1 1534
3409 1 3574
3513 1 2385
3514 1 5186
3526 1 1135
3531 2 1044
3618 1 646
3702 1 174
3707 1 2467
3740 1 1184
3747 1 1430
3772 2 1147
3773 1 2479
3790 8 5889
3791 9 6472
3798 2 350
3831 4 3725
3847 1 27149
3885 1 1049
3887 2 2632
3902 1 2905
3921 1 3235
3928 1 1658
3998 52 960
4051 1 2046
4053 2 3172
4068 1 8611
4075 3 2561
4076 5 4324
4077 3 648
4088 2 1023
4146 1 1296
4195 1 1194
4216 1 1283
4251 1 2307
4263 3 1825
4272 1 448
4314 1 462
4320 1 638
4337 2 823
4370 2 3314
4421 1 1667
4425 6 1104
4441 1 873
4468 1 3425
4492 1 2351
4509 1 1824
4521 4 1703
4522 1 2966
4525 2 1554
4526 1 1155
4572 1 264
4573 1 271
4588 1 782
4589 1 716
4594 5 1355
4600 1 384
4610 2 1311
4619 1 590
4660 1 465
4675 1 722
4688 1 607
4752 5 5044
4771 1 4349
4828 2 1756
4853 1 1774
4889 1 2095
4936 1 1505
5084 1 257
5109 1 190
5116 1 256
5129 9 1285
5156 1 1087
5199 5 567
5214 2 1588
5216 2 643
5225 1 1789
5236 1 1062
5246 1 1448
5259 2 6380
5404 1 980
5465 1 1292
5466 1 1266
5493 1 794
5530 2 1274
5552 1 312
5570 1 521
5571 1 876
5572 1 618
5573 1 603
5578 1 13045
5582 28 1321
5596 2 4949
5624 1 450
5801 1 459
5867 9 5884
5876 1 2035
5884 1 870
5895 1 1433
5922 8 690
5923 1 1033
5937 1 772
6010 1 3182
6015 2 3323
6030 1 363
6036 1 1526
6039 1 2773
6045 2 1842
6068 1 1127
6076 1 3091
6081 1 1357
6085 2 1538
6091 1 2877
6175 1 1916
6179 2 1268
6182 2 6597
6334 2 1066
6461 1 1503
6577 4 1930
6588 1 853
6608 1 834
6620 1 1074
6646 1 1067
6721 1 246
6754 1 637
6761 1 808
6834 1 904
6894 2 197
6904 1 1029
6945 2 3654
6969 3 1724
6988 3 2056
7003 1 1299
7007 1 1244
7008 2 725
7051 1 1111
7052 1 1095
7053 1 1076
7054 1 1061
7055 1 2879
7121 1 3511
7132 1 556
7138 1 2191
7497 1 1070
7570 15 9650
7578 1 5752
7705 1 4973
7714 2 1818
7723 1 4731
7763 1 2469
7764 3 2460
7775 1 3220
7955 1 1555
7970 1 755
8052 1 655
8065 1 1277
8085 1 2815
8093 1 20088
8103 1 497
8143 1 2289
8152 1 6009
8170 1 1492
8193 4 1008
8245 1 774
8246 1 1319
8292 1 917
8296 1 1165
8311 26 4367
8312 1 3567
8313 3 3754
8336 1 1754
8378 1 412
8381 1 679
8388 1 2999
8408 1 5505
8425 1 770
8459 4 2749
8461 2 2678
8471 1 727
8508 1 5791
8515 1 269
8516 1 269
8528 1 654
8529 1 661
8531 1 745
8567 2 1533
8570 10 1765
8576 1 2461
8578 1 1656
8599 1 269
8628 10 1693
8639 1 2193
8670 1 1141
8705 1 292
8864 1 344
8876 1 1372
8877 1 1525
8953 1 1033
8954 1 590
8955 1 987
8956 2 155
9053 1 34
9057 1 1319
9125 1 931
9132 1 3040
9143 1 1856
9167 3 1639
9170 1 341
9174 3 702
9236 1 788
9296 2 1359
9297 3 1678
9307 1 1394
9329 4 908
9346 6 1930
9348 4 4125
9363 2 1874
9424 1 1274
9425 1 1245
9426 1 1273
9427 2 1180
9431 7 3717
9451 1 988
9460 1 1146
9461 1 1464
9489 2 6134
9490 1 2974
9491 2 6177
9492 1 6158
9581 1 2040
9588 1 688
9590 1 659
9631 29 640
9659 5 10789
9703 1 1309
9726 1 890
9727 2 3290
9735 3 1420
9736 1 1415
9737 1 1320
9798 1 2651
9799 3 3095
9800 1 3911
9826 2 2248
9849 1 1030
9911 1 1621
9998 1 2317
10005 1 430
10006 1 429
10007 1 444
10008 10 1778
10077 2 861
10083 1 2180
10208 1 270
10209 1 280
10210 1 270
10211 1 280
10220 1 689
10221 1 727
10239 1 672
10240 3 816
10241 1 1011
10254 1 1033
10306 1 2363
10344 1 2552
10357 1 573
10371 1 657
10393 3 2415
10422 1 2187
10423 1 1332
10442 1 1664
10469 1 313
10520 1 2057
10522 1 1224
10537 1 438
10547 1 1528
10587 2 691
10654 1 3128
10681 1 721
10703 1 519
10711 1 1129
10842 2 1865
10845 3 2183
10990 1 580
10991 1 1582
10997 1 1555
11032 5 688
11061 1 1473
11202 1 3466
11262 2 1739
11371 1 1485
11372 1 853
11397 2 2289
11432 2 1068
11433 3 557
11472 2 4154
11477 3 1672
11484 2 1267
11502 1 586
11590 2 1805
11606 2 1638
11638 1 1089
11677 2 680
11716 1 542
11722 2 1625
11855 1 749
11858 1 4134
11859 1 4320
11967 1 4440
12036 1 143
12121 2 1787
12127 1 846
12136 1 1656
12161 1 435
12164 4 3148
12265 1 503
12268 1 1241
12309 6 1530
12335 1 564
12346 2 1264
12358 1 1928
12367 3 9446
12375 4 897
12408 1 723
12452 1 505
12492 1 1681
12494 1 1170
12514 2 6560
12520 12 6343
12673 2 6656
12692 3 5477
12693 1 5024
12700 5 11926
12708 1 1605
12765 1 2402
12769 2 1459
12772 2 1750
12777 1 3961
12827 1 1123
12884 70 1122
12885 3 6601
12906 2 2925
12925 1 2837
13008 1 999
13058 1 11569
13122 2 8864
13134 2 274
13136 3 838
13156 14 3209
13157 16 3217
13158 11 2677
13173 1 7475
13190 1 812
13196 1 2057
13197 1 1674
13208 2 2020
13212 1 3298
13221 2 2420
13228 1 1639
13237 1 377
13239 7 2825
13319 2 968
13332 1 14933
13375 3 3891
13486 2 7532
13572 1 876
13577 1 805
13599 2 1426
13605 1 692
13607 1 814
13615 1 976
13624 1 1236
13627 3 3259
13638 1 1679
13639 1 1946
13642 1 1397
13663 1 1344
13684 1 12301
13777 1 274
13778 1 270
13827 1 729
13839 13 1437
13846 1 1850
13871 22 6056
13885 1 2142
13909 2 284
13947 2 1742
13982 1 3750
14025 1 927
14074 2 446
14080 10 51830
14105 6 9306
14108 1 200
14136 4 1858
14168 2 922
14172 2 928
14176 1 2211
14258 2 1857
14295 1 1069
14303 1 1086
14323 1 1990
14329 2 1391
14383 1 302
14510 1 6161
14600 3 1048
14615 1 449
14642 1 362
14658 1 3354
14663 1 637
14692 1 3976
14694 1 1912
14718 1 430
14720 1 975
14724 5 5113
14736 1 1294
14742 2 687
14747 1 1544
14748 1 1244
14757 2 1802
14791 3 1301
14889 1 1511
14992 1 500
14993 7 1219
15000 1 677
15023 1 1799
15025 1 507
15028 1 4600
15042 1 583
15081 3 467
15086 2 1140
15122 5 1151
15129 2 1527
15203 1 5461
15220 1 1503
15244 1 5618
15268 1 628
15310 2 3417
15511 1 1482
15516 1 990
15537 1 468
15556 1 1110
15569 2 3119
15572 3 3411
15615 1 3882
15617 9 2380
15618 1 1203
15664 1 1538
15734 1 2035
15735 1 2037
15737 1 3706
15810 1 4391
15831 4 2451
15832 2 2615
15939 3 1110
16090 1 807
16105 2 1661
16113 1 1371
16144 5 798
16175 4 932
16183 1 2917
16199 1 1973
16260 1 4783
16292 1 2759
16333 1 1016
16341 1 9421
16388 4 1730
16392 4 920
16491 2 6610
16499 1 1594
16564 3 1007
16611 2 182
16625 1 1578
16635 1 7678
16647 1 1287
16649 1 4446
16652 8 1090
16671 1 1169
16702 3 521
16718 1 1664
16748 1 3753
16780 2 2693
16784 5 2834
16792 2 736
16813 1 4537
16850 1 4537
16861 2 2164
16932 1 4752
16952 2 7998
16984 18 5305
17009 7 3115
17010 1 3499
17012 1 3524
17013 56 9772
17058 4 1516
17070 1 1119
17071 1 2160
17072 1 1836
17073 1 1801
17075 1 961
17107 1 1950
17111 1 1220
17137 2 1349
17139 1 833
17167 18 1537
17170 1 1231
17189 1 5992
17196 4 1736
17198 1 2072
17201 2 678
17207 1 1171
17208 1 859
17209 1 818
17211 1 2036
17212 1 2040
17214 2 394
17244 7 10025
17269 1 254
17279 3 1055
17327 1 1088
17342 6 4836
17351 2 4853
17353 1 1336
17378 1 3128
17384 1 2933
17390 1 3105
17426 2 7075
17446 33 3664
17454 1 2094
17494 8 4778
17504 1 2199
17555 5 14925
17603 1 1031
17638 1 6007
17641 1 845
17645 1 718
17679 1 1875
17680 3 1913
17681 1 2190
17693 1 868
17758 3 28986
17762 1 700
17818 1 4410
17819 2 646
17820 1 502
17844 3 5452
17999 10 500
18005 2 666
18032 2 3246
18037 1 3117
18038 2 3203
18090 1 1539
18137 2 1301
18146 40 5814
18161 3 308
18169 2 3118
18223 4 62
18262 1 1741
18287 1 1632
18308 1 1341
18361 6 780
18400 3 609
18413 1 795
18427 4 499
18463 1 1607
18562 2 1335
18570 1 1012
18591 1 692
18614 15 1672
18615 17 1909
18616 12 1907
18617 10 1998
18629 1 860
18659 1 1736
18694 1 1433
18710 1 928
18721 1 983
18739 1 3057
18740 1 2994
18741 1 3106
18742 1 2981
18766 2 411
18779 4 2121
18784 3 779
18808 1 1566
18816 1 772
18825 1 3098
18826 1 3184
18973 1 13
19038 3 2622
19049 1 3228
19092 20 2849
19093 14 3292
19094 12 3568
19095 10 4478
19111 9 4980
19124 1 1758
19162 5 914
19186 1 6942
19310 1 864
19313 1 987
19367 1 1627
19384 2 5576
19390 3 3260
19495 2 3545
19544 1 1036
19565 1 870
19600 3 3753
19613 4 1146
19647 3 3406
19656 2 5073
19664 1 4781
19672 2 924
19690 5 2088
19697 1 2330
19868 1 593
19890 2 2034
19895 1 3842
19899 1 6214
19901 1 1057
19934 1 984
19953 1 683
19970 3 1209
19998 1 810
19999 2 1543
20005 1 2489
20144 1 279
20149 1 715
20150 1 682
20153 1 1172
20169 1 2907
20227 1 2347
20235 1 915
20263 4 3682
20305 1 953
20306 1 951
20396 1 370
20581 1 1771
20583 1 1743
20585 1 1770
20593 1 1768
20596 1 1769
20598 1 1777
20601 1 1785
20617 1 1245
20621 1 2416
20663 1 2969
20677 1 8655
20682 6 5585
20688 2 1596
20706 10 8010
20707 32 35797
20708 11 24696
20722 1 1712
20785 1 3062
20801 2 654
20823 1 1234
20831 1 5707
20851 5 259
20861 1 2236
20903 1 2764
20926 1 938
20993 1 415
20995 1 1840
21037 1 184
21054 1 515
21062 1 2438
21075 3 822
21080 1 1500
21081 12 1093
21107 1 975
21114 1 1404
21118 7 1749
21174 2 1423
21188 1 1794
21209 1 839
21225 3 4913
21318 3 7108
21325 1 1030
21338 4 529
21339 1 4745
21398 1 919
21411 1 3667
21434 2 441
21481 1 1234
21524 1 1869
21530 1 2863
21532 2 989
21536 2 2487
21540 1 2076
21541 1 2076
21560 5 1658
21598 1 2235
21606 1 1264
21642 1 690
21648 2 6487
21652 1 1185
21661 8 5628
21672 4 1580
21698 4 2267
21705 1 1432
21731 2 380
21766 1 1815
21768 4 2946
21781 3 2594
21813 1 930
21877 1 1400
21898 1 1312
21913 4 3148
21940 2 962
21943 1 2866
21945 1 1790
21960 1 7778
21964 1 1399
22003 1 25
22093 5 10393
22099 1 277
22100 1 267
22141 1 2921
22184 1 842
22185 1 476
22428 1 3769
22481 8 749
22521 1 1379
22522 1 1218
22524 1 3107
22545 1 845
22604 1 1011
22631 1 1807
22639 2 3403
22784 2 1080
22908 2 2390
22927 1 2118
22936 1 635
23001 56 6718
23014 1 3266
23027 1 1511
23035 1 1061
23064 9 7447
23126 11 2676
23364 2 2776
23366 3 1782
23444 1 438
23478 1 981
23521 1 1803
23590 1 931
23598 4 1236
23697 1 5047
23716 1 410
23748 1 4770
23763 1 3449
23793 1 385
23796 1 756
24078 2 401
24107 12 909
24119 2 14616
24123 3 1686
24124 3 2547
24153 1 1241
24157 1 10311
24194 4 1282
24217 1 788
24225 2 1419
24251 1 1677
24272 1 3323
24280 2 1043
24284 4 4091
24299 1 1073
24424 5 2471
24437 1 3970
24457 22 5563
24459 1 991
24462 1 8468
24486 2 628
24602 1 591
24616 4 6643
24748 2 4627
24749 1 4668
24750 3 6415
24834 2 2002
24840 2 9627
24841 6 1228
24926 1 2341
24928 1 1142
25044 1 451
25047 1 1186
25053 1 1722
25060 16 1525
25106 5 554
25160 2 3316
25234 6 4341
25252 1 950
25267 1 2724
25275 1 2035
25282 1 1395
25323 8 1577
25391 1 2825
25477 2 3314
25478 1 3302
25487 1 2868
25490 2 4592
25547 1 3685
25693 2 2462
25696 1 768
25698 6 1650
25766 1 1160
25770 1 1009
25792 1 606
25838 1 884
25902 2 2698
25966 3 2171
26059 1 1273
26082 4 1566
26136 1 889
26220 3 1669
26241 1 5926
26258 14 7349
26332 1 1975
26354 3 914
26370 2 877
26382 1 3521
26388 2 3682
26449 1 7560
26482 1 495
26498 3 32423
26502 1 3975
26507 2 4226
26525 1 2013
26590 2 2388
26696 1 931
26709 1 2025
26730 2 1483
26749 1 1438
26825 2 2133
26826 1 484
26832 2 1182
26856 2 1093
26877 1 1219
26886 1 785
26975 1 1997
26976 1 1105
27114 3 869
27134 3 823
27162 1 1964
27200 1 863
27201 1 865
27202 1 938
27286 5 1789
27287 8 1709
27288 10 1721
27321 14 7344
27428 1 330
27431 1 2548
27472 1 203
27535 3 1646
27579 1 1272
27663 1 543
27783 3 1105
27785 1 840
27843 1 832
27979 1 730
27981 1 678
27983 1 1113
27995 1 493
28001 1 886
28079 1 1167
28103 1 5130
28115 1 2406
28123 2 7111
28261 2 11790
28277 2 2560
28285 9 1038
28293 1 628
28294 2 651
28296 2 3859
28299 1 772
28321 2 562
28326 2 761
28418 6 2121
28446 1 9326
28454 1 5320
28476 1 4667
28477 2 3627
28478 1 634
28645 1 379
28671 7 1093
28698 1 2256
28792 1 623
28858 9 1311
28915 1 1324
28945 2 874
28951 4 4581
28981 15 1946
29011 1 2920
29046 1 638
29077 1 1084
29081 3 1817
29088 1 641
29101 1 423
29102 1 710
29103 1 554
29104 1 738
29120 1 1210
29121 1 892
29136 1 1011
29139 1 1025
29140 4 1340
29147 1 1734
29155 2 312
29376 1 736
29492 2 3204
29493 4 3306
29495 1 3137
29532 1 804
29541 1 101
29552 1 697
29558 1 3685
29559 1 3217
29562 1 169
29625 1 10200
29644 1 1114
29681 1 2182
29682 1 2183
29690 1 2211
29691 1 2211
29726 1 948
29843 3 921
29856 1 1766
29910 1 5908
29978 1 1161
29979 1 1172
29982 1 1131
29991 2 10803
30000 1 1452
30006 2 597
30019 1 1130
30055 2 2125
30083 5 1284
30108 3 741
30177 1 958
30179 1 574
30210 1 942
30273 3 2533
30277 1 1384
30280 2 1400
30351 2 4754
30352 2 5973
30372 1 492
30382 1 1172
30390 1 1242
30431 5 729
30450 4 1607
30459 1 1537
30483 10 2924
30537 1 581
30644 2 787
30648 2 1003
30700 1 272
30701 1 265
30717 1 247
30718 1 740
30719 1 701
30738 1 1986
30752 1 1610
30756 2 905
30760 4 644
30762 1 982
30767 1 794
30768 1 786
30785 1 772
30787 2 1028
30810 3 1740
30821 1 1456
30839 9 208
30860 2 451
30872 2 2105
30891 2 2618
30892 1 877
30977 1 950
30978 1 951
30979 1 952
30980 1 951
30981 1 952
31039 1 1073
31074 1 511
31075 1 434
31076 1 654
31114 1 1306
31126 1 193
31196 3 756
31257 1 1242
31267 2 7536
31297 1 407
31312 1 684
31374 1 48
31380 1 1553
31410 4 2031
31429 1 1352
31430 1 1299
31446 3 1347
31447 2 1008
31448 1 3221
31449 1 1693
31461 3 4365
31521 3 3875
31543 3 2159
31544 1 2626
31560 1 2403
31621 1 412
31623 1 8156
31644 2 1272
31688 1 2740
31703 2 1955
31708 1 1052
31735 1 1164
31744 2 7219
31756 1 625
31845 1 951
31846 1 952
31847 1 951
31936 13 3664
31970 1 562
31971 1 439
31975 1 1903
32033 1 1250
32170 1 1811
32190 1 3358
32275 4 856
32291 1 3102
32292 2 3278
32304 1 2871
32315 3 416
32359 1 1514
32367 1 3181
32386 1 2500
32388 1 24490
32396 1 196
32400 1 1264
32413 13 2301
32414 1 1665
32483 1 1282
32581 1 1008
32643 5 1238
32645 2 487
32646 1 847
32742 1 922
32752 1 2880
32781 2 2000
32784 1 564
32904 3 1247
32972 1 11367
32985 1 515
32986 1 3067
33004 3 1703
33079 1 3096
33091 1 10334
33188 1 10275
33212 2 1506
33215 1 1134
33233 1 533
33240 1 9576
33277 30 2857
33279 1 1074
33294 4 1429
33295 1 924
33364 3 721
33393 3 549
33423 1 1474
33507 1 963
33508 1 964
33577 1 863
33582 2 1466
33586 1 2998
33598 29 971
33636 1 899
33686 4 2000
33687 4 1874
33688 6 2059
33700 2 1557
33741 1 787
33791 1 684
33807 1 599
33819 2 4941
33831 4 6374
33849 3 1016
33859 37 7228
33883 1 578
33918 3 385
33924 1 11847
33927 2 934
33932 2 831
33964 2 780
34024 3 651
34029 3 3971
34039 4 23394
34048 2 922
34059 2 1599
34062 1 2698
34082 2 694
34111 3 1079
34154 1 547
34165 3 1237
34170 1 771
34175 3 2354
34177 2 1899
34281 2 5326
34291 1 1443
34304 1 1756
34310 1 993
34389 1 268
34408 1 1352
34439 3 1490
34467 1 838
34480 1 2110
34481 1 3475
34489 2 1568
34496 1 1346
34514 1 2438
34559 1 1551
34563 1 2401
34577 1 1088
34624 1 259
34625 1 277
34666 1 699
34674 1 2253
34695 2 697
34705 1 773
34725 2 827
34748 1 832
34765 1 1628
34791 1 1079
34808 3 1397
34853 1 950
34923 3 2774
34931 1 655
34932 1 731
34972 1 2699
35071 3 1273
35168 1 775
35340 1 4545
35369 1 1232
35435 5 1070
35458 1 388
35486 1 1430
35488 12 1679
35504 4 1747
35518 1 750
35530 1 533
35532 3 4534
35614 4 640
35649 12 1325
35685 1 780
35690 1 1115
35704 4 926
35720 5 4608
35753 1 3277
35768 1 1871
35770 2 1317
35774 1 3657
35789 1 399
35791 1 1953
35798 1 1407
35831 1 3206
35846 1 1532
35906 6 1780
35926 1 1322
35946 9 3409
35951 1 2034
35983 1 2665
36068 2 271
36079 1 1377
36088 1 1171
36221 1 559
36222 1 1383
36224 3 979
36226 1 752
36240 1 963
36244 1 874
36246 3 2302
36269 1 457
36285 1 1329
36286 1 1718
36299 1 2612
36342 1 1083
36443 2 1970
36446 1 618
36532 1 1001
36533 25 1642
36605 1 1696
36680 1 1651
36685 3 3543
36724 3 2272
36729 1 1013
36779 2 1172
36789 1 1662
36796 1 1826
36831 1 2027
36851 1 399
36910 8 499
36919 1 718
36935 1 867
36962 4 5960
36991 1 430
36997 1 750
37010 3 1050
37057 19 5130
37102 1 1529
37168 2 3059
37188 2 599
37205 3 2953
37235 1 1413
37238 2 446
37319 1 2048
37323 1 7159
37324 1 5244
37363 1 752
37385 5 1327
37407 4 1372
37419 15 13883
37423 3 13622
37433 1 233
37458 2 1744
37534 1 1033
37567 1 2983
37568 1 269
37584 1 1233
37594 2 1661
37602 3 1078
37617 1 1086
37628 1 1169
37648 1 1170
37656 1 1075
37685 1 2123
37696 1 1183
37698 16 5406
37734 3 3488
37736 12 1948
37741 1 1024
37842 1 263
37843 1 261
37844 1 270
37860 1 675
37895 1 1340
37904 1 1805
37915 1 778
37929 1 2603
37961 4 2110
37996 1 874
38005 6 3590
38007 1 1299
38040 1 1063
38041 1 1095
38151 1 2229
38222 2 1936
38235 1 679
38240 2 1492
38369 3 214
38375 1 1735
38441 2 3038
38445 2 2338
38446 1 1008
38447 1 2944
38448 2 6071
38449 2 1891
38452 1 1545
38487 4 396
38571 1 823
38576 1 1706
38608 3 4302
38611 2 5792
38642 1 1372
38646 1 617
38651 1 794
38652 1 695
38685 1 2596
38686 2 2997
38687 3 2099
38694 2 1649
38714 1 2044
38726 1 926
38739 1 934
38772 1 961
38775 1 297
38807 1 2365
38808 1 2666
38820 1 2102
38838 1 1464
38840 1 2481
38847 1 1344
38855 1 5137
38875 1 1645
38910 1 7766
38916 5 6621
38941 1 931
38999 1 4065
39158 1 1513
39183 4 4477
39191 1 737
39197 1 859
39254 1 447
39279 1 5440
39289 1 818
39292 16 4867
39301 1 12335
39328 1 778
39329 10 32477
39335 1 284
39401 1 3431
39407 1 263
39408 1 270
39421 1 702
39465 1 984
39489 1 1197
39528 1 1351
39575 16 496
39586 1 940
39588 1 6063
39592 1 1058
39619 2 798
39655 1 1225
39917 1 932
39927 3 1251
39939 12 2186
39942 13 797
39958 8 1932
39970 4 1979
39986 2 880
40001 1 1577
40022 3 2312
40024 2 2366
40043 2 1164
40047 1 1267
40127 2 877
40186 1 958
40222 2 1055
40275 1 187
40336 2 1079
40342 1 1617
40351 1 1650
40361 1 901
40397 1 1801
40414 8 3454
40434 1 333
40494 3 1017
40550 1 3684
40586 1 8741
40606 4 813
40624 1 1840
40630 3 5684
40662 2 1447
40669 1 995
40670 1 2018
40695 3 8337
40702 1 1044
40763 7 3495
40807 3 1229
40817 3 2302
40833 3 2965
40879 1 30
40891 3 1470
40900 1 3388
40942 2 1831
40962 1 1247
40969 1 944
41098 1 1211
41117 1 1658
41118 1 2966
41177 2 1084
41187 1 1739
41235 1 2506
41270 6 1544
41296 3 657
41304 1 269
41450 3 1521
41524 2 2455
41532 1 4045
41676 4 1348
41688 1 1836
41721 3 2315
41787 1 239
41818 2 3884
41828 1 764
41891 1 1058
41900 1 1156
41908 1 516
41945 2 1262
41952 1 555
41980 1 464
41984 1 578
42025 7 9933
42080 1 421
42081 1 414
42131 1 1494
42145 3 1077
42149 17 9906
42161 10 9423
42170 2 4262
42179 8 1490
42185 6 854
42193 1 1099
42306 1 846
42309 3 5367
42355 5 5228
42356 6 4608
42359 3 2478
42383 1 1102
42422 1 5724
42510 1 1487
42583 1 653
42601 8 2101
42645 1 2530
42648 1 4779
42654 1 923
42755 2 758
42764 2 1569
42768 1 4939
42820 1 2822
42892 1 2540
42921 2 2767
42934 1 942
43025 1 3087
43060 5 818
43109 1 2284
43111 2 829
43125 1 858
43331 1 1364
43402 1 378
43422 1 812
43429 2 1731
43444 1 2757
43467 4 395
43474 4 2661
43493 1 672
43507 2 1101
43508 2 1409
43526 1 1427
43564 1 1228
43586 1 355
43597 1 2088
43631 1 1133
43658 1 779
43683 1 1512
43704 2 181
43719 1 1105
43725 1 702
43785 2 2976
44010 1 423
44023 3 1497
44026 1 833
44051 1 397
44059 1 1070
44065 1 318
44080 1 3596
44081 1 4117
44122 2 1272
44156 6 1969
44183 1 494
44206 8 1686
44334 2 1214
44376 3 1032
44377 3 1880
44380 1 1907
44389 1 1440
44469 5 1847
44517 1 652
44518 1 597
44590 2 3346
44707 1 6048
44876 1 3240
44931 1 330
44943 2 1027
44962 1 1439
44968 1 764
44970 1 1122
44979 1 1058
45204 1 1105
45223 1 548
45285 2 1078
45329 1 202
45337 2 1434
45349 1 455
45351 1 1038
45361 1 707
45368 6 1076
45376 1 1359
45396 3 890
45402 6 933
45430 1 399
45614 1 959
45620 1 1038
45818 1 309
45824 1 2571
45854 1 344
45868 1 965
45999 2 1220
46007 1 789
46030 1 415
46075 1 1119
46116 28 5154
46133 1 1219
46139 1 980
46153 10 3988
46173 1 1062
46319 1 2904
46367 63 535
46378 1 6175
46388 1 81863
46428 2 1866
46432 4 3117
46433 3 595
46505 6 6279
46509 3 2154
46512 3 4395
46516 1 1910
46544 1 2693
46551 2 8597
46576 1 1473
46599 1 1778
46644 1 773
46667 1 779
46668 22 2331
46687 1 1479
46690 1 843
46696 1 1298
46727 2 93
46733 1 728
46740 1 1167
46749 6 6951
46771 1 1801
46773 12 1114
46775 1 537
46783 3 2182
46814 1 2350
46821 3 1634
46836 1 990
46882 1 259
46883 1 271
46900 1 728
46932 1 957
46935 3 1074
46937 1 1271
46972 1 915
46989 1 824
46990 2 569
46991 1 393
47058 1 892
47121 2 872
47132 1 951
47161 1 1358
47188 1 1061
47217 1 634
47221 1 631
47270 1 2703
47297 12 839
47311 1 209
47313 1 288
47365 1 634
47377 1 1217
47382 1 6307
47398 5 5716
47404 1 682
47442 1 559
47447 1 3095
47468 1 987
47471 1 1640
47482 1 1551
47496 1 2373
47544 1 1704
47551 1 1447
47552 1 1137
47561 2 3141
47573 1 1389
47682 3 1552
47683 5 1475
47684 9 1718
47720 1 1789
47803 1 1029
47812 1 582
47819 1 2102
47829 1 666
47839 2 1597
47865 2 1970
47869 1 387
47879 1 599
47977 1 1512
48027 1 716
48031 10 4280
48046 1 1325
48065 1 1054
48110 1 682
48130 1 978
48151 1 975
48180 5 25164
48197 14 8238
48229 1 109
48266 1 548
48315 2 2681
48316 44 541
48338 1 2760
48342 1 1350
48449 1 841
48506 1 1340
48507 1 1533
48508 1 1328
48551 11 6659
48604 2 869
48608 5 3133
48609 2 3196
48630 1 557
48634 1 69
48650 6 6532
48651 7 3561
48662 3 522
48676 1 1096
48698 44 5259
48757 2 756
48861 6 789
48871 1 1061
48899 1 1205
48902 1 4234
48908 1 820
48909 1 1859
48912 1 2452
48917 1 6627
48919 1 5467
48922 7 2935
49016 1 869
49029 26 3596
49042 10 935
49052 1 3420
49102 1 662
49105 1 2283
49120 1 1020
49139 1 1280
49141 1 1639
49151 1 1897
49182 1 1444
49184 4 2455
49189 1 460
49203 3 1682
49235 1 2114
49272 1 951
49330 1 1076
49340 1 2095
49345 5 2775
49352 16 2586
49393 2 1075
49525 2 1096
49556 1 460
49562 1 451
49572 1 876
49605 1 440
49625 1 855
49716 1 1286
49766 1 1245
49782 2 2062
49789 1 1016
49808 2 303
49854 1 300
49932 1 1098
49985 2 901
50002 2 1163
50008 2 1147
50009 1 1186
50012 1 3608
50049 1 332
50145 1 503
50146 1 482
50147 1 667
50148 1 418
50149 1 578
50152 1 350
50155 1 472
50207 1 2916
50215 4 537
50218 1 1089
50230 1 1104
50247 4 1590
50269 1 1701
50273 1 1005
50285 8 4950
50286 2 1612
50287 1 2869
50302 1 845
50303 1 874
50319 1 552
50355 1 3677
50372 1 1263
50392 1 1740
50409 1 2104
50439 1 3976
50477 1 4990
50529 1 4267
50540 1 2734
50580 1 551
50583 1 484
50584 1 781
50621 2 1050
50648 7 522
50722 1 3030
50724 2 2101
50726 1 2071
50759 2 717
50764 2 729
50765 1 589
50766 3 1255
50870 1 908
50871 1 1144
50893 1 496
50899 1 57
50931 1 1730
50950 1 1239
50952 1 882
50983 1 16660
51015 1 337
51025 1 1508
51026 1 1313
51027 1 2454
51028 1 1520
51063 1 507
51101 1 2052
51149 1 3086
51174 1 1037
51177 1 2704
51226 1 2481
51237 1 2338
51256 1 1068
51285 5 1356
51342 1 1149
51385 1 1887
51442 1 891
51459 1 1193
51460 1 1604
51466 1 1121
51529 1 555
51597 1 846
51602 1 951
51603 1 2317
51648 2 642
51657 1 1524
51669 8 931
51672 1 3436
51699 1 1261
51760 4 1855
51763 2 2149
51764 2 2864
51772 1 1416
51805 1 952
51839 2 9735
51852 1 599
51858 7 3972
51882 1 926
51891 3 6407
51892 2 4521
51939 1 776
51955 1 1040
51987 10 4909
51988 9 6522
52146 4 10691
52168 2 1251
52180 1 1192
52184 1 4601
52295 1 668
52332 1 432
52386 1 3359
52406 4 4365
52421 1 1746
52464 1 668
52471 1 686
52525 1 269
52558 1 724
52561 3 52057
52606 1 952
52634 1 865
52701 2 1487
52702 1 455
52720 1 2878
52988 3 24350
53003 2 168
53036 1 1242
53073 1 2274
53084 1 2127
53101 2 1846
53120 1 700
53123 2 1339
53124 2 2131
53159 4 2323
53241 2 4057
53242 4 4792
53248 1 5457
53268 2 5517
53301 1 417
53302 1 412
53308 1 2307
53373 1 801
53430 1 48057
53449 2 1037
53487 1 1821
53538 3 2024
53596 3 1721
53773 2 1265
53923 1 2605
53926 15 2454
53936 2 1821
54112 1 491
54132 1 1427
54139 13 944
54144 2 2965
54145 1 943
54163 1 685
54164 1 594
54175 1 2289
54207 1 935
54208 1 1198
54232 1 718
54308 9 5441
54327 1 1517
54364 1 441
54441 4 4709
54453 1 950
54454 1 951
54455 1 953
54497 1 1589
54510 1 1065
54511 1 1251
54512 1 1202
54551 1 2055
54572 2 1067
54577 2 727
54609 1 894
54610 1 475
54611 1 635
54616 3 1314
54619 1 10647
54646 1 364
54674 1 1298
54924 1 714
54976 4 558
54994 1 988
54995 3 1180
55067 2 3184
55072 2 3317
55092 2 1807
55094 6 12123
55132 1 520
55151 2 1332
55156 2 1405
55440 1 1255
55492 18 408
55493 18 400
55520 2 945
55530 9 446
55575 1 758
55672 1 1335
55689 1 846
55699 1 1333
55972 1 156
56013 1 518
56175 3 8425
56181 2 1977
56187 3 1455
56188 2 1498
56190 2 1477
56191 1 2260
56194 1 1968
56196 1 1404
56215 1 1081
56222 1 611
56223 2 5116
56238 1 1678
56266 1 1037
56281 2 743
56435 1 678
56437 1 476
56445 5 2121
56482 1 936
56495 1 1972
56496 1 1274
56524 2 4137
56528 1 262
56573 1 819
56574 5 902
56596 1 271
56609 8 521
56705 1 2241
56706 1 1698
56710 1 374
56717 1 2410
56821 1 6607
56822 1 4110
56860 1 1462
56861 1 1250
56888 1 2750
56899 1 4490
56916 1 472
56947 3 864
56951 1 592
56952 1 621
57001 6 7758
57040 1 3492
57217 1 1984
57228 1 1834
57273 1 1248
57310 1 1102
57311 1 436
57317 1 777
57357 1 1387
57384 2 3357
57403 1 1067
57413 1 6376
57449 1 3288
57457 10 2066
57462 1 1248
57518 3 3333
57523 1 1045
57528 1 566
57623 1 3704
57624 1 3707
57625 1 3705
57663 1 1474
57725 3 1668
57769 1 3472
57770 1 537
57789 3 806
57804 2 1385
57827 1 1465
57829 1 2379
57832 2 1094
57837 1 1247
57878 10 3882
57881 1 2310
57891 1 323
57990 1 1694
57992 1 1010
58180 1 598
58219 1 690
58227 1 1972
58231 1 4145
58232 1 1144
58502 1 1134
58505 1 300
58512 1 853
58513 1 2130
58521 4 596
58529 9 1928
58782 1 2475
58798 1 534
58838 1 3151
58840 1 3131
58842 2 3299
58865 1 1126
58867 4 429
59049 1 2182
59057 1 2210
59058 1 2211
59072 2 10092
59081 2 1600
59165 1 969
59190 1 628
59213 3 439
59222 1 699
59287 1 827
59307 1 1547
59339 2 744
59347 1 9699
59348 19 10477
59349 1 8147
59350 4 8331
59396 1 420
59402 1 4509
59431 1 1353
59432 1 696
59433 1 1186
59464 1 1707
59466 1 4209
59502 2 2133
59515 3 2280
59518 9 928
59522 2 1856
59524 1 1325
59525 1 1109
59563 9 2110
59564 1 1594
59592 1 2574
59593 2 1584
59614 1 1217
59617 1 1334
59620 3 2013
59627 1 4734
59630 1 5288
59655 2 1717
59694 1 569
59709 1 3880
59712 2 4670
59713 2 1324
59771 8 2668
59780 1 668
59809 2 1442
59824 7 1816
59826 1 1508
59829 1 1756
59858 1 1684
59873 8 599
59874 8 4939
59891 1 1275
59901 2 10800
59914 2 824
59918 1 9598
59922 1 3476
60016 1 1377
60017 1 1734
60018 4 2504
60019 10 5237
60028 1 116
60064 1 3872
60088 1 301
60124 1 3277
60158 1 1763
60164 1 317
60175 1 847
60194 1 484
60200 3 1255
60215 1 2296
60243 1 860
60253 1 889
60296 1 783
60328 2 1340
60343 3 1358
60350 5 1659
60357 1 615
60365 1 754
60366 3 3154
60379 1 1146
60386 1 1300
60424 1 555
60494 1 398
60506 1 4289
60507 1 4075
60508 1 699
60509 1 4010
60537 1 1343
60539 2 415
60545 4 1028
60583 1 1120
60674 4 1471
60693 2 7521
60713 1 3384
60735 2 3139
60736 2 3344
60740 3 3274
60758 1 909
60759 1 4854
60785 1 956
60787 5 1533
60821 1 657
60822 3 5864
60825 1 2017
60828 2 3367
60829 2 3490
60848 3 1052
60945 1 896
60963 1 3508
60964 1 3850
61003 2 1701
61020 1 13801
61021 4 5166
61043 2 4069
61054 1 1507
61055 1 1513
61130 1 2655
61183 1 236
61186 26 14302
61187 17 15707
61188 33 29700
61204 1 1714
61206 1 1042
61227 2 3378
61249 2 1001
61255 4 4815
61269 16 8764
61409 2 3387
61424 1 797
61472 2 2455
61516 1 1071
61545 1 814
61548 1 745
61550 1 1103
61551 1 1078
61628 1 7244
61639 1 958
61658 1 1813
61664 1 3204
61668 2 11710
61669 1 5944
61691 1 1496
61758 1 980
61770 1 1373
61800 4 1282
61801 1 1303
61826 1 3738
61832 2 2493
61860 15 7381
61869 1 685
61873 1 756
61881 5 2444
61911 1 984
61923 1 722
61970 1 694
61971 1 707
61974 1 699
62011 1 1430
62019 1 879
62020 17 508
62025 1 267
62057 1 601
62061 1 1169
62062 1 6529
62082 1 1641
62109 3 4903
62199 6 2963
62242 1 2867
62310 1 3144
62324 1 788
62358 1 1453
62359 1 1342
62360 1 1370
62390 1 442
62404 2 5459
62417 1 11638
62432 1 5539
62493 1 1022
62538 3 1320
62639 2 611
62642 1 7441
62643 3 230
62647 1 983
62652 1 176
62692 14 1474
62766 1 8596
62779 1 2483
62791 1 2675
62849 1 1721
62852 1 1986
62902 1 2612
62937 3 1048
62938 3 1036
62939 3 1044
62965 1 2001
63036 1 1062
63071 2 823
63076 2 3881
63083 1 1965
63166 4 2579
63172 1 1456
63174 1 1111
63191 1 374
63207 1 540
63301 1 1043
63308 1 1302
63309 2 4077
63310 1 2477
63315 5 301
63375 1 315
63415 1 786
63461 1 659
63501 2 1200
63521 6 1186
63572 1 3748
63604 6 725
63617 2 2218
63618 1 522
63696 7 1202
63708 1 2012
63746 1 1470
63765 1 1813
63795 1 1855
63860 1 791
63906 1 4261
63915 1 1055
63936 2 584
63950 2 345
63971 1 422
63977 1 544
63978 2 1445
63986 1 1741
64039 1 769
64077 1 1341
64078 1 1341
64079 1 1341
64086 5 1979
64290 1 728
64319 4 4532
64350 1 20899
64353 1 107
64379 1 600
64440 1 475
64542 1 1329
64543 1 1339
64608 1 494
64619 1 2292
64647 6 7320
64653 1 1553
64681 1 3466
64879 1 915
64960 1 222
64972 1 427
64973 1 433
64974 1 1043
65009 2 3343
65031 4 3879
65035 2 1584
65065 1 765
65068 1 2208
65091 6 2809
65092 2 2579
65093 2 2401
65094 1 2609
65108 1 1542
65270 1 943
65386 1 1013
65449 1 607
65530 1 1872
65565 1 1270
65596 6 1788
65629 1 470
65630 1 385
65683 2 404
65695 1 527
65701 1 1209
65724 1 1237
65788 5 959
65800 3 1457
65838 4 1936
65885 2 3324
65933 1 1896
65968 1 1412
65976 1 2618
65980 1 4583
66008 1 1142
66012 1 1659
66055 1 1289
66109 1 1364
66124 13 1563
66125 7 1619
66126 5 1464
66127 3 1717
66187 2 563
66201 1 1133
66249 1 579
66267 1 764
66269 1 1221
66277 1 1687
66309 1 322
66415 4 6038
66427 1 807
66431 6 2939
66451 1 724
66462 3 904
66464 1 1050
66471 1 3798
66486 1 1876
66529 3 1423
66542 4 1829
66545 1 902
66586 1 2141
66587 1 4790
66605 1 835
66617 2 420
66626 1 855
66648 1 1645
66684 22 1462
66693 2 613
66697 2 790
66722 10 276701
66768 2 1929
66783 2 486
66789 1 1034
66806 1 3247
66819 2 6321
66876 1 318
66884 1 3426
66992 1 1910
67074 1 9837
67076 1 528
67088 2 1089
67196 1 2129
67223 1 1469
67225 3 1254
67268 1 915
67286 1 1904
67342 2 6010
67359 3 3255
67389 2 1731
67390 2 1665
67391 2 4824
67392 2 2594
67393 2 6324
67394 2 2122
67395 2 2737
67415 2 10077
67420 1 2247
67423 1 1104
67451 1 2767
67452 1 3036
67453 1 3053
67549 1 850
67576 2 1529
67579 10 1444
67580 1 910
67588 1 2174
67596 1 273
67637 3 4061
67661 1 952
67665 1 815
67704 2 989
67712 2 2699
67725 1 1884
67756 1 5291
67766 2 1019
67875 3 1176
67876 1 873
67918 2 281
68007 1 795
68073 2 3133
68122 1 2437
68159 2 6709
68189 1 1392
68191 1 1316
68274 1 942
68331 1 567
68356 3 636
68410 1 1341
68438 3 2467
68650 1 524
68654 1 699
68684 1 991
68685 1 1022
68713 2 3702
68722 1 958
68748 1 404
68776 1 1328
68792 1 2291
68900 1 3607
68904 1 1018
68938 1 1260
68939 1 1221
68956 1 2895
68960 4 1724
68982 1 2244
69001 1 308
69005 1 668
69006 11 499
69014 1 806
69055 1 3045
69377 3 523
69385 1 257
69387 2 1411
69425 2 1792
69432 1 3080
69434 2 3213
69435 2 3178
69458 1 1090
69494 1 827
69495 1 2757
69509 1 5379
69515 3 3275
69528 1 1563
69547 1 5735
69823 6 983
69858 1 2372
69867 1 562
69890 2 1178
69893 1 1325
70010 1 668
70020 1 1127
70030 3 812
70207 14 10208
70218 2 1422
70223 14 2061
70230 1 1801
70231 1 2953
70236 1 3474
70273 3 3305
70277 1 1393
70282 1 3028
70292 2 2365
70302 10 1840
70434 1 1090
70444 2 861
70445 1 789
70446 1 831
70447 1 889
70591 1 4584
70839 11 3633
70886 1 959
70915 1 641
70920 1 569
70929 3 6834
71043 6 4249
71059 1 2012
71078 1 9605
71224 3 1010
71235 1 764
71282 1 1318
71299 5 1364
71315 6 6723
71331 1 1104
71334 1 2239
71335 1 3121
71338 2 2157
71354 1 687
71364 1 998
71419 2 2738
71459 1 2233
71524 1 1115
71543 5 2407
71573 2 847
71584 1 642
71599 1 307
71604 1 774
71652 1 1418
71658 1 1236
71677 2 564
71803 1 952
71804 1 952
71835 1 563
71838 2 910
71856 1 1198
71877 1 7422
71886 1 801
71894 1 2159
71895 1 3069
71897 1 2249
71898 1 1998
72032 3 809
72046 2 2501
72057 1 794
72081 17 3204
72082 20 2593
72092 1 553
72172 1 802
72177 1 1078
72201 8 5125
72253 3 838
72265 1 709
72274 2 1293
72286 1 1079
72377 3 1912
72389 1 595
72390 3 1313
72410 1 4306
72422 1 4394
72433 1 1492
72481 1 1701
72488 1 804
72549 1 1050
72570 7 1189
72588 2 1618
72590 1 2848
72619 7 5216
72675 1 8994
72734 1 2436
72800 1 1808
72805 1 684
72827 4 7031
72832 31 3890
72837 7 3948
72856 1 1892
72868 1 1891
72878 1 4492
72895 1 1688
72909 1 846
72915 1 1425
72919 2 5881
72920 1 5462
72921 1 2994
72937 5 2290
73023 2 1400
73029 9 1248
73093 1 4058
73183 1 2442
73187 1 1091
73215 3 1228
73220 1 4868
73277 2 1345
73352 7 1355
73385 2 293
73430 3 876
73444 1 223
73450 1 455
73456 2 833
73501 2 724
73570 1 1016
73591 1 2230
73650 1 556
73670 2 818
73674 1 720
73890 1 333
73906 1 1424
73930 3 1679
73931 3 2768
73936 2 839
73949 1 3890
73972 1 849
73990 1 1201
73996 2 7920
73997 3 10376
74022 3 2523
74029 2 1470
74053 2 2613
74074 1 859
74089 1 693
74094 1 3820
74111 2 976
74119 7 11686
74146 1 423
74184 2 1502
74203 1 11999
74238 2 199
74292 1 1125
74437 2 6261
74472 1 744
74473 1 164
74567 2 1654
74572 3 8808
74586 1 507
74700 1 1471
74713 1 2251
74722 2 459
74786 2 879
74793 1 1712
74812 5 4167
74813 4 5631
74868 2 1193
74887 2 7880
74907 1 643
74910 1 1633
74945 1 330
75147 6 892
75151 1 1586
75205 1 3189
75210 2 3198
75242 1 728
75295 1 2546
75323 1 468
75330 2 1976
75398 1 2037
75401 3 1247
75408 2 3231
75472 7 330
75495 1 2492
75529 1 8980
75534 3 9607
75611 2 293
75622 6 552
75631 1 1422
75646 3 832
75672 2 587
75682 1 496
75931 1 1439
75936 2 694
75939 3 1207
75960 3 2012
75969 2 5873
75981 7 637
75993 1 167
75999 3 654
76003 4 488
76019 13 853
76025 1 1636
76027 1 129
76028 3 534
76040 1 3213
76042 1 1056
76049 2 1651
76092 2 1400
76094 3 1404
76096 1 886
76106 1 4999
76108 3 468
76160 1 6409
76198 3 587
76205 6 3668
76214 1 1592
76237 1 1365
76253 1 1465
76304 1 5487
76310 1 4929
76318 1 870
76367 1 1133
76371 2 169
76490 1 731
76502 1 1031
76508 3 2897
76526 2 4857
76597 1 565
76629 1 528
76726 18 2339
76734 1 1253
76747 1 450
76755 3 5294
76756 3 4633
76779 1 1157
76925 1 638
77081 3 1905
77101 1 813
77110 2 1799
77148 1 3628
77170 3 1984
77185 1 1959
77194 1 812
77222 1 1336
77232 1 1018
77368 1 361
77411 2 3629
77443 1 2709
77470 1 2244
77529 1 628
77635 1 305
77643 1 644
77647 1 1135
77670 1 867
77678 1 627
77679 1 1251
77807 9 5880
77822 4 1246
77829 1 983
77877 2 3129
77885 2 1785
77904 2 1498
77944 1 860
77946 1 2824
77957 1 1907
78074 1 1554
78100 1 767
78116 2 5040
78117 5 1978
