wendi wendi 747 65215343 
17 1 1148
130 4 4276
131 4 14882
132 4 13051
625 1 5869
786 1 307
1085 1 5635
1128 1 2066
1346 1 605
1367 1 4065
1435 1 3772
1684 1 1203
2057 1 2940
2080 1 8786
2083 1 4561
2516 1 1602
2528 1 939
3325 1 699
3400 1 829
3447 4 2791
3461 1 2177
4024 1 670
4140 1 1055
4188 1 2646
4463 4 4320
4667 3 3501
4765 1 476
4842 1 2135
4896 1 1508
4948 1 3561
4949 1 2219
4950 2 3067
5108 2 1101
5153 1 713
5346 1 339
5420 1 1911
5552 1 312
5619 1 1587
5940 1 1549
5944 1 2113
6132 1 1010
6163 2 4318
6316 5 3790
6802 1 119
7045 1 2855
7069 3 375
7433 1 1229
8112 1 1014
8143 1 2289
8244 1 607
8370 1 2235
8381 1 679
8416 1 4562
8436 1 1685
8471 1 727
8561 1 3145
8913 1 12589
9748 2 823
10036 3 3455
10155 8 1544
10306 2 2363
10362 1 331
10456 1 2992
10528 1 2643
10796 30 5414
11248 1 11766
11661 1 1125
11759 1 2876
11879 5 8814
12492 1 1681
12525 1 1269
12653 2 1822
12730 2 980
12818 1 3788
12912 1 1229
12934 3 2463
12935 3 2445
13243 1 1319
14005 4 5769
14074 1 446
14291 1 477
14373 5 6743
14374 1 3433
14563 3 595
14880 1 1431
15075 2 3631
15651 1 868
15944 2 2753
16071 1 167
16542 1 1136
16625 1 1578
16674 1 2131
16742 1 1501
16763 2 1331
17016 1 813
17116 1 3516
17345 2 1291
17449 1 1065
17454 2 2094
17510 1 13439
17521 1 3039
17592 1 3800
17679 2 1875
17680 2 1913
17681 2 2190
17780 2 1209
17863 2 278
17893 1 1832
18087 1 2509
18137 1 1301
18395 1 6885
18678 2 1208
18735 1 1653
18926 4 1782
18965 1 20789
19182 1 914
19427 1 1218
20029 7 1532
20086 2 77
20207 1 1522
20574 1 695
21084 1 1596
21135 10 790
21136 5 857
21137 9 658
21138 1 597
21469 1 3531
21470 1 3587
21478 1 1376
21491 1 1255
21728 1 1259
22081 1 465
22166 1 1970
22206 1 2514
23014 6 3266
23053 1 151
23411 4 2833
23420 3 1191
23639 1 562
23661 1 1416
23671 1 7612
23696 1 4960
24098 2 2429
24514 1 13551
24663 1 215
24718 1 208
24849 1 4735
24878 1 533
25444 1 855
26263 5 928
26425 1 1535
26727 1 4405
27122 2 1117
27209 1 800
27339 2 681
27376 3 1008
27596 2 450
27866 9 4412
28202 1 1911
28203 1 1911
28204 1 1911
28822 1 2051
28958 1 739
28959 1 1911
28960 1 1911
28961 1 1911
28962 1 1911
28963 1 1911
28964 1 1911
29063 1 2116
29144 1 2485
29366 2 1080
29828 2 1349
30088 2 2391
30108 1 741
30273 2 2533
30303 1 5165
30435 1 1206
30511 1 2112
31045 1 24677
31105 1 989
31229 1 4414
31350 1 1047
31422 1 1455
31689 1 2682
31735 3 1164
32194 1 934
32241 2 5341
32382 1 197
32574 1 2622
32577 2 617
33091 1 10334
33148 1 713
33246 1 1782
33291 1 895
33703 2 18894
33782 1 907
33859 1 7228
34052 1 11789
34058 1 476
34069 1 1786
34291 1 1443
34298 2 6813
34300 1 1190
34537 1 2175
34711 2 280
34733 1 882
34780 1 1028
34911 1 2148
35393 1 970
35399 1 6478
35421 1 591
35520 1 1193
35535 1 1007
36402 1 2671
36441 1 1911
37110 1 1233
37196 2 1139
37327 1 1007
37435 1 517
37733 1 1162
37985 2 1036
38158 1 784
38343 1 986
38928 1 2507
38958 1 1370
39024 4 8349
39090 1 1090
39202 2 2039
39290 1 5621
39311 1 2070
39457 1 1408
40361 1 901
40448 1 3806
40499 1 2513
40521 1 1004
41439 1 2390
41726 4 2949
41863 8 758
42049 1 2797
42054 1 2132
42277 1 1075
42377 2 617
42476 3 2207
42525 1 1213
42681 3 2570
42837 1 2818
43348 2 1318
43497 2 1986
43887 1 57
44817 1 2611
44898 1 618
44955 2 7733
45098 1 1554
46174 1 2910
46341 1 792
46353 2 1094
46499 1 2017
46532 1 2752
46812 2 3767
46821 1 1634
46954 1 5186
47194 1 2096
47498 2 3543
47548 1 1393
48385 1 1169
48547 1 4836
48564 1 1430
48833 1 679
48950 1 705
49043 2 1079
49232 1 5655
49328 1 1138
50015 2 1420
50040 1 6696
50186 1 5705
50293 1 2189
50377 1 2084
50881 2 4909
50888 1 2791
50917 3 5455
51344 1 2554
51771 2 2283
52074 1 7011
52179 1 61
52508 1 1279
52568 3 838
52933 1 581
52988 1 24350
53243 1 3386
53847 1 1188
53933 1 633
54144 1 2965
54291 1 1911
54292 1 1911
54293 1 1911
54355 1 10248
54602 1 1759
54661 2 699
54891 1 403
55031 1 456
55115 1 1111
55116 1 1669
55153 7 1633
55444 1 523
55496 1 5278
55868 3 176
56658 1 1079
57844 2 1815
57945 2 2600
57998 2 863
58392 1 1911
58393 1 1911
58394 1 1911
58395 1 1911
58396 1 1911
58397 1 1911
58398 1 1911
58399 1 1911
58400 1 1911
58401 1 1911
58402 1 1911
58403 1 1911
58454 1 504
58518 1 1471
58731 1 728
58858 1 1878
58866 1 1688
59063 1 3059
59470 3 3154
59984 1 2885
60185 2 1405
60526 1 773
60558 1 453
60559 1 976
60560 1 994
60561 1 997
61013 1 1077
61014 1 609
61015 1 600
61043 1 4069
61328 1 1075
61391 2 5684
61545 1 814
61546 1 840
61547 1 853
61548 1 745
61549 1 1113
61550 1 1103
61551 3 1078
61552 1 1167
61554 33 958
61664 4 3204
61692 1 1993
61736 2 3608
61869 1 685
61892 1 3071
62500 2 685
62750 1 1350
63073 1 6062
63081 1 393
63282 1 1385
63283 1 736
63308 3 1302
63309 1 4077
63310 3 2477
63497 1 1725
64242 1 58
64273 1 1659
64507 1 1911
64508 1 1911
64509 1 1911
65399 1 3181
66117 1 1826
66277 3 1687
66819 1 6321
67022 1 1087
67050 1 1452
67123 2 678
67394 2 2122
67415 1 10077
67626 1 1388
67752 4 918
67756 3 5291
67886 2 554
68057 1 3416
68223 1 702
68322 1 1708
68355 1 1716
68656 1 1355
68690 1 1253
68732 3 3543
68785 6 204
68812 1 10319
68895 1 1911
68909 1 2457
68982 1 2244
69019 2 1114
69462 2 998
69479 1 418
69824 2 1647
71219 1 2884
71220 1 2841
71221 1 3179
71546 1 662
71705 1 10258
71894 3 2159
71895 3 3069
71896 1 3955
71897 3 2249
72168 1 1859
72217 1 1342
72256 1 1403
72257 1 1524
72258 1 1182
72259 1 1369
72307 1 3276
72477 1 1064
72986 1 1005
73102 2 238
73573 4 1075
73635 3 202
73750 1 764
73942 3 1013
73997 1 10376
74018 2 1288
74048 1 938
74201 3 1126
74432 2 3303
74522 1 1218
74575 2 2107
74762 2 2031
74926 1 367
75298 1 867
76106 1 4999
76237 1 1365
76262 1 3194
76269 1 3998
76340 1 3506
76507 1 2568
76971 1 1429
77169 1 603
77245 1 2403
77246 1 6149
77476 1 289
77555 1 1911
77556 1 1911
