fabul fabul 1810 65215343 
24 1 774
50 1 2382
139 1 733
258 1 56657
339 1 663
351 1 908
353 4 277
427 2 907
512 4 1947
559 1 4273
565 2 524
586 1 936
871 1 568
976 2 863
1085 1 5635
1138 15 803
1139 1 428
1183 1 555
1184 1 307
1195 1 693
1375 2 1253
1566 2 3548
1574 2 1436
1593 1 2577
1607 1 840
1632 1 1365
1648 1 2206
1675 1 1220
1767 3 13095
1825 4 2370
1944 1 697
1983 2 5638
2053 2 565
2083 4 4561
2192 2 5833
2197 3 1493
2198 6 2369
2226 1 1993
2227 1 1993
2228 1 1993
2274 1 1188
2427 1 1375
2454 1 491
2555 1 407
2771 1 3216
2942 1 1085
2943 1 1199
2963 1 3763
3034 1 871
3064 1 1121
3186 1 1440
3306 1 776
3307 1 711
3356 2 471
3357 1 1191
3537 1 1641
3545 1 3041
3599 1 11096
3671 6 4789
3672 3 2946
3780 2 1601
3808 1 2032
3812 1 503
3829 2 1698
3830 1 273
3911 1 402
3954 4 1862
3955 2 1130
4015 1 1212
4016 4 4260
4086 2 1508
4106 1 2006
4124 1 338
4130 1 373
4187 1 7906
4359 1 2427
4376 1 2069
4377 3 1760
4460 1 3587
4462 1 6187
4536 1 1087
4620 1 2669
4637 1 1404
4645 1 2574
4667 5 3501
4821 2 2178
5140 1 1465
5243 1 876
5272 1 1109
5274 1 1327
5318 1 469
5342 1 322
5543 1 747
5622 1 603
5667 1 630
5817 1 1401
5818 1 1243
5923 1 1033
5924 2 562
5936 3 3330
5938 1 5865
6044 1 2681
6462 1 1665
6635 1 592
6822 10 363
7060 1 3208
7464 1 146
7465 1 142
7466 1 145
7475 1 147
7476 1 151
7480 3 134
7491 1 7708
7614 1 1058
7666 1 709
7688 2 1312
7720 2 1667
7723 2 4731
7772 3 1666
7773 1 7884
7844 1 62
8014 1 1956
8121 1 891
8145 1 1136
8180 3 1237
8186 1 671
8191 1 1326
8204 4 4600
8228 8 1519
8234 2 369
8371 2 1170
8380 1 2765
8408 2 5505
8409 1 3217
8430 2 1338
8445 1 823
8470 1 1947
8503 1 523
8546 1 2592
8569 1 314
8616 1 474
8751 1 1100
8752 1 987
8836 1 1224
8854 2 494
9005 1 45220
9006 1 34059
9019 1 1294
9098 1 774
9099 1 766
9101 1 680
9199 1 375
9222 1 928
9244 1 684
9307 1 1394
9309 1 998
9325 1 4336
9383 1 1234
9403 1 3133
9440 1 650
9471 3 2467
9472 3 2285
9505 2 3959
9550 1 344
9668 1 1757
9669 1 794
9673 1 700
9678 1 1073
9679 1 1078
9705 2 1643
9772 1 1023
9793 1 1284
9830 2 1997
9831 3 1501
9840 1 1435
9847 1 434
10033 1 8876
10036 1 3455
10050 2 585
10104 1 780
10115 1 1153
10213 1 535
10286 6 1058
10344 1 2552
10376 1 1058
10456 1 2992
10489 4 1420
10572 1 1089
10573 1 1085
10574 1 1648
10575 1 3815
10667 1 1994
10671 1 1284
10711 1 1129
10843 2 1551
10957 1 482
11035 1 1021
11197 1 776
11204 1 1481
11261 1 479
11408 1 1192
11439 1 307
11572 1 263
11704 1 759
11759 1 2876
11849 1 351
11955 1 1189
12121 1 1787
12165 1 1159
12198 1 1432
12201 1 1165
12223 1 6167
12247 1 2230
12421 1 2680
12580 1 796
12582 1 821
12612 1 1451
12625 1 647
12627 2 4932
12628 4 1841
12630 1 1046
12648 1 1081
12699 2 1939
12712 1 2391
12783 2 4316
12853 1 547
12934 5 2463
12935 5 2445
12949 1 2158
12997 1 699
13004 2 2478
13105 1 2565
13153 3 1159
13229 1 3224
13242 3 2319
13245 1 1191
13246 1 1368
13300 1 427
13321 2 4863
13470 1 2696
13472 1 2549
13479 1 5487
13575 1 2070
13576 1 2787
13804 4 923
13841 3 4015
13861 1 3305
13862 1 3335
13863 1 3445
13875 1 2890
13877 1 1054
13882 1 1352
13965 1 3628
14068 1 2470
14186 3 244
14193 1 2538
14212 2 12149
14320 1 646
14417 2 826
14504 1 908
14528 1 1229
14652 1 1186
14675 1 1701
14699 1 803
14776 6 1585
15026 1 481
15071 2 2697
15073 1 2133
15438 1 1008
15472 1 893
15484 1 794
15486 1 830
15516 1 990
15666 2 534
15944 4 2753
16257 1 6019
16258 1 7609
16282 1 579
16341 2 9421
16457 1 672
16488 1 817
16492 1 3998
16540 1 2127
16714 2 938
16810 1 2137
16832 1 690
16918 2 1281
16934 2 763
16935 1 3050
16948 2 966
16958 4 5800
17018 1 1528
17061 2 3094
17062 1 3596
17157 2 1062
17334 1 2470
17403 1 1207
17411 1 441
17456 1 1175
17510 1 13439
17521 1 3039
17542 1 762
17570 3 5402
17574 1 904
17642 1 966
17648 1 1079
17692 1 993
17707 2 684
17764 1 677
17810 1 1705
17815 3 2708
17893 1 1832
17898 1 592
17988 1 899
18004 1 5488
18087 4 2509
18173 1 1152
18263 1 2623
18327 2 1514
18431 2 579
18434 1 768
18597 1 6498
18622 2 5539
18654 1 15696
18759 1 2997
18773 1 1318
18813 1 1761
18833 6 899
18854 1 1094
18866 1 1969
18880 2 2491
18945 1 6732
18955 1 1036
18956 1 1036
19063 1 909
19079 1 16454
19182 1 914
19188 2 737
19377 1 1170
19629 1 923
19664 1 4781
19685 1 4688
19885 2 1727
19892 1 2205
19896 1 4758
20027 1 1905
20054 1 630
20154 3 3393
20200 2 30304
20425 2 3934
20713 1 3777
20806 4 1566
20807 1 2241
20811 3 4558
20916 3 2792
20937 1 3666
21006 1 1452
21074 1 5552
21186 1 1061
21226 2 2663
21251 1 1022
21361 1 1874
21391 1 4613
21423 2 1871
21428 1 695
21459 1 817
21567 1 468
21641 1 1648
21655 1 1486
21668 1 1337
21669 5 1370
21686 1 221
21729 2 789
21756 1 2820
21852 2 6758
21897 1 2020
21900 1 1945
21905 1 688
21922 1 2981
22053 1 977
22097 1 1488
22143 1 2573
22166 1 1970
22198 1 2137
22510 1 744
22511 1 845
22522 1 1218
22547 1 5064
22592 1 2031
22599 2 2198
22761 1 198
22920 1 1081
23279 4 267
23283 1 4182
23408 1 5715
23411 1 2833
23464 1 3921
23673 1 552
23687 1 2530
23732 2 4739
23805 1 590
23814 1 396
23847 1 863
23909 1 969
24354 1 541
24397 1 1053
24424 1 2471
24513 1 1816
24514 2 13551
24517 1 824
24542 1 979
24661 1 895
24725 1 980
24789 2 4093
24808 1 1607
25028 1 1149
25120 1 1142
25242 1 2763
25306 1 1017
25349 1 715
25390 1 753
25424 1 934
25472 1 1286
25530 1 1188
25655 1 2371
25764 1 2679
25783 1 3260
26095 2 5070
26139 1 1202
26218 2 3037
26235 1 3242
26238 1 1609
26358 1 830
26463 1 563
26471 1 1612
26498 1 32423
26539 1 1346
26568 1 208
26669 3 2034
26690 1 556
26707 1 536
26741 1 777
26915 2 332
26941 1 630
27204 1 1300
27219 2 1024
27284 2 1496
27395 1 1232
27396 3 2172
27404 1 539
27411 3 1330
27429 1 658
27430 1 1623
27482 1 762
27522 2 2865
27524 2 2332
27537 1 952
27747 2 1674
27779 1 4121
27880 1 1171
27974 1 1432
28053 1 535
28061 1 1621
28063 2 1017
28075 2 2788
28121 2 981
28123 1 7111
28188 2 368
28189 1 340
28257 1 3449
28259 2 6624
28309 1 847
28490 1 1612
28566 1 474
28702 1 1503
28707 1 606
28777 1 646
28796 1 2216
28856 3 1048
29343 2 841
29446 1 2735
29447 1 335
29533 1 1384
29571 4 1682
29668 1 664
29785 1 1968
30032 2 647
30042 1 897
30128 1 1329
30166 3 953
30180 1 993
30351 1 4754
30352 1 5973
30394 3 1246
30455 2 1134
30506 2 1016
30540 1 3125
30750 1 1681
31040 1 1514
31041 1 1280
31045 1 24677
31080 1 940
31227 1 927
31239 1 429
31336 1 599
31337 1 5832
31347 2 1893
31360 1 3008
31410 1 2031
31546 1 3809
31563 2 728
31631 2 2970
31641 1 856
31674 1 668
31731 13 3982
31930 1 4739
31931 2 1507
31933 1 1078
32027 1 1475
32125 1 1327
32133 1 1043
32150 3 2832
32208 2 2672
32245 1 444
32386 1 2500
32551 1 1569
32694 1 2647
32745 1 1022
32746 24 2142
32752 1 2880
32805 1 1054
32885 1 422
32958 1 1960
32986 1 3067
33091 1 10334
33137 1 546
33263 1 532
33290 1 1065
33291 3 895
33292 4 813
33328 1 3420
33403 1 5506
33430 2 1572
33494 2 11341
33600 1 711
33607 1 1916
33710 1 1002
33724 1 1476
33831 1 6374
33930 1 264
34069 1 1786
34151 2 1688
34282 1 991
34351 1 2425
34394 3 8616
34396 3 5213
34449 1 3565
34548 1 2298
34673 2 2293
34777 1 802
34795 3 4142
34810 27 432
34912 4 177
34940 1 289
34955 2 822
34990 1 5418
35062 1 680
35149 3 9307
35296 1 461
35387 2 4967
35415 2 1578
35442 3 1433
35461 2 1748
35470 2 379
35530 1 533
35660 1 1256
35731 1 931
35750 1 1877
35774 1 3657
35787 1 681
35891 2 2019
35937 1 4486
35955 2 1580
35985 1 905
35989 1 5185
36109 1 12698
36156 1 766
36236 2 485
36300 6 3570
36383 1 2040
36732 1 18263
36738 1 1296
36756 1 1035
36798 1 823
36915 1 866
36953 1 562
36962 1 5960
37040 2 2087
37046 2 995
37053 1 2470
37196 2 1139
37197 2 3237
37261 1 1582
37267 2 1801
37310 1 7113
37428 1 810
37436 1 9722
37472 1 774
37582 1 386
37892 1 5282
37938 1 449
38072 1 763
38073 1 1947
38074 1 1582
38135 1 2718
38168 5 976
38224 1 2141
38225 1 482
38366 1 781
38474 1 637
38520 1 1239
38541 1 691
38551 1 468
38555 1 946
38633 1 1558
38791 2 284
38794 2 2594
38796 1 3677
38802 1 4212
38808 2 2666
38851 1 4217
39083 1 2721
39085 1 4795
39148 2 4610
39161 1 754
39170 1 1347
39256 1 1626
39278 2 5705
39279 2 5440
39280 1 2767
39306 4 1355
39497 3 5496
39560 1 376
39887 1 2182
39962 1 182
39978 4 30166
39989 1 423
40024 1 2366
40053 4 3632
40091 1 952
40122 1 374
40173 1 652
40244 2 234
40369 1 479
40398 1 739
40430 1 1721
40438 1 4462
40442 1 948
40448 19 3806
40477 3 957
40547 1 1707
40549 1 1360
40574 1 1463
40605 1 1458
40627 1 1351
40679 2 88
40781 1 1183
40954 1 224
40979 2 841
41012 1 593
41024 1 1187
41057 1 3871
41072 1 1072
41102 1 1491
41439 1 2390
41541 1 1241
41682 1 2132
41720 1 1655
41817 1 353
41872 1 719
41935 1 1302
42025 2 9933
42028 5 3931
42029 1 766
42051 1 2366
42053 2 3174
42085 2 6194
42129 2 4735
42169 1 789
42284 1 1827
42305 1 1661
42362 1 10503
42416 1 1931
42437 1 602
42499 1 208
42525 1 1213
42627 2 1127
42673 1 1898
42682 1 3838
42767 1 8035
42835 1 2837
42855 2 3481
42996 1 532
43006 3 834
43551 2 1826
43579 1 1057
43641 1 1904
43798 2 5617
43804 1 3750
44015 5 862
44030 1 250
44092 3 720
44106 1 3394
44110 1 1335
44164 1 811
44208 2 832
44212 2 1650
44277 1 823
44317 1 1018
44372 1 5509
44442 1 1179
44447 1 1998
44551 1 500
44707 1 6048
44812 1 1515
44821 3 536
44925 1 3438
44937 1 1292
44957 1 10010
45846 1 1458
45859 2 21421
46133 1 1219
46168 5 2539
46172 1 1337
46173 1 1062
46388 1 81863
46608 1 297
46811 4 2035
47085 26 661
47192 1 687
47208 1 1552
47245 2 6757
47329 1 667
47343 1 652
47469 4 1680
47531 1 491
47664 1 2616
47898 1 1891
47979 1 4184
48001 1 701
48031 1 4280
48102 1 1483
48206 1 1787
48211 1 297
48267 2 4317
48268 4 5058
48269 4 11120
48271 1 1700
48379 2 6270
48470 1 2310
48638 1 1013
48668 2 536
48683 2 1360
48699 2 652
48747 2 1809
48855 1 1420
48888 2 1840
48921 1 2787
48984 1 574
49077 1 1137
49103 1 1168
49128 1 643
49177 1 590
49325 1 1700
49326 1 1671
49502 1 623
49536 1 598
49547 1 182
49600 1 1153
49676 1 756
49677 1 991
49684 2 361
49706 1 1142
49714 1 1703
49844 1 6972
49968 1 451
49984 1 1693
50234 1 625
50278 1 1086
50279 1 914
50280 1 1252
50281 1 1237
50282 2 1250
50283 1 1595
50428 1 1275
50480 1 820
50636 1 674
50812 1 1028
50870 1 908
50917 2 5455
50950 1 1239
50952 1 882
51006 1 2540
51066 1 2595
51135 1 791
51170 2 643
51326 1 2077
51523 1 1944
51843 2 6718
51891 1 6407
51892 1 4521
51978 1 8282
52027 3 545
52033 1 1709
52102 1 856
52149 1 1612
52357 1 308
52396 4 4756
52397 1 4823
52460 5 768
52479 1 407
52484 1 5765
52508 1 1279
52552 1 1311
52616 1 3287
52627 1 1261
52628 1 1306
52629 1 1444
52684 1 642
52685 1 918
52876 1 434
53081 1 1072
53083 1 538
53093 1 729
53124 1 2131
53137 1 1658
53143 1 2969
53158 2 9225
53351 1 584
53430 1 48057
53482 1 1226
53492 1 606
53513 1 936
53514 1 935
53515 4 1570
53651 1 1909
53702 1 194
53866 1 1764
54138 1 2492
54183 1 2128
54483 1 1091
54509 1 3235
54619 1 10647
54868 1 837
55054 1 4966
55117 1 1442
55140 1 1485
55303 1 908
55456 1 2236
55550 2 2151
55585 1 660
56029 1 4442
56114 1 131
56223 2 5116
56227 3 1370
56252 1 1993
56253 1 1993
56440 2 1858
56499 1 463
56686 1 542
56690 1 677
56691 4 459
56796 1 443
56962 1 422
56969 1 1209
57187 1 1332
57190 1 1657
57332 1 1029
57378 1 613
57415 1 2127
57433 1 990
57476 1 1805
57768 1 232
57821 2 4929
57935 1 740
58247 2 19391
58340 1 1736
58435 2 1168
58479 1 963
58725 1 443
58727 2 874
58731 1 728
58805 1 615
59063 1 3059
59152 1 2763
59223 1 726
59246 3 1035
59306 1 655
59397 1 3596
59420 1 1188
59421 1 1923
59565 1 1703
59627 1 4734
59630 1 5288
59670 1 1595
59868 1 1987
60064 1 3872
60065 1 3606
60134 1 1270
60161 1 173
60179 1 867
60419 1 2011
60507 1 4075
60540 1 596
60575 2 2732
60669 1 871
60687 2 380
60825 1 2017
60935 1 2979
61096 1 990
61194 1 1390
61229 2 1257
61317 3 1385
61331 4 2243
61389 1 4011
61444 3 1534
61506 1 3406
61527 1 2751
61602 1 1097
61635 1 2149
61676 1 1974
61680 1 2168
61736 2 3608
61822 1 5496
61892 1 3071
61905 1 1182
61914 1 972
61976 2 4025
61988 2 1244
62009 1 1118
62013 2 1235
62034 1 3365
62041 1 1021
62218 3 2462
62226 1 276
62434 1 1233
62450 1 725
62553 1 1227
62589 1 558
62791 1 2675
62911 1 649
62933 1 987
63069 1 2009
63073 2 6062
63074 1 4609
63075 1 3050
63076 1 3881
63077 4 5251
63147 1 1729
63172 1 1456
63287 1 2749
63521 1 1186
63624 1 411
63634 2 5269
63701 1 2880
63831 1 923
63965 1 1353
64012 1 1614
64294 1 2023
64350 3 20899
64593 2 329
64611 1 2134
64883 1 636
64884 1 785
64895 1 1024
64992 1 1017
65004 1 972
65034 1 3956
65104 1 8712
65129 1 15643
65399 2 3181
65421 1 3586
65433 2 2178
65464 1 2107
65474 1 1571
65650 1 702
65684 1 17249
65700 1 1274
65748 1 1674
65772 1 969
65905 1 1164
65944 1 4400
65945 1 2536
65968 1 1412
65995 1 6936
66056 2 1412
66162 3 3524
66238 1 327
66344 1 619
66533 1 1245
66536 1 727
66539 1 329
66554 1 713
66567 1 1232
66610 1 1775
66615 1 2064
66623 1 1360
66655 1 565
66722 11 276701
66723 1 1267
66791 1 253
66797 1 1766
66820 1 524
66881 1 1029
66979 1 1596
66988 2 771
67196 1 2129
67261 1 1409
67266 3 4007
67406 1 1549
67415 2 10077
67494 2 779
67543 1 975
67578 1 750
67584 1 3111
67615 1 840
67634 1 792
67671 2 6735
67674 1 1995
67689 1 7619
67712 4 2699
67744 1 828
67892 1 1691
67900 4 1945
67902 1 1015
68015 4 6966
68028 1 481
68060 2 1384
68159 1 6709
68192 2 2334
68197 2 625
68205 2 1021
68210 1 1864
68355 1 1716
68645 1 636
68664 1 3316
68752 1 1201
68777 1 1669
68823 1 2312
68964 1 11197
69021 1 861
69320 1 611
69398 1 293
69424 1 631
69436 1 1123
69825 1 2564
69855 1 1583
70236 1 3474
70279 1 12383
70342 1 1205
70395 1 1507
70457 1 226
70583 1 837
70608 1 575
70635 1 846
70841 2 8361
70904 1 144
70915 5 641
71305 2 2754
71546 1 662
71549 1 2186
71630 1 3469
71691 1 1602
71697 1 1008
71854 1 4173
72045 1 2213
72146 1 1354
72162 1 694
72242 2 1531
72261 1 1341
72306 1 2081
72307 1 3276
72372 1 1766
72394 1 753
72414 1 1956
72420 1 2515
72437 1 8964
72505 1 581
72586 1 700
72622 1 527
72645 1 521
72650 2 6445
72775 1 2072
72802 1 1368
72838 1 1838
72870 1 1077
72899 1 20275
72912 1 1794
72920 1 5462
72938 1 10696
72975 1 2128
73008 1 5555
73025 1 517
73155 1 3609
73211 1 1314
73221 4 4913
73222 12 3558
73302 1 805
73483 2 1287
73497 1 632
73519 1 380
73534 3 748
73700 1 134
73753 4 1851
73973 1 800
74018 2 1288
74048 1 938
74098 1 877
74156 1 1504
74428 5 1716
74537 14 549
74634 1 1283
74645 1 6253
74661 1 1665
74794 1 1782
74913 1 602
74916 1 1608
74931 2 2115
75047 1 1177
75068 1 1333
75117 1 848
75151 1 1586
75166 1 1252
75169 1 9895
75201 1 472
75468 1 1247
75497 1 1847
75534 2 9607
75753 1 1935
75837 2 766
75982 1 700
76031 1 1946
76073 1 782
76162 1 3412
76268 1 1592
76269 4 3998
76298 1 1324
76344 2 2359
76432 1 281
76570 1 1218
76577 2 2515
76588 3 1544
76598 1 627
76649 2 514
76670 1 2879
76690 1 2184
76719 1 1182
76777 1 1440
76838 1 587
76878 2 829
77091 1 1850
77233 2 4265
77371 1 683
77390 1 3306
77450 3 5940
77541 1 801
77652 1 3016
77760 7 1117
77797 1 427
77829 1 983
77843 3 756
77948 1 3393
77949 1 2982
78074 1 1554
78123 1 461
