schizophrenia schizophrenia 225 65215343 
55 1 514
646 1 836
672 6 2537
1767 1 13095
2716 1 4798
3835 1 1418
6455 1 1900
6579 6 4887
7051 1 1111
7052 1 1095
7053 1 1076
7054 2 1061
7055 1 2879
7056 1 1035
7716 1 391
8409 9 3217
8732 2 2463
8890 1 5449
9771 1 1844
10449 1 525
10670 1 1360
11966 1 751
12692 1 5477
12814 1 46677
13039 1 807
13379 1 1294
14274 4 2909
14289 1 1413
16480 2 1705
16481 1 1327
16482 1 1003
17059 1 1292
17060 2 2388
19681 2 10198
21266 6 4449
21418 1 1031
21419 1 751
21420 1 4351
21421 1 1866
21422 1 2156
21568 1 3870
21858 1 2839
22137 1 4439
22138 1 4091
23489 1 7818
24488 1 1218
26477 2 1705
28750 1 4089
28915 2 1324
29884 6 3052
30127 2 2006
30693 1 403
32193 1 678
32345 3 1361
32871 1 1078
33279 2 1074
34662 1 1885
37893 1 7547
38620 1 1203
38841 1 1307
38991 1 1489
40585 2 1235
40595 1 1611
40788 1 1583
41888 1 1197
42949 6 2799
43358 1 372
43890 2 2794
45201 1 941
45251 6 2817
45733 1 370
46079 3 1905
46823 1 817
47834 1 331
47848 1 2980
48545 1 3140
48625 1 282
48912 1 2452
49919 1 2203
50529 1 4267
51107 1 457
51324 2 2010
51325 1 1021
51469 3 1403
52244 1 1659
53103 1 1051
53398 1 1658
53519 1 1735
54212 1 1573
54355 1 10248
56881 1 4650
58467 1 4185
60074 1 1151
60505 6 2933
61043 6 4069
62697 2 1926
63309 6 4077
64376 2 2975
64559 1 4363
65455 1 504
65576 1 4667
65999 1 7992
66226 1 1366
66994 6 2517
68132 1 2295
68180 1 567
68737 1 3173
68812 1 10319
68960 1 1724
70434 1 1090
71705 1 10258
71719 1 940
71896 12 3955
72591 1 2016
73383 2 308
74612 1 1132
74822 1 5130
74877 2 3262
76077 1 1366
76353 3 3328
76436 1 1234
76491 1 1557
77242 1 1714
78121 6 3206
