nh nh 1317 65215343 
14 2 616
64 2 774
108 2 266
121 2 952
153 3 145
374 2 1582
379 1 309
406 1 1543
565 2 524
677 2 300
759 1 1985
772 1 1607
988 1 2173
989 1 1444
1028 1 1298
1512 1 8417
1547 1 577
1636 1 752
1825 2 2370
1956 3 3792
1978 1 1775
1987 5 434
1997 11 349
2169 1 1619
2192 1 5833
2244 1 2544
2443 3 1069
2444 3 352
2645 2 952
2825 1 2998
3026 1 1747
3028 1 1955
3029 2 1873
3384 1 1216
3385 1 478
3541 1 551
3598 1 2141
3599 1 11096
3712 1 1548
4051 1 2046
4053 1 3172
4211 1 6879
4301 6 739
4428 1 2072
4453 1 1290
4528 1 1567
4630 1 764
4670 3 912
4758 10 756
4837 1 2109
4961 2 1198
5189 2 3419
5269 1 587
5396 5 6921
5418 1 1906
5611 2 8061
5894 6 4730
5960 1 1674
6552 3 965
6578 1 2792
6579 3 4887
6617 2 719
6671 1 591
6834 1 904
7077 1 1610
7497 1 1070
7577 4 2093
7578 15 5752
7688 1 1312
7704 1 3369
7705 1 4973
7708 1 1422
7709 1 2370
7710 1 4326
7724 1 1797
7727 1 2490
7767 1 3013
7769 2 958
7987 1 1204
8173 1 961
8270 1 1577
8293 1 3686
8304 1 777
8327 1 1437
8405 1 941
8439 1 190
8466 1 2863
8508 2 5791
8630 1 989
8654 8 719
8705 2 292
8890 3 5449
9145 1 1263
9175 1 1821
9442 1 1261
9580 1 1345
9613 1 1310
9963 3 816
9997 1 1079
10056 1 16686
10067 1 2395
10068 1 1756
10248 1 741
10249 1 1601
10480 1 1599
10569 1 1399
10583 1 635
10852 1 582
10941 1 764
11014 1 709
11203 3 1794
11466 1 2113
11467 1 3152
11492 1 7197
11858 1 4134
11968 1 1385
12111 3 1131
12223 1 6167
12507 1 2373
12514 2 6560
12521 1 347
12835 1 985
12885 1 6601
13071 1 434
13157 7 3217
13319 1 968
13456 1 686
13532 7 1389
13548 2 6866
13578 1 642
13607 1 814
13614 1 1453
13871 3 6056
14050 1 917
14171 4 284
14211 2 1561
14429 4 2422
14501 1 1641
14597 1 6925
14692 1 3976
14878 1 3248
15278 1 799
15868 1 2468
16004 1 1576
16035 1 631
16178 1 4155
16260 1 4783
16312 1 792
16330 7 585
16633 1 249
16813 1 4537
16926 2 1923
16989 1 971
17035 1 467
17074 1 721
17173 2 1072
17207 1 1171
17208 1 859
17209 1 818
17211 1 2036
17212 1 2040
17244 1 10025
17334 2 2470
17378 1 3128
17821 1 615
17844 2 5452
17854 3 3854
17984 11 321
17988 1 899
18030 1 984
18279 1 609
18292 1 822
18410 2 925
18415 11 5822
18423 1 616
18467 1 1259
18648 1 1076
18653 1 4815
18812 2 1141
18966 5 7427
19095 11 4478
19368 1 1125
19544 1 1036
19681 13 10198
19692 2 692
19712 6 548
19826 1 564
19885 1 1727
19887 1 3613
19888 1 1794
19889 1 7969
19893 1 6194
19896 1 4758
19898 1 4338
19902 2 3107
20015 1 2199
20016 1 3043
20305 2 953
20306 2 951
20621 3 2416
20777 1 1519
20778 1 4580
20935 1 1544
20995 1 1840
21056 1 1401
21060 2 2143
21061 2 2416
21204 1 712
21540 1 2076
21541 1 2076
21560 1 1658
21568 1 3870
21750 1 1034
21779 1 1083
21833 3 1883
21858 11 2839
21986 1 1177
22453 1 1650
22909 1 1035
23014 1 3266
23126 1 2676
23221 1 647
23228 1 801
23583 1 3023
23637 1 2848
24139 1 1298
24169 1 2066
24753 1 951
24772 3 1350
24864 1 3090
24873 1 789
25250 1 1859
25251 1 1958
25252 2 950
25515 2 1521
25713 1 3056
25766 1 1160
25859 1 577
26054 3 1978
26106 1 245
26300 1 461
26365 1 814
26502 2 3975
26525 1 2013
26701 1 827
26702 1 2067
26705 2 1443
26727 1 4405
26754 3 1464
26798 2 597
27125 4 1153
27160 1 828
27313 1 613
27343 1 2701
27519 1 1928
27878 7 1265
28209 1 192
28454 1 5320
28668 2 748
28761 1 956
28974 1 254
28993 1 559
29167 1 506
29200 6 1552
29229 1 36
29851 1 1758
29875 1 2653
29878 1 1144
29891 1 4871
30236 3 42
30324 1 729
30555 50 4027
30604 2 1396
30609 1 3139
30758 1 898
30846 8 2865
30901 14 595
30977 2 950
30978 2 951
30979 2 952
30980 2 951
30981 2 952
30997 1 957
31311 1 3229
31521 10 3875
31617 1 1388
31707 1 7220
31735 1 1164
31845 2 951
31846 2 952
31847 2 951
31866 1 800
32216 2 1582
32426 1 3386
32567 1 588
32608 2 1910
32986 1 3067
33126 1 264
33404 2 397
33571 6 1163
33572 6 1301
33573 6 1218
33574 6 1229
33575 6 1216
33576 6 1268
33588 1 990
33697 1 1438
33874 1 987
33917 1 1937
33937 3 14231
34026 2 1201
34154 1 547
34462 1 1693
34464 3 664
34538 1 177
34578 1 2374
34853 2 950
35398 2 4556
35683 1 1542
35856 2 1565
36291 1 4374
36308 6 781
36343 1 1778
36397 1 8678
36398 1 8678
36403 1 2989
36404 1 2989
36405 1 2989
36873 1 4539
36912 1 1844
36987 1 1333
37027 1 579
37457 7 3293
37459 1 679
37460 1 696
37558 1 517
37603 1 558
37620 2 1774
37624 4 782
37906 1 1709
38094 4 2311
38095 1 901
38105 1 1881
38435 1 1582
38680 1 834
38708 3 486
39042 7 3251
39078 2 336
39132 1 3874
39194 1 764
39278 3 5705
39327 1 897
39329 1 32477
39401 2 3431
39490 1 939
39854 1 413
39929 3 1959
39993 1 6188
40113 2 2948
40301 1 1617
40308 1 533
40413 1 455
40550 1 3684
40669 1 995
40670 1 2018
40950 1 408
40951 1 869
40966 1 1237
41104 2 671
41114 1 2690
41117 3 1658
41155 1 985
41184 1 7879
41270 1 1544
41321 3 1040
41370 1 650
41527 1 666
41818 5 3884
42032 1 351
42243 1 112
42422 1 5724
42425 4 5948
42477 1 1308
42514 1 390
42601 1 2101
42894 4 1338
43026 1 1259
43620 1 1150
43911 1 678
44354 5 929
44787 1 1714
44788 1 1806
45216 1 1285
45346 1 509
45378 3 845
45380 2 4227
46697 1 1569
46730 2 1979
46774 9 2182
46954 1 5186
47132 2 951
47247 2 561
47647 1 5076
47667 1 752
47692 1 876
47716 4 680
48078 1 11919
48385 1 1169
48559 1 667
48673 1 6093
48902 9 4234
49015 4 2835
49174 1 9273
49175 2 9938
49341 1 2395
49345 1 2775
49346 1 1190
49347 1 1309
49348 1 2857
49349 1 2177
49350 1 2540
49432 1 181
49475 1 367
49534 1 1337
49662 1 2884
49683 4 761
49731 1 975
49751 3 846
49827 1 721
50020 1 1485
50027 1 1114
50028 1 1566
50031 1 1861
50209 1 1735
50210 1 2088
50213 1 1995
50214 1 1560
50216 1 1284
50290 1 570
50293 2 2189
50472 1 597
50550 2 887
50779 1 1410
50870 1 908
50936 3 3155
50987 1 957
51085 1 599
51338 1 759
51585 5 3964
51659 6 1205
51660 6 1249
51768 1 1070
51886 16 1112
51957 1 615
52036 1 229
52184 1 4601
52254 1 736
52450 3 1698
52544 1 877
52600 1 3746
52606 2 952
52659 2 82
52988 1 24350
53028 1 674
53100 1 928
53123 1 1339
53124 1 2131
53130 4 979
53159 1 2323
53167 1 1157
53449 1 1037
53602 1 1819
53720 1 386
53925 1 1795
54112 2 491
54140 1 1791
54189 1 436
54206 2 1036
54233 1 519
54355 1 10248
54453 2 950
54454 2 951
54455 2 953
54866 1 301
54968 1 481
55109 6 693
55435 1 640
55439 3 144
55498 1 5155
56194 1 1968
56282 1 1567
56283 1 1928
56384 1 54
56555 3 1013
56602 1 1212
57287 1 1705
57367 1 2359
57767 1 1708
57989 1 3603
58064 2 197
58219 5 690
58851 1 381
58897 1 1028
58899 3 1039
59171 1 1633
59211 2 3035
59302 1 1303
59348 2 10477
59442 1 1743
59469 2 4789
59568 1 1774
59569 3 1463
59595 2 651
59618 2 1895
59621 2 2882
59863 1 608
59929 1 865
60158 2 1763
60182 1 507
60199 3 3044
60215 3 2296
60461 4 374
60475 1 1223
60529 1 1952
60658 1 23
60671 1 3451
60953 1 2570
60955 1 1899
60956 1 2287
60957 1 3093
61027 1 72
61043 1 4069
61091 1 1682
61391 5 5684
61669 2 5944
61701 2 1679
61818 1 1458
62176 2 3929
62329 1 4513
62334 3 499
62618 5 447
62728 1 3125
62767 1 14162
62777 6 1035
62839 3 1047
62840 1 1377
62851 3 1797
62877 1 1563
63067 1 713
63068 1 2332
63092 1 798
63161 1 1664
63162 1 1516
63163 1 2048
63164 1 2016
63165 1 2124
63166 1 2579
63167 1 3539
63168 1 2328
63197 2 7220
63308 1 1302
63309 1 4077
63310 1 2477
63329 1 1339
63516 1 644
63618 1 522
63708 1 2012
63986 1 1741
64012 1 1614
64094 1 3694
64321 1 668
64382 1 392
64398 4 703
64587 1 1027
65078 1 1249
65079 1 1254
65080 1 1255
65525 1 1339
65558 1 385
65683 1 404
65703 2 991
65790 4 5117
66277 1 1687
66478 1 1388
66647 4 446
66848 1 565
66947 3 18231
67021 1 6450
67069 3 531
67070 1 1258
67316 2 2577
67342 1 6010
67354 1 709
67362 1 752
67446 1 1396
67454 2 5854
67761 1 1455
67762 1 1401
67889 1 2813
68159 2 6709
68170 7 586
68199 3 1903
68223 1 702
68302 1 753
68303 4 942
68304 1 1362
68326 3 2529
68346 1 2235
68446 1 3669
68757 4 1151
68812 1 10319
68885 1 757
69445 1 2697
69908 7 420
70207 3 10208
70759 1 32
71338 1 2157
71352 1 1829
71580 1 1716
71582 1 1381
71634 5 2564
71705 1 10258
71708 4 551
71803 2 952
71804 2 952
71809 2 1200
71894 1 2159
71895 1 3069
71896 1 3955
71897 1 2249
72382 1 4049
72397 1 512
72617 1 5161
72647 5 1477
72703 1 824
72767 1 788
72818 1 952
72864 5 597
72924 1 1464
73214 2 1029
73252 1 2017
73253 1 2048
73378 4 534
74275 1 1747
74415 17 2117
74430 1 1251
74689 1 120
75510 3 1060
75531 1 1582
75532 1 2113
75635 1 1633
76130 1 669
76165 1 1767
76252 2 2304
76423 1 1266
76526 1 4857
76597 1 565
77044 2 396
77058 1 1110
77127 1 1709
77147 1 987
77809 1 360
77818 2 6471
77819 16 3260
77826 1 1385
78087 1 620
78117 1 1978
78120 1 274
