outcom outcom 1462 65215343 
131 3 14882
233 1 1974
248 2 5568
266 1 1509
304 1 996
352 1 2404
359 1 1896
461 2 5431
504 1 11283
557 1 3639
647 2 974
670 1 821
911 1 1508
966 1 6046
992 2 3872
993 1 10702
1051 1 1264
1081 1 980
1084 1 1247
1119 1 1874
1173 1 1598
1178 1 1530
1213 1 3659
1269 1 5091
1512 2 8417
1562 1 712
1567 2 2163
1583 1 4414
1585 1 1512
1631 1 977
1634 2 30082
1658 1 1529
1821 1 2804
1834 1 1298
1934 1 685
1980 1 1830
1983 1 5638
2214 1 1202
2220 1 2126
2235 1 1852
2319 1 1162
2349 2 421
2362 1 3506
2366 1 2774
2441 1 7506
2442 1 1034
2526 1 779
2809 2 8131
3097 2 1399
3153 2 832
3216 1 187
3285 1 550
3364 1 1238
3371 1 766
3372 1 940
3383 5 10722
3409 1 3574
3410 4 11224
3499 1 1513
3614 1 1689
3751 2 841
3773 2 2479
3831 1 3725
3832 1 7941
3847 1 27149
3848 1 1280
3996 1 1340
4077 1 648
4081 2 2482
4101 1 3929
4171 1 2956
4185 1 1839
4196 11 6780
4198 2 1153
4199 1 820
4417 1 4384
4579 1 1909
4620 1 2669
4697 1 447
4740 1 2057
4823 2 1869
4837 1 2109
4887 1 1082
4906 4 8000
4907 4 8001
4908 4 8001
4909 1 4646
4910 1 4646
4911 1 4646
4912 3 7415
4917 1 4602
5238 1 1215
5415 1 3073
5423 1 801
5454 2 6641
5576 1 4592
5580 1 6581
5613 1 1513
5668 1 1182
5867 1 5884
5935 2 2831
6170 1 854
6296 1 3125
6337 1 3747
6351 1 1596
6527 1 1415
7051 1 1111
7055 1 2879
7079 1 4960
7505 1 4997
7511 1 2036
7570 1 9650
7571 1 5357
7573 1 4835
7577 1 2093
7578 1 5752
7582 2 727
7589 1 961
7710 2 4326
7741 1 527
7744 1 2378
7975 1 2578
8045 1 2218
8051 1 1966
8139 1 4927
8152 2 6009
8297 1 12133
8317 1 1157
8460 1 2825
8549 1 660
8571 1 2786
8663 1 1004
8913 2 12589
8997 2 599
9006 3 34059
9008 1 998
9173 1 6443
9198 1 1104
9238 1 2921
9302 1 3665
9492 1 6158
9604 1 2143
9783 1 1288
9794 1 736
9795 3 6831
9806 1 6009
9813 1 793
9842 1 222
9929 1 506
10022 2 3292
10023 2 1926
10024 2 1900
10074 1 915
10077 1 861
10083 1 2180
10101 1 12486
10271 1 930
10317 1 4163
10409 1 1748
10568 1 3196
10572 1 1089
10591 1 7784
10599 1 1369
10678 1 694
10763 1 2030
10845 1 2183
10926 2 857
10979 2 1181
11124 1 1521
11132 1 1530
11151 1 351
11288 1 9962
11369 1 3826
11378 1 6044
11465 1 2175
11471 1 1181
11569 3 6434
11590 1 1805
11623 1 909
11624 1 489
11720 1 571
11722 1 1625
12121 1 1787
12129 1 1202
12358 1 1928
12365 1 8585
12366 1 2385
12388 1 3483
12389 1 4357
12520 1 6343
12589 1 768
12601 1 3000
12674 1 6435
12694 1 787
12757 1 1946
12814 5 46677
12885 2 6601
13089 1 1017
13122 1 8864
13138 1 986
13337 1 908
13356 1 1677
13475 1 2437
13497 3 6632
13508 1 6492
13548 1 6866
13559 2 1873
13560 2 1869
13618 1 28398
13648 1 1463
13795 1 709
13806 1 779
13809 1 1143
13826 1 1442
13871 1 6056
13891 1 2917
13893 1 755
13922 1 956
14020 1 123
14053 1 1354
14067 1 1216
14124 1 621
14127 1 1249
14185 1 2424
14289 1 1413
14488 1 599
14529 2 1219
14541 1 821
14652 1 1186
14675 1 1701
14690 1 1475
14722 1 6567
14749 1 1050
14830 4 8170
14831 4 8171
14832 4 8172
14837 2 1016
14838 2 1016
14839 2 1014
15092 1 2742
15580 1 2165
15583 1 1612
15586 1 3732
15810 1 4391
15844 1 1278
15849 1 1972
16201 1 3976
16221 1 1793
16238 1 11763
16260 1 4783
16362 1 1214
16410 2 195
16433 1 2178
16481 1 1327
16496 1 5161
16501 1 1040
16629 1 727
16719 1 3541
16813 2 4537
16843 1 15992
16869 1 3108
16914 1 2130
16984 1 5305
17001 1 714
17009 1 3115
17096 1 1504
17122 1 9203
17152 1 379
17241 1 880
17352 2 5098
17442 1 3953
17444 2 2110
17447 1 1361
17458 4 10296
17479 1 1106
17495 1 1540
17510 2 13439
17589 2 12110
17670 1 5050
17710 1 413
17758 7 28986
17816 1 2870
17874 1 591
17892 1 533
17956 1 1053
17983 3 567
18086 1 385
18281 1 953
18285 1 1990
18366 1 2921
18400 1 609
18415 8 5822
18650 1 1648
18651 1 763
18653 2 4815
18654 4 15696
18662 1 1519
18695 1 896
18724 2 566
18757 1 992
18823 1 3093
18851 1 1501
18965 3 20789
18967 4 13159
19094 1 3568
19495 1 3545
19558 1 5943
19559 1 6375
19562 2 7991
19564 1 718
19651 1 2122
19687 1 2998
19697 1 2330
19727 1 698
19809 1 803
19898 2 4338
19974 3 1575
19981 2 1015
19985 1 8977
20021 1 1258
20200 1 30304
20234 1 1228
20275 1 1592
20422 1 12210
20432 1 2495
20677 6 8655
20678 1 4807
20682 1 5585
20684 3 12924
20707 7 35797
20713 1 3777
20826 1 981
20907 1 2997
20923 2 1102
20930 1 1211
20938 1 3851
20972 1 2365
20981 1 4198
21119 1 861
21143 1 857
21145 1 879
21226 1 2663
21359 3 13839
21430 1 3084
21468 1 1468
21532 1 989
21568 1 3870
21644 1 11884
21662 1 3618
21845 2 1139
22026 1 1430
22027 2 1931
22523 1 3123
22571 1 456
23034 1 1221
23466 1 2473
23509 1 945
23510 1 1027
23521 1 1803
23525 1 3680
23532 1 408
23544 3 1694
23594 1 860
23598 1 1236
23668 1 570
23687 1 2530
23732 1 4739
23763 1 3449
23781 12 1632
24119 1 14616
24186 1 1580
24198 1 1131
24222 1 3333
24339 2 459
24481 1 625
24598 1 1407
24616 2 6643
24747 1 5509
24748 1 4627
24789 1 4093
24840 1 9627
24849 1 4735
24878 1 533
24882 4 8171
24883 4 8171
24886 3 7415
24887 3 7415
24888 3 7415
24894 2 1016
24895 2 1016
24897 1 4588
24898 1 4667
25057 1 2293
25234 1 4341
25407 1 3649
25441 1 1222
25467 1 509
25522 2 2549
25968 1 814
26020 1 535
26123 1 1139
26188 1 973
26245 1 884
26303 1 330
26498 6 32423
26534 2 3621
26701 1 827
26730 1 1483
26752 1 723
26781 1 578
26802 1 973
26812 1 1962
26816 1 2936
26890 2 1680
27270 1 2026
27291 2 3912
27668 1 524
27673 1 418
27700 2 2268
27731 1 179
27773 1 1301
27838 1 2876
27852 1 5540
28043 2 1906
28080 3 474
28227 1 505
28446 2 9326
28459 1 5561
28460 1 5545
28466 1 10312
28671 1 1093
28750 2 4089
28794 1 931
29119 1 1828
29178 5 165
29383 1 1087
29557 1 7051
29620 1 938
29625 2 10200
29693 1 1825
29715 1 4501
29721 1 6842
29881 1 720
29889 1 594
29991 1 10803
30077 1 3556
30083 1 1284
30087 1 666
30186 1 1205
30190 2 266
30325 1 1728
30750 2 1681
30952 1 3956
30990 1 704
31138 1 481
31185 1 742
31327 2 3711
31347 1 1893
31355 1 5480
31359 1 664
31625 1 692
31829 1 14263
31929 1 15160
32640 1 714
32659 1 1206
32767 1 1580
32768 1 892
33080 1 2203
33138 1 1739
33188 1 10275
33240 1 9576
33303 1 928
33457 3 1116
33494 1 11341
33798 1 1847
33819 2 4941
33900 1 574
33906 2 1561
33918 2 385
34039 1 23394
34052 2 11789
34179 1 1686
34268 1 3482
34310 2 993
34342 3 5941
34354 1 2232
34390 1 224
34736 1 1326
34901 4 18201
34937 2 1326
35074 1 656
35146 1 1199
35182 1 13213
35524 1 2484
35549 1 514
35859 1 876
35861 3 10960
36109 2 12698
36210 1 1205
36732 1 18263
36832 1 4358
36882 1 6259
36944 1 1225
37052 1 700
37232 1 658
37308 1 1081
37369 3 5846
37419 1 13883
37423 1 13622
37445 1 1889
37447 2 1838
37523 2 1077
37567 2 2983
37620 1 1774
37655 1 1979
37671 1 2694
37712 1 8990
37778 1 1729
37887 1 1454
37925 1 689
37932 3 17484
38001 1 978
38059 1 1549
38151 1 2229
38154 1 2189
38157 1 3920
38194 1 2925
38342 1 1775
38351 1 2567
38441 2 3038
38676 1 584
38714 1 2044
38715 1 5564
38851 1 4217
38855 2 5137
38916 1 6621
39015 1 2466
39258 1 1773
39264 1 7187
39329 1 32477
39482 1 1937
39613 2 900
39815 1 1546
39953 1 1179
40022 1 2312
40065 2 3427
40113 1 2948
40163 1 1175
40168 1 919
40256 1 1952
40287 1 10480
40400 1 2099
40538 1 14088
40579 1 4144
40586 2 8741
40595 4 1611
40637 2 7547
40755 1 1578
40895 1 431
40902 1 1290
40944 1 5673
40959 1 5445
41004 1 493
41035 1 972
41167 1 664
41457 1 705
41518 1 573
41678 1 1464
41754 1 1650
42025 3 9933
42114 1 5169
42149 3 9906
42282 1 796
42312 1 2174
42354 1 1506
42362 1 10503
42424 1 6309
42449 1 695
42931 1 803
43085 1 1036
43470 1 3949
43477 1 22611
43582 1 2029
43597 1 2088
43620 1 1150
43657 1 1637
43701 1 174
43804 1 3750
43918 2 628
44116 1 4462
44218 3 6003
44287 1 3176
44466 1 1110
44524 2 961
44554 1 954
44563 1 456
44825 1 967
44874 2 3594
44911 1 1376
45084 2 6555
45159 1 13537
45189 2 6148
45212 1 555
45254 1 467
45302 3 1230
45369 1 1016
45467 1 569
45676 4 11251
45802 1 662
45822 2 1426
45851 2 2388
45864 2 869
45889 1 1020
45978 1 2264
45979 1 470
46070 2 3987
46176 2 1459
46318 1 2246
46388 13 81863
46432 1 3117
46489 1 684
46560 1 1151
46565 1 787
46661 1 5001
46798 1 1028
46833 1 1149
46913 1 1961
47058 1 892
47129 1 803
47139 1 6464
47151 1 5857
47205 1 1857
47455 1 887
47522 1 1342
47530 3 349
47558 1 862
47609 1 1519
47681 1 611
47735 1 653
47840 1 1481
48078 1 11919
48197 2 8238
48262 1 1040
48551 6 6659
48567 1 1221
48633 8 865
48748 1 1218
48842 1 1231
48902 2 4234
48924 1 3784
48947 1 836
49015 1 2835
49024 1 917
49173 1 10707
49175 4 9938
49176 2 11069
49233 3 1231
49238 1 2254
49276 1 5599
49282 2 4687
49283 1 648
49284 1 586
49285 1 634
49323 1 5236
49357 1 584
49484 1 3481
49516 1 1481
49543 1 1789
49600 1 1153
49888 1 870
49960 3 2195
50046 1 708
50129 1 1730
50142 1 2652
50143 2 8454
50207 2 2916
50223 2 6104
50285 1 4950
50293 1 2189
50355 1 3677
50452 1 1778
50476 1 10882
50477 1 4990
50478 1 3624
50484 1 3217
50495 1 204
50540 1 2734
50757 1 699
50790 4 915
50966 9 8029
50983 1 16660
50989 1 3307
51176 1 976
51226 1 2481
51348 1 640
51588 1 1269
51827 1 2148
51877 1 702
51972 2 1385
51986 1 1033
51993 1 12689
52074 1 7011
52092 2 1269
52146 2 10691
52199 1 2113
52232 1 729
52343 1 950
52465 1 543
52502 1 6875
52513 1 1070
52545 1 2822
52561 1 52057
52579 2 1308
52699 1 744
53002 1 202
53046 1 6992
53050 1 635
53138 1 1947
53242 1 4792
53243 1 3386
53253 1 488
53308 1 2307
53430 2 48057
53439 1 1098
53442 5 8599
53519 1 1735
53550 1 1181
53613 1 1723
53642 1 872
53650 2 1107
54093 1 4103
54094 1 3257
54205 1 1188
54350 1 8318
54377 1 888
54441 2 4709
54564 1 3322
54669 1 799
54683 2 1304
54684 1 1450
54931 1 718
54979 2 380
54980 1 729
55062 1 1110
55171 1 2177
55437 1 880
55498 3 5155
55501 1 2314
55519 1 665
55607 1 9422
55701 1 1146
56184 1 1126
56249 1 2126
56286 1 2036
56476 2 1966
56489 7 5171
56520 1 1275
56700 1 2072
56708 1 1319
56746 1 1394
56806 1 2202
56833 1 865
56838 1 604
56860 1 1462
56895 1 3189
56909 1 1137
57292 1 1043
57377 1 862
57451 1 3058
57454 1 483
57834 1 4576
57878 1 3882
57914 2 2836
57946 1 5545
57947 1 5535
57950 1 10362
57951 1 10312
57972 3 1058
58408 1 4007
58484 1 1130
58837 4 3342
58925 1 1726
59063 1 3059
59081 1 1600
59206 2 681
59408 1 1795
59455 2 2220
59474 2 3565
59568 2 1774
59651 1 1919
59673 1 1162
59825 1 1106
59828 1 882
59874 1 4939
59906 1 889
60008 1 762
60019 2 5237
60214 1 2899
60240 1 1594
60251 1 1629
60346 1 410
60447 2 76
60451 1 2513
60519 1 1838
60573 1 607
60662 1 6202
60693 1 7521
60759 1 4854
60847 1 1056
60945 2 896
60960 1 703
60991 2 2309
61059 1 4559
61073 1 8875
61091 1 1682
61130 1 2655
61166 1 3006
61178 1 2893
61240 1 2043
61258 1 3684
61428 2 8357
61463 3 1595
61623 1 1505
61651 1 3956
61664 7 3204
61723 1 764
61818 1 1458
61873 1 756
61879 1 2166
61890 1 2025
61907 1 3429
61924 4 6503
62016 2 209
62066 1 709
62111 3 6309
62137 1 2894
62187 1 9768
62242 1 2867
62243 1 3964
62304 1 1048
62310 1 3144
62311 2 2373
62317 1 1576
62345 1 656
62377 1 984
62445 5 1858
62495 2 1330
62619 1 1074
62635 1 1315
62655 1 2002
62720 3 1714
62724 1 3090
62775 1 2968
62788 1 2229
62929 1 5384
63068 1 2332
63091 1 599
63152 1 888
63218 1 1308
63278 1 513
63285 1 1000
63427 1 4477
63492 1 675
63555 1 7057
63564 1 3674
63572 1 3748
63597 1 1946
63787 1 1499
63837 1 6313
64050 1 3580
64051 1 3589
64350 1 20899
64611 1 2134
65009 1 3343
65129 1 15643
65436 1 1127
65536 3 890
65576 1 4667
65671 1 1356
65790 2 5117
65799 1 4143
65872 2 5814
65956 1 3157
66065 1 2315
66193 1 691
66281 1 1481
66282 1 1537
66365 1 1856
66378 1 1248
66411 2 1865
66444 1 3410
66666 1 979
66668 1 1340
66719 1 2207
66742 2 3877
66751 4 11896
67169 1 1155
67318 6 1620
67322 1 2602
67330 1 1983
67338 1 1942
67340 1 2960
67369 1 1336
67421 1 1526
67576 1 1529
67623 1 1432
67635 1 1741
67704 3 989
67713 1 677
67727 1 3367
67777 1 2113
67838 1 746
68075 1 950
68160 3 6120
68173 1 958
68285 1 286
68326 1 2529
68330 2 8380
68370 1 1656
68393 1 3580
68436 1 2388
68446 1 3669
68631 1 881
68737 1 3173
68766 1 5324
68775 1 1181
68964 1 11197
69056 1 2064
69717 1 4915
69895 1 1151
70207 2 10208
70231 1 2953
70275 1 2825
70294 1 772
70306 2 646
70407 1 188
70586 1 2455
70587 1 777
70851 2 914
71249 1 1532
71399 1 2126
71525 1 1462
71547 1 4635
71582 3 1381
71622 1 2405
71660 1 1283
71806 2 1826
71827 1 6203
71857 1 596
71944 8 7115
72066 3 7004
72098 1 19912
72108 1 1166
72124 1 1102
72186 1 391
72201 1 5125
72229 1 1439
72295 3 2968
72380 1 3360
72382 1 4049
72432 1 1377
72441 1 3167
72498 2 11873
72552 1 1543
72575 1 929
72588 1 1618
72675 1 8994
72733 1 1843
72897 1 3666
72899 1 20275
72938 1 10696
72973 1 3325
73088 1 4779
73095 4 3401
73101 1 5854
73212 1 2390
73257 1 992
73271 1 1307
73276 1 7711
73483 1 1287
73941 1 986
73946 1 904
73963 2 6843
74018 1 1288
74045 1 1101
74053 1 2613
74131 1 681
74140 3 1711
74158 2 1846
74207 1 779
74467 1 900
74565 2 1723
74572 1 8808
74605 1 6001
74612 2 1132
74762 1 2031
74777 1 1991
74813 1 5631
74818 1 1409
74866 1 1680
74874 1 6108
74929 1 1329
75169 2 9895
75220 1 1738
75251 1 865
75328 1 3938
75529 3 8980
75562 1 740
75585 1 1192
75679 9 4574
75683 1 577
75705 1 3042
76062 1 539
76203 1 1000
76448 1 5583
76449 2 6086
76469 2 1291
76476 1 1242
76521 1 1643
76632 1 2372
76655 2 2833
76762 2 7340
76776 1 541
76839 2 561
76935 1 1129
77010 1 6732
77060 1 4150
77202 4 8001
77203 1 4646
77204 1 4647
77450 1 5940
77460 1 1071
77576 1 4731
77582 1 1227
77807 1 5880
77957 1 1907
78034 1 2796
78116 2 5040
