psychedel psychedel 148 65215343 
613 1 3927
1092 1 978
1163 1 1777
2694 2 1346
3470 1 486
3623 1 662
3800 1 1260
4164 1 201
4599 3 1293
4852 1 1294
6335 1 274
8026 1 922
10047 1 1536
10796 1 5414
11650 1 1881
11869 1 2608
12648 1 1081
12841 1 1000
14204 1 525
14880 2 1431
15825 1 556
15826 1 1438
16460 1 357
17296 1 4348
17985 1 853
18761 1 466
19594 2 245
19610 1 1644
20219 2 1029
20227 1 2347
20570 2 552
20619 1 689
21299 1 9163
23147 1 411
23936 1 151
28008 1 1268
28683 1 1939
29601 1 707
29627 1 967
30829 2 1243
30830 2 1174
30947 2 1608
34289 1 2981
34535 1 3465
36035 1 695
36381 3 1502
36647 1 276
36832 2 4358
37182 1 13117
37980 2 1046
37981 2 1271
37982 2 1163
37983 2 1190
38226 1 709
38627 1 1433
38637 1 990
39887 2 2182
39986 1 880
40206 1 296
41264 1 707
41688 2 1836
43898 1 2947
44324 1 1220
44954 1 8549
46641 1 605
46873 1 999
47204 1 1502
48078 3 11919
48249 1 444
48338 1 2760
48728 1 2201
49696 1 2912
49697 1 1178
49698 1 1736
49699 1 561
50297 1 616
51010 1 1165
54971 1 624
57756 1 588
57757 1 1344
58541 4 642
59304 1 1871
59691 1 2592
60157 4 3863
60815 1 2171
61043 1 4069
61156 1 286
61805 1 1227
62571 1 618
62781 1 1596
63309 1 4077
63912 1 601
64555 1 827
68253 1 687
70050 1 1597
70051 1 825
71228 2 1404
71247 2 1642
71380 2 1120
71723 1 2839
71724 1 2839
71860 1 1550
71863 6 1159
72304 1 2094
72452 3 417
73047 3 694
73383 1 308
76687 1 738
76856 1 1057
