oliv oliv 2671 65215343 
3 3 931
35 1 653
39 2 1283
131 1 14882
179 1 822
331 9 735
399 1 1548
427 2 907
463 1 1357
532 8 800
556 1 3813
614 1 539
785 1 755
837 1 632
863 2 1185
888 3 3495
982 2 2403
1209 2 570
1222 1 1620
1318 4 2815
1404 1 992
1435 1 3772
1514 1 1086
1523 1 330
1558 1 635
1635 1 22965
1684 1 1203
1722 3 1321
1737 1 4121
1762 1 1323
1802 30 10218
1905 3 597
2025 1 476
2068 2 1029
2164 2 1939
2216 2 2877
2217 2 1762
2218 2 1529
2220 2 2126
2221 2 1483
2222 2 1483
2223 2 1483
2224 2 1658
2225 2 1659
2226 2 1993
2227 2 1993
2228 2 1993
2229 2 925
2230 2 1380
2340 2 1182
2364 1 1034
2463 1 3258
2513 1 304
2514 1 426
2527 1 314
2528 6 939
2670 2 1152
2762 2 669
3027 3 3713
3092 1 1098
3103 1 3185
3105 1 3023
3106 1 3092
3165 1 1306
3202 1 6501
3249 1 10966
3276 1 473
3301 7 4111
3302 11 4954
3364 1 1238
3384 1 1216
3399 1 275
3440 8 1888
3513 1 2385
3514 1 5186
3545 1 3041
3565 1 928
3595 1 1270
3599 1 11096
3665 6 1640
3668 2 8976
3744 1 740
3835 2 1418
3946 1 1370
4051 1 2046
4052 1 403
4062 1 526
4333 1 791
4353 1 1851
4462 1 6187
4516 1 1089
4580 1 543
4582 1 1235
4634 1 8813
4704 2 1493
4764 1 830
4905 2 7440
4906 2 8000
4907 2 8001
4908 2 8001
4909 2 4646
4910 2 4646
4911 2 4646
4912 2 7415
4913 2 1169
4914 2 567
5178 1 320
5224 1 460
5242 1 1621
5273 1 3302
5458 1 1024
5499 9 44062
5536 2 213
5567 1 749
5641 1 1037
5667 2 630
5893 1 3259
5913 3 2199
5920 1 663
6328 1 1381
6364 1 7210
6538 1 1248
6673 1 623
6747 1 496
7134 2 1943
7154 4 2089
7433 1 1229
7576 1 6690
7747 2 1937
7748 2 1936
7749 2 1937
7750 2 1937
7751 2 579
7752 2 579
7753 2 579
7754 2 1350
7771 1 1607
7773 2 7884
7944 1 4834
8012 1 436
8038 1 1234
8072 1 5760
8078 1 948
8089 2 20930
8106 2 4128
8153 1 683
8263 4 2493
8297 1 12133
8323 1 1446
8370 1 2235
8561 1 3145
8626 1 415
8630 1 989
8693 1 796
8721 1 956
8884 1 1640
8913 1 12589
8948 1 601
8949 1 708
9005 2 45220
9006 6 34059
9073 6 1275
9099 1 766
9100 2 708
9162 1 1574
9166 2 1429
9168 1 538
9172 1 389
9244 1 684
9324 1 4421
9325 1 4336
9334 1 238
9337 1 1665
9359 7 1309
9366 1 1494
9403 2 3133
9409 2 690
9422 2 1172
9466 4 2176
9467 1 4306
9583 1 342
9653 1 1497
9659 5 10789
9695 2 2000
9704 1 1126
9836 51 2482
9864 1 1138
9889 1 1688
10020 1 922
10039 1 2247
10308 1 1840
10460 2 875
10585 1 915
10677 1 1048
10686 1 1433
10689 1 428
10843 1 1551
10991 1 1582
11058 1 482
11121 1 729
11125 3 1227
11126 2 666
11139 3 462
11207 1 1893
11273 1 1150
11397 2 2289
11438 1 1275
11544 2 1023
12214 1 408
12350 1 1687
12379 1 663
12448 1 1256
12609 1 1268
12636 4 2613
12658 1 1221
12673 1 6656
12700 5 11926
12763 1 1206
12783 1 4316
12818 1 3788
12885 1 6601
12948 1 2044
13036 1 676
13197 1 1674
13332 1 14933
13471 2 829
13507 3 239
13684 2 12301
13828 1 613
13841 50 4015
13862 1 3335
13876 1 357
14078 12 1307
14208 2 662
14292 1 11958
14313 1 5288
14379 10 717
14381 2 913
14594 5 513
14603 1 1027
14655 1 846
14791 1 1301
14820 1 4854
14830 2 8170
14831 2 8171
14832 2 8172
14833 2 7321
14834 2 2296
14835 2 2296
14836 2 2455
14837 2 1016
14838 2 1016
14839 2 1014
14840 2 1378
14841 2 896
15058 1 349
15094 1 480
15101 1 427
15224 1 1573
15289 2 491
15301 2 5730
15437 1 624
15671 2 1154
15810 1 4391
15829 1 937
15876 6 1725
15949 2 349
16008 3 6422
16184 1 1312
16185 1 2268
16186 1 1342
16187 1 1638
16188 1 1274
16204 1 3527
16227 5 2985
16231 2 2052
16251 3 1023
16323 1 1197
16342 1 750
16371 1 727
16435 2 1396
16463 1 1739
16489 6 4179
16490 14 4549
16491 3 6610
16492 3 3998
16777 1 538
16797 1 2473
16799 1 3514
16958 1 5800
16978 1 1563
16989 1 971
16994 5 2449
16995 6 4866
16997 2 2630
17021 1 1973
17116 1 3516
17211 1 2036
17212 1 2040
17255 2 1594
17262 1 3246
17271 1 370
17326 1 951
17327 1 1088
17328 1 1138
17329 1 1123
17330 1 984
17389 1 1790
17442 1 3953
17497 2 1775
17570 1 5402
17755 5 405
17790 1 2095
17922 5 389
18043 1 3632
18317 4 2463
18396 2 12783
18520 3 1776
18620 1 3943
18621 1 5046
18622 1 5539
18666 1 430
18739 2 3057
18793 4 3927
18807 3 1099
18846 1 1136
18892 1 2095
18932 1 659
18933 1 6035
18945 3 6732
18948 3 1178
19025 1 1347
19087 1 378
19131 2 3297
19234 1 518
19379 1 4781
19427 1 1218
19558 2 5943
19559 1 6375
19680 1 5229
19692 1 692
19709 3 504
19912 3 1384
19981 2 1015
20048 1 289
20154 9 3393
20162 1 793
20192 1 1513
20241 1 1133
20255 1 970
20421 20 12627
20422 20 12210
20423 2 5021
20572 2 820
20678 1 4807
20680 3 2816
20684 1 12924
20742 1 809
20802 1 1887
20806 1 1566
20818 1 728
21251 1 1022
21324 1 1830
21328 2 2276
21352 1 1524
21358 2 578
21362 2 2634
21420 1 4351
21428 1 695
21469 1 3531
21470 1 3587
21540 1 2076
21541 1 2076
21738 1 742
21740 1 358
21770 1 4733
21816 1 575
21839 1 4667
21964 2 1399
21972 1 2236
21982 1 1599
21986 1 1177
22022 1 916
22119 1 770
22182 1 505
22208 2 668
22536 4 3918
22591 4 2289
23045 2 719
23370 1 1836
23406 1 474
23517 3 1359
23542 7 590
23688 2 2643
23912 1 1243
23978 3 639
24048 1 565
24208 1 696
24210 2 1259
24506 9 7516
24513 3 1816
24514 2 13551
24590 1 4782
24591 1 4881
24592 1 4881
24651 1 31
24738 1 4416
24747 3 5509
24882 2 8171
24883 2 8171
24884 2 7321
24885 2 7349
24886 2 7415
24887 2 7415
24888 2 7415
24889 2 1170
24890 2 1170
24891 2 1170
24892 2 2296
24893 2 2290
24894 2 1016
24895 2 1016
25029 1 746
25038 2 552
25104 1 465
25290 1 1547
25478 1 3302
25553 1 3595
25655 1 2371
25718 1 3888
25719 1 1177
25745 2 730
25764 1 2679
25962 1 676
26096 1 1094
26218 1 3037
26246 1 803
26352 1 397
26388 2 3682
26446 2 570
26525 1 2013
26604 1 621
26773 1 833
26888 1 1987
26909 2 1645
26935 2 806
27222 1 930
27258 1 1835
27410 1 796
27425 1 2871
27519 1 1928
27524 1 2332
27586 3 2066
27849 2 567
27862 2 8511
27863 2 977
27864 2 977
27977 1 548
27981 4 678
28043 3 1906
28081 1 1204
28257 2 3449
28268 2 811
28299 1 772
28309 1 847
28466 2 10312
28467 2 8583
28468 2 8583
28469 2 8615
28470 2 977
28744 2 666
28748 1 836
28750 1 4089
28782 1 1807
28806 2 4379
28822 6 2051
28840 6 12057
28845 2 1429
29044 1 22965
29136 13 1011
29139 1 1025
29383 4 1087
29408 3 2208
29483 1 169
29491 1 3124
29593 1 1567
29628 22 3312
29715 1 4501
29827 1 1467
29828 1 1349
29861 1 622
29863 1 658
29868 1 2187
29931 1 300
30326 1 1005
30332 1 1157
30351 1 4754
30352 1 5973
30375 1 947
30408 1 471
30483 1 2924
30595 1 1820
30727 1 1425
30804 1 10416
30888 1 2250
30990 2 704
31045 2 24677
31196 3 756
31267 1 7536
31327 1 3711
31355 1 5480
31414 2 354
31490 2 827
31631 4 2970
31751 3 1084
31841 2 1522
31898 2 1326
31935 1 2200
31985 1 810
32161 1 679
32169 1 795
32238 1 4115
32240 1 3457
32242 1 1349
32293 1 3048
32326 1 1541
32330 3 739
32360 2 1518
32386 1 2500
32472 2 1402
32605 1 1050
32852 1 474
32963 1 572
33125 1 771
33328 1 3420
33333 2 6676
33631 2 2116
33698 1 689
33703 6 18894
33831 1 6374
33859 2 7228
33926 1 953
33985 1 1091
34002 1 1052
34037 1 3652
34103 1 907
34178 2 2529
34200 1 1477
34273 1 708
34289 1 2981
34300 1 1190
34341 2 1060
34393 2 1308
34414 1 373
34445 1 2643
34449 1 3565
34576 1 3903
34645 1 1526
34647 2 616
34706 1 1801
34708 1 1716
34736 3 1326
34791 1 1079
34792 1 862
34793 1 953
34918 1 681
34949 1 1920
34977 1 1179
34988 1 272
35182 1 13213
35312 1 75
35343 4 1162
35420 3 1047
35444 1 1003
35528 1 954
35550 1 809
35770 9 1317
35861 22 10960
35870 1 750
35891 2 2019
35937 1 4486
35947 2 651
36069 5 2227
36137 1 2930
36176 1 965
36196 2 1795
36263 2 1184
36388 2 1567
36389 4 6107
36390 4 6107
36391 3 7515
36392 3 6574
36393 3 6574
36394 2 5251
36395 2 5251
36396 2 5251
36397 4 8678
36398 4 8678
36399 2 1236
36400 2 1236
36401 2 1236
36402 2 2671
36403 3 2989
36404 3 2989
36405 3 2989
36406 2 1238
36407 2 1238
36408 2 763
36409 2 1169
36410 2 1169
36412 2 969
36413 2 969
36415 1 4207
36417 2 2136
36425 1 435
36608 1 740
36878 1 1195
36913 1 3173
36931 2 1745
36934 2 237
36962 1 5960
37053 4 2470
37090 2 548
37095 1 1446
37126 2 1157
37282 1 2473
37323 1 7159
37324 1 5244
37459 1 679
37460 1 696
37520 39 1281
37540 3 1841
37649 1 1913
37711 4 674
37736 1 1948
37984 1 1580
38019 1 1935
38020 1 688
38101 2 2682
38199 1 2577
38263 1 145
38311 1 1043
38367 2 2157
38690 1 994
38745 1 916
38788 1 863
38802 1 4212
38807 1 2365
38905 1 1096
38928 2 2507
38938 1 2006
38944 4 3052
39301 2 12335
39575 1 496
39612 2 1926
39664 18 820
39932 6 1136
40433 1 3797
40445 4 1917
40530 2 1636
40652 1 1291
40670 1 2018
40685 7 2772
40688 2 236
40845 4 592
40853 1 576
41029 1 1155
41040 1 784
41049 1 2451
41057 7 3871
41172 2 1797
41299 1 1272
41300 3 517
41347 1 407
41375 1 292
42048 2 1192
42051 2 2366
42054 2 2132
42085 5 6194
42517 2 1959
42577 1 1608
42639 1 845
42677 2 1567
42678 2 1567
42679 4 6107
42680 4 6107
42926 2 1178
43094 2 761
43159 6 1478
43364 1 243
43446 26 8554
43656 1 4176
43693 1 1197
43777 1 3197
43792 1 904
43837 2 3115
43943 3 2720
44129 1 1404
44337 1 528
44455 1 1628
44514 1 589
44525 1 593
44561 1 661
44788 1 1806
44791 3 1689
44795 1 1052
44817 1 2611
44874 1 3594
44885 1 2410
45154 6 888
45187 1 658
45285 1 1078
45296 1 813
45371 1 681
45399 1 372
45506 1 433
45761 1 399
45826 2 8235
45859 1 21421
46289 3 4086
46353 1 1094
46461 2 1311
46552 1 9921
46651 1 767
46652 1 376
46658 1 1382
46731 1 1668
46757 1 1103
46892 1 555
46939 1 2178
46963 1 1830
47056 1 414
47057 1 997
47058 1 892
47063 1 797
47095 2 6494
47243 2 770
47360 1 1310
47382 1 6307
47383 1 1296
47531 1 491
47564 1 364
47577 1 1239
47714 1 369
47757 1 1609
47765 2 633
47794 1 2859
47799 2 2474
47898 1 1891
47977 1 1512
47994 1 560
48078 2 11919
48145 1 957
48159 6 849
48165 1 946
48172 1 448
48202 1 2712
48297 1 1099
48471 1 2563
48512 1 1124
48698 1 5259
48723 1 863
48790 2 978
48907 1 1902
48913 1 947
48923 1 477
48948 2 1194
49000 2 3581
49026 1 1774
49073 1 1915
49099 5 806
49105 1 2283
49106 1 2247
49140 1 1377
49141 3 1639
49232 1 5655
49288 1 864
49332 1 1151
49355 1 1068
49356 2 1233
49366 1 5125
49462 2 543
49508 2 1329
49543 1 1789
49544 2 490
49676 1 756
49731 2 975
49831 2 997
49941 1 437
49965 1 2813
49966 1 2862
50056 2 5845
50186 1 5705
50255 3 215
50303 1 874
50334 1 147
50335 1 147
50336 1 147
50598 1 5177
50606 1 5596
50676 2 685
50724 1 2101
50759 1 717
50771 1 1277
50854 2 3003
50857 2 6468
50858 1 1121
50881 6 4909
51030 2 2989
51101 3 2052
51112 1 1214
51135 1 791
51237 2 2338
51290 3 6381
51291 1 1801
51292 1 1220
51523 1 1944
51590 1 916
51772 1 1416
51824 1 1527
51891 1 6407
51892 1 4521
52266 1 5261
52307 1 616
52395 1 1520
52396 1 4756
52397 1 4823
52423 1 1405
52450 5 1698
52674 1 496
52691 1 1724
52885 1 86
52988 1 24350
53039 1 1539
53104 1 959
53136 22 5288
53307 2 1762
53665 4 453
53747 2 791
53749 3 823
53767 1 1549
53881 2 1613
53882 2 841
53883 2 841
53884 2 790
53885 2 790
53886 2 790
53887 2 790
53888 2 5712
53890 2 3997
53891 1 3993
53892 2 3994
53893 2 4170
53894 2 4154
53895 2 1788
53896 2 1788
53897 2 1195
53898 2 1192
53899 2 1192
53900 2 1192
53901 2 1141
53902 2 1141
53903 2 1141
53904 2 1250
53905 1 411
53933 1 633
54091 2 572
54142 1 2860
54170 1 461
54299 1 754
54349 4 12411
54350 1 8318
54521 3 1605
54564 2 3322
54605 1 926
54659 2 5192
54921 1 664
55076 1 2410
55077 1 2410
55117 3 1442
55516 2 1474
55548 1 877
55882 1 209
55886 3 5463
56249 2 2126
56250 2 1483
56251 2 1666
56252 2 1993
56253 2 1993
56254 2 2455
56255 2 2455
56256 2 1380
56257 2 1380
56258 2 1380
56259 2 896
56260 2 896
56261 2 896
56468 1 697
56471 2 13098
56554 1 373
56642 1 430
56643 1 628
56658 8 1079
56669 1 2701
56947 1 864
57187 2 1332
57321 1 1511
57322 1 412
57335 1 478
57367 1 2359
57382 1 3136
57408 1 3005
57466 1 1951
57643 3 8017
57844 2 1815
57899 1 2146
57948 2 5712
57949 2 5712
57951 2 10312
57952 2 8583
57953 2 8583
57954 2 4003
57955 2 4158
57956 2 4158
57957 2 1797
57958 2 1788
57959 2 413
58231 1 4145
58246 2 1561
58253 1 480
58293 1 2164
58312 1 809
58427 1 1625
58592 1 40
58773 1 1702
58791 1 462
58802 1 475
58804 1 493
58903 1 1187
58940 1 4530
59152 1 2763
59241 2 733
59422 1 1540
59423 18 13129
59496 2 1417
59568 1 1774
59569 1 1463
59611 6 1014
59614 1 1217
59639 1 3423
59660 1 2783
59661 1 2342
59662 1 14951
59679 1 2650
59712 1 4670
59721 1 557
59826 3 1508
59843 3 6525
60040 2 5727
60096 1 636
60097 1 640
60276 1 3089
60306 1 96
60439 2 897
60440 1 1116
60685 1 756
60686 1 1454
60789 1 1758
60825 1 2017
61054 1 1507
61164 1 386
61230 1 566
61237 1 941
61238 1 1279
61239 1 1502
61240 1 2043
61241 1 1632
61269 8 8764
61328 1 1075
61369 8 715
61389 3 4011
61443 1 1702
61527 2 2751
61602 5 1097
62063 1 624
62081 2 394
62140 2 945
62202 1 891
62212 1 986
62441 2 429
62446 1 498
62500 1 685
62513 4 2915
62691 2 1119
62824 1 4199
62852 1 1986
62853 3 4078
62877 1 1563
62888 3 1082
62935 1 1250
63167 3 3539
63343 1 1651
63375 1 315
63504 1 4125
63517 2 613
63586 1 1019
63708 1 2012
63883 9 1768
63887 1 1253
63947 2 1160
64050 2 3580
64051 2 3589
64052 2 2458
64053 2 2458
64054 2 1617
64055 2 1617
64056 2 1617
64057 2 841
64058 2 784
64059 2 784
64060 2 784
64061 2 1266
64062 2 1266
64063 2 1177
64064 2 1174
64065 2 1174
64066 2 1206
64067 2 1210
64068 2 1224
64070 2 1259
64072 2 1416
64073 2 763
64074 2 1141
64075 2 1250
64076 2 1250
64077 2 1341
64078 2 1341
64079 2 1341
64198 2 480
64358 1 747
64359 1 542
64415 2 842
64418 1 427
64453 1 10145
64513 5 418
64563 4 1239
64886 1 727
64889 1 557
65006 1 3064
65034 1 3956
65129 1 15643
65249 2 541
65381 2 778
65399 5 3181
65421 2 3586
65434 1 303
65568 1 1157
65684 4 17249
65761 2 564
65769 1 619
65772 1 969
65774 2 617
65817 1 1516
65984 1 2219
66026 10 1362
66152 1 521
66156 1 2338
66261 1 377
66418 1 827
66482 1 2199
66521 1 949
66533 2 1245
66586 1 2141
66587 1 4790
66591 1 734
66733 3 1217
66770 1 682
66849 2 340
66870 16 2566
66886 2 3404
66889 2 1986
66922 1 1292
67064 1 661
67104 1 1228
67114 2 648
67219 2 8613
67312 1 1317
67356 3 2111
67375 1 994
67411 4 896
67522 1 673
67526 1 813
67671 1 6735
67673 1 1224
67689 5 7619
67761 1 1455
67790 1 3052
68090 1 5122
68141 1 1527
68306 1 694
68322 1 1708
68381 1 476
68389 3 7515
68390 3 7515
68391 3 7515
68392 3 6574
68393 2 3580
68394 2 2458
68395 2 2458
68396 2 1617
68397 2 784
68398 2 1266
68399 2 1174
68400 2 1167
68401 2 1206
68402 2 1259
68403 2 1259
68404 1 1415
68405 2 1416
68407 2 763
68408 2 769
68409 2 1250
68410 2 1341
68411 2 1167
68412 1 1167
68413 2 973
68414 2 973
68415 2 973
68416 2 969
68417 1 969
68418 2 969
68429 7 863
68678 1 910
68734 1 1218
68735 1 545
68739 1 2373
69022 3 946
69046 1 439
69282 1 672
69718 1 762
69721 1 6125
69964 1 556
69970 1 1405
70041 1 763
70081 14 825
70112 1 423
70225 1 1695
70236 1 3474
70319 2 819
70348 1 961
70377 2 5997
70607 3 985
70836 1 1948
71109 2 1426
71132 4 751
71189 1 1623
71214 1 785
71384 2 2877
71385 2 2877
71386 2 2880
71387 2 1937
71388 2 1967
71389 2 1967
71390 2 1967
71391 2 1967
71392 2 1762
71393 2 1762
71394 2 1762
71395 2 1529
71396 2 1529
71397 2 1529
71398 2 1529
71399 2 2126
71400 2 579
71401 2 925
71402 2 925
71403 2 925
71404 2 925
71671 1 117
71672 1 952
71827 2 6203
71836 4 5188
71860 6 1550
71891 1 693
71943 1 3979
72015 4 804
72045 1 2213
72081 1 3204
72088 3 2347
72095 2 601
72153 1 902
72154 1 1793
72255 2 747
72256 1 1403
72257 1 1524
72258 1 1182
72259 1 1369
72277 1 1369
72307 1 3276
72372 1 1766
72381 8 802
72411 1 3344
72412 2 14176
72481 1 1701
72488 1 804
72498 2 11873
72644 2 1015
72777 1 1597
72778 1 1540
72779 1 1410
72780 1 1493
72782 1 2059
72785 3 1571
72786 1 1373
72787 1 1583
72788 1 1376
72927 1 883
72938 1 10696
72940 2 994
72945 1 2766
73092 2 2999
73102 2 238
73121 1 454
73235 1 1252
73298 1 685
73335 1 627
73377 1 464
73521 16 752
73529 1 515
73571 3 3969
73663 1 868
73670 2 818
73882 1 1565
73894 4 981
73905 3 2175
73920 1 2452
74022 1 2523
74215 1 813
74272 1 459
74519 1 5618
74527 1 1301
74530 2 711
74543 1 5014
74573 1 713
74591 1 3810
74746 2 5004
74803 1 6144
74806 1 5040
74811 5 1038
74880 2 358
74905 1 493
75221 6 6839
75301 2 297
75330 1 1976
75408 2 3231
75534 2 9607
75902 1 460
75984 1 373
76034 1 1048
76074 1 521
76163 1 709
76169 6 661
76236 1 1049
76237 1 1365
76303 1 1328
76334 3 963
76340 1 3506
76481 1 4881
76528 2 1175
76577 1 2515
76581 1 623
76596 3 536
76632 1 2372
76656 1 4057
76670 6 2879
76851 2 1663
76884 1 865
76898 1 1240
76971 1 1429
77034 2 1338
77069 2 1110
77075 1 2473
77139 2 7313
77145 1 1172
77172 3 1401
77202 2 8001
77203 2 4646
77204 2 4647
77205 2 567
77206 2 567
77221 2 973
77222 2 1336
77233 1 4265
77248 4 1903
77642 1 640
77652 1 3016
77840 1 1022
77962 1 3614
78092 1 1018
78102 1 575
