centric centric 250 65215343 
375 1 10166
455 1 3709
540 1 1077
1090 1 1121
1464 1 1502
1640 1 4776
1737 1 4121
1965 1 563
2771 2 3216
3165 1 1306
3218 1 237
3591 1 1321
4187 1 7906
4332 1 1645
4358 1 1491
4934 1 2573
5502 1 977
8248 1 1171
8577 1 2346
8639 1 2193
8955 2 987
9492 1 6158
9639 1 1016
10161 1 996
10528 1 2643
10605 1 1427
10684 1 1501
11292 1 1815
12124 1 101
12133 1 953
12934 1 2463
12935 1 2445
13332 2 14933
13479 1 5487
13877 1 1054
14080 1 51830
14289 1 1413
14622 1 1462
14675 1 1701
15121 1 911
16238 1 11763
16292 1 2759
16528 1 1436
17049 1 1216
17102 4 1387
17121 1 6700
17363 1 2096
17467 1 6562
17494 1 4778
17555 2 14925
17728 1 584
18318 5 434
18395 1 6885
18597 1 6498
18971 1 621
19076 1 2622
19901 1 1057
20017 1 5287
20021 1 1258
20707 1 35797
21007 1 373
21225 1 4913
21347 2 1066
21504 1 2429
21644 1 11884
21767 8 6211
23035 1 1061
23064 1 7447
23752 1 2089
23978 1 639
25847 1 826
25921 1 163
26088 1 1925
26109 1 2505
29628 1 3312
30450 3 1607
30750 1 1681
30848 1 1294
30870 2 2859
33575 1 1216
34103 1 907
34182 1 512
34354 2 2232
34736 1 1326
34752 1 1744
34779 2 2859
34901 1 18201
36371 1 1301
36897 2 1300
36945 1 21910
38101 1 2682
38449 1 1891
38712 1 9962
38907 1 4305
40922 1 697
40926 2 4236
40986 1 693
41350 1 450
42116 1 1185
42652 1 2519
43927 1 776
43960 1 1986
44395 1 1358
44870 1 1470
46159 1 1337
46372 1 1372
46388 2 81863
46443 1 518
47491 2 2517
47979 1 4184
48098 1 1123
48179 4 1000
48317 1 850
48440 1 1635
48472 1 910
49175 2 9938
49392 1 4953
49468 1 159
49848 1 1148
50246 1 1315
50308 1 1115
50396 1 1096
50476 1 10882
50996 1 5411
51018 5 731
51088 1 2484
51093 1 935
51816 3 4853
52074 1 7011
52562 1 1279
52582 2 2859
53893 1 4170
53894 1 4154
53934 1 1246
56489 1 5171
57319 1 1304
57331 1 261
57955 1 4158
57956 1 4158
58215 1 1221
58391 1 973
58414 1 155
59173 1 511
60133 1 1287
60165 1 857
60284 2 1802
60342 1 1408
61073 1 8875
61428 1 8357
61658 1 1813
62481 1 2543
62593 1 2061
62790 1 519
63250 2 923
63264 1 366
64412 2 2859
64951 1 1419
65032 1 1400
65949 1 1541
66153 2 1730
67415 1 10077
67651 1 1272
67707 1 1942
67777 2 2113
68057 2 3416
68061 1 3322
68082 2 1865
68790 2 2859
70279 1 12383
70282 5 3028
70328 3 1626
71078 4 9605
72235 1 643
72476 1 1214
72680 1 625
72999 4 3301
73272 1 1024
73905 1 2175
73933 1 1375
74092 1 1697
75705 2 3042
75952 1 302
76138 1 3341
76247 1 4782
76252 1 2304
76486 1 376
76516 3 5399
76722 1 2126
