middl middl 7502 65215343 
43 1 671
47 1 887
50 1 2382
84 1 2015
124 1 1045
129 1 969
131 1 14882
132 5 13051
133 1 3237
233 1 1974
238 2 1183
361 2 5027
370 1 921
377 2 713
386 1 452
399 1 1548
406 1 1543
420 1 1422
433 2 1676
451 1 880
509 1 1165
520 2 501
529 1 6629
536 1 653
545 1 1351
578 4 970
586 1 936
608 1 646
609 1 1086
613 1 3927
625 2 5869
628 1 1006
651 2 645
694 1 1606
725 1 7096
729 1 2727
748 1 1209
856 1 1130
860 1 3051
865 2 876
876 1 4565
892 4 1418
907 1 1133
922 1 1765
957 2 715
966 1 6046
967 1 4480
971 1 1729
974 1 638
982 1 2403
988 1 2173
996 1 3316
1001 1 1139
1003 1 2079
1023 2 2468
1039 1 972
1049 1 2440
1052 1 3416
1059 1 1913
1070 2 592
1093 1 784
1110 1 380
1119 1 1874
1120 1 463
1131 3 978
1153 2 6533
1198 1 1535
1214 1 650
1231 1 4288
1237 1 1668
1267 3 1212
1312 1 1931
1318 1 2815
1336 1 1616
1348 1 958
1371 1 1930
1375 1 1253
1418 1 1093
1422 1 950
1431 1 3318
1452 8 6140
1458 2 952
1460 1 678
1471 1 738
1483 1 436
1516 1 2384
1529 1 1094
1545 1 1438
1565 1 2063
1566 4 3548
1567 1 2163
1630 4 2072
1634 1 30082
1635 1 22965
1638 1 1745
1639 2 2238
1640 1 4776
1717 1 1231
1761 1 309
1767 4 13095
1782 1 1433
1796 6 1148
1802 3 10218
1803 1 1628
1846 4 1054
1861 1 5589
1887 1 1785
1892 36 11383
1898 1 3856
1918 1 890
1923 6 650
1926 1 759
1947 1 1288
1956 1 3792
2007 1 301
2046 1 13880
2059 1 1061
2060 1 1072
2073 1 1294
2075 1 1934
2080 1 8786
2081 1 1053
2095 1 1007
2102 4 853
2150 1 1809
2154 1 710
2171 3 1919
2192 2 5833
2203 1 663
2217 1 1762
2221 1 1483
2222 1 1483
2223 1 1483
2236 1 1793
2242 1 1275
2243 1 2003
2244 1 2544
2245 1 580
2257 5 2275
2289 1 995
2319 1 1162
2352 1 1260
2366 1 2774
2387 1 1420
2396 2 1417
2406 3 796
2421 1 602
2442 2 1034
2445 1 1951
2476 1 842
2483 3 4389
2491 1 1723
2518 2 2175
2562 1 2880
2634 1 1560
2647 1 882
2670 1 1152
2730 3 1646
2735 1 429
2760 1 764
2787 1 739
2828 1 749
2845 1 2533
3037 1 1774
3038 1 1345
3039 1 1046
3054 1 926
3058 1 838
3081 2 635
3094 1 1813
3104 1 3172
3114 1 229
3158 1 1946
3165 2 1306
3187 1 767
3202 3 6501
3214 1 1663
3295 1 2429
3301 1 4111
3302 2 4954
3319 1 1682
3336 1 1048
3356 1 471
3383 1 10722
3395 1 810
3409 1 3574
3414 1 807
3415 1 4495
3429 1 2188
3437 2 675
3473 1 1294
3486 3 4565
3506 2 597
3529 1 989
3542 1 1834
3543 1 1381
3545 2 3041
3570 2 549
3579 2 4684
3581 1 1329
3598 1 2141
3599 1 11096
3618 3 646
3662 1 1695
3668 1 8976
3686 1 1200
3687 1 3022
3706 1 6639
3727 2 17097
3747 1 1430
3783 1 1578
3828 1 979
3832 1 7941
3834 1 2458
3863 1 4935
3890 1 1312
3893 1 1570
3922 1 4998
3972 2 160
3998 1 960
4028 1 1523
4029 1 1276
4068 3 8611
4069 2 3379
4070 1 347
4078 1 2535
4146 1 1296
4170 2 3258
4179 2 2326
4207 1 1270
4210 4 242
4211 4 6879
4223 1 855
4251 1 2307
4284 1 571
4297 4 7592
4298 2 7423
4302 1 3335
4305 2 1625
4306 2 1994
4307 2 2386
4308 2 2754
4321 1 913
4326 1 852
4329 1 1355
4343 1 739
4344 1 790
4345 1 754
4360 4 1187
4369 1 4444
4372 1 3440
4381 2 665
4387 1 1182
4421 1 1667
4426 1 1533
4439 1 2516
4453 1 1290
4454 2 1950
4455 2 1818
4456 2 1644
4477 1 449
4485 1 2100
4495 1 2849
4506 1 1210
4518 2 2481
4519 1 1344
4520 1 1588
4521 1 1703
4522 2 2966
4523 1 2304
4524 1 2046
4525 1 1554
4526 1 1155
4528 1 1567
4530 1 1032
4531 1 1036
4532 1 980
4533 1 1058
4540 1 1717
4560 1 796
4594 2 1355
4598 1 1028
4634 31 8813
4639 3 826
4645 1 2574
4647 1 1245
4744 1 6884
4771 3 4349
4804 1 804
4820 1 1191
4821 1 2178
4831 1 2521
4837 4 2109
4840 1 5531
4852 1 1294
4855 1 1500
4888 2 1826
4889 13 2095
4893 1 630
4897 5 1604
4909 1 4646
4910 1 4646
4911 1 4646
4934 2 2573
4935 2 2499
4948 2 3561
4961 1 1198
4963 1 900
4964 1 930
4965 2 1012
4969 1 1272
5067 1 1224
5104 1 916
5129 2 1285
5132 1 1537
5133 1 793
5138 3 784
5141 1 1631
5142 3 1220
5156 2 1087
5162 2 1191
5170 1 2743
5191 2 1326
5203 1 711
5216 1 643
5222 2 1187
5264 1 2502
5313 1 1178
5369 1 853
5385 1 679
5395 1 2444
5396 1 6921
5432 1 1749
5436 1 456
5438 2 1768
5454 1 6641
5463 1 882
5499 4 44062
5501 1 476
5505 1 722
5528 1 2535
5576 1 4592
5578 4 13045
5579 1 794
5611 1 8061
5650 1 2097
5657 1 3480
5665 1 335
5841 1 1235
5888 1 941
5895 1 1433
5903 1 589
5906 1 8444
5921 1 1978
5923 2 1033
5940 1 1549
6009 1 1946
6010 1 3182
6039 3 2773
6040 1 1266
6048 1 4019
6073 8 1575
6077 2 2190
6082 24 1370
6083 2 1394
6084 1 3088
6119 1 489
6145 2 836
6151 4 6692
6163 1 4318
6171 1 345
6179 1 1268
6180 1 5070
6182 1 6597
6183 1 2719
6302 2 2959
6305 2 2963
6316 6 3790
6338 1 1825
6351 1 1596
6363 1 4787
6461 4 1503
6462 1 1665
6539 2 646
6554 9 1032
6556 1 1029
6608 1 834
6962 2 427
6988 1 2056
6997 1 1942
7002 2 6389
7045 1 2855
7067 1 1340
7070 3 2748
7072 1 855
7078 1 2260
7121 1 3511
7127 2 682
7145 1 1029
7235 1 1281
7491 1 7708
7504 1 5695
7515 2 746
7547 2 1609
7570 12 9650
7572 1 1609
7580 5 9484
7604 2 780
7695 1 1547
7720 2 1667
7723 1 4731
7742 2 1529
7767 1 3013
7769 1 958
7773 2 7884
7916 1 726
7922 1 2189
7955 1 1555
7966 1 2772
7967 1 1641
7976 3 764
8011 1 556
8015 2 1526
8068 1 850
8077 1 1482
8086 3 895
8112 1 1014
8122 11 5509
8143 1 2289
8152 2 6009
8178 2 2357
8204 1 4600
8276 2 670
8284 2 3146
8287 1 4172
8290 1 1567
8293 1 3686
8297 1 12133
8306 1 1820
8309 1 1297
8311 1 4367
8313 10 3754
8319 1 32
8323 3 1446
8371 2 1170
8372 1 3639
8380 1 2765
8382 3 19553
8383 1 1991
8384 1 1186
8385 1 2645
8386 1 2545
8388 1 2999
8396 1 1026
8398 1 1691
8408 1 5505
8409 1 3217
8458 1 770
8459 1 2749
8460 1 2825
8461 3 2678
8462 2 3138
8463 1 2137
8466 1 2863
8469 1 1089
8506 1 403
8541 2 1364
8571 1 2786
8583 3 792
8584 3 802
8585 3 819
8590 2 364
8613 1 1556
8627 1 1049
8630 1 989
8642 1 1636
8687 1 940
8698 1 2529
8699 1 359
8703 1 1323
8759 1 2291
8813 1 601
8827 3 6533
8850 1 3830
8855 1 1546
8890 1 5449
8894 2 494
8906 1 1134
8908 1 1392
8992 2 2708
8993 1 2404
9161 1 1129
9182 1 1438
9203 1 3221
9215 1 148
9224 1 850
9229 1 554
9232 1 1398
9233 1 979
9236 1 788
9238 1 2921
9239 1 1961
9285 2 1179
9302 2 3665
9307 2 1394
9392 1 768
9403 1 3133
9413 1 1215
9414 1 1114
9415 1 1070
9416 1 1927
9417 1 1074
9418 1 1081
9419 1 1689
9424 1 1274
9425 1 1245
9426 1 1273
9427 1 1180
9460 2 1146
9461 1 1464
9463 1 3203
9489 1 6134
9490 1 2974
9498 1 662
9505 1 3959
9532 1 605
9542 1 410
9547 1 1189
9568 1 885
9596 1 1486
9607 1 630
9659 5 10789
9690 1 2014
9713 1 1813
9727 4 3290
9741 5 1815
9751 2 2038
9762 1 1626
9766 1 4331
9776 1 3757
9795 1 6831
9803 2 732
9804 2 5129
9825 1 2926
9826 1 2248
9827 1 2258
9828 1 2395
9874 1 1009
9891 1 2022
10018 1 1420
10048 2 543
10073 1 1739
10083 1 2180
10095 1 1392
10098 1 1684
10101 10 12486
10110 4 1421
10135 1 778
10144 1 3206
10230 3 711
10231 1 9229
10278 2 2690
10286 1 1058
10314 1 4681
10332 5 2802
10393 3 2415
10421 2 740
10427 2 2746
10463 1 396
10469 1 313
10480 4 1599
10486 1 2750
10504 1 1148
10603 1 1187
10633 1 692
10644 1 877
10654 1 3128
10703 2 519
10711 2 1129
10713 2 2253
10734 1 566
10749 2 2979
10754 1 1057
10763 1 2030
10807 1 1169
10842 1 1865
10858 2 1213
10859 1 101
10864 1 2401
10898 3 1274
10906 6 7912
10940 2 7910
10947 3 464
10967 1 765
10989 1 434
10990 1 580
11003 1 636
11005 1 640
11092 1 145
11097 4 163
11130 3 937
11131 1 4066
11142 1 1105
11155 1 471
11200 1 1703
11214 1 1706
11249 1 5195
11362 1 2542
11364 1 2608
11387 1 1357
11388 3 2085
11403 1 2453
11464 1 801
11465 1 2175
11466 1 2113
11467 1 3152
11468 1 1225
11496 5 570
11503 2 2514
11557 1 2108
11565 2 501
11582 1 763
11597 1 190
11606 7 1638
11630 1 535
11633 1 2246
11637 1 719
11677 1 680
11758 1 2000
11949 1 3637
11964 4 1141
12100 2 1451
12119 3 2327
12138 8 18363
12154 2 434
12156 5 13898
12160 1 790
12171 1 5724
12176 2 274
12185 1 1349
12199 1 859
12206 3 885
12207 2 384
12208 2 853
12211 1 4041
12217 1 1165
12218 1 1075
12223 3 6167
12228 1 1101
12236 1 1669
12260 1 746
12289 1 1759
12302 1 1574
12327 1 728
12331 1 3864
12375 2 897
12388 2 3483
12391 1 726
12414 1 1226
12419 1 3083
12426 1 441
12458 1 3716
12461 1 455
12492 1 1681
12501 2 927
12503 2 558
12526 1 21005
12591 1 624
12592 1 1277
12609 1 1268
12610 5 994
12612 1 1451
12627 2 4932
12636 1 2613
12638 2 6177
12640 1 1178
12647 1 4896
12652 1 1023
12655 1 4430
12693 1 5024
12697 2 1979
12700 5 11926
12701 1 7084
12765 1 2402
12766 2 1423
12783 1 4316
12814 4 46677
12884 1 1122
12885 4 6601
12889 1 1525
12912 2 1229
12918 9 2623
12927 1 993
12928 1 1026
12929 2 973
12930 1 1053
12947 1 1366
12948 1 2044
12950 1 2140
12962 1 560
12974 1 4586
12975 2 2649
12996 1 2315
13008 3 999
13061 1 2559
13071 1 434
13122 1 8864
13127 2 637
13156 7 3209
13157 3 3217
13158 8 2677
13191 7 311
13236 1 937
13239 2 2825
13250 1 692
13282 1 1430
13297 3 740
13309 1 2136
13314 1 733
13332 3 14933
13347 2 873
13356 1 1677
13381 1 4238
13427 1 2521
13433 5 4168
13434 3 4024
13435 1 1340
13466 1 1683
13473 1 849
13479 3 5487
13499 2 5895
13518 2 16194
13520 1 4296
13548 1 6866
13564 7 893
13568 1 791
13599 1 1426
13609 1 1456
13618 2 28398
13627 1 3259
13639 1 1946
13645 4 1507
13646 4 1438
13647 4 1776
13648 5 1463
13691 1 2873
13698 1 2026
13705 2 864
13706 1 1656
13711 2 4824
13812 3 611
13826 1 1442
13840 2 1860
13848 25 1442
13862 1 3335
13869 1 903
13871 2 6056
13874 1 747
13901 3 4255
13908 1 955
13928 2 4471
13960 1 1096
13970 1 671
14006 1 1552
14029 1 1120
14056 1 1205
14077 2 774
14080 4 51830
14096 1 2291
14120 1 2870
14176 1 2211
14187 1 183
14212 1 12149
14261 1 644
14271 1 2963
14292 1 11958
14318 1 743
14337 2 2253
14356 1 893
14366 1 1072
14417 1 826
14508 1 1400
14539 2 585
14546 1 276
14550 1 3417
14561 2 3007
14564 4 709
14565 4 1141
14600 1 1048
14690 1 1475
14693 1 1549
14700 1 635
14708 1 1144
14712 2 914
14714 2 5738
14715 1 1357
14720 1 975
14724 3 5113
14725 1 561
14739 1 919
14742 1 687
14749 1 1050
14757 4 1802
14763 1 1468
14776 2 1585
14779 12 3250
14808 1 1232
14817 2 1340
14830 1 8170
14831 1 8171
14832 1 8172
14858 1 3107
14878 1 3248
14880 1 1431
14882 1 1053
14883 1 1025
14884 1 912
14887 2 5014
15025 2 507
15031 3 820
15032 3 791
15080 5 525
15092 1 2742
15129 1 1527
15137 1 2521
15138 1 1573
15203 14 5461
15213 1 369
15244 3 5618
15245 1 7336
15310 3 3417
15438 1 1008
15460 1 1105
15505 1 523
15514 1 934
15516 2 990
15546 1 625
15569 1 3119
15572 2 3411
15586 1 3732
15587 1 2694
15615 1 3882
15617 3 2380
15659 1 763
15665 1 928
15671 1 1154
15737 1 3706
15746 1 1020
15755 12 1292
15810 6 4391
15831 4 2451
15833 1 1583
15849 2 1972
15861 1 290
15868 2 2468
15869 1 2413
15872 1 383
15873 1 1328
15881 3 7036
15898 1 480
15922 1 3916
15957 1 8025
16035 3 631
16100 1 1483
16103 1 1875
16114 1 1601
16238 2 11763
16255 1 2187
16281 1 3429
16292 1 2759
16298 1 1534
16310 1 1612
16311 1 2173
16316 1 3859
16321 1 1829
16334 2 1709
16341 1 9421
16404 5 746
16437 2 2983
16463 1 1739
16490 1 4549
16491 1 6610
16526 1 183
16528 1 1436
16547 1 1030
16561 1 668
16575 1 2548
16577 1 1217
16589 1 3703
16591 2 6896
16625 1 1578
16632 2 1018
16636 1 567
16671 1 1169
16674 1 2131
16740 5 916
16741 6 1522
16742 5 1501
16743 5 1505
16744 5 970
16778 1 584
16779 1 575
16783 1 4266
16798 1 2575
16799 1 3514
16800 1 2525
16836 3 4094
16841 3 3185
16843 7 15992
16844 1 2540
16845 1 8711
16856 1 2460
16873 1 1059
16893 3 5510
16896 2 809
16936 1 3648
16952 6 7998
16957 1 929
16968 1 2878
16973 1 1399
16996 1 1017
17011 1 1488
17013 4 9772
17023 3 1195
17062 1 3596
17097 1 2690
17111 1 1220
17114 3 6140
17121 1 6700
17133 1 1532
17137 2 1349
17139 1 833
17141 1 1634
17155 3 1406
17168 2 3800
17183 3 2046
17189 1 5992
17195 1 2000
17196 1 1736
17198 1 2072
17202 1 2274
17217 1 1186
17242 1 2797
17252 1 2637
17253 11 903
17255 1 1594
17258 1 1211
17325 1 1320
17326 2 951
17327 2 1088
17328 5 1138
17329 2 1123
17330 2 984
17337 1 528
17342 2 4836
17353 1 1336
17385 1 3998
17389 1 1790
17426 4 7075
17442 3 3953
17455 1 1212
17460 1 608
17494 1 4778
17497 1 1775
17501 2 2505
17504 1 2199
17505 1 5120
17506 2 1211
17507 2 992
17508 1 421
17529 1 564
17542 1 762
17570 2 5402
17589 1 12110
17590 1 6514
17596 2 360
17606 1 486
17611 3 772
17622 1 339
17628 1 710
17648 1 1079
17653 1 5954
17658 1 2113
17670 1 5050
17675 1 833
17676 2 359
17683 2 2520
17717 1 3139
17719 1 837
17737 1 1122
17754 3 1063
17789 1 2222
17815 1 2708
17818 1 4410
17833 1 631
17843 2 1862
17882 1 668
17904 7 6041
17936 1 426
17981 1 1639
17982 1 338
18037 1 3117
18051 2 1999
18070 1 1477
18121 1 1538
18128 1 1604
18145 1 554
18146 1 5814
18158 1 1200
18159 1 870
18260 1 1437
18262 2 1741
18265 1 4164
18278 1 1495
18288 7 4353
18309 1 421
18327 1 1514
18359 1 1107
18361 1 780
18386 1 1587
18395 2 6885
18396 1 12783
18401 1 1110
18415 2 5822
18453 1 845
18464 1 1214
18467 1 1259
18486 1 1075
18563 1 1099
18613 4 369
18614 3 1672
18615 4 1909
18616 4 1907
18617 5 1998
18621 1 5046
18631 1 340
18646 1 1083
18650 3 1648
18652 1 2264
18653 4 4815
18654 2 15696
18655 1 837
18656 1 1667
18657 1 2740
18658 1 1985
18659 1 1736
18669 1 633
18694 11 1433
18696 1 1646
18716 1 1408
18721 1 983
18779 2 2121
18796 1 694
18797 1 3696
18798 1 4126
18813 1 1761
18825 2 3098
18850 1 802
18851 1 1501
18932 1 659
18933 4 6035
18945 1 6732
18951 1 5208
18993 1 1283
18997 1 2415
19004 3 7776
19036 2 1671
19038 1 2622
19042 4 3327
19043 1 4707
19053 1 1540
19086 1 2849
19092 4 2849
19093 5 3292
19094 3 3568
19095 3 4478
19111 4 4980
19127 1 1026
19162 2 914
19185 1 324
19186 2 6942
19366 1 1507
19383 1 3259
19399 1 634
19403 2 1268
19415 1 968
19491 3 1810
19495 1 3545
19504 2 6279
19515 1 1607
19559 1 6375
19560 3 8071
19561 1 5606
19562 1 7991
19563 1 5781
19570 1 2209
19589 1 1946
19616 3 388
19637 2 633
19653 2 1803
19656 1 5073
19664 1 4781
19672 1 924
19674 1 2879
19678 3 6792
19685 1 4688
19686 1 4573
19707 2 1040
19731 1 672
19733 4 1292
19737 1 501
19759 1 1457
19793 1 529
19808 1 2160
19863 1 1885
19864 2 1262
19873 1 1291
19878 1 1514
19887 1 3613
19888 1 1794
19889 3 7969
19893 1 6194
19896 1 4758
19961 2 2081
19979 1 623
19982 1 1251
19990 1 1486
20013 1 2102
20015 1 2199
20016 1 3043
20020 1 1073
20030 2 4962
20033 2 400
20154 1 3393
20168 1 856
20178 1 4163
20184 3 758
20193 2 1368
20263 2 3682
20294 1 3768
20295 1 809
20310 1 4111
20425 1 3934
20432 1 2495
20639 3 2734
20653 1 6960
20655 1 891
20663 1 2969
20677 2 8655
20678 2 4807
20679 2 6821
20680 1 2816
20681 1 935
20682 7 5585
20683 1 2155
20684 3 12924
20703 1 3191
20706 1 8010
20707 1 35797
20708 4 24696
20718 1 1829
20730 1 3239
20746 1 2626
20782 1 495
20784 1 1238
20789 1 916
20803 1 693
20808 2 1960
20830 1 2279
20833 1 5441
20888 2 456
20903 1 2764
20906 1 1642
20920 2 1439
20937 5 3666
20989 1 2034
21054 1 515
21063 1 1794
21064 1 674
21071 1 784
21078 1 630
21080 1 1500
21081 2 1093
21084 1 1596
21149 2 299
21162 1 420
21180 1 1918
21181 2 145
21195 1 1075
21196 1 879
21197 1 1044
21224 1 221
21225 1 4913
21282 1 1212
21286 2 691
21289 1 3008
21290 1 930
21291 2 1443
21299 1 9163
21318 2 7108
21324 1 1830
21328 1 2276
21339 1 4745
21352 1 1524
21357 1 5683
21359 1 13839
21430 1 3084
21431 4 492
21460 1 877
21465 1 1283
21486 1 954
21490 3 4936
21503 2 13267
21506 1 981
21507 1 7373
21525 1 2178
21527 1 6412
21530 1 2863
21598 1 2235
21599 1 2186
21600 1 2318
21601 1 256
21644 1 11884
21646 3 410
21663 1 324
21670 1 1140
21672 2 1580
21702 1 3125
21703 1 1484
21705 1 1432
21713 1 1310
21730 1 1984
21741 1 1979
21765 2 1014
21768 4 2946
21770 2 4733
21771 2 1070
21781 8 2594
21852 1 6758
21854 1 571
21865 1 2056
21882 1 1265
21898 1 1312
21960 2 7778
21963 2 2029
21988 7 1084
21989 2 2096
21990 2 1578
21991 2 1915
21992 2 1844
21993 2 2572
21994 2 1872
21995 2 2336
21996 2 2579
21997 2 2196
21998 3 2024
22009 2 828
22032 1 4462
22060 2 1495
22070 1 1420
22072 1 987
22073 1 1079
22074 1 979
22075 1 1098
22076 1 1006
22079 2 5115
22086 2 953
22087 1 1367
22093 1 10393
22103 1 5529
22125 1 1410
22141 3 2921
22143 2 2573
22157 3 836
22166 1 1970
22174 1 737
22180 1 641
22186 1 1860
22190 2 1108
22206 1 2514
22216 3 13756
22397 1 1170
22413 1 1024
22460 1 216
22469 1 912
22477 2 2074
22479 1 1300
22481 2 749
22487 2 1766
22516 4 1048
22524 1 3107
22527 1 2945
22545 1 845
22570 1 1844
22584 1 2300
22592 1 2031
22603 1 779
22610 1 1706
22633 1 1926
22867 2 2220
22878 1 1217
22881 1 1554
22887 1 4212
22906 40 6036
22926 1 1353
22927 2 2118
22941 2 11549
22949 1 215
22991 1 868
23001 7 6718
23014 3 3266
23064 2 7447
23145 2 1118
23228 1 801
23242 1 216
23299 1 98
23308 1 522
23362 1 1820
23363 1 3369
23366 2 1782
23394 2 417
23403 1 3089
23406 2 474
23459 1 764
23489 2 7818
23511 1 1553
23514 1 8145
23517 1 1359
23557 1 1303
23558 1 1014
23559 1 2529
23583 1 3023
23637 3 2848
23688 1 2643
23691 1 1646
23694 1 793
23697 1 5047
23746 1 1757
23748 2 4770
23752 1 2089
23756 1 269
23765 2 11324
23781 1 1632
23795 1 1876
23806 1 518
23829 1 8025
23864 3 186
23975 1 311
24006 2 3059
24076 4 259
24080 1 1052
24093 1 4836
24096 2 3824
24103 1 849
24106 1 228
24119 1 14616
24143 1 781
24156 1 1837
24157 2 10311
24159 1 570
24164 1 1966
24213 1 481
24219 1 7326
24220 1 1196
24222 1 3333
24225 1 1419
24228 1 1329
24254 1 4321
24299 1 1073
24362 1 279
24390 7 3496
24397 1 1053
24420 1 1290
24446 3 706
24448 1 629
24452 1 2427
24457 3 5563
24460 1 1835
24462 1 8468
24482 1 1427
24486 2 628
24487 2 690
24506 2 7516
24514 3 13551
24533 1 1045
24537 1 742
24539 1 3939
24585 1 1914
24596 1 3667
24616 13 6643
24652 1 34
24661 1 895
24705 1 500
24724 1 777
24745 1 655
24750 1 6415
24758 1 448
24765 1 1351
24792 1 607
24793 1 1676
24803 2 5803
24827 1 1654
24839 1 1127
24849 3 4735
24865 2 2318
24866 4 1558
24874 2 1346
24882 1 8171
24883 1 8171
24926 1 2341
24927 1 1019
24928 1 1142
24929 1 1195
25045 2 881
25048 1 1625
25063 3 814
25086 1 958
25102 6 1292
25160 1 3316
25232 2 2344
25243 1 3615
25260 3 1048
25265 1 2233
25275 1 2035
25311 1 1219
25323 1 1577
25348 1 2680
25381 1 769
25391 1 2825
25407 1 3649
25423 2 676
25424 2 934
25435 4 1429
25436 1 1291
25490 1 4592
25495 4 1308
25518 1 395
25522 2 2549
25547 1 3685
25553 1 3595
25557 1 1837
25562 1 3195
25621 1 754
25654 1 766
25656 1 4885
25668 1 1796
25672 1 296
25712 2 2401
25713 1 3056
25718 2 3888
25720 1 2037
25731 13 952
25764 1 2679
25779 1 1124
25788 1 386
25792 4 606
25800 1 908
25807 2 717
25832 2 1204
25879 1 797
25902 1 2698
25905 1 419
25913 1 1179
25966 3 2171
25969 1 1852
26043 1 570
26044 10 1261
26052 1 785
26059 2 1273
26080 1 566
26115 1 1073
26136 5 889
26139 2 1202
26155 1 920
26206 3 1472
26220 2 1669
26228 2 768
26241 2 5926
26257 1 3709
26258 5 7349
26259 1 3718
26260 1 3718
26261 1 3710
26262 1 3711
26327 1 915
26332 4 1975
26337 2 1218
26367 1 1044
26382 2 3521
26388 1 3682
26440 1 693
26449 1 7560
26460 1 957
26480 2 2573
26498 2 32423
26518 1 1163
26586 1 2458
26630 1 629
26631 1 8025
26710 1 638
26727 1 4405
26730 1 1483
26734 2 1445
26742 1 982
26787 1 994
26825 3 2133
26837 1 978
26849 1 634
26856 1 1093
26871 1 662
26942 1 485
26975 1 1997
27036 1 6909
27113 2 218
27115 3 937
27117 1 348
27136 1 289
27157 1 523
27167 1 707
27183 1 1174
27184 1 1075
27185 1 1073
27191 1 2750
27200 2 863
27201 1 865
27202 1 938
27208 1 1202
27212 1 1430
27271 1 858
27300 1 2411
27308 2 7530
27309 1 2591
27311 1 1044
27321 5 7344
27322 1 3721
27323 1 2478
27324 1 3721
27328 1 1057
27343 11 2701
27379 1 931
27385 1 728
27423 2 1599
27431 1 2548
27482 1 762
27502 1 560
27545 1 991
27568 9 2345
27585 1 1037
27619 3 1247
27663 1 543
27702 1 937
27711 1 662
27726 1 2897
27727 3 2086
27742 1 1177
27754 2 521
27755 2 526
27756 2 525
27776 4 1500
27785 2 840
27809 3 1060
27827 2 2297
27852 1 5540
27853 1 3446
27862 1 8511
27872 1 3102
27879 1 1030
27880 1 1171
27883 2 4980
27937 2 893
27964 1 534
27991 2 1463
28003 2 1375
28006 2 1748
28011 3 788
28012 3 784
28013 4 1089
28027 19 843
28065 4 3068
28084 1 448
28091 3 2614
28103 1 5130
28123 1 7111
28193 1 2289
28259 1 6624
28261 2 11790
28287 1 483
28318 2 798
28436 1 1926
28447 2 1339
28454 1 5320
28459 1 5561
28460 1 5545
28467 1 8583
28468 1 8583
28469 1 8615
28475 2 803
28477 2 3627
28489 1 1123
28490 1 1612
28491 2 4917
28638 1 1123
28683 1 1939
28694 1 1039
28699 3 795
28700 3 805
28705 2 367
28739 2 1791
28772 1 1602
28796 13 2216
28840 31 12057
28945 1 874
28978 1 1473
28981 4 1946
28989 1 1744
29044 1 22965
29065 1 1104
29071 1 748
29079 1 486
29081 1 1817
29091 1 451
29095 17 555
29119 1 1828
29120 2 1210
29142 2 1126
29143 1 507
29144 1 2485
29147 1 1734
29193 6 263
29287 1 1288
29328 1 2531
29346 2 5736
29387 11 2788
29396 1 8576
29410 1 300
29429 1 1618
29430 1 1287
29434 1 921
29446 1 2735
29492 1 3204
29493 2 3306
29495 1 3137
29519 3 8686
29532 1 804
29560 2 1313
29571 1 1682
29591 1 790
29593 1 1567
29616 1 1832
29625 1 10200
29685 9 853
29686 9 854
29690 1 2211
29691 1 2211
29722 1 9450
29727 2 1628
29805 1 1359
29806 1 1218
29823 1 2631
29851 1 1758
29857 1 731
29875 2 2653
29878 1 1144
29887 5 3070
29891 2 4871
29953 1 802
29977 1 1200
29981 1 1139
29991 5 10803
30005 2 496
30022 2 430
30065 1 1794
30084 1 1077
30132 1 1913
30167 1 1260
30249 1 750
30252 1 283
30271 2 415
30287 1 621
30303 1 5165
30310 1 2537
30312 1 1701
30320 1 1408
30332 1 1157
30351 2 4754
30352 2 5973
30367 3 200
30404 1 1125
30431 2 729
30435 2 1206
30444 1 731
30483 3 2924
30504 1 727
30573 2 2812
30598 1 1152
30602 1 3594
30635 3 2140
30639 1 8117
30646 1 3639
30649 1 2455
30650 1 994
30708 1 1734
30738 3 1986
30756 1 905
30760 2 644
30762 2 982
30766 2 800
30767 3 794
30768 3 786
30799 1 2179
30802 1 2179
30810 5 1740
30843 1 4224
30891 3 2618
30908 1 551
30913 1 1800
30952 1 3956
31021 1 1103
31034 1 396
31040 1 1514
31041 1 1280
31045 2 24677
31085 1 2635
31099 1 581
31137 1 4691
31146 1 1006
31181 5 234
31267 4 7536
31286 1 845
31323 1 723
31355 1 5480
31356 1 1058
31391 2 2998
31410 2 2031
31441 1 1845
31446 2 1347
31453 5 1030
31458 1 330
31500 1 826
31521 1 3875
31548 2 1600
31550 1 1019
31596 20 1290
31611 1 741
31621 1 412
31631 1 2970
31678 1 695
31735 2 1164
31739 1 977
31744 2 7219
31822 2 3213
31825 1 3867
31829 6 14263
31841 1 1522
31843 1 1841
31851 1 591
31859 1 1265
31872 1 346
31930 7 4739
31933 1 1078
31935 1 2200
31936 6 3664
31939 1 888
31949 1 6125
31964 1 627
32001 5 1067
32033 1 1250
32121 1 2253
32150 1 2832
32170 1 1811
32198 1 823
32211 2 954
32240 3 3457
32241 1 5341
32275 1 856
32286 2 3201
32289 2 2992
32291 1 3102
32304 1 2871
32324 2 1109
32329 1 5073
32344 6 1543
32367 1 3181
32388 3 24490
32413 1 2301
32421 3 729
32423 1 330
32432 1 1300
32473 1 833
32491 1 6991
32565 1 1204
32566 1 1495
32570 1 1155
32577 1 617
32581 1 1008
32671 1 1446
32697 2 304
32704 1 2103
32756 2 1374
32811 2 1871
32871 1 1078
32897 3 1259
32970 4 1070
33084 1 1311
33089 1 1038
33091 1 10334
33150 2 2622
33151 2 2303
33162 1 1081
33167 1 1396
33189 2 1759
33197 3 1325
33198 2 1245
33199 4 1920
33222 2 1818
33240 2 9576
33261 1 726
33275 1 1122
33296 1 489
33304 1 1326
33310 2 9499
33312 3 2285
33334 1 2979
33335 1 9267
33417 2 889
33421 1 784
33451 2 1239
33475 1 5068
33494 1 11341
33534 1 223
33544 1 2303
33569 1 1975
33576 1 1268
33600 1 711
33609 2 420
33692 1 738
33703 3 18894
33787 1 3331
33814 4 693
33824 1 537
33831 3 6374
33847 1 7078
33855 1 914
33856 11 533
33859 1 7228
33862 3 998
33871 1 447
33917 1 1937
33922 1 815
33937 1 14231
33938 1 5544
33985 1 1091
33996 1 4294
34003 3 1358
34004 1 5029
34022 1 1978
34037 2 3652
34039 5 23394
34046 1 3718
34062 1 2698
34064 1 1611
34067 1 1675
34081 2 3468
34090 2 2456
34122 1 461
34125 2 1328
34132 1 686
34146 1 1989
34150 1 1435
34163 1 490
34165 2 1237
34175 1 2354
34178 2 2529
34189 1 508
34197 1 2057
34200 1 1477
34208 1 2130
34243 4 1382
34281 2 5326
34287 3 2048
34291 2 1443
34298 1 6813
34306 1 739
34311 1 1306
34368 1 310
34381 2 753
34394 2 8616
34400 2 1529
34456 1 1514
34481 1 3475
34488 1 842
34489 1 1568
34494 1 1658
34503 1 1238
34504 1 617
34521 1 3172
34525 2 1736
34526 3 2380
34535 1 3465
34552 1 2327
34555 1 1364
34559 1 1551
34574 1 2252
34575 1 2031
34576 1 3903
34578 1 2374
34583 2 4980
34619 1 2069
34630 1 211
34652 1 1004
34665 1 1365
34677 3 793
34678 3 758
34683 1 1171
34745 1 3957
34775 4 627
34860 1 3758
34872 1 522
34901 4 18201
34915 3 985
34918 1 681
34923 1 2774
34931 1 655
34993 1 853
35039 1 2773
35041 1 7162
35061 1 530
35069 2 3840
35143 1 546
35149 1 9307
35159 1 1431
35201 2 695
35204 3 727
35265 3 132
35325 3 1767
35334 1 4418
35351 1 1416
35368 1 2496
35387 2 4967
35391 1 624
35399 1 6478
35408 1 705
35420 1 1047
35427 2 12574
35428 2 12657
35432 1 1823
35455 1 554
35469 1 1178
35487 1 1788
35488 3 1679
35489 1 1348
35504 1 1747
35508 1 640
35529 1 1080
35531 2 967
35541 1 500
35555 1 968
35683 1 1542
35699 2 633
35724 1 2406
35763 1 1308
35771 2 5813
35774 1 3657
35840 3 5256
35861 1 10960
35881 1 849
35886 1 671
35888 1 1614
35893 1 1446
35898 1 726
35936 1 2025
35946 2 3409
35954 5 546
35993 1 1442
36018 4 1940
36020 1 539
36042 1 6053
36045 1 1120
36051 1 3640
36068 1 271
36084 1 1618
36101 2 984
36109 1 12698
36139 2 1353
36177 2 2374
36203 1 842
36216 1 962
36263 1 1184
36277 4 868
36284 1 1599
36285 1 1329
36286 2 1718
36292 1 3895
36294 1 3160
36298 1 1028
36299 1 2612
36304 2 1491
36311 1 2920
36312 2 1698
36334 8 1139
36343 2 1778
36363 1 2502
36364 2 2554
36387 1 3582
36397 1 8678
36398 1 8678
36402 1 2671
36403 2 2989
36404 2 2989
36405 2 2989
36416 1 1685
36498 3 8241
36546 1 1536
36563 1 492
36590 1 5680
36629 1 581
36684 1 1952
36718 1 910
36728 3 1234
36764 1 1191
36770 8 2401
36779 2 1172
36785 1 1843
36796 4 1826
36797 1 6365
36807 2 1247
36808 2 1928
36882 2 6259
36886 1 1100
36910 5 499
36918 2 1129
36942 2 727
36962 3 5960
36983 4 201
37011 1 2340
37032 2 1856
37033 2 744
37038 1 1290
37039 1 1824
37051 1 741
37057 4 5130
37089 1 528
37125 1 276
37168 7 3059
37172 1 2396
37182 1 13117
37206 1 2132
37284 4 2087
37285 1 2205
37310 1 7113
37323 1 7159
37363 1 752
37384 1 1980
37407 1 1372
37419 1 13883
37423 1 13622
37426 1 1141
37433 1 233
37434 2 6835
37457 2 3293
37489 1 991
37496 1 2380
37520 1 1281
37550 2 1723
37587 1 2098
37594 1 1661
37605 1 1281
37606 1 903
37628 1 1169
37650 1 2418
37657 1 1079
37685 1 2123
37686 2 2096
37694 1 3082
37698 2 5406
37715 1 1489
37724 1 2484
37725 2 2498
37727 1 606
37733 1 1162
37734 3 3488
37735 1 1882
37736 1 1948
37741 1 1024
37747 2 4991
37838 1 892
37915 3 778
37916 3 792
37920 1 1463
37929 3 2603
37932 1 17484
37939 2 587
37961 14 2110
38001 1 978
38005 2 3590
38007 1 1299
38035 3 1861
38065 4 966
38067 1 2040
38078 1 526
38079 1 190
38099 1 1239
38119 1 1233
38121 2 989
38122 1 1267
38133 1 490
38140 1 1404
38154 1 2189
38157 3 3920
38177 1 1445
38194 1 2925
38195 3 2948
38199 3 2577
38228 2 392
38267 1 892
38305 1 744
38315 1 604
38327 1 413
38339 1 1676
38350 4 1056
38366 1 781
38374 1 1606
38384 1 314
38413 1 6145
38435 1 1582
38447 1 2944
38452 1 1545
38480 2 1546
38484 1 1425
38488 1 1063
38492 1 694
38493 1 752
38520 1 1239
38526 1 1143
38529 1 1224
38536 1 1157
38550 1 806
38569 1 928
38576 2 1706
38611 1 5792
38650 4 337
38660 2 1365
38672 3 1650
38685 1 2596
38686 1 2997
38687 3 2099
38692 1 1658
38714 2 2044
38736 1 1093
38738 4 768
38755 1 1706
38756 1 619
38758 4 1048
38787 1 1258
38802 2 4212
38804 1 1858
38808 1 2666
38838 1 1464
38855 1 5137
38916 4 6621
38936 1 1147
38941 1 931
38972 1 883
38999 3 4065
39000 1 917
39001 2 4864
39084 2 4248
39091 1 308
39115 2 1536
39128 1 1085
39150 2 877
39163 2 879
39165 1 1217
39166 1 1097
39167 1 1736
39168 2 1160
39188 1 577
39193 2 3626
39204 1 908
39244 2 1045
39245 1 4290
39259 1 3420
39260 1 2636
39264 3 7187
39270 1 2484
39271 1 2225
39276 2 3501
39278 1 5705
39279 1 5440
39280 1 2767
39292 2 4867
39294 3 1948
39300 1 845
39304 2 1175
39321 1 1371
39323 1 830
39329 2 32477
39396 3 563
39448 1 3136
39476 2 556
39484 3 754
39489 1 1197
39497 1 5496
39510 1 1784
39519 2 1394
39528 1 1351
39588 1 6063
39655 2 1225
39694 1 234
39697 2 468
39775 1 1300
39797 1 2288
39800 1 1463
39802 1 1853
39840 1 536
39874 1 156
39901 1 420
39937 1 1427
39940 1 1790
39958 2 1932
39961 2 418
39966 1 577
39978 1 30166
39986 1 880
40016 1 1388
40017 2 797
40044 1 1776
40079 1 1161
40082 3 1394
40107 1 1049
40198 1 5290
40200 2 2237
40237 1 1541
40253 1 3705
40254 1 2478
40255 1 3713
40256 1 1952
40257 1 3718
40298 2 1191
40319 2 3414
40340 1 794
40368 2 1151
40375 1 2147
40377 1 908
40414 5 3454
40438 1 4462
40444 1 1611
40468 2 2719
40481 1 1509
40502 1 2207
40520 1 881
40549 1 1360
40552 16 4962
40553 1 577
40579 1 4144
40586 1 8741
40606 1 813
40624 1 1840
40625 2 980
40638 1 835
40639 3 1499
40648 6 7183
40659 1 2127
40663 1 2472
40668 1 3116
40705 1 338
40722 1 1210
40755 1 1578
40763 5 3495
40828 1 514
40829 4 3054
40832 1 451
40854 1 1256
40855 1 1346
40899 4 5270
40924 1 666
41013 2 2867
41014 2 379
41032 2 2291
41038 1 877
41048 1 1925
41061 1 890
41075 1 2253
41111 1 2649
41113 1 1884
41118 2 2966
41131 2 4182
41149 1 958
41165 1 1234
41184 1 7879
41259 1 862
41264 1 707
41270 1 1544
41273 1 1001
41299 3 1272
41372 2 746
41426 1 4541
41427 1 4567
41458 1 1078
41528 1 451
41537 3 1041
41547 1 994
41570 1 526
41664 1 608
41676 2 1348
41679 1 1631
41720 1 1655
41742 1 1669
41747 1 754
41756 1 439
41757 1 487
41802 1 2461
41818 1 3884
41826 1 2287
41846 7 987
41870 1 1014
41904 1 1303
41908 1 516
41909 2 576
42002 1 353
42019 5 6660
42025 1 9933
42030 1 2922
42058 1 1781
42112 1 1065
42125 1 1266
42129 1 4735
42139 1 827
42149 1 9906
42156 1 844
42161 2 9423
42179 1 1490
42183 1 1446
42193 3 1099
42208 2 1800
42217 1 52
42222 1 1163
42250 1 395
42290 2 3287
42297 1 1946
42299 1 1013
42309 2 5367
42314 1 1280
42361 1 1063
42362 1 10503
42372 3 915
42381 2 1364
42390 1 1124
42425 8 5948
42439 1 1085
42460 1 1971
42485 1 1654
42505 1 1014
42511 1 1464
42524 1 1615
42557 1 2920
42559 1 2800
42567 1 3374
42569 1 3491
42572 1 2840
42575 1 1157
42580 3 8665
42585 1 2844
42593 1 2229
42597 2 1554
42600 2 2138
42601 5 2101
42627 2 1127
42630 1 2369
42632 1 2515
42637 1 251
42640 1 12636
42645 1 2530
42652 1 2519
42653 1 2753
42768 3 4939
42849 1 792
42876 1 547
42878 1 582
42892 1 2540
42894 1 1338
42900 1 917
42921 2 2767
43005 1 721
43020 1 2004
43025 2 3087
43026 3 1259
43047 1 405
43048 1 245
43060 2 818
43103 1 506
43118 1 649
43229 1 8025
43245 1 2907
43260 1 1445
43307 1 1390
43418 1 1353
43442 1 2510
43446 1 8554
43465 1 1139
43486 1 687
43487 1 680
43493 1 672
43510 1 1103
43516 1 174
43535 1 1147
43566 1 1261
43575 1 1608
43576 1 5522
43595 4 1253
43597 1 2088
43620 1 1150
43633 1 1373
43670 2 3188
43723 2 862
43844 1 2408
43890 1 2794
43908 1 1405
43914 1 775
43915 1 3241
43918 12 628
43935 1 3104
43938 1 1026
43942 2 2137
43949 1 684
43995 1 1181
43999 1 5400
44000 1 1084
44010 1 423
44056 1 2924
44063 1 772
44080 3 3596
44081 1 4117
44089 2 473
44108 5 887
44125 2 6435
44130 1 6601
44155 1 1605
44157 3 2662
44171 3 334
44184 1 367
44206 1 1686
44208 1 832
44224 1 1007
44256 1 1298
44283 1 1417
44314 1 316
44333 1 2947
44372 1 5509
44376 1 1032
44377 1 1880
44407 2 1204
44430 1 967
44447 1 1998
44469 1 1847
44479 1 5563
44483 1 875
44510 1 447
44567 1 801
44590 3 3346
44707 1 6048
44731 1 922
44747 1 1189
44751 1 774
44780 2 3261
44816 1 1244
44848 1 1841
44864 1 526
44865 1 581
44876 1 3240
44881 1 3374
44892 2 1152
44896 2 1132
44897 1 721
44923 1 1258
44925 1 3438
44952 1 2567
44954 3 8549
44955 1 7733
44956 2 7041
44957 3 10010
45099 1 1823
45161 1 1863
45170 1 1514
45180 2 838
45189 1 6148
45206 1 1212
45221 1 652
45233 1 1236
45252 1 406
45285 1 1078
45361 1 707
45386 1 159
45402 1 933
45581 1 8025
45608 1 737
45614 3 959
45627 1 711
45707 1 3610
45804 2 274
45826 2 8235
45850 2 414
45868 3 965
45869 1 834
45870 1 639
45871 1 789
45872 1 779
45892 1 1068
45908 1 1320
45951 1 762
45981 1 1001
45985 2 689
46046 1 3634
46077 1 576
46087 1 1968
46107 4 1152
46124 1 1204
46153 3 3988
46154 2 1899
46174 1 2910
46241 1 2498
46307 1 833
46315 2 857
46319 1 2904
46322 2 1537
46367 1 535
46378 1 6175
46388 6 81863
46414 1 727
46434 1 2480
46464 1 311
46490 2 2484
46505 6 6279
46509 2 2154
46541 1 1240
46551 3 8597
46552 1 9921
46589 2 1731
46599 7 1778
46606 1 365
46607 1 302
46615 1 3442
46637 1 1010
46638 2 1102
46639 2 4091
46646 1 1436
46683 1 3045
46691 1 1448
46734 1 1928
46749 2 6951
46775 1 537
46777 1 3791
46779 2 1776
46780 2 1725
46781 3 3752
46782 3 1711
46783 2 2182
46784 4 2048
46798 2 1028
46809 1 883
46813 1 1367
46821 2 1634
46824 2 1526
46837 1 2432
46839 1 1057
46903 1 1038
46904 1 698
46910 1 1422
46911 1 1569
46913 1 1961
46914 1 1128
46930 1 893
46937 1 1271
46940 1 1893
46975 1 1653
46986 1 917
46998 1 1512
47007 1 834
47034 12 1302
47115 1 1920
47151 1 5857
47216 1 573
47241 1 339
47245 1 6757
47247 1 561
47350 1 2865
47398 1 5716
47447 1 3095
47499 2 1307
47505 1 1587
47506 1 1955
47508 2 1236
47515 1 3985
47522 1 1342
47536 1 2114
47538 1 4411
47559 2 11224
47562 2 1450
47576 1 2029
47625 1 907
47649 1 3343
47650 1 1540
47651 2 3064
47693 1 1054
47731 1 1046
47732 3 922
47796 5 779
47798 1 1074
47800 2 10768
47835 1 984
47839 2 1597
47890 1 959
47898 1 1891
47979 1 4184
47983 1 576
47998 1 842
48031 1 4280
48042 3 1229
48044 1 592
48065 1 1054
48078 4 11919
48086 2 1062
48087 2 2749
48099 3 773
48100 3 764
48114 1 991
48119 1 469
48135 1 1627
48141 1 632
48180 2 25164
48182 1 1935
48184 2 2004
48197 5 8238
48206 1 1787
48217 1 6375
48220 1 1146
48221 1 2217
48222 6 3062
48223 3 2573
48224 2 3121
48234 3 7467
48259 2 1198
48260 3 1199
48261 2 1243
48269 1 11120
48273 2 1388
48274 1 637
48297 2 1099
48301 1 772
48315 2 2681
48326 1 477
48338 1 2760
48341 2 811
48350 1 743
48379 3 6270
48385 2 1169
48472 1 910
48477 1 641
48551 13 6659
48564 1 1430
48566 1 3055
48608 2 3133
48609 2 3196
48611 1 515
48622 1 687
48623 1 700
48647 2 1159
48650 6 6532
48651 6 3561
48666 5 377
48680 1 695
48682 1 503
48689 4 4283
48751 1 1441
48766 1 1006
48772 1 2396
48845 1 309
48861 1 789
48899 3 1205
48902 2 4234
48909 2 1859
48912 1 2452
48917 2 6627
48919 1 5467
48925 2 4731
48926 1 1147
48939 1 1135
48944 1 507
48960 2 2073
48966 1 971
48969 1 542
49000 1 3581
49005 1 2273
49010 1 866
49014 1 2884
49016 1 869
49018 2 2181
49021 1 2436
49034 1 2025
49049 2 1735
49052 1 3420
49063 2 1301
49073 6 1915
49080 1 523
49084 4 1244
49113 1 1472
49133 1 844
49140 1 1377
49149 1 3141
49152 1 937
49158 2 699
49163 2 1009
49175 1 9938
49176 1 11069
49183 4 2240
49203 1 1682
49242 1 1558
49243 1 817
49256 1 1312
49257 1 1855
49258 1 1049
49259 1 953
49260 1 1319
49261 1 1071
49267 1 377
49268 2 140
49271 5 1100
49272 2 951
49278 2 909
49279 2 1210
49283 2 648
49292 1 1045
49322 1 882
49340 1 2095
49341 1 2395
49342 1 921
49343 1 1496
49344 1 2202
49345 2 2775
49346 1 1190
49347 1 1309
49348 1 2857
49349 1 2177
49350 2 2540
49351 1 1081
49356 1 1233
49394 1 989
49443 1 1149
49447 2 742
49455 1 2601
49459 4 3328
49460 1 810
49473 1 585
49518 1 715
49529 1 2335
49702 1 351
49718 4 833
49732 1 796
49744 1 145
49751 1 846
49765 5 1418
49780 1 860
49796 1 1300
49811 1 1751
49819 1 736
49844 1 6972
49857 1 693
49880 1 865
49899 1 812
49919 1 2203
49984 2 1693
49985 1 901
50003 1 1075
50005 2 982
50006 1 1086
50008 1 1147
50011 4 1208
50012 2 3608
50016 2 11583
50021 3 900
50030 3 2358
50034 1 1651
50036 1 1008
50037 1 1127
50038 1 770
50040 2 6696
50042 1 1289
50043 1 1102
50060 1 2052
50143 2 8454
50186 1 5705
50194 1 1013
50196 1 3087
50204 4 2083
50211 1 1608
50218 2 1089
50223 2 6104
50228 13 701
50241 2 2798
50245 1 460
50285 6 4950
50313 2 503
50317 1 2395
50324 2 1065
50338 1 946
50343 1 3220
50355 1 3677
50383 1 995
50409 1 2104
50464 1 2946
50476 2 10882
50477 1 4990
50485 1 3231
50518 1 812
50580 1 551
50581 1 492
50582 1 661
50587 3 1902
50597 1 2594
50599 1 5431
50607 1 926
50613 1 2424
50620 1 2383
50648 1 522
50717 1 669
50722 1 3030
50726 1 2071
50753 3 1998
50763 1 878
50776 1 2775
50777 1 1369
50784 1 2392
50790 1 915
50792 2 1448
50801 1 548
50811 1 989
50812 1 1028
50823 1 566
50851 1 780
50869 1 1761
50881 2 4909
50950 2 1239
50952 2 882
50963 1 985
50964 1 119
50984 1 1008
50996 1 5411
51000 1 1757
51002 1 1417
51023 2 1980
51049 1 2306
51064 2 907
51121 1 1534
51126 1 863
51141 2 1862
51149 1 3086
51172 1 892
51174 1 1037
51177 1 2704
51195 1 2015
51234 2 1409
51294 1 801
51301 2 765
51326 1 2077
51329 3 740
51344 1 2554
51373 4 874
51376 1 570
51435 1 776
51446 2 182
51448 1 734
51458 2 420
51475 2 1015
51498 5 509
51523 1 1944
51565 1 1885
51621 1 840
51648 1 642
51732 1 1804
51736 1 626
51765 1 539
51767 1 1320
51796 1 1282
51839 2 9735
51891 2 6407
51892 2 4521
51899 1 12169
51915 12 627
51920 1 1191
51965 2 703
51968 7 704
51970 3 305
51976 1 1263
51979 2 6703
51987 4 4909
51988 4 6522
51993 2 12689
51994 3 9298
52030 1 1803
52032 1 1614
52069 1 2292
52074 1 7011
52146 2 10691
52147 1 691
52171 1 1538
52184 1 4601
52206 1 645
52208 3 461
52217 1 1695
52221 1 1170
52266 1 5261
52271 1 8131
52301 2 8406
52325 1 1444
52343 2 950
52349 1 930
52360 2 1402
52377 1 1152
52396 1 4756
52403 1 1953
52405 1 2273
52408 1 1385
52440 3 6680
52449 2 3942
52450 1 1698
52465 1 543
52475 3 1358
52500 2 3237
52501 1 1203
52502 1 6875
52503 1 1083
52526 1 1430
52538 1 498
52541 1 3260
52548 1 1684
52559 1 2209
52560 1 2179
52561 1 52057
52570 1 489
52599 1 4808
52627 1 1261
52628 1 1306
52629 1 1444
52634 1 865
52694 2 407
52697 1 1171
52728 1 1010
52863 1 606
52941 1 3400
52972 1 550
52988 3 24350
52996 2 407
53000 1 910
53023 2 6088
53046 1 6992
53066 9 855
53073 1 2274
53079 2 403
53084 2 2127
53092 1 1626
53123 1 1339
53138 1 1947
53139 1 3527
53140 2 4214
53155 1 1070
53158 1 9225
53224 1 1319
53236 1 3296
53268 2 5517
53337 1 3782
53347 1 549
53357 1 1058
53365 1 748
53375 1 1170
53392 1 958
53430 3 48057
53432 2 1524
53469 2 2932
53487 2 1821
53495 1 776
53501 1 1069
53524 3 1461
53537 1 2107
53545 1 1625
53554 2 1048
53604 4 510
53614 1 471
53622 1 590
53633 2 948
53640 1 1546
53650 1 1107
53653 1 2179
53655 3 2405
53709 1 7571
53738 1 2051
53761 2 1331
53769 1 2550
53771 1 1481
53773 3 1265
53777 1 3202
53778 2 4519
53785 5 1323
53794 2 2430
53880 1 958
53911 1 833
53923 1 2605
53925 1 1795
53926 2 2454
53929 1 1032
53930 1 1054
53932 1 2291
53936 1 1821
54033 1 455
54063 1 59
54088 1 213
54093 2 4103
54146 3 782
54147 1 1217
54175 2 2289
54200 3 3379
54206 2 1036
54222 1 1066
54287 2 1717
54306 2 2437
54349 1 12411
54350 2 8318
54375 1 5885
54391 1 1246
54399 1 5059
54441 4 4709
54553 1 2793
54571 1 839
54593 1 892
54598 1 629
54599 1 461
54617 3 1123
54640 1 1444
54924 1 714
54949 1 1656
54966 1 6126
54973 1 1697
54995 2 1180
55054 1 4966
55073 1 3312
55092 2 1807
55123 1 1027
55148 4 975
55164 1 1267
55168 2 228
55332 2 742
55423 1 1343
55428 1 401
55433 1 1983
55434 1 1232
55440 1 1255
55456 2 2236
55478 9 1070
55496 1 5278
55497 2 4177
55498 1 5155
55515 17 1874
55538 3 7491
55620 1 862
55913 1 1188
55917 1 1178
55919 4 3288
55921 2 1012
56024 1 1014
56045 1 1527
56173 1 557
56175 1 8425
56188 1 1498
56189 2 1843
56194 1 1968
56201 1 1323
56202 1 276
56204 2 1621
56209 2 2742
56215 1 1081
56223 1 5116
56225 1 1378
56231 1 1953
56250 1 1483
56273 1 2200
56279 1 917
56282 1 1567
56283 2 1928
56284 1 880
56285 1 1032
56353 1 54
56397 1 691
56471 8 13098
56492 1 416
56495 1 1972
56496 2 1274
56507 2 1042
56508 3 768
56509 3 803
56510 3 797
56524 2 4137
56563 2 1501
56564 2 1402
56617 1 1131
56619 1 422
56630 1 3641
56669 2 2701
56681 1 639
56691 1 459
56707 1 1732
56711 1 1301
56714 1 1580
56717 1 2410
56723 2 1252
56732 1 1068
56816 1 1923
56821 5 6607
56822 1 4110
56824 1 1310
56849 1 1501
56857 1 2166
56884 1 1443
56914 1 786
56915 2 4927
56916 1 472
56939 1 459
56942 1 715
56948 1 599
56976 2 591
57040 4 3492
57226 2 11510
57228 1 1834
57245 1 568
57258 3 2560
57271 1 1039
57278 1 1092
57314 2 770
57340 2 604
57364 1 602
57379 4 460
57380 1 3371
57383 2 3091
57388 1 3103
57390 1 226
57421 1 1105
57431 1 3175
57451 1 3058
57457 3 2066
57460 1 2888
57494 1 3677
57510 1 2365
57512 1 1680
57517 2 1069
57518 1 3333
57537 1 924
57623 1 3704
57624 1 3707
57625 1 3705
57630 1 888
57647 1 705
57651 1 6526
57660 1 6533
57663 4 1474
57665 1 1013
57725 1 1668
57728 4 3152
57748 1 1258
57810 1 1482
57820 2 3637
57821 2 4929
57835 2 642
57847 2 1952
57881 2 2310
57906 1 1412
57915 2 2190
57931 2 1340
57932 4 1447
57939 3 630
57944 2 613
57945 1 2600
57946 1 5545
57947 1 5535
57952 1 8583
57953 1 8583
57962 2 2722
57978 3 943
57981 1 1528
57985 2 522
57989 1 3603
57991 5 1504
57992 1 1010
57993 1 1126
57994 1 1029
57995 2 2088
57997 3 4870
58220 1 2264
58227 1 1972
58231 1 4145
58322 1 1624
58479 1 963
58497 1 611
58505 1 300
58534 1 287
58762 1 4573
58773 1 1702
58810 1 891
58830 1 2010
58836 1 2335
58838 1 3151
58840 1 3131
58847 1 2073
58865 2 1126
58889 2 1343
58930 1 1881
58933 2 1093
58936 2 1464
58937 1 738
59052 9 852
59057 1 2210
59058 1 2211
59072 1 10092
59147 2 167
59164 1 1218
59211 1 3035
59226 2 1228
59287 1 827
59305 1 1145
59347 4 9699
59348 7 10477
59349 3 8147
59350 2 8331
59366 1 1084
59394 1 1328
59395 2 1240
59397 1 3596
59405 1 830
59417 1 1841
59418 6 9567
59420 1 1188
59421 1 1923
59423 2 13129
59430 2 3685
59431 1 1353
59442 1 1743
59448 4 1068
59466 1 4209
59467 2 4546
59475 2 5201
59480 1 2579
59489 1 1634
59494 1 2310
59496 2 1417
59502 1 2133
59515 3 2280
59526 1 1089
59556 1 2338
59563 8 2110
59564 4 1594
59565 4 1703
59569 1 1463
59573 2 1577
59582 1 1698
59621 1 2882
59622 1 1137
59626 3 2003
59627 1 4734
59630 1 5288
59639 1 3423
59655 1 1717
59662 1 14951
59667 2 1525
59686 2 1195
59687 1 1419
59691 3 2592
59695 2 2300
59699 1 1994
59713 3 1324
59717 2 4807
59770 7 1910
59771 6 2668
59772 1 792
59809 1 1442
59837 1 1240
59840 2 350
59860 1 999
59868 1 1987
59874 6 4939
59876 3 657
59906 1 889
59922 2 3476
59981 2 1693
59987 1 5303
60021 1 2368
60038 1 3448
60042 1 969
60048 1 851
60049 1 468
60068 1 2246
60085 2 1113
60105 1 570
60109 1 2379
60116 1 1842
60124 3 3277
60155 1 11169
60156 1 5280
60175 1 847
60224 2 8194
60243 2 860
60249 1 1398
60251 1 1629
60276 3 3089
60284 1 1802
60314 2 2506
60319 7 4138
60327 2 3097
60350 3 1659
60375 1 1930
60378 1 1208
60439 1 897
60465 1 508
60483 1 648
60494 1 398
60521 1 969
60523 1 1348
60525 1 1252
60526 1 773
60534 1 988
60535 1 994
60536 3 1572
60537 2 1343
60538 2 2351
60581 4 423
60595 2 3346
60611 1 2420
60661 1 4572
60662 6 6202
60693 1 7521
60694 2 1114
60707 2 1099
60713 3 3384
60736 1 3344
60740 3 3274
60750 1 12275
60758 1 909
60789 6 1758
60822 1 5864
60825 1 2017
60864 1 1132
60908 1 558
60934 1 1005
60935 1 2979
60936 1 5117
60946 1 758
60953 1 2570
60954 1 1837
60955 2 1899
60956 1 2287
60957 1 3093
60959 1 422
60963 1 3508
61001 1 1325
61002 1 1476
61003 1 1701
61004 1 2305
61020 2 13801
61043 1 4069
61053 1 1691
61057 2 471
61095 1 1306
61117 1 2465
61122 3 1779
61152 1 782
61167 1 3616
61176 1 884
61177 1 2363
61178 6 2893
61179 1 2633
61186 1 14302
61187 1 15707
61188 2 29700
61192 2 420
61199 1 1761
61258 1 3684
61268 2 2756
61269 8 8764
61326 2 2485
61339 1 1085
61344 2 3189
61349 1 976
61352 1 18809
61361 1 1202
61409 2 3387
61472 2 2455
61502 1 1871
61520 1 844
61523 2 3940
61526 1 1292
61540 2 1265
61541 1 491
61545 1 814
61546 2 840
61547 1 853
61548 1 745
61549 2 1113
61550 1 1103
61551 1 1078
61552 1 1167
61613 1 1024
61619 2 1308
61624 1 1565
61625 1 1309
61626 2 1747
61628 1 7244
61664 1 3204
61668 2 11710
61669 1 5944
61694 1 3121
61708 2 265
61731 1 1752
61736 1 3608
61783 3 691
61786 1 849
61798 2 2257
61799 1 1049
61800 1 1282
61801 1 1303
61824 4 4512
61826 1 3738
61829 3 3211
61830 1 2081
61833 2 7073
61845 2 3591
61860 1 7381
61870 1 3147
61876 2 2252
61877 2 2841
61878 3 2819
61879 2 2166
61880 2 2723
61881 3 2444
61882 1 454
61893 1 1205
61897 1 2680
61898 1 2787
61909 1 3209
61915 1 984
61917 2 5083
61924 1 6503
61938 1 6544
61939 2 10305
61976 1 4025
61995 1 1094
61996 1 106
62003 1 2012
62008 3 1089
62013 2 1235
62029 3 840
62030 3 796
62063 2 624
62076 1 355
62087 1 4114
62091 1 925
62092 1 1030
62113 1 412
62114 1 939
62115 1 755
62116 1 949
62117 1 1347
62158 1 1281
62201 1 625
62204 1 8201
62212 2 986
62293 2 2903
62314 1 580
62317 1 1576
62334 1 499
62340 2 4587
62432 2 5539
62505 1 839
62567 1 404
62588 1 8596
62613 3 5274
62685 1 1321
62687 1 994
62693 2 5347
62707 1 507
62729 1 2162
62749 1 387
62757 1 693
62758 1 2293
62759 1 1339
62766 1 8596
62767 3 14162
62768 3 9553
62781 1 1596
62789 3 3394
62831 1 1012
62847 1 1945
62851 4 1797
62868 1 1757
62873 3 503
62914 1 2398
62930 1 2244
62932 1 1598
62981 1 2414
63054 1 1936
63058 1 1372
63059 1 1717
63060 1 1082
63061 1 5120
63062 1 1067
63063 1 1595
63064 1 1202
63065 1 1209
63073 4 6062
63078 2 1839
63093 2 3111
63105 1 431
63137 1 3259
63157 1 3445
63158 1 912
63159 1 1363
63160 1 1813
63161 2 1664
63162 1 1516
63163 2 2048
63164 1 2016
63165 1 2124
63166 1 2579
63167 1 3539
63168 1 2328
63169 1 1823
63183 1 1780
63184 2 2633
63202 1 867
63262 1 1616
63265 1 1866
63280 3 3788
63281 4 1021
63296 1 538
63303 1 1198
63308 3 1302
63309 1 4077
63310 2 2477
63311 1 1028
63341 1 1591
63396 1 535
63405 1 618
63434 2 1222
63501 1 1200
63555 1 7057
63556 1 619
63564 1 3674
63566 2 2589
63572 1 3748
63573 1 786
63580 1 1896
63618 1 522
63634 3 5269
63645 2 407
63659 2 696
63686 1 3010
63695 1 2625
63696 1 1202
63701 2 2880
63706 1 1710
63714 2 1284
63746 1 1470
63747 1 1196
63759 1 1024
63765 1 1813
63803 1 2123
63804 2 1156
63805 3 802
63809 1 751
63835 1 4072
63836 1 3200
63838 1 3268
63842 1 2243
63855 1 377
63906 3 4261
63926 1 1163
63929 1 1348
63938 1 2930
63943 3 751
63964 1 1764
63965 1 1353
63966 1 1281
63970 1 4043
63972 1 1998
63975 1 725
63980 1 749
63985 1 978
63986 4 1741
64015 1 2612
64021 2 4309
64032 1 1854
64083 1 1054
64086 1 1979
64093 1 1998
64094 2 3694
64097 1 997
64098 1 1021
64258 1 104
64295 1 1792
64319 1 4532
64323 2 1309
64329 3 779
64330 3 842
64391 3 628
64396 1 715
64398 2 703
64407 1 1172
64416 1 453
64420 1 1908
64451 1 433
64517 1 871
64570 1 1583
64571 38 1943
64582 1 1481
64598 1 441
64602 1 601
64610 1 1012
64628 4 1855
64639 1 924
64658 1 3929
64671 2 687
64681 3 3466
64683 1 684
64930 1 312
64958 1 1118
64970 3 526
64997 1 864
65031 2 3879
65032 2 1400
65076 1 462
65078 1 1249
65079 1 1254
65080 1 1255
65083 2 1451
65084 1 2317
65093 1 2401
65099 1 2357
65115 1 789
65129 2 15643
65130 6 3523
65268 1 787
65353 1 1202
65387 1 418
65394 1 1148
65457 1 1115
65530 1 1872
65596 3 1788
65619 1 1364
65624 1 629
65672 1 1726
65675 1 589
65677 1 940
65686 1 1470
65687 1 699
65747 1 648
65778 1 3404
65790 2 5117
65792 1 886
65794 1 999
65813 2 1982
65818 1 1668
65835 1 801
65861 1 802
65883 2 3190
65890 1 773
65908 1 2157
65945 1 2536
65968 2 1412
65995 3 6936
65996 4 2800
66004 1 1492
66012 1 1659
66048 1 1660
66053 4 976
66065 1 2315
66086 1 2643
66108 1 1286
66113 1 1368
66123 1 1344
66124 1 1563
66136 1 673
66151 1 1614
66161 1 707
66174 1 806
66202 3 737
66214 1 971
66231 1 1159
66235 7 743
66251 1 686
66269 1 1221
66277 2 1687
66278 1 2126
66285 1 496
66350 1 839
66376 3 1935
66410 3 1064
66431 1 2939
66482 1 2199
66487 1 1154
66515 1 6274
66568 2 1368
66581 1 952
66583 1 1396
66645 2 379
66664 1 2151
66677 1 1321
66690 1 370
66693 2 613
66698 1 2058
66705 3 837
66715 1 514
66720 1 1705
66727 1 1513
66734 1 1280
66744 2 4068
66751 2 11896
66757 3 747
66767 1 467
66819 2 6321
66870 1 2566
66884 5 3426
66915 1 4319
66927 1 978
66950 80 10294
66954 1 791
66958 3 1720
67021 3 6450
67027 1 2379
67067 2 392
67094 1 591
67286 1 1904
67302 1 876
67305 1 1420
67309 2 844
67331 1 2083
67342 11 6010
67347 1 1319
67349 2 1281
67355 1 6043
67356 1 2111
67357 1 2331
67370 1 788
67372 1 2781
67374 1 1178
67395 1 2737
67401 2 1996
67410 1 7180
67415 2 10077
67417 1 456
67420 1 2247
67441 1 902
67451 1 2767
67453 1 3053
67454 2 5854
67499 1 1293
67526 1 813
67569 1 98
67574 2 2213
67576 1 1529
67579 1 1444
67588 1 2174
67592 1 640
67600 1 932
67623 1 1432
67626 1 1388
67627 1 2254
67637 1 4061
67639 1 914
67663 2 755
67671 2 6735
67689 1 7619
67712 1 2699
67718 1 406
67722 2 1758
67750 1 1913
67766 2 1019
67772 1 1925
67786 3 2340
67790 2 3052
67802 1 310
67803 1 932
67806 2 1454
67834 1 1534
67838 1 746
67866 1 1457
67889 1 2813
67898 1 1778
68090 2 5122
68091 1 10665
68092 1 8126
68112 1 733
68114 1 2294
68115 1 3242
68118 1 3343
68119 3 6225
68120 1 7511
68125 1 2444
68138 1 1799
68154 1 704
68176 1 2781
68217 3 5161
68252 1 1260
68257 1 391
68258 1 361
68260 1 1973
68278 5 1262
68307 2 1697
68321 1 1535
68360 4 541
68429 2 863
68436 1 2388
68437 2 2115
68440 1 2081
68441 1 991
68442 1 971
68660 1 1533
68661 2 2157
68682 2 354
68691 2 2365
68698 1 1633
68699 3 763
68700 3 787
68702 1 1708
68704 6 4902
68708 1 6905
68713 2 3702
68731 2 1135
68751 1 1427
68765 3 6394
68773 1 755
68788 1 2193
68840 1 785
68846 1 1502
68856 1 917
68956 5 2895
68964 1 11197
68984 1 1210
68987 3 669
68990 1 623
69006 1 499
69010 1 641
69018 2 972
69087 1 468
69341 1 637
69347 1 566
69367 1 1004
69396 3 529
69415 1 1152
69432 1 3080
69446 9 1634
69458 1 1090
69492 1 980
69509 1 5379
69530 2 3436
69536 1 1166
69538 1 1049
69540 1 814
69547 2 5735
69724 4 917
69725 3 1479
69829 2 993
69854 1 1006
69870 40 5850
69886 17 2262
69889 1 1917
69890 1 1178
69893 1 1325
69909 1 816
69971 1 1060
70020 2 1127
70034 1 624
70059 1 944
70067 1 2001
70090 1 1130
70119 1 819
70169 1 8025
70206 1 901
70207 3 10208
70210 3 5060
70223 1 2061
70236 1 3474
70267 2 434
70292 1 2365
70323 1 1142
70341 1 2434
70351 1 1891
70378 1 33
70380 2 6991
70385 1 218
70431 1 2476
70444 1 861
70456 1 954
70473 2 1081
70480 9 1306
70481 2 2683
70588 1 1129
70601 1 2514
70605 1 1064
70614 1 1247
70637 1 1177
70746 2 851
70749 1 6334
70830 1 995
70841 1 8361
70881 1 1568
70915 1 641
70929 3 6834
70938 1 1184
70954 2 6095
70989 5 845
70990 6 1168
71009 1 1220
71060 1 2450
71077 1 2876
71078 1 9605
71079 1 1485
71089 1 514
71131 2 5992
71143 1 1298
71161 1 610
71179 1 321
71198 1 1202
71200 1 2058
71217 2 2704
71224 1 1010
71268 4 1811
71278 1 546
71299 2 1364
71303 1 1741
71304 2 1377
71315 1 6723
71322 4 1708
71331 2 1104
71334 2 2239
71335 1 3121
71338 3 2157
71341 1 1792
71351 1 1055
71357 1 837
71364 1 998
71375 2 1370
71383 1 1410
71392 1 1762
71393 1 1762
71394 1 1762
71408 1 780
71419 1 2738
71420 1 874
71422 1 998
71459 1 2233
71507 1 1967
71518 1 800
71525 1 1462
71543 1 2407
71545 1 6773
71556 1 1415
71581 1 1913
71589 3 866
71590 3 769
71615 1 257
71628 4 464
71634 1 2564
71635 1 1924
71660 1 1283
71665 1 950
71670 1 495
71721 1 911
71790 1 2312
71892 1 1268
71894 3 2159
71895 3 3069
71897 2 2249
71924 1 2521
71936 1 1197
71943 2 3979
71988 1 2427
72009 3 1448
72011 1 1094
72023 1 772
72029 1 1234
72044 1 1586
72046 1 2501
72064 1 913
72065 2 9229
72066 1 7004
72067 2 9227
72068 1 8137
72069 1 940
72079 1 753
72081 2 3204
72082 3 2593
72126 1 1190
72127 1 1060
72128 1 1111
72129 1 1048
72146 2 1354
72165 1 706
72171 1 618
72176 1 2898
72188 1 660
72201 6 5125
72234 1 609
72237 1 1447
72244 3 840
72260 2 1541
72265 1 709
72282 2 2243
72284 1 6759
72293 1 1975
72324 1 3100
72350 1 570
72375 2 600
72388 1 1980
72412 1 14176
72413 1 1983
72414 1 1956
72422 1 4394
72437 2 8964
72441 1 3167
72481 2 1701
72482 1 448
72496 2 3731
72549 1 1050
72551 2 1520
72552 2 1543
72572 1 1253
72604 1 131
72618 1 5500
72675 1 8994
72723 1 904
72730 1 1020
72741 1 6306
72755 1 605
72775 2 2072
72793 1 4219
72799 1 1643
72800 1 1808
72815 1 1450
72816 2 1634
72828 1 2935
72836 1 2346
72837 2 3948
72843 1 2753
72849 1 2190
72850 1 1161
72855 2 744
72858 2 1852
72878 1 4492
72879 2 7089
72897 1 3666
72903 1 896
72906 1 2265
72912 3 1794
72915 2 1425
72920 1 5462
72921 1 2994
72927 1 883
72930 2 2073
72931 2 1959
72932 2 1652
72933 2 2224
72934 2 2319
72935 2 2042
72936 2 2099
72937 4 2290
72938 1 10696
72957 1 1211
72958 1 2627
72959 1 2654
72960 1 3082
72981 1 585
72994 1 1734
73008 1 5555
73021 3 838
73022 2 2763
73023 1 1400
73029 1 1248
73066 1 2939
73084 1 2577
73091 2 483
73092 2 2999
73094 1 1712
73146 2 811
73148 4 5628
73193 1 1571
73212 1 2390
73227 2 972
73251 1 1006
73252 1 2017
73253 1 2048
73256 1 736
73321 1 615
73333 3 1006
73352 3 1355
73373 1 5222
73391 1 993
73415 1 996
73422 1 855
73426 2 1568
73442 1 514
73449 1 632
73533 1 732
73574 1 8025
73595 1 2131
73676 1 2052
73746 1 335
73757 2 673
73906 1 1424
73912 1 868
73920 4 2452
73928 1 567
73931 1 2768
73945 3 10857
73981 1 1169
73996 1 7920
74030 1 1672
74053 2 2613
74059 2 2064
74068 1 570
74094 2 3820
74096 2 1732
74110 1 660
74114 1 3421
74116 1 4873
74117 1 1244
74119 1 11686
74120 2 2512
74129 1 1104
74161 2 1031
74177 1 4268
74201 1 1126
74203 4 11999
74264 1 682
74297 1 1110
74355 5 1634
74388 1 573
74396 1 657
74402 11 12340
74444 1 1117
74446 1 1773
74450 1 1939
74519 2 5618
74541 1 991
74551 1 2061
74572 4 8808
74575 2 2107
74577 1 547
74591 1 3810
74609 2 3663
74629 1 1610
74644 2 1841
74666 1 1855
74695 3 1627
74706 1 5592
74707 1 4337
74713 4 2251
74746 1 5004
74752 1 2665
74770 1 594
74786 4 879
74798 2 2970
74813 1 5631
74821 1 1520
74822 2 5130
74868 1 1193
74877 5 3262
74925 1 536
74951 1 996
75068 1 1333
75111 1 2479
75129 1 711
75146 1 1593
75148 1 1376
75151 2 1586
75158 1 685
75162 1 2594
75166 1 1252
75169 8 9895
75205 1 3189
75209 1 2934
75221 2 6839
75240 1 5462
75252 1 1409
75307 1 1330
75328 3 3938
75408 2 3231
75423 1 1748
75467 2 1179
75483 1 882
75495 1 2492
75517 1 987
75529 8 8980
75530 1 2216
75531 1 1582
75532 1 2113
75625 1 1046
75707 1 38
75772 2 1151
75831 1 807
75838 1 410
75915 1 623
75929 2 522
75934 2 1639
75938 2 2373
75939 1 1207
75963 2 2775
75967 1 977
75987 1 1096
76023 1 523
76049 6 1651
76078 1 279
76092 1 1400
76104 1 2832
76108 4 468
76138 1 3341
76160 1 6409
76174 1 20998
76175 1 6943
76200 1 636
76205 15 3668
76217 1 3579
76235 1 991
76244 1 937
76246 3 6517
76267 1 1564
76269 1 3998
76300 1 182
76303 1 1328
76304 2 5487
76320 1 908
76367 2 1133
76368 1 1834
76405 3 5489
76413 1 1514
76422 1 63
76449 1 6086
76463 1 356
76510 1 631
76519 2 3579
76521 1 1643
76529 1 10440
76577 1 2515
76615 1 3913
76618 1 1560
76659 1 651
76683 1 1619
76699 1 431
76707 1 3320
76726 5 2339
76745 1 1068
76753 5 3309
76760 1 2589
76779 3 1157
76791 1 1042
76793 1 5567
76827 1 824
76859 1 1863
76881 1 2393
76888 1 1391
76892 4 2271
76929 1 1278
76932 1 3132
76963 3 1460
76990 1 1902
76997 1 1154
77007 1 2330
77010 1 6732
77015 1 1847
77020 1 1328
77040 2 504
77041 2 499
77055 2 1676
77059 2 1688
77073 1 1322
77075 1 2473
77081 6 1905
77082 2 5693
77086 1 5533
77101 2 813
77139 1 7313
77142 2 28
77163 2 1994
77172 1 1401
77180 1 5716
77203 1 4646
77204 1 4647
77211 1 3451
77212 1 3474
77213 1 3532
77214 1 3477
77230 1 727
77231 3 2551
77237 1 1988
77259 1 726
77260 1 1072
77261 1 1024
77262 1 1031
77268 1 629
77389 2 1117
77393 3 790
77398 3 3728
77411 2 3629
77436 3 547
77450 1 5940
77453 1 2217
77456 1 13066
77465 1 1129
77471 2 1687
77487 1 916
77577 1 751
77597 1 1016
77613 1 677
77670 11 867
77679 1 1251
77682 1 579
77792 1 1395
77816 2 2167
77818 3 6471
77824 1 4856
77829 2 983
77857 1 708
77874 1 3196
77875 1 3223
77885 1 1785
77918 1 948
77948 1 3393
77949 1 2982
77957 3 1907
77961 1 8551
78022 1 624
78031 1 1380
78073 1 1288
78116 1 5040
78117 1 1978
