invad invad 585 65215343 
1 3 260
9 1 707
508 1 1375
966 1 6046
990 1 632
1151 1 926
1195 1 693
1452 2 6140
1463 1 1594
1659 2 2425
1767 4 13095
1861 1 5589
1892 2 11383
2382 1 1655
2797 1 342
3103 1 3185
3322 1 6038
3740 1 1184
3831 1 3725
4127 1 406
4146 1 1296
4187 2 7906
4356 1 3544
4540 1 1717
5230 1 913
5327 1 377
5396 1 6921
5792 1 2530
5874 1 787
5910 1 1668
6085 1 1538
6351 1 1596
6626 1 1124
6988 1 2056
7076 1 474
7570 3 9650
8009 1 674
8042 1 411
8089 1 20930
8090 1 1026
8152 1 6009
8372 1 3639
8393 1 3193
8653 1 430
8654 1 719
8709 1 510
8953 1 1033
9019 1 1294
9885 1 2675
9886 1 3914
10251 1 1893
10359 1 970
10382 1 1030
10393 1 2415
11288 1 9962
11364 1 2608
11648 1 482
12212 1 1344
12783 1 4316
12787 1 558
13105 1 2565
13157 1 3217
13239 1 2825
13497 1 6632
13619 1 1734
13713 1 1764
14449 2 449
14647 1 982
14746 1 1733
14756 1 3039
14825 1 398
15574 1 3007
15737 1 3706
15849 2 1972
15868 1 2468
15942 1 1170
16183 1 2917
16545 1 929
16784 1 2834
16858 1 2375
16909 1 1643
17453 1 907
17758 5 28986
17891 1 837
18716 1 1408
18769 1 2940
19076 1 2622
19079 1 16454
19111 1 4980
19162 1 914
19560 1 8071
19610 1 1644
19891 2 4302
19897 1 3289
19999 1 1543
20001 1 2461
20185 1 1049
20223 1 383
20224 1 428
20259 1 1301
20263 1 3682
20378 1 1896
20707 3 35797
20966 1 678
21120 2 1094
21144 1 872
21321 1 7104
21422 1 2156
21490 1 4936
21705 1 1432
21741 1 1979
22867 1 2220
22908 1 2390
23568 1 1244
23752 1 2089
23807 1 488
24095 1 3720
24457 3 5563
24462 8 8468
24750 1 6415
24820 1 1367
24838 1 1751
24842 1 3916
25290 62 1547
25323 1 1577
25478 1 3302
25491 1 2382
26518 1 1163
26590 2 2388
26668 1 3364
26821 1 4111
26836 1 2928
26928 1 578
27150 1 1038
27455 3 331
27536 1 1068
27812 1 3494
27905 1 644
28414 1 3568
28418 2 2121
28419 1 3437
28840 1 12057
29020 1 1013
29690 1 2211
29691 1 2211
29821 4 906
30034 1 1737
30186 1 1205
30482 1 926
30636 1 1957
30834 1 465
30835 1 415
30953 1 4469
31744 1 7219
31988 1 1092
32313 1 600
32432 1 1300
32714 1 969
32755 2 590
33053 2 511
33275 1 1122
33751 3 3258
33779 1 1792
33859 1 7228
33894 1 1158
33929 1 409
34212 1 904
34465 1 5422
34507 1 1422
34521 1 3172
34698 1 1163
35151 1 4287
35182 1 13213
35396 1 1669
35720 1 4608
35760 2 5014
35936 1 2025
36057 1 2918
36239 1 2990
36497 1 1543
36682 2 2478
36722 1 419
37057 1 5130
37278 1 2964
37282 1 2473
37325 1 5474
37419 1 13883
37436 1 9722
37579 1 4434
37616 1 8646
37617 1 1086
37987 1 701
37988 1 410
38195 1 2948
38349 1 956
38411 1 2671
38414 1 1768
38443 1 1740
38542 1 2357
38855 1 5137
39245 1 4290
39939 1 2186
39991 1 839
40200 1 2237
40408 1 2400
40579 1 4144
40745 2 776
41118 1 2966
41427 1 4567
41988 1 1757
42129 1 4735
42149 1 9906
42356 1 4608
42629 1 3606
43059 1 247
43470 2 3949
43511 1 879
43548 1 730
43777 1 3197
44059 1 1070
44334 1 1214
44362 1 3685
44391 1 1590
44394 3 2869
44503 1 665
44577 1 470
44819 2 403
46388 1 81863
46419 1 2392
46428 1 1866
46554 3 1226
46665 1 377
46843 3 614
46917 1 887
46998 1 1512
47366 1 936
47470 1 516
47606 2 1497
47659 1 3727
48078 2 11919
48086 1 1062
48180 2 25164
48197 1 8238
48247 2 2933
48315 1 2681
48475 3 4416
48531 4 1863
48833 1 679
49768 1 1000
49937 1 649
50011 1 1208
50025 1 5763
50196 1 3087
50288 1 2416
50492 3 3702
51092 1 3069
51241 1 743
51290 1 6381
51729 1 529
51796 1 1282
51843 1 6718
51967 1 2148
51987 1 4909
51988 1 6522
51994 2 9298
52449 1 3942
52457 1 4403
52462 1 1025
52801 1 1168
52946 1 1982
52988 1 24350
53124 1 2131
53308 1 2307
53430 1 48057
53438 3 5686
53837 1 3485
54185 1 680
54523 2 1390
54616 1 1314
55515 1 1874
56519 1 7799
56523 1 856
56591 1 1805
56854 1 965
56881 2 4650
56883 2 713
57306 1 1072
57450 1 3346
57623 1 3704
57624 1 3707
57625 1 3705
57731 1 1088
57769 1 3472
57878 1 3882
58234 1 651
58239 1 848
58247 1 19391
59057 1 2210
59058 1 2211
59173 1 511
59292 1 1003
59356 1 1554
59486 1 1273
59487 1 1447
59561 1 4211
59639 1 3423
59843 1 6525
59875 1 1762
60018 1 2504
60107 1 667
60238 1 1338
60239 1 1030
60240 1 1594
60241 1 709
60242 1 1441
60343 1 1358
60353 1 678
60419 1 2011
60453 1 245
60995 1 1034
61043 2 4069
61187 4 15707
61207 1 924
61256 1 2242
61321 1 954
61443 1 1702
62228 5 279
62468 1 2405
62621 1 795
62642 1 7441
62789 1 3394
63274 2 1002
63303 1 1198
63309 2 4077
63397 1 414
63690 1 3198
63758 1 927
64063 1 1177
64064 1 1174
64065 1 1174
64319 3 4532
64381 1 1648
64453 2 10145
65386 1 1013
65394 9 1148
65397 1 414
65438 1 1287
65812 1 832
66114 1 739
66415 1 6038
66478 1 1388
66651 1 700
67084 1 1137
67355 1 6043
67462 1 412
67579 1 1444
67801 1 1053
67802 1 310
67803 1 932
68342 1 1263
68399 1 1174
68400 1 1167
68684 1 991
68748 4 404
68909 1 2457
68953 1 711
69064 1 1196
69717 1 4915
69886 1 2262
69917 1 3612
70223 3 2061
70448 1 2617
70534 1 5509
71007 1 1032
71059 2 2012
71567 1 4513
71877 8 7422
71896 1 3955
71976 1 1089
72154 1 1793
72350 1 570
72351 1 1344
72352 1 873
72412 1 14176
72827 1 7031
72830 1 3747
72873 1 3122
72899 1 20275
72916 1 1335
72929 1 3019
72950 1 1854
73361 2 1411
74032 2 518
74119 1 11686
74161 1 1031
74604 1 5954
74700 1 1471
74714 1 2557
74720 2 1158
74803 1 6144
74822 2 5130
74874 1 6108
74877 1 3262
74903 1 635
75247 1 1491
75642 2 1571
76230 1 1311
76318 1 870
76529 2 10440
76683 1 1619
76760 1 2589
77088 1 4377
77124 1 3644
77136 1 3236
77662 1 304
