voss voss 80 65215343 
668 1 2059
960 2 2769
3381 1 2093
4320 1 638
6068 1 1127
14365 1 1356
16184 1 1312
16185 1 2268
16186 1 1342
16187 1 1638
16188 1 1274
18268 1 504
20860 1 733
25546 1 3100
28008 1 1268
35073 1 1101
36028 1 1853
36178 6 4277
37917 19 1025
39293 4 768
39627 1 1010
45159 2 13537
49962 4 412
51224 1 1011
56771 1 2565
58427 1 1625
60353 1 678
60354 1 837
60355 1 1074
64077 3 1341
64078 3 1341
64079 3 1341
68410 3 1341
69523 1 630
69975 1 923
74084 1 639
75328 1 3938
77222 3 1336
77943 1 1110
