eczema eczema 301 65215343 
375 1 10166
672 4 2537
1821 11 2804
2121 7 4211
2716 2 4798
2757 2 1573
3096 2 1172
3351 1 657
3835 1 1418
5150 1 1030
5268 8 584
6579 4 4887
7544 1 995
8082 1 784
8890 2 5449
9175 1 1821
9818 1 872
9848 1 552
9870 1 1026
9902 3 1223
12589 1 768
12758 1 1074
13484 1 1236
13556 1 2449
13628 3 1090
13897 1 1292
14121 2 757
14675 2 1701
14676 1 863
17784 1 1003
21633 1 904
22137 2 4439
22138 2 4091
22869 1 1378
24176 1 1121
28750 1 4089
28915 2 1324
29414 1 1661
29712 1 603
29884 4 3052
30300 1 6017
30510 1 2362
30519 17 5484
31517 2 1078
31518 1 5634
31688 1 2740
34331 21 772
36223 1 2477
37545 1 2346
38669 1 878
39084 1 4248
39618 2 1328
40295 1 774
40805 1 695
40901 1 712
40924 9 666
41049 1 2451
41524 2 2455
41668 1 645
42281 1 864
42949 4 2799
43552 1 820
44380 1 1907
44534 1 1427
45251 4 2817
45275 1 1123
46615 3 3442
48701 1 802
49716 1 1286
50529 2 4267
50894 2 1267
51099 2 1212
51782 12 389
52819 1 530
54368 4 1871
54375 1 5885
56709 1 629
56833 1 865
56881 2 4650
58467 2 4185
59072 7 10092
60304 2 1261
60505 4 2933
60804 2 1666
62214 1 290
62316 1 1602
62414 1 385
62557 2 910
63619 1 662
63861 1 591
64376 1 2975
64559 2 4363
64923 25 828
65576 2 4667
66383 1 397
66881 1 1029
66994 4 2517
68334 1 2381
68367 1 709
68737 1 3173
68810 2 744
70218 1 1422
71153 1 185
71596 1 1056
71744 1 2609
72214 1 786
73207 1 1418
74694 1 646
75497 3 1847
76670 1 2879
77580 1 1337
77960 23 527
78121 4 3206
