beer beer 3751 65215343 
133 1 3237
199 27 1210
225 1 732
232 1 515
239 2 147
266 1 1509
360 2 1616
397 1 1583
399 6 1548
417 1 1007
427 1 907
463 1 1357
514 2 1954
522 3 1558
528 1 1240
536 2 653
547 1 1844
583 1 1948
620 9 923
689 2 1358
705 2 1030
725 1 7096
751 1 764
862 1 241
947 2 364
993 22 10702
1015 1 360
1039 4 972
1052 2 3416
1086 1 1477
1092 1 978
1140 2 873
1153 4 6533
1313 4 1940
1321 2 3750
1323 2 931
1349 1 313
1361 1 1013
1528 1 1875
1553 1 716
1570 2 1617
1634 1 30082
1636 5 752
1647 1 10572
1695 1 200
1741 2 5895
1803 32 1628
1804 35 655
1861 1 5589
1898 10 3856
1914 3 456
2008 1 584
2061 2 1075
2080 1 8786
2083 1 4561
2147 7 946
2164 1 1939
2191 2 1582
2372 1 909
2375 1 3907
2376 1 1246
2380 1 576
2382 1 1655
2402 5 1731
2463 1 3258
2501 1 1452
2533 3 922
2674 2 654
2727 2 4008
2731 1 1874
2991 1 2631
3129 1 724
3202 16 6501
3271 8 2311
3293 2 179
3301 1 4111
3313 1 2034
3314 1 2098
3330 1 1137
3348 2 1094
3378 1 4137
3401 2 1261
3471 4 4168
3478 1 225
3485 1 1068
3590 1 1326
3591 1 1321
3593 1 1011
3622 1 561
3668 1 8976
3744 1 740
3748 5 990
3774 1 1134
3794 2 2141
3797 1 352
3823 2 1623
3888 2 1674
3897 1 61
3928 2 1658
3953 1 3340
4050 1 4772
4052 1 403
4079 1 1990
4248 1 1366
4251 1 2307
4258 1 2240
4326 1 852
4356 1 3544
4523 1 2304
4529 1 487
4544 1 336
4546 1 301
4580 1 543
4615 1 3920
4651 1 385
4667 1 3501
4670 1 912
4704 1 1493
4712 1 213
4893 1 630
4894 1 158
4949 2 2219
4968 2 296
5002 4 577
5121 1 394
5139 11 660
5243 2 876
5292 4 1284
5502 1 977
5576 3 4592
5582 1 1321
5675 1 611
5790 1 2094
5819 7 1816
5839 1 928
5970 1 452
6070 1 1556
6081 1 1357
6158 1 490
6163 1 4318
6175 1 1916
6310 1 811
6335 1 274
6358 1 2724
6363 10 4787
6454 1 2665
6622 4 1147
6778 1 213
6949 1 744
7009 1 629
7062 1 3124
7077 10 1610
7134 2 1943
7142 1 575
7165 2 1623
7483 1 416
7565 1 933
7701 1 1565
7717 5 461
7747 1 1937
7748 1 1936
7749 1 1937
7750 1 1937
7767 1 3013
7768 1 1818
7941 1 441
7947 1 511
7948 9 2839
7949 1 4128
7972 1 2206
7985 2 460
8077 1 1482
8093 1 20088
8143 1 2289
8175 1 452
8284 1 3146
8323 1 1446
8384 1 1186
8449 1 287
8452 2 7747
8456 1 495
8460 1 2825
8559 1 4026
8616 1 474
8630 32 989
8641 1 1541
8687 12 940
8728 1 631
8760 11 668
8850 1 3830
8894 1 494
8926 1 1609
8959 1 608
8963 1 1411
8964 1 1138
9020 1 1016
9022 2 796
9165 2 1394
9200 1 1285
9201 1 1485
9205 6 2860
9237 4 1379
9239 1 1961
9243 5 1282
9316 2 4281
9364 1 1435
9441 8 684
9469 1 656
9495 4 1007
9538 23 596
9607 2 630
9679 4 1078
9681 1 789
9767 1 905
9782 2 1468
9840 1 1435
9885 1 2675
9886 1 3914
10047 1 1536
10052 2 1469
10103 3 367
10148 6 564
10161 1 996
10206 2 622
10227 1 1110
10327 2 839
10442 1 1664
10460 8 875
10530 2 887
10539 1 1985
10627 1 1104
10694 3 889
10793 1 1709
10796 6 5414
10996 2 1633
10999 1 1962
11058 13 482
11125 11 1227
11127 6 1514
11200 2 1703
11248 2 11766
11369 1 3826
11472 1 4154
11566 1 877
11626 1 683
11962 1 524
11968 1 1385
11980 3 750
12014 1 416
12063 5 1221
12156 2 13898
12174 10 961
12178 1 433
12257 1 3211
12385 1 787
12408 1 723
12452 1 505
12456 1 4543
12526 2 21005
12627 1 4932
12630 1 1046
12647 14 4896
12693 1 5024
12783 1 4316
12786 4 7289
12905 1 874
12922 3 765
12934 5 2463
12935 5 2445
12998 18 472
13030 1 691
13059 1 1221
13140 1 736
13204 1 1820
13331 1 948
13405 1 641
13449 1 2443
13467 1 502
13518 1 16194
13571 1 841
13636 16 1160
13794 1 1111
13841 1 4015
13857 1 1902
13861 1 3305
13862 1 3335
13863 1 3445
13926 1 655
13929 1 1229
13982 1 3750
14009 1 482
14017 3 191
14053 1 1354
14080 3 51830
14082 1 888
14083 1 507
14137 3 447
14209 1 563
14214 3 2182
14278 1 1192
14301 1 2773
14303 1 1086
14306 6 886
14344 1 1260
14373 1 6743
14374 1 3433
14494 1 462
14506 1 1097
14581 1 830
14637 1 918
14675 1 1701
14738 2 1827
14791 1 1301
14794 1 644
14797 1 2125
14810 1 814
14875 1 423
14883 1 1025
14887 3 5014
15073 1 2133
15136 1 875
15185 1 1316
15200 1 554
15207 1 2664
15244 1 5618
15245 1 7336
15437 1 624
15445 1 54
15615 2 3882
15658 1 2847
15811 1 1369
15846 1 2009
15855 1 547
15952 2 323
16014 1 295
16023 1 810
16105 1 1661
16143 1 126
16191 1 1319
16196 1 1661
16209 5 1698
16229 3 2303
16238 21 11763
16251 24 1023
16252 2 201
16266 1 811
16277 1 601
16327 2 829
16328 16 447
16502 3 561
16589 2 3703
16624 3 1916
16625 2 1578
16669 1 1384
16679 3 232
16797 1 2473
16801 2 2170
16849 1 6516
16958 10 5800
16979 4 915
16995 1 4866
17006 25 1202
17024 1 503
17028 1 1380
17100 2 3005
17122 1 9203
17174 1 1157
17286 1 1468
17504 1 2199
17570 1 5402
17703 1 172
17714 1 730
17715 1 1230
17716 1 2066
17758 1 28986
17768 5 1274
17769 5 1270
17770 5 1270
17771 5 1274
17772 5 1266
17773 5 1267
17774 5 1267
17815 1 2708
17904 4 6041
18004 1 5488
18089 1 1509
18103 5 729
18112 1 180
18128 1 1604
18138 3 967
18140 1 787
18152 1 502
18307 1 890
18308 1 1341
18317 1 2463
18382 1 886
18395 5 6885
18420 1 1885
18517 3 1038
18571 1 542
18582 1 1724
18615 1 1909
18654 1 15696
18759 1 2997
18804 14 1574
18874 7 755
18926 1 1782
18945 24 6732
18993 1 1283
19026 4 1706
19045 12 3919
19053 1 1540
19054 1 1357
19072 2 87
19076 1 2622
19077 2 2958
19095 2 4478
19121 6 1022
19164 3 999
19383 6 3259
19559 5 6375
19560 3 8071
19792 1 3925
19838 6 1452
19935 1 1523
20016 1 3043
20023 1 336
20162 14 793
20216 1 967
20321 1 429
20581 1 1771
20653 1 6960
20672 1 1292
20680 1 2816
20682 1 5585
20806 1 1566
20869 1 818
20907 2 2997
20924 1 1135
20940 1 1860
20945 2 855
21062 1 2438
21064 8 674
21101 1 2647
21105 1 900
21140 2 880
21180 3 1918
21299 5 9163
21321 1 7104
21411 1 3667
21425 1 481
21456 1 1779
21484 1 1764
21500 1 4276
21503 8 13267
21507 2 7373
21537 1 548
21558 1 510
21574 1 1373
21586 2 323
21608 1 4754
21637 3 10855
21742 1 1069
21803 1 1062
21852 1 6758
21861 3 1816
22038 1 1606
22134 1 821
22148 9 1192
22433 1 538
22435 4 533
22436 5 552
22437 1 560
22438 4 527
22439 1 567
22442 4 544
22443 1 534
22444 4 537
22453 1 1650
22590 4 1209
22629 2 691
22923 1 2900
22925 1 1408
23014 2 3266
23269 1 114
23364 1 2776
23373 1 1729
23429 28 526
23460 1 1670
23654 4 744
23688 1 2643
23745 1 2692
23748 1 4770
23763 1 3449
23824 1 556
23896 3 3005
23951 6 142
23992 1 195
24119 1 14616
24255 1 3586
24265 1 3355
24344 5 1323
24506 1 7516
24515 1 908
24540 3 4575
24747 1 5509
24748 1 4627
24789 1 4093
24807 1 3878
24843 1 705
24933 2 302
25043 1 1300
25049 1 918
25166 2 565
25178 1 1106
25254 1 431
25267 1 2724
25271 1 1229
25333 1 1245
25349 1 715
25380 1 931
25406 1 698
25508 1 1364
25553 1 3595
25554 1 1688
25562 4 3195
25599 8 1300
25600 8 1299
25656 1 4885
25713 2 3056
25764 1 2679
25796 1 939
25821 3 721
25891 2 2054
25921 1 163
25941 1 125
26051 3 761
26128 1 744
26149 2 180
26219 1 751
26265 1 739
26328 1 1245
26388 1 3682
26405 1 1346
26460 1 957
26506 8 1001
26574 5 377
26594 1 907
26604 1 621
26631 2 8025
26727 2 4405
26746 8 568
26813 33 1462
26828 4 1420
26972 1 932
27183 1 1174
27195 9 3108
27308 1 7530
27376 3 1008
27389 1 511
27394 1 1701
27524 1 2332
27545 1 991
27585 1 1037
27623 5 2360
27690 1 472
27692 1 462
27868 1 2792
27872 2 3102
27997 1 689
28046 1 931
28058 1 691
28257 2 3449
28259 1 6624
28427 1 936
28453 1 739
28675 1 1685
28702 1 1503
28711 1 2834
28739 5 1791
28773 7 2068
28806 1 4379
28816 4 2084
28979 1 821
28980 1 1423
29048 1 1451
29136 1 1011
29147 1 1734
29357 1 856
29439 1 211
29558 2 3685
29576 35 271
29597 1 1002
29628 11 3312
29629 1 1492
29637 2 2315
29677 8 1300
29687 1 2532
29688 1 2530
29690 2 2211
29691 2 2211
29783 1 180
29798 1 220
29859 1 850
29880 1 1752
29910 1 5908
29975 1 1410
30034 1 1737
30077 2 3556
30143 1 1666
30144 1 1037
30145 1 1077
30197 1 3083
30294 1 647
30375 1 947
30380 1 1089
30438 22 1750
30482 3 926
30606 1 2666
30649 1 2455
30683 2 57
30747 1 4167
30768 3 786
30804 2 10416
30833 2 1063
30846 2 2865
30851 1 134
30947 1 1608
31040 1 1514
31078 2 895
31087 1 951
31155 1 2064
31241 1 487
31267 1 7536
31330 5 2751
31454 1 556
31455 1 1709
31545 1 322
31555 1 1195
31566 1 1244
31603 1 986
31604 1 966
31631 1 2970
31665 1 594
31825 2 3867
31929 1 15160
31999 1 1430
32023 2 2558
32046 1 2058
32047 1 2055
32225 2 397
32322 1 876
32360 2 1518
32366 2 3530
32388 2 24490
32419 1 331
32420 1 571
32426 7 3386
32607 1 1868
32615 2 622
32636 3 449
32912 1 536
32944 1 129
33069 1 3021
33071 1 466
33078 2 5728
33080 13 2203
33172 1 511
33240 1 9576
33264 1 1136
33276 1 1090
33331 12 622
33333 2 6676
33334 1 2979
33407 1 654
33435 1 698
33593 1 819
33703 5 18894
33727 1 1134
33765 2 4124
33786 1 3235
33861 1 410
33880 1 447
33924 5 11847
33945 4 364
34043 9 547
34087 1 3646
34358 5 1007
34396 2 5213
34434 2 277
34454 1 1630
34574 1 2252
34576 1 3903
34584 1 973
34647 1 616
34724 1 1355
34861 1 4582
34879 2 1178
34987 1 1168
35020 47 1589
35102 2 168
35152 1 814
35154 1 1597
35415 2 1578
35435 3 1070
35444 2 1003
35475 1 12761
35511 1 891
35584 2 263
35590 1 441
35709 2 1257
35718 1 408
35774 3 3657
35906 1 1780
36016 1 405
36027 2 7080
36050 1 619
36174 1 472
36291 4 4374
36343 1 1778
36378 1 462
36385 1 928
36431 10 335
36549 1 667
36832 1 4358
36912 2 1844
37053 1 2470
37054 1 1105
37074 1 3457
37093 1 1160
37106 3 3136
37182 1 13117
37197 1 3237
37282 4 2473
37324 1 5244
37335 2 4505
37377 1 630
37446 1 948
37494 1 449
37615 1 2824
37698 1 5406
37736 1 1948
37889 2 4249
37890 1 524
37892 1 5282
37916 1 792
37958 5 1505
38072 4 763
38157 3 3920
38177 25 1445
38260 1 1664
38315 1 604
38316 1 1756
38337 1 154
38448 2 6071
38518 1 974
38578 1 870
38611 3 5792
38775 1 297
38776 1 326
38794 18 2594
38811 5 1238
38812 1 2023
38860 2 833
38884 1 2693
38916 1 6621
38944 2 3052
38945 2 1483
39024 1 8349
39068 1 6017
39127 1 1657
39157 6 1476
39168 1 1160
39174 1 2046
39193 7 3626
39195 3 2112
39197 1 859
39200 1 1003
39259 1 3420
39292 1 4867
39320 4 906
39502 1 428
39548 1 1379
39782 1 1509
39971 1 516
39989 1 423
40036 1 2425
40292 2 1359
40313 3 69
40430 1 1721
40447 2 3358
40525 2 471
40542 1 1292
40572 1 357
40622 1 541
40637 1 7547
40667 1 958
40747 1 5237
40786 1 90
40853 1 576
40948 1 498
40959 1 5445
40971 1 1457
41021 2 1682
41057 1 3871
41059 1 283
41083 1 834
41120 1 680
41238 1 4035
41427 2 4567
41674 1 4187
41682 1 2132
41724 1 1426
41744 21 281
41824 2 848
42029 1 766
42038 1 409
42051 1 2366
42115 4 810
42129 2 4735
42173 1 1570
42214 3 434
42229 1 695
42362 1 10503
42464 1 468
42561 9 270
42830 1 1716
42855 6 3481
42997 1 661
43102 1 764
43150 1 9162
43434 5 572
43536 1 1487
43656 1 4176
43680 1 1915
43717 1 976
43772 1 1303
43779 2 1159
43862 1 1314
43921 1 9448
44040 1 200
44080 1 3596
44259 11 776
44264 17 502
44361 1 390
44525 2 593
44817 5 2611
44878 4 2602
44917 1 257
44954 12 8549
44955 13 7733
44956 19 7041
44957 31 10010
44965 1 542
45166 4 2013
45345 1 503
45395 1 648
45456 1 1098
45468 1 357
45669 4 134
45826 2 8235
45878 1 1656
45901 1 618
45946 1 2130
46087 1 1968
46120 1 351
46133 3 1219
46378 2 6175
46388 4 81863
46424 2 741
46518 1 1475
46585 1 3127
46601 6 967
46754 1 1931
46762 5 774
46824 1 1526
46873 3 999
46891 2 5171
46892 1 555
46909 1 2578
46919 1 708
47008 3 1472
47037 1 1110
47115 4 1920
47143 1 411
47157 3 1234
47223 13 696
47245 2 6757
47294 3 82
47452 1 33
47576 1 2029
47717 1 1207
47718 1 1045
47719 1 1086
47720 1 1789
47731 1 1046
47780 4 5199
47798 1 1074
47977 9 1512
48019 2 343
48025 1 169
48071 1 1208
48076 2 773
48182 4 1935
48222 1 3062
48223 1 2573
48224 1 3121
48244 1 149
48247 2 2933
48253 1 2008
48268 1 5058
48293 1 739
48332 35 2627
48333 10 1599
48416 1 1759
48560 2 550
48664 1 1021
48728 15 2201
48756 2 925
48837 1 492
48907 7 1902
49061 1 1867
49066 1 727
49103 1 1168
49112 1 1134
49113 1 1472
49173 1 10707
49174 2 9273
49175 2 9938
49176 1 11069
49248 5 366
49305 1 1020
49355 4 1068
49356 6 1233
49366 1 5125
49437 7 307
49443 1 1149
49474 5 3175
49475 1 367
49572 1 876
49734 1 2337
49768 1 1000
49817 1 614
49848 1 1148
49884 1 798
49919 1 2203
49968 2 451
49989 1 1751
50000 1 1686
50028 1 1566
50060 1 2052
50161 2 66
50192 1 1934
50273 1 1005
50324 1 1065
50407 1 510
50408 1 3892
50431 1 1740
50442 1 1292
50455 1 350
50484 1 3217
50502 4 891
50546 2 1843
50638 1 2138
50722 1 3030
50786 1 1972
50798 1 763
50824 1 714
50854 4 3003
50882 1 1190
50966 1 8029
51059 1 2082
51060 1 1311
51172 1 892
51218 3 661
51238 1 424
51370 1 773
51371 2 1268
51372 1 789
51373 1 874
51386 1 2055
51395 17 754
51426 1 3586
51444 1 604
51461 1 678
51544 1 1056
51558 1 1195
51573 1 202
51603 2 2317
51605 2 822
51621 1 840
51638 1 3650
51667 8 859
51673 1 807
51703 1 961
51767 6 1320
51771 1 2283
51780 1 1235
51846 7 1126
51899 1 12169
51954 5 1366
51971 25 398
51980 1 328
52023 5 1212
52140 1 3824
52167 1 2979
52320 1 2961
52338 1 2169
52380 2 725
52479 2 407
52484 1 5765
52505 1 2436
52771 1 159
52938 3 1963
52976 6 578
52988 1 24350
53023 1 6088
53050 2 635
53072 2 698
53136 8 5288
53227 1 728
53236 1 3296
53424 1 5193
53425 1 881
53439 1 1098
53511 1 4733
53633 1 948
53661 1 624
53665 1 453
53915 1 503
53930 1 1054
54035 3 527
54045 3 448
54129 2 588
54219 1 1337
54296 1 821
54350 1 8318
54375 2 5885
54439 1 2636
54494 4 159
54572 3 1067
54654 1 36
54692 1 1956
54908 1 1710
54928 1 700
54962 1 2551
54965 1 586
55012 2 632
55063 2 17333
55604 4 381
56246 1 536
56273 1 2200
56390 12 308
56472 1 525
56477 2 4251
56498 1 2455
56524 1 4137
56580 1 1537
56666 3 912
56802 1 8941
56834 1 488
56899 7 4490
56961 2 7535
56991 19 854
57007 2 459
57161 1 2080
57162 1 2315
57215 1 843
57260 1 463
57411 1 655
57523 1 1045
57640 1 894
57660 1 6533
57742 2 1058
57744 1 2807
57745 1 595
57769 3 3472
57774 1 582
57986 1 613
57993 1 1126
58365 5 1275
58377 1 549
58378 3 2575
58773 2 1702
58790 1 736
58793 1 208
58798 1 534
58835 1 594
58853 1 2423
58903 3 1187
58905 1 14
58913 1 960
58951 1 1996
59053 1 2530
59054 1 2531
59057 2 2210
59058 2 2211
59174 5 1244
59402 1 4509
59426 1 1694
59430 5 3685
59431 1 1353
59460 5 1795
59462 1 1879
59463 1 2182
59464 1 1707
59466 86 4209
59470 2 3154
59473 1 4291
59496 1 1417
59521 1 1931
59522 1 1856
59574 1 1852
59592 1 2574
59614 1 1217
59618 1 1895
59621 1 2882
59639 3 3423
59662 1 14951
59671 4 422
59743 1 55
59800 1 569
59845 1 835
59846 2 748
59858 1 1684
59884 6 1934
59916 10 895
59918 2 9598
60016 4 1377
60030 1 10533
60251 1 1629
60318 2 3852
60362 35 3186
60422 2 1453
60464 1 1098
60466 1 1155
60467 1 841
60497 1 201
60498 1 437
60499 1 329
60500 1 369
60511 1 1267
60713 4 3384
60747 1 1472
60791 1 3468
60794 2 1921
60808 1 690
60815 1 2171
60934 1 1005
60953 1 2570
60957 20 3093
60959 1 422
60975 1 92
61331 1 2243
61394 9 308
61420 1 2042
61628 2 7244
61630 1 1422
61653 1 527
61831 2 1756
61833 2 7073
61907 1 3429
61908 1 1579
61909 1 3209
61939 6 10305
61942 1 1229
61983 4 817
61987 2 664
62001 1 806
62011 1 1430
62138 1 1745
62189 1 136
62236 1 2326
62242 6 2867
62272 5 1274
62289 2 772
62318 1 2185
62323 1 619
62401 3 340
62685 2 1321
62686 2 996
62689 1 1217
62757 3 693
62791 1 2675
62846 1 1520
62922 7 2154
63108 1 943
63109 1 453
63132 1 1565
63147 18 1729
63157 1 3445
63167 1 3539
63262 1 1616
63496 1 279
63581 15 473
63704 1 493
63836 1 3200
63838 1 3268
63878 1 307
63921 1 593
63984 17 1161
64012 1 1614
64033 1 1242
64085 1 1615
64265 1 204
64310 1 2705
64361 1 420
64417 1 860
64529 23 3125
64679 1 392
64790 1 48
64904 1 539
64957 1 1055
64993 2 2041
65084 1 2317
65120 2 2332
65394 1 1148
65537 1 3294
65549 1 424
65701 2 1209
65792 1 886
65836 1 1184
65841 1 302
65944 2 4400
65945 2 2536
65947 1 662
65978 1 3467
65995 1 6936
66108 1 1286
66109 1 1364
66111 1 226
66114 2 739
66154 1 1614
66244 2 804
66261 1 377
66321 47 691
66327 1 942
66409 5 1827
66414 24 1699
66482 1 2199
66533 4 1245
66542 1 1829
66565 1 1348
66587 1 4790
66614 2 1103
66655 1 565
66668 1 1340
66708 1 1409
66739 1 1244
66789 5 1034
66808 1 528
66849 1 340
66870 6 2566
66915 1 4319
66953 1 1274
66956 1 1308
66958 1 1720
66987 3 2394
67021 1 6450
67022 1 1087
67095 1 2223
67266 3 4007
67327 1 1861
67343 1 170
67407 3 117
67416 4 2877
67526 1 813
67545 1 2013
67665 1 815
67678 1 2911
67686 1 541
67712 2 2699
67783 1 827
67801 5 1053
67869 1 1785
67886 1 554
67903 7 1428
67953 1 30
67962 1 841
68005 1 1868
68174 1 830
68198 1 710
68201 1 440
68291 2 365
68292 1 386
68293 1 376
68335 3 1183
68348 2 2811
68355 1 1716
68364 1 1530
68388 1 2572
68437 1 2115
68529 1 202
68691 1 2365
68713 1 3702
68732 1 3543
68771 3 1848
68920 2 2788
68955 1 1190
68956 1 2895
69338 1 539
69482 3 1352
69504 1 1208
69805 4 187
69891 1 520
69921 2 927
69971 1 1060
70044 1 512
70210 2 5060
70236 1 3474
70238 4 1571
70430 1 1501
70448 1 2617
70586 2 2455
70701 1 2606
70836 1 1948
70839 1 3633
70949 1 135
71060 1 2450
71180 1 1271
71251 1 1374
71305 2 2754
71387 1 1937
71596 1 1056
71706 2 5275
71722 1 335
71750 1 423
71835 1 563
72057 1 794
72058 1 810
72060 1 791
72068 1 8137
72082 1 2593
72143 1 575
72229 1 1439
72236 1 483
72237 1 1447
72277 1 1369
72284 2 6759
72307 1 3276
72316 1 973
72359 14 333
72360 9 304
72380 1 3360
72396 3 2100
72412 1 14176
72513 1 4800
72550 2 1699
72556 1 1250
72562 2 1024
72565 2 1130
72643 1 463
72650 2 6445
72739 2 735
72741 3 6306
72782 1 2059
72821 1 855
72829 1 4528
72864 1 597
72868 2 1891
72919 2 5881
72924 1 1464
72925 13 1459
72949 1 424
72962 4 922
73004 1 1253
73063 1 270
73146 1 811
73361 1 1411
73858 4 2247
73865 2 928
73892 4 1020
74093 1 704
74176 2 4570
74177 1 4268
74178 1 2150
74180 1 1201
74203 1 11999
74383 1 711
74418 1 1264
74570 1 641
74607 2 831
74609 1 3663
74618 1 592
74733 1 419
74776 1 3788
74828 1 2265
75119 1 534
75162 1 2594
75221 1 6839
75293 3 756
75328 1 3938
75500 1 452
75898 2 84
75982 1 700
76054 4 109
76065 1 497
76174 2 20998
76176 2 1747
76210 4 184
76326 1 2230
76354 7 3077
76366 14 542
76405 2 5489
76507 1 2568
76528 4 1175
76596 2 536
76610 1 600
76624 1 953
76628 2 476
76631 1 340
76719 3 1182
76736 1 1139
76826 1 1007
76886 1 4302
76920 1 750
76934 1 455
76940 2 729
76981 2 790
77010 1 6732
77046 1 463
77074 1 1362
77145 1 1172
77172 3 1401
77227 1 2803
77242 1 1714
77260 1 1072
77390 1 3306
77411 1 3629
77427 1 151
77579 1 621
77652 3 3016
77949 3 2982
77962 5 3614
78032 1 1336
78074 1 1554
78101 1 646
78118 1 2357
