practic practic 12145 65215343 
5 3 922
16 1 1318
19 1 165
40 1 1368
48 1 1265
61 1 1005
74 1 680
97 8 672
103 2 1217
116 1 897
120 4 4128
128 1 213
131 1 14882
157 2 2070
190 1 734
210 1 1251
222 1 673
224 3 670
248 3 5568
251 1 844
256 3 8243
258 3 56657
259 2 1003
261 2 818
262 1 306
298 2 903
304 2 996
320 1 54
327 1 2668
352 1 2404
359 7 1896
361 1 5027
366 2 1215
370 1 921
374 1 1582
388 2 1479
392 1 721
417 1 1007
429 1 3151
435 2 1005
454 2 846
455 1 3709
461 2 5431
471 1 3108
483 1 230
484 1 880
501 1 476
504 3 11283
512 1 1947
514 1 1954
538 1 888
547 1 1844
558 2 784
562 2 3293
571 1 663
573 1 2963
574 2 820
575 1 568
580 12 773
650 1 1021
670 1 821
671 5 998
672 2 2537
674 1 1393
676 1 640
679 1 818
682 1 457
684 1 429
688 1 612
717 3 1260
725 1 7096
747 1 1037
803 2 615
856 1 1130
859 1 874
860 3 3051
886 8 5811
895 2 1608
906 1 1896
911 8 1508
961 2 1879
964 2 3624
966 2 6046
967 1 4480
973 4 811
982 1 2403
985 1 628
992 1 3872
993 2 10702
995 2 3497
1005 1 683
1010 1 902
1017 1 1666
1033 1 164
1080 1 1254
1081 2 980
1106 1 1380
1125 6 513
1135 1 1188
1147 1 1152
1148 1 890
1153 1 6533
1156 1 568
1168 3 880
1173 1 1598
1185 5 15836
1198 15 1535
1221 1 1597
1228 1 756
1264 2 882
1281 1 3123
1283 1 1543
1350 1 747
1363 2 1368
1367 1 4065
1371 2 1930
1399 1 1117
1402 1 3038
1419 1 1908
1427 1 449
1428 3 1327
1431 6 3318
1448 1 1058
1450 1 1560
1468 1 1121
1474 2 480
1477 4 1403
1484 6 6578
1486 1 680
1512 3 8417
1516 1 2384
1520 1 1340
1545 2 1438
1569 2 830
1583 8 4414
1605 1 866
1623 1 553
1634 2 30082
1637 1 678
1639 2 2238
1640 1 4776
1652 3 1683
1665 1 313
1674 2 1844
1675 1 1220
1692 1 208
1693 1 194
1694 1 191
1695 1 200
1696 1 195
1697 1 206
1698 1 216
1699 1 213
1700 1 202
1701 1 213
1702 1 226
1703 1 228
1704 1 216
1705 1 235
1706 1 203
1707 1 204
1708 1 199
1709 1 224
1710 1 204
1711 1 199
1712 1 200
1713 1 235
1742 2 1543
1767 5 13095
1794 2 1067
1797 3 5684
1806 1 911
1807 1 974
1810 1 886
1835 7 1234
1852 1 2619
1867 1 660
1882 1 2462
1925 2 629
1926 6 759
1956 1 3792
1961 1 1096
1962 1 482
1973 2 16948
1977 2 1021
1978 2 1775
1979 1 1129
1980 1 1830
1983 1 5638
1996 3 778
2010 1 429
2016 1 562
2030 1 1619
2044 1 300
2046 7 13880
2053 1 565
2072 2 1175
2074 1 1047
2080 6 8786
2081 1 1053
2084 2 1228
2086 1 3653
2099 1 579
2103 1 694
2111 1 416
2122 2 1275
2140 1 593
2151 1 1771
2160 5 2295
2163 1 2057
2167 4 1863
2171 1 1919
2192 2 5833
2197 1 1493
2198 2 2369
2216 3 2877
2217 1 1762
2221 1 1483
2222 1 1483
2223 1 1483
2226 3 1993
2227 3 1993
2228 3 1993
2235 1 1852
2237 1 1765
2246 1 952
2249 1 1313
2257 1 2275
2319 1 1162
2321 1 1392
2322 1 1431
2336 1 1341
2341 3 1394
2352 1 1260
2366 3 2774
2389 2 3418
2395 2 1045
2402 1 1731
2405 4 578
2412 2 549
2420 1 2316
2426 3 1027
2439 2 790
2441 2 7506
2445 1 1951
2467 2 877
2472 1 689
2482 1 1146
2504 14 5375
2511 1 1460
2564 3 309
2569 4 652
2575 2 871
2580 1 1032
2624 3 1168
2627 1 1223
2647 1 882
2660 1 359
2666 12 6601
2716 1 4798
2727 1 4008
2743 2 1107
2746 1 349
2750 1 1082
2769 1 898
2771 1 3216
2775 2 848
2777 2 565
2791 1 1385
2809 2 8131
2810 2 976
2843 4 5588
2989 4 2074
2991 3 2631
2996 2 348
3003 1 3697
3015 1 644
3026 1 1747
3027 2 3713
3028 1 1955
3033 1 1192
3061 19 935
3071 1 577
3080 1 411
3104 1 3172
3108 1 2991
3109 1 3299
3119 1 633
3121 4 496
3134 1 1532
3169 2 1076
3193 1 296
3196 1 2596
3205 1 1426
3217 1 2264
3229 1 2889
3230 1 1502
3249 5 10966
3267 1 3085
3281 7 3667
3287 1 1376
3295 1 2429
3319 1 1682
3322 1 6038
3336 1 1048
3350 1 735
3374 1 688
3376 1 1139
3378 1 4137
3381 1 2093
3383 11 10722
3390 1 736
3391 1 1846
3408 1 3212
3439 1 831
3444 1 1229
3471 3 4168
3485 1 1068
3486 5 4565
3499 1 1513
3513 1 2385
3514 3 5186
3517 5 654
3524 1 972
3525 1 1046
3563 1 1688
3569 1 405
3579 1 4684
3599 4 11096
3602 1 639
3610 4 1186
3639 1 3357
3643 1 1997
3653 2 955
3655 1 1064
3656 1 1437
3662 1 1695
3668 1 8976
3671 2 4789
3687 1 3022
3695 1 192
3706 2 6639
3721 3 1585
3722 35 1159
3748 1 990
3764 2 803
3773 1 2479
3780 2 1601
3791 1 6472
3792 1 456
3793 1 580
3837 1 782
3847 40 27149
3863 1 4935
3894 2 890
3907 1 12
3917 1 918
3922 1 4998
3944 2 1863
3945 1 1359
3953 1 3340
4000 4 6980
4009 1 425
4044 1 1940
4045 1 1533
4046 1 767
4047 1 814
4068 6 8611
4069 1 3379
4073 2 769
4101 2 3929
4105 1 848
4115 5 502
4116 3 5941
4117 3 5825
4118 3 5861
4143 3 1134
4144 1 2194
4145 1 6518
4179 5 2326
4187 1 7906
4188 3 2646
4196 2 6780
4204 3 3711
4244 1 470
4251 1 2307
4258 2 2240
4282 4 229
4296 2 6626
4298 1 7423
4308 2 2754
4336 1 1088
4342 1 1391
4363 2 1332
4372 1 3440
4374 1 5584
4375 1 1815
4395 1 445
4418 1 2251
4423 1 1170
4453 1 1290
4464 1 1473
4473 1 2419
4492 1 2351
4496 1 6061
4527 2 3429
4540 6 1717
4550 2 3021
4579 5 1909
4615 2 3920
4630 3 764
4643 1 649
4647 1 1245
4666 1 647
4667 1 3501
4681 1 685
4689 1 545
4722 1 579
4734 1 3115
4743 1 338
4746 1 2258
4749 1 1366
4752 2 5044
4753 1 5716
4755 1 1016
4767 1 1552
4793 1 1498
4800 1 1404
4806 2 652
4833 6 2973
4837 3 2109
4843 1 391
4846 2 1404
4855 3 1500
4888 3 1826
4905 12 7440
4906 3 8000
4907 3 8001
4908 3 8001
4909 1 4646
4910 1 4646
4911 1 4646
4912 1 7415
4917 1 4602
4918 1 2282
4920 1 549
4921 4 1991
4922 4 1947
4923 1 919
4924 1 898
4925 1 919
4929 1 827
4937 1 870
4946 2 376
4947 1 848
4948 1 3561
4950 1 3067
4951 1 1444
4955 1 342
4961 1 1198
4967 1 794
5075 1 1239
5108 1 1101
5110 2 4935
5133 1 793
5135 2 1764
5142 4 1220
5165 2 820
5174 1 1596
5190 2 1414
5196 3 628
5201 8 934
5203 1 711
5226 1 1123
5230 2 913
5238 1 1215
5239 1 925
5246 1 1448
5247 3 6498
5252 7 2357
5259 3 6380
5269 3 587
5272 1 1109
5278 1 1292
5305 1 395
5321 1 1222
5324 1 815
5329 1 972
5332 1 717
5391 5 3146
5395 2 2444
5396 2 6921
5412 3 1515
5415 1 3073
5425 1 689
5428 1 704
5437 4 2435
5497 1 992
5499 1 44062
5502 1 977
5518 1 2428
5528 1 2535
5530 1 1274
5537 1 796
5550 1 521
5565 1 792
5568 1 379
5571 1 876
5572 1 618
5573 3 603
5576 2 4592
5577 1 3747
5578 5 13045
5580 3 6581
5587 1 2202
5589 1 1188
5602 1 1056
5607 2 1001
5612 2 999
5613 2 1513
5618 1 1234
5627 1 450
5628 1 414
5629 5 641
5650 1 2097
5654 6 1031
5792 3 2530
5844 1 788
5864 1 722
5867 1 5884
5894 1 4730
5898 1 722
5904 2 426
5906 3 8444
5909 1 623
5913 1 2199
5916 1 1874
5932 1 2282
5935 4 2831
5937 1 772
5993 1 1055
5994 1 1504
6009 1 1946
6010 1 3182
6014 1 3067
6015 1 3323
6034 2 530
6037 1 949
6057 1 1652
6064 3 883
6077 1 2190
6080 2 648
6083 3 1394
6087 1 1469
6120 4 1179
6142 1 1106
6147 1 1885
6148 1 2770
6164 1 2727
6165 6 4900
6181 2 5519
6297 1 3321
6299 1 3048
6302 1 2959
6305 1 2963
6316 4 3790
6321 1 443
6336 2 3254
6337 2 3747
6338 1 1825
6345 1 1508
6347 1 1459
6356 1 1705
6360 2 6957
6362 2 2640
6363 2 4787
6364 3 7210
6537 3 2037
6540 4 2261
6579 5 4887
6581 2 721
6603 1 524
6635 2 592
6644 1 1635
6673 1 623
6735 1 731
6746 1 1117
6761 2 808
6826 1 785
6829 1 834
6846 1 766
6922 1 1455
6935 1 510
6942 1 577
6945 1 3654
6974 1 1220
6991 1 895
7013 1 623
7022 1 670
7045 1 2855
7051 3 1111
7052 3 1095
7053 3 1076
7054 4 1061
7055 3 2879
7056 3 1035
7059 1 671
7060 3 3208
7071 2 261
7089 1 1383
7121 1 3511
7123 1 1203
7145 1 1029
7167 1 819
7233 1 4878
7274 1 1168
7284 2 3123
7288 1 1137
7412 1 399
7425 6 1228
7427 1 443
7429 1 1504
7496 1 703
7504 1 5695
7505 4 4997
7511 1 2036
7512 1 2037
7527 5 4859
7529 3 5927
7537 7 1406
7544 3 995
7570 2 9650
7577 1 2093
7578 1 5752
7589 1 961
7596 2 495
7602 8 901
7651 1 1236
7673 3 4544
7675 4 437
7690 4 756
7698 1 1482
7705 1 4973
7709 1 2370
7710 1 4326
7715 2 2854
7723 2 4731
7745 1 1512
7761 3 1037
7763 1 2469
7767 1 3013
7771 1 1607
7772 1 1666
7773 1 7884
7776 1 1456
7783 2 2144
7885 4 2709
7924 10 842
7926 1 721
7942 1 2590
7944 2 4834
7948 1 2839
7949 1 4128
7953 2 2188
7972 1 2206
7975 5 2578
7982 5 1453
7984 1 1215
7997 4 1011
8022 2 7719
8038 1 1234
8045 1 2218
8051 4 1966
8072 4 5760
8077 3 1482
8085 1 2815
8089 5 20930
8093 6 20088
8109 1 2224
8114 1 3627
8122 8 5509
8131 1 1630
8138 1 526
8143 1 2289
8146 1 1848
8156 1 648
8161 5 590
8169 2 1622
8173 3 961
8196 1 370
8198 1 643
8204 1 4600
8215 1 2073
8217 1 177
8221 1 764
8272 1 298
8287 2 4172
8293 1 3686
8297 2 12133
8299 1 1374
8313 1 3754
8316 2 823
8325 3 1883
8380 2 2765
8398 1 1691
8402 4 8226
8408 2 5505
8424 1 784
8432 1 724
8442 1 1911
8446 1 805
8461 1 2678
8464 1 1583
8466 1 2863
8470 1 1947
8473 2 803
8500 1 4697
8557 1 436
8558 2 241
8560 1 1011
8570 1 1765
8577 2 2346
8580 1 500
8592 1 2003
8597 1 1147
8613 1 1556
8615 1 1268
8638 1 905
8639 2 2193
8642 1 1636
8648 1 1264
8650 1 9126
8668 1 1779
8693 1 796
8732 4 2463
8735 3 882
8737 2 1659
8756 3 957
8757 1 632
8763 2 1422
8820 1 865
8827 2 6533
8828 1 2492
8837 2 699
8846 1 298
8847 1 433
8855 1 1546
8873 1 1489
8876 3 1372
8890 1 5449
8913 8 12589
8946 1 445
8954 1 590
8955 2 987
8964 1 1138
8971 3 998
8992 2 2708
8996 4 722
8997 2 599
9005 1 45220
9006 2 34059
9090 1 695
9125 1 931
9131 1 1076
9135 1 875
9145 1 1263
9169 1 2306
9175 1 1821
9189 10 3116
9193 1 2601
9203 3 3221
9206 1 3079
9224 1 850
9266 1 552
9286 1 163
9311 1 1417
9315 2 966
9324 1 4421
9328 1 294
9330 1 751
9340 1 927
9351 47 1815
9352 25 989
9363 1 1874
9383 1 1234
9425 1 1245
9431 1 3717
9486 1 3118
9489 5 6134
9493 2 188
9495 1 1007
9545 1 4422
9571 1 648
9577 1 1476
9603 1 708
9604 2 2143
9625 1 523
9640 1 3873
9642 1 794
9650 14 604
9676 1 994
9692 1 4792
9702 2 2473
9727 1 3290
9732 1 363
9741 1 1815
9745 22 1624
9752 4 8096
9760 6 2142
9766 1 4331
9767 1 905
9771 2 1844
9783 1 1288
9789 1 4274
9795 5 6831
9796 4 6203
9798 1 2651
9801 1 3599
9803 4 732
9804 2 5129
9805 3 5191
9806 2 6009
9812 1 903
9837 3 1313
9845 1 1179
9855 2 203
9867 1 1127
9885 1 2675
9886 1 3914
9891 1 2022
9911 1 1621
9926 2 682
9932 1 1087
9948 1 2209
9951 1 322
9955 1 576
9961 2 612
9979 1 184
9981 1 1819
9982 1 1822
9991 3 760
9997 1 1079
9998 6 2317
10000 1 1196
10003 1 517
10016 1 926
10022 2 3292
10023 3 1926
10024 2 1900
10041 1 376
10054 2 1634
10067 1 2395
10076 2 175
10087 3 1266
10090 2 1086
10101 1 12486
10105 19 8600
10106 1 825
10107 1 1234
10123 2 2079
10147 2 1321
10227 1 1110
10230 1 711
10231 3 9229
10234 2 789
10237 2 420
10248 3 741
10258 2 756
10262 1 523
10271 1 930
10306 1 2363
10314 1 4681
10317 1 4163
10344 3 2552
10358 1 1391
10393 1 2415
10435 2 638
10467 1 1457
10502 1 700
10504 2 1148
10526 1 1032
10568 6 3196
10574 5 1648
10591 1 7784
10595 1 491
10599 4 1369
10624 2 1876
10652 1 3224
10654 1 3128
10656 1 3117
10662 3 1275
10681 1 721
10685 2 2839
10693 2 1867
10698 1 1255
10737 1 360
10741 1 715
10742 3 478
10743 1 573
10764 1 1652
10804 1 795
10811 1 800
10845 2 2183
10848 1 1696
10894 2 1184
10940 5 7910
10941 2 764
10942 1 1886
10954 11 2770
10961 1 1006
10967 1 765
10981 1 639
11062 1 1457
11078 1 922
11081 1 1920
11110 1 672
11124 2 1521
11132 2 1530
11133 2 398
11142 1 1105
11171 1 155
11192 1 1422
11198 1 771
11206 1 1491
11207 1 1893
11208 1 2507
11211 7 368
11229 3 1795
11248 3 11766
11251 1 212
11255 1 490
11258 1 1346
11259 1 1202
11279 1 1595
11288 16 9962
11292 2 1815
11293 1 724
11301 1 916
11403 2 2453
11447 1 834
11466 1 2113
11469 1 1277
11485 1 483
11496 1 570
11499 1 1089
11503 1 2514
11537 1 666
11542 1 558
11567 1 1874
11569 34 6434
11575 2 481
11590 1 1805
11632 2 1094
11674 1 451
11749 1 1983
11757 1 1770
11784 2 786
11854 2 3272
11858 5 4134
11859 5 4320
11863 2 1940
11864 1 823
11868 1 1201
11875 2 184
11949 2 3637
11962 1 524
11976 1 521
11985 1 2269
12115 1 551
12118 1 1794
12121 1 1787
12124 1 101
12129 1 1202
12130 2 698
12138 5 18363
12156 1 13898
12211 1 4041
12213 1 679
12216 1 1004
12223 1 6167
12228 1 1101
12230 2 2936
12232 1 1252
12246 3 1784
12249 1 484
12254 1 399
12255 1 410
12258 1 976
12278 1 2692
12322 1 923
12344 2 2265
12358 5 1928
12365 1 8585
12367 1 9446
12382 1 1023
12384 9 4014
12388 15 3483
12389 3 4357
12390 1 3720
12398 1 582
12412 3 1917
12430 1 1737
12434 1 2955
12436 2 1371
12445 1 1249
12449 1 1233
12458 2 3716
12466 1 1446
12472 1 197
12492 1 1681
12498 1 3985
12574 2 869
12591 4 624
12601 3 3000
12613 1 1454
12622 2 2177
12627 1 4932
12637 6 1065
12638 1 6177
12647 1 4896
12673 7 6656
12692 1 5477
12693 5 5024
12694 2 787
12697 1 1979
12701 2 7084
12710 1 1223
12712 2 2391
12726 5 651
12731 2 995
12734 1 325
12747 1 3912
12751 3 5083
12753 1 3395
12762 1 5406
12782 1 1849
12789 5 1514
12804 1 323
12808 1 3060
12814 4 46677
12839 2 1142
12851 1 2088
12902 1 1885
12923 2 412
12948 2 2044
12974 1 4586
12979 3 1831
12982 1 1294
12996 3 2315
13003 1 4796
13009 1 343
13013 1 953
13018 3 276
13021 1 1120
13035 1 947
13046 1 1817
13071 1 434
13094 1 1335
13097 1 579
13099 5 1594
13104 4 1437
13105 1 2565
13140 1 736
13172 1 1025
13196 1 2057
13199 1 1429
13221 1 2420
13224 3 3401
13230 1 1741
13268 1 2970
13276 2 266
13279 1 832
13291 2 315
13292 2 362
13297 1 740
13298 1 629
13321 16 4863
13332 1 14933
13351 1 29
13357 1 630
13379 1 1294
13380 1 1436
13382 1 1460
13393 2 3068
13402 1 1313
13411 4 2036
13415 3 1087
13428 2 462
13433 2 4168
13434 4 4024
13459 1 1269
13466 2 1683
13475 1 2437
13484 1 1236
13486 2 7532
13497 5 6632
13502 2 1003
13508 1 6492
13509 1 1700
13518 42 16194
13520 5 4296
13527 1 1200
13535 3 2364
13559 2 1873
13560 2 1869
13568 3 791
13571 1 841
13572 9 876
13575 1 2070
13618 1 28398
13636 1 1160
13653 1 907
13670 3 2094
13695 1 2748
13698 2 2026
13699 1 1924
13706 2 1656
13707 1 699
13711 1 4824
13819 3 877
13826 1 1442
13832 1 1089
13839 2 1437
13840 1 1860
13846 1 1850
13871 2 6056
13886 1 3122
13889 1 724
13891 6 2917
13892 2 814
13893 5 755
13901 7 4255
13911 1 2738
13912 1 6746
13913 2 522
13922 4 956
13923 1 421
13941 1 1949
13950 1 848
13964 1 751
13985 3 11629
14007 1 466
14014 2 3934
14016 1 139
14019 2 141
14024 1 358
14051 1 864
14059 1 1101
14060 1 1417
14067 1 1216
14074 3 446
14075 1 1673
14080 10 51830
14081 1 1133
14102 1 1027
14112 2 793
14120 1 2870
14164 1 57
14183 1 1196
14185 1 2424
14210 1 1997
14211 1 1561
14212 2 12149
14258 1 1857
14265 2 2579
14268 1 573
14293 2 781
14302 2 2269
14313 1 5288
14320 1 646
14325 1 1946
14345 1 1515
14349 1 1424
14350 1 2898
14373 4 6743
14388 3 823
14389 3 807
14426 2 2114
14428 2 2122
14432 1 679
14436 1 676
14474 1 3842
14491 2 3791
14496 1 911
14500 1 1554
14512 11 2539
14528 2 1229
14529 1 1219
14555 1 2701
14560 1 1173
14561 2 3007
14595 1 676
14596 1 2342
14638 2 234
14649 4 3074
14652 9 1186
14654 1 1157
14662 1 1844
14694 1 1912
14724 1 5113
14818 1 1971
14829 5 1080
14830 1 8170
14831 1 8171
14832 1 8172
14833 12 7321
14836 10 2455
14841 2 896
14852 1 815
14878 2 3248
14882 1 1053
14887 1 5014
15024 1 1186
15028 2 4600
15039 1 1513
15049 1 2266
15069 1 440
15071 1 2697
15099 7 5771
15103 1 1258
15109 1 1344
15110 1 821
15127 1 1201
15133 3 972
15137 1 2521
15193 1 1214
15196 1 8919
15209 1 2739
15246 3 1182
15252 1 1312
15263 1 562
15268 2 628
15277 1 1372
15284 1 771
15293 1 5587
15298 1 535
15299 1 316
15300 2 661
15462 1 674
15496 2 1821
15511 1 1482
15513 4 580
15515 2 474
15543 1 462
15560 1 1729
15566 3 625
15569 1 3119
15571 1 3116
15572 2 3411
15573 1 2920
15575 1 3094
15578 1 1021
15583 2 1612
15586 2 3732
15589 4 1222
15590 2 3007
15611 2 880
15615 1 3882
15617 5 2380
15621 1 2140
15644 1 1287
15661 1 1088
15734 2 2035
15735 2 2037
15746 1 1020
15757 10 7636
15788 3 592
15833 1 1583
15840 1 926
15849 1 1972
15860 3 3929
15873 1 1328
15883 1 1124
15887 1 3518
15901 1 618
15937 1 2165
15941 1 779
15957 1 8025
15980 1 2709
16006 3 1307
16007 3 6296
16008 2 6422
16009 2 1037
16016 2 802
16020 3 1631
16021 6 1876
16024 1 1099
16044 4 3747
16094 3 3553
16100 2 1483
16101 1 2125
16122 1 300
16125 1 213
16128 2 987
16166 2 1359
16182 1 711
16183 2 2917
16185 1 2268
16191 2 1319
16196 1 1661
16197 1 2078
16213 1 1047
16229 1 2303
16231 2 2052
16235 1 4462
16236 1 5204
16237 1 2746
16238 2 11763
16250 1 1198
16258 5 7609
16260 1 4783
16281 1 3429
16284 1 1751
16289 6 1395
16292 1 2759
16297 2 1746
16322 1 2378
16324 1 1543
16341 7 9421
16346 1 941
16351 1 1039
16354 8 986
16368 1 4019
16376 1 1139
16393 2 966
16433 2 2178
16435 1 1396
16440 1 1049
16450 1 710
16462 1 39
16486 4 3020
16487 1 696
16489 2 4179
16491 1 6610
16492 3 3998
16503 2 818
16528 1 1436
16536 2 924
16537 1 1394
16566 1 936
16573 1 2315
16589 1 3703
16590 1 3144
16592 2 2447
16627 1 621
16629 3 727
16635 1 7678
16649 2 4446
16651 1 1054
16660 1 745
16700 2 3762
16711 1 2292
16722 3 5137
16740 1 916
16748 1 3753
16765 1 1110
16768 1 912
16784 1 2834
16800 1 2525
16801 3 2170
16802 1 2436
16813 2 4537
16836 1 4094
16843 3 15992
16849 1 6516
16867 2 1515
16869 1 3108
16898 1 363
16919 1 703
16925 1 1943
16942 8 12267
16943 6 10757
16952 5 7998
16957 1 929
16958 2 5800
16973 1 1399
16978 1 1563
16984 3 5305
16985 8 2395
16994 1 2449
16996 1 1017
17000 1 1473
17010 1 3499
17012 1 3524
17013 1 9772
17016 8 813
17025 1 2138
17037 1 2492
17038 1 1354
17055 2 965
17081 1 1312
17097 2 2690
17102 2 1387
17106 4 3919
17107 1 1950
17110 1 430
17113 2 4319
17114 1 6140
17122 5 9203
17129 3 3146
17141 3 1634
17143 6 2987
17165 1 379
17167 1 1537
17173 3 1072
17182 1 3085
17184 1 4374
17187 2 1065
17188 1 1771
17189 7 5992
17190 1 1264
17191 1 710
17199 1 1582
17202 1 2274
17205 3 1800
17219 2 1500
17241 1 880
17247 1 2453
17250 2 1492
17253 1 903
17295 1 3426
17304 3 5827
17310 1 309
17312 1 1027
17313 1 699
17316 2 1581
17321 4 1749
17322 1 966
17331 1 766
17357 1 1520
17363 2 2096
17376 1 429
17378 1 3128
17385 1 3998
17393 2 1385
17402 3 3104
17405 1 1103
17426 1 7075
17442 1 3953
17458 1 10296
17467 7 6562
17481 1 1474
17494 1 4778
17503 3 1926
17505 1 5120
17510 11 13439
17520 1 955
17555 6 14925
17570 2 5402
17572 1 938
17574 5 904
17589 5 12110
17590 2 6514
17592 1 3800
17593 1 783
17600 1 2502
17615 1 740
17622 1 339
17628 2 710
17632 1 1226
17638 1 6007
17653 5 5954
17661 1 5100
17663 1 1183
17667 1 1104
17669 2 5167
17670 1 5050
17671 3 3280
17672 3 4557
17693 1 868
17704 2 2320
17707 4 684
17717 1 3139
17725 6 1561
17736 2 1309
17758 24 28986
17766 1 872
17780 1 1209
17797 1 1213
17804 1 2146
17812 1 1141
17816 1 2870
17848 1 2460
17867 1 566
17868 1 521
17869 7 7948
17893 1 1832
17904 2 6041
17918 1 604
17921 1 1455
17923 1 1095
17930 8 980
17943 1 1248
17956 1 1053
17972 1 642
17976 3 803
17992 1 724
18004 3 5488
18021 1 1332
18024 2 488
18030 1 984
18032 2 3246
18034 5 3151
18036 1 3329
18037 1 3117
18070 1 1477
18072 5 729
18079 1 834
18081 2 1322
18092 2 1678
18117 1 2036
18128 1 1604
18130 1 1535
18132 1 1192
18136 1 1353
18146 1 5814
18149 1 1111
18153 3 3810
18154 1 347
18160 1 779
18222 1 1840
18228 1 4817
18263 1 2623
18264 1 3866
18265 1 4164
18275 1 895
18276 37 1341
18285 1 1990
18288 1 4353
18299 1 734
18317 1 2463
18320 1 260
18336 2 366
18370 1 975
18384 1 1261
18385 1 6531
18388 1 1439
18395 1 6885
18409 1 1928
18415 2 5822
18490 1 1473
18517 2 1038
18521 1 2145
18530 1 2029
18536 3 367
18560 1 1168
18563 1 1099
18570 1 1012
18581 1 3194
18619 1 1157
18639 3 1434
18648 1 1076
18654 2 15696
18660 2 933
18661 1 1372
18662 2 1519
18685 3 4688
18689 1 2550
18691 1 98
18694 1 1433
18696 2 1646
18720 1 673
18724 2 566
18725 1 1382
18733 2 1012
18752 1 520
18756 1 1784
18764 6 2816
18765 3 3181
18767 1 287
18774 1 816
18778 2 842
18793 2 3927
18797 2 3696
18799 1 2303
18802 1 1147
18815 1 1198
18824 4 3146
18841 3 483
18845 1 772
18853 1 1536
18863 3 2559
18879 1 3453
18886 1 1074
18892 1 2095
18934 2 568
18935 1 931
18940 2 735
18959 1 905
18965 10 20789
18967 2 13159
18968 9 2667
18977 1 1536
18991 25 1328
19000 2 1062
19001 2 1062
19008 2 1510
19021 2 1100
19049 2 3228
19071 3 669
19075 3 1178
19077 2 2958
19078 2 2988
19079 1 16454
19080 1 797
19085 3 1003
19086 1 2849
19091 1 1544
19093 2 3292
19094 1 3568
19117 1 1805
19144 3 2063
19148 1 3277
19156 1 857
19162 1 914
19180 1 2589
19231 1 1461
19237 1 1885
19367 1 1627
19373 5 1681
19379 1 4781
19383 1 3259
19384 1 5576
19385 1 2378
19387 1 872
19390 3 3260
19392 2 669
19404 1 1932
19409 1 1342
19410 2 1119
19413 2 1698
19502 1 2113
19504 1 6279
19509 2 1523
19512 1 3132
19541 2 595
19558 1 5943
19559 2 6375
19561 2 5606
19562 1 7991
19563 3 5781
19566 3 874
19589 1 1946
19597 2 348
19599 1 716
19604 1 511
19622 9 1077
19653 2 1803
19656 1 5073
19670 2 1951
19681 1 10198
19689 1 2057
19697 2 2330
19707 1 1040
19719 1 782
19727 1 698
19730 1 709
19792 1 3925
19826 1 564
19828 1 689
19832 1 4109
19846 2 493
19856 1 1292
19883 2 5667
19884 1 5873
19897 4 3289
19898 1 4338
19899 2 6214
19912 2 1384
19938 1 1181
19948 3 629
19959 2 2824
19985 1 8977
19999 1 1543
20001 1 2461
20004 2 2446
20006 2 2516
20017 2 5287
20027 2 1905
20028 1 1417
20030 1 4962
20157 1 644
20166 1 1465
20168 1 856
20170 3 3948
20200 5 30304
20234 1 1228
20253 1 1358
20274 2 794
20275 2 1592
20310 1 4111
20322 1 669
20395 1 651
20396 1 370
20397 1 3730
20417 1 930
20421 1 12627
20422 1 12210
20427 1 605
20428 2 1062
20429 1 591
20576 1 903
20605 1 597
20607 4 4252
20621 2 2416
20628 1 375
20654 2 1589
20663 1 2969
20669 2 709
20670 4 675
20672 1 1292
20677 5 8655
20679 2 6821
20682 1 5585
20684 6 12924
20698 1 3736
20700 3 2481
20701 1 2408
20706 5 8010
20707 23 35797
20708 10 24696
20709 2 1003
20710 3 6801
20713 1 3777
20734 1 728
20745 1 1505
20746 1 2626
20758 1 1375
20764 1 1304
20768 3 1195
20777 1 1519
20778 4 4580
20811 7 4558
20822 2 800
20824 2 794
20835 1 1832
20868 1 3295
20892 1 1529
20906 1 1642
20907 1 2997
20916 2 2792
20920 1 1439
20921 1 983
20924 1 1135
20930 1 1211
20934 1 595
20936 2 2518
20937 2 3666
20938 2 3851
20976 1 1898
20983 1 1210
20986 1 1810
20988 2 1264
20995 3 1840
21002 1 922
21046 4 10160
21056 1 1401
21060 1 2143
21083 1 2413
21135 1 790
21163 3 842
21170 1 744
21200 1 3347
21222 1 483
21236 1 1372
21252 1 747
21254 1 736
21259 1 1196
21262 1 2285
21266 3 4449
21284 1 1012
21299 2 9163
21305 1 954
21321 1 7104
21336 4 4593
21339 1 4745
21343 4 810
21345 5 2751
21347 1 1066
21353 1 1391
21357 3 5683
21359 6 13839
21379 1 2870
21380 1 2156
21400 2 1853
21405 2 580
21406 1 304
21415 1 797
21416 1 626
21417 3 1547
21420 2 4351
21421 1 1866
21422 4 2156
21424 1 839
21430 1 3084
21463 7 2707
21472 4 1719
21490 2 4936
21495 1 1825
21507 1 7373
21528 2 893
21530 2 2863
21533 1 1795
21535 1 1207
21542 3 37742
21552 3 3528
21563 10 2416
21566 1 400
21568 3 3870
21575 1 4680
21598 1 2235
21600 1 2318
21624 1 1341
21637 1 10855
21644 1 11884
21659 1 890
21660 1 862
21661 3 5628
21687 2 796
21690 1 609
21702 3 3125
21703 2 1484
21712 1 965
21720 8 969
21727 1 2096
21730 1 1984
21744 2 836
21750 1 1034
21756 1 2820
21758 2 2344
21767 3 6211
21768 1 2946
21773 1 955
21803 1 1062
21813 1 930
21814 5 4204
21840 1 6308
21842 1 145
21844 1 1026
21852 3 6758
21860 1 2805
21904 1 2015
21909 1 338
21920 3 903
21922 1 2981
21923 2 807
21925 1 1122
21943 5 2866
21950 3 1511
21958 1 1028
21964 1 1399
21969 5 4332
21972 1 2236
21977 8 689
21992 1 1844
21997 1 2196
22007 1 562
22017 2 2683
22020 1 203
22023 3 584
22024 2 1137
22025 2 608
22027 1 1931
22029 1 806
22032 1 4462
22079 1 5115
22087 1 1367
22093 2 10393
22103 1 5529
22105 2 2168
22115 7 2632
22116 1 487
22137 1 4439
22138 1 4091
22141 1 2921
22159 6 2515
22164 1 637
22166 1 1970
22173 1 618
22174 2 737
22175 4 468
22183 1 400
22184 1 842
22186 2 1860
22189 1 279
22198 1 2137
22208 1 668
22216 16 13756
22219 3 1236
22428 3 3769
22455 3 2770
22456 1 1938
22477 1 2074
22524 1 3107
22535 1 1608
22546 1 1147
22548 1 1429
22570 1 1844
22592 1 2031
22598 3 1298
22599 2 2198
22603 2 779
22786 8 547
22867 1 2220
22880 3 1358
22887 3 4212
22924 1 3942
22945 1 2400
22946 1 2519
22949 1 215
22970 1 477
22971 2 869
22973 1 1006
22979 1 524
23003 1 912
23015 1 1253
23064 1 7447
23125 2 1534
23133 1 523
23221 2 647
23232 1 1078
23350 2 642
23359 1 1250
23361 1 521
23363 2 3369
23371 1 1501
23376 1 724
23403 1 3089
23404 1 488
23413 1 1692
23443 1 431
23453 1 1593
23457 1 980
23460 3 1670
23466 3 2473
23468 2 1323
23470 1 445
23482 1 374
23489 2 7818
23511 5 1553
23514 7 8145
23531 1 2398
23542 2 590
23543 8 2015
23544 7 1694
23545 3 1025
23553 2 873
23554 1 475
23567 1 2368
23598 1 1236
23601 2 1486
23653 1 999
23661 1 1416
23671 1 7612
23678 2 5285
23715 2 365
23754 1 1131
23765 1 11324
23789 1 696
23806 1 518
23829 1 8025
23896 3 3005
23908 1 854
23909 1 969
24081 1 452
24089 1 472
24094 1 3157
24096 1 3824
24118 1 2970
24119 5 14616
24131 1 212
24152 1 1364
24156 1 1837
24157 1 10311
24159 1 570
24173 1 643
24181 1 669
24189 1 2072
24219 12 7326
24222 1 3333
24224 1 416
24235 1 1229
24245 1 346
24252 1 634
24255 1 3586
24256 1 1172
24265 2 3355
24274 1 623
24275 1 852
24296 1 783
24298 1 438
24301 1 431
24304 1 685
24305 1 918
24340 1 239
24344 1 1323
24374 1 3085
24383 1 1705
24395 1 1099
24420 3 1290
24432 1 863
24464 2 943
24465 2 1100
24479 1 2991
24481 2 625
24482 4 1427
24488 1 1218
24506 1 7516
24514 4 13551
24518 1 1407
24536 1 938
24546 1 1148
24556 2 2926
24560 1 1080
24561 1 3084
24566 3 3241
24567 1 1635
24568 3 5820
24585 1 1914
24588 1 1540
24596 9 3667
24614 1 1048
24616 1 6643
24619 1 1922
24623 1 294
24632 3 815
24644 1 26
24667 1 2550
24679 1 619
24695 2 871
24700 1 834
24713 1 3212
24737 1 1993
24750 1 6415
24765 2 1351
24773 1 1028
24778 1 852
24789 1 4093
24791 1 2527
24792 2 607
24793 1 1676
24803 11 5803
24819 1 1466
24827 2 1654
24831 1 1440
24840 3 9627
24875 1 1661
24882 1 8171
24883 1 8171
24884 12 7321
24885 12 7349
24886 1 7415
24887 1 7415
24888 1 7415
24897 1 4588
24898 1 4667
24900 1 2275
24901 1 2275
24902 1 2275
24903 1 531
24904 1 530
24905 1 513
24911 1 801
24912 1 830
25049 2 918
25074 1 566
25124 1 1130
25129 1 990
25160 1 3316
25169 2 814
25230 1 600
25232 1 2344
25233 2 4985
25234 2 4341
25235 14 7935
25253 1 768
25306 2 1017
25316 2 1225
25348 1 2680
25391 1 2825
25407 1 3649
25422 1 2424
25429 1 2282
25430 1 1037
25432 1 835
25436 1 1291
25475 1 3015
25477 1 3314
25487 3 2868
25490 1 4592
25492 1 3700
25522 2 2549
25542 1 2369
25545 1 2403
25553 2 3595
25554 1 1688
25555 2 3167
25560 1 1516
25656 2 4885
25779 1 1124
25826 1 2414
25847 1 826
25851 1 1694
25911 2 863
25913 1 1179
25964 2 4294
25968 1 814
26041 1 2314
26043 2 570
26049 1 2989
26050 1 1792
26058 1 720
26060 2 2133
26086 1 694
26088 1 1925
26095 4 5070
26109 2 2505
26114 4 439
26124 1 597
26194 2 814
26203 3 970
26218 1 3037
26235 1 3242
26241 1 5926
26257 2 3709
26258 1 7349
26259 2 3718
26260 2 3718
26261 2 3710
26262 2 3711
26271 1 185
26328 2 1245
26334 1 639
26353 1 1541
26364 1 1388
26382 1 3521
26424 1 743
26434 3 3200
26449 1 7560
26470 1 1686
26486 1 1259
26488 1 1436
26498 8 32423
26499 1 831
26502 1 3975
26511 2 1621
26516 6 2569
26522 3 1759
26523 1 1076
26534 2 3621
26540 1 340
26558 1 1102
26575 1 979
26588 1 341
26592 2 2640
26614 4 3554
26667 1 746
26671 2 652
26679 1 562
26696 1 931
26700 1 1342
26701 1 827
26717 1 641
26730 2 1483
26756 1 2627
26760 3 793
26778 1 1498
26791 9 4660
26800 1 1401
26816 1 2936
26849 1 634
26866 1 1580
26877 2 1219
26945 2 2664
26976 2 1105
26981 2 209
27036 5 6909
27037 1 4999
27112 1 586
27116 1 493
27125 1 1153
27126 1 451
27134 1 823
27135 1 1071
27162 2 1964
27204 3 1300
27209 1 800
27220 1 1005
27226 1 203
27240 1 389
27259 1 1441
27261 2 1483
27264 1 750
27272 2 1722
27287 1 1709
27289 3 1901
27291 6 3912
27293 1 815
27307 1 570
27308 1 7530
27309 3 2591
27321 1 7344
27322 2 3721
27323 1 2478
27324 2 3721
27326 1 916
27339 7 681
27388 1 1719
27396 3 2172
27415 1 328
27561 1 1102
27562 1 1089
27570 1 710
27573 5 556
27586 1 2066
27607 2 1453
27623 1 2360
27625 2 2383
27651 1 780
27660 1 535
27677 1 765
27702 5 937
27761 1 1167
27774 1 2355
27813 1 1873
27821 1 981
27827 1 2297
27830 3 5835
27831 1 1261
27836 4 3088
27848 1 1948
27851 4 5844
27852 2 5540
27853 1 3446
27855 2 855
27856 2 872
27857 2 868
27868 3 2792
27870 1 853
27871 1 245
27883 1 4980
27885 1 1416
27901 1 544
27969 1 1005
27971 1 1073
28068 1 1208
28077 2 1097
28079 1 1167
28080 1 474
28091 1 2614
28094 2 2585
28100 2 1191
28102 7 381
28103 2 5130
28104 2 1950
28105 10 3202
28110 1 1068
28137 8 330
28192 1 2315
28193 1 2289
28230 1 1438
28253 1 1082
28259 1 6624
28261 2 11790
28266 1 1597
28271 1 1650
28281 1 1378
28293 3 628
28294 1 651
28296 1 3859
28319 1 433
28413 1 1726
28426 5 911
28446 1 9326
28450 1 227
28454 2 5320
28457 4 5857
28458 4 5864
28459 2 5561
28460 2 5545
28461 2 926
28466 2 10312
28473 2 1706
28480 1 1670
28486 1 1421
28487 1 421
28491 1 4917
28495 1 1554
28592 1 52
28632 2 513
28665 2 597
28675 1 1685
28696 3 3559
28703 2 899
28725 1 1071
28730 1 1156
28739 3 1791
28744 1 666
28745 1 689
28758 2 755
28768 1 734
28782 5 1807
28799 3 4713
28809 2 649
28822 3 2051
28832 2 853
28838 1 3316
28840 1 12057
28846 3 1687
28853 2 1174
28857 1 423
28859 1 1280
28867 1 765
28871 1 2000
28877 3 705
28889 2 976
28951 2 4581
28956 1 744
28975 1 762
29002 1 1504
29003 1 1532
29039 1 1081
29064 1 1128
29066 2 1322
29071 1 748
29090 1 430
29096 1 764
29098 1 715
29101 1 423
29102 1 710
29104 1 738
29108 1 1272
29110 5 675
29117 1 928
29120 2 1210
29132 1 1023
29154 4 549
29179 1 231
29351 2 2081
29362 1 557
29371 1 1059
29377 1 593
29396 10 8576
29408 1 2208
29414 1 1661
29420 1 439
29425 1 346
29430 1 1287
29449 1 644
29475 3 2177
29482 1 643
29489 5 1691
29490 1 622
29492 1 3204
29493 1 3306
29495 1 3137
29508 4 2855
29519 1 8686
29522 2 849
29524 2 1209
29528 1 656
29557 4 7051
29569 2 1106
29572 1 2781
29582 2 507
29592 2 1374
29606 1 321
29610 1 1172
29622 1 810
29625 1 10200
29628 2 3312
29629 1 1492
29631 1 1819
29634 1 1038
29648 1 8110
29681 2 2182
29682 2 2183
29710 1 721
29716 1 971
29721 1 6842
29722 1 9450
29785 1 1968
29788 1 2365
29803 1 2905
29821 1 906
29829 2 723
29856 1 1766
29884 3 3052
29888 1 3407
29889 2 594
29910 2 5908
29926 1 770
29968 2 1029
29969 1 477
29976 1 1058
29991 3 10803
30034 1 1737
30055 2 2125
30073 1 2480
30137 1 5022
30157 1 653
30158 1 1827
30261 1 977
30272 2 2352
30284 1 1020
30300 1 6017
30303 1 5165
30318 1 418
30353 1 3848
30354 2 582
30383 1 1333
30391 1 5079
30433 1 4735
30450 2 1607
30483 3 2924
30510 1 2362
30526 27 4142
30579 3 1096
30584 1 678
30639 10 8117
30643 1 1318
30655 1 535
30695 2 1342
30696 1 791
30744 1 1162
30747 3 4167
30748 1 1479
30750 1 1681
30751 1 1190
30754 1 1367
30757 1 1418
30758 3 898
30769 1 1282
30774 1 567
30777 1 644
30797 1 800
30820 1 2711
30857 6 479
30858 6 950
30870 2 2859
30872 1 2105
30905 1 1442
30953 5 4469
30990 2 704
31024 1 913
31035 1 531
31045 4 24677
31051 1 1618
31052 1 3636
31058 1 3446
31061 1 1776
31072 1 667
31074 3 511
31075 1 434
31076 1 654
31115 1 1682
31122 11 324
31130 1 793
31142 1 337
31154 1 493
31185 2 742
31216 1 793
31222 1 644
31256 1 933
31278 1 1259
31288 1 2833
31297 2 407
31325 1 343
31327 1 3711
31338 5 491
31358 2 1730
31447 1 1008
31461 2 4365
31500 1 826
31517 1 1078
31518 1 5634
31540 1 1089
31570 2 508
31585 1 870
31609 1 663
31610 1 828
31635 2 644
31647 1 1002
31662 1 455
31686 1 1986
31688 1 2740
31692 2 1527
31693 3 3857
31694 2 3337
31703 2 1955
31723 1 9877
31731 1 3982
31733 1 858
31744 2 7219
31770 1 2138
31798 1 1484
31821 5 4061
31825 1 3867
31829 5 14263
31841 1 1522
31859 1 1265
31869 1 1376
31873 2 263
31879 1 1482
31881 1 1085
31894 1 1015
31927 3 1875
31929 1 15160
31945 3 2616
31949 5 6125
31961 3 705
31963 1 475
31970 1 562
31971 1 439
31979 2 559
31986 1 910
32001 1 1067
32002 1 1104
32023 2 2558
32029 1 705
32030 5 812
32171 1 914
32207 4 368
32208 1 2672
32214 1 700
32216 1 1582
32241 5 5341
32288 1 3260
32289 1 2992
32290 2 3009
32291 1 3102
32294 2 3074
32297 1 3273
32299 1 3515
32301 1 3186
32304 1 2871
32325 1 444
32343 1 868
32345 2 1361
32372 1 1632
32374 2 3413
32385 1 1964
32388 1 24490
32392 1 1641
32398 1 1410
32408 1 2851
32490 1 1063
32491 1 6991
32569 1 1631
32573 1 734
32595 2 709
32610 2 1082
32654 7 45225
32663 14 3914
32671 1 1446
32674 1 1104
32686 1 553
32704 1 2103
32706 7 1372
32710 2 1429
32711 3 4218
32718 1 5437
32745 1 1022
32752 1 2880
32756 2 1374
32778 1 488
32822 2 2367
32847 1 2340
32878 3 330
32886 1 425
32900 2 1072
32933 4 167
32972 2 11367
33069 1 3021
33074 1 514
33075 2 1601
33078 5 5728
33079 1 3096
33091 3 10334
33109 1 1341
33112 1 386
33133 1 1216
33136 2 375
33145 1 1201
33188 3 10275
33208 1 1069
33228 2 382
33251 1 2034
33265 1 1309
33268 8 3327
33279 3 1074
33284 1 131
33310 1 9499
33318 1 2084
33319 1 2701
33333 2 6676
33335 2 9267
33372 1 1921
33403 1 5506
33421 1 784
33446 1 1897
33475 2 5068
33514 4 782
33525 1 489
33566 2 462
33582 7 1466
33585 1 3694
33586 1 2998
33598 1 971
33622 1 1668
33638 1 256
33650 6 817
33663 2 5738
33679 5 1064
33707 2 308
33709 3 1690
33710 2 1002
33714 2 797
33728 1 874
33751 1 3258
33785 4 1393
33802 1 1659
33808 1 1401
33819 2 4941
33847 2 7078
33853 1 1271
33859 2 7228
33865 1 4323
33870 1 2415
33900 1 574
33921 1 614
33933 1 503
33937 4 14231
33942 1 1795
33967 1 1014
33985 1 1091
34035 2 2575
34039 6 23394
34046 1 3718
34052 16 11789
34062 2 2698
34081 1 3468
34096 1 821
34098 1 432
34117 1 1025
34138 1 585
34150 2 1435
34159 1 1830
34164 7 1224
34165 7 1237
34166 8 1251
34172 1 582
34178 2 2529
34179 2 1686
34192 1 1198
34200 1 1477
34201 1 2057
34215 1 703
34222 3 3470
34243 1 1382
34263 1 358
34273 1 708
34285 1 1511
34289 2 2981
34295 1 838
34298 4 6813
34303 3 4581
34309 1 975
34324 2 692
34326 3 685
34345 1 454
34354 17 2232
34358 2 1007
34384 1 748
34394 7 8616
34397 1 1067
34399 1 738
34442 1 1260
34449 1 3565
34497 2 1468
34507 2 1422
34561 2 870
34574 1 2252
34578 1 2374
34583 1 4980
34617 1 1251
34650 1 2639
34657 1 646
34660 1 1031
34661 7 22673
34663 1 641
34665 1 1365
34666 1 699
34673 1 2293
34689 2 1908
34690 4 914
34695 1 697
34696 1 2011
34757 1 1160
34766 6 437
34767 6 384
34768 10 1348
34769 7 408
34779 2 2859
34804 2 3895
34820 6 7148
34829 4 1444
34854 1 1136
34869 1 1137
34881 1 2427
34901 4 18201
34914 1 895
34915 1 985
34922 1 900
34928 14 647
34931 1 655
34932 1 731
34972 1 2699
34986 1 1778
34990 1 5418
34992 1 359
34995 3 3471
35041 1 7162
35062 1 680
35069 1 3840
35074 1 656
35149 1 9307
35151 1 4287
35179 1 1243
35182 2 13213
35215 1 258
35283 1 487
35319 1 534
35329 1 616
35330 1 500
35349 1 669
35359 1 634
35360 3 852
35372 1 1115
35389 1 1068
35391 2 624
35393 1 970
35398 4 4556
35399 8 6478
35427 3 12574
35428 3 12657
35436 2 923
35460 1 662
35465 3 337
35469 1 1178
35472 1 1008
35520 1 1193
35524 3 2484
35548 1 1681
35559 1 2826
35562 1 738
35647 1 522
35660 1 1256
35679 1 1197
35720 1 4608
35721 2 515
35743 3 4461
35764 1 1421
35768 2 1871
35770 1 1317
35794 1 510
35818 6 2401
35831 2 3206
35835 3 1430
35837 1 2391
35840 2 5256
35853 1 722
35857 1 1888
35861 1 10960
35888 1 1614
35928 3 967
35930 1 908
35946 1 3409
35956 1 618
35959 1 1220
35960 1 1879
35989 2 5185
36023 3 5721
36028 1 1853
36033 11 3256
36042 3 6053
36046 2 967
36069 1 2227
36083 15 1627
36091 1 2113
36109 4 12698
36147 1 528
36153 1 414
36178 1 4277
36290 1 1878
36336 2 5447
36361 1 2132
36387 1 3582
36389 1 6107
36390 1 6107
36391 3 7515
36392 3 6574
36393 3 6574
36394 1 5251
36395 1 5251
36396 1 5251
36397 5 8678
36398 5 8678
36402 1 2671
36403 5 2989
36404 5 2989
36405 5 2989
36406 1 1238
36407 1 1238
36432 2 744
36457 1 980
36458 1 622
36494 6 1299
36552 1 1625
36570 3 692
36590 2 5680
36597 1 669
36598 2 864
36602 1 1021
36612 1 2808
36615 1 786
36670 1 752
36675 2 6019
36679 1 407
36684 1 1952
36694 1 419
36722 1 419
36729 1 1013
36731 1 885
36732 2 18263
36745 6 3421
36757 1 2134
36775 3 4563
36803 1 387
36828 1 1444
36831 1 2027
36834 1 1612
36848 1 328
36852 1 2431
36869 1 1242
36882 6 6259
36886 1 1100
36898 1 793
36909 1 832
36911 2 643
36958 1 285
36993 2 753
37000 47 1244
37001 1 909
37005 1 1134
37035 1 1914
37046 1 995
37049 1 872
37086 1 615
37130 1 2162
37135 1 956
37172 3 2396
37174 1 1808
37177 2 10680
37182 2 13117
37205 1 2953
37235 1 1413
37278 1 2964
37281 1 339
37284 1 2087
37285 1 2205
37310 2 7113
37328 1 338
37329 2 431
37354 1 334
37358 2 995
37374 1 929
37395 9 1119
37397 2 934
37403 2 1421
37409 2 2886
37417 1 899
37418 1 1786
37423 8 13622
37424 2 1300
37425 1 4184
37428 1 810
37436 1 9722
37442 1 505
37445 1 1889
37454 2 8351
37474 2 732
37488 1 354
37501 1 4449
37502 3 1948
37550 1 1723
37552 1 700
37566 1 1800
37567 3 2983
37582 1 386
37595 1 1332
37596 1 1780
37614 1 4640
37616 12 8646
37625 4 2363
37656 1 1075
37686 1 2096
37700 1 170
37712 1 8990
37721 2 1814
37737 1 1881
37739 1 3012
37747 1 4991
37885 1 814
37895 1 1340
37902 2 421
37922 1 784
37932 5 17484
37963 1 234
37973 1 1206
37984 1 1580
38001 1 978
38007 1 1299
38030 1 894
38045 1 1369
38053 1 699
38066 2 948
38119 1 1233
38127 9 361
38133 1 490
38147 1 241
38151 10 2229
38153 1 1194
38157 1 3920
38171 1 1510
38189 1 3745
38199 2 2577
38200 1 3117
38201 1 1043
38210 1 1326
38228 1 392
38231 1 1012
38234 1 914
38240 1 1492
38267 1 892
38271 1 177
38286 1 546
38292 1 557
38323 1 425
38339 2 1676
38343 2 986
38344 3 1209
38351 1 2567
38393 1 987
38405 3 2475
38407 1 1761
38413 1 6145
38421 1 792
38440 1 603
38441 1 3038
38445 1 2338
38457 4 1223
38464 1 575
38482 2 1834
38483 2 1201
38504 2 718
38506 1 725
38523 1 597
38530 1 1502
38542 1 2357
38577 1 795
38586 1 3019
38602 1 826
38605 2 1076
38608 1 4302
38611 1 5792
38620 1 1203
38631 2 1317
38650 1 337
38656 2 1164
38660 2 1365
38663 3 3825
38668 1 449
38679 1 4243
38694 1 1649
38713 1 1687
38725 2 2848
38741 1 543
38770 3 933
38771 4 353
38781 1 2162
38793 2 1377
38804 2 1858
38812 1 2023
38819 1 1509
38830 2 612
38840 1 2481
38855 2 5137
38866 1 1238
38887 3 1530
38910 4 7766
38916 3 6621
38946 1 1288
38964 1 973
38965 2 369
38976 1 3085
38988 2 1155
38997 1 492
38999 1 4065
39001 2 4864
39002 1 1086
39012 2 1147
39015 3 2466
39016 1 1041
39033 1 423
39038 1 1980
39053 2 1408
39056 1 564
39065 1 606
39068 2 6017
39078 2 336
39084 1 4248
39085 2 4795
39087 1 392
39120 2 642
39126 1 1601
39128 1 1085
39145 1 275
39148 1 4610
39149 1 2101
39164 1 2936
39165 1 1217
39175 1 3064
39184 1 1671
39195 2 2112
39196 1 1333
39243 1 1097
39259 12 3420
39273 1 1081
39277 1 2053
39278 3 5705
39279 2 5440
39280 2 2767
39294 1 1948
39298 2 1479
39300 3 845
39311 3 2070
39317 1 402
39329 12 32477
39341 2 9083
39445 1 548
39448 3 3136
39452 2 543
39457 1 1408
39458 1 1860
39472 1 1541
39475 1 1192
39488 1 1377
39510 1 1784
39524 1 2137
39526 1 861
39527 1 520
39553 1 1762
39585 2 1891
39618 1 1328
39643 3 660
39669 3 571
39687 2 517
39693 1 994
39699 10 3266
39718 1 892
39721 1 921
39732 1 142
39790 1 720
39797 1 2288
39806 2 1057
39887 1 2182
39911 4 987
39912 1 471
39916 1 1355
39926 1 1489
39969 5 1086
39978 6 30166
39993 1 6188
40032 1 568
40034 1 811
40037 3 3833
40044 1 1776
40052 1 2623
40053 1 3632
40059 2 938
40065 6 3427
40085 6 813
40138 1 1151
40140 2 1076
40161 1 941
40163 3 1175
40164 1 886
40190 1 953
40198 2 5290
40200 1 2237
40243 1 841
40253 2 3705
40254 1 2478
40255 2 3713
40256 1 1952
40257 2 3718
40271 1 184
40287 2 10480
40293 1 446
40297 3 915
40320 3 7910
40346 6 1147
40348 1 855
40375 1 2147
40386 1 927
40387 1 803
40389 2 1995
40392 1 1557
40400 6 2099
40414 1 3454
40496 1 3146
40502 1 2207
40506 1 1973
40538 3 14088
40546 1 1354
40550 3 3684
40595 1 1611
40596 1 337
40599 1 1239
40600 1 555
40602 1 744
40625 1 980
40630 2 5684
40634 1 766
40644 6 2413
40648 12 7183
40654 1 2946
40659 1 2127
40666 6 1754
40690 2 1709
40695 2 8337
40696 3 6423
40697 9 2727
40722 9 1210
40723 1 367
40738 1 1070
40739 3 5778
40747 1 5237
40750 2 961
40755 1 1578
40763 4 3495
40772 11 2487
40807 2 1229
40817 2 2302
40819 2 10440
40820 3 4100
40826 3 1717
40841 2 2352
40882 1 34
40897 1 2888
40898 1 2825
40909 2 618
40920 1 324
40925 1 2385
40942 1 1831
40944 1 5673
40959 4 5445
40993 2 3833
40999 2 977
41005 1 1363
41016 1 308
41022 1 2587
41032 3 2291
41033 1 2191
41047 2 1994
41055 1 485
41066 1 721
41070 1 1462
41077 1 1806
41086 1 1327
41088 1 1045
41098 1 1211
41100 2 1368
41103 1 2097
41111 1 2649
41120 1 680
41128 1 2539
41131 1 4182
41136 1 1043
41168 1 251
41178 1 684
41182 1 2196
41187 5 1739
41190 1 235
41219 5 1078
41241 1 643
41253 1 654
41426 28 4541
41427 2 4567
41431 2 1782
41434 1 1152
41524 1 2455
41533 1 244
41537 1 1041
41620 2 603
41671 1 623
41673 1 530
41678 2 1464
41700 2 1452
41730 1 1912
41746 3 940
41754 1 1650
41773 1 779
41778 1 1214
41785 1 1619
41790 1 1242
41812 1 375
41823 1 1274
41834 1 1285
41837 2 1734
41839 1 1382
41842 3 1367
41851 7 1458
41853 1 4530
41854 1 492
41888 1 1197
41905 1 1777
41991 2 2217
42001 1 1519
42020 2 2292
42023 1 1026
42031 1 1805
42034 2 580
42035 1 3392
42048 1 1192
42058 2 1781
42079 2 462
42082 1 987
42085 1 6194
42107 6 1958
42116 1 1185
42118 2 2292
42148 2 3966
42149 5 9906
42172 1 2686
42183 1 1446
42188 1 1510
42236 1 1927
42238 1 1943
42247 1 799
42260 1 1936
42261 1 6604
42262 1 732
42281 1 864
42283 1 2025
42290 1 3287
42296 4 285
42297 2 1946
42318 1 143
42356 9 4608
42357 1 1544
42362 1 10503
42385 1 1348
42415 1 893
42424 2 6309
42427 1 579
42430 2 727
42441 2 460
42490 1 1211
42502 1 786
42521 3 979
42525 1 1213
42527 5 585
42536 1 1190
42539 2 472
42541 1 901
42544 1 2256
42557 3 2920
42561 1 270
42569 1 3491
42585 1 2844
42597 1 1554
42679 1 6107
42680 1 6107
42681 1 2570
42767 2 8035
42768 2 4939
42769 1 8334
42777 3 1444
42816 1 1087
42820 1 2822
42823 3 2264
42824 2 1386
42830 1 1716
42835 1 2837
42837 3 2818
42859 2 685
42882 1 1324
42899 2 1614
42911 1 1221
42921 6 2767
42933 1 743
42949 2 2799
42957 1 640
42965 1 569
42966 1 1895
43006 1 834
43013 1 554
43014 1 496
43015 1 549
43020 1 2004
43024 1 805
43029 1 1012
43042 1 1175
43071 1 864
43121 1 284
43150 2 9162
43177 2 1094
43229 1 8025
43251 2 788
43307 1 1390
43318 2 577
43326 1 1789
43331 1 1364
43337 1 884
43350 1 2399
43433 1 562
43442 4 2510
43444 2 2757
43446 1 8554
43447 7 1494
43449 1 357
43455 1 753
43460 1 786
43476 1 2726
43477 4 22611
43486 1 687
43487 1 680
43492 1 1324
43535 2 1147
43536 1 1487
43555 1 256
43564 1 1228
43566 1 1261
43597 1 2088
43619 2 400
43620 1 1150
43632 1 1125
43639 1 744
43642 1 944
43643 3 384
43649 2 4774
43652 2 721
43679 1 494
43691 1 1413
43695 1 202
43724 4 3202
43725 2 702
43726 1 836
43774 1 766
43777 1 3197
43783 1 808
43785 3 2976
43788 1 2027
43798 2 5617
43800 1 839
43804 6 3750
43808 1 1297
43812 1 1091
43838 6 5071
43893 1 958
43898 1 2947
43921 2 9448
43953 1 1000
43962 1 891
43982 1 183
43983 1 202
43984 1 222
43985 1 221
43986 1 218
43987 1 213
43988 1 214
43989 1 217
43990 1 209
43991 1 210
43992 1 214
43995 1 1181
43999 2 5400
44011 1 1934
44014 1 2086
44028 1 1537
44050 1 4928
44063 1 772
44091 3 5768
44099 1 1566
44115 8 4306
44116 1 4462
44130 1 6601
44131 3 580
44160 2 1035
44176 1 884
44218 1 6003
44224 1 1007
44229 1 615
44230 1 612
44232 4 1116
44237 1 839
44265 1 736
44268 1 489
44272 1 375
44287 2 3176
44294 1 1110
44355 1 271
44361 1 390
44370 2 4236
44372 1 5509
44407 1 1204
44425 7 392
44428 2 1638
44447 1 1998
44460 1 709
44470 1 1049
44474 3 1141
44475 2 1091
44479 5 5563
44494 12 3303
44514 1 589
44518 1 597
44520 1 3794
44524 1 961
44534 1 1427
44546 1 664
44551 2 500
44553 3 2254
44570 2 734
44581 1 1194
44761 2 2510
44763 1 282
44780 3 3261
44786 1 951
44787 1 1714
44788 1 1806
44789 1 1330
44797 1 844
44812 1 1515
44825 3 967
44859 1 1784
44875 1 2970
44876 1 3240
44900 1 509
44925 1 3438
44927 1 2922
44943 2 1027
44954 1 8549
44955 2 7733
44956 2 7041
44957 1 10010
44969 1 1060
44981 2 1515
45078 1 635
45086 1 1001
45096 4 6217
45099 1 1823
45163 3 1509
45177 1 674
45189 2 6148
45227 1 590
45233 1 1236
45242 1 784
45246 1 2149
45250 1 871
45251 2 2817
45259 4 611
45262 1 6033
45264 1 1437
45266 1 754
45270 1 383
45271 1 463
45275 2 1123
45302 1 1230
45316 1 1121
45317 1 1095
45325 1 538
45327 1 517
45328 1 200
45336 1 1599
45337 1 1434
45341 1 834
45346 1 509
45369 1 1016
45404 2 1086
45465 2 1142
45467 1 569
45581 1 8025
45603 2 1336
45610 1 1452
45615 2 933
45618 1 244
45631 1 741
45676 2 11251
45688 1 578
45707 1 3610
45709 1 1143
45736 2 401
45802 1 662
45814 1 3034
45822 3 1426
45826 1 8235
45827 1 658
45855 1 765
45858 1 2087
45859 3 21421
45869 1 834
45870 1 639
45871 1 789
45872 1 779
45878 1 1656
45913 3 1708
45928 2 842
45929 3 920
45961 1 834
45962 1 935
45965 1 724
45972 1 1715
45978 2 2264
46030 1 415
46069 2 3643
46070 4 3987
46076 2 1687
46080 1 2003
46081 2 910
46089 6 844
46091 1 659
46105 1 945
46106 2 1123
46124 2 1204
46125 1 339
46134 1 596
46153 1 3988
46154 2 1899
46168 2 2539
46178 1 929
46209 4 842
46210 1 68
46298 1 3741
46304 1 2249
46306 1 4474
46309 4 1589
46318 2 2246
46319 1 2904
46329 1 851
46330 4 762
46369 1 5238
46373 2 1182
46378 1 6175
46388 7 81863
46403 1 28
46415 2 706
46420 7 1091
46426 3 3573
46431 2 746
46434 1 2480
46441 1 765
46453 1 1153
46469 1 702
46471 1 655
46490 1 2484
46505 1 6279
46511 3 3336
46515 1 757
46519 3 5448
46532 2 2752
46543 10 615
46544 1 2693
46545 1 1493
46551 4 8597
46559 1 619
46564 1 1709
46592 1 1676
46593 1 770
46601 2 967
46609 3 2149
46610 1 999
46615 1 3442
46633 1 1565
46634 5 2594
46647 1 1861
46649 1 836
46657 1 812
46668 1 2331
46670 8 1475
46680 1 800
46681 1 893
46694 1 3602
46744 2 1837
46749 3 6951
46771 1 1801
46774 1 2182
46783 1 2182
46801 1 577
46814 1 2350
46817 6 2737
46818 2 972
46824 1 1526
46891 2 5171
46920 1 1431
46939 2 2178
46943 1 1398
46952 1 2067
46954 1 5186
46955 3 863
46986 9 917
47006 1 1196
47012 1 1990
47032 6 387
47086 1 935
47102 2 725
47105 8 329
47151 5 5857
47190 1 1899
47206 1 1154
47214 1 966
47217 1 634
47219 1 665
47221 1 631
47235 2 890
47245 1 6757
47247 1 561
47253 2 965
47258 2 2107
47270 1 2703
47281 8 603
47307 1 900
47335 1 1356
47359 2 528
47374 1 1188
47386 1 1400
47396 3 573
47398 1 5716
47444 1 3470
47447 2 3095
47449 1 2847
47459 2 8496
47476 2 2645
47491 3 2517
47505 1 1587
47511 1 2170
47512 2 1268
47522 1 1342
47536 1 2114
47541 3 266
47559 2 11224
47561 1 3141
47562 1 1450
47572 2 551
47659 1 3727
47678 1 908
47694 1 989
47707 1 1032
47745 6 773
47754 1 2467
47778 2 1408
47790 1 1897
47800 1 10768
47840 2 1481
47889 1 1064
47898 1 1891
47910 1 1921
47932 3 658
47933 3 660
47979 9 4184
47980 4 1153
47999 1 628
48020 1 1218
48031 1 4280
48032 1 521
48036 1 237
48039 1 807
48045 2 11481
48062 5 712
48069 1 3129
48076 1 773
48078 7 11919
48083 2 876
48085 4 2386
48114 1 991
48116 2 1532
48125 1 1715
48133 2 2192
48135 1 1627
48146 3 954
48150 1 1299
48179 1 1000
48180 9 25164
48181 1 1551
48194 7 1229
48197 1 8238
48198 1 160
48205 3 3456
48206 1 1787
48209 4 2047
48212 1 840
48217 4 6375
48220 1 1146
48222 1 3062
48223 2 2573
48234 1 7467
48256 6 1990
48268 1 5058
48269 1 11120
48270 1 2441
48285 1 1127
48299 1 3767
48314 1 1603
48315 1 2681
48320 2 720
48361 1 729
48365 1 1031
48367 2 1869
48379 1 6270
48388 1 1006
48413 6 3524
48414 5 3926
48415 1 950
48418 1 1894
48444 1 1142
48452 1 943
48454 1 2048
48472 4 910
48478 1 1058
48518 1 642
48527 1 789
48543 5 1485
48545 7 3140
48548 1 289
48559 1 667
48566 3 3055
48569 1 351
48582 2 708
48615 1 1003
48618 1 1867
48621 1 525
48622 3 687
48627 1 497
48628 3 1740
48639 1 2034
48647 2 1159
48674 1 1144
48679 1 2017
48680 1 695
48689 1 4283
48702 1 680
48703 1 2166
48706 2 1434
48732 9 455
48735 13 645
48741 2 1388
48745 1 1192
48772 1 2396
48778 1 1664
48782 1 1152
48832 1 556
48859 1 1008
48887 1 892
48894 1 792
48895 1 237
48902 1 4234
48904 1 1475
48912 1 2452
48916 1 2862
48917 1 6627
48919 2 5467
48924 3 3784
48936 1 1159
48944 1 507
48945 1 294
48948 1 1194
48955 1 2415
48989 1 1067
48993 1 1384
49000 1 3581
49004 1 904
49017 2 1408
49018 2 2181
49029 1 3596
49030 4 1393
49034 1 2025
49037 1 3222
49046 2 475
49074 1 2567
49079 1 1864
49080 1 523
49100 21 2086
49130 2 2701
49133 1 844
49148 1 1740
49149 1 3141
49150 1 4092
49151 1 1897
49156 2 1148
49160 1 734
49163 1 1009
49166 1 540
49168 1 444
49173 9 10707
49174 13 9273
49175 17 9938
49176 16 11069
49182 3 1444
49185 1 1503
49219 2 1069
49227 1 917
49228 1 2111
49235 1 2114
49242 1 1558
49272 1 951
49276 1 5599
49282 2 4687
49292 1 1045
49298 1 880
49301 1 835
49323 1 5236
49340 1 2095
49348 1 2857
49352 1 2586
49354 7 2334
49366 4 5125
49367 3 2106
49375 1 11530
49381 2 2611
49388 1 721
49429 1 710
49440 1 988
49442 2 1338
49455 1 2601
49459 2 3328
49470 1 664
49483 2 4047
49498 2 1116
49508 1 1329
49516 4 1481
49522 3 6160
49524 1 866
49529 1 2335
49531 1 692
49540 1 892
49549 1 1332
49562 1 451
49573 4 866
49597 1 784
49604 2 4772
49619 1 575
49680 2 5727
49683 1 761
49684 1 361
49714 2 1703
49752 7 1670
49758 1 384
49776 1 9407
49787 2 1014
49789 1 1016
49790 1 782
49791 1 762
49792 2 932
49806 1 1527
49831 1 997
49832 2 2018
49834 1 904
49840 1 1150
49841 2 352
49842 1 2475
49844 11 6972
49845 1 1113
49847 1 1395
49852 1 820
49883 1 2198
49931 1 2794
49960 1 2195
49972 1 602
49980 1 684
49994 1 1551
49999 2 826
50000 1 1686
50003 1 1075
50012 3 3608
50016 1 11583
50018 1 140
50030 1 2358
50043 1 1102
50121 1 2247
50123 2 1225
50142 4 2652
50143 12 8454
50144 2 5084
50177 1 1060
50181 3 614
50184 3 515
50186 1 5705
50205 2 7146
50214 1 1560
50220 1 1015
50244 1 536
50247 1 1590
50289 1 1659
50293 1 2189
50298 1 1458
50325 3 1374
50351 1 1270
50363 1 1043
50370 1 2048
50389 1 685
50438 1 1670
50439 7 3976
50447 2 1637
50448 2 1330
50452 1 1778
50453 1 1051
50456 2 1372
50464 1 2946
50472 2 597
50474 2 452
50485 1 3231
50486 1 1889
50503 1 2290
50504 1 2431
50518 1 812
50529 2 4267
50531 1 274
50540 1 2734
50574 1 572
50584 2 781
50587 1 1902
50599 1 5431
50616 1 843
50624 1 512
50625 2 656
50639 1 2175
50643 1 1973
50670 7 1366
50719 1 2143
50721 4 1456
50722 1 3030
50729 2 670
50733 1 1460
50734 1 2167
50735 8 2198
50758 1 448
50765 1 589
50779 1 1410
50780 1 1361
50781 1 1384
50782 1 1453
50783 2 2276
50784 2 2392
50789 2 504
50807 1 443
50813 1 1092
50851 1 780
50852 1 3288
50853 2 3547
50855 1 3129
50869 1 1761
50871 2 1144
50878 1 923
50889 2 5625
50918 1 2316
50966 1 8029
50968 1 154
50983 4 16660
50995 1 1053
51012 1 1432
51031 2 1136
51042 5 1865
51043 2 1273
51048 2 703
51082 1 1356
51091 3 1943
51101 1 2052
51108 1 930
51141 1 1862
51144 4 341
51146 1 2691
51149 1 3086
51156 1 192
51175 5 1150
51189 1 97
51204 1 1086
51227 1 1328
51229 1 1464
51232 1 1471
51234 1 1409
51236 2 1936
51295 1 5729
51304 1 953
51323 1 1148
51338 1 759
51344 1 2554
51355 3 860
51386 1 2055
51402 1 383
51403 4 487
51425 1 1083
51439 1 574
51459 1 1193
51460 1 1604
51523 1 1944
51536 1 624
51544 1 1056
51564 4 987
51603 2 2317
51604 1 803
51638 4 3650
51642 1 471
51650 2 757
51652 1 500
51663 1 398
51712 2 2167
51764 3 2864
51768 1 1070
51774 2 1467
51799 1 1021
51816 2 4853
51827 2 2148
51839 1 9735
51848 2 1167
51858 1 3972
51861 1 961
51893 1 635
51894 1 3076
51895 6 2083
51899 2 12169
51954 1 1366
51972 1 1385
51975 1 1186
51978 17 8282
51992 1 1395
51993 3 12689
51994 1 9298
52030 2 1803
52046 1 871
52047 1 1194
52069 1 2292
52074 6 7011
52098 1 1384
52109 1 3805
52112 3 942
52146 3 10691
52167 2 2979
52180 7 1192
52222 1 1753
52223 1 1842
52228 1 3809
52232 1 729
52233 1 1302
52236 10 1423
52258 1 1184
52271 4 8131
52275 1 1430
52305 6 1093
52338 1 2169
52343 4 950
52375 1 1385
52382 1 1562
52384 8 3160
52396 1 4756
52402 2 1032
52406 8 4365
52422 3 969
52440 5 6680
52445 3 482
52448 1 1816
52470 3 896
52473 1 1195
52489 1 868
52490 1 1314
52493 1 2748
52500 1 3237
52502 2 6875
52513 1 1070
52545 1 2822
52557 2 5509
52561 2 52057
52565 1 885
52576 6 433
52577 6 391
52578 6 895
52579 7 1308
52582 2 2859
52598 1 115
52599 1 4808
52631 2 4596
52635 1 3805
52647 1 888
52649 1 832
52652 1 1339
52701 2 1487
52720 2 2878
52788 1 696
52801 1 1168
52804 3 4622
52811 1 856
52935 1 2001
52941 1 3400
52944 1 438
52988 11 24350
53012 1 504
53023 1 6088
53032 5 739
53047 1 1702
53091 2 1258
53099 2 3241
53101 1 1846
53112 1 342
53138 1 1947
53139 2 3527
53143 1 2969
53155 1 1070
53203 1 1666
53222 2 1412
53242 1 4792
53244 1 2636
53269 2 840
53307 3 1762
53335 1 2146
53337 2 3782
53351 1 584
53359 1 2051
53361 2 974
53367 3 1856
53386 2 3714
53398 4 1658
53401 1 827
53402 6 3120
53406 1 1067
53407 1 664
53409 1 986
53410 1 1196
53411 1 774
53430 8 48057
53442 1 8599
53450 1 842
53491 3 5993
53498 1 1581
53499 1 364
53505 1 947
53524 1 1461
53543 1 2493
53544 1 1037
53546 2 2364
53603 2 2774
53618 1 887
53625 1 452
53631 1 472
53633 2 948
53655 3 2405
53673 1 426
53680 1 837
53709 2 7571
53717 6 4413
53719 1 1519
53721 1 553
53722 1 622
53731 1 761
53735 1 915
53736 15 737
53753 1 667
53772 1 1100
53777 1 3202
53780 1 3112
53794 1 2430
53842 1 2291
53856 1 1385
53862 1 1177
53867 2 1992
53868 1 1390
53888 1 5712
53893 1 4170
53894 1 4154
53919 2 1312
53923 2 2605
53934 1 1246
53936 1 1821
54039 1 353
54093 2 4103
54094 1 3257
54106 1 1165
54108 2 992
54109 5 330
54112 3 491
54134 1 2948
54139 1 944
54140 4 1791
54144 1 2965
54166 1 416
54177 1 672
54206 2 1036
54208 3 1198
54218 1 612
54222 1 1066
54226 1 1236
54239 2 342
54279 3 1708
54288 1 993
54296 1 821
54312 1 1359
54322 1 1561
54327 3 1517
54375 10 5885
54391 1 1246
54398 1 409
54413 9 330
54441 1 4709
54448 5 1195
54478 2 147
54485 2 4555
54501 2 622
54505 1 363
54549 1 1029
54552 3 2960
54554 1 2063
54566 16 8702
54576 1 1577
54602 1 1759
54604 1 450
54608 1 531
54610 1 475
54613 2 3856
54614 1 3684
54619 4 10647
54626 3 1166
54645 1 908
54668 1 814
54669 1 799
54678 1 990
54918 1 1069
54942 1 567
54950 2 3726
54962 1 2551
54966 3 6126
54973 1 1697
54974 1 1777
54992 1 722
55047 1 527
55059 2 2098
55063 1 17333
55064 1 1985
55065 6 3081
55094 4 12123
55100 1 868
55119 1 566
55128 1 1409
55147 1 2912
55157 5 1348
55167 1 1518
55309 1 835
55319 3 745
55330 1 1014
55334 2 941
55354 2 171
55419 2 995
55433 7 1983
55437 1 880
55441 1 718
55473 2 1030
55479 2 1040
55496 11 5278
55497 3 4177
55498 4 5155
55501 3 2314
55517 2 1625
55540 2 577
55546 1 781
55597 1 472
55598 1 510
55599 1 579
55600 1 519
55601 1 517
55607 1 9422
55610 1 1063
55626 1 765
55640 1 501
55651 8 336
55669 1 315
55679 1 751
55720 1 646
55731 2 2515
55759 1 800
55904 2 1384
55909 2 728
55915 1 1378
56029 3 4442
56037 1 280
56046 1 800
56186 2 1104
56227 1 1370
56244 3 749
56248 2 766
56250 1 1483
56252 3 1993
56253 3 1993
56254 10 2455
56255 10 2455
56259 2 896
56260 2 896
56261 2 896
56279 1 917
56286 2 2036
56293 6 457
56295 2 1017
56419 1 1590
56420 1 1446
56428 3 1075
56429 2 1448
56433 1 1099
56456 1 954
56463 12 1156
56487 1 3333
56489 10 5171
56496 2 1274
56503 4 5900
56505 1 5118
56519 2 7799
56520 2 1275
56521 19 5019
56522 1 3726
56524 1 4137
56553 4 7598
56584 1 973
56590 6 2070
56596 1 271
56600 7 1942
56606 1 1356
56607 3 2013
56630 7 3641
56636 6 486
56637 1 746
56653 1 337
56663 1 353
56687 1 2943
56690 1 677
56694 2 381
56702 4 683
56720 1 1269
56732 3 1068
56739 1 1907
56746 2 1394
56783 1 780
56784 1 585
56785 3 706
56789 2 743
56801 1 5727
56802 4 8941
56816 2 1923
56831 1 844
56849 1 1501
56881 1 4650
56888 1 2750
56889 1 820
56895 4 3189
56899 2 4490
56915 1 4927
56936 3 962
56937 1 655
56938 1 699
56941 3 721
56943 1 499
56946 1 734
56949 1 492
56951 1 592
56952 1 621
56955 1 3738
56961 5 7535
56972 1 547
56973 1 1260
56975 1 1351
56995 1 1253
57020 1 635
57216 1 921
57220 1 1104
57226 3 11510
57231 1 3603
57238 2 2018
57286 1 2048
57287 1 1705
57288 1 2261
57315 3 966
57331 1 261
57342 1 574
57359 1 1917
57383 1 3091
57388 3 3103
57408 1 3005
57410 1 2492
57413 2 6376
57432 3 948
57434 1 1039
57441 4 2098
57448 1 1818
57450 1 3346
57457 2 2066
57465 2 1803
57466 2 1951
57471 1 1255
57474 1 747
57503 1 306
57507 1 3268
57510 1 2365
57511 2 2052
57518 1 3333
57530 2 2185
57535 1 1177
57538 1 632
57629 1 723
57642 3 1345
57651 2 6526
57652 1 1616
57659 2 917
57660 4 6533
57730 1 1998
57731 1 1088
57755 1 685
57764 1 892
57767 1 1708
57801 1 2633
57827 1 1465
57830 1 1053
57832 2 1094
57834 5 4576
57846 2 2065
57937 1 716
57938 1 261
57946 2 5545
57947 2 5535
57948 1 5712
57949 1 5712
57950 2 10362
57951 2 10312
57955 1 4158
57956 1 4158
57965 2 3015
57968 1 880
57972 7 1058
57974 1 1235
57989 4 3603
58129 1 650
58199 1 4784
58204 1 1235
58207 3 3272
58217 1 1075
58227 7 1972
58239 4 848
58244 1 850
58247 2 19391
58255 1 619
58275 1 355
58279 1 651
58299 2 249
58311 3 723
58314 2 717
58330 3 1851
58348 2 1317
58378 1 2575
58386 5 975
58467 1 4185
58469 1 130
58486 1 1104
58487 1 1326
58490 1 904
58498 1 607
58499 2 661
58501 1 916
58502 1 1134
58541 1 642
58542 2 510
58545 1 501
58675 1 2820
58697 1 1823
58711 1 1429
58740 1 536
58756 1 680
58778 1 2282
58786 3 1487
58824 1 846
58825 1 1206
58838 1 3151
58840 1 3131
58841 1 2975
58844 1 3246
58845 1 2901
58862 1 1318
58866 2 1688
58874 1 1816
58888 1 1058
58895 1 1062
58899 1 1039
58908 4 775
58918 1 828
58925 1 1726
58930 1 1881
58934 1 2758
58964 1 5289
58965 1 5140
58966 1 5767
59045 1 1137
59049 2 2182
59063 1 3059
59072 1 10092
59080 1 953
59171 1 1633
59186 1 819
59193 1 961
59210 1 1617
59211 1 3035
59213 2 439
59215 3 1368
59218 1 470
59222 1 699
59227 2 4022
59228 1 571
59257 1 510
59258 1 504
59270 1 742
59279 1 765
59311 1 857
59312 3 649
59313 2 398
59347 3 9699
59348 4 10477
59349 3 8147
59350 2 8331
59387 1 1937
59392 2 977
59395 1 1240
59397 1 3596
59408 4 1795
59418 6 9567
59420 1 1188
59453 6 5553
59454 1 2821
59466 1 4209
59473 2 4291
59474 2 3565
59475 3 5201
59478 2 1258
59497 1 1102
59507 1 1225
59515 1 2280
59516 1 1925
59528 1 1202
59570 1 1256
59574 4 1852
59575 1 864
59576 1 679
59577 1 949
59586 1 1152
59589 1 1085
59590 1 1196
59597 10 1676
59612 1 826
59627 2 4734
59630 2 5288
59655 1 1717
59662 1 14951
59670 1 1595
59672 2 3130
59673 1 1162
59678 1 1480
59679 2 2650
59693 1 846
59695 1 2300
59700 1 581
59709 5 3880
59720 1 918
59722 4 847
59738 1 61
59760 2 5506
59777 4 6060
59804 1 492
59827 1 1670
59828 1 882
59837 1 1240
59845 1 835
59862 1 1402
59876 1 657
59879 1 1719
59898 1 4986
59900 7 3360
59909 3 3894
59922 1 3476
59923 1 1326
59935 1 341
59956 5 436
59981 1 1693
59982 7 4938
59983 7 2990
59984 7 2885
59985 7 4522
59986 11 4731
59987 10 5303
59988 8 5229
59994 1 1825
59996 3 1482
60008 2 762
60012 2 394
60019 1 5237
60021 2 2368
60030 6 10533
60040 1 5727
60063 2 3984
60064 1 3872
60065 2 3606
60066 9 4785
60068 1 2246
60080 1 1464
60081 1 1163
60103 1 1494
60107 1 667
60114 1 998
60115 3 586
60116 1 1842
60133 3 1287
60134 4 1270
60173 1 2847
60176 1 1953
60199 5 3044
60214 1 2899
60215 1 2296
60216 1 1578
60224 7 8194
60235 1 821
60246 1 430
60273 1 600
60291 1 1433
60296 1 783
60351 1 2113
60370 1 1845
60371 2 3906
60372 2 1505
60382 2 1238
60406 2 873
60425 1 929
60429 1 5933
60451 3 2513
60461 1 374
60466 1 1155
60485 1 2859
60486 2 1521
60499 1 329
60505 2 2933
60506 2 4289
60509 2 4010
60526 1 773
60529 1 1952
60530 1 382
60539 1 415
60557 1 1915
60573 7 607
60595 1 3346
60597 1 571
60599 1 3625
60600 1 734
60606 1 246
60661 1 4572
60662 1 6202
60685 1 756
60693 4 7521
60696 1 834
60697 1 1552
60737 1 3128
60740 1 3274
60744 1 2509
60750 1 12275
60757 2 988
60759 1 4854
60760 3 1737
60798 1 330
60822 1 5864
60827 1 2424
60828 2 3367
60829 1 3490
60843 2 871
60848 1 1052
60910 16 2877
60936 1 5117
60956 1 2287
60963 1 3508
60964 1 3850
60971 1 225
60982 13 1133
60995 1 1034
61006 1 1253
61016 1 1771
61020 1 13801
61034 1 1069
61059 2 4559
61073 25 8875
61092 1 1272
61117 2 2465
61129 1 689
61130 2 2655
61153 2 863
61159 2 572
61161 1 133
61166 2 3006
61168 1 657
61186 13 14302
61187 4 15707
61188 17 29700
61207 2 924
61230 1 566
61234 2 1412
61241 1 1632
61256 1 2242
61263 1 1798
61269 1 8764
61286 1 851
61287 1 2272
61293 4 1113
61307 1 814
61315 1 1199
61326 1 2485
61352 2 18809
61381 1 1011
61414 2 893
61442 7 2563
61468 4 2302
61469 1 1972
61502 1 1871
61523 2 3940
61556 1 3140
61559 2 708
61560 2 1336
61567 1 542
61568 1 720
61569 1 1055
61570 1 1105
61571 1 684
61617 3 2377
61621 1 810
61622 1 1514
61623 1 1505
61628 2 7244
61629 1 1176
61630 1 1422
61635 1 2149
61651 2 3956
61659 3 6067
61664 1 3204
61668 2 11710
61669 2 5944
61675 1 662
61679 2 291
61690 1 2512
61694 3 3121
61696 1 1162
61714 1 562
61715 2 626
61725 2 617
61736 1 3608
61740 1 647
61756 5 553
61767 2 436
61777 1 1421
61799 1 1049
61833 2 7073
61838 2 1648
61845 1 3591
61862 1 5528
61877 1 2841
61878 1 2819
61879 1 2166
61881 1 2444
61890 1 2025
61895 1 1396
61917 1 5083
61919 1 785
61938 4 6544
61944 3 875
61978 1 561
61988 1 1244
61994 1 535
62003 2 2012
62004 1 2886
62027 1 722
62033 2 1470
62042 1 403
62044 1 751
62050 1 841
62058 1 842
62087 4 4114
62109 1 4903
62111 3 6309
62116 1 949
62117 1 1347
62121 1 1683
62140 3 945
62154 1 571
62167 1 142
62174 2 821
62176 1 3929
62177 4 572
62186 1 314
62187 6 9768
62190 1 838
62199 2 2963
62229 9 7173
62237 6 918
62242 2 2867
62261 1 594
62269 1 778
62291 1 1311
62292 1 1351
62299 2 7136
62311 2 2373
62319 1 2313
62321 1 1110
62340 1 4587
62358 2 1453
62404 4 5459
62432 3 5539
62440 1 303
62445 1 1858
62446 1 498
62447 1 738
62460 1 779
62461 2 624
62462 24 825
62463 1 1381
62464 18 719
62465 2 904
62466 2 2353
62468 4 2405
62596 1 2402
62621 1 795
62633 2 457
62634 1 479
62642 4 7441
62644 1 281
62655 1 2002
62665 1 763
62693 1 5347
62694 1 2218
62707 1 507
62717 1 860
62720 1 1714
62723 1 3363
62724 1 3090
62727 1 3232
62728 1 3125
62730 1 2960
62753 1 484
62758 1 2293
62766 1 8596
62767 1 14162
62778 1 1898
62782 3 1115
62788 6 2229
62789 1 3394
62824 1 4199
62844 2 1986
62848 1 1515
62853 1 4078
62855 2 2001
62856 5 586
62865 1 860
62866 1 1794
62868 1 1757
62871 2 1931
62911 8 649
62912 2 6714
62917 2 1002
62925 1 612
62929 6 5384
62934 1 979
62937 1 1048
62938 1 1036
62939 1 1044
62983 1 789
62992 1 5430
63060 1 1082
63077 1 5251
63083 2 1965
63095 4 433
63096 3 1260
63137 2 3259
63138 2 4006
63155 1 1358
63176 2 446
63182 1 1489
63183 1 1780
63184 6 2633
63213 1 1090
63243 1 750
63252 1 483
63266 1 3285
63296 4 538
63299 1 621
63311 2 1028
63367 1 906
63369 1 681
63372 3 1597
63374 3 910
63400 1 304
63427 1 4477
63462 1 3556
63475 1 1619
63494 2 235
63520 1 1303
63522 1 291
63555 1 7057
63564 5 3674
63565 1 3099
63566 3 2589
63567 1 2685
63572 1 3748
63591 2 1197
63602 1 1204
63639 1 496
63640 1 481
63648 1 7209
63654 1 1086
63686 1 3010
63701 1 2880
63703 1 2027
63706 1 1710
63728 2 1379
63740 1 1761
63752 2 1290
63777 2 2978
63778 1 2846
63792 1 1726
63827 1 1179
63829 1 956
63837 2 6313
63844 1 600
63856 2 1512
63874 1 387
63880 1 1289
63897 5 1319
63910 1 237
63916 1 1072
63924 1 1454
63928 1 755
63947 3 1160
63966 1 1281
63975 1 725
63984 1 1161
64052 1 2458
64053 1 2458
64084 25 1486
64085 2 1615
64251 1 83
64271 4 4396
64296 1 1405
64310 1 2705
64319 1 4532
64326 1 1704
64335 1 785
64350 6 20899
64352 1 1020
64396 1 715
64407 1 1172
64410 3 1829
64412 2 2859
64436 1 338
64442 1 1034
64453 3 10145
64455 1 1106
64457 1 1102
64458 1 652
64517 1 871
64533 1 1977
64537 1 1417
64559 1 4363
64562 3 950
64597 1 751
64600 1 473
64604 1 540
64605 1 683
64606 1 583
64610 1 1012
64612 1 1382
64628 1 1855
64633 2 524
64654 1 980
64660 3 1433
64664 3 585
64665 2 300
64666 1 1098
64946 1 2282
64973 1 433
64989 1 973
64990 1 783
65037 1 234
65039 1 570
65040 7 1671
65062 3 1719
65077 2 2772
65082 1 2417
65086 1 1694
65091 2 2809
65093 1 2401
65094 1 2609
65111 25 1059
65113 1 1073
65129 10 15643
65130 10 3523
65260 1 754
65391 2 489
65420 2 1116
65421 2 3586
65423 1 720
65447 1 1309
65457 1 1115
65461 1 145
65476 1 800
65539 2 628
65544 1 259
65546 3 1217
65576 3 4667
65596 1 1788
65610 1 524
65624 13 629
65626 1 603
65629 1 470
65630 1 385
65636 1 608
65641 1 717
65645 1 1634
65660 1 1148
65671 2 1356
65684 1 17249
65691 1 716
65696 1 759
65708 1 335
65709 1 369
65724 1 1237
65778 1 3404
65790 2 5117
65793 1 494
65796 2 347
65798 3 1604
65799 1 4143
65872 1 5814
65875 2 241
65880 1 1390
65884 4 2980
65886 1 3075
65899 1 3335
65905 1 1164
65907 2 1300
65945 1 2536
65946 1 1248
65956 1 3157
65971 2 1398
65973 1 1049
65978 1 3467
65979 1 4694
65982 2 678
66008 1 1142
66063 1 860
66064 1 887
66086 4 2643
66117 1 1826
66127 1 1717
66134 1 197
66145 1 884
66179 1 595
66209 1 404
66235 2 743
66253 3 2409
66254 1 850
66268 2 1257
66278 2 2126
66281 2 1481
66282 2 1537
66310 1 8271
66330 1 642
66376 4 1935
66379 2 2917
66403 2 759
66411 7 1865
66415 1 6038
66420 1 1958
66422 1 771
66427 1 807
66431 1 2939
66459 2 359
66471 4 3798
66473 1 2015
66479 1 1154
66482 1 2199
66515 13 6274
66521 1 949
66535 1 761
66538 1 2914
66542 1 1829
66557 1 415
66565 1 1348
66586 1 2141
66587 3 4790
66588 2 281
66594 1 491
66601 8 1937
66634 1 522
66648 1 1645
66651 1 700
66661 1 988
66666 1 979
66672 3 1215
66688 1 417
66699 2 1497
66720 1 1705
66722 3 276701
66728 1 700
66742 1 3877
66744 1 4068
66748 1 1830
66751 8 11896
66769 35 1150
66788 5 910
66789 1 1034
66794 1 1303
66808 1 528
66819 1 6321
66827 2 342
66868 1 2032
66885 1 829
66942 1 203
66947 2 18231
66963 1 1157
66972 5 3916
66983 1 2173
66988 1 771
66992 5 1910
66993 1 1773
66994 2 2517
66999 1 1267
67001 1 1320
67002 1 6563
67027 7 2379
67031 4 5324
67034 2 2166
67045 1 805
67050 1 1452
67061 1 581
67068 1 1097
67069 8 531
67071 1 692
67074 1 9837
67084 1 1137
67085 2 901
67087 1 797
67088 1 1089
67095 1 2223
67096 1 890
67099 2 989
67121 4 525
67122 2 321
67144 1 987
67189 1 1207
67194 2 1602
67195 1 6824
67196 2 2129
67198 1 347
67213 2 2231
67214 2 767
67223 1 1469
67226 2 1126
67230 1 769
67260 1 910
67265 1 2055
67274 1 746
67277 1 831
67296 1 384
67302 1 876
67318 3 1620
67322 2 2602
67325 1 2060
67326 1 2402
67338 1 1942
67340 4 2960
67345 1 1856
67352 1 2080
67393 1 6324
67409 4 5448
67410 3 7180
67415 6 10077
67416 2 2877
67427 6 2019
67443 1 1802
67450 1 1510
67454 1 5854
67455 2 168
67468 1 810
67487 1 1918
67518 1 2462
67544 6 880
67548 5 2750
67557 3 529
67558 1 1425
67565 1 1675
67572 1 745
67585 3 2443
67588 6 2174
67593 1 1623
67611 1 626
67614 3 1941
67619 2 2054
67627 2 2254
67632 1 1696
67645 1 1830
67657 2 1981
67672 1 2623
67681 4 1131
67699 1 1580
67702 2 1327
67704 2 989
67712 2 2699
67716 1 692
67722 1 1758
67727 1 3367
67735 1 1959
67736 1 1959
67746 1 731
67777 1 2113
67799 1 657
67801 1 1053
67810 1 1023
67833 6 1022
67849 1 571
67865 2 877
67869 1 1785
67871 1 1809
67887 6 5056
67891 2 810
67899 3 4652
67913 2 537
67916 1 1568
67924 1 1214
67931 2 1269
67933 2 3340
67935 2 1837
67963 1 2024
68002 1 3149
68015 3 6966
68030 1 857
68040 1 2912
68044 1 855
68045 1 860
68047 1 1652
68048 1 1048
68049 1 2229
68061 27 3322
68075 1 950
68076 1 792
68082 1 1865
68090 1 5122
68091 14 10665
68092 1 8126
68102 2 989
68114 4 2294
68118 1 3343
68119 2 6225
68120 1 7511
68132 1 2295
68138 1 1799
68150 1 452
68160 3 6120
68178 1 814
68213 1 642
68218 2 516
68224 1 201
68259 1 324
68261 1 1258
68285 2 286
68302 1 753
68303 1 942
68304 1 1362
68326 3 2529
68330 2 8380
68351 1 1158
68368 1 1969
68369 4 11195
68389 3 7515
68390 3 7515
68391 3 7515
68392 3 6574
68394 1 2458
68395 1 2458
68449 30 485
68656 1 1355
68680 6 9381
68697 2 1133
68702 1 1708
68713 1 3702
68718 1 440
68732 1 3543
68737 2 3173
68757 1 1151
68758 6 931
68765 3 6394
68766 3 5324
68773 1 755
68775 1 1181
68790 2 2859
68800 1 854
68803 1 1117
68805 1 604
68819 1 338
68844 1 591
68846 2 1502
68854 1 5781
68893 16 1871
68909 1 2457
68915 2 1241
68917 1 1219
68920 2 2788
68929 1 1431
68931 1 1400
68938 1 1260
68960 1 1724
68964 3 11197
68969 1 746
68981 1 358
68991 1 1084
69005 1 668
69011 1 448
69014 1 806
69054 1 406
69285 1 1380
69331 1 1693
69365 1 1243
69379 2 2152
69382 1 1332
69387 1 1411
69389 1 574
69428 2 1154
69430 1 2889
69432 2 3080
69433 1 2935
69446 3 1634
69456 1 1329
69462 1 998
69493 5 991
69498 19 1144
69509 6 5379
69530 3 3436
69536 3 1166
69547 2 5735
69690 1 2102
69701 1 1593
69707 3 668
69710 1 5755
69716 3 7169
69717 2 4915
69839 1 585
69869 1 1333
69892 2 434
69970 1 1405
69977 9 1287
69983 1 1014
70015 1 864
70038 1 385
70050 11 1597
70051 5 825
70054 1 1487
70057 1 601
70169 1 8025
70207 5 10208
70208 2 1316
70222 1 950
70231 1 2953
70244 9 443
70245 3 1230
70250 2 51
70286 2 806
70300 2 1009
70306 2 646
70328 1 1626
70332 1 593
70351 2 1891
70374 2 826
70381 1 591
70387 4 279
70391 1 194
70395 1 1507
70406 1 1912
70430 1 1501
70434 3 1090
70435 1 3103
70534 1 5509
70600 1 556
70622 1 24
70626 1 1315
70631 1 5041
70637 2 1177
70701 3 2606
70738 3 3457
70741 1 789
70749 2 6334
70830 1 995
70851 1 914
70870 1 2226
70881 1 1568
70954 1 6095
70963 1 725
70978 1 606
70987 1 1027
70993 3 5847
70999 2 553
71013 1 1564
71088 1 592
71090 1 610
71096 1 540
71102 1 1497
71106 7 732
71165 1 840
71178 3 1731
71245 1 982
71249 1 1532
71255 2 712
71257 1 2362
71272 1 1697
71273 1 1606
71278 1 546
71315 3 6723
71326 1 599
71345 1 1079
71352 1 1829
71363 1 1914
71384 3 2877
71385 3 2877
71386 3 2880
71392 1 1762
71393 1 1762
71394 1 1762
71432 2 2398
71505 6 1058
71525 1 1462
71549 1 2186
71550 1 1323
71567 1 4513
71582 2 1381
71592 1 1183
71622 1 2405
71625 1 608
71626 1 768
71627 1 663
71652 2 1418
71658 1 1236
71659 13 1216
71664 2 1342
71676 1 2168
71686 11 842
71687 1 446
71694 1 404
71706 1 5275
71708 11 551
71735 1 881
71736 1 674
71801 2 1924
71809 1 1200
71813 1 1515
71819 1 307
71827 2 6203
71828 1 1069
71831 1 845
71836 1 5188
71837 1 622
71840 1 1004
71895 3 3069
71896 1 3955
71897 1 2249
71905 1 1340
71906 3 1299
71911 1 5060
71921 2 465
71942 1 3216
71943 1 3979
71944 2 7115
71962 2 1178
71966 1 746
71972 1 722
71990 2 1101
71992 1 1328
71997 1 614
71999 1 874
72000 1 811
72001 1 1171
72002 1 1963
72007 1 1256
72010 2 550
72011 1 1094
72014 2 387
72015 1 804
72017 3 755
72028 2 1317
72041 1 1544
72048 1 5014
72065 1 9229
72066 3 7004
72067 2 9227
72081 1 3204
72088 3 2347
72094 3 714
72097 1 1365
72098 2 19912
72101 1 233
72106 1 1024
72143 2 575
72164 1 1004
72174 1 315
72177 1 1078
72201 1 5125
72203 1 387
72214 1 786
72247 1 1555
72252 1 682
72253 1 838
72254 1 564
72260 20 1541
72267 1 1016
72278 9 1211
72279 1 1454
72284 4 6759
72293 1 1975
72295 1 2968
72298 1 1959
72326 2 997
72357 1 916
72365 1 338
72367 1 485
72369 1 1408
72382 4 4049
72388 2 1980
72406 21 548
72407 27 589
72413 2 1983
72437 3 8964
72441 1 3167
72498 3 11873
72500 1 233
72575 2 929
72619 1 5216
72625 1 717
72647 1 1477
72650 9 6445
72651 1 250
72653 1 508
72677 2 1203
72700 1 459
72712 1 1839
72715 1 2456
72730 3 1020
72733 4 1843
72734 2 2436
72763 1 1138
72765 2 2690
72767 1 788
72774 1 1680
72793 1 4219
72803 1 813
72804 1 556
72825 1 4050
72834 5 2774
72839 1 2764
72858 2 1852
72878 2 4492
72879 4 7089
72880 5 1033
72883 1 1574
72889 1 1741
72897 5 3666
72899 1 20275
72913 2 1589
72920 2 5462
72930 1 2073
72935 1 2042
72948 1 1879
72959 1 2654
72973 1 3325
72975 2 2128
72983 1 1336
72999 6 3301
73008 3 5555
73016 1 1141
73021 1 838
73068 1 403
73069 1 2055
73079 2 997
73080 2 2339
73087 3 217
73088 1 4779
73093 1 4058
73094 1 1712
73115 2 2759
73116 1 545
73148 7 5628
73160 1 1243
73167 2 837
73176 1 231
73182 2 1485
73204 4 1273
73205 1 1376
73225 1 984
73261 1 423
73274 3 634
73283 1 1921
73330 1 2222
73341 1 516
73342 1 505
73351 1 812
73379 1 1014
73396 1 1365
73408 1 1378
73426 2 1568
73455 1 2168
73515 2 1422
73516 1 906
73534 1 748
73571 1 3969
73574 1 8025
73595 2 2131
73644 2 2945
73645 1 5683
73654 3 913
73675 1 1104
73738 2 1220
73762 1 2217
73799 1 6946
73870 1 1054
73872 1 144
73877 1 1442
73884 1 569
73925 1 722
73932 4 2612
73933 1 1375
73956 1 2798
73963 1 6843
73968 1 1524
73969 3 784
73979 2 544
73986 1 192
73988 1 2775
73994 1 2096
73995 2 1205
73997 3 10376
73998 1 2339
74018 10 1288
74042 1 3503
74048 2 938
74051 4 1259
74067 1 6352
74069 1 999
74074 1 859
74085 2 884
74089 1 693
74106 1 855
74119 1 11686
74121 1 2293
74129 2 1104
74132 1 665
74135 1 1169
74140 2 1711
74149 1 1131
74195 2 469
74200 2 676
74203 1 11999
74222 1 1233
74236 1 161
74239 1 178
74277 1 68
74278 1 1950
74285 1 286
74290 1 333
74296 1 3168
74341 2 360
74353 1 1284
74390 1 3030
74405 1 1483
74413 1 108
74415 1 2117
74428 2 1716
74436 1 5029
74439 2 1488
74446 2 1773
74450 1 1939
74467 2 900
74499 1 2239
74502 1 874
74517 1 1657
74551 1 2061
74552 1 1233
74563 1 923
74571 3 1350
74572 1 8808
74584 1 1755
74599 1 1187
74601 1 1123
74604 1 5954
74605 1 6001
74613 2 1209
74619 1 1414
74635 1 2160
74641 1 723
74654 7 1485
74703 1 769
74706 1 5592
74707 1 4337
74708 1 4408
74728 2 3896
74750 5 2927
74751 1 716
74753 5 378
74764 1 1349
74765 1 1246
74766 3 6523
74767 3 5811
74781 1 912
74792 1 1680
74795 1 2070
74798 2 2970
74812 4 4167
74813 1 5631
74822 2 5130
74825 1 704
74834 1 401
74844 1 1805
74845 2 382
74857 2 2102
74872 1 1224
74881 1 1243
74887 1 7880
74897 1 657
74902 1 774
74918 1 2041
74924 3 1448
74937 1 169
74940 1 569
74952 2 642
74964 19 1304
75090 1 927
75124 1 2419
75155 1 2282
75169 3 9895
75177 1 365
75199 3 1294
75200 1 1348
75202 1 3010
75205 1 3189
75222 1 819
75241 4 901
75296 1 451
75301 1 297
75308 1 1471
75328 2 3938
75331 3 3149
75398 2 2037
75415 1 1320
75416 3 927
75478 1 620
75487 3 1123
75492 1 931
75504 1 564
75529 1 8980
75534 1 9607
75547 1 972
75548 2 953
75549 1 1112
75588 2 1080
75589 1 381
75645 1 1914
75659 1 744
75673 2 919
75692 1 737
75696 1 594
75717 1 2502
75752 1 1220
75756 1 814
75758 1 1348
75762 1 1634
75765 4 1306
75819 2 1134
75832 1 866
75837 1 766
75841 2 795
75915 1 623
75917 3 1013
75920 1 4335
75922 5 3058
75960 5 2012
75962 1 1323
75965 2 1326
75979 4 282
76003 1 488
76009 1 885
76011 1 761
76018 1 1130
76030 1 1041
76046 1 1623
76059 1 805
76061 3 3128
76071 18 1094
76092 1 1400
76096 1 886
76097 1 1243
76104 1 2832
76105 9 6146
76106 12 4999
76120 1 1477
76126 4 1145
76140 4 1136
76155 3 798
76156 2 768
76160 5 6409
76165 2 1767
76217 1 3579
76218 1 422
76228 6 2247
76238 1 709
76246 2 6517
76247 5 4782
76266 1 1340
76304 1 5487
76322 1 1291
76326 1 2230
76354 1 3077
76357 1 2792
76359 1 742
76364 1 1174
76380 3 920
76386 1 1594
76405 1 5489
76409 1 2559
76427 1 908
76436 1 1234
76437 2 1295
76448 1 5583
76449 3 6086
76460 3 6070
76492 2 409
76496 1 545
76507 2 2568
76513 2 935
76519 1 3579
76570 1 1218
76577 1 2515
76592 1 1400
76594 1 1805
76618 1 1560
76632 1 2372
76640 1 1656
76656 1 4057
76676 3 6037
76677 3 5739
76690 2 2184
76696 1 888
76701 2 1582
76709 1 1545
76752 3 709
76753 1 3309
76762 4 7340
76765 1 1053
76769 2 2417
76784 4 654
76793 1 5567
76794 1 925
76843 1 576
76848 1 899
76873 1 376
76875 1 4263
76886 2 4302
76892 2 2271
76923 1 1539
76963 1 1460
76964 1 4663
76986 4 1145
76990 3 1902
76997 1 1154
77005 1 1472
77010 7 6732
77016 1 2119
77039 1 874
77042 1 1420
77053 1 995
77060 1 4150
77070 3 2357
77074 1 1362
77076 36 3304
77088 1 4377
77091 1 1850
77095 1 1057
77110 1 1799
77131 1 1057
77164 2 416
77172 1 1401
77181 1 1816
77183 1 951
77199 1 3580
77202 3 8001
77203 1 4646
77204 1 4647
77211 1 3451
77212 1 3474
77214 1 3477
77215 4 1900
77216 1 919
77227 3 2803
77229 5 1441
77231 1 2551
77244 1 1326
77258 2 1408
77262 1 1031
77269 1 1124
77364 2 1225
77385 2 587
77411 2 3629
77440 1 1548
77441 3 360
77447 1 655
77451 1 1266
77452 7 2364
77454 1 1448
77456 6 13066
77470 2 2244
77471 2 1687
77472 2 1959
77473 2 3580
77474 13 4717
77475 1 521
77528 1 320
77553 2 3529
77560 1 603
77565 1 570
77570 4 929
77599 1 875
77621 1 1859
77642 1 640
77643 1 644
77654 1 1454
77658 1 1463
77675 9 306
77676 2 846
77761 3 495
77807 1 5880
77819 2 3260
77824 1 4856
77826 1 1385
77832 1 421
77834 1 3498
77835 1 857
77873 2 1455
77875 1 3223
77876 1 3309
77893 2 2270
77909 2 663
77915 1 302
77918 1 948
77941 2 196
77948 1 3393
77949 1 2982
77950 1 1280
77961 1 8551
78030 1 745
78033 1 397
78062 2 3649
78077 2 662
78113 1 2136
78116 1 5040
78118 2 2357
78119 1 1030
78121 2 3206
78125 1 1056
