citru citru 384 65215343 
3 1 931
120 3 4128
556 1 3813
1085 1 5635
1516 2 2384
2339 1 1043
2501 1 1452
2771 1 3216
3202 1 6501
3302 2 4954
4098 1 304
5841 1 1235
5958 1 1664
6299 1 3048
8164 4 723
8685 1 1005
8913 1 12589
10073 2 1739
10723 1 514
10862 1 1361
11408 1 1192
11438 1 1275
11520 2 342
12123 1 485
12681 5 179
12814 7 46677
13013 1 953
13083 1 3119
13287 2 166
13924 2 865
13953 1 886
14303 1 1086
14346 2 1278
14630 1 557
14675 1 1701
15289 10 491
15941 1 779
16344 2 681
16446 3 2051
16489 2 4179
16491 1 6610
16958 2 5800
17573 1 1355
17714 1 730
17810 1 1705
18055 1 1082
18224 1 228
18317 2 2463
18343 1 327
18580 1 811
18945 1 6732
19053 1 1540
19054 1 1357
20006 3 2516
20947 2 1003
21163 1 842
21209 3 839
21644 1 11884
21740 4 358
21872 1 588
21922 1 2981
23042 1 974
23688 1 2643
24437 1 3970
24517 1 824
24553 1 426
25122 1 303
25136 1 620
25181 2 420
25306 1 1017
25546 1 3100
26688 1 4422
26714 1 1065
26746 1 568
26917 1 1554
26925 6 799
27494 1 223
27521 1 1461
27809 1 1060
28098 2 10589
28316 7 1269
28662 1 730
28773 3 2068
28806 2 4379
29030 3 954
29187 1 908
29715 1 4501
30077 1 3556
30113 1 537
31342 1 867
31631 4 2970
32174 2 830
33703 1 18894
34445 1 2643
35550 1 809
36254 1 2032
36617 1 627
36692 3 1033
37480 1 763
38566 3 325
38794 4 2594
39039 1 809
39405 1 565
39570 2 1301
39708 1 918
39867 2 210
40024 2 2366
40091 1 952
40377 2 908
40534 3 4269
41057 2 3871
42051 1 2366
43500 3 1001
43656 3 4176
43796 1 5679
44075 1 1304
44935 1 493
44957 1 10010
45458 2 414
45833 1 684
46109 1 1702
46175 1 1321
46744 1 1837
47780 1 5199
47790 2 1897
48248 1 789
48383 1 1983
48675 1 2669
48728 1 2201
48772 1 2396
49014 1 2884
49366 1 5125
49688 2 624
50209 1 1735
50367 1 1807
50900 1 1783
51092 1 3069
51290 1 6381
51291 1 1801
51292 1 1220
51993 1 12689
52285 1 976
52574 1 1013
53136 12 5288
53438 1 5686
53537 48 2107
54187 1 4739
54350 1 8318
55122 1 4413
56090 2 463
56129 2 433
57024 1 5130
58365 1 1275
59460 1 1795
59555 1 1177
59884 3 1934
60362 1 3186
60973 3 441
61527 4 2751
61569 2 1055
61736 1 3608
61739 1 601
62396 1 1733
62756 1 570
62879 1 151
62888 1 1082
63231 2 560
63412 1 2324
63434 2 1222
63507 1 1696
63634 3 5269
64962 1 919
65819 2 2102
65835 1 801
65999 1 7992
66482 1 2199
67717 2 781
67927 1 210
68777 1 1669
69891 1 520
70380 4 6991
70594 1 619
71691 2 1602
71710 2 476
72117 1 476
72306 2 2081
72307 3 3276
72396 1 2100
73947 2 495
74449 1 1802
74644 1 1841
74733 1 419
74739 1 348
75493 1 1348
75660 6 592
76162 2 3412
76577 1 2515
76670 7 2879
77128 1 1010
77575 1 424
77621 1 1859
