wheel wheel 4748 65215343 
72 1 431
96 1 56
227 1 2869
356 1 684
415 2 2105
461 2 5431
474 1 3627
610 1 945
621 1 921
684 5 429
748 1 1209
782 1 2324
783 2 2303
799 2 845
803 1 615
856 1 1130
864 3 1567
958 2 778
1085 2 5635
1099 1 2460
1100 1 633
1151 3 926
1176 3 992
1227 1 458
1312 1 1931
1313 1 1940
1328 6 162
1371 2 1930
1479 1 1207
1570 9 1617
1588 4 590
1602 1 1577
1618 1 966
1646 1 1170
1657 1 2153
1717 1 1231
1726 1 2436
1790 1 806
1802 2 10218
1815 1 370
1833 1 1154
1880 22 861
1917 1 580
1923 1 650
1983 1 5638
2021 1 2089
2050 1 2719
2086 2 3653
2105 2 1500
2115 1 373
2155 1 901
2203 1 663
2216 6 2877
2217 3 1762
2218 3 1529
2220 8 2126
2221 3 1483
2222 3 1483
2223 3 1483
2224 9 1658
2225 9 1659
2226 4 1993
2227 4 1993
2228 4 1993
2229 3 925
2230 3 1380
2245 4 580
2247 2 1040
2325 1 891
2343 1 1153
2385 1 601
2414 2 1645
2450 1 981
2461 1 420
2462 1 343
2506 1 561
2507 9 458
2509 1 772
2562 7 2880
2672 6 421
2697 1 1348
2761 1 588
2797 1 342
2971 1 848
2986 1 714
3003 1 3697
3029 37 1873
3100 10 2432
3107 1 3008
3128 1 1311
3223 3 775
3233 1 697
3237 1 548
3326 2 544
3344 1 1259
3350 1 735
3378 1 4137
3454 9 108
3573 3 593
3584 1 833
3589 1 1008
3668 2 8976
3677 1 646
3678 3 667
3754 1 835
3816 1 1172
3915 1 1515
3938 1 1794
4016 1 4260
4169 13 723
4257 2 736
4330 7 1163
4348 6 3712
4383 1 721
4396 1 1447
4401 1 729
4483 1 732
4524 1 2046
4527 1 3429
4542 3 199
4569 1 541
4582 2 1235
4587 1 2393
4626 6 2742
4651 16 385
4734 1 3115
4754 7 687
4770 1 750
4793 2 1498
4807 1 545
4855 3 1500
4861 1 2242
4865 3 2104
4905 39 7440
4906 20 8000
4907 20 8001
4908 20 8001
4909 23 4646
4910 23 4646
4911 23 4646
4912 32 7415
4913 3 1169
4914 3 567
4948 1 3561
4950 1 3067
5114 1 384
5147 3 529
5315 5 929
5458 2 1024
5499 1 44062
5528 2 2535
5579 1 794
5596 1 4949
5604 1 885
5666 2 420
5867 1 5884
5944 1 2113
5968 1 373
6011 1 3214
6070 1 1556
6087 1 1469
6153 1 1222
6158 1 490
6167 2 601
6302 1 2959
6305 1 2963
6347 1 1459
6357 1 1830
6358 5 2724
6360 3 6957
6542 2 808
6558 1 2607
6570 1 1107
6591 1 809
6592 1 697
6601 1 1223
6618 1 626
6646 1 1067
6649 4 1075
6654 2 1063
6661 1 680
6746 1 1117
6937 3 670
7028 2 1722
7079 1 4960
7121 1 3511
7123 1 1203
7275 1 1286
7578 1 5752
7587 1 632
7679 1 564
7715 2 2854
7747 16 1937
7748 16 1936
7749 16 1937
7750 16 1937
7751 3 579
7752 3 579
7753 3 579
7754 3 1350
7755 1 2141
7764 1 2460
7768 1 1818
7992 2 770
8028 1 291
8062 1 2690
8126 2 1194
8167 1 1117
8199 2 267
8204 4 4600
8207 1 744
8256 1 561
8278 2 2385
8284 1 3146
8285 11 3377
8297 2 12133
8405 1 941
8409 1 3217
8567 2 1533
8592 4 2003
8640 1 823
8702 1 2609
8744 10 788
8760 1 668
8984 1 612
9019 1 1294
9131 1 1076
9146 1 936
9204 1 3049
9317 1 2510
9398 1 1078
9402 1 1283
9443 1 708
9448 4 447
9522 1 357
9544 1 1343
9577 2 1476
9604 1 2143
9605 1 2284
9640 1 3873
9676 1 994
9717 1 950
9718 1 922
9719 1 811
9736 1 1415
9752 6 8096
9796 1 6203
9806 1 6009
9979 1 184
9981 1 1819
10026 5 407
10038 2 1127
10040 10 1184
10050 2 585
10087 1 1266
10097 3 1553
10153 1 599
10289 2 8941
10294 1 437
10299 1 545
10325 1 1466
10405 1 808
10452 2 979
10456 1 2992
10536 2 366
10569 1 1399
10598 1 501
10655 1 2947
10740 1 629
10742 1 478
10940 6 7910
11036 10 2826
11038 2 535
11042 1 624
11075 1 1309
11131 1 4066
11176 1 359
11363 1 8263
11467 1 3152
11480 1 1620
11516 8 883
11542 2 558
11672 1 739
11715 6 1067
11740 7 1909
11746 1 646
11985 1 2269
11993 2 1874
12099 1 329
12128 1 444
12156 2 13898
12171 1 5724
12206 1 885
12245 1 780
12266 1 187
12289 1 1759
12344 2 2265
12366 1 2385
12367 1 9446
12382 2 1023
12389 1 4357
12456 2 4543
12458 2 3716
12496 1 1055
12520 4 6343
12638 3 6177
12692 1 5477
12744 1 1046
12746 1 1213
12761 1 877
12767 4 838
12785 1 979
12814 1 46677
12823 1 466
12826 1 538
12918 5 2623
12950 1 2140
13046 1 1817
13130 2 1432
13210 1 1144
13242 1 2319
13266 1 1854
13329 1 751
13346 1 1043
13383 1 527
13411 1 2036
13575 2 2070
13597 1 1011
13699 1 1924
13705 2 864
13710 5 1819
13827 3 729
13832 5 1089
13919 10 1031
13982 2 3750
14000 1 859
14049 1 1439
14056 1 1205
14080 2 51830
14112 1 793
14136 4 1858
14211 1 1561
14222 1 338
14280 11 2667
14283 1 325
14425 6 746
14438 1 609
14462 3 710
14550 1 3417
14628 2 727
14641 1 897
14661 1 572
14683 1 601
14714 1 5738
14763 1 1468
14827 1 2870
14830 3 8170
14831 3 8171
14832 3 8172
14833 48 7321
14834 3 2296
14835 3 2296
14836 7 2455
14837 3 1016
14838 3 1016
14839 3 1014
14840 3 1378
14841 9 896
14872 3 950
15041 4 872
15061 1 904
15071 1 2697
15307 1 605
15471 1 924
15473 1 655
15531 1 635
15580 4 2165
15591 1 664
15617 1 2380
15889 4 1032
15957 1 8025
16027 1 907
16103 1 1875
16183 2 2917
16220 1 1648
16228 4 807
16257 3 6019
16281 1 3429
16368 1 4019
16390 4 801
16395 1 1895
16433 2 2178
16486 1 3020
16487 1 696
16491 2 6610
16540 6 2127
16596 1 175
16635 1 7678
16677 1 484
16722 1 5137
16813 1 4537
16873 3 1059
16897 1 1979
16925 1 1943
16942 2 12267
16997 1 2630
17013 1 9772
17058 1 1516
17172 1 429
17194 1 1502
17235 6 1114
17261 3 4916
17288 2 490
17384 1 2933
17505 2 5120
17509 1 1726
17510 2 13439
17578 1 816
17589 1 12110
17595 19 963
17599 2 4342
17632 1 1226
17651 1 3602
17661 10 5100
17675 1 833
17720 1 785
17797 1 1213
17876 1 1647
17889 2 749
17958 1 1236
18022 1 791
18043 1 3632
18082 1 1589
18109 1 495
18144 1 857
18145 1 554
18150 1 1485
18285 1 1990
18395 2 6885
18416 6 1500
18417 1 970
18514 1 993
18526 3 2537
18527 4 2923
18528 9 1827
18529 3 1805
18530 4 2029
18531 5 2147
18532 4 2296
18533 6 1991
18534 3 1729
18563 1 1099
18565 1 798
18568 3 1372
18619 1 1157
18644 5 2789
18645 1 1794
18664 3 2209
18665 8 960
18774 1 816
18852 4 640
18899 2 1411
18919 1 764
18972 1 818
18999 2 340
19186 1 6942
19375 1 4252
19504 1 6279
19559 1 6375
19561 1 5606
19562 1 7991
19788 2 1127
19836 11 719
19843 2 516
19910 1 1042
19912 2 1384
19933 1 1797
19981 3 1015
20002 1 2451
20005 1 2489
20022 1 985
20030 3 4962
20057 1 5239
20152 1 379
20174 1 305
20193 1 1368
20194 1 1431
20217 1 617
20231 1 740
20266 3 555
20307 1 914
20310 2 4111
20421 5 12627
20422 5 12210
20423 5 5021
20653 1 6960
20808 3 1960
20824 2 794
20833 1 5441
21118 1 1749
21225 1 4913
21289 2 3008
21310 1 1905
21339 1 4745
21345 1 2751
21403 1 1316
21406 1 304
21483 1 816
21625 2 688
21644 4 11884
21702 1 3125
21758 6 2344
21778 1 661
21838 2 674
21877 5 1400
21960 1 7778
21974 1 2768
21976 1 3253
21989 1 2096
21992 1 1844
21993 1 2572
21996 1 2579
22012 1 475
22119 1 770
22216 2 13756
22232 3 390
22464 2 1400
22602 1 1002
22889 1 992
22890 2 287
22922 3 2658
22923 5 2900
22924 5 3942
22950 1 1033
22951 4 851
22960 2 855
22972 1 628
23013 1 4500
23033 1 1939
23059 1 980
23077 3 755
23129 5 438
23213 1 950
23223 2 34
23371 2 1501
23373 4 1729
23401 1 2739
23413 1 1692
23419 2 1204
23424 2 604
23427 2 1196
23496 1 1509
23514 1 8145
23556 1 1763
23644 1 2056
23659 4 176
23671 1 7612
23696 1 4960
23698 1 1290
23733 2 2720
23736 4 2381
23749 1 570
23752 1 2089
23829 1 8025
23865 1 181
23902 3 471
24097 1 3411
24157 1 10311
24441 1 601
24453 1 987
24454 1 2201
24534 1 127
24540 2 4575
24588 1 1540
24749 1 4668
24793 1 1676
24795 23 709
24800 1 1161
24882 3 8171
24883 3 8171
24884 48 7321
24885 48 7349
24886 32 7415
24887 32 7415
24888 32 7415
24889 3 1170
24890 3 1170
24891 3 1170
24892 3 2296
24893 3 2290
24894 3 1016
24895 3 1016
25053 1 1722
25128 1 3351
25148 1 716
25243 1 3615
25405 1 730
25416 1 231
25425 1 642
25474 11 3568
25484 1 711
25508 1 1364
25519 2 420
25546 1 3100
25553 1 3595
25562 1 3195
25756 1 902
25761 1 198
25804 1 2275
25860 1 1015
25877 2 720
25949 2 672
25959 1 731
26054 1 1978
26150 2 666
26223 2 946
26257 2 3709
26259 2 3718
26260 2 3718
26261 2 3710
26262 2 3711
26388 1 3682
26534 2 3621
26701 1 827
26727 2 4405
26739 1 615
26778 2 1498
26788 1 537
26813 1 1462
26914 1 892
26932 2 688
26978 1 1136
26979 1 787
27124 2 583
27272 2 1722
27289 5 1901
27322 2 3721
27324 2 3721
27425 4 2871
27450 6 348
27564 4 454
27675 1 1003
27727 5 2086
27772 2 3134
27808 1 2245
27833 1 795
27849 3 567
27872 1 3102
27880 1 1171
27881 8 1142
27882 1 918
27950 1 59
28048 1 1522
28059 1 440
28098 8 10589
28101 9 883
28117 2 2403
28156 1 879
28193 1 2289
28257 1 3449
28261 1 11790
28416 1 1057
28446 1 9326
28767 1 348
28771 1 1129
28779 2 1212
28844 4 477
28871 1 2000
28935 2 317
29056 1 522
29068 1 308
29373 1 701
29385 1 3769
29496 1 2933
29519 4 8686
29572 3 2781
29599 7 1621
29632 2 2000
29637 1 2315
29783 1 180
29801 1 811
29833 4 835
29879 1 853
29880 4 1752
29920 4 851
29921 16 947
29924 7 964
29925 2 896
29929 1 815
29952 1 665
29964 1 253
30034 5 1737
30055 2 2125
30197 3 3083
30369 1 2927
30382 5 1172
30436 1 827
30467 2 175
30483 1 2924
30591 1 1307
30639 3 8117
30735 1 669
30756 1 905
30804 1 10416
30825 1 431
30853 1 908
30859 1 796
30887 1 10988
30888 29 2250
30894 2 375
30915 2 710
30973 1 7204
30984 1 373
31002 4 401
31045 1 24677
31052 1 3636
31090 2 1205
31094 2 7803
31110 7 1316
31137 2 4691
31227 1 927
31250 2 1677
31307 1 842
31560 1 2403
31651 1 843
31672 3 812
31687 1 1427
31742 2 411
31891 2 499
31949 1 6125
32039 16 3651
32042 1 828
32121 1 2253
32289 1 2992
32308 1 1418
32386 1 2500
32388 14 24490
32392 1 1641
32481 2 965
32485 1 575
32615 1 622
32701 1 249
32840 15 552
32885 1 422
32913 1 774
32967 6 164
33090 1 1529
33140 2 646
33172 1 511
33183 7 1139
33244 1 453
33310 1 9499
33338 1 186
33433 1 744
33517 1 1259
33566 2 462
33586 1 2998
33628 2 209
33732 3 809
33769 1 975
33770 1 975
33865 2 4323
33875 4 726
33937 1 14231
33985 1 1091
34052 1 11789
34066 2 1148
34072 2 817
34137 1 974
34178 2 2529
34199 1 839
34300 1 1190
34432 7 512
34440 1 2290
34493 1 905
34548 1 2298
34698 1 1163
34725 1 827
34757 1 1160
34801 1 638
34901 1 18201
34917 2 1013
34927 1 834
34964 5 1938
34990 2 5418
35149 1 9307
35341 1 814
35387 1 4967
35475 1 12761
35524 2 2484
35559 1 2826
35661 6 405
35724 2 2406
35822 1 834
35838 1 1185
35846 2 1532
36012 1 1501
36013 1 2981
36014 1 550
36021 1 348
36217 2 924
36219 1 722
36244 1 874
36249 6 2162
36507 15 1910
36515 2 622
36558 3 1161
36612 1 2808
36692 1 1033
36728 9 1234
36805 1 575
36917 1 1649
37025 1 811
37169 1 628
37182 1 13117
37206 1 2132
37234 4 161
37261 2 1582
37282 2 2473
37359 9 2181
37501 1 4449
37540 2 1841
37566 5 1800
37567 1 2983
37571 1 569
37573 1 551
37579 1 4434
37600 1 1454
37602 1 1078
37655 1 1979
37671 1 2694
37704 1 472
37739 1 3012
37779 1 577
37895 1 1340
37899 1 352
37907 1 454
37924 2 698
37932 3 17484
37934 1 1480
37955 1 424
37975 1 848
37977 1 339
38011 2 880
38026 1 732
38071 1 743
38076 1 1627
38237 1 4950
38243 1 1851
38267 1 892
38299 6 613
38300 2 745
38401 1 506
38412 1 2954
38432 1 1013
38448 1 6071
38556 1 767
38640 2 1038
38662 1 292
38663 1 3825
38666 1 1249
38678 1 408
38708 6 486
38747 1 989
38759 6 150
38760 3 193
38804 2 1858
38818 1 1553
38848 1 791
38869 1 749
38909 1 430
38910 1 7766
38944 5 3052
38945 5 1483
38999 1 4065
39041 7 781
39081 15 1592
39085 1 4795
39158 1 1513
39174 6 2046
39257 7 2445
39283 1 2198
39329 2 32477
39441 2 60
39565 1 689
39573 1 1738
39636 15 988
39642 1 690
39781 27 1529
39786 1 682
39929 1 1959
39985 4 3132
40056 1 2607
40087 3 1024
40088 3 1024
40089 3 1024
40093 1 4751
40141 1 715
40222 1 1055
40253 2 3705
40255 2 3713
40257 2 3718
40352 2 1634
40412 1 2785
40511 1 1191
40518 2 647
40538 1 14088
40684 1 1337
40685 1 2772
40698 1 1004
40819 1 10440
40959 2 5445
40984 1 635
41066 1 721
41081 1 236
41102 1 1491
41129 2 589
41149 1 958
41161 4 2501
41175 16 644
41181 2 594
41189 3 967
41196 1 783
41221 2 641
41235 1 2506
41238 1 4035
41252 8 1169
41308 1 908
41335 1 450
41345 1 517
41349 13 1605
41352 7 1331
41356 2 545
41373 1 1352
41426 1 4541
41427 1 4567
41518 1 573
41540 24 2878
41714 1 984
41725 1 775
41837 2 1734
41851 1 1458
41857 2 1647
41958 1 552
42058 2 1781
42122 1 1063
42128 1 580
42143 1 770
42149 1 9906
42155 1 2406
42286 4 331
42537 1 504
42540 2 1612
42565 1 1069
42627 1 1127
42648 1 4779
42667 1 1132
42683 3 5788
42747 1 2556
42763 2 6680
42830 4 1716
42831 4 2086
42832 4 1721
42968 1 2559
42972 4 851
42979 1 638
42990 1 518
43055 4 1798
43072 2 1152
43156 1 652
43170 1 959
43229 1 8025
43345 17 519
43457 1 1538
43672 1 746
43740 1 638
43745 4 301
43763 1 2590
43768 1 1020
43772 1 1303
43796 1 5679
43839 1 1259
43889 1 983
43891 1 826
43896 1 1645
43951 2 1398
44060 1 880
44080 2 3596
44086 1 639
44112 1 650
44127 3 904
44133 1 384
44154 1 1236
44216 2 619
44293 2 1127
44311 2 347
44380 1 1907
44384 1 786
44394 1 2869
44441 1 860
44449 1 864
44496 5 1260
44707 5 6048
44768 3 2523
44774 2 2787
44812 1 1515
44839 1 576
44843 10 558
44910 2 715
45071 4 338
45183 2 358
45204 1 1105
45244 1 500
45280 24 1000
45286 5 654
45287 1 947
45295 1 700
45312 1 680
45314 2 660
45388 1 1745
45425 4 940
45450 1 583
45488 8 1176
45497 1 745
45498 3 1300
45499 1 668
45501 2 1221
45548 1 235
45581 1 8025
45613 1 573
45698 2 1045
45710 9 442
45859 1 21421
45922 1 538
45925 1 762
45935 1 4684
45946 1 2130
45951 4 762
45978 2 2264
46093 2 342
46114 2 499
46243 1 817
46282 1 4059
46291 1 2129
46300 1 1443
46346 1 1338
46347 2 1459
46440 7 734
46453 1 1153
46509 1 2154
46550 1 1512
46559 3 619
46584 2 460
46600 1 746
46639 1 4091
46654 2 308
46695 1 1088
46744 1 1837
46781 2 3752
46817 1 2737
46841 4 949
46909 8 2578
46928 2 592
46984 3 764
46985 1 432
47052 4 1071
47077 3 1528
47092 12 1683
47128 1 1444
47140 1 743
47160 1 4319
47245 1 6757
47289 2 600
47369 2 791
47379 2 940
47400 1 953
47459 1 8496
47491 1 2517
47543 2 2250
47546 1 1613
47650 1 1540
47661 1 876
47667 3 752
47740 11 269
47790 2 1897
47895 1 564
47898 1 1891
47970 1 569
48154 1 2396
48192 5 591
48200 1 422
48202 1 2712
48208 2 828
48210 1 741
48221 3 2217
48253 2 2008
48286 1 3883
48299 1 3767
48304 1 257
48317 1 850
48385 1 1169
48435 7 201
48452 2 943
48492 1 508
48506 1 1340
48508 1 1328
48545 1 3140
48574 1 1338
48640 3 425
48644 1 211
48657 7 717
48661 2 1320
48673 2 6093
48917 1 6627
48925 6 4731
48970 1 2668
48982 1 2668
49005 2 2273
49074 1 2567
49105 1 2283
49191 2 815
49231 1 1134
49312 1 791
49331 1 1081
49394 1 989
49456 1 2513
49474 1 3175
49580 2 315
49654 2 1685
49681 1 3266
49776 1 9407
49791 2 762
49802 1 310
49809 1 1482
49816 1 1047
49819 1 736
49888 1 870
49890 1 982
49927 1 1460
50021 5 900
50023 1 898
50039 2 1072
50040 3 6696
50143 3 8454
50144 2 5084
50173 1 1992
50233 1 702
50248 1 510
50310 2 1212
50344 1 2334
50453 1 1051
50476 1 10882
50500 6 813
50503 1 2290
50504 1 2431
50505 1 373
50548 1 609
50590 1 214
50749 1 1017
50855 1 3129
50864 1 1034
50883 1 1879
50895 2 2073
50921 2 3926
50936 1 3155
51021 1 772
51092 10 3069
51237 9 2338
51239 2 507
51295 1 5729
51408 1 768
51426 1 3586
51516 1 4186
51523 1 1944
51532 1 612
51533 1 899
51613 2 1134
51666 1 1112
51721 1 805
51756 2 978
51827 2 2148
51841 1 978
51842 1 971
51858 1 3972
51957 9 615
51979 1 6703
51982 3 166
52030 2 1803
52047 3 1194
52117 1 371
52184 1 4601
52290 2 3280
52300 1 6036
52382 2 1562
52421 1 1746
52425 1 898
52482 1 479
52495 1 869
52599 1 4808
52603 1 3071
52652 2 1339
52930 1 845
52973 5 1307
52976 3 578
53023 1 6088
53038 1 2169
53044 3 1024
53078 1 3327
53123 1 1339
53124 1 2131
53136 1 5288
53139 2 3527
53158 2 9225
53224 1 1319
53339 1 837
53350 1 1432
53424 1 5193
53430 3 48057
53484 4 493
53557 9 2541
53558 2 5589
53598 1 800
53617 1 494
53628 1 513
53633 1 948
53655 1 2405
53694 1 55
53717 1 4413
53766 1 1364
53931 1 1369
54184 1 291
54297 2 387
54332 1 2659
54349 1 12411
54355 3 10248
54552 1 2960
54559 2 2260
54577 2 727
54622 1 448
54659 5 5192
54928 1 700
54931 1 718
54933 1 542
55065 1 3081
55078 1 1284
55143 1 513
55160 2 652
55445 1 505
55480 1 788
55482 1 877
55552 24 975
55607 1 9422
55619 1 988
55653 1 4392
55676 1 2434
55744 1 715
55746 1 702
55753 2 4189
56249 8 2126
56250 3 1483
56251 6 1666
56252 4 1993
56253 4 1993
56254 7 2455
56255 7 2455
56256 3 1380
56257 3 1380
56258 3 1380
56259 9 896
56260 9 896
56261 9 896
56487 1 3333
56497 2 2476
56512 1 1050
56521 2 5019
56558 1 757
56579 3 762
56602 1 1212
56633 11 597
56776 1 69
56861 1 1250
56912 1 315
56961 3 7535
57026 1 408
57032 6 1178
57256 1 1106
57296 1 856
57336 1 511
57361 1 876
57375 7 432
57397 1 927
57409 1 701
57418 1 806
57436 2 3484
57448 2 1818
57507 1 3268
57528 3 566
57532 2 1727
57629 1 723
57652 2 1616
57743 1 2000
57744 2 2807
57745 1 595
57758 1 2719
57846 2 2065
57978 5 943
57995 4 2088
57996 3 1452
57997 2 4870
58247 1 19391
58278 1 312
58300 6 362
58386 1 975
58390 2 1711
58406 2 412
58535 2 1948
58773 3 1702
58852 15 3464
58934 4 2758
59176 1 261
59212 1 665
59234 6 854
59245 1 519
59251 1 6070
59252 2 691
59255 4 766
59352 2 621
59362 2 1290
59372 1 326
59402 2 4509
59413 2 1448
59415 2 902
59416 2 2234
59430 2 3685
59440 1 836
59444 1 689
59463 1 2182
59492 13 637
59590 1 1196
59620 3 2013
59641 5 4053
59695 3 2300
59696 5 2013
59697 1 2431
59713 5 1324
59777 4 6060
59801 1 1104
59820 1 1834
59858 1 1684
59996 1 1482
60000 2 560
60030 1 10533
60038 1 3448
60040 2 5727
60051 2 1118
60070 3 2663
60155 1 11169
60156 1 5280
60184 1 998
60185 2 1405
60186 2 880
60187 2 1606
60278 11 3357
60366 1 3154
60422 1 1453
60470 1 897
60590 1 622
60591 1 494
60599 1 3625
60686 2 1454
60741 1 3011
60750 1 12275
60756 2 636
60759 3 4854
60828 5 3367
60829 1 3490
60912 1 259
60932 2 903
61021 1 5166
61024 9 1094
61043 1 4069
61157 1 783
61172 1 427
61199 1 1761
61214 1 535
61323 1 374
61326 1 2485
61363 1 211
61412 1 293
61511 1 2320
61565 1 2333
61634 1 850
61654 2 530
61667 1 1003
61693 1 1481
61694 1 3121
61789 1 1209
61805 1 1227
61825 2 2161
61860 1 7381
61862 1 5528
61876 1 2252
61877 1 2841
61879 1 2166
61881 1 2444
61891 1 987
61900 2 2025
61949 1 1699
61950 1 773
62124 1 1016
62129 1 478
62182 1 943
62201 1 625
62229 2 7173
62265 1 802
62321 2 1110
62359 1 1342
62476 3 290
62496 1 737
62518 24 1297
62606 1 1424
62613 1 5274
62626 1 917
62724 1 3090
62732 1 2989
62767 1 14162
62788 1 2229
62909 1 643
63041 2 478
63076 1 3881
63081 1 393
63130 1 1449
63138 1 4006
63266 2 3285
63270 1 3034
63309 1 4077
63417 2 748
63421 3 1523
63427 1 4477
63528 3 544
63579 5 1596
63637 6 460
63706 1 1710
63712 1 835
63775 1 1020
63836 1 3200
63863 1 618
63881 1 184
63915 1 1055
63935 1 827
63963 1 733
64016 1 1043
64099 2 1630
64378 1 419
64387 2 1212
64397 6 738
64612 2 1382
64675 12 1128
64934 2 1579
64939 2 1244
65005 2 3081
65040 1 1671
65077 20 2772
65084 1 2317
65091 1 2809
65092 1 2579
65093 1 2401
65094 1 2609
65394 1 1148
65492 1 67
65574 3 1775
65617 2 1340
65645 1 1634
65651 1 1756
65669 3 708
65700 1 1274
65709 1 369
65778 1 3404
65951 1 1360
65976 2 2618
65995 3 6936
66016 2 1106
66102 2 833
66123 2 1344
66129 3 326
66347 10 743
66405 1 1623
66411 1 1865
66436 1 1259
66437 1 1259
66478 2 1388
66553 1 734
66589 1 3260
66599 3 1088
66633 4 799
66652 1 496
66733 1 1217
66736 1 1111
66738 14 1248
66751 1 11896
66766 1 1240
66775 2 800
66819 1 6321
66915 1 4319
66931 1 389
67007 1 413
67029 1 2546
67071 1 692
67075 1 1010
67084 2 1137
67128 2 630
67143 3 744
67344 4 2228
67359 1 3255
67486 1 938
67548 2 2750
67661 2 952
67672 1 2623
67689 1 7619
67756 1 5291
67758 1 2196
67770 3 1180
67789 1 1357
67797 1 1733
67800 1 1378
67830 8 160
67889 1 2813
67890 7 3387
67909 1 284
67987 1 2466
68003 4 415
68110 1 748
68115 1 3242
68116 2 4818
68157 1 1827
68335 1 1183
68424 1 1934
68633 1 837
68707 1 4537
68730 1 346
68742 1 573
68752 1 1201
68753 1 669
68795 2 1251
68798 1 1805
68812 3 10319
68854 1 5781
68964 1 11197
68991 2 1084
69031 2 475
69036 1 424
69043 7 1118
69075 1 128
69283 1 642
69365 1 1243
69366 3 335
69515 1 3275
69521 3 6102
69532 1 2723
69698 1 533
69716 6 7169
69857 5 608
69924 1 988
69927 6 862
69928 2 901
69929 4 933
69970 2 1405
70001 2 745
70087 1 573
70098 2 1411
70103 1 675
70108 1 674
70111 5 914
70118 8 820
70126 1 746
70169 1 8025
70207 1 10208
70246 1 784
70282 1 3028
70308 1 1172
70333 2 1397
70358 1 542
70404 2 765
70417 1 765
70448 1 2617
70534 1 5509
70702 2 2156
70708 2 720
70735 1 952
70742 4 761
70749 2 6334
70881 1 1568
70888 1 746
70954 1 6095
70984 1 461
70985 1 748
70986 2 697
71001 1 688
71061 5 602
71189 1 1623
71268 2 1811
71276 1 2862
71280 7 294
71329 4 1464
71384 6 2877
71385 6 2877
71386 6 2880
71387 16 1937
71388 46 1967
71389 46 1967
71390 46 1967
71391 46 1967
71392 3 1762
71393 3 1762
71394 3 1762
71395 3 1529
71396 3 1529
71397 3 1529
71398 3 1529
71399 8 2126
71400 3 579
71401 3 925
71402 3 925
71403 3 925
71404 3 925
71424 2 1049
71545 1 6773
71548 2 2973
71597 1 849
71598 10 797
71635 1 1924
71636 1 554
71705 3 10258
71731 1 4830
71802 1 1017
71814 1 413
72004 3 8626
72043 1 1623
72044 1 1586
72053 1 472
72068 1 8137
72097 1 1365
72098 1 19912
72125 1 519
72129 2 1048
72168 4 1859
72176 1 2898
72328 1 671
72374 5 166
72412 3 14176
72413 2 1983
72416 1 1773
72437 1 8964
72456 1 792
72457 1 831
72458 1 720
72515 6 924
72521 2 6698
72572 1 1253
72636 1 1026
72653 1 508
72675 1 8994
72734 1 2436
72741 1 6306
72763 1 1138
72844 2 1589
72863 1 907
72878 1 4492
72894 1 522
72919 3 5881
72925 1 1459
72930 1 2073
72931 1 1959
72934 1 2319
72935 1 2042
72936 1 2099
72938 3 10696
72964 1 2090
72986 1 1005
73014 1 1378
73076 1 376
73077 1 364
73082 1 819
73109 1 1129
73286 1 2501
73292 2 882
73392 1 1159
73404 5 728
73408 2 1378
73420 1 2204
73426 2 1568
73484 1 741
73522 1 777
73533 2 732
73542 1 743
73553 1 657
73574 1 8025
73644 1 2945
73674 1 720
73767 1 603
73770 2 775
73903 1 723
73996 2 7920
73997 2 10376
73998 1 2339
74057 1 1205
74112 2 704
74140 1 1711
74142 1 3188
74245 1 174
74293 4 271
74380 5 164
74420 1 783
74446 2 1773
74464 1 1669
74507 1 688
74604 1 5954
74611 1 1155
74677 1 1481
74700 1 1471
74819 1 295
74850 1 850
74918 6 2041
75152 1 1312
75166 1 1252
75252 1 1409
75265 1 1224
75295 2 2546
75313 1 1575
75322 1 826
75423 1 1748
75494 1 500
75558 13 973
75559 14 913
75560 4 874
75713 1 352
75940 1 2480
76045 1 1232
76047 5 1489
76136 1 4953
76138 1 3341
76160 1 6409
76204 1 2051
76216 1 188
76305 1 1002
76479 1 955
76503 1 1066
76529 3 10440
76587 1 1166
76595 1 1593
76653 1 314
76662 4 498
76757 1 759
76830 1 733
76843 1 576
76871 5 919
77027 1 422
77037 1 1076
77085 1 2310
77108 1 1362
77148 1 3628
77153 1 2521
77161 1 812
77188 2 389
77202 20 8001
77203 23 4646
77204 23 4647
77205 3 567
77206 3 567
77208 3 4089
77209 3 4122
77210 3 4271
77236 4 1989
77237 1 1988
77245 2 2403
77246 1 6149
77263 1 1231
77382 1 350
77398 12 3728
77425 10 2873
77434 1 416
77450 1 5940
77475 1 521
77608 2 829
77633 1 695
77661 1 918
77807 1 5880
77885 1 1785
77935 1 308
77952 1 546
