plug plug 2066 65215343 
31 2 1143
117 1 6480
131 1 14882
133 1 3237
194 1 1376
327 2 2668
359 2 1896
388 2 1479
540 1 1077
571 1 663
633 1 1134
674 1 1393
781 1 725
792 1 1601
836 2 681
916 2 699
1102 1 1837
1151 1 926
1176 1 992
1272 1 2455
1279 3 1288
1310 6 925
1314 2 547
1484 1 6578
1514 2 1086
1580 1 318
1665 1 313
1726 1 2436
1755 1 1202
1806 1 911
1812 3 1673
1853 1 313
2075 1 1934
2105 2 1500
2155 1 901
2192 1 5833
2232 1 1628
2441 2 7506
2479 1 573
2511 1 1460
2537 1 1224
2629 1 3838
2637 2 995
2697 5 1348
2780 1 482
3045 1 640
3072 1 579
3338 3 1856
3340 2 1137
3421 1 954
3487 1 736
3556 1 1110
3639 1 3357
3764 2 803
3773 1 2479
3842 2 1285
3889 2 1113
4047 1 814
4062 1 526
4064 1 1206
4145 1 6518
4165 1 1410
4170 1 3258
4195 1 1194
4255 1 620
4261 1 295
4330 2 1163
4337 1 823
4342 1 1391
4359 2 2427
4422 1 2597
4431 7 1407
4452 1 910
4485 1 2100
4513 1 513
4570 1 633
4596 1 884
4787 1 1159
4788 1 1060
4802 2 845
4805 2 852
4808 7 495
4838 1 5657
4861 1 2242
4917 1 4602
4921 1 1991
4922 1 1947
4934 1 2573
4941 1 1955
5135 1 1764
5184 1 2478
5247 1 6498
5266 1 766
5313 1 1178
5325 1 780
5423 1 801
5579 2 794
5963 1 564
5988 2 969
6022 1 761
6068 1 1127
6304 1 3270
6361 1 4951
6557 1 1488
6558 9 2607
6559 5 1745
6560 1 877
6587 3 2605
6663 2 1112
6664 2 719
6835 1 519
7011 1 925
7028 1 1722
7083 1 210
7175 1 1156
7580 1 9484
7583 1 592
7686 8 1415
7723 1 4731
7775 1 3220
7989 1 734
8092 1 3223
8130 2 2237
8158 1 571
8248 1 1171
8266 1 394
8270 2 1577
8271 1 616
8286 1 2044
8380 1 2765
8408 1 5505
8435 1 2734
8575 1 1694
8580 2 500
8613 1 1556
8701 1 555
8817 1 1005
8828 1 2492
9279 1 1500
9398 1 1078
9407 1 979
9512 5 2693
9527 1 363
9718 2 922
9723 1 1034
9724 1 1634
9806 2 6009
9819 1 319
9865 1 1205
10074 1 915
10076 1 175
10097 2 1553
10127 1 1014
10129 1 1016
10148 2 564
10224 1 1087
10313 1 620
10332 1 2802
10374 1 9128
10377 3 2603
10488 2 1531
10501 1 1217
10574 1 1648
10640 1 1072
10653 2 3190
11037 2 1092
11045 2 773
11085 1 1102
11087 1 2013
11114 1 623
11136 1 563
11197 5 776
11198 1 771
11199 1 799
11214 1 1706
11288 1 9962
11397 1 2289
11472 1 4154
11488 1 735
11494 1 274
12121 1 1787
12236 1 1669
12272 1 2031
12332 1 1098
12354 4 1113
12367 1 9446
12382 1 1023
12414 1 1226
12627 1 4932
12636 1 2613
12647 1 4896
12747 13 3912
12801 1 1360
12808 1 3060
12814 1 46677
12851 1 2088
12858 6 1295
12863 1 1161
12874 2 1470
12929 1 973
12976 1 1275
13000 1 844
13189 1 1276
13201 5 1224
13289 1 535
13321 1 4863
13392 1 617
13420 2 1976
13435 1 1340
13463 2 3262
13524 1 621
13546 2 3149
13551 1 422
13566 1 649
13618 1 28398
13651 1 840
13709 8 1718
13965 1 3628
14014 1 3934
14047 3 1828
14081 1 1133
14105 1 9306
14329 1 1391
14415 2 1577
14497 1 360
14555 1 2701
14648 7 339
14658 1 3354
14759 1 904
14763 1 1468
14868 1 1699
15078 1 542
15135 2 1562
15478 1 884
15617 1 2380
15825 1 556
15826 1 1438
15887 4 3518
15937 2 2165
16036 1 684
16169 1 661
16257 4 6019
16276 6 3744
16281 1 3429
16318 1 807
16411 1 732
16426 1 1061
16709 1 564
16733 1 1326
16858 3 2375
16895 2 1762
16942 1 12267
16977 2 993
16989 3 971
17036 2 391
17121 1 6700
17419 1 1979
17426 1 7075
17447 1 1361
17558 1 1065
17651 14 3602
17666 22 1434
17758 2 28986
17762 1 700
17788 1 2252
17789 1 2222
17793 1 2999
18287 1 1632
18318 1 434
18531 1 2147
18644 1 2789
18645 1 1794
18764 1 2816
18830 1 1272
18971 1 621
18987 1 2027
19092 1 2849
19125 1 917
19375 1 4252
19552 1 447
19583 2 769
19775 1 1472
19897 1 3289
19933 1 1797
19935 1 1523
19995 1 736
20030 1 4962
20139 1 1612
20257 1 501
20269 1 575
20310 9 4111
20708 1 24696
20746 1 2626
20818 1 728
21062 1 2438
21106 2 901
21285 1 888
21287 1 982
21288 1 1188
21357 1 5683
21359 1 13839
21368 1 756
21578 1 885
21644 1 11884
21653 1 1859
21702 1 3125
21739 1 601
21900 1 1945
21904 2 2015
21915 2 1773
21916 2 916
21972 1 2236
21973 1 1276
22045 1 2727
22047 1 2622
22086 1 953
22105 1 2168
22123 1 290
22139 1 1395
22161 2 6376
22478 1 1558
22591 1 2289
22615 1 355
22624 1 1920
22890 2 287
22922 1 2658
22975 2 658
23060 2 659
23077 1 755
23146 1 825
23221 1 647
23224 3 1079
23225 1 767
23226 1 717
23373 1 1729
23402 1 566
23468 1 1323
23586 1 312
23655 1 746
23737 1 648
23751 2 1862
23982 1 1016
23983 1 567
24127 4 1281
24164 1 1966
24189 1 2072
24190 1 1650
24561 8 3084
24668 1 6702
24717 1 1067
24735 1 2767
24773 1 1028
24791 5 2527
24793 2 1676
24897 1 4588
24898 1 4667
25043 1 1300
25045 1 881
25154 1 4423
25162 2 318
25175 1 4293
25246 1 2093
25409 1 4429
25474 6 3568
25508 1 1364
25625 1 1216
25866 7 1198
25911 2 863
26113 1 715
26223 1 946
26241 1 5926
26263 1 928
26449 1 7560
26467 3 1027
26523 4 1076
26577 2 971
26586 1 2458
26593 1 1889
26663 2 1859
26727 1 4405
26730 1 1483
26784 1 1465
26836 1 2928
26938 1 566
27032 1 161
27045 1 488
27152 1 1516
27548 1 1189
27576 2 2018
27691 1 1205
27708 1 211
27747 1 1674
27769 10 1391
27808 1 2245
27862 2 8511
27872 1 3102
28083 1 804
28103 2 5130
28192 1 2315
28259 2 6624
28280 1 2119
28334 22 1855
28416 1 1057
28428 3 1134
28446 1 9326
28466 1 10312
28467 2 8583
28468 2 8583
28469 2 8615
28813 1 1461
28946 1 974
28951 2 4581
29108 1 1272
29171 23 1853
29180 1 3520
29409 1 654
29623 3 963
29866 12 1160
29880 1 1752
29895 2 940
29910 1 5908
29918 1 903
29957 1 659
29964 2 253
30035 1 448
30170 1 1019
30196 3 385
30211 1 3859
30276 1 17
30310 1 2537
30435 1 1206
30557 1 486
30639 1 8117
30759 1 1879
30808 6 2494
30863 1 763
31045 1 24677
31047 1 45
31052 1 3636
31094 2 7803
31307 1 842
31347 1 1893
31448 2 3221
31490 1 827
31694 2 3337
31754 2 1235
32320 1 512
32329 1 5073
32551 1 1569
32584 1 2115
32651 1 710
32652 2 757
32671 1 1446
32746 1 2142
32780 1 189
32803 3 1009
32838 1 684
32902 1 375
32986 1 3067
33091 1 10334
33137 1 546
33167 1 1396
33182 1 1778
33185 1 1186
33215 1 1134
33226 1 214
33367 1 1062
33372 1 1921
33377 1 1162
33403 1 5506
33461 1 1567
33584 1 1680
33610 1 1314
33668 1 1612
33698 1 689
33732 1 809
33763 1 2200
33787 1 3331
33808 1 1401
33934 1 833
33953 1 719
33954 1 766
34022 1 1978
34201 2 2057
34445 1 2643
34621 3 898
34807 1 582
34897 2 654
34901 3 18201
34937 1 1326
34952 4 915
34972 1 2699
34977 1 1179
35037 1 993
35067 1 1233
35177 2 1731
35289 1 79
35340 1 4545
35368 2 2496
35402 1 114
35415 2 1578
35441 2 1097
35712 5 1347
36128 2 1319
36194 1 654
36245 1 843
36249 1 2162
36464 2 889
36472 1 868
36507 16 1910
36555 8 1255
36568 1 358
36591 1 766
36596 1 790
36621 1 857
36623 1 428
36696 1 816
36736 1 851
36775 1 4563
36932 1 1538
36945 1 21910
37182 1 13117
37402 1 282
37551 2 867
37567 2 2983
37600 1 1454
37655 1 1979
37834 1 742
37932 2 17484
37971 2 1025
38004 1 2166
38069 1 3382
38072 1 763
38130 1 2260
38171 3 1510
38301 1 702
38374 1 1606
38375 1 1735
38376 2 1294
38424 1 229
38431 1 621
38557 1 10387
38577 1 795
38586 1 3019
38615 1 1026
38640 1 1038
38715 1 5564
38725 1 2848
38905 2 1096
38937 36 1185
38955 1 480
38979 1 1182
39010 1 2843
39126 1 1601
39148 4 4610
39161 1 754
39186 3 2248
39193 4 3626
39256 1 1626
39278 1 5705
39279 1 5440
39280 1 2767
39397 2 2248
39462 1 783
39474 1 1378
39475 1 1192
39488 1 1377
39597 1 567
39599 2 926
39606 1 513
39622 2 579
39623 1 508
39642 1 690
39644 1 1098
39648 16 1775
39808 14 1316
39811 1 407
39916 1 1355
39929 1 1959
39971 1 516
39998 1 1097
40100 2 2099
40152 3 601
40182 4 924
40197 2 672
40397 3 1801
40668 1 3116
40711 8 595
40718 1 282
40723 1 367
40727 1 556
40747 1 5237
40810 1 741
40819 2 10440
40921 1 811
40925 1 2385
41129 1 589
41131 1 4182
41161 1 2501
41206 2 974
41258 2 993
41324 17 3500
41327 1 4020
41351 4 777
41362 15 1073
41518 1 573
41542 1 448
41740 11 149
41840 1 2915
42009 6 3192
42010 4 2197
42011 2 658
42012 4 963
42085 1 6194
42132 1 1554
42172 4 2686
42286 3 331
42330 2 6012
42331 1 4860
42362 2 10503
42490 2 1211
42522 1 331
42532 3 892
42534 1 322
42536 2 1190
42655 1 1535
42667 1 1132
42763 1 6680
42896 1 3235
42926 1 1178
42967 2 1104
43061 3 3075
43092 1 1330
43127 1 769
43149 1 530
43168 18 607
43173 5 632
43338 1 578
43339 6 595
43343 1 447
43425 1 386
43559 1 928
43637 1 1684
43691 1 1413
43746 2 534
43796 1 5679
43921 1 9448
44000 2 1084
44041 1 1326
44050 1 4928
44061 1 796
44710 1 381
44735 1 3497
44774 1 2787
44933 1 368
45084 1 6555
45170 1 1514
45183 1 358
45287 1 947
45319 2 1413
45449 2 659
45452 1 888
45471 2 756
45487 3 863
45613 2 573
45676 1 11251
45703 2 1124
45704 2 1557
45820 1 1773
46519 3 5448
46675 2 639
46768 1 712
46771 1 1801
46876 11 1869
46909 3 2578
46932 1 957
47270 1 2703
47441 1 464
47903 1 709
47908 18 548
47998 1 842
48085 1 2386
48154 1 2396
48217 1 6375
48222 1 3062
48234 1 7467
48252 3 746
48332 1 2627
48413 1 3524
48512 1 1124
48522 1 645
48640 2 425
48687 1 299
48698 1 5259
48704 1 806
48744 2 653
48745 1 1192
48925 2 4731
48960 1 2073
48970 1 2668
48982 1 2668
49006 1 837
49037 2 3222
49048 1 776
49137 1 1559
49173 1 10707
49174 1 9273
49176 1 11069
49323 2 5236
49371 1 753
49423 21 1014
49557 3 878
49585 2 734
49640 1 976
49644 1 710
49651 1 671
49654 1 1685
49747 1 512
49776 1 9407
49797 1 732
49804 4 2520
49832 2 2018
49852 1 820
49879 1 1402
49897 1 901
49925 1 1955
49995 1 882
50017 4 2970
50034 9 1651
50040 1 6696
50364 1 1047
50378 2 239
50430 3 2601
50463 2 473
50476 1 10882
50478 3 3624
50484 1 3217
50489 2 1085
50527 3 1391
50542 1 2306
50627 1 611
50719 2 2143
50730 1 364
50740 1 1885
50804 1 902
50805 1 872
50862 1 880
50921 1 3926
50936 1 3155
51223 1 1143
51431 1 396
51511 1 822
51528 3 1144
51532 1 612
51571 1 1053
51606 1 947
51674 1 1066
51732 2 1804
51816 1 4853
51843 3 6718
51858 1 3972
51899 2 12169
51909 1 1309
51932 2 457
51979 1 6703
52004 1 937
52005 1 756
52094 1 722
52184 3 4601
52219 1 929
52375 1 1385
52386 1 3359
52396 1 4756
52455 1 1525
52478 1 2078
52504 10 676
52557 1 5509
52570 3 489
52701 2 1487
52722 1 2934
52792 3 1466
52813 2 911
52814 1 456
52941 3 3400
53158 1 9225
53336 2 1130
53430 1 48057
53484 1 493
53653 5 2179
54148 3 4159
54283 2 748
54311 1 520
54370 2 2398
54476 1 1372
54539 1 1132
54550 1 2204
54615 1 2552
54680 1 636
54893 1 3377
54996 1 1141
55063 9 17333
55064 1 1985
55099 1 1159
55321 1 804
55441 1 718
55445 1 505
55483 1 522
55485 2 1849
55497 1 4177
55516 1 1474
55528 1 1027
55533 5 939
55534 1 599
55545 1 3187
55582 1 570
55591 2 932
55593 7 833
55616 1 765
55628 3 2339
55677 2 108
55733 1 908
55753 1 4189
55934 1 742
55937 1 791
56044 1 506
56223 1 5116
56276 1 1882
56427 2 1290
56498 1 2455
56529 14 1042
56654 1 1006
56690 1 677
56735 1 2263
56787 3 510
56822 2 4110
56861 1 1250
56889 2 820
56915 1 4927
57230 1 926
57359 1 1917
57407 2 2637
57661 1 769
57743 1 2000
57744 1 2807
57756 1 588
57757 1 1344
57897 1 3276
57945 3 2600
57950 1 10362
57951 1 10312
57952 2 8583
57953 2 8583
57997 1 4870
58320 2 2273
58342 3 407
58451 3 1894
58482 1 659
58711 1 1429
58844 1 3246
58898 1 2227
59176 1 261
59233 2 959
59240 10 934
59355 1 891
59400 1 1212
59416 1 2234
59590 4 1196
59591 1 1374
59627 1 4734
59630 1 5288
59633 1 4221
59670 1 1595
59696 1 2013
59712 1 4670
59717 1 4807
59768 1 240
59843 1 6525
59922 1 3476
59923 1 1326
59932 1 227
59942 1 838
59958 2 149
60151 2 423
60157 1 3863
60229 1 921
60278 4 3357
60288 1 1474
60475 1 1223
60486 1 1521
60599 1 3625
60674 1 1471
60759 3 4854
60910 2 2877
60912 1 259
60964 1 3850
61099 4 340
61177 1 2363
61187 1 15707
61188 1 29700
61214 2 535
61238 1 1279
61268 1 2756
61315 1 1199
61508 2 1333
61617 1 2377
61623 1 1505
61635 1 2149
61694 1 3121
61861 3 2244
61924 2 6503
61987 1 664
62028 1 6469
62111 1 6309
62143 1 2252
62205 1 1826
62259 3 1550
62318 1 2185
62319 1 2313
62522 1 1976
62892 1 1071
62909 1 643
63143 1 1109
63233 2 1148
63290 1 392
63363 1 726
63387 2 608
63394 1 601
63411 3 1780
63416 2 883
63554 1 2850
63590 1 1793
63606 1 401
63609 1 263
63610 3 1864
63648 6 7209
63692 1 1027
63737 1 2198
63788 1 3142
63851 1 1757
63859 1 803
63884 1 3456
63987 1 1321
64016 1 1043
64315 5 685
64319 4 4532
64376 1 2975
64407 1 1172
64590 1 2177
64619 1 2292
65087 1 1504
65370 1 330
65438 2 1287
65529 1 670
65696 1 759
65833 2 900
65973 1 1049
66157 6 697
66194 1 665
66221 2 1754
66279 1 657
66308 2 895
66340 3 1753
66341 2 1025
66345 6 1615
66400 1 675
66433 1 622
66484 1 789
66560 3 673
66610 1 1775
66651 1 700
66751 1 11896
66824 1 1604
66844 1 1550
67011 1 714
67015 1 538
67024 1 450
67074 2 9837
67125 1 1963
67290 1 437
67294 1 1338
67344 1 2228
67386 1 598
67403 1 3316
67408 1 5567
67440 2 831
67450 1 1510
67454 1 5854
67466 1 511
67470 1 519
67519 1 10460
67574 1 2213
67655 1 1887
67657 1 1981
67661 1 952
67689 1 7619
67757 1 684
67835 1 1309
67854 4 298
68006 1 982
68062 2 2785
68095 1 142
68115 1 3242
68142 1 2271
68263 1 5972
68305 1 3491
68420 1 2517
68427 2 441
68763 1 591
68766 1 5324
68815 1 1058
68898 3 907
68916 1 2291
69007 2 727
69088 1 388
69406 1 912
69717 2 4915
69852 1 1623
69972 2 879
70098 1 1411
70116 4 776
70297 1 5416
70303 1 1436
70377 1 5997
70417 1 765
70435 2 3103
70586 1 2455
70634 1 779
70702 1 2156
70731 2 925
70735 2 952
70954 2 6095
71240 1 305
71276 2 2862
71281 1 420
71424 2 1049
71801 3 1924
71870 1 502
71930 1 926
72001 1 1171
72008 1 499
72068 1 8137
72083 1 1040
72093 1 927
72245 1 1330
72293 1 1975
72305 1 1854
72316 4 973
72347 1 1722
72364 1 1286
72402 1 1487
72417 1 173
72515 2 924
72618 2 5500
72623 1 746
72698 1 458
72734 1 2436
72843 1 2753
72851 1 889
72920 1 5462
72960 2 3082
73001 1 636
73004 1 1253
73018 1 2302
73019 1 1972
73020 1 968
73093 1 4058
73111 1 374
73115 1 2759
73325 1 322
73484 1 741
73522 1 777
73541 1 594
73550 2 1022
73679 1 798
73769 1 508
73988 3 2775
73998 1 2339
74016 1 3216
74040 1 732
74055 1 2435
74056 1 1960
74057 1 1205
74067 1 6352
74135 10 1169
74142 1 3188
74283 1 1036
74371 2 413
74373 2 1982
74500 2 1059
74592 1 599
74599 1 1187
74679 3 1229
74736 2 2126
74741 1 339
74804 1 1349
74877 1 3262
75322 2 826
75494 1 500
75509 2 284
75592 1 233
75678 3 766
75690 4 894
75694 2 733
75717 1 2502
75772 1 1151
75844 15 698
75901 1 995
76039 2 964
76050 1 4066
76081 2 1493
76082 4 1055
76123 1 826
76240 1 808
76368 1 1834
76479 2 955
76486 1 376
76521 1 1643
76640 1 1656
76653 1 314
76718 1 740
76923 1 1539
77019 1 882
77020 1 1328
77025 2 2461
77027 1 422
77067 10 1551
77068 10 2025
77215 1 1900
77236 1 1989
77414 2 870
77450 11 5940
77456 1 13066
77761 2 495
78116 1 5040
