59 59 6835 65215343 
12 1 1981
84 1 2015
99 1 95
130 2 4276
131 3 14882
132 2 13051
157 1 2070
177 1 1508
205 1 1320
231 1 815
242 1 2344
258 4 56657
268 1 901
300 1 1935
332 1 493
361 1 5027
375 1 10166
446 1 1063
473 3 5126
477 4 3143
504 1 11283
541 1 2599
581 1 332
586 1 936
620 1 923
634 2 883
683 1 928
695 1 318
721 1 1682
776 1 1163
782 3 2324
783 1 2303
796 4 1564
845 1 1480
865 1 876
871 1 568
889 2 988
906 1 1896
971 1 1729
972 1 1224
983 1 1001
984 1 1027
986 3 2025
987 3 2023
988 3 2173
995 1 3497
1022 2 1773
1065 2 703
1085 4 5635
1090 1 1121
1091 1 1129
1128 1 2066
1151 1 926
1172 4 644
1176 1 992
1185 2 15836
1200 1 636
1217 1 737
1273 3 513
1278 1 248
1281 1 3123
1305 2 653
1307 1 735
1326 1 1588
1341 1 801
1353 1 942
1361 1 1013
1362 4 3521
1367 1 4065
1371 1 1930
1425 2 1524
1454 1 680
1510 1 1264
1528 2 1875
1551 1 1402
1583 1 4414
1584 1 1777
1588 1 590
1609 1 1543
1630 2 2072
1639 1 2238
1678 1 1025
1679 1 1005
1733 1 458
1735 1 626
1756 1 1307
1794 1 1067
1802 1 10218
1812 1 1673
1851 2 1250
1882 1 2462
1892 4 11383
1897 3 2847
1933 1 749
1973 2 16948
1982 3 801
2021 1 2089
2025 2 476
2029 4 245
2073 1 1294
2077 1 356
2142 1 955
2145 1 1693
2150 1 1809
2192 2 5833
2196 2 1234
2230 1 1380
2237 2 1765
2244 1 2544
2257 1 2275
2363 1 3977
2372 1 909
2388 1 1787
2390 1 392
2395 1 1045
2434 1 1321
2459 1 90
2467 1 877
2483 1 4389
2490 2 1764
2521 2 464
2537 1 1224
2561 5 1412
2572 2 627
2590 1 1181
2595 1 1834
2603 1 870
2632 2 1512
2646 1 1971
2695 1 2852
2709 2 1588
2722 1 1364
2733 3 1374
2741 3 449
2777 1 565
2794 1 470
2847 1 1039
2926 1 1956
2993 1 858
3089 1 1017
3100 2 2432
3132 1 2453
3133 1 4214
3135 2 703
3156 1 1113
3158 1 1946
3186 1 1440
3202 1 6501
3299 1 1600
3311 1 156
3402 3 2468
3403 3 2172
3404 3 2168
3405 3 2857
3415 1 4495
3430 1 783
3439 1 831
3440 1 1888
3461 1 2177
3568 1 1340
3575 1 588
3590 1 1326
3591 1 1321
3598 2 2141
3599 7 11096
3604 1 2117
3621 1 1327
3668 5 8976
3708 3 3154
3727 4 17097
3743 2 665
3776 1 1777
3789 2 450
3794 2 2141
3806 1 283
3816 1 1172
3828 1 979
3832 1 7941
3834 1 2458
3885 1 1049
3902 1 2905
3925 1 333
3953 1 3340
3954 1 1862
4000 1 6980
4004 1 2253
4026 1 415
4050 9 4772
4052 2 403
4053 1 3172
4059 1 129
4075 1 2561
4093 1 511
4105 1 848
4110 1 2246
4118 1 5861
4142 2 3987
4170 1 3258
4172 1 4084
4202 1 2037
4205 1 1328
4211 1 6879
4256 1 2171
4285 2 654
4297 1 7592
4302 5 3335
4311 1 3156
4329 1 1355
4332 1 1645
4354 1 2037
4367 1 1283
4368 1 4832
4369 1 4444
4373 3 4212
4374 1 5584
4401 1 729
4425 2 1104
4440 1 1273
4450 2 6385
4459 2 4138
4463 1 4320
4464 1 1473
4484 2 393
4526 1 1155
4535 3 713
4581 1 2280
4587 2 2393
4588 1 782
4613 1 1374
4618 1 873
4620 1 2669
4625 1 1120
4640 3 3309
4717 1 369
4726 1 2646
4728 1 1393
4752 1 5044
4753 1 5716
4760 1 56
4772 6 2116
4782 1 6257
4799 1 563
4805 1 852
4807 1 545
4819 1 1397
4936 2 1505
4937 1 870
4942 1 1955
4975 1 4050
5089 1 495
5144 1 3069
5149 1 1132
5170 1 2743
5197 1 624
5222 1 1187
5249 1 1852
5252 1 2357
5255 2 1668
5281 2 1564
5386 2 1742
5391 1 3146
5404 1 980
5437 1 2435
5447 7 201
5460 1 473
5532 2 730
5575 3 1013
5578 8 13045
5604 1 885
5621 1 132
5675 1 611
5790 2 2094
5792 1 2530
5815 1 742
5838 1 278
5889 1 1241
5891 2 283
5905 1 700
5915 1 896
6018 1 1253
6019 1 820
6039 3 2773
6067 2 1302
6091 3 2877
6102 1 651
6137 1 575
6148 2 2770
6151 1 6692
6161 1 725
6182 1 6597
6323 2 1322
6326 2 1295
6329 3 3134
6363 1 4787
6493 1 158
6500 1 158
6529 4 1619
6561 1 350
6580 1 626
6589 1 1306
6592 2 697
6595 1 882
6615 1 227
6624 1 1092
6644 1 1635
6653 1 577
6662 1 703
6758 1 610
6827 3 828
6954 1 1653
6988 1 2056
6989 2 242
7002 1 6389
7003 1 1299
7021 1 2137
7028 2 1722
7029 1 1173
7031 1 1107
7032 2 1787
7045 1 2855
7120 2 2039
7134 1 1943
7137 2 235
7142 1 575
7147 1 592
7175 1 1156
7283 6 2390
7284 1 3123
7286 1 2279
7287 1 4774
7288 1 1137
7289 1 1079
7413 1 644
7421 1 979
7502 1 965
7549 1 413
7569 5 2616
7570 3 9650
7571 2 5357
7574 2 2115
7576 3 6690
7577 1 2093
7646 2 2633
7668 1 1538
7673 1 4544
7685 1 1390
7699 1 997
7744 1 2378
7754 1 1350
7756 1 2279
7773 2 7884
7902 1 1082
7909 1 1230
7910 1 900
7913 7 3129
7938 1 762
7942 1 2590
7986 1 1034
7987 1 1204
7994 1 289
7995 2 1259
8001 1 566
8022 2 7719
8090 4 1026
8093 2 20088
8101 2 4863
8152 1 6009
8173 1 961
8189 1 324
8249 6 7006
8251 1 3081
8264 1 371
8278 1 2385
8300 1 889
8380 1 2765
8382 2 19553
8388 1 2999
8395 2 1291
8396 1 1026
8398 1 1691
8408 1 5505
8411 1 432
8430 1 1338
8435 1 2734
8452 8 7747
8458 1 770
8464 1 1583
8486 2 1997
8500 1 4697
8508 1 5791
8565 3 1375
8577 1 2346
8586 3 2999
8700 1 194
8738 1 309
8759 1 2291
8773 1 69
8852 1 1447
8867 1 2603
8880 1 859
8882 2 1066
8884 1 1640
8887 1 922
8900 2 1780
8904 1 1170
8908 2 1392
8927 3 2370
8962 1 523
8965 2 721
8974 2 1453
8982 1 1516
8983 2 1450
9005 4 45220
9006 5 34059
9021 2 943
9097 1 956
9131 2 1076
9132 1 3040
9143 2 1856
9224 1 850
9280 1 1381
9281 1 1465
9282 1 1511
9291 1 1056
9316 1 4281
9317 1 2510
9325 1 4336
9341 1 837
9364 2 1435
9366 3 1494
9388 1 1072
9392 1 768
9416 1 1927
9464 1 773
9495 1 1007
9500 3 555
9505 2 3959
9514 1 563
9558 1 3824
9604 1 2143
9605 1 2284
9659 10 10789
9674 3 2337
9705 1 1643
9743 1 594
9750 1 1343
9757 1 673
9766 1 4331
9776 1 3757
9783 1 1288
9801 1 3599
9868 1 2464
9872 2 764
9874 1 1009
9930 1 486
9940 1 2247
9954 1 3197
9978 2 651
9981 1 1819
10000 2 1196
10018 1 1420
10035 1 667
10038 15 1127
10056 2 16686
10060 2 1697
10068 1 1756
10096 1 2420
10107 1 1234
10120 1 1997
10152 1 2697
10241 1 1011
10278 1 2690
10299 1 545
10344 1 2552
10350 2 1251
10377 2 2603
10384 2 1435
10450 1 4672
10456 2 2992
10493 1 727
10530 2 887
10535 1 1040
10567 1 522
10585 2 915
10645 1 26
10670 1 1360
10679 1 1155
10701 1 112
10762 2 1336
10792 1 565
10793 20 1709
10795 2 217
10851 1 1623
10861 2 3297
10864 1 2401
10867 1 20
10869 1 902
10891 1 526
10975 1 915
10995 4 1588
10998 3 1691
11001 1 7028
11062 2 1457
11076 1 634
11086 2 599
11109 1 562
11110 1 672
11111 1 630
11112 1 614
11113 1 658
11114 1 623
11115 1 676
11119 2 1442
11141 1 2089
11248 1 11766
11283 1 881
11301 1 916
11304 2 1593
11363 4 8263
11378 4 6044
11394 1 1009
11443 1 597
11444 1 585
11474 3 1219
11485 1 483
11489 1 635
11513 2 904
11514 1 716
11515 3 919
11516 1 883
11524 1 1007
11525 1 979
11527 3 909
11528 1 1000
11634 1 551
11728 7 1367
11742 1 569
11866 1 1990
11869 1 2608
11871 1 1292
11879 12 8814
11885 1 618
11979 1 1755
11985 1 2269
11996 1 1491
12116 2 3604
12118 1 1794
12119 1 2327
12138 1 18363
12156 2 13898
12171 2 5724
12182 1 2585
12189 1 1191
12196 2 864
12297 3 2001
12336 3 3437
12382 2 1023
12399 1 304
12420 1 1755
12421 1 2680
12422 1 1571
12429 1 988
12435 1 2066
12458 1 3716
12500 1 729
12523 6 579
12526 27 21005
12527 1 1751
12584 2 750
12609 2 1268
12610 2 994
12619 1 218
12627 1 4932
12639 2 861
12668 1 1012
12673 1 6656
12693 2 5024
12696 1 625
12700 10 11926
12704 1 5255
12705 1 1518
12712 1 2391
12723 1 1350
12731 1 995
12748 1 3182
12751 1 5083
12752 1 743
12753 1 3395
12759 2 1866
12763 1 1206
12765 1 2402
12777 1 3961
12809 1 1615
12813 2 1377
12825 1 890
12863 1 1161
12960 2 1190
12978 1 883
12983 1 1329
13030 1 691
13031 1 1525
13033 1 153
13058 5 11569
13062 1 2827
13079 1 1457
13088 1 955
13105 2 2565
13130 1 1432
13140 1 736
13173 3 7475
13174 26 3530
13190 1 812
13212 1 3298
13230 1 1741
13261 3 2305
13381 1 4238
13400 1 2450
13404 1 470
13420 2 1976
13470 1 2696
13485 7 11550
13518 1 16194
13555 1 1715
13558 1 282
13575 1 2070
13600 1 1135
13613 1 2061
13618 17 28398
13657 1 1124
13684 2 12301
13696 1 2538
13709 1 1718
13819 1 877
13839 1 1437
13886 1 3122
13916 1 51
13957 1 947
13959 2 135
13962 1 658
13965 2 3628
14005 1 5769
14006 1 1552
14011 1 279
14035 3 498
14047 1 1828
14049 1 1439
14059 2 1101
14060 2 1417
14172 2 928
14194 2 2591
14210 2 1997
14217 1 2332
14220 1 2570
14254 1 458
14315 4 3896
14363 1 751
14388 1 823
14389 1 807
14422 2 5239
14423 1 747
14534 3 502
14597 1 6925
14616 1 789
14649 1 3074
14658 1 3354
14707 1 937
14709 1 1785
14721 1 4901
14722 2 6567
14723 1 4899
14737 1 604
14745 1 1156
14755 1 2245
14758 1 1080
14770 8 1069
14779 1 3250
14801 1 446
14808 1 1232
14820 1 4854
14840 1 1378
14864 1 2862
14913 1 676
14981 1 1286
15036 1 885
15071 4 2697
15115 1 602
15129 1 1527
15185 2 1316
15214 1 307
15223 1 762
15236 1 951
15293 1 5587
15301 1 5730
15418 2 2104
15473 1 655
15517 1 2551
15527 1 1161
15531 3 635
15580 1 2165
15582 2 393
15586 1 3732
15607 2 1413
15608 1 1419
15614 3 3253
15663 1 697
15761 1 778
15827 1 1880
15831 1 2451
15880 1 691
15894 1 898
15980 1 2709
16020 2 1631
16025 4 209
16032 1 219
16063 1 417
16110 1 628
16115 1 1340
16124 2 258
16126 8 2272
16177 1 974
16183 1 2917
16203 1 1469
16212 1 494
16227 3 2985
16259 1 1458
16260 1 4783
16261 1 2583
16263 2 4858
16270 1 2905
16282 1 579
16284 1 1751
16331 1 900
16376 1 1139
16385 1 1811
16390 1 801
16405 1 1015
16463 1 1739
16465 1 3291
16469 1 53
16496 2 5161
16501 1 1040
16581 1 1859
16635 1 7678
16648 1 586
16675 1 997
16719 2 3541
16740 2 916
16741 2 1522
16742 2 1501
16743 2 1505
16744 2 970
16752 1 324
16764 1 258
16780 1 2693
16809 1 1881
16810 1 2137
16813 1 4537
16817 1 4292
16835 1 3680
16843 1 15992
16849 3 6516
16850 1 4537
16856 1 2460
16857 1 2221
16860 1 2032
16861 1 2164
16862 2 2184
16869 1 3108
16887 2 2199
16893 2 5510
16897 1 1979
16932 5 4752
16943 1 10757
16954 1 586
16966 1 809
16993 1 1557
17001 1 714
17023 1 1195
17027 1 6203
17061 2 3094
17065 1 907
17066 1 1101
17096 3 1504
17113 1 4319
17135 1 650
17136 1 779
17143 1 2987
17159 1 1453
17162 1 675
17182 2 3085
17202 3 2274
17208 1 859
17238 1 457
17253 1 903
17261 1 4916
17262 1 3246
17292 4 2207
17298 1 777
17321 2 1749
17341 1 1300
17351 4 4853
17360 1 1293
17383 1 907
17391 1 2225
17394 1 1120
17455 1 1212
17501 3 2505
17505 3 5120
17521 1 3039
17534 1 53
17542 1 762
17555 1 14925
17565 1 2260
17570 1 5402
17603 1 1031
17647 1 1549
17730 1 4474
17762 1 700
17797 1 1213
17798 1 1298
17799 1 1305
17817 2 6494
17823 2 505
17830 2 1229
17854 1 3854
17911 1 689
17912 1 693
17923 1 1095
17950 2 1113
17986 1 1122
18010 1 776
18040 1 2907
18082 2 1589
18095 1 901
18104 1 1218
18113 2 811
18120 2 540
18156 1 1412
18169 18 3118
18171 2 727
18172 2 1289
18173 2 1152
18174 2 1018
18176 3 2271
18177 3 2271
18178 3 2270
18179 3 2271
18291 1 945
18294 1 2255
18309 1 421
18325 2 1711
18342 1 973
18382 1 886
18409 1 1928
18425 33 16151
18435 1 1115
18461 3 2262
18465 2 1529
18475 2 2196
18514 1 993
18532 1 2296
18580 1 811
18582 4 1724
18609 1 446
18614 1 1672
18617 1 1998
18624 2 1144
18663 1 1089
18682 1 368
18716 1 1408
18720 1 673
18787 2 1516
18788 1 1109
18853 1 1536
18868 1 607
18893 1 852
18897 2 233
18905 2 3741
18963 1 1279
18977 1 1536
18981 1 944
19028 1 278
19040 1 717
19041 2 208
19042 1 3327
19068 2 149
19079 3 16454
19109 1 497
19119 1 907
19128 1 902
19131 1 3297
19182 1 914
19192 1 203
19194 1 5424
19275 1 51
19292 2 56
19423 1 231
19445 1 165
19544 1 1036
19545 1 9624
19551 1 1078
19559 1 6375
19576 1 767
19588 1 1105
19626 1 530
19653 1 1803
19654 1 618
19677 4 4468
19678 4 6792
19680 2 5229
19683 2 2480
19684 2 2620
19686 3 4573
19687 2 2998
19688 3 1268
19717 1 1015
19733 2 1292
19767 1 969
19775 1 1472
19783 3 1524
19832 1 4109
19841 1 935
19883 1 5667
19887 1 3613
19889 2 7969
19891 1 4302
19899 1 6214
19910 1 1042
19937 1 833
19957 1 1260
19983 1 2232
19984 1 3052
19985 4 8977
19995 1 736
20057 1 5239
20149 1 715
20150 1 682
20169 1 2907
20196 1 455
20200 5 30304
20258 1 1250
20259 1 1301
20260 1 1299
20294 1 3768
20328 1 1034
20333 1 744
20335 1 1141
20339 1 1011
20340 1 946
20341 1 1048
20344 1 863
20350 1 1183
20354 1 959
20355 1 911
20361 1 708
20378 1 1896
20379 1 150
20389 1 893
20399 2 623
20404 1 1736
20417 3 930
20437 1 1969
20622 2 1417
20651 1 764
20662 1 681
20680 1 2816
20706 1 8010
20707 4 35797
20708 1 24696
20710 1 6801
20711 2 6388
20713 1 3777
20729 1 902
20740 1 931
20742 1 809
20769 1 1098
20770 1 1080
20807 1 2241
20833 1 5441
20892 1 1529
20898 1 659
20899 1 3664
20939 1 302
20945 1 855
20981 1 4198
21071 1 784
21083 1 2413
21109 2 313
21139 2 739
21167 1 420
21208 1 1438
21228 1 451
21261 2 1730
21266 1 4449
21289 2 3008
21318 1 7108
21363 1 3866
21414 1 1289
21423 1 1871
21428 2 695
21430 1 3084
21476 1 1235
21500 1 4276
21529 2 2347
21542 2 37742
21575 2 4680
21590 1 266
21598 1 2235
21609 3 410
21625 1 688
21637 3 10855
21640 1 1328
21662 2 3618
21698 1 2267
21770 2 4733
21784 1 336
21826 1 1017
21832 1 2721
21860 1 2805
21906 1 930
21913 2 3148
21941 1 1755
21955 1 2133
21960 1 7778
21969 1 4332
21976 2 3253
21979 1 861
21982 4 1599
22000 1 455
22026 1 1430
22027 1 1931
22045 1 2727
22092 1 8456
22093 1 10393
22103 3 5529
22127 1 494
22128 1 835
22141 1 2921
22147 1 1108
22159 1 2515
22161 3 6376
22218 1 777
22426 1 661
22487 1 1766
22503 2 155
22507 1 857
22536 2 3918
22552 1 185
22557 1 1305
22558 1 1404
22559 1 1297
22561 1 1310
22562 1 1380
22563 1 1334
22564 1 1455
22565 2 484
22566 1 1385
22567 1 1443
22588 1 1983
22618 1 2272
22631 1 1807
22785 1 1506
22869 1 1378
22877 1 1527
22885 1 532
22887 1 4212
22924 1 3942
22950 2 1033
22951 1 851
22954 3 911
22960 1 855
22961 1 995
22962 1 1318
22973 1 1006
22999 3 1517
23014 2 3266
23035 1 1061
23148 1 1086
23219 1 1740
23362 1 1820
23363 1 3369
23402 1 566
23419 1 1204
23420 1 1191
23421 1 633
23422 1 1581
23435 1 200
23456 1 1132
23473 1 1771
23514 1 8145
23531 3 2398
23534 2 830
23545 1 1025
23558 2 1014
23581 1 175
23637 2 2848
23654 1 744
23671 1 7612
23672 4 3661
23696 6 4960
23697 5 5047
23724 1 53
23732 2 4739
23736 2 2381
23750 1 964
23775 1 1008
23783 1 1502
23787 1 804
23792 1 1958
23857 1 211
23890 1 190
23896 1 3005
23910 1 682
23982 1 1016
24096 1 3824
24118 3 2970
24119 1 14616
24148 1 222
24167 2 1722
24210 1 1259
24219 2 7326
24233 1 1108
24239 1 737
24265 1 3355
24272 2 3323
24299 1 1073
24343 4 375
24388 1 1686
24390 26 3496
24395 1 1099
24430 1 779
24437 2 3970
24462 1 8468
24538 1 616
24539 1 3939
24540 2 4575
24541 1 5645
24542 10 979
24556 2 2926
24574 1 3225
24585 1 1914
24610 1 923
24632 1 815
24666 2 3571
24711 1 671
24721 1 414
24728 1 2573
24729 1 2591
24738 1 4416
24747 1 5509
24748 1 4627
24749 1 4668
24765 2 1351
24775 1 6446
24854 1 817
24870 1 817
25033 1 511
25042 1 783
25084 1 731
25087 2 1470
25090 5 6934
25154 2 4423
25241 1 256
25265 1 2233
25388 2 457
25425 1 642
25505 1 1316
25508 1 1364
25510 3 896
25523 1 1166
25555 1 3167
25596 1 962
25597 1 967
25625 1 1216
25652 1 158
25723 1 784
25732 1 939
25733 1 940
25738 1 1011
25739 3 995
25740 2 1192
25746 1 948
25747 2 894
25771 1 2483
25775 1 1425
25777 1 2790
25804 1 2275
25815 1 1594
25882 1 1550
25904 3 1133
25913 1 1179
25950 1 723
25967 1 1738
25984 1 278
26044 1 1261
26052 1 785
26060 2 2133
26103 1 720
26123 1 1139
26133 2 2156
26134 1 344
26139 1 1202
26164 12 1169
26165 3 1178
26166 3 1178
26193 1 164
26223 2 946
26224 1 642
26237 1 490
26248 4 1814
26250 2 5429
26257 1 3709
26258 1 7349
26259 1 3718
26260 1 3718
26261 1 3710
26262 1 3711
26294 1 1451
26304 1 1055
26322 2 805
26332 2 1975
26359 2 3794
26360 1 682
26361 1 1386
26366 1 598
26368 1 918
26380 2 698
26382 1 3521
26411 1 2625
26423 1 3280
26477 1 1705
26507 2 4226
26534 1 3621
26542 3 1082
26562 1 386
26669 3 2034
26688 3 4422
26690 1 556
26700 1 1342
26715 1 1453
26737 1 605
26755 2 2434
26777 1 746
26787 1 994
26813 1 1462
26817 1 1868
26854 2 750
26858 1 1016
26866 1 1580
26870 1 3124
26888 1 1987
26906 1 494
26909 2 1645
26910 1 1469
26966 1 213
26986 1 1174
27039 1 1645
27127 1 1556
27137 1 865
27161 1 1496
27173 1 3255
27174 1 2438
27190 3 1135
27195 2 3108
27230 1 591
27231 3 1168
27259 1 1441
27265 1 210
27310 1 1076
27316 1 485
27321 1 7344
27322 1 3721
27323 1 2478
27324 1 3721
27344 5 2977
27388 1 1719
27394 2 1701
27425 2 2871
27429 1 658
27433 1 1079
27451 1 1291
27456 2 1833
27461 1 4148
27463 1 604
27467 1 879
27469 1 1105
27603 1 1299
27654 2 2800
27717 1 1159
27726 6 2897
27743 1 76
27771 1 696
27773 2 1301
27779 1 4121
27783 1 1105
27812 1 3494
27813 1 1873
27831 1 1261
27834 6 1409
27862 1 8511
27964 1 534
27983 1 1113
27997 1 689
28011 1 788
28012 1 784
28033 2 2001
28039 1 1292
28040 1 4385
28043 1 1906
28046 1 931
28058 5 691
28066 5 4454
28073 1 1069
28074 2 1848
28075 1 2788
28094 1 2585
28101 1 883
28194 1 274
28244 1 832
28247 1 771
28257 1 3449
28259 2 6624
28281 1 1378
28296 1 3859
28315 1 755
28327 1 726
28334 2 1855
28413 1 1726
28415 1 813
28436 1 1926
28467 1 8583
28468 1 8583
28469 1 8615
28471 2 1574
28550 1 1171
28654 1 1104
28692 1 1065
28696 1 3559
28699 1 795
28700 1 805
28715 2 631
28720 1 694
28725 2 1071
28747 2 843
28750 2 4089
28773 1 2068
28796 1 2216
28797 2 3851
28815 1 2670
28819 1 1350
28829 1 1738
28840 4 12057
28846 1 1687
28847 1 1791
28853 1 1174
28860 1 652
28886 1 1271
28919 1 1463
28994 2 288
29009 1 1308
29011 3 2920
29037 1 526
29050 1 1769
29053 1 2517
29136 1 1011
29140 2 1340
29152 1 1988
29171 2 1853
29180 1 3520
29186 2 618
29306 1 813
29369 1 420
29385 1 3769
29388 1 443
29410 1 300
29413 1 630
29454 1 405
29473 1 473
29529 1 4211
29546 1 1287
29547 1 1675
29552 3 697
29580 1 257
29598 1 365
29603 2 1169
29630 1 1791
29670 1 1640
29671 1 1645
29675 1 963
29688 1 2530
29724 1 803
29760 1 158
29801 2 811
29803 1 2905
29873 1 2458
29888 3 3407
29895 1 940
29899 1 815
29900 1 618
29907 1 794
29910 1 5908
29914 2 2420
29918 1 903
29924 1 964
29925 2 896
29933 3 927
29934 1 955
29935 3 964
29936 1 945
29937 1 1043
29945 1 245
30005 2 496
30043 1 1000
30059 1 2773
30060 1 1690
30073 1 2480
30085 1 1604
30112 1 298
30127 3 2006
30131 2 1922
30148 1 337
30151 1 335
30162 1 1061
30172 1 834
30186 1 1205
30192 1 1145
30280 1 1400
30283 1 1092
30298 1 4382
30344 3 1892
30359 1 969
30375 1 947
30379 1 1010
30433 1 4735
30534 1 695
30536 1 820
30552 4 4502
30554 2 3073
30555 6 4027
30602 1 3594
30609 1 3139
30637 1 1514
30642 3 3081
30645 2 2128
30646 1 3639
30652 1 579
30733 1 638
30751 1 1190
30753 1 913
30769 1 1282
30772 1 576
30804 3 10416
30860 1 451
30905 2 1442
30913 2 1800
30916 1 1435
30982 1 1788
30983 1 277
30985 1 455
31045 3 24677
31052 1 3636
31056 2 434
31094 10 7803
31105 1 989
31134 1 414
31217 3 660
31260 1 711
31267 1 7536
31273 2 543
31306 1 140
31322 3 1237
31337 3 5832
31347 2 1893
31382 1 1446
31383 1 1325
31385 3 909
31386 1 1455
31397 1 540
31419 1 1480
31485 8 619
31518 1 5634
31544 2 2626
31587 1 1215
31623 15 8156
31631 1 2970
31675 1 1174
31707 5 7220
31723 3 9877
31735 1 1164
31755 1 1317
31790 1 1335
31798 1 1484
31822 1 3213
31888 2 901
31890 1 1127
31892 1 557
31894 1 1015
31898 1 1326
31907 1 1007
31912 1 574
31913 3 1930
31930 3 4739
31935 1 2200
31940 1 668
31955 4 632
31957 1 1455
31975 1 1903
32008 1 626
32035 1 1660
32238 1 4115
32247 2 2637
32265 1 345
32271 1 1067
32348 1 1430
32349 1 1351
32351 1 1416
32352 2 1388
32353 1 1385
32354 1 1471
32355 2 1418
32356 1 1306
32357 1 1452
32358 1 1397
32359 3 1514
32365 1 3420
32371 1 924
32388 1 24490
32394 1 314
32506 1 158
32537 1 162
32538 1 158
32600 1 29
32627 1 366
32666 1 2788
32669 1 948
32670 2 1056
32678 10 914
32679 1 863
32728 1 981
32767 4 1580
32814 1 642
32822 1 2367
32972 1 11367
32982 1 138
33055 1 568
33080 1 2203
33091 2 10334
33121 1 751
33150 2 2622
33151 1 2303
33188 1 10275
33240 3 9576
33246 1 1782
33275 1 1122
33285 1 3524
33310 3 9499
33312 2 2285
33317 1 1673
33318 4 2084
33372 2 1921
33375 1 2483
33394 1 836
33404 1 397
33406 2 555
33435 1 698
33474 1 596
33494 3 11341
33520 1 826
33590 3 3769
33611 1 1184
33641 1 2126
33787 1 3331
33797 1 1450
33809 1 398
33847 2 7078
33848 1 1439
33859 2 7228
33861 1 410
33865 1 4323
33890 1 1069
33909 1 1260
33910 1 1095
33911 1 683
33914 1 630
33917 1 1937
33936 1 1150
33939 1 3908
33942 1 1795
33943 1 2181
33978 1 1552
33980 26 2963
33987 1 4548
33996 2 4294
34004 1 5029
34012 1 52
34069 3 1786
34138 1 585
34151 1 1688
34169 1 890
34207 2 404
34244 3 323
34279 1 468
34281 1 5326
34304 1 1756
34379 1 1659
34455 2 1495
34456 6 1514
34481 1 3475
34513 1 459
34521 1 3172
34541 1 789
34556 1 2148
34641 5 5300
34650 4 2639
34662 1 1885
34670 1 1968
34674 4 2253
34687 1 327
34696 1 2011
34701 2 879
34752 1 1744
34794 1 1523
34813 1 2197
34862 1 1344
34890 3 1453
34926 1 1110
34938 2 5944
34959 1 618
34973 1 1217
34984 1 636
34990 3 5418
34995 2 3471
35037 2 993
35041 1 7162
35149 1 9307
35178 1 1377
35222 1 39
35327 2 848
35332 1 2865
35333 1 5425
35334 1 4418
35340 1 4545
35363 1 1516
35368 1 2496
35387 2 4967
35390 1 716
35393 1 970
35411 1 185
35433 1 1624
35454 1 2122
35456 1 2136
35458 1 388
35488 3 1679
35547 1 946
35566 1 733
35587 1 749
35594 1 898
35599 2 1705
35610 1 530
35645 2 3206
35662 1 3127
35677 1 2037
35687 2 909
35691 2 1322
35724 1 2406
35753 3 3277
35759 26 2988
35767 1 2251
35768 1 1871
35774 2 3657
35804 1 51
35824 1 3392
35829 1 1300
35830 2 2280
35837 2 2391
35852 2 3364
35857 1 1888
35908 1 497
35909 3 3424
35951 1 2034
35988 9 723
36027 1 7080
36084 1 1618
36088 2 1171
36129 1 1661
36134 1 19793
36137 2 2930
36178 4 4277
36187 1 4259
36196 1 1795
36208 2 644
36214 4 2240
36226 1 752
36229 1 1405
36241 1 685
36291 1 4374
36294 1 3160
36379 2 1733
36414 1 3031
36415 1 4207
36429 1 1513
36453 1 355
36460 1 778
36494 2 1299
36533 1 1642
36558 1 1161
36573 3 638
36577 1 587
36587 1 129
36616 1 806
36679 1 407
36732 8 18263
36778 1 759
36790 7 4100
36792 1 1806
36811 1 873
36906 1 991
36908 1 498
36917 1 1649
36935 2 867
36943 3 2403
36954 1 1023
36995 3 1643
37003 1 774
37020 4 343
37021 2 810
37032 3 1856
37049 1 872
37053 1 2470
37054 1 1105
37064 5 743
37067 1 1829
37078 2 2030
37095 1 1446
37097 26 3262
37098 26 3089
37099 26 2940
37105 2 5309
37106 1 3136
37164 2 3578
37192 2 921
37201 2 616
37205 2 2953
37228 1 4061
37272 1 438
37310 1 7113
37325 1 5474
37382 1 3256
37423 1 13622
37434 1 6835
37436 3 9722
37454 4 8351
37456 2 2083
37489 1 991
37504 1 903
37516 6 1780
37540 3 1841
37547 1 1110
37567 1 2983
37570 1 929
37610 1 1252
37614 2 4640
37615 1 2824
37649 1 1913
37653 1 1054
37655 2 1979
37660 2 1105
37671 2 2694
37712 4 8990
37713 1 1369
37720 1 910
37733 1 1162
37735 1 1882
37765 1 423
37778 2 1729
37785 1 1446
37788 2 983
37856 2 3403
37858 1 698
37860 1 675
37893 1 7547
37928 1 3618
37939 1 587
37958 1 1505
37975 1 848
37986 1 3131
38041 1 1095
38045 2 1369
38094 2 2311
38105 2 1881
38123 1 2113
38172 1 2261
38185 1 645
38189 3 3745
38212 1 389
38237 16 4950
38240 2 1492
38241 1 459
38243 1 1851
38255 1 202
38259 4 1539
38261 1 1243
38267 1 892
38342 1 1775
38344 2 1209
38345 1 573
38346 1 651
38361 1 119
38363 1 956
38382 1 1986
38419 1 1224
38433 3 2018
38434 3 2883
38448 1 6071
38457 1 1223
38467 1 225
38473 1 931
38527 1 482
38533 1 1601
38545 1 1123
38546 1 1129
38547 1 1121
38548 1 1153
38564 2 4067
38640 1 1038
38663 1 3825
38690 1 994
38708 1 486
38711 1 2289
38712 3 9962
38747 1 989
38782 1 1808
38789 2 1489
38794 2 2594
38795 2 762
38796 1 3677
38798 2 1280
38802 1 4212
38804 1 1858
38807 1 2365
38848 1 791
38867 1 710
38881 1 451
38891 1 3038
38897 2 1868
38938 1 2006
39066 1 632
39089 5 804
39090 1 1090
39115 1 1536
39132 1 3874
39143 1 2279
39148 1 4610
39164 4 2936
39182 1 3168
39193 5 3626
39195 1 2112
39198 1 2105
39238 1 1675
39241 1 7079
39259 2 3420
39265 2 3702
39280 1 2767
39285 1 3325
39292 1 4867
39294 1 1948
39297 512 246841
39299 1 1321
39301 2 12335
39306 1 1355
39321 1 1371
39325 9 4210
39348 1 1537
39401 2 3431
39415 3 1211
39430 1 1661
39443 1 479
39449 1 3105
39458 3 1860
39469 1 1674
39573 1 1738
39668 5 2611
39705 1 2975
39706 1 1567
39727 1 1539
39884 1 363
39913 1 400
39922 5 1063
39926 1 1489
39952 1 1363
39953 1 1179
39978 8 30166
39993 1 6188
40005 1 707
40010 3 634
40020 1 704
40027 1 210
40044 2 1776
40065 1 3427
40084 1 688
40127 2 877
40144 1 1211
40165 1 439
40167 1 1108
40200 2 2237
40215 1 861
40246 1 690
40248 1 986
40249 2 903
40253 1 3705
40254 1 2478
40255 1 3713
40256 1 1952
40257 1 3718
40318 1 1714
40319 1 3414
40320 1 7910
40335 1 2129
40342 3 1617
40351 1 1650
40355 1 445
40382 1 2344
40389 1 1995
40394 1 481
40400 2 2099
40404 1 679
40405 1 1113
40430 1 1721
40431 1 1342
40438 2 4462
40440 1 977
40443 1 1853
40502 2 2207
40510 2 1126
40547 1 1707
40552 1 4962
40563 1 790
40569 1 1344
40571 1 706
40592 1 724
40666 1 1754
40668 1 3116
40685 1 2772
40695 1 8337
40728 1 454
40729 1 374
40753 1 611
40772 1 2487
40773 2 637
40781 3 1183
40782 3 731
40811 1 552
40833 1 2965
40855 1 1346
40897 1 2888
40898 2 2825
40944 1 5673
40969 3 944
40972 1 1481
40977 1 4178
40984 1 635
41005 2 1363
41021 1 1682
41032 2 2291
41048 1 1925
41052 3 6547
41160 1 907
41167 1 664
41180 1 763
41194 1 976
41195 1 832
41197 1 723
41206 1 974
41207 1 988
41208 1 931
41210 3 882
41214 1 444
41240 1 2190
41290 1 1644
41291 1 1274
41303 8 1589
41329 1 1596
41423 2 1513
41424 1 924
41429 1 824
41436 1 713
41448 1 700
41460 1 193
41532 6 4045
41537 1 1041
41667 1 120
41682 1 2132
41702 1 1250
41721 1 2315
41735 1 659
41736 1 693
41738 1 1731
41751 1 198
41766 2 1995
41770 1 1891
41786 1 1169
41797 1 1275
41802 1 2461
41826 1 2287
41854 1 492
41856 2 773
41905 2 1777
41942 1 2534
41951 1 1203
41984 3 578
41986 5 369
41988 1 1757
41991 1 2217
42049 3 2797
42053 1 3174
42054 1 2132
42058 1 1781
42078 2 722
42085 2 6194
42106 4 1024
42110 3 893
42161 1 9423
42165 1 1084
42170 1 4262
42173 1 1570
42234 1 2137
42246 1 1979
42259 1 570
42277 1 1075
42308 1 904
42312 1 2174
42343 1 644
42344 1 3974
42355 1 5228
42358 1 1430
42359 1 2478
42362 2 10503
42365 2 825
42385 2 1348
42392 1 880
42476 1 2207
42482 1 709
42511 1 1464
42517 1 1959
42532 1 892
42557 1 2920
42567 1 3374
42589 1 1045
42634 1 1644
42639 1 845
42643 1 496
42655 2 1535
42668 1 984
42682 1 3838
42783 1 162
42830 1 1716
42831 1 2086
42832 1 1721
42833 2 1802
42839 8 314
42842 1 2027
42933 1 743
42957 1 640
42958 2 605
42963 1 729
42972 1 851
42973 3 907
42988 1 837
43014 2 496
43055 1 1798
43064 1 1014
43109 1 2284
43190 1 534
43248 1 281
43251 1 788
43336 1 412
43350 2 2399
43374 1 419
43446 3 8554
43456 1 1012
43471 1 1044
43477 7 22611
43482 2 918
43551 1 1826
43574 1 1063
43583 1 569
43591 1 1736
43605 1 1286
43616 3 1304
43680 1 1915
43730 1 1965
43747 2 7125
43749 1 2541
43785 3 2976
43791 1 895
43792 1 904
43833 1 1028
43834 3 1000
43835 1 477
43836 26 2949
43843 1 878
43845 1 975
43848 1 263
43943 1 2720
43945 2 414
43962 1 891
43966 1 999
43967 1 1030
44026 1 833
44028 2 1537
44056 1 2924
44086 1 639
44088 1 423
44125 8 6435
44217 2 3228
44248 3 1952
44303 1 2027
44356 2 639
44397 1 602
44406 1 1519
44422 1 326
44439 2 2467
44458 4 718
44480 1 1410
44487 1 1650
44495 1 805
44536 1 393
44546 1 664
44588 1 2135
44705 2 503
44747 1 1189
44761 1 2510
44795 1 1052
44817 1 2611
44896 1 1132
44912 1 1423
44918 3 2627
44921 1 356
44945 1 410
44954 1 8549
44955 1 7733
44956 1 7041
44957 1 10010
45095 3 1223
45174 1 892
45176 2 1533
45196 1 30
45253 1 234
45258 3 799
45264 1 1437
45265 1 747
45266 1 754
45268 1 24
45278 2 992
45279 2 1096
45283 1 948
45291 2 1023
45293 1 757
45320 1 1520
45321 1 739
45326 1 169
45388 1 1745
45406 2 1233
45420 1 631
45439 2 499
45456 1 1098
45464 1 597
45598 1 452
45622 1 1477
45623 1 615
45686 6 177
45710 2 442
45808 2 1186
45810 1 1799
45826 1 8235
45857 1 903
45859 12 21421
45909 2 1106
45928 1 842
45942 1 1251
45943 1 630
45944 1 825
45959 1 944
46111 2 1001
46117 1 164
46136 2 984
46168 2 2539
46172 1 1337
46174 2 2910
46223 1 53
46247 1 736
46291 1 2129
46297 1 737
46340 1 882
46363 2 178
46416 1 957
46428 1 1866
46440 1 734
46512 1 4395
46536 1 1419
46544 1 2693
46552 2 9921
46588 2 606
46603 1 494
46646 1 1436
46669 1 1592
46677 1 440
46684 1 2323
46689 2 1372
46692 2 2110
46695 1 1088
46698 1 1272
46704 5 2665
46734 1 1928
46769 1 2579
46792 1 511
46804 1 669
46812 4 3767
46900 1 728
46954 1 5186
46983 2 4196
46988 2 1340
47084 1 1448
47116 1 1420
47130 1 1232
47155 1 2108
47160 1 4319
47170 1 720
47182 1 563
47195 1 4703
47214 1 966
47233 1 1651
47253 1 965
47380 1 727
47382 1 6307
47430 1 527
47431 1 402
47474 1 5150
47488 1 1495
47495 1 1207
47514 1 407
47530 1 349
47538 3 4411
47550 2 1068
47559 1 11224
47565 2 1185
47569 1 2140
47570 1 1844
47647 2 5076
47658 1 513
47659 1 3727
47664 1 2616
47705 1 31
47800 1 10768
47819 3 2102
47838 4 4457
47873 1 1264
47918 1 1254
47927 1 330
47929 1 716
47984 1 2548
48039 2 807
48071 1 1208
48072 2 713
48102 1 1483
48108 1 1242
48122 2 996
48145 1 957
48189 1 336
48195 1 131
48204 1 1943
48220 2 1146
48222 1 3062
48234 2 7467
48268 1 5058
48269 2 11120
48286 2 3883
48296 1 1337
48412 1 415
48434 1 1143
48470 1 2310
48485 1 924
48545 2 3140
48546 1 2386
48549 1 1781
48587 1 5254
48596 1 938
48618 1 1867
48619 1 1429
48632 1 3473
48650 2 6532
48651 1 3561
48675 2 2669
48706 1 1434
48723 2 863
48741 1 1388
48747 1 1809
48752 2 1640
48759 1 938
48764 1 1470
48772 1 2396
48779 1 3569
48815 1 714
48852 1 775
48884 1 1137
48896 1 1621
48901 1 1611
48907 1 1902
48913 2 947
48921 1 2787
48924 2 3784
48925 1 4731
48951 1 6065
48952 1 1906
48953 1 1506
48954 1 4360
48955 1 2415
48956 1 1240
48970 1 2668
48982 1 2668
48995 1 232
49000 3 3581
49001 2 3445
49028 1 1058
49034 1 2025
49056 1 2188
49061 3 1867
49070 1 951
49092 16 39956
49112 1 1134
49117 1 563
49144 1 126
49228 1 2111
49232 5 5655
49253 1 1284
49276 1 5599
49289 1 423
49334 1 434
49343 1 1496
49350 1 2540
49423 1 1014
49435 1 1167
49449 2 816
49459 1 3328
49471 2 1921
49488 3 986
49505 1 676
49508 1 1329
49510 2 2250
49526 2 735
49567 1 929
49577 2 2475
49606 1 821
49610 1 566
49743 1 700
49776 1 9407
49797 1 732
49870 2 1382
49883 2 2198
49888 1 870
49928 1 2263
49934 2 3099
49958 1 1831
49971 1 2684
49995 1 882
50000 1 1686
50008 1 1147
50010 1 1235
50029 1 1476
50042 1 1289
50048 1 385
50056 1 5845
50142 1 2652
50143 1 8454
50155 1 472
50156 1 749
50159 1 2920
50177 1 1060
50196 1 3087
50197 1 2113
50222 1 139
50285 1 4950
50307 1 1514
50354 1 2188
50377 1 2084
50430 2 2601
50431 2 1740
50445 1 2439
50464 1 2946
50476 5 10882
50481 1 2364
50488 1 1982
50513 1 411
50514 1 274
50515 4 3053
50523 1 503
50524 1 1087
50588 1 206
50597 4 2594
50598 2 5177
50599 1 5431
50606 1 5596
50638 1 2138
50643 1 1973
50722 1 3030
50740 2 1885
50741 1 1509
50743 1 1666
50759 2 717
50761 1 1045
50785 1 2063
50786 1 1972
50787 1 1313
50810 1 1115
50884 1 597
50888 1 2791
50889 1 5625
50901 1 1284
50902 1 1707
50904 2 1387
50906 1 1447
50907 1 1310
50963 3 985
50983 6 16660
50988 1 1822
50989 2 3307
51010 1 1165
51027 1 2454
51034 20 1818
51042 1 1865
51062 1 2206
51089 1 1317
51100 3 2250
51113 1 1849
51181 1 434
51185 2 1302
51186 2 1345
51187 3 1399
51188 1 1359
51194 1 2656
51195 1 2015
51288 1 521
51312 1 192
51324 3 2010
51385 1 1887
51397 1 795
51411 1 456
51415 2 659
51469 2 1403
51476 1 2010
51491 2 295
51493 1 1461
51562 1 1186
51570 2 521
51573 1 202
51661 2 526
51687 1 996
51703 1 961
51721 1 805
51763 1 2149
51791 1 1688
51797 5 962
51857 1 294
51859 1 1363
51867 1 4614
51881 1 4113
51886 2 1112
51891 1 6407
51895 2 2083
51896 1 1311
51909 1 1309
51910 1 1460
51931 1 664
51933 1 2717
51939 1 776
51969 1 1165
51972 1 1385
51973 1 1062
51991 1 4229
51993 1 12689
51994 2 9298
52020 2 5271
52028 4 5224
52030 1 1803
52032 2 1614
52049 2 3857
52109 4 3805
52117 1 371
52119 3 1504
52146 1 10691
52149 1 1612
52187 1 1536
52214 1 6634
52225 1 1690
52231 1 759
52242 1 710
52247 1 359
52248 1 702
52249 1 716
52250 1 701
52251 1 694
52258 1 1184
52279 1 1231
52283 1 2127
52300 7 6036
52301 4 8406
52303 2 1966
52336 1 1219
52356 1 1329
52403 6 1953
52419 1 63
52444 1 760
52484 10 5765
52507 2 197
52508 3 1279
52510 1 503
52522 1 5557
52526 1 1430
52545 2 2822
52548 1 1684
52561 1 52057
52600 1 3746
52703 2 534
52725 1 910
52726 1 307
52797 1 2584
52798 1 746
52810 1 88
52936 1 2566
52968 1 814
52988 1 24350
52990 1 638
52991 1 620
53016 1 1044
53017 1 1186
53021 1 1808
53038 1 2169
53041 1 882
53046 3 6992
53076 3 1146
53078 1 3327
53092 1 1626
53110 2 1619
53111 1 3883
53113 1 1040
53137 2 1658
53138 1 1947
53139 1 3527
53159 1 2323
53170 1 2693
53209 2 1662
53237 3 763
53241 1 4057
53250 1 814
53265 1 1603
53271 1 309
53346 2 1122
53373 1 801
53386 2 3714
53424 1 5193
53469 1 2932
53471 1 310
53476 1 375
53491 3 5993
53511 1 4733
53513 1 936
53514 1 935
53600 3 1756
53601 3 2754
53603 2 2774
53634 1 478
53693 1 56
53699 1 384
53707 8 5088
53708 2 2017
53709 6 7571
53717 1 4413
53732 1 1332
53733 3 1832
53742 1 1066
53751 1 223
53760 7 1772
53842 1 2291
53853 3 2874
53854 1 1693
53861 1 635
53908 1 1337
53910 1 1481
53914 2 1079
53932 1 2291
53940 1 212
54093 1 4103
54094 1 3257
54131 1 570
54186 1 4524
54187 5 4739
54204 1 319
54235 2 961
54261 1 808
54290 1 785
54324 1 338
54326 3 3836
54332 7 2659
54333 1 1417
54349 1 12411
54366 1 30
54379 1 1041
54458 2 1022
54521 2 1605
54524 4 993
54525 1 1307
54527 1 1295
54528 2 900
54529 1 916
54530 1 900
54534 2 1649
54536 1 1001
54539 2 1132
54543 1 1020
54553 1 2793
54559 2 2260
54576 1 1577
54619 1 10647
54633 1 910
54635 1 536
54692 3 1956
54975 4 1380
54983 1 1045
55016 1 470
55017 1 479
55053 1 216
55063 16 17333
55111 2 1486
55112 1 1429
55116 1 1669
55137 1 481
55141 1 428
55142 1 406
55161 1 978
55162 1 1219
55304 20 1522
55311 3 738
55312 1 747
55443 1 1365
55500 1 1640
55527 1 172
55535 1 726
55555 1 999
55557 1 996
55558 1 721
55566 1 941
55567 1 952
55568 1 946
55569 3 896
55570 1 955
55571 1 717
55572 1 899
55574 1 824
55575 1 758
55597 2 472
55601 1 517
55607 1 9422
55619 1 988
55653 2 4392
55660 2 679
55661 4 646
55675 1 1312
55752 1 1787
55887 1 307
55906 2 1419
55921 1 1012
55938 1 219
56027 1 476
56175 3 8425
56180 2 1457
56240 1 1255
56256 1 1380
56257 1 1380
56258 1 1380
56274 1 2124
56296 1 983
56434 1 1631
56456 1 954
56460 1 519
56485 1 889
56496 1 1274
56503 1 5900
56523 1 856
56557 1 1778
56568 2 1095
56573 1 819
56604 1 2210
56613 1 321
56659 1 1655
56669 1 2701
56701 1 2806
56703 1 2682
56707 1 1732
56720 1 1269
56737 1 1156
56758 1 152
56763 1 150
56791 1 600
56792 1 1075
56802 1 8941
56822 3 4110
56827 3 3050
56856 2 427
56875 1 1032
56877 1 1601
56895 1 3189
56912 1 315
56969 1 1209
56985 2 1012
57000 1 1565
57012 1 813
57160 4 2069
57161 2 2080
57164 1 2492
57274 1 297
57286 1 2048
57288 1 2261
57302 1 815
57317 1 777
57321 2 1511
57394 1 2704
57398 1 701
57440 1 1299
57507 2 3268
57515 1 1112
57518 2 3333
57520 10 5772
57522 1 267
57532 1 1727
57743 1 2000
57744 1 2807
57758 2 2719
57759 1 1949
57767 2 1708
57800 2 1391
57804 1 1385
57834 1 4576
57835 1 642
57837 1 1247
57882 1 1245
57884 1 810
57889 2 805
57892 1 1014
57897 1 3276
57898 1 652
57899 3 2146
57914 4 2836
57952 1 8583
57953 1 8583
57987 1 460
57995 1 2088
58044 1 194
58090 1 222
58192 1 3058
58196 1 1000
58231 1 4145
58243 1 1796
58247 7 19391
58255 1 619
58301 1 390
58312 1 809
58329 1 1243
58330 1 1851
58339 1 561
58343 1 514
58361 1 69
58386 1 975
58388 2 1662
58420 4 8658
58441 1 1088
58443 1 731
58444 1 708
58451 2 1894
58459 2 1051
58462 1 1526
58466 3 987
58478 1 109
58494 3 499
58519 1 2675
58536 1 642
58537 1 645
58725 1 443
58748 1 1214
58760 1 666
58777 1 667
58782 2 2475
58797 1 268
58822 1 555
58891 1 1447
58892 1 1567
58893 2 1474
58894 1 1412
58901 1 900
58931 1 641
58940 2 4530
59044 1 1645
59122 1 158
59167 3 1393
59171 2 1633
59175 1 1913
59182 1 1241
59189 5 10518
59211 1 3035
59224 1 872
59233 1 959
59238 1 1214
59239 1 1020
59240 1 934
59263 1 5357
59307 1 1547
59308 1 1531
59350 1 8331
59366 1 1084
59375 4 1450
59402 1 4509
59423 1 13129
59444 1 689
59453 1 5553
59475 1 5201
59484 1 1395
59495 1 2353
59502 1 2133
59559 1 883
59567 1 1069
59585 1 1481
59605 1 850
59621 1 2882
59627 1 4734
59634 1 2585
59647 1 1537
59648 1 938
59651 1 1919
59663 1 525
59664 1 1642
59666 1 1637
59679 1 2650
59702 1 1311
59703 9 4221
59777 1 6060
59778 2 2131
59831 1 1069
59858 1 1684
59860 1 999
59874 1 4939
59877 2 686
59884 1 1934
59901 1 10800
59916 1 895
59983 1 2990
60002 3 486
60022 1 1635
60042 1 969
60053 3 1816
60060 1 899
60070 2 2663
60080 2 1464
60081 2 1163
60095 1 3074
60103 1 1494
60108 1 633
60173 2 2847
60204 1 310
60224 1 8194
60225 1 2094
60238 1 1338
60250 1 1405
60251 1 1629
60252 1 1550
60253 1 889
60254 1 1078
60267 2 598
60300 1 1826
60325 1 441
60338 1 2635
60366 2 3154
60462 1 1668
60486 1 1521
60507 1 4075
60522 1 1503
60524 1 765
60541 1 1488
60552 1 967
60587 1 306
60598 1 2552
60599 3 3625
60607 2 1057
60661 1 4572
60671 1 3451
60675 2 1688
60687 1 380
60691 1 1244
60708 1 1572
60729 1 159
60771 2 4604
60773 1 1253
60774 1 1280
60778 4 3600
60802 1 116
60848 1 1052
60871 1 158
60902 1 251
60950 2 452
60953 1 2570
60964 1 3850
60967 10 2534
60968 5 1740
61006 2 1253
61013 1 1077
61014 1 609
61015 1 600
61026 4 719
61043 1 4069
61054 1 1507
61055 1 1513
61059 2 4559
61129 1 689
61131 1 2971
61135 2 364
61179 1 2633
61186 1 14302
61187 1 15707
61188 1 29700
61208 1 203
61209 1 1298
61246 2 1024
61288 2 561
61307 1 814
61331 1 2243
61352 11 18809
61380 1 1616
61409 1 3387
61418 1 2160
61428 1 8357
61461 36 37128
61489 1 73
61497 5 5567
61506 1 3406
61507 1 1577
61523 1 3940
61558 1 237
61613 1 1024
61628 5 7244
61629 1 1176
61659 2 6067
61736 1 3608
61765 1 2458
61766 5 3802
61798 1 2257
61805 3 1227
61807 2 926
61810 2 890
61820 1 5698
61824 1 4512
61826 1 3738
61860 3 7381
61889 1 1761
61890 1 2025
61894 3 3336
61907 1 3429
61926 1 414
61938 1 6544
61939 1 10305
61948 1 1548
62011 1 1430
62028 4 6469
62049 2 1375
62052 2 2861
62095 1 1686
62121 2 1683
62132 2 564
62153 1 2377
62202 1 891
62257 1 782
62287 1 220
62297 1 1310
62340 3 4587
62350 1 671
62355 1 1114
62367 1 883
62514 1 3635
62537 1 427
62558 1 779
62559 1 939
62560 1 1029
62563 1 1007
62564 1 902
62646 1 573
62693 1 5347
62720 2 1714
62773 1 856
62824 1 4199
62828 2 1541
62829 2 1348
62836 1 1157
62850 1 849
62853 1 4078
62886 1 399
62933 2 987
62936 1 1651
62940 1 1750
62974 2 617
63010 1 162
63054 1 1936
63115 1 1113
63135 1 1045
63156 1 1380
63157 1 3445
63167 1 3539
63194 1 559
63200 2 714
63206 1 1190
63257 1 716
63258 1 1486
63282 1 1385
63283 1 736
63308 2 1302
63309 1 4077
63310 2 2477
63343 2 1651
63419 1 1505
63435 1 1477
63523 1 749
63554 1 2850
63686 1 3010
63689 1 998
63691 3 2596
63695 1 2625
63724 1 583
63725 1 591
63752 1 1290
63756 1 352
63761 2 1163
63774 1 49
63776 1 593
63777 1 2978
63778 1 2846
63779 1 2453
63791 1 1978
63796 1 555
63834 2 3002
63874 4 387
63883 1 1768
63890 1 497
63892 1 1816
63917 1 206
63961 2 1470
63969 3 2173
64010 1 2508
64013 1 2220
64028 1 604
64086 1 1979
64121 1 127
64206 1 92
64271 1 4396
64272 1 723
64290 1 728
64303 1 816
64329 1 779
64330 1 842
64335 1 785
64345 1 2095
64350 9 20899
64388 1 1483
64406 1 217
64410 1 1829
64424 1 739
64438 1 1078
64441 6 1108
64455 1 1106
64457 1 1102
64469 1 1141
64473 1 66
64503 2 1184
64538 1 337
64549 1 840
64587 2 1027
64649 1 244
64657 2 1109
64658 2 3929
64663 1 376
64919 1 1779
64934 1 1579
64936 2 1450
64942 1 731
64953 2 1176
64965 1 294
64985 1 501
64986 1 609
65029 2 946
65035 1 1584
65041 1 1469
65042 1 1185
65047 2 1509
65048 2 1262
65049 2 1334
65050 1 1333
65052 1 1530
65056 1 206
65082 2 2417
65091 1 2809
65092 1 2579
65093 1 2401
65094 1 2609
65100 2 420
65104 2 8712
65107 1 3809
65110 1 981
65120 1 2332
65129 2 15643
65272 1 2484
65300 1 158
65308 1 158
65331 1 161
65353 1 1202
65399 1 3181
65422 1 747
65430 1 480
65491 1 53
65537 1 3294
65586 1 1507
65599 1 4712
65654 2 498
65656 1 3685
65684 4 17249
65699 1 956
65703 1 991
65711 1 1186
65712 1 1221
65761 1 564
65790 1 5117
65815 3 2003
65829 1 1093
65833 2 900
65857 3 630
65874 1 930
65891 1 281
65937 1 1474
65938 1 1482
65945 1 2536
65958 1 1390
65961 6 2405
65982 1 678
65997 1 53
66026 2 1362
66043 1 997
66056 2 1412
66065 1 2315
66094 1 518
66095 1 602
66096 1 287
66102 1 833
66112 1 742
66118 4 6182
66155 6 2599
66182 2 1751
66210 4 308
66258 1 817
66275 1 985
66277 1 1687
66287 2 651
66300 8 15335
66310 2 8271
66313 1 1270
66319 1 636
66341 2 1025
66344 1 619
66379 1 2917
66402 1 435
66414 1 1699
66431 1 2939
66487 2 1154
66497 3 2312
66514 1 349
66521 1 949
66535 1 761
66563 2 3128
66590 1 1614
66620 1 42
66668 1 1340
66694 1 278
66716 1 908
66722 75 276701
66724 1 909
66747 1 917
66750 1 1405
66777 1 2447
66786 1 915
66832 1 1718
66833 1 1190
66872 1 1492
66874 26 2969
66886 3 3404
66915 1 4319
66950 1 10294
66973 1 1116
67013 3 888
67029 1 2546
67050 1 1452
67074 2 9837
67079 1 1585
67080 1 1502
67088 2 1089
67095 6 2223
67096 6 890
67144 1 987
67146 1 125
67168 2 2878
67195 3 6824
67216 1 1476
67218 1 1147
67257 1 1710
67356 1 2111
67359 1 3255
67360 1 1780
67376 2 951
67393 1 6324
67394 1 2122
67404 1 467
67409 1 5448
67415 1 10077
67432 1 609
67479 1 175
67486 1 938
67500 1 1244
67518 1 2462
67519 6 10460
67547 1 1341
67564 2 413
67661 1 952
67662 1 2616
67669 1 238
67687 3 948
67708 1 1247
67732 1 601
67750 1 1913
67789 2 1357
67797 22 1733
67811 2 686
67812 1 1753
67826 1 562
67835 2 1309
67844 1 2522
67875 1 1176
67878 1 1072
67882 26 3085
67883 26 3094
67885 1 1008
67889 1 2813
67892 1 1691
67893 1 4007
67899 1 4652
67900 1 1945
67902 1 1015
67917 1 768
67933 1 3340
67960 1 1066
67963 1 2024
67965 1 716
67967 1 559
68005 2 1868
68015 3 6966
68024 1 563
68073 4 3133
68120 2 7511
68147 1 440
68151 1 2465
68159 3 6709
68192 3 2334
68202 1 326
68203 1 304
68211 1 889
68217 1 5161
68255 1 408
68263 1 5972
68281 1 875
68293 1 376
68307 1 1697
68330 1 8380
68363 1 584
68364 1 1530
68375 1 1502
68420 1 2517
68425 1 927
68476 1 192
68573 1 361
68654 2 699
68657 1 1531
68660 1 1533
68680 1 9381
68681 1 4179
68697 1 1133
68699 1 763
68739 1 2373
68752 1 1201
68786 1 1076
68789 2 1320
68799 1 1185
68824 2 1068
68843 1 529
68844 1 591
68856 1 917
68879 1 1268
68896 1 1405
68898 1 907
68900 2 3607
68910 1 735
68917 1 1219
68925 1 605
68944 1 1017
68945 1 727
68956 1 2895
68964 1 11197
69039 1 938
69043 1 1118
69070 1 741
69266 1 2497
69334 1 764
69347 1 566
69407 2 834
69418 1 549
69423 2 1278
69455 2 942
69472 1 1422
69474 3 1458
69482 3 1352
69503 1 400
69506 1 1045
69515 1 3275
69521 4 6102
69547 1 5735
69548 4 1818
69693 1 326
69716 4 7169
69870 1 5850
69909 1 816
69912 2 863
69924 1 988
69925 1 986
69927 1 862
69929 2 933
69930 1 745
69936 2 308
69937 1 887
69940 1 889
69941 3 1020
69967 4 2207
69995 1 1038
70016 1 1509
70125 1 579
70163 2 1476
70170 1 428
70177 1 276
70236 1 3474
70279 7 12383
70317 2 438
70339 1 1475
70360 1 785
70368 1 777
70375 1 1033
70376 1 1020
70393 1 890
70431 2 2476
70432 1 1122
70442 1 4263
70471 1 1666
70483 2 2371
70569 2 326
70577 1 161
70626 1 1315
70629 26 3102
70632 2 1096
70731 2 925
70736 1 626
70739 1 2069
70746 5 851
70838 1 1950
70854 1 675
70859 1 617
70877 1 1501
70929 1 6834
70944 1 125
70967 1 494
70979 1 1611
70982 1 330
71038 1 257
71077 3 2876
71078 5 9605
71140 1 647
71180 1 1271
71209 2 647
71261 1 1189
71303 1 1741
71305 2 2754
71312 1 2042
71343 2 1350
71371 1 715
71420 1 874
71425 1 645
71519 4 2955
71534 3 2382
71537 1 1108
71547 1 4635
71552 1 325
71557 1 754
71567 1 4513
71595 1 1738
71608 1 458
71654 3 1043
71656 1 751
71739 1 933
71754 1 1287
71789 3 4220
71797 1 2293
71851 1 958
71852 1 998
71860 3 1550
71867 1 694
71871 1 1232
71894 2 2159
71895 2 3069
71896 1 3955
71897 2 2249
71905 6 1340
71906 6 1299
71911 2 5060
71916 1 1640
71937 3 400
71941 1 1460
72003 1 888
72004 1 8626
72042 1 2081
72062 1 865
72065 3 9229
72067 1 9227
72068 2 8137
72098 5 19912
72134 1 212
72142 3 2964
72146 1 1354
72168 2 1859
72176 1 2898
72179 1 174
72196 1 846
72201 2 5125
72217 1 1342
72277 1 1369
72282 1 2243
72306 1 2081
72323 1 2321
72324 2 3100
72326 1 997
72356 2 2591
72361 1 553
72380 1 3360
72389 1 595
72390 1 1313
72412 4 14176
72413 1 1983
72422 4 4394
72441 1 3167
72445 1 868
72446 1 1237
72456 1 792
72457 1 831
72480 1 585
72491 1 7016
72521 1 6698
72524 2 1868
72557 1 894
72558 1 612
72561 1 329
72602 1 12545
72610 1 715
72617 1 5161
72618 1 5500
72619 1 5216
72638 1 609
72642 1 1456
72663 1 1320
72675 1 8994
72697 1 1378
72712 2 1839
72717 1 714
72766 1 1339
72781 1 1433
72782 1 2059
72783 1 1487
72784 1 2240
72785 1 1571
72790 1 693
72793 2 4219
72794 1 1190
72812 1 1731
72825 1 4050
72827 1 7031
72831 1 6567
72837 1 3948
72844 1 1589
72884 1 2069
72897 2 3666
72899 2 20275
72903 1 896
72905 4 631
72909 1 846
72920 2 5462
72924 1 1464
72938 2 10696
72946 1 1541
72947 1 2310
72948 1 1879
72974 1 2607
72979 1 306
72982 1 5401
73010 1 648
73080 2 2339
73092 1 2999
73101 1 5854
73106 1 732
73116 1 545
73122 2 50
73144 1 148
73193 1 1571
73199 1 32
73203 1 958
73221 4 4913
73222 4 3558
73261 1 423
73287 2 2713
73290 1 1347
73291 1 988
73292 2 882
73297 1 933
73305 3 895
73306 1 648
73311 4 895
73320 1 425
73342 1 505
73347 1 2316
73392 1 1159
73404 1 728
73405 2 2119
73417 1 3750
73420 1 2204
73464 1 997
73498 1 2553
73591 3 2230
73634 1 218
73752 1 147
73762 1 2217
73770 3 775
73831 1 465
73846 2 393
73874 2 900
73883 1 883
73884 1 569
73899 1 829
73920 1 2452
73949 1 3890
74014 1 2062
74015 5 835
74016 1 3216
74063 1 1184
74094 1 3820
74109 1 680
74125 2 2057
74135 1 1169
74161 1 1031
74169 2 643
74179 1 4036
74209 1 508
74215 1 813
74348 2 745
74349 2 2378
74378 1 897
74379 1 864
74386 1 439
74402 1 12340
74432 1 3303
74434 26 3996
74437 2 6261
74438 2 1352
74446 1 1773
74500 1 1059
74565 1 1723
74579 1 720
74584 1 1755
74607 2 831
74645 1 6253
74649 1 533
74665 1 2881
74666 2 1855
74669 1 1071
74674 1 626
74677 1 1481
74706 1 5592
74707 1 4337
74708 1 4408
74758 1 1530
74766 2 6523
74777 1 1991
74803 1 6144
74804 1 1349
74831 3 1285
74871 1 1759
74910 4 1633
74914 1 387
75046 1 2104
75095 1 1238
75109 1 1277
75128 4 1475
75140 1 1565
75220 1 1738
75221 1 6839
75244 1 1376
75248 1 1379
75253 1 1646
75259 1 1890
75311 1 917
75314 1 480
75401 1 1247
75422 1 566
75429 1 158
75461 1 177
75529 3 8980
75530 1 2216
75531 1 1582
75534 1 9607
75540 1 3756
75552 1 3849
75556 1 1021
75560 10 874
75620 1 1034
75650 1 199
75752 1 1220
75756 1 814
75765 6 1306
75767 1 1290
75840 1 1024
75872 1 578
75920 2 4335
75922 3 3058
75927 3 4496
75932 1 498
75954 1 3743
75963 1 2775
75969 1 5873
75992 1 203
75995 1 200
76050 3 4066
76066 4 3438
76067 3 2476
76074 1 521
76087 1 627
76136 1 4953
76143 1 3616
76162 2 3412
76163 1 709
76174 27 20998
76245 1 6436
76261 26 3135
76262 1 3194
76263 1 1553
76265 1 331
76266 1 1340
76268 4 1592
76269 2 3998
76294 1 820
76303 1 1328
76304 1 5487
76314 2 579
76344 2 2359
76353 1 3328
76359 1 742
76394 2 2329
76398 1 487
76408 1 4367
76436 1 1234
76489 1 1295
76490 1 731
76526 1 4857
76527 2 493
76571 2 2525
76588 1 1544
76676 2 6037
76756 1 4633
76833 2 1925
76858 2 723
76868 1 1662
76886 6 4302
76907 1 758
76929 1 1278
77006 2 685
77007 1 2330
77015 2 1847
77021 1 896
77023 1 2768
77054 1 1501
77071 1 1827
77108 3 1362
77135 2 801
77181 1 1816
77188 1 389
77199 1 3580
77225 1 2945
77233 2 4265
77241 9 4192
77246 1 6149
77258 2 1408
77267 1 423
77271 2 381
77369 2 3515
77420 1 816
77427 4 151
77452 1 2364
77585 2 1389
77594 1 871
77605 3 1191
77606 1 903
77631 1 1190
77647 1 1135
77658 1 1463
77659 1 1655
77666 1 949
77803 1 711
77902 2 1655
77904 1 1498
77937 1 1234
77961 2 8551
78013 1 1893
78071 1 1162
78116 1 5040
