dad dad 3691 65215343 
39 1 1283
190 1 734
200 1 721
326 1 769
344 1 373
361 1 5027
399 1 1548
430 1 3354
529 1 6629
536 1 653
547 1 1844
556 3 3813
557 3 3639
574 3 820
625 1 5869
725 1 7096
732 2 1059
777 6 11416
845 3 1480
856 3 1130
937 1 467
1003 1 2079
1086 1 1477
1098 1 659
1172 3 644
1271 3 415
1280 1 1350
1360 1 1401
1362 1 3521
1367 1 4065
1371 1 1930
1435 2 3772
1469 2 2455
1470 2 960
1516 1 2384
1547 1 577
1634 6 30082
1647 1 10572
1758 1 553
1808 1 242
1835 1 1234
1861 1 5589
1933 2 749
1948 2 5448
2019 1 319
2102 1 853
2162 1 1205
2192 1 5833
2243 1 2003
2244 1 2544
2272 2 2226
2339 2 1043
2375 1 3907
2387 2 1420
2409 1 1038
2427 2 1375
2438 2 431
2549 1 834
2584 1 1016
2585 3 568
2586 1 490
2587 1 642
2635 1 914
2773 2 688
2825 2 2998
3017 3 1056
3096 2 1172
3109 2 3299
3200 5 1236
3205 1 1426
3301 1 4111
3313 1 2034
3314 1 2098
3322 2 6038
3383 1 10722
3386 1 1245
3417 2 955
3485 1 1068
3497 4 3011
3517 3 654
3536 1 1404
3570 1 549
3594 1 1229
3606 1 924
3607 1 763
3609 1 1300
3610 1 1186
3612 1 1293
3661 4 754
3747 2 1430
3785 1 403
3801 1 795
3832 1 7941
3855 2 365
3887 1 2632
3922 5 4998
3939 1 800
3957 2 783
4016 4 4260
4051 1 2046
4064 1 1206
4140 3 1055
4174 1 756
4189 2 1298
4202 3 2037
4295 1 1636
4296 1 6626
4297 1 7592
4298 2 7423
4346 1 1650
4357 1 687
4363 1 1332
4372 1 3440
4375 1 1815
4376 1 2069
4401 1 729
4417 1 4384
4489 1 2853
4524 1 2046
4527 1 3429
4582 1 1235
4612 4 1244
4704 1 1493
4714 2 1598
4821 2 2178
4828 1 1756
4861 1 2242
4932 1 1745
4949 1 2219
4960 6 791
4963 3 900
5002 1 577
5054 1 201
5134 1 183
5290 2 399
5318 1 469
5319 1 1028
5320 1 736
5321 1 1222
5499 2 44062
5514 4 580
5516 1 693
5619 1 1587
5671 1 364
5887 2 1156
5906 9 8444
5936 3 3330
5960 1 1674
5994 1 1504
6002 1 1405
6081 2 1357
6091 2 2877
6127 3 1065
6139 1 2754
6175 1 1916
6339 1 2231
6452 1 1643
6486 2 167
6573 1 1236
6755 1 302
6758 2 610
6760 1 806
6972 2 53
6987 5 559
6988 1 2056
7002 5 6389
7012 1 611
7168 2 589
7288 1 1137
7498 1 2754
7575 3 1899
7654 1 139
7658 1 271
7720 2 1667
7723 2 4731
7767 1 3013
7768 1 1818
7783 1 2144
7837 4 56
7882 1 220
7885 1 2709
7906 2 1860
7929 2 1641
7963 1 3329
7967 5 1641
7998 1 1191
8045 2 2218
8093 1 20088
8187 1 759
8297 1 12133
8317 1 1157
8371 2 1170
8405 1 941
8408 2 5505
8435 1 2734
8438 1 2090
8465 1 1696
8500 3 4697
8553 1 3414
8623 1 538
8640 1 823
8748 1 476
8749 1 795
8750 1 589
8751 1 1100
8891 1 953
8908 2 1392
8992 2 2708
9004 2 823
9133 1 4066
9188 1 1630
9233 2 979
9237 1 1379
9335 2 1057
9337 1 1665
9397 1 174
9406 1 1257
9408 5 342
9413 1 1215
9414 1 1114
9415 1 1070
9416 1 1927
9417 1 1074
9418 1 1081
9419 1 1689
9458 1 834
9463 1 3203
9489 1 6134
9518 1 541
9548 1 3267
9580 8 1345
9653 2 1497
9660 3 3500
9681 2 789
9736 1 1415
9750 1 1343
9830 2 1997
9872 2 764
9891 1 2022
9936 2 2878
9984 3 842
10072 3 681
10073 1 1739
10075 1 786
10098 2 1684
10120 1 1997
10121 1 2683
10122 1 2093
10123 1 2079
10134 1 438
10251 3 1893
10278 1 2690
10298 3 2030
10318 1 1328
10344 1 2552
10647 1 808
10724 1 362
10750 1 1327
10751 1 1074
10862 1 1361
11214 2 1706
11222 1 673
11248 1 11766
11297 2 1192
11365 1 1363
11393 3 250
11408 2 1192
11449 1 782
11465 2 2175
11466 1 2113
11467 1 3152
11468 1 1225
11754 1 1037
11978 1 250
11997 4 257
12097 3 27
12156 3 13898
12167 1 1026
12223 2 6167
12344 1 2265
12350 1 1687
12366 1 2385
12367 1 9446
12371 1 812
12372 1 829
12384 3 4014
12430 1 1737
12455 1 2015
12458 3 3716
12526 2 21005
12583 1 941
12592 2 1277
12638 1 6177
12653 1 1822
12671 3 803
12673 1 6656
12697 1 1979
12704 1 5255
12739 6 548
12745 1 972
12800 1 237
12809 1 1615
12814 1 46677
12819 1 578
12905 7 874
12924 3 1943
12940 1 639
12942 8 805
12974 1 4586
13040 1 1198
13060 1 3460
13062 4 2827
13122 2 8864
13151 1 953
13152 1 145
13189 1 1276
13229 2 3224
13238 2 877
13259 1 616
13315 1 1614
13317 1 274
13337 1 908
13440 2 1581
13449 2 2443
13454 1 1084
13499 1 5895
13548 3 6866
13571 1 841
13603 1 75
13624 2 1236
13638 1 1679
13695 1 2748
13697 1 3718
13862 1 3335
13863 1 3445
13864 2 867
13872 2 380
13958 1 614
13985 10 11629
14139 2 981
14190 2 1152
14278 1 1192
14313 2 5288
14558 1 877
14581 1 830
14619 1 1446
14721 1 4901
14723 2 4899
14731 2 788
14748 1 1244
14776 2 1585
14800 1 746
14878 1 3248
14948 1 64
15122 2 1151
15130 2 537
15131 1 473
15132 1 467
15137 2 2521
15138 2 1573
15239 1 442
15247 1 644
15306 5 630
15310 1 3417
15462 1 674
15576 1 2773
15621 2 2140
15664 1 1538
15812 2 591
15831 1 2451
15868 1 2468
15869 2 2413
15896 1 1143
15981 1 1404
16026 1 872
16105 2 1661
16137 2 1657
16196 1 1661
16204 1 3527
16209 1 1698
16224 1 1417
16253 3 370
16266 1 811
16268 1 240
16288 1 1218
16306 1 235
16316 2 3859
16341 2 9421
16354 2 986
16433 1 2178
16438 2 849
16453 7 3149
16491 1 6610
16492 1 3998
16540 3 2127
16589 1 3703
16590 1 3144
16591 1 6896
16592 2 2447
16647 1 1287
16718 1 1664
16724 2 706
16835 3 3680
16850 2 4537
16856 1 2460
16868 1 905
16887 4 2199
16896 1 809
16952 1 7998
16958 3 5800
16967 3 1212
16981 1 1907
16991 6 1092
17011 1 1488
17094 1 2308
17111 2 1220
17113 2 4319
17114 4 6140
17144 1 1165
17185 2 1163
17195 2 2000
17196 2 1736
17211 1 2036
17212 1 2040
17344 2 562
17352 2 5098
17354 3 1123
17441 1 2608
17506 1 1211
17507 1 992
17510 1 13439
17519 2 581
17537 1 215
17592 9 3800
17613 1 2393
17655 1 1980
17679 2 1875
17692 1 993
17723 10 564
17761 1 2572
17763 1 386
17904 1 6041
18054 2 2177
18123 1 2594
18278 2 1495
18305 1 298
18317 1 2463
18413 2 795
18452 1 771
18475 2 2196
18500 1 329
18535 2 1291
18620 3 3943
18621 1 5046
18654 1 15696
18712 1 781
18719 4 2396
18753 7 2030
18764 1 2816
18793 33 3927
18799 1 2303
18808 1 1566
18824 1 3146
18870 1 422
18871 1 1347
18893 1 852
18894 1 780
19066 1 1990
19067 2 2040
19153 1 3019
19189 3 848
19372 1 1825
19375 1 4252
19415 2 968
19620 1 1044
19646 1 974
19670 1 1951
19672 1 924
19681 1 10198
19864 1 1262
19872 3 1030
19876 1 1120
19884 1 5873
19899 3 6214
19913 1 2014
20014 3 1053
20015 1 2199
20016 1 3043
20017 1 5287
20156 1 303
20192 3 1513
20200 1 30304
20214 1 406
20242 5 1036
20250 1 488
20272 1 446
20369 1 781
20378 2 1896
20432 2 2495
20635 1 863
20698 1 3736
20701 1 2408
20710 1 6801
20777 1 1519
20807 1 2241
20831 2 5707
20868 1 3295
20876 2 1090
20910 4 565
20914 1 1215
20919 1 752
20921 1 983
20937 2 3666
20943 1 769
20986 1 1810
21114 2 1404
21118 1 1749
21155 1 263
21157 1 1251
21253 1 897
21289 4 3008
21291 2 1443
21299 4 9163
21336 3 4593
21453 2 196
21469 1 3531
21470 2 3587
21490 1 4936
21503 8 13267
21507 2 7373
21530 1 2863
21536 3 2487
21540 1 2076
21541 1 2076
21552 2 3528
21635 1 520
21637 3 10855
21649 4 2333
21650 2 574
21651 2 346
21661 1 5628
21662 1 3618
21687 1 796
21694 1 752
21813 1 930
21857 1 1149
21868 1 351
21953 1 1123
21955 3 2133
21957 4 1265
21958 1 1028
21981 2 3068
21989 1 2096
21993 1 2572
21996 2 2579
22007 1 562
22011 1 1160
22021 1 824
22045 1 2727
22046 1 1341
22047 1 2622
22070 8 1420
22092 3 8456
22093 3 10393
22216 1 13756
22450 1 867
22498 1 2128
22536 2 3918
22554 2 875
22586 1 627
22604 1 1011
22618 1 2272
22626 5 843
22634 1 401
22636 1 389
22869 2 1378
22986 1 1800
23188 4 152
23211 1 1665
23252 1 501
23283 1 4182
23479 1 295
23489 3 7818
23543 1 2015
23578 1 191
23588 1 2167
23590 1 931
23641 1 522
23644 1 2056
23656 2 885
23783 1 1502
23913 1 182
23930 1 129
24074 1 995
24088 1 1581
24093 1 4836
24096 1 3824
24119 4 14616
24130 1 559
24142 1 845
24220 1 1196
24242 1 831
24254 1 4321
24267 1 1344
24502 4 2202
24506 3 7516
24514 4 13551
24539 12 3939
24540 3 4575
24541 15 5645
24574 1 3225
24811 1 715
24813 2 1576
24826 1 1650
24827 1 1654
24828 1 1036
24927 6 1019
24954 2 340
25024 1 989
25181 3 420
25182 1 528
25183 1 551
25307 1 758
25318 1 759
25396 3 901
25397 3 869
25441 1 1222
25453 1 414
25507 1 1510
25547 1 3685
25551 1 668
25598 2 1060
25613 11 432
25656 4 4885
25686 1 583
25687 1 571
25703 1 625
25712 1 2401
25713 1 3056
25715 2 2184
25720 1 2037
25761 1 198
25781 2 1240
25783 2 3260
25891 3 2054
25895 2 1814
26020 2 535
26152 2 843
26214 1 968
26228 2 768
26240 1 208
26257 3 3709
26259 3 3718
26260 3 3718
26261 3 3710
26262 3 3711
26305 1 1140
26343 2 4639
26355 1 528
26449 1 7560
26480 1 2573
26509 1 526
26525 1 2013
26584 1 1355
26631 2 8025
26641 2 4691
26699 1 582
26795 1 849
26796 1 2116
26806 1 73
26811 3 1172
26837 1 978
26891 1 2493
26914 1 892
27000 1 147
27161 1 1496
27204 1 1300
27209 1 800
27217 1 865
27272 1 1722
27309 1 2591
27320 1 798
27322 3 3721
27324 3 3721
27391 1 4345
27392 1 4376
27412 1 1992
27414 3 870
27461 1 4148
27510 1 1431
27524 7 2332
27525 2 1284
27531 1 1681
27623 7 2360
27676 1 813
27763 1 642
27771 1 696
27779 1 4121
27808 1 2245
27832 1 1102
27872 1 3102
28032 1 1700
28033 5 2001
28034 1 1005
28121 2 981
28122 1 1430
28193 1 2289
28269 2 2495
28281 2 1378
28312 4 795
28343 2 610
28472 1 3173
28473 4 1706
28485 1 678
28493 1 987
28550 1 1171
28675 3 1685
28721 3 456
28727 1 670
28728 1 674
28871 4 2000
28873 4 750
28874 1 928
29064 4 1128
29070 3 1087
29089 1 4866
29140 1 1340
29169 1 532
29180 19 3520
29356 3 857
29357 3 856
29358 3 875
29360 3 886
29363 3 885
29364 3 859
29383 2 1087
29503 1 865
29572 3 2781
29625 1 10200
29648 5 8110
29788 2 2365
29823 1 2631
29833 6 835
29834 1 591
29846 1 615
29868 1 2187
29875 1 2653
29876 2 1991
29888 1 3407
29915 1 615
29974 2 277
30055 2 2125
30084 1 1077
30088 1 2391
30128 1 1329
30131 1 1922
30132 1 1913
30143 2 1666
30158 6 1827
30178 1 1110
30189 2 1236
30192 1 1145
30277 1 1384
30373 1 937
30527 3 303
30547 1 1086
30636 2 1957
30639 1 8117
30646 1 3639
30648 1 1003
30649 1 2455
30650 6 994
30747 1 4167
30765 1 1987
30808 2 2494
30833 1 1063
30916 1 1435
30917 6 514
30918 1 556
30919 3 487
30926 2 1007
30955 1 1113
31113 1 419
31133 1 1311
31272 1 586
31313 2 795
31438 2 1279
31448 1 3221
31566 3 1244
31757 1 786
31787 1 764
31824 1 213
31829 5 14263
31935 2 2200
31949 1 6125
32040 5 566
32231 1 687
32238 2 4115
32269 4 550
32295 1 3206
32297 1 3273
32298 1 3261
32388 2 24490
32406 2 1010
32414 1 1665
32608 1 1910
32643 2 1238
32671 1 1446
32701 2 249
32713 1 1212
32743 1 1903
32756 2 1374
32871 2 1078
32881 2 996
32898 2 1475
32905 12 686
32972 1 11367
32981 4 1223
32989 3 1412
32990 3 1413
33031 2 592
33130 1 1040
33189 1 1759
33234 2 832
33248 2 1227
33272 1 1656
33320 1 221
33377 4 1162
33491 13 880
33504 1 1979
33544 1 2303
33653 1 742
33686 1 2000
33732 1 809
33733 1 290
33751 1 3258
33765 2 4124
33766 8 1101
33776 1 871
33894 2 1158
34046 2 3718
34051 1 600
34087 1 3646
34111 1 1079
34170 1 771
34178 4 2529
34258 1 909
34264 2 389
34268 1 3482
34298 1 6813
34394 5 8616
34482 1 1107
34537 1 2175
34575 1 2031
34576 1 3903
34577 1 1088
34675 1 1999
34696 2 2011
34705 1 773
34770 1 709
34796 4 674
34808 2 1397
34855 1 395
34949 2 1920
35041 1 7162
35073 1 1101
35149 11 9307
35154 1 1597
35161 1 984
35191 3 374
35270 1 426
35333 1 5425
35370 1 1313
35372 1 1115
35403 1 2961
35421 1 591
35435 1 1070
35452 1 540
35455 1 554
35524 1 2484
35534 1 2007
35550 1 809
35687 1 909
35688 1 705
35724 1 2406
35842 1 1606
35857 1 1888
35877 7 1096
35897 1 182
35937 1 4486
35960 1 1879
36022 4 513
36033 1 3256
36095 2 993
36100 1 3371
36103 1 634
36134 2 19793
36284 1 1599
36285 1 1329
36286 1 1718
36295 1 882
36342 1 1083
36388 1 1567
36389 4 6107
36390 4 6107
36397 1 8678
36398 1 8678
36402 1 2671
36403 1 2989
36404 1 2989
36405 1 2989
36551 5 896
36624 3 1412
36625 3 1412
36626 3 1412
36681 1 2010
36682 1 2478
36684 1 1952
36724 1 2272
36728 1 1234
36796 1 1826
36873 1 4539
36896 1 659
36942 1 727
36944 1 1225
37011 2 2340
37023 1 2246
37068 1 1051
37140 1 1347
37172 3 2396
37177 1 10680
37182 1 13117
37200 1 724
37212 1 697
37253 2 188
37323 2 7159
37418 1 1786
37422 1 917
37427 2 7481
37428 1 810
37434 1 6835
37539 1 409
37555 1 959
37608 1 879
37614 2 4640
37616 2 8646
37620 1 1774
37630 1 2027
37650 1 2418
37661 3 5314
37673 5 954
37686 1 2096
37692 2 1697
37732 1 1492
37734 1 3488
37735 1 1882
37736 1 1948
37737 1 1881
37738 1 991
37778 3 1729
37955 2 424
37964 14 2710
38012 1 1140
38014 1 1335
38035 1 1861
38089 1 3093
38094 2 2311
38118 5 846
38152 4 524
38178 1 648
38189 2 3745
38221 1 1823
38365 3 774
38403 1 1800
38418 1 1491
38452 1 1545
38555 1 946
38571 1 823
38663 6 3825
38686 13 2997
38711 3 2289
38733 1 798
38796 6 3677
38802 1 4212
38804 1 1858
38820 1 2102
38910 1 7766
38958 3 1370
38988 10 1155
39092 1 2067
39132 1 3874
39133 1 232
39136 1 1787
39169 1 982
39175 3 3064
39193 2 3626
39204 1 908
39238 2 1675
39239 5 819
39240 2 1187
39241 4 7079
39256 2 1626
39272 1 730
39276 2 3501
39278 2 5705
39279 2 5440
39294 1 1948
39313 1 2054
39314 2 1784
39327 3 897
39473 2 461
39494 1 867
39495 2 504
39707 1 818
39735 1 173
39761 4 162
39774 1 1715
39782 1 1509
39939 2 2186
39978 1 30166
39995 3 2204
40033 1 2140
40039 1 653
40093 1 4751
40182 1 924
40190 1 953
40198 8 5290
40199 1 1194
40251 1 1196
40253 3 3705
40255 3 3713
40257 3 3718
40347 1 461
40352 1 1634
40371 1 1103
40387 1 803
40396 1 325
40444 2 1611
40496 1 3146
40520 1 881
40540 1 815
40579 1 4144
40630 1 5684
40637 1 7547
40670 1 2018
40685 2 2772
40746 1 321
40764 1 793
40770 9 1680
40775 1 1455
40858 1 554
40944 1 5673
40993 1 3833
41035 1 972
41090 1 911
41113 1 1884
41117 2 1658
41142 1 625
41162 1 1960
41182 1 2196
41233 1 1484
41247 2 1335
41424 3 924
41433 1 750
41762 1 674
41824 1 848
41837 1 1734
41855 2 608
41859 1 860
41985 1 752
42058 1 1781
42075 1 1237
42086 1 754
42129 1 4735
42135 1 5733
42150 2 2706
42155 1 2406
42179 5 1490
42212 1 527
42251 1 908
42266 1 1519
42323 2 478
42358 1 1430
42373 1 138
42571 1 844
42627 2 1127
42648 1 4779
42677 1 1567
42678 1 1567
42679 4 6107
42680 4 6107
42891 3 920
42928 1 2793
42929 1 395
43017 1 201
43044 1 1869
43061 10 3075
43069 1 1058
43121 1 284
43160 1 1940
43438 2 2070
43448 13 5826
43476 1 2726
43477 1 22611
43493 1 672
43534 1 219
43551 2 1826
43562 1 682
43640 1 634
43679 1 494
43740 2 638
43785 1 2976
43817 1 739
43839 1 1259
43843 2 878
43849 1 648
43943 1 2720
44080 8 3596
44105 2 2359
44109 1 1504
44130 1 6601
44157 1 2662
44187 1 1048
44206 1 1686
44218 1 6003
44258 2 2515
44294 1 1110
44306 1 1498
44333 1 2947
44372 1 5509
44427 2 1106
44430 2 967
44432 2 762
44469 1 1847
44478 1 1098
44577 2 470
44590 1 3346
44865 5 581
44927 2 2922
44937 1 1292
45247 1 1519
45679 1 695
45809 3 1675
45826 2 8235
45858 1 2087
45859 2 21421
45891 1 1092
45918 1 552
45935 1 4684
45978 1 2264
45992 4 640
45996 1 1166
46154 1 1899
46172 1 1337
46308 1 491
46322 4 1537
46378 1 6175
46391 1 2268
46393 1 1295
46432 2 3117
46536 1 1419
46627 1 4426
46637 2 1010
46646 1 1436
46740 2 1167
46749 1 6951
46753 2 1413
46779 2 1776
46998 2 1512
47078 2 668
47079 5 757
47094 1 829
47133 1 1102
47137 1 1329
47143 3 411
47215 2 1630
47437 3 1517
47459 11 8496
47474 18 5150
47545 1 1640
47549 1 978
47559 1 11224
47562 1 1450
47647 1 5076
47652 2 2313
47802 3 1203
47805 1 1031
47891 2 1182
47898 1 1891
48159 1 849
48253 2 2008
48256 13 1990
48260 1 1199
48268 2 5058
48269 4 11120
48272 2 849
48287 1 2481
48288 1 2866
48297 1 1099
48306 1 394
48359 5 3631
48368 1 585
48369 1 637
48370 1 575
48371 1 728
48372 1 672
48380 1 522
48388 1 1006
48416 2 1759
48469 1 2316
48595 1 1795
48618 1 1867
48683 1 1360
48712 1 182
48764 2 1470
48818 1 3023
48863 1 749
48907 1 1902
48912 2 2452
48944 1 507
48970 1 2668
48982 1 2668
49029 1 3596
49034 1 2025
49148 2 1740
49184 2 2455
49232 1 5655
49256 1 1312
49257 1 1855
49258 1 1049
49259 1 953
49260 1 1319
49261 1 1071
49343 1 1496
49352 2 2586
49516 1 1481
49577 1 2475
49798 1 852
49842 1 2475
49854 1 300
49855 1 561
49856 2 476
49888 2 870
49905 1 2350
49931 2 2794
49941 1 437
49963 1 364
49971 1 2684
49988 1 2850
49989 1 1751
49990 1 3509
49991 1 1914
49992 2 1485
50023 1 898
50028 1 1566
50031 1 1861
50034 1 1651
50209 1 1735
50210 1 2088
50211 1 1608
50212 1 1522
50213 1 1995
50214 1 1560
50215 1 537
50216 1 1284
50217 3 1971
50291 1 599
50317 3 2395
50353 1 2913
50369 2 1117
50381 1 463
50382 1 1337
50383 1 995
50384 1 680
50385 1 413
50386 1 695
50387 1 427
50388 1 592
50389 1 685
50390 1 803
50391 1 703
50394 1 644
50431 1 1740
50464 4 2946
50485 1 3231
50542 1 2306
50549 1 434
50556 3 1044
50579 1 1575
50613 2 2424
50783 3 2276
50895 2 2073
50983 3 16660
50997 2 1017
51002 5 1417
51019 1 1182
51022 2 2835
51030 1 2989
51129 1 1097
51236 1 1936
51237 1 2338
51305 1 1663
51323 4 1148
51356 1 903
51431 3 396
51460 1 1604
51523 1 1944
51560 1 1283
51604 1 803
51619 1 697
51638 2 3650
51699 1 1261
51780 1 1235
51827 1 2148
51846 1 1126
51976 1 1263
51993 3 12689
52012 6 175
52019 1 1451
52028 4 5224
52030 1 1803
52074 2 7011
52098 2 1384
52188 1 1096
52251 1 694
52259 2 1440
52267 2 949
52268 1 1097
52280 2 1474
52404 4 1285
52478 1 2078
52484 1 5765
52499 7 936
52500 1 3237
52501 1 1203
52505 2 2436
52541 1 3260
52558 6 724
52588 2 827
52615 2 935
52638 5 1649
52783 1 129
52793 1 1152
52807 1 293
52845 3 159
52930 1 845
52946 3 1982
52977 2 1736
53038 3 2169
53074 2 940
53079 1 403
53100 1 928
53105 1 1782
53155 1 1070
53236 2 3296
53244 1 2636
53248 1 5457
53332 1 2573
53360 6 366
53413 1 129
53430 2 48057
53506 1 341
53549 2 1593
53558 1 5589
53712 1 539
53762 1 444
53766 2 1364
53771 1 1481
53847 1 1188
53858 1 73
53881 1 1613
53890 1 3997
53891 1 3993
53892 1 3994
53908 1 1337
53910 1 1481
53925 1 1795
53926 1 2454
54167 2 423
54209 1 1340
54251 1 499
54252 2 735
54387 12 430
54388 2 602
54389 2 756
54390 8 442
54450 1 576
54559 3 2260
54631 2 41
55054 5 4966
55066 1 3616
55068 1 3268
55082 1 985
55092 2 1807
55094 3 12123
55128 1 1409
55145 4 987
55146 1 2594
55151 1 1332
55153 1 1633
55480 1 788
55517 1 1625
55518 1 1128
55528 1 1027
55607 4 9422
55753 1 4189
55890 1 48
55913 1 1188
56017 1 1819
56025 3 970
56030 1 581
56147 1 515
56223 1 5116
56226 1 829
56282 1 1567
56283 1 1928
56284 2 880
56497 1 2476
56521 2 5019
56536 2 906
56566 1 721
56580 2 1537
56593 1 1203
56669 1 2701
56673 1 1109
56703 1 2682
56721 1 480
56722 1 901
56723 2 1252
56724 1 634
56725 1 453
56726 1 517
56734 3 1457
56735 6 2263
56821 1 6607
56822 1 4110
56861 1 1250
56866 1 1626
56893 1 176
56902 2 626
56915 2 4927
56961 1 7535
57040 1 3492
57226 1 11510
57371 3 1247
57372 2 2559
57403 1 1067
57436 2 3484
57510 2 2365
57517 1 1069
57523 1 1045
57530 1 2185
57769 1 3472
57799 3 1179
57810 1 1482
57879 3 1521
57906 1 1412
57954 1 4003
57989 1 3603
57991 2 1504
58166 1 61
58244 1 850
58346 2 948
58383 1 1351
58484 9 1130
58739 3 865
58742 3 891
58743 3 909
58744 3 866
58773 1 1702
58800 1 479
58837 1 3342
58965 1 5140
58966 1 5767
59072 1 10092
59194 1 621
59209 2 2825
59291 1 602
59309 5 1651
59390 2 1152
59394 1 1328
59398 2 1993
59416 1 2234
59430 1 3685
59470 1 3154
59482 1 275
59494 3 2310
59507 2 1225
59508 2 1122
59522 2 1856
59525 2 1109
59588 2 1547
59627 1 4734
59630 1 5288
59639 1 3423
59678 1 1480
59679 1 2650
59680 1 2653
59681 1 3350
59686 1 1195
59691 1 2592
59937 1 860
59938 2 1265
59939 1 664
59940 1 792
59941 1 618
59942 1 838
59986 1 4731
60022 3 1635
60030 1 10533
60037 1 4344
60038 1 3448
60039 1 4322
60040 1 5727
60114 2 998
60172 1 1266
60181 2 1881
60232 1 729
60249 1 1398
60365 1 754
60366 1 3154
60378 1 1208
60434 1 1031
60446 1 1213
60512 1 1242
60513 1 344
60522 1 1503
60586 2 238
60595 1 3346
60713 1 3384
60804 1 1666
60821 1 657
60822 1 5864
60848 2 1052
60935 1 2979
60950 1 452
60954 1 1837
60957 1 3093
61015 1 600
61043 1 4069
61131 3 2971
61196 1 1748
61269 4 8764
61309 1 319
61330 1 1389
61354 6 732
61409 1 3387
61423 5 1232
61462 1 568
61472 2 2455
61523 1 3940
61554 2 958
61560 1 1336
61609 1 1119
61624 1 1565
61625 1 1309
61626 1 1747
61713 1 4885
61786 2 849
61799 2 1049
61820 1 5698
61821 1 3538
61822 1 5496
61823 1 3825
61824 1 4512
61825 1 2161
61826 1 3738
61827 1 4204
61828 1 2374
61829 1 3211
61830 1 2081
61831 2 1756
61832 1 2493
61833 1 7073
61834 1 2191
61862 2 5528
61876 1 2252
61882 1 454
61894 1 3336
61895 1 1396
61909 1 3209
61910 1 1215
61911 1 984
61938 1 6544
61939 2 10305
61998 1 806
62013 3 1235
62029 1 840
62139 1 252
62209 3 136
62212 1 986
62258 1 2177
62267 1 526
62289 1 772
62344 1 1459
62397 1 7643
62588 2 8596
62613 2 5274
62707 1 507
62774 1 1461
62781 2 1596
62902 1 2612
62912 1 6714
62928 1 709
62937 2 1048
62938 2 1036
62939 2 1044
63048 1 335
63058 2 1372
63059 2 1717
63060 2 1082
63061 2 5120
63062 2 1067
63063 2 1595
63064 2 1202
63065 2 1209
63114 1 1012
63155 1 1358
63156 1 1380
63157 3 3445
63279 2 1413
63287 1 2749
63309 1 4077
63323 3 549
63339 1 1381
63342 1 1326
63353 1 892
63354 1 933
63355 1 940
63415 2 786
63520 1 1303
63555 96 7057
63597 1 1946
63690 3 3198
63706 1 1710
63708 1 2012
63722 1 980
63791 1 1978
63893 1 319
63930 2 1373
63964 1 1764
63965 1 1353
64030 1 809
64039 1 769
64050 2 3580
64051 2 3589
64054 1 1617
64055 1 1617
64056 1 1617
64093 1 1998
64094 1 3694
64303 1 816
64318 1 2610
64343 3 1275
64347 2 706
64458 5 652
64459 1 783
64539 1 837
64681 2 3466
64995 2 1355
65030 1 437
65039 1 570
65421 1 3586
65423 4 720
65474 2 1571
65478 1 450
65479 1 841
65480 1 718
65481 3 1071
65487 1 400
65790 1 5117
65896 1 3671
65905 3 1164
65980 1 4583
66018 3 1246
66310 7 8271
66415 2 6038
66486 3 1876
66487 2 1154
66564 1 2309
66601 1 1937
66630 1 353
66645 1 379
66679 1 849
66681 1 894
66682 1 897
66698 1 2058
66734 1 1280
66762 7 1134
66766 2 1240
66771 1 3499
66776 2 1404
66816 1 790
66823 4 9403
66877 1 483
66915 1 4319
66986 1 1160
67000 1 464
67001 1 1320
67002 1 6563
67047 1 2295
67077 10 248
67286 1 1904
67334 2 1465
67352 2 2080
67355 1 6043
67365 1 1630
67374 1 1178
67396 1 613
67397 1 908
67406 1 1549
67409 1 5448
67415 1 10077
67460 1 791
67487 1 1918
67494 1 779
67578 1 750
67611 2 626
67642 1 813
67643 1 940
67644 1 847
67662 1 2616
67770 1 1180
67802 1 310
67803 1 932
67806 1 1454
67834 1 1534
67848 2 691
67878 1 1072
67880 2 1302
67900 1 1945
67928 1 1081
67933 1 3340
67960 1 1066
68008 1 1300
68073 7 3133
68123 1 1190
68148 1 801
68210 1 1864
68215 2 646
68224 1 201
68321 2 1535
68348 2 2811
68379 2 1093
68380 2 542
68381 2 476
68382 2 492
68388 7 2572
68393 2 3580
68396 1 1617
68420 1 2517
68421 7 2923
68435 1 1168
68436 2 2388
68437 1 2115
68659 1 784
68751 1 1427
68752 2 1201
68846 3 1502
68847 2 2391
68848 1 459
68879 1 1268
68920 1 2788
68964 5 11197
68968 1 604
68969 1 746
69331 1 1693
69423 1 1278
69427 2 894
69524 1 453
69528 1 1563
69530 2 3436
69824 1 1647
69873 1 737
69917 2 3612
69920 1 2823
69990 1 3720
70015 1 864
70022 1 894
70119 2 819
70207 1 10208
70276 1 1117
70277 1 1393
70294 3 772
70377 1 5997
70429 1 856
70435 1 3103
70618 3 1216
70638 1 1325
70738 1 3457
70739 1 2069
70838 1 1950
70847 1 1069
70870 1 2226
70881 3 1568
70883 1 487
70963 1 725
70978 2 606
70991 6 2170
71002 2 725
71019 2 763
71022 1 2146
71137 2 9411
71146 11 324
71192 1 407
71268 1 1811
71315 1 6723
71329 1 1464
71364 1 998
71374 1 1324
71419 1 2738
71421 1 1040
71432 1 2398
71595 1 1738
71630 2 3469
71740 3 674
71741 1 669
71742 1 541
71762 1 1315
71809 2 1200
71833 1 2056
71908 2 1014
71941 3 1460
71963 1 203
71966 1 746
72044 4 1586
72050 1 1296
72081 2 3204
72084 1 753
72096 1 1559
72139 1 1020
72239 1 454
72246 2 1076
72261 2 1341
72272 1 1892
72351 1 1344
72366 1 1256
72371 1 804
72412 1 14176
72413 1 1983
72551 5 1520
72581 1 1872
72582 1 1345
72583 1 1935
72584 1 1934
72614 1 622
72644 1 1015
72723 2 904
72768 2 894
72789 1 964
72808 1 63
72825 2 4050
72833 1 2038
72834 1 2774
72835 1 2083
72836 1 2346
72837 1 3948
72838 1 1838
72839 1 2764
72843 1 2753
72858 1 1852
72859 1 1218
72879 1 7089
72893 2 929
72909 1 846
72917 1 26
72919 2 5881
72920 1 5462
72930 1 2073
72954 1 1348
72955 1 1468
72956 1 1194
72982 1 5401
73016 1 1141
73023 2 1400
73040 2 511
73088 1 4779
73092 1 2999
73117 1 1006
73148 3 5628
73221 2 4913
73222 6 3558
73252 1 2017
73253 1 2048
73254 1 2203
73269 5 1625
73361 4 1411
73426 2 1568
73653 1 1004
73656 2 1671
73773 1 1031
73791 2 179
73799 1 6946
73935 1 1293
73953 2 39
73956 1 2798
73973 1 800
73975 1 850
73976 1 844
73977 1 855
73996 1 7920
73997 1 10376
74018 2 1288
74047 1 590
74067 1 6352
74117 1 1244
74121 4 2293
74147 1 752
74151 1 1393
74154 1 798
74155 1 848
74175 1 671
74212 7 649
74278 8 1950
74390 1 3030
74446 1 1773
74510 1 1467
74575 2 2107
74687 1 114
74706 3 5592
74707 15 4337
74708 8 4408
74871 1 1759
74918 1 2041
74932 9 1237
74968 1 18
75169 16 9895
75205 18 3189
75240 11 5462
75243 1 1489
75253 2 1646
75307 1 1330
75467 1 1179
75493 2 1348
75526 1 1968
75528 1 170
75530 1 2216
75531 1 1582
75532 1 2113
75533 1 1660
75752 1 1220
75774 1 1079
75775 1 197
75919 1 1340
75931 2 1439
75951 1 596
76012 1 1064
76096 1 886
76104 2 2832
76105 3 6146
76106 5 4999
76109 1 1242
76137 2 2520
76171 1 783
76174 2 20998
76214 3 1592
76237 1 1365
76244 7 937
76320 1 908
76338 3 1039
76368 3 1834
76423 1 1266
76435 1 2179
76450 1 287
76482 2 534
76489 1 1295
76521 4 1643
76529 1 10440
76588 1 1544
76609 1 78
76751 1 953
76753 1 3309
76784 2 654
76793 3 5567
76851 1 1663
76995 1 1773
77028 1 969
77048 3 1229
77055 2 1676
77057 1 1725
77076 1 3304
77170 1 1984
77175 1 1008
77259 2 726
77416 3 626
77437 2 562
77486 1 1139
77487 2 916
77488 1 464
77529 8 628
77576 1 4731
77579 6 621
77631 1 1190
77652 1 3016
77834 1 3498
77860 1 2146
77946 1 2824
78015 2 1060
78016 2 1060
78112 1 1269
78117 1 1978
78118 1 2357
78119 1 1030
