reckless reckless 294 65215343 
613 2 3927
1082 1 1118
1283 2 1543
1431 1 3318
1551 1 1402
1885 1 602
2043 1 968
2170 1 720
2746 1 349
2809 1 8131
3362 1 435
3863 1 4935
3943 1 204
4051 2 2046
4073 1 769
4200 1 1162
4464 1 1473
5995 2 1761
6094 1 1655
6163 1 4318
6304 1 3270
6890 1 855
6905 1 421
7575 1 1899
7710 2 4326
8040 1 669
8409 2 3217
8419 1 441
9467 1 4306
9471 1 2467
9472 1 2285
9549 1 560
9867 1 1127
10804 2 795
10842 1 1865
10991 1 1582
12057 1 392
12067 1 434
12456 2 4543
12520 2 6343
13243 1 1319
13313 1 1497
13565 1 2701
13651 1 840
14065 1 611
14380 1 662
14461 2 650
14582 2 909
14724 1 5113
14858 1 3107
15273 1 1030
15757 1 7636
16780 1 2693
16857 1 2221
16858 1 2375
16859 1 2243
16860 1 2032
16861 1 2164
16862 1 2184
16863 1 2074
16864 1 2089
17013 2 9772
17156 1 1346
17211 2 2036
17212 2 2040
18567 1 1311
18622 1 5539
18704 1 1305
18966 1 7427
19898 2 4338
20017 1 5287
20679 1 6821
20739 1 319
21299 1 9163
21359 1 13839
21516 1 762
21540 2 2076
21541 2 2076
21613 1 1522
21955 1 2133
21960 1 7778
22093 1 10393
22159 1 2515
23364 2 2776
23796 1 756
24157 1 10311
24219 1 7326
24457 1 5563
25547 1 3685
26026 1 261
26410 1 944
26525 2 2013
28016 1 682
28695 4 1876
28707 1 606
28848 3 449
29857 1 731
29887 1 3070
29991 1 10803
30618 1 763
30891 4 2618
31320 1 2381
31666 1 609
32752 1 2880
33053 1 511
33057 1 796
33188 1 10275
33586 1 2998
34052 1 11789
34288 1 1049
36148 1 496
36187 1 4259
36228 1 176
36370 1 898
36666 1 413
36869 1 1242
37064 1 743
37172 1 2396
37193 1 4630
37219 1 418
37323 1 7159
37547 1 1110
37655 1 1979
38715 1 5564
38988 1 1155
39276 1 3501
40400 1 2099
40670 2 2018
40763 1 3495
40936 1 3129
41233 2 1484
41532 1 4045
41675 1 1320
42265 1 1288
42309 2 5367
43041 1 453
43380 1 406
43724 2 3202
44240 1 349
44255 1 1773
45093 2 856
45236 1 735
46092 1 692
46139 1 980
46388 1 81863
46777 1 3791
47199 3 3686
47528 2 4592
48078 1 11919
48180 1 25164
48327 1 509
48475 3 4416
48591 1 365
48693 1 470
48748 1 1218
48924 1 3784
49105 1 2283
49393 1 1075
50439 1 3976
50492 4 3702
50545 2 531
50598 3 5177
50777 1 1369
51022 2 2835
51645 2 221
52120 1 639
52372 1 710
52473 2 1195
53430 1 48057
53773 1 1265
54166 1 416
54927 1 1073
55425 2 633
55634 1 1214
55699 1 1333
55723 1 367
56877 2 1601
58331 2 437
58451 3 1894
58930 1 1881
59350 1 8331
59770 1 1910
59982 1 4938
59983 1 2990
59984 1 2885
59985 1 4522
59986 1 4731
59987 1 5303
61043 1 4069
61789 1 1209
62180 2 838
63309 1 4077
63522 1 291
63565 1 3099
63633 1 277
63691 1 2596
63708 2 2012
64557 1 706
66162 1 3524
66179 1 595
66253 3 2409
66761 1 362
67706 1 1416
68073 1 3133
68728 1 596
68960 1 1724
72039 1 5516
72412 1 14176
73009 4 847
73148 1 5628
73833 1 458
73848 2 507
73945 1 10857
74114 1 3421
74116 1 4873
74265 1 962
74722 2 459
74923 1 474
74969 1 82
75262 1 1538
75263 1 1329
75883 2 1202
75892 1 368
75951 1 596
76357 2 2792
76529 1 10440
76582 1 1126
76683 1 1619
76753 1 3309
77060 1 4150
77576 1 4731
77944 1 860
