emot emot 4111 65215343 
133 1 3237
135 1 275
178 1 842
261 9 818
331 1 735
375 1 10166
383 3 719
417 9 1007
419 3 931
430 1 3354
461 1 5431
474 2 3627
500 2 1485
557 1 3639
625 2 5869
710 1 958
716 1 1108
816 1 2271
895 1 1608
964 2 3624
966 1 6046
967 2 4480
1048 1 1240
1064 3 793
1141 1 465
1142 1 465
1143 1 465
1149 3 1495
1156 1 568
1163 1 1777
1198 3 1535
1402 1 3038
1452 2 6140
1565 1 2063
1634 15 30082
1637 1 678
1666 1 1519
1675 1 1220
1741 7 5895
1827 1 1488
1834 1 1298
1897 1 2847
1991 1 835
2014 2 1601
2133 1 1238
2168 1 1638
2226 1 1993
2227 1 1993
2228 1 1993
2243 1 2003
2504 1 5375
2538 1 884
2576 2 751
2622 1 2635
2687 1 1139
2695 4 2852
2716 1 4798
2727 1 4008
2771 1 3216
2798 1 1289
2809 2 8131
2814 1 165
2821 5 1096
3017 1 1056
3041 1 1558
3096 1 1172
3109 1 3299
3134 2 1532
3195 1 2888
3196 1 2596
3217 1 2264
3281 1 3667
3372 1 940
3381 1 2093
3383 2 10722
3409 1 3574
3440 1 1888
3579 1 4684
3656 1 1437
3767 1 1085
3833 1 1551
3847 3 27149
3853 1 987
3856 1 324
3914 1 371
3919 3 385
3922 1 4998
4004 1 2253
4012 1 330
4016 2 4260
4061 1 335
4068 1 8611
4080 1 689
4185 2 1839
4187 2 7906
4196 3 6780
4308 3 2754
4366 2 1654
4367 1 1283
4372 3 3440
4374 1 5584
4418 1 2251
4450 2 6385
4470 2 1463
4478 1 3007
4479 2 2646
4487 6 777
4500 1 920
4515 1 1638
4615 2 3920
4629 1 1080
4640 2 3309
4680 1 643
4697 1 447
4719 1 1062
4753 1 5716
4755 1 1016
4795 2 737
4840 2 5531
4845 1 1449
4852 1 1294
4867 1 1035
4947 1 848
4948 1 3561
5066 2 521
5218 4 1503
5283 3 1128
5393 1 1000
5406 1 712
5415 1 3073
5469 1 770
5485 1 864
5518 1 2428
5527 1 2431
5547 2 1154
5608 1 622
5615 1 1194
5812 2 1672
5869 1 779
5870 1 795
5879 2 452
5894 1 4730
5926 1 891
5936 1 3330
6013 2 2929
6014 1 3067
6057 1 1652
6093 1 2317
6120 3 1179
6123 1 1295
6183 1 2719
6296 2 3125
6298 2 3012
6299 2 3048
6300 2 3029
6301 2 2972
6302 1 2959
6303 2 2969
6304 2 3270
6305 1 2963
6339 2 2231
6529 2 1619
6583 1 7454
6624 2 1092
6751 1 1332
6844 1 406
6862 1 506
6935 2 510
6992 1 1337
7052 1 1095
7130 2 736
7159 1 3906
7287 2 4774
7522 1 859
7538 1 1221
7573 3 4835
7603 1 987
7638 1 1131
7655 1 693
7680 1 282
7701 1 1565
7745 2 1512
7773 1 7884
7775 5 3220
7899 1 1265
7906 3 1860
7975 4 2578
7998 1 1191
8025 1 108
8045 3 2218
8051 4 1966
8111 1 712
8116 1 677
8122 3 5509
8139 2 4927
8145 1 1136
8170 1 1492
8204 1 4600
8238 1 1131
8256 1 561
8295 1 1426
8297 1 12133
8314 2 1237
8320 1 664
8325 1 1883
8382 1 19553
8403 1 2102
8408 1 5505
8422 1 5132
8460 1 2825
8461 1 2678
8508 1 5791
8642 1 1636
8693 2 796
8757 1 632
8850 1 3830
8890 2 5449
8903 2 1242
8913 12 12589
9057 2 1319
9109 1 669
9169 1 2306
9173 3 6443
9189 6 3116
9359 1 1309
9489 1 6134
9490 2 2974
9492 1 6158
9548 1 3267
9555 1 1695
9579 1 911
9594 1 994
9658 1 268
9659 5 10789
9704 1 1126
9724 1 1634
9731 2 2183
9767 1 905
9771 33 1844
9783 1 1288
9804 1 5129
9908 1 673
9984 1 842
10004 1 309
10005 1 430
10006 1 429
10007 1 444
10068 1 1756
10144 2 3206
10271 1 930
10278 1 2690
10289 1 8941
10318 1 1328
10344 2 2552
10383 1 473
10402 1 997
10445 4 850
10455 1 1009
10520 1 2057
10596 1 964
10601 1 2025
10617 1 1222
10670 1 1360
10678 1 694
10744 2 1273
10754 2 1057
10850 1 1482
10896 1 932
10942 1 1886
10949 1 4327
10979 1 1181
10991 1 1582
11085 2 1102
11123 1 714
11175 1 544
11245 1 1612
11258 1 1346
11403 10 2453
11441 1 1134
11504 1 279
11633 2 2246
11654 1 1757
11863 1 1940
11967 2 4440
12121 2 1787
12131 1 841
12156 8 13898
12205 1 811
12243 1 1176
12246 2 1784
12278 2 2692
12332 1 1098
12344 6 2265
12366 1 2385
12369 1 1673
12389 1 4357
12434 2 2955
12437 1 1351
12455 2 2015
12456 1 4543
12492 2 1681
12495 1 3368
12527 1 1751
12601 2 3000
12606 1 582
12622 2 2177
12627 2 4932
12628 2 1841
12661 1 897
12694 3 787
12695 1 1648
12700 5 11926
12731 1 995
12783 2 4316
12786 2 7289
12801 1 1360
12803 1 1141
12814 39 46677
12885 1 6601
12894 1 788
12902 1 1885
12907 1 2394
12924 1 1943
12925 1 2837
12962 1 560
13003 1 4796
13004 1 2478
13046 2 1817
13083 2 3119
13122 1 8864
13226 1 4464
13268 1 2970
13330 2 640
13332 3 14933
13340 1 1166
13346 1 1043
13381 1 4238
13412 1 1736
13426 1 1513
13427 1 2521
13433 1 4168
13434 8 4024
13435 2 1340
13459 1 1269
13466 1 1683
13484 3 1236
13486 1 7532
13487 2 833
13548 2 6866
13576 4 2787
13598 1 1521
13669 1 1253
13699 1 1924
13706 1 1656
13808 1 668
13855 1 1396
13862 1 3335
13871 1 6056
13936 1 3277
13985 8 11629
14058 3 834
14192 1 1494
14212 1 12149
14220 1 2570
14223 1 1023
14232 1 1682
14271 2 2963
14272 2 3020
14273 2 2924
14274 2 2909
14292 2 11958
14344 1 1260
14437 1 527
14458 2 846
14459 14 871
14491 5 3791
14536 1 1661
14555 1 2701
14596 2 2342
14622 1 1462
14727 1 1409
14736 1 1294
14755 1 2245
14807 1 1449
14872 1 950
14995 1 1056
15028 1 4600
15049 4 2266
15065 2 416
15074 1 355
15099 1 5771
15137 1 2521
15239 1 442
15273 2 1030
15276 1 643
15468 2 1078
15478 1 884
15480 1 896
15482 1 791
15484 4 794
15485 1 822
15486 4 830
15517 1 2551
15568 2 3032
15570 2 2982
15573 2 2920
15574 2 3007
15576 1 2773
15586 10 3732
15734 1 2035
15735 1 2037
15757 5 7636
15881 1 7036
15939 1 1110
16034 1 1059
16118 1 2119
16171 2 1004
16199 3 1973
16221 1 1793
16238 7 11763
16258 4 7609
16337 2 1008
16346 3 941
16368 3 4019
16423 1 793
16433 6 2178
16436 1 463
16442 3 1557
16443 6 1618
16463 1 1739
16464 1 3565
16480 7 1705
16486 2 3020
16487 2 696
16492 1 3998
16499 2 1594
16528 3 1436
16531 1 64
16540 1 2127
16552 2 1230
16573 1 2315
16575 1 2548
16625 2 1578
16657 1 1834
16707 1 2965
16722 2 5137
16736 1 1860
16745 3 600
16784 1 2834
16793 3 1184
16797 1 2473
16813 1 4537
16835 2 3680
16845 13 8711
16930 2 877
16950 1 1326
16981 1 1907
17001 1 714
17019 1 1349
17054 1 1596
17107 3 1950
17121 2 6700
17155 1 1406
17178 4 4206
17237 1 448
17257 1 2138
17261 9 4916
17262 1 3246
17285 3 1239
17303 1 501
17347 1 588
17357 5 1520
17363 1 2096
17389 1 1790
17426 2 7075
17442 1 3953
17479 1 1106
17510 2 13439
17570 1 5402
17589 2 12110
17627 2 176
17628 1 710
17649 2 646
17655 1 1980
17681 3 2190
17683 1 2520
17725 7 1561
17758 44 28986
17760 1 535
17804 1 2146
17815 2 2708
17816 3 2870
17923 1 1095
17956 1 1053
17999 1 500
18004 3 5488
18033 2 3046
18035 2 2957
18109 1 495
18130 4 1535
18143 1 982
18146 2 5814
18222 1 1840
18367 2 1750
18408 9 1359
18516 1 892
18526 1 2537
18583 1 1790
18597 3 6498
18630 1 394
18646 1 1083
18719 1 2396
18765 1 3181
18797 1 3696
18879 1 3453
18883 1 1727
18892 2 2095
18909 1 300
18933 1 6035
18975 1 878
19042 1 3327
19043 7 4707
19056 3 810
19079 7 16454
19094 1 3568
19194 1 5424
19237 1 1885
19375 1 4252
19379 3 4781
19383 3 3259
19394 1 1246
19502 8 2113
19508 1 972
19584 1 1045
19596 3 1001
19664 3 4781
19670 1 1951
19680 2 5229
19681 4 10198
19686 1 4573
19691 1 1920
19707 2 1040
19756 1 1091
19828 2 689
19842 4 2475
19883 1 5667
19884 1 5873
19896 1 4758
19897 2 3289
19899 1 6214
19902 1 3107
19906 4 1834
19933 2 1797
20000 1 2428
20017 2 5287
20154 1 3393
20170 2 3948
20200 1 30304
20208 1 979
20237 1 813
20338 1 2253
20653 1 6960
20679 1 6821
20689 3 1486
20718 1 1829
20760 1 1210
20761 1 1261
20762 1 1247
20802 1 1887
20826 2 981
20831 1 5707
20832 1 1914
20833 1 5441
20903 1 2764
20928 1 1673
20938 1 3851
20981 2 4198
21046 2 10160
21050 1 1359
21051 1 1656
21052 1 526
21053 1 1087
21266 2 4449
21292 5 1797
21310 2 1905
21353 1 1391
21359 3 13839
21418 7 1031
21419 10 751
21420 10 4351
21421 4 1866
21422 2 2156
21486 2 954
21492 1 1466
21496 2 1009
21503 1 13267
21506 1 981
21552 1 3528
21575 6 4680
21598 1 2235
21633 1 904
21637 3 10855
21648 1 6487
21658 1 1361
21661 1 5628
21701 1 1549
21732 3 1004
21749 3 1027
21810 5 197
21852 3 6758
21858 5 2839
21864 1 402
21885 1 1533
21897 1 2020
21910 1 1846
21957 1 1265
21964 1 1399
21992 1 1844
21996 1 2579
22103 1 5529
22137 1 4439
22138 1 4091
22164 1 637
22195 1 752
22206 1 2514
22216 1 13756
22456 1 1938
22469 2 912
22523 2 3123
22525 2 3022
22526 2 2933
22572 1 1369
22918 3 427
23014 1 3266
23133 1 523
23235 1 458
23283 3 4182
23403 1 3089
23466 1 2473
23489 2 7818
23525 1 3680
23545 1 1025
23583 1 3023
23661 2 1416
23678 1 5285
23746 1 1757
23752 1 2089
23765 2 11324
23769 2 1738
23792 1 1958
23795 1 1876
23966 2 994
24078 1 401
24095 2 3720
24119 5 14616
24157 1 10311
24203 1 1006
24219 2 7326
24233 1 1108
24254 5 4321
24284 6 4091
24383 2 1705
24390 1 3496
24438 1 3027
24488 5 1218
24533 1 1045
24593 1 1736
24619 2 1922
24667 3 2550
24672 1 625
24679 1 619
24686 2 1154
24696 7 905
24713 7 3212
24726 1 1085
24776 1 291
24789 1 4093
24803 1 5803
24807 6 3878
24827 1 1654
24840 1 9627
24844 1 1882
24848 1 1701
25062 3 1262
25174 2 490
25231 2 2410
25234 1 4341
25265 1 2233
25324 2 2744
25363 1 2545
25407 1 3649
25411 1 2077
25444 1 855
25475 3 3015
25476 2 3033
25478 2 3302
25479 2 3085
25484 1 711
25507 1 1510
25545 1 2403
25568 6 2008
25656 1 4885
25673 2 921
25694 1 1084
25715 1 2184
25821 1 721
25826 1 2414
25834 1 862
25957 1 1091
26037 1 510
26109 2 2505
26161 3 14248
26188 1 973
26200 1 767
26202 1 920
26203 1 970
26235 1 3242
26303 2 330
26372 1 24
26375 17 791
26425 1 1535
26430 2 984
26486 3 1259
26491 2 189
26498 2 32423
26522 5 1759
26545 1 1046
26631 1 8025
26641 1 4691
26727 1 4405
26791 1 4660
26928 1 578
27001 1 142
27122 1 1117
27152 1 1516
27156 2 692
27192 2 653
27272 6 1722
27289 2 1901
27339 2 681
27349 1 422
27393 1 643
27395 1 1232
27424 17 816
27430 1 1623
27525 4 1284
27586 1 2066
27626 1 1130
27727 1 2086
27776 1 1500
27824 2 2281
27827 1 2297
27830 8 5835
27841 3 1689
27844 2 836
27845 1 821
27848 2 1948
28034 2 1005
28043 1 1906
28056 1 1056
28094 2 2585
28119 1 777
28234 1 1181
28289 1 871
28290 1 712
28312 2 795
28446 2 9326
28454 1 5320
28696 1 3559
28772 8 1602
28796 1 2216
28818 2 453
28877 4 705
28946 1 974
28983 3 1151
29028 1 1337
29090 1 430
29195 1 857
29303 1 2173
29346 9 5736
29352 2 2338
29414 1 1661
29416 1 1065
29418 4 3556
29419 1 2386
29434 1 921
29494 2 3066
29497 2 2942
29528 2 656
29545 1 2155
29557 2 7051
29559 1 3217
29592 1 1374
29631 2 1819
29632 1 2000
29647 2 917
29648 4 8110
29721 1 6842
29722 1 9450
29727 1 1628
29817 1 2179
29849 1 1105
29883 1 1156
29887 1 3070
29891 2 4871
29902 1 4620
29963 2 1129
30077 3 3556
30435 2 1206
30437 1 1564
30510 1 2362
30540 1 3125
30547 2 1086
30554 1 3073
30573 1 2812
30609 2 3139
30639 1 8117
30645 1 2128
30648 12 1003
30761 1 597
30808 1 2494
30813 1 460
30843 1 4224
30847 2 189
30964 1 1304
30965 1 592
31004 4 1096
31058 2 3446
31085 1 2635
31229 1 4414
31246 1 821
31268 1 797
31269 2 1094
31288 1 2833
31320 2 2381
31327 1 3711
31329 2 3009
31331 2 2964
31332 2 3032
31415 2 1059
31421 1 270
31459 2 323
31490 1 827
31508 1 3777
31546 4 3809
31606 3 2118
31688 1 2740
31692 1 1527
31693 12 3857
31703 2 1955
31710 2 952
31735 1 1164
31740 1 555
31763 1 2057
31766 2 532
31829 1 14263
31849 3 664
31949 1 6125
32041 5 375
32198 1 823
32219 1 908
32241 4 5341
32287 2 3033
32289 1 2992
32295 1 3206
32296 2 2955
32297 1 3273
32298 1 3261
32300 2 3026
32303 2 2974
32314 2 2456
32345 2 1361
32387 1 1022
32426 1 3386
32472 1 1402
32574 1 2622
32633 2 767
32643 1 1238
32659 1 1206
32686 1 553
32710 1 1429
32711 12 4218
32733 2 964
32989 2 1412
32990 2 1413
32996 3 693
33057 2 796
33070 1 764
33088 1 839
33202 1 1394
33205 1 685
33285 1 3524
33294 1 1429
33328 1 3420
33457 1 1116
33500 2 1131
33619 1 1176
33703 2 18894
33753 1 266
33757 1 1989
33779 1 1792
33785 4 1393
33802 1 1659
33937 3 14231
33996 3 4294
34027 1 1328
34037 2 3652
34039 3 23394
34046 1 3718
34047 1 1237
34052 1 11789
34090 1 2456
34092 1 1599
34093 1 1603
34094 1 1268
34097 1 1166
34100 1 837
34103 2 907
34177 1 1899
34201 1 2057
34208 1 2130
34303 1 4581
34335 1 1518
34339 1 1150
34342 4 5941
34358 1 1007
34394 6 8616
34410 1 1478
34454 1 1630
34465 1 5422
34481 1 3475
34525 1 1736
34548 1 2298
34562 1 813
34618 1 97
34662 1 1885
34696 1 2011
34773 3 788
34777 1 802
34804 3 3895
34819 1 2388
34842 1 675
34883 1 1692
34893 1 867
34901 4 18201
34938 1 5944
34995 1 3471
35039 1 2773
35069 2 3840
35152 1 814
35168 1 775
35182 2 13213
35273 1 379
35317 2 1885
35343 1 1162
35399 1 6478
35524 6 2484
35536 1 1509
35552 1 1138
35559 2 2826
35580 1 557
35586 11 1245
35614 1 640
35741 1 765
35825 2 3773
35828 2 5244
35830 4 2280
35832 2 2158
35840 2 5256
35861 7 10960
35881 1 849
35895 2 1498
35948 1 838
35971 1 1028
36057 1 2918
36086 1 1084
36091 1 2113
36109 1 12698
36139 1 1353
36152 2 482
36176 2 965
36226 1 752
36227 1 563
36236 2 485
36239 1 2990
36268 2 1022
36305 1 731
36389 1 6107
36390 1 6107
36397 2 8678
36398 2 8678
36415 1 4207
36416 2 1685
36440 4 2527
36455 1 2503
36533 2 1642
36552 2 1625
36553 1 1086
36569 14 788
36590 2 5680
36624 2 1412
36625 2 1412
36626 2 1412
36656 1 863
36666 2 413
36764 8 1191
36771 1 723
36801 1 2127
36806 1 523
36817 1 620
36832 1 4358
36873 1 4539
36881 3 1464
36882 1 6259
36932 10 1538
36944 1 1225
36956 2 4551
36975 4 161
37001 1 909
37011 2 2340
37023 3 2246
37106 2 3136
37172 1 2396
37197 1 3237
37202 1 876
37228 1 4061
37260 1 344
37267 1 1801
37310 1 7113
37323 2 7159
37335 1 4505
37354 1 334
37369 1 5846
37387 2 850
37411 1 375
37427 6 7481
37428 1 810
37435 1 517
37454 5 8351
37501 5 4449
37576 1 1478
37625 3 2363
37649 1 1913
37686 1 2096
37714 1 2598
37730 1 867
37739 2 3012
37892 1 5282
37959 4 3028
37962 2 2971
38025 1 2248
38035 5 1861
38094 2 2311
38100 1 1085
38102 1 939
38160 1 549
38211 3 755
38251 1 523
38344 1 1209
38411 3 2671
38441 1 3038
38464 1 575
38552 1 473
38557 2 10387
38587 1 806
38596 1 465
38607 1 143
38620 4 1203
38660 3 1365
38667 3 1300
38705 1 876
38711 1 2289
38712 1 9962
38715 1 5564
38725 1 2848
38768 1 851
38778 1 3309
38802 1 4212
38805 1 1522
38851 1 4217
38884 2 2693
38907 1 4305
38910 1 7766
38942 1 3171
38946 2 1288
38947 1 1466
38949 1 1160
38964 1 973
38979 1 1182
38988 1 1155
38991 14 1489
39000 1 917
39001 1 4864
39015 1 2466
39023 1 663
39030 2 612
39038 1 1980
39084 1 4248
39107 1 330
39108 1 485
39132 1 3874
39149 1 2101
39171 1 1263
39174 2 2046
39183 1 4477
39198 1 2105
39264 4 7187
39276 1 3501
39279 1 5440
39307 1 2173
39329 6 32477
39334 1 614
39341 3 9083
39350 2 1856
39430 4 1661
39445 1 548
39471 1 1340
39553 1 1762
39570 1 1301
39679 1 46
39690 1 2140
39699 1 3266
39710 1 226
39778 1 266
39826 1 367
39887 2 2182
39918 1 778
39958 1 1932
40033 1 2140
40056 4 2607
40162 1 914
40163 3 1175
40190 2 953
40320 12 7910
40375 1 2147
40412 3 2785
40541 1 4650
40550 1 3684
40579 1 4144
40595 9 1611
40630 1 5684
40637 3 7547
40666 5 1754
40695 7 8337
40696 3 6423
40747 1 5237
40771 1 1289
40905 1 1163
40906 22 507
40909 2 618
40924 1 666
40959 1 5445
40967 1 74
40975 1 814
40977 1 4178
41022 1 2587
41038 1 877
41054 1 847
41090 1 911
41123 1 2499
41155 2 985
41219 6 1078
41243 1 725
41328 1 3986
41412 1 898
41497 1 130
41524 2 2455
41540 1 2878
41617 1 366
41629 1 462
41674 1 4187
41682 1 2132
41689 1 530
41698 1 3701
41779 1 683
41782 1 964
41790 1 1242
41826 1 2287
41837 6 1734
41840 1 2915
41851 2 1458
41862 1 1027
41888 1 1197
41940 3 2265
42005 4 1442
42006 2 267
42047 1 818
42048 1 1192
42052 1 1735
42061 1 3008
42062 3 157
42114 3 5169
42119 1 4002
42126 2 1066
42135 2 5733
42166 2 203
42183 1 1446
42187 1 1117
42236 1 1927
42247 2 799
42314 1 1280
42424 1 6309
42436 3 871
42438 1 506
42439 1 1085
42450 1 647
42477 1 1308
42510 1 1487
42525 1 1213
42632 1 2515
42679 1 6107
42680 1 6107
42750 1 633
42764 1 1569
42774 2 5633
42820 1 2822
42890 2 315
42892 2 2540
42894 1 1338
42930 2 608
42965 1 569
43085 2 1036
43247 10 636
43422 2 812
43468 1 495
43511 1 879
43518 4 800
43538 1 2943
43558 1 709
43700 1 215
43777 1 3197
43784 1 1234
43789 1 1442
43798 1 5617
43847 1 671
43861 1 1888
43913 3 1273
43935 9 3104
43960 1 1986
44057 1 3001
44115 1 4306
44116 2 4462
44122 1 1272
44224 2 1007
44290 1 1048
44319 1 408
44362 1 3685
44370 1 4236
44399 1 221
44407 1 1204
44416 1 1701
44494 1 3303
44567 1 801
44751 1 774
44760 1 441
44801 1 874
44848 1 1841
44873 2 3136
44874 3 3594
44875 2 2970
44877 2 2904
44880 2 2983
44896 1 1132
44918 4 2627
44950 2 532
45069 2 483
45084 2 6555
45096 10 6217
45235 1 460
45371 1 681
45405 1 579
45492 1 366
45695 1 928
45731 1 582
45767 1 467
45831 1 789
45851 2 2388
45877 1 683
45878 2 1656
45970 1 558
45974 2 1051
45978 6 2264
45985 1 689
46079 2 1905
46124 15 1204
46130 1 1076
46168 1 2539
46176 1 1459
46212 1 1331
46298 2 3741
46304 1 2249
46318 1 2246
46331 1 4197
46352 1 836
46353 8 1094
46369 2 5238
46376 2 1363
46388 49 81863
46430 1 535
46432 2 3117
46475 14 939
46505 1 6279
46560 3 1151
46575 1 1036
46591 1 1721
46593 1 770
46601 1 967
46627 2 4426
46639 1 4091
46661 5 5001
46668 1 2331
46683 1 3045
46694 1 3602
46732 1 961
46733 1 728
46749 1 6951
46774 2 2182
46779 1 1776
46780 1 1725
46781 2 3752
46783 1 2182
46823 1 817
46836 12 990
46901 2 732
46952 1 2067
47006 1 1196
47034 4 1302
47067 2 706
47077 1 1528
47095 3 6494
47130 1 1232
47149 1 2044
47151 6 5857
47284 1 781
47297 4 839
47360 1 1310
47386 1 1400
47422 1 932
47437 1 1517
47445 2 2962
47459 2 8496
47468 1 987
47471 1 1640
47494 1 1324
47497 9 2515
47508 1 1236
47559 1 11224
47654 5 3047
47732 1 922
47753 1 250
48045 1 11481
48069 1 3129
48078 1 11919
48135 2 1627
48146 1 954
48180 1 25164
48198 2 160
48202 2 2712
48234 1 7467
48247 2 2933
48262 1 1040
48269 2 11120
48271 1 1700
48279 2 1412
48287 1 2481
48288 1 2866
48314 2 1603
48361 1 729
48414 1 3926
48416 1 1759
48444 1 1142
48475 1 4416
48545 1 3140
48547 1 4836
48551 1 6659
48604 1 869
48608 1 3133
48609 1 3196
48632 1 3473
48645 1 1419
48674 1 1144
48689 2 4283
48703 1 2166
48717 1 230
48722 1 1191
48736 1 1159
48764 2 1470
48789 4 2728
48833 1 679
48855 1 1420
48875 1 773
48896 2 1621
48916 1 2862
48917 1 6627
48924 1 3784
48989 3 1067
48992 1 462
48998 8 239
49030 7 1393
49130 1 2701
49172 1 315
49176 1 11069
49238 1 2254
49328 4 1138
49381 1 2611
49469 1 521
49470 1 664
49482 1 1172
49483 1 4047
49484 1 3481
49517 1 1671
49522 2 6160
49524 1 866
49562 1 451
49575 1 1035
49604 1 4772
49734 1 2337
49748 1 1118
49826 1 338
49842 1 2475
49844 2 6972
49848 1 1148
49863 1 1748
49905 1 2350
49935 1 757
49971 1 2684
49977 5 691
49988 1 2850
50025 3 5763
50070 2 68
50117 1 695
50185 1 467
50207 2 2916
50253 1 682
50282 1 1250
50288 2 2416
50311 1 645
50317 4 2395
50353 1 2913
50370 1 2048
50388 1 592
50393 1 777
50437 1 799
50438 1 1670
50458 1 1281
50483 1 1973
50521 1 2941
50529 1 4267
50543 1 455
50579 1 1575
50632 2 1689
50672 1 2381
50733 3 1460
50745 1 284
50813 1 1092
50818 1 353
50825 2 592
50858 1 1121
50984 1 1008
51023 4 1980
51082 1 1356
51107 2 457
51109 1 864
51150 2 2908
51151 2 2830
51175 1 1150
51204 1 1086
51290 3 6381
51344 1 2554
51479 2 731
51494 1 905
51544 1 1056
51673 1 807
51774 1 1467
51816 1 4853
51827 6 2148
51839 7 9735
51877 1 702
51891 1 6407
51935 1 781
51955 1 1040
51978 1 8282
51994 1 9298
52020 3 5271
52023 1 1212
52041 1 1139
52047 1 1194
52074 1 7011
52098 1 1384
52183 2 1064
52271 2 8131
52280 1 1474
52326 2 3702
52354 1 247
52374 2 237
52394 1 897
52400 4 1455
52405 1 2273
52440 1 6680
52470 1 896
52475 1 1358
52561 1 52057
52718 2 2980
52719 2 2978
52721 2 2968
52722 2 2934
52732 2 2006
52804 5 4622
52977 1 1736
52988 2 24350
53121 1 2359
53140 1 4214
53158 6 9225
53329 1 3895
53332 3 2573
53337 1 3782
53357 1 1058
53368 1 1152
53398 2 1658
53430 14 48057
53441 1 3363
53442 39 8599
53467 5 2163
53497 1 1219
53509 1 1285
53519 1 1735
53607 2 559
53630 1 414
53639 2 788
53646 1 2610
53650 1 1107
53738 2 2051
53794 1 2430
53926 1 2454
54123 1 2152
54142 2 2860
54212 1 1573
54218 1 612
54225 1 998
54230 1 753
54234 1 1457
54294 1 530
54349 2 12411
54391 1 1246
54399 3 5059
54445 1 950
54457 1 1157
54482 1 784
54571 1 839
54913 1 1712
54918 1 1069
54926 1 898
54945 1 2058
54985 1 1289
55002 1 802
55066 1 3616
55068 1 3268
55069 2 2948
55070 2 2984
55071 2 3179
55094 1 12123
55126 1 3321
55145 1 987
55146 1 2594
55151 1 1332
55163 1 1097
55164 1 1267
55324 1 921
55419 4 995
55433 3 1983
55578 1 900
55626 1 765
55646 1 673
55668 1 780
55680 2 952
55742 3 1027
55913 1 1188
55915 1 1378
56036 1 192
56070 1 503
56172 1 827
56184 1 1126
56225 1 1378
56252 1 1993
56253 1 1993
56276 1 1882
56428 1 1075
56456 1 954
56489 1 5171
56506 1 932
56519 1 7799
56521 2 5019
56522 1 3726
56524 2 4137
56530 1 553
56541 1 1812
56563 1 1501
56564 1 1402
56597 15 958
56607 1 2013
56630 1 3641
56662 1 897
56677 1 187
56710 1 374
56723 1 1252
56734 1 1457
56784 1 585
56802 1 8941
56803 4 740
56821 2 6607
56828 1 687
56857 3 2166
56858 1 2421
56881 1 4650
56961 1 7535
57009 1 1467
57186 2 1678
57187 1 1332
57217 1 1984
57226 4 11510
57301 1 742
57302 1 815
57371 1 1247
57378 3 613
57381 2 2992
57385 2 2878
57387 3 2964
57388 2 3103
57396 1 1224
57413 1 6376
57449 2 3288
57459 3 1142
57511 1 2052
57533 1 731
57538 1 632
57651 3 6526
57661 1 769
57730 1 1998
57739 2 585
57745 1 595
57757 1 1344
57834 2 4576
57837 2 1247
57838 2 1853
57892 1 1014
57904 1 1443
57908 1 893
57927 1 448
58239 1 848
58240 1 711
58296 1 1436
58326 2 1893
58467 1 4185
58474 4 1482
58491 1 914
58492 1 285
58750 1 999
58766 1 757
58772 1 4810
58776 1 870
58794 1 518
58837 1 3342
58839 2 2933
58843 2 2916
58846 2 2959
58924 1 550
59200 1 340
59276 1 1484
59338 2 700
59424 1 1117
59473 8 4291
59485 1 745
59568 1 1774
59572 1 1329
59612 1 826
59613 1 1032
59630 1 5288
59641 1 4053
59662 1 14951
59699 1 1994
59760 1 5506
59988 2 5229
60016 1 1377
60021 1 2368
60030 1 10533
60037 1 4344
60063 1 3984
60066 1 4785
60116 1 1842
60119 1 894
60152 3 7811
60199 1 3044
60275 2 3073
60277 2 2988
60291 3 1433
60299 1 637
60340 1 721
60362 1 3186
60425 1 929
60485 1 2859
60519 1 1838
60520 1 1023
60545 3 1028
60567 1 919
60607 2 1057
60610 1 948
60675 1 1688
60737 2 3128
60738 2 3062
60739 2 3026
60797 1 555
60829 1 3490
60833 2 979
60992 2 2142
60993 1 804
60995 1 1034
61020 1 13801
61036 1 779
61043 3 4069
61095 1 1306
61157 1 783
61186 1 14302
61268 1 2756
61295 1 465
61326 2 2485
61418 1 2160
61428 2 8357
61430 1 495
61506 2 3406
61526 1 1292
61560 1 1336
61565 1 2333
61668 3 11710
61669 1 5944
61670 1 597
61770 1 1373
61805 1 1227
61825 1 2161
61834 1 2191
61847 1 1464
61877 1 2841
61879 1 2166
61881 3 2444
61892 1 3071
61951 3 581
61982 1 995
61993 1 294
61994 1 535
62109 1 4903
62137 5 2894
62182 1 943
62250 1 936
62310 5 3144
62316 4 1602
62320 1 566
62354 1 323
62407 1 859
62425 1 959
62432 3 5539
62463 2 1381
62520 1 1457
62619 1 1074
62620 2 1011
62625 1 893
62654 6 2607
62693 2 5347
62694 1 2218
62731 2 2944
62767 1 14162
62822 2 802
62824 3 4199
62831 1 1012
62837 1 1565
62903 1 1123
62929 6 5384
62964 1 1101
62997 1 1180
63050 1 1158
63140 1 504
63158 1 912
63171 1 1012
63172 1 1456
63173 1 1330
63183 3 1780
63203 1 3831
63308 1 1302
63309 3 4077
63310 1 2477
63350 1 2253
63504 1 4125
63509 1 557
63510 1 562
63511 1 567
63512 1 754
63554 4 2850
63555 1 7057
63576 7 1249
63628 1 1675
63646 2 993
63659 2 696
63695 1 2625
63736 1 1433
63737 2 2198
63740 2 1761
63764 1 536
63768 1 337
63777 1 2978
63837 1 6313
63846 1 532
63856 1 1512
63902 1 911
63931 1 256
63955 1 1233
64009 1 3743
64070 1 1259
64072 1 1416
64296 4 1405
64303 1 816
64376 1 2975
64380 1 547
64419 1 3930
64421 3 1681
64453 2 10145
64510 1 1839
64527 1 314
64559 2 4363
64571 1 1943
64619 1 2292
64657 1 1109
64942 1 731
64995 1 1355
65008 2 3012
65010 2 2912
65020 1 571
65071 1 1082
65080 1 1255
65104 2 8712
65129 1 15643
65249 1 541
65471 1 893
65515 1 1671
65576 1 4667
65590 1 407
65641 2 717
65672 1 1726
65757 1 1393
65790 1 5117
65799 2 4143
65800 1 1457
65813 1 1982
65871 1 56
65884 2 2980
65920 1 30
65990 1 4364
66086 5 2643
66116 3 812
66154 1 1614
66169 1 617
66226 1 1366
66277 4 1687
66278 1 2126
66378 5 1248
66380 2 9761
66401 2 1007
66409 1 1827
66439 1 705
66472 1 3818
66486 7 1876
66496 2 657
66538 2 2914
66598 13 1411
66640 1 1008
66672 2 1215
66711 1 1344
66751 1 11896
66797 1 1766
66798 1 550
66801 1 3195
66819 1 6321
66842 1 731
66885 1 829
66894 1 794
66912 2 871
66914 1 1186
66969 1 1025
66973 2 1116
66993 1 1773
67027 2 2379
67043 2 858
67054 1 2805
67074 1 9837
67088 2 1089
67144 1 987
67276 1 1194
67325 1 2060
67381 1 586
67406 1 1549
67409 1 5448
67454 1 5854
67457 1 722
67532 1 1159
67544 2 880
67585 6 2443
67588 1 2174
67602 1 612
67603 1 612
67604 1 612
67605 1 614
67606 1 612
67627 1 2254
67637 1 4061
67692 1 1120
67721 1 1030
67746 1 731
67759 3 602
67776 1 2260
67838 7 746
67896 1 819
67897 2 1662
67902 1 1015
67921 2 1368
68002 4 3149
68116 2 4818
68138 4 1799
68159 1 6709
68173 2 958
68175 1 740
68236 1 1663
68237 1 525
68263 1 5972
68305 1 3491
68402 1 1259
68403 1 1259
68404 1 1415
68405 1 1416
68435 1 1168
68658 1 1438
68680 1 9381
68713 1 3702
68745 2 424
68783 1 1601
68810 1 744
68818 1 598
68837 1 1538
68846 1 1502
68893 2 1871
68907 1 816
68917 2 1219
68960 1 1724
68991 1 1084
69048 3 1367
69065 1 536
69082 1 1410
69086 1 2497
69331 2 1693
69354 1 801
69364 11 1155
69367 1 1004
69371 1 762
69382 1 1332
69424 1 631
69430 2 2889
69436 1 1123
69498 1 1144
69548 2 1818
69709 6 889
69825 1 2564
69831 1 909
69842 1 886
69851 1 2303
69854 2 1006
69887 1 3269
69904 1 392
69990 1 3720
70020 1 1127
70231 2 2953
70257 2 714
70293 2 768
70294 1 772
70295 2 753
70296 1 475
70311 3 2716
70312 1 909
70313 2 2371
70337 2 1085
70351 3 1891
70422 2 529
70586 1 2455
70601 1 2514
70615 2 2303
70702 1 2156
70737 2 2845
70738 1 3457
70836 5 1948
70841 1 8361
70855 1 5396
70880 1 2104
70913 1 1388
70922 1 2787
70954 2 6095
70961 2 643
70963 1 725
70991 2 2170
71060 1 2450
71069 2 490
71102 2 1497
71103 1 804
71136 1 1173
71137 1 9411
71215 1 913
71247 1 1642
71272 1 1697
71303 2 1741
71309 1 941
71315 1 6723
71335 1 3121
71582 2 1381
71595 2 1738
71646 1 1815
71649 1 730
71659 1 1216
71691 1 1602
71741 1 669
71744 1 2609
71836 1 5188
71854 1 4173
71893 1 1301
71894 1 2159
71895 2 3069
71896 1 3955
71897 1 2249
71942 4 3216
71944 2 7115
72017 1 755
72019 1 777
72081 1 3204
72082 1 2593
72088 2 2347
72092 3 553
72098 1 19912
72108 1 1166
72177 1 1078
72206 2 2593
72212 1 302
72278 1 1211
72279 1 1454
72366 1 1256
72380 1 3360
72386 1 566
72414 1 1956
72437 1 8964
72498 1 11873
72517 1 1018
72518 1 1027
72519 1 1167
72520 1 856
72539 1 1870
72575 1 929
72580 1 261
72620 1 1465
72642 1 1456
72681 1 559
72691 2 1208
72793 3 4219
72797 1 2288
72826 1 1996
72829 1 4528
72832 13 3890
72838 1 1838
72848 1 756
72878 1 4492
72879 1 7089
72880 5 1033
72899 3 20275
72910 1 1222
72919 1 5881
72920 1 5462
72924 3 1464
72925 2 1459
72933 5 2224
72935 3 2042
73023 1 1400
73082 1 819
73087 1 217
73113 1 1107
73247 1 871
73262 1 317
73269 1 1625
73372 1 662
73555 1 1159
73666 2 317
73762 1 2217
73773 1 1031
73851 1 206
73883 1 883
73894 1 981
73911 2 1008
74031 1 970
74111 1 976
74121 3 2293
74140 2 1711
74201 3 1126
74203 1 11999
74355 3 1634
74368 1 3668
74370 1 1237
74435 2 2232
74517 1 1657
74572 5 8808
74592 1 599
74707 2 4337
74785 2 4399
74788 2 1690
74829 2 1083
74844 1 1805
74868 1 1193
74874 2 6108
74887 4 7880
74924 2 1448
74932 3 1237
75115 1 763
75116 1 890
75117 4 848
75118 1 806
75120 1 748
75121 1 800
75152 1 1312
75186 1 748
75204 2 3081
75206 2 2994
75207 2 2937
75209 2 2934
75220 1 1738
75240 1 5462
75266 1 1325
75398 1 2037
75405 1 500
75499 1 808
75523 1 268
75529 3 8980
75625 1 1046
75705 1 3042
75863 2 225
76100 1 976
76105 1 6146
76228 1 2247
76237 1 1365
76239 1 921
76245 2 6436
76246 1 6517
76262 2 3194
76302 1 1858
76353 1 3328
76368 4 1834
76392 1 909
76489 1 1295
76510 1 631
76521 1 1643
76632 2 2372
76656 2 4057
76682 7 1002
76707 2 3320
76760 1 2589
76762 2 7340
76769 1 2417
76780 1 5196
76791 1 1042
76793 1 5567
76845 1 538
76974 1 503
76997 1 1154
77054 1 1501
77086 2 5533
77163 1 1994
77254 1 120
77273 1 974
77411 1 3629
77438 4 1254
77473 1 3580
77553 1 3529
77573 1 914
77600 2 894
77609 1 556
77639 1 610
77643 1 644
77648 6 1212
77818 1 6471
77847 22 500
77879 2 2977
77880 2 3027
77881 2 2924
77949 1 2982
77962 1 3614
78116 1 5040
