marx marx 178 65215343 
529 2 6629
1767 1 13095
1846 1 1054
2709 1 1588
2828 1 749
3004 1 731
3314 1 2098
4550 1 3021
5655 2 530
5841 1 1235
5897 1 872
6983 4 2840
7578 1 5752
8882 1 1066
9232 1 1398
11497 1 1516
12885 1 6601
13212 1 3298
15300 2 661
17478 1 795
18169 4 3118
18475 1 2196
18888 1 1190
19040 1 717
19186 1 6942
20427 1 605
20679 2 6821
20707 1 35797
22225 2 665
23422 2 1581
24438 5 3027
26265 1 739
26469 1 750
27519 1 1928
28228 3 1376
28951 1 4581
30321 1 987
30351 2 4754
30352 3 5973
31289 1 1482
31327 1 3711
31693 2 3857
31902 1 1912
32029 1 705
32209 1 845
33153 1 613
33240 1 9576
33831 2 6374
34015 3 1157
34160 1 1161
35770 1 1317
35830 1 2280
36962 5 5960
38907 3 4305
40261 1 1349
40917 1 503
41818 1 3884
44567 1 801
44770 1 725
44874 1 3594
46694 3 3602
47838 1 4457
48078 1 11919
48512 2 1124
48658 1 425
48921 1 2787
49092 5 39956
49175 2 9938
50449 1 1878
50857 1 6468
51605 1 822
51891 3 6407
51892 2 4521
54599 1 461
56699 1 1181
56874 8 1184
56961 1 7535
57022 2 536
60822 1 5864
60936 6 5117
62397 1 7643
62432 2 5539
62545 2 358
63916 1 1072
65129 2 15643
65524 1 1206
65691 1 716
65693 17 319
66081 1 304
66870 1 2566
69267 2 2149
70236 1 3474
71143 1 1298
71513 2 1824
72068 2 8137
74543 1 5014
76529 1 10440
76595 1 1593
77677 2 481
77820 1 878
