gush gush 93 65215343 
471 1 3108
983 1 1001
1634 1 30082
2651 1 1903
2709 1 1588
6032 1 519
6164 1 2727
6329 1 3134
7580 1 9484
7586 2 643
8130 1 2237
8882 1 1066
9596 1 1486
9757 1 673
12164 1 3148
12437 1 1351
13226 1 4464
13475 1 2437
16187 1 1638
16787 1 509
17189 1 5992
17244 1 10025
17328 1 1138
17638 1 6007
18435 1 1115
18845 1 772
20265 2 1580
20425 3 3934
20903 1 2764
21292 1 1797
21560 1 1658
21632 1 2786
25442 1 904
25826 1 2414
27407 1 603
27812 1 3494
28419 1 3437
31078 1 895
31902 1 1912
33333 2 6676
33607 1 1916
34806 1 819
35334 1 4418
38073 1 1947
38152 1 524
38195 1 2948
39270 1 2484
40232 1 724
40637 2 7547
41104 1 671
42544 1 2256
44751 1 774
46707 1 1302
47459 1 8496
48078 1 11919
48512 2 1124
57323 1 1349
59582 1 1698
59651 1 1919
60398 3 1768
61713 1 4885
62344 1 1459
63077 1 5251
63941 1 1650
67821 1 138
68057 1 3416
68124 5 2400
70738 1 3457
71102 1 1497
72030 1 582
72139 1 1020
73363 1 586
74142 1 3188
74295 1 964
74433 1 1309
75305 1 2807
75466 1 256
76408 1 4367
76449 1 6086
77136 1 3236
