weather weather 10939 65215343 
32 1 850
40 3 1368
47 1 887
54 6 529
55 5 514
61 1 1005
111 1 186
123 1 1067
131 1 14882
147 1 3893
166 1 1370
180 1 823
201 2 782
205 20 1320
232 1 515
248 1 5568
353 1 277
360 4 1616
361 3 5027
370 2 921
374 4 1582
375 5 10166
405 1 716
406 2 1543
413 1 702
414 1 453
422 5 1707
426 1 611
428 1 2978
432 2 1624
434 2 303
442 1 440
451 1 880
463 2 1357
464 2 2497
531 2 645
532 2 800
533 1 1661
534 1 897
556 2 3813
569 1 188
586 1 936
587 1 1004
606 1 1190
651 2 645
668 1 2059
676 1 640
680 1 600
732 3 1059
799 1 845
827 4 1057
864 2 1567
935 1 152
954 1 942
957 1 715
966 1 6046
989 2 1444
990 1 632
993 3 10702
995 2 3497
1048 1 1240
1081 1 980
1084 1 1247
1119 1 1874
1176 1 992
1212 2 352
1215 1 822
1217 7 737
1269 1 5091
1273 1 513
1283 1 1543
1319 1 938
1321 1 3750
1377 1 1131
1426 1 1867
1448 1 1058
1459 2 1079
1461 1 1379
1462 1 1187
1469 2 2455
1471 2 738
1508 1 1124
1514 1 1086
1527 2 551
1567 3 2163
1569 2 830
1593 1 2577
1602 1 1577
1631 1 977
1647 1 10572
1740 2 201
1821 2 2804
1833 1 1154
1855 2 2208
1860 3 492
1861 2 5589
1871 1 1031
1877 1 2064
1886 2 1366
1896 1 2074
1946 1 1486
1949 2 771
1975 3 935
1986 15 880
2005 1 1057
2008 3 584
2015 1 1644
2023 1 152
2042 1 934
2043 2 968
2060 1 1072
2070 3 537
2072 1 1175
2080 1 8786
2081 1 1053
2093 7 786
2113 1 864
2136 4 1025
2137 2 1480
2138 2 1384
2144 1 1168
2145 2 1693
2147 2 946
2150 1 1809
2151 2 1771
2155 3 901
2160 2 2295
2162 1 1205
2164 1 1939
2165 1 1384
2166 2 945
2167 3 1863
2171 3 1919
2174 2 1180
2176 4 64
2186 26 747
2195 10 838
2196 33 1234
2197 1 1493
2198 3 2369
2203 2 663
2221 1 1483
2222 1 1483
2223 1 1483
2235 3 1852
2242 2 1275
2243 2 2003
2244 2 2544
2274 1 1188
2324 1 609
2325 2 891
2327 1 872
2341 1 1394
2363 1 3977
2375 1 3907
2395 1 1045
2396 1 1417
2399 2 1466
2400 2 1305
2402 2 1731
2404 1 242
2412 2 549
2463 3 3258
2480 4 1244
2487 1 1574
2491 1 1723
2504 2 5375
2537 4 1224
2555 5 407
2556 6 477
2557 6 582
2629 9 3838
2683 1 899
2688 1 744
2691 2 1661
2697 1 1348
2713 1 622
2721 39 586
2727 2 4008
2732 1 876
2733 2 1374
2750 3 1082
2753 1 1122
2771 1 3216
2825 8 2998
2925 1 2056
2972 2 1458
3009 1 608
3010 1 1261
3026 4 1747
3027 2 3713
3028 2 1955
3069 1 460
3070 2 604
3092 1 1098
3095 1 581
3096 3 1172
3103 1 3185
3104 1 3172
3105 1 3023
3106 1 3092
3107 1 3008
3108 1 2991
3109 1 3299
3148 2 947
3156 1 1113
3157 1 1399
3164 1 1088
3171 2 1390
3182 2 1068
3201 1 353
3204 1 1395
3207 1 737
3213 1 1551
3234 1 747
3279 1 888
3287 1 1376
3322 1 6038
3330 1 1137
3348 1 1094
3364 6 1238
3365 1 468
3368 1 428
3385 1 478
3415 3 4495
3440 2 1888
3456 1 525
3481 1 76
3482 1 3281
3484 1 1416
3486 1 4565
3493 5 1047
3497 1 3011
3511 1 320
3526 1 1135
3532 3 1830
3533 6 1907
3563 1 1688
3564 1 1154
3566 3 174
3589 4 1008
3599 1 11096
3640 3 25
3643 2 1997
3668 2 8976
3765 1 720
3774 4 1134
3775 1 459
3831 1 3725
3885 8 1049
3922 7 4998
3928 2 1658
3930 1 1380
3935 3 693
4030 5 1809
4068 1 8611
4072 2 428
4081 1 2482
4107 1 873
4108 1 921
4128 15 535
4153 1 473
4156 1 451
4173 2 200
4178 1 3149
4236 1 549
4244 1 470
4248 1 1366
4263 1 1825
4336 1 1088
4352 3 728
4353 1 1851
4354 1 2037
4356 3 3544
4357 4 687
4362 2 1166
4365 2 901
4368 1 4832
4378 4 791
4381 7 665
4385 2 1633
4389 1 564
4396 1 1447
4400 2 990
4417 6 4384
4418 3 2251
4422 3 2597
4425 2 1104
4426 1 1533
4427 3 562
4429 2 723
4440 2 1273
4441 3 873
4446 4 1214
4449 2 1837
4453 1 1290
4454 4 1950
4455 4 1818
4456 4 1644
4457 33 1168
4463 1 4320
4518 4 2481
4519 2 1344
4520 2 1588
4521 2 1703
4522 2 2966
4523 2 2304
4524 2 2046
4525 2 1554
4526 4 1155
4528 2 1567
4530 1 1032
4531 1 1036
4532 1 980
4533 1 1058
4567 1 687
4568 11 945
4630 1 764
4631 1 555
4632 1 142
4644 2 236
4656 3 666
4670 1 912
4691 1 459
4730 7 394
4747 1 662
4802 2 845
4806 1 652
4808 2 495
4820 1 1191
4821 1 2178
4822 4 1411
4823 2 1869
4829 1 468
4833 3 2973
4841 9 816
4846 3 1404
4856 3 1923
4868 2 1260
4875 2 1364
4888 4 1826
4889 4 2095
4912 1 7415
4915 1 4855
4916 1 4839
4917 1 4602
4921 2 1991
4922 2 1947
4941 1 1955
4948 5 3561
4949 1 2219
4950 1 3067
4951 1 1444
4961 2 1198
4964 1 930
4965 1 1012
5092 1 3536
5101 1 1276
5104 2 916
5128 1 1147
5129 1 1285
5131 2 1622
5132 2 1537
5143 2 320
5165 1 820
5184 10 2478
5185 1 756
5244 1 381
5259 1 6380
5286 2 627
5293 6 476
5294 5 481
5295 6 472
5313 13 1178
5314 2 1103
5424 4 697
5431 13 1029
5446 2 728
5455 3 15074
5465 1 1292
5466 1 1266
5499 1 44062
5503 2 1464
5504 1 1390
5505 1 722
5506 1 695
5528 16 2535
5537 1 796
5546 2 1150
5594 5 1063
5611 45 8061
5619 1 1587
5646 1 312
5726 2 59
5841 3 1235
5869 1 779
5870 1 795
5876 2 2035
5887 2 1156
5913 2 2199
5923 2 1033
5958 2 1664
5960 2 1674
6008 1 269
6010 1 3182
6011 1 3214
6012 2 3069
6013 1 2929
6014 1 3067
6015 1 3323
6021 2 508
6022 2 761
6029 1 1479
6036 3 1526
6040 1 1266
6063 1 1839
6073 1 1575
6074 1 1037
6075 1 1285
6081 1 1357
6083 4 1394
6086 1 873
6143 1 346
6147 1 1885
6151 1 6692
6153 2 1222
6180 1 5070
6295 1 310
6302 1 2959
6305 1 2963
6334 1 1066
6353 6 692
6354 1 171
6359 4 1489
6452 2 1643
6453 1 2181
6454 2 2665
6455 1 1900
6460 1 797
6462 4 1665
6528 1 803
6552 2 965
6553 3 758
6554 1 1032
6555 2 1233
6627 1 842
6638 2 1121
6646 1 1067
6831 1 416
6832 1 639
6922 1 1455
6973 1 826
7067 1 1340
7123 1 1203
7145 1 1029
7147 5 592
7182 2 1128
7274 2 1168
7409 1 732
7421 1 979
7424 1 1087
7502 4 965
7511 1 2036
7547 1 1609
7572 1 1609
7574 1 2115
7579 2 1381
7581 2 495
7610 1 714
7638 1 1131
7640 1 139
7641 1 231
7646 10 2633
7661 1 274
7672 1 1731
7695 1 1547
7699 1 997
7702 3 575
7713 2 1920
7714 2 1818
7717 1 461
7720 2 1667
7722 2 1567
7729 2 1221
7736 2 1605
7739 1 891
7755 1 2141
7767 2 3013
7769 2 958
7773 1 7884
7784 10 327
7889 15 605
7890 1 615
7909 3 1230
7910 3 900
7911 1 214
7932 7 938
7938 2 762
7969 2 1771
7970 2 755
7973 1 774
7974 2 2073
8022 2 7719
8065 1 1277
8089 3 20930
8093 3 20088
8122 1 5509
8124 2 798
8126 1 1194
8143 1 2289
8146 1 1848
8170 1 1492
8171 1 913
8204 2 4600
8214 2 633
8215 1 2073
8237 4 726
8246 1 1319
8249 1 7006
8271 7 616
8289 2 386
8290 1 1567
8292 3 917
8293 3 3686
8294 2 1249
8295 2 1426
8297 15 12133
8299 2 1374
8300 1 889
8301 2 2361
8308 3 971
8321 6 786
8322 1 698
8323 2 1446
8326 3 972
8336 10 1754
8371 2 1170
8372 3 3639
8376 1 2007
8378 2 412
8381 6 679
8383 2 1991
8387 1 26
8388 5 2999
8389 3 1392
8393 5 3193
8403 10 2102
8405 4 941
8411 5 432
8413 2 50
8458 2 770
8459 2 2749
8460 2 2825
8461 2 2678
8462 2 3138
8463 2 2137
8466 2 2863
8469 1 1089
8484 1 658
8512 1 673
8513 1 513
8524 6 578
8558 1 241
8567 1 1533
8572 1 714
8576 2 2461
8590 2 364
8592 2 2003
8732 8 2463
8738 1 309
8745 1 617
8854 1 494
8855 1 1546
8868 8 328
8876 1 1372
8877 1 1525
8899 2 1046
8908 1 1392
8909 1 566
8913 1 12589
8926 1 1609
8927 3 2370
8928 3 393
8931 1 1039
8993 1 2404
8995 1 523
9019 1 1294
9057 1 1319
9093 1 607
9104 1 748
9122 3 648
9132 3 3040
9133 3 4066
9145 2 1263
9165 1 1394
9169 3 2306
9175 2 1821
9204 1 3049
9235 7 642
9236 1 788
9239 1 1961
9275 1 1311
9290 1 1716
9291 1 1056
9307 2 1394
9336 1 1530
9346 1 1930
9392 1 768
9398 1 1078
9464 1 773
9465 1 284
9489 1 6134
9490 1 2974
9492 2 6158
9495 1 1007
9520 14 693
9543 7 375
9544 1 1343
9551 1 1485
9552 1 1520
9553 1 1546
9554 1 1532
9557 1 453
9584 1 542
9587 2 1796
9609 1 1117
9708 8 2371
9722 6 403
9735 2 1420
9750 1 1343
9777 1 433
9778 1 600
9791 7 488
9800 2 3911
9804 1 5129
9809 1 635
9824 1 988
9850 8 2963
9851 1 675
9868 1 2464
9932 1 1087
9948 1 2209
9966 1 693
9974 1 279
9997 2 1079
10022 1 3292
10023 1 1926
10024 1 1900
10025 1 324
10039 1 2247
10055 9 520
10058 1 977
10065 5 628
10072 4 681
10073 4 1739
10075 3 786
10077 2 861
10078 6 921
10079 9 746
10081 3 2613
10083 6 2180
10086 2 953
10087 1 1266
10088 9 933
10090 2 1086
10096 2 2420
10100 3 703
10102 10 1336
10107 1 1234
10155 1 1544
10205 2 940
10229 1 158
10247 1 1114
10248 1 741
10249 1 1601
10250 2 1105
10253 2 2883
10254 2 1033
10255 2 2770
10256 4 1836
10278 1 2690
10329 1 148
10338 1 1672
10357 1 573
10362 1 331
10413 3 22
10432 1 411
10441 1 575
10442 2 1664
10484 1 652
10522 1 1224
10570 1 506
10598 1 501
10603 4 1187
10607 1 1225
10647 3 808
10649 1 611
10650 1 322
10651 1 500
10652 1 3224
10655 1 2947
10686 1 1433
10687 1 1299
10711 2 1129
10723 2 514
10750 1 1327
10751 1 1074
10752 1 1467
10755 1 1298
10763 1 2030
10803 2 844
10850 3 1482
10870 1 541
10941 1 764
10999 1 1962
11062 1 1457
11121 1 729
11145 1 125
11208 2 2507
11252 2 262
11372 1 853
11416 4 234
11438 1 1275
11442 3 1013
11443 1 597
11444 1 585
11445 1 1070
11450 1 1097
11451 1 920
11464 2 801
11465 3 2175
11466 2 2113
11467 2 3152
11499 3 1089
11560 1 574
11655 1 249
11665 3 1141
11675 1 1703
11677 1 680
11697 1 879
11698 1 750
11703 2 666
11737 9 1644
11761 1 1621
11854 3 3272
11857 4 1251
11859 1 4320
11889 1 1623
11952 2 367
11955 1 1189
12098 1 178
12100 1 1451
12109 1 5974
12110 1 647
12112 1 673
12128 1 444
12161 1 435
12174 3 961
12223 3 6167
12229 1 2226
12232 1 1252
12272 1 2031
12311 2 2392
12336 1 3437
12338 1 1232
12349 1 710
12375 1 897
12379 1 663
12408 1 723
12436 8 1371
12444 1 1257
12461 1 455
12507 2 2373
12575 3 1843
12592 5 1277
12642 1 2067
12647 1 4896
12649 1 954
12666 5 462
12674 1 6435
12704 6 5255
12706 2 282
12744 2 1046
12767 1 838
12790 1 1062
12814 2 46677
12835 2 985
12848 1 124
12918 3 2623
12927 1 993
12928 1 1026
12929 1 973
12930 1 1053
12950 1 2140
12972 2 671
13000 3 844
13001 1 737
13002 3 939
13021 1 1120
13041 24 786
13052 1 1184
13053 15 3052
13059 1 1221
13062 1 2827
13104 1 1437
13144 1 339
13150 1 1345
13244 1 1069
13259 6 616
13262 1 707
13268 1 2970
13290 1 1648
13300 1 427
13309 1 2136
13321 1 4863
13339 1 2880
13344 6 5744
13372 1 279
13430 1 491
13466 1 1683
13479 2 5487
13488 2 1792
13497 1 6632
13509 28 1700
13524 1 621
13559 1 1873
13560 1 1869
13565 1 2701
13575 2 2070
13590 2 601
13597 1 1011
13598 2 1521
13599 2 1426
13601 2 1798
13608 2 450
13611 1 765
13615 5 976
13619 1 1734
13624 3 1236
13625 2 761
13627 2 3259
13628 2 1090
13629 3 585
13632 1 769
13635 1 1237
13636 1 1160
13637 1 1271
13638 1 1679
13639 1 1946
13640 2 4066
13656 10 1364
13657 2 1124
13658 2 1095
13659 1 3326
13667 2 873
13691 2 2873
13696 2 2538
13705 2 864
13835 2 1581
13843 1 1026
13844 1 2190
13864 1 867
13941 1 1949
13954 6 530
14007 1 466
14050 2 917
14067 1 1216
14080 3 51830
14096 1 2291
14138 1 294
14190 1 1152
14206 1 703
14210 6 1997
14211 2 1561
14212 1 12149
14231 2 2076
14253 1 658
14254 1 458
14255 1 455
14268 1 573
14269 1 335
14277 2 1582
14278 2 1192
14292 1 11958
14301 2 2773
14303 2 1086
14348 1 1551
14363 3 751
14366 3 1072
14378 2 724
14379 3 717
14380 2 662
14381 2 913
14383 1 302
14388 3 823
14389 3 807
14474 1 3842
14485 1 2125
14492 1 1007
14502 1 989
14522 1 1156
14531 1 425
14555 1 2701
14556 1 614
14564 1 709
14587 5 1029
14600 1 1048
14626 1 443
14662 1 1844
14667 1 1206
14676 2 863
14681 1 334
14691 2 802
14692 1 3976
14693 3 1549
14694 1 1912
14695 2 664
14706 1 542
14708 1 1144
14709 2 1785
14710 2 1341
14711 2 1117
14712 1 914
14713 2 863
14715 1 1357
14727 6 1409
14731 2 788
14732 1 798
14735 3 1483
14746 1 1733
14747 1 1544
14748 1 1244
14749 2 1050
14750 2 1292
14754 7 1214
14756 3 3039
14759 1 904
14760 2 840
14761 2 470
14763 3 1468
14766 1 964
14768 2 1208
14769 1 2384
14771 2 643
14776 2 1585
14777 1 23
14778 3 1208
14797 2 2125
14798 2 1575
14820 1 4854
14878 2 3248
14882 1 1053
14883 1 1025
14884 2 912
14989 2 876
15023 2 1799
15025 1 507
15026 2 481
15035 2 983
15036 2 885
15073 7 2133
15204 2 3771
15220 1 1503
15236 1 951
15244 1 5618
15258 1 1167
15281 12 1900
15293 1 5587
15480 1 896
15482 1 791
15485 1 822
15490 11 571
15511 2 1482
15516 2 990
15521 1 262
15537 1 468
15568 1 3032
15569 1 3119
15570 1 2982
15571 1 3116
15572 1 3411
15573 1 2920
15574 1 3007
15575 1 3094
15576 1 2773
15605 2 585
15612 1 1390
15646 1 568
15661 2 1088
15671 1 1154
15673 1 886
15762 1 2141
15818 1 470
15823 3 906
15847 3 942
15848 1 524
15849 1 1972
15850 3 860
15851 1 773
15852 1 310
15853 1 1348
15868 2 2468
15882 4 176
15926 1 1584
16114 1 1601
16118 5 2119
16172 1 1029
16192 1 1427
16198 1 953
16224 13 1417
16229 1 2303
16237 1 2746
16251 1 1023
16255 2 2187
16294 1 2089
16311 2 2173
16327 2 829
16353 1 1250
16354 1 986
16360 1 855
16407 2 637
16446 2 2051
16455 1 1401
16464 1 3565
16490 2 4549
16492 3 3998
16533 1 1331
16547 3 1030
16564 1 1007
16566 1 936
16567 2 228
16591 3 6896
16610 1 175
16623 1 466
16635 2 7678
16657 2 1834
16666 1 1110
16705 3 3332
16794 1 536
16819 1 1658
16854 1 1347
16869 1 3108
16906 2 474
16911 1 522
16914 1 2130
16936 1 3648
16952 1 7998
16973 1 1399
16975 1 736
16978 1 1563
16989 1 971
16993 2 1557
17002 2 968
17003 3 320
17008 2 658
17021 1 1973
17041 1 462
17061 1 3094
17071 1 2160
17076 1 520
17078 1 783
17097 2 2690
17122 1 9203
17137 1 1349
17157 2 1062
17167 1 1537
17193 1 708
17195 1 2000
17202 1 2274
17238 1 457
17249 3 716
17250 9 1492
17262 1 3246
17325 11 1320
17327 1 1088
17444 1 2110
17469 10 599
17470 14 426
17509 1 1726
17556 1 519
17578 1 816
17589 3 12110
17590 1 6514
17605 4 1687
17638 1 6007
17642 1 966
17645 1 718
17651 2 3602
17717 1 3139
17721 1 839
17724 12 179
17746 6 588
17747 6 565
17758 1 28986
17789 2 2222
17790 1 2095
17806 3 868
17821 4 615
17823 1 505
17853 1 769
17901 1 1052
17944 1 222
17954 3 629
17958 1 1236
17959 2 721
17960 1 385
17989 2 788
18004 1 5488
18027 5 869
18073 1 967
18074 3 1263
18076 1 734
18100 3 936
18137 2 1301
18138 11 967
18139 7 682
18146 2 5814
18164 1 1451
18226 3 1550
18228 2 4817
18264 3 3866
18287 1 1632
18291 1 945
18295 2 509
18296 6 913
18306 1 428
18307 1 890
18308 1 1341
18309 1 421
18310 1 1133
18311 2 820
18312 1 1509
18313 1 1183
18329 1 607
18360 3 1158
18361 2 780
18381 1 1590
18388 1 1439
18391 1 687
18428 4 790
18448 1 135
18467 1 1259
18486 1 1075
18521 1 2145
18534 4 1729
18562 1 1335
18629 1 860
18630 1 394
18636 1 1655
18637 1 1065
18645 1 1794
18646 2 1083
18652 2 2264
18654 2 15696
18657 1 2740
18659 1 1736
18685 1 4688
18686 2 3449
18687 1 3261
18688 1 1233
18689 1 2550
18696 2 1646
18697 2 783
18726 2 336
18732 1 149
18735 1 1653
18759 2 2997
18788 1 1109
18797 2 3696
18798 2 4126
18803 1 507
18821 1 805
18826 2 3184
18827 1 1355
18830 1 1272
18837 5 930
18851 1 1501
18876 1 339
18905 1 3741
18906 1 3883
18907 1 3535
18926 16 1782
18930 1 2682
18934 1 568
18951 2 5208
19000 1 1062
19001 1 1062
19038 1 2622
19043 1 4707
19045 3 3919
19077 1 2958
19078 1 2988
19123 1 1226
19124 1 1758
19133 1 2181
19177 3 1161
19194 3 5424
19379 1 4781
19390 4 3260
19392 3 669
19394 1 1246
19504 1 6279
19560 1 8071
19613 1 1146
19616 2 388
19647 2 3406
19668 9 887
19684 1 2620
19733 2 1292
19756 1 1091
19758 1 317
19817 2 594
19818 1 4232
19824 5 605
19835 1 1651
19841 1 935
19863 1 1885
19864 1 1262
19867 2 1332
19869 1 2203
19872 2 1030
19874 2 1603
19875 2 826
19899 3 6214
19904 1 1476
19909 1 1003
19913 1 2014
19932 4 1327
19933 4 1797
19934 6 984
19935 2 1523
19938 2 1181
19943 2 1820
19957 3 1260
19959 4 2824
19960 7 1151
19961 4 2081
19982 1 1251
19999 1 1543
20002 1 2451
20003 1 2457
20005 2 2489
20007 2 631
20015 2 2199
20016 2 3043
20019 1 644
20020 1 1073
20027 2 1905
20029 1 1532
20121 1 67
20180 2 1773
20183 2 1575
20185 1 1049
20236 1 1252
20241 1 1133
20243 2 1017
20294 3 3768
20310 1 4111
20322 4 669
20346 1 478
20385 1 1007
20389 1 893
20556 1 693
20617 1 1245
20621 2 2416
20622 1 1417
20653 1 6960
20661 1 1660
20684 1 12924
20686 2 750
20700 1 2481
20715 2 802
20742 2 809
20747 2 465
20776 1 953
20779 2 1150
20808 5 1960
20833 1 5441
20868 1 3295
20873 5 401
20889 3 125
20899 1 3664
20903 5 2764
20914 1 1215
20916 2 2792
20971 1 884
20977 4 2515
20985 1 1356
20994 1 1080
20995 19 1840
20996 2 363
21074 2 5552
21180 1 1918
21182 1 1547
21189 4 979
21209 1 839
21279 1 1380
21280 1 1259
21281 1 1524
21284 1 1012
21318 1 7108
21321 1 7104
21328 1 2276
21339 1 4745
21377 1 1374
21378 1 356
21386 1 1881
21390 1 1750
21403 2 1316
21456 1 1779
21463 1 2707
21491 2 1255
21501 8 416
21527 1 6412
21552 1 3528
21559 1 1049
21614 1 379
21615 1 293
21624 1 1341
21644 1 11884
21646 1 410
21653 1 1859
21654 1 1605
21655 1 1486
21695 1 1941
21698 2 2267
21703 1 1484
21712 1 965
21738 14 742
21739 15 601
21768 1 2946
21773 3 955
21837 2 825
21841 1 227
21877 1 1400
21903 4 3153
21913 1 3148
21925 1 1122
21941 1 1755
21942 4 1543
21943 1 2866
21945 1 1790
21946 33 1327
21954 1 241
21955 2 2133
21957 2 1265
21958 4 1028
21960 3 7778
21964 2 1399
21968 4 995
21969 2 4332
21970 1 683
21972 3 2236
21973 3 1276
21975 3 710
21976 3 3253
21977 2 689
21979 1 861
21981 1 3068
21989 4 2096
21990 6 1578
21991 5 1915
21992 4 1844
21993 4 2572
21994 4 1872
21995 4 2336
21996 4 2579
21997 4 2196
21998 4 2024
22048 2 1210
22051 1 499
22069 1 1463
22072 1 987
22073 1 1079
22074 1 979
22075 1 1098
22076 1 1006
22108 1 2108
22144 2 1923
22160 1 758
22206 1 2514
22216 1 13756
22220 2 383
22381 3 29
22446 11 570
22506 1 476
22507 1 857
22523 1 3123
22524 1 3107
22525 1 3022
22526 1 2933
22527 1 2945
22528 1 3156
22545 1 845
22554 6 875
22569 1 1315
22578 2 625
22584 1 2300
22590 1 1209
22591 3 2289
22592 1 2031
22594 1 732
22605 7 1238
22610 1 1706
22640 3 703
22784 3 1080
22907 1 934
22908 2 2390
22909 2 1035
22926 4 1353
22966 4 320
22968 6 346
22976 1 1924
23013 60 4500
23015 1 1253
23064 2 7447
23134 1 2296
23211 1 1665
23377 1 430
23393 21 623
23402 3 566
23424 1 604
23437 1 764
23521 1 1803
23532 1 408
23556 5 1763
23559 3 2529
23560 1 256
23583 2 3023
23585 1 356
23676 2 1013
23819 2 680
23919 1 127
23975 1 311
23979 1 726
24087 1 919
24088 1 1581
24096 1 3824
24126 1 1376
24152 1 1364
24157 6 10311
24161 1 499
24217 1 788
24222 2 3333
24244 1 1387
24281 3 203
24284 1 4091
24286 1 1402
24299 1 1073
24388 1 1686
24446 10 706
24452 2 2427
24475 1 2124
24494 1 825
24502 1 2202
24540 1 4575
24541 1 5645
24556 1 2926
24581 1 556
24588 1 1540
24593 1 1736
24612 1 1430
24632 3 815
24668 4 6702
24713 2 3212
24721 1 414
24726 1 1085
24736 2 818
24745 1 655
24748 3 4627
24760 1 600
24789 1 4093
24796 1 714
24803 3 5803
24809 3 1190
24810 2 621
24814 2 1629
24815 1 1122
24816 1 804
24819 3 1466
24820 4 1367
24828 2 1036
24831 2 1440
24838 1 1751
24839 1 1127
24842 3 3916
24844 2 1882
24849 3 4735
24850 9 697
24855 2 606
24865 4 2318
24866 4 1558
24886 1 7415
24887 1 7415
24888 1 7415
24896 1 4879
24897 1 4588
24898 1 4667
24899 1 3770
24928 1 1142
24929 1 1195
25021 1 514
25046 1 816
25047 1 1186
25054 2 1376
25065 2 307
25075 1 419
25080 2 555
25092 1 453
25150 2 1598
25160 1 3316
25164 6 491
25165 6 595
25175 2 4293
25234 2 4341
25260 14 1048
25282 1 1395
25306 1 1017
25310 1 1434
25311 1 1219
25317 1 684
25324 1 2744
25334 1 547
25418 2 1316
25422 2 2424
25424 2 934
25447 1 833
25470 1 1437
25474 5 3568
25475 1 3015
25476 1 3033
25477 1 3314
25478 1 3302
25479 1 3085
25480 1 178
25485 12 361
25511 2 689
25547 2 3685
25555 1 3167
25561 2 219
25656 2 4885
25693 2 2462
25695 1 454
25696 3 768
25697 2 1111
25712 2 2401
25713 2 3056
25759 1 1058
25781 2 1240
25795 3 353
25862 9 1157
25866 8 1198
25891 1 2054
25902 2 2698
25962 1 676
26046 1 509
26050 1 1792
26054 2 1978
26060 4 2133
26110 2 277
26112 1 972
26128 3 744
26210 5 1293
26228 2 768
26238 1 1609
26263 1 928
26327 3 915
26350 1 721
26386 1 2024
26388 1 3682
26404 2 159
26440 2 693
26454 4 1961
26498 1 32423
26576 1 1569
26631 2 8025
26675 1 1056
26696 1 931
26705 6 1443
26714 1 1065
26723 1 1586
26732 5 94
26754 1 1464
26769 2 426
26784 1 1465
26786 2 394
26805 2 1467
26811 1 1172
26813 1 1462
26814 3 1736
26815 4 653
26820 1 5014
26824 7 966
26827 3 2251
26829 1 697
26832 1 1182
26833 1 804
26836 5 2928
26837 3 978
26854 2 750
26856 2 1093
26860 1 575
26869 2 833
26923 2 1173
26945 1 2664
26978 1 1136
27124 1 583
27125 1 1153
27162 1 1964
27173 1 3255
27216 2 1262
27258 4 1835
27261 1 1483
27262 1 859
27274 1 716
27282 2 1477
27298 1 663
27311 1 1044
27337 1 917
27378 9 849
27379 3 931
27413 4 1577
27430 1 1623
27587 2 1067
27595 1 505
27625 8 2383
27675 2 1003
27687 1 1575
27693 3 678
27711 1 662
27741 1 733
27763 4 642
27768 1 1009
27771 1 696
27777 1 2817
27782 1 1620
27783 1 1105
27785 4 840
27812 3 3494
27819 7 1332
27827 4 2297
27840 2 887
27853 3 3446
27872 2 3102
27879 1 1030
27880 1 1171
27918 5 72
27922 18 969
27985 2 35
27992 1 1645
27995 2 493
27996 1 1192
28004 2 428
28006 1 1748
28008 2 1268
28015 2 214
28030 1 700
28109 5 461
28115 1 2406
28249 2 426
28259 1 6624
28261 1 11790
28276 1 299
28279 1 1131
28315 20 755
28413 1 1726
28414 3 3568
28416 2 1057
28419 3 3437
28420 4 573
28429 3 1748
28436 4 1926
28437 47 1135
28446 1 9326
28474 1 1304
28486 1 1421
28489 1 1123
28495 5 1554
28630 1 736
28658 2 729
28671 2 1093
28673 1 1086
28689 2 1875
28691 1 1330
28692 1 1065
28694 3 1039
28695 1 1876
28696 2 3559
28705 2 367
28730 1 1156
28770 1 777
28772 1 1602
28797 1 3851
28816 6 2084
28822 1 2051
28838 1 3316
28846 1 1687
28847 1 1791
28851 5 446
28951 1 4581
28952 1 980
28980 1 1423
28993 5 559
28996 2 844
29056 1 522
29065 5 1104
29068 1 308
29076 3 1924
29126 1 879
29136 2 1011
29144 1 2485
29188 3 1235
29197 3 80
29368 3 630
29383 2 1087
29408 2 2208
29433 1 1359
29473 1 473
29474 1 546
29484 2 490
29490 1 622
29491 1 3124
29492 1 3204
29493 1 3306
29494 1 3066
29495 1 3137
29496 3 2933
29497 1 2942
29498 2 2955
29519 1 8686
29533 1 1384
29545 3 2155
29555 1 1529
29556 1 1585
29565 1 447
29568 3 819
29571 1 1682
29573 1 623
29603 1 1169
29617 3 737
29637 1 2315
29788 1 2365
29820 4 861
29821 1 906
29828 3 1349
29850 3 801
29851 1 1758
29852 1 542
29853 1 1120
29854 1 819
29875 2 2653
29878 2 1144
29914 1 2420
29915 1 615
29952 1 665
29955 1 960
30055 2 2125
30060 1 1690
30083 2 1284
30084 1 1077
30143 1 1666
30144 3 1037
30145 2 1077
30153 3 368
30182 1 1248
30283 1 1092
30314 1 1766
30332 1 1157
30519 1 5484
30537 1 581
30595 1 1820
30596 2 1172
30599 2 924
30602 2 3594
30605 2 1929
30609 2 3139
30635 4 2140
30639 1 8117
30643 1 1318
30649 2 2455
30699 6 557
30727 1 1425
30733 1 638
30743 1 571
30754 1 1367
30758 2 898
30760 1 644
30765 2 1987
30773 1 1925
30804 1 10416
30821 1 1456
30824 1 896
30827 1 663
30837 1 406
30865 2 902
30896 5 491
30897 6 535
30898 6 589
30905 1 1442
30917 1 514
30926 1 1007
30947 1 1608
30952 1 3956
30953 1 4469
30967 1 828
30982 1 1788
31004 1 1096
31038 1 611
31039 2 1073
31045 2 24677
31058 1 3446
31089 1 1949
31114 1 1306
31132 2 407
31146 15 1006
31219 1 563
31241 1 487
31257 1 1242
31288 1 2833
31310 1 475
31340 1 1091
31380 1 1553
31388 1 487
31389 1 337
31390 1 479
31410 2 2031
31416 1 1544
31429 1 1352
31430 1 1299
31439 10 972
31440 3 955
31441 1 1845
31486 1 967
31515 2 543
31518 1 5634
31521 4 3875
31550 1 1019
31588 3 1119
31603 1 986
31604 1 966
31605 1 285
31616 3 346
31623 1 8156
31688 1 2740
31702 1 2004
31728 2 1238
31738 1 1012
31768 6 565
31774 1 1024
31791 2 535
31795 2 783
31821 1 4061
31822 1 3213
31825 1 3867
31858 56 1811
31860 1 1825
31868 1 1596
31874 4 640
31875 1 270
31931 1 1507
31935 1 2200
31939 4 888
31945 1 2616
31957 1 1455
31987 2 450
31997 1 586
32019 2 4793
32023 1 2558
32024 2 416
32194 1 934
32211 1 954
32216 2 1582
32217 1 1083
32226 1 3217
32241 1 5341
32263 1 652
32266 1 849
32270 2 1127
32285 1 440
32286 3 3201
32287 1 3033
32289 1 2992
32291 1 3102
32347 1 824
32361 1 494
32362 1 560
32363 1 495
32380 2 328
32388 6 24490
32392 1 1641
32400 1 1264
32407 3 1478
32422 1 581
32470 1 1052
32493 2 853
32561 1 832
32604 1 773
32607 1 1868
32608 1 1910
32609 1 443
32610 1 1082
32641 1 1814
32664 2 1019
32704 1 2103
32752 2 2880
32798 1 595
32838 4 684
32878 1 330
32898 1 1475
32980 2 530
33071 1 466
33072 1 829
33084 1 1311
33195 1 626
33215 2 1134
33224 1 576
33237 2 751
33255 1 946
33268 2 3327
33304 1 1326
33354 4 1212
33359 1 890
33374 1 325
33394 3 836
33404 16 397
33419 3 691
33423 1 1474
33434 9 620
33494 5 11341
33504 1 1979
33515 1 951
33587 2 259
33610 2 1314
33619 1 1176
33686 1 2000
33700 1 1557
33703 1 18894
33705 1 572
33709 1 1690
33729 1 240
33739 1 1711
33757 1 1989
33848 1 1439
33874 1 987
33904 1 1776
33912 1 645
33913 1 1278
33917 13 1937
33937 1 14231
33948 1 1368
33959 1 644
33995 2 315
34004 3 5029
34051 6 600
34066 1 1148
34067 1 1675
34081 1 3468
34146 1 1989
34177 1 1899
34197 1 2057
34199 1 839
34203 1 801
34273 1 708
34277 1 1189
34307 1 1047
34309 1 975
34335 1 1518
34339 1 1150
34360 2 1335
34388 8 422
34408 1 1352
34410 1 1478
34451 1 23
34454 3 1630
34455 1 1495
34456 1 1514
34457 1 1594
34460 1 1553
34462 1 1693
34464 1 664
34465 3 5422
34467 9 838
34479 4 1119
34480 1 2110
34482 2 1107
34489 1 1568
34493 1 905
34495 2 438
34496 11 1346
34498 1 817
34504 2 617
34507 1 1422
34510 6 887
34518 1 777
34521 3 3172
34524 2 879
34525 5 1736
34526 4 2380
34574 4 2252
34575 2 2031
34578 2 2374
34617 1 1251
34621 1 898
34623 1 557
34634 1 1126
34657 1 646
34660 2 1031
34665 1 1365
34669 1 36
34672 2 942
34674 5 2253
34675 2 1999
34705 1 773
34776 6 2068
34802 6 609
34837 5 1061
34840 3 591
34860 1 3758
34866 1 412
34903 1 583
34913 3 877
34923 1 2774
34924 3 986
34932 1 731
34938 1 5944
34941 1 1620
34957 1 667
34983 1 656
34987 1 1168
35037 1 993
35051 3 525
35151 1 4287
35331 1 2132
35362 1 286
35373 1 1558
35374 1 512
35427 5 12574
35428 5 12657
35438 2 1048
35458 5 388
35504 2 1747
35507 1 1988
35518 1 750
35520 1 1193
35532 3 4534
35600 1 1057
35678 3 1277
35709 6 1257
35720 1 4608
35769 1 242
35771 1 5813
35794 1 510
35857 1 1888
35870 1 750
35891 4 2019
35905 1 407
35913 1 507
35937 1 4486
35946 4 3409
35947 1 651
35960 1 1879
35992 1 423
36040 3 1563
36101 3 984
36171 1 1022
36222 1 1383
36263 3 1184
36266 1 678
36268 3 1022
36274 3 765
36276 8 1101
36277 1 868
36278 6 469
36279 3 659
36282 2 821
36284 1 1599
36285 1 1329
36286 2 1718
36287 2 1827
36290 1 1878
36291 2 4374
36293 1 3644
36294 2 3160
36295 7 882
36296 2 489
36304 2 1491
36305 3 731
36306 3 2219
36308 3 781
36311 1 2920
36312 4 1698
36313 1 1437
36330 1 1117
36333 1 1086
36334 1 1139
36335 1 584
36337 3 364
36342 6 1083
36343 1 1778
36344 2 1190
36350 6 893
36361 1 2132
36363 2 2502
36364 4 2554
36372 3 1404
36464 1 889
36471 1 541
36483 1 1115
36498 1 8241
36592 1 459
36595 1 745
36608 1 740
36618 12 614
36683 3 1069
36692 1 1033
36715 21 621
36748 1 184
36770 1 2401
36778 8 759
36779 3 1172
36812 1 1385
36815 1 422
36828 1 1444
36843 1 508
36873 19 4539
36875 1 951
36908 2 498
36933 1 355
36963 1 916
36980 7 579
36988 1 582
37002 1 467
37005 2 1134
37012 3 1013
37060 1 344
37074 1 3457
37091 1 1834
37092 1 703
37165 1 1811
37172 1 2396
37197 1 3237
37200 6 724
37205 6 2953
37208 3 358
37284 1 2087
37310 1 7113
37323 1 7159
37343 2 852
37416 1 1147
37418 1 1786
37419 2 13883
37437 1 595
37454 1 8351
37456 1 2083
37458 2 1744
37488 1 354
37492 1 208
37506 2 1377
37550 2 1723
37567 1 2983
37587 1 2098
37592 2 1922
37593 1 2020
37594 1 1661
37595 1 1332
37598 6 1621
37599 2 1374
37600 2 1454
37601 3 1897
37602 7 1078
37603 1 558
37606 1 903
37607 2 1334
37614 2 4640
37615 66 2824
37621 2 648
37623 2 913
37624 4 782
37628 1 1169
37630 5 2027
37649 1 1913
37650 1 2418
37654 4 603
37655 3 1979
37657 3 1079
37671 3 2694
37673 7 954
37684 2 1530
37685 2 2123
37686 4 2096
37696 1 1183
37698 1 5406
37709 2 1372
37724 1 2484
37733 4 1162
37734 2 3488
37735 2 1882
37736 2 1948
37741 1 1024
37839 1 507
37895 1 1340
37897 2 1027
37906 1 1709
37909 2 2154
37932 2 17484
37979 2 826
38004 1 2166
38012 1 1140
38019 1 1935
38020 1 688
38049 1 511
38051 1 1733
38067 5 2040
38098 4 277
38119 1 1233
38123 2 2113
38125 2 482
38157 1 3920
38180 1 1294
38201 1 1043
38202 1 457
38233 1 905
38237 48 4950
38289 1 1007
38296 7 2027
38367 1 2157
38397 1 744
38401 1 506
38435 1 1582
38520 1 1239
38529 2 1224
38566 1 325
38576 1 1706
38586 2 3019
38612 1 116
38614 3 855
38618 1 78
38629 1 1020
38651 1 794
38658 1 671
38661 1 618
38663 2 3825
38713 1 1687
38715 2 5564
38725 1 2848
38726 2 926
38736 5 1093
38739 1 934
38786 1 2614
38798 1 1280
38799 1 1503
38815 1 1731
38851 1 4217
38857 2 1230
38877 1 1005
38880 1 1528
38905 1 1096
38941 2 931
38987 1 559
38991 1 1489
38996 3 584
39015 1 2466
39020 1 827
39021 1 896
39049 1 1028
39050 2 813
39051 1 1231
39055 1 288
39081 1 1592
39085 1 4795
39097 1 1486
39098 1 676
39116 4 1277
39132 1 3874
39163 6 879
39164 4 2936
39165 1 1217
39166 1 1097
39167 1 1736
39168 1 1160
39170 4 1347
39174 2 2046
39175 2 3064
39180 2 1551
39184 3 1671
39187 4 715
39193 1 3626
39194 22 764
39197 1 859
39199 2 1404
39204 2 908
39205 10 770
39211 1 824
39238 3 1675
39240 2 1187
39241 1 7079
39245 3 4290
39251 1 2258
39254 4 447
39256 2 1626
39257 3 2445
39258 4 1773
39262 1 25
39263 3 1191
39270 1 2484
39271 1 2225
39272 2 730
39277 1 2053
39282 1 675
39283 2 2198
39292 1 4867
39321 2 1371
39324 2 212
39397 1 2248
39419 2 414
39470 2 2520
39471 1 1340
39472 1 1541
39476 1 556
39478 2 1398
39482 2 1937
39517 1 607
39532 1 2114
39541 1 883
39544 1 1182
39556 1 1631
39649 1 781
39685 1 216
39695 6 3613
39708 1 918
39744 2 129
39777 1 972
39914 3 1040
39923 1 964
39937 1 1427
39962 1 182
39969 1 1086
39989 1 423
40004 1 520
40009 1 504
40010 1 634
40021 1 604
40022 1 2312
40024 1 2366
40033 2 2140
40037 1 3833
40082 1 1394
40093 15 4751
40095 1 970
40144 2 1211
40176 5 1287
40215 14 861
40238 1 1053
40335 3 2129
40373 1 953
40424 1 757
40425 1 620
40435 1 2577
40515 10 538
40516 1 426
40534 2 4269
40538 1 14088
40550 3 3684
40553 1 577
40598 1 362
40599 1 1239
40600 1 555
40648 1 7183
40657 1 850
40688 1 236
40689 1 446
40771 1 1289
40787 1 597
40788 1 1583
40817 2 2302
40819 1 10440
40825 1 1760
40834 1 757
40848 1 630
40858 6 554
40900 1 3388
40942 1 1831
40943 1 1060
40984 1 635
41011 1 276
41035 1 972
41043 2 665
41054 1 847
41080 1 1531
41111 4 2649
41112 2 922
41113 1 1884
41114 1 2690
41118 1 2966
41141 3 1072
41145 2 1347
41146 2 669
41147 1 1261
41164 4 1123
41165 4 1234
41168 1 251
41180 2 763
41243 1 725
41247 2 1335
41252 1 1169
41253 1 654
41275 1 1248
41297 1 441
41306 1 2294
41322 1 740
41357 1 691
41524 2 2455
41527 2 666
41530 1 673
41531 1 938
41679 2 1631
41719 1 632
41728 2 852
41734 1 1494
41746 1 940
41822 1 1997
41836 1 829
41839 1 1382
41865 2 1487
41875 1 668
41887 1 1056
41891 10 1058
41908 1 516
41934 1 355
41998 1 845
42009 1 3192
42030 1 2922
42036 1 684
42049 2 2797
42114 4 5169
42127 1 1483
42161 1 9423
42165 3 1084
42171 1 1306
42175 1 141
42184 1 600
42186 1 556
42187 1 1117
42225 1 1534
42238 1 1943
42246 3 1979
42279 1 278
42297 1 1946
42330 1 6012
42355 2 5228
42356 3 4608
42359 2 2478
42415 1 893
42423 1 2011
42447 1 819
42473 2 3755
42474 2 1310
42510 2 1487
42516 1 823
42535 2 262
42558 2 1161
42559 1 2800
42560 2 1179
42561 1 270
42567 1 3374
42569 2 3491
42570 2 856
42571 1 844
42575 1 1157
42576 3 1655
42580 3 8665
42582 2 1649
42583 2 653
42584 3 1300
42591 2 1191
42593 6 2229
42596 1 802
42597 1 1554
42600 4 2138
42601 4 2101
42627 2 1127
42629 4 3606
42630 8 2369
42631 2 1557
42635 2 1088
42643 4 496
42645 3 2530
42653 2 2753
42669 1 1190
42670 2 1290
42832 1 1721
42846 1 1285
42857 1 288
42869 3 992
42891 1 920
42892 1 2540
42893 1 1128
42894 2 1338
42895 1 643
42934 1 942
42948 1 807
42995 1 1142
43002 4 1109
43026 2 1259
43037 1 1001
43067 2 38
43072 2 1152
43110 35 668
43112 1 879
43179 1 749
43185 1 624
43191 2 530
43250 1 578
43318 1 577
43428 1 1779
43432 2 919
43433 1 562
43434 1 572
43435 1 400
43437 3 1930
43438 1 2070
43465 2 1139
43471 1 1044
43477 1 22611
43492 2 1324
43507 1 1101
43508 2 1409
43583 2 569
43633 2 1373
43634 6 1505
43635 7 1334
43677 2 1436
43678 1 956
43734 1 531
43741 1 1954
43764 3 9601
43816 5 523
43905 1 1196
43928 1 218
43937 10 1476
43951 1 1398
44009 3 752
44028 1 1537
44090 1 1267
44100 1 401
44105 2 2359
44106 1 3394
44107 1 1972
44115 1 4306
44160 1 1035
44191 1 1020
44213 1 886
44215 1 253
44219 2 1788
44234 1 561
44238 1 800
44248 2 1952
44256 1 1298
44261 1 209
44310 1 512
44363 2 757
44369 2 76
44376 1 1032
44377 1 1880
44389 1 1440
44406 2 1519
44407 1 1204
44422 1 326
44432 1 762
44451 1 786
44455 1 1628
44456 4 1155
44462 2 1299
44464 1 703
44465 3 1702
44466 4 1110
44467 2 980
44469 1 1847
44470 3 1049
44474 2 1141
44483 1 875
44487 8 1650
44494 1 3303
44495 1 805
44502 1 1064
44537 7 456
44562 2 430
44572 1 277
44707 2 6048
44742 1 338
44774 1 2787
44787 2 1714
44788 5 1806
44789 2 1330
44817 1 2611
44824 1 226
44855 1 361
44871 5 771
44873 1 3136
44874 1 3594
44875 1 2970
44876 1 3240
44877 1 2904
44878 1 2602
44879 1 3172
44880 1 2983
44881 1 3374
44882 1 548
44891 1 1753
44892 1 1152
44898 2 618
44952 2 2567
44953 1 900
44954 2 8549
44955 3 7733
44972 1 1148
45098 2 1554
45099 3 1823
45181 1 1440
45186 2 516
45207 3 419
45212 1 555
45213 1 1282
45214 3 1097
45215 3 764
45216 1 1285
45217 1 1038
45218 5 428
45239 1 487
45252 1 406
45285 2 1078
45296 1 813
45310 4 1152
45346 1 509
45390 1 1067
45406 1 1233
45421 2 765
45448 1 706
45456 1 1098
45487 1 863
45491 1 863
45501 1 1221
45611 1 1534
45647 1 159
45668 1 118
45806 1 361
45816 2 899
45817 2 755
45819 4 1265
45820 1 1773
45849 1 756
45854 1 344
45897 1 354
45935 14 4684
45960 3 2353
46027 1 719
46039 1 864
46069 1 3643
46147 1 2188
46152 36 907
46248 1 493
46277 1 4798
46308 6 491
46320 1 1655
46321 4 437
46341 1 792
46346 1 1338
46348 2 770
46391 5 2268
46419 13 2392
46432 1 3117
46433 1 595
46436 1 416
46490 3 2484
46505 1 6279
46512 2 4395
46545 1 1493
46552 2 9921
46575 2 1036
46576 1 1473
46601 1 967
46613 1 649
46619 1 246
46639 1 4091
46671 2 997
46685 2 650
46688 2 618
46689 2 1372
46690 4 843
46691 1 1448
46695 2 1088
46696 1 1298
46697 1 1569
46698 1 1272
46699 2 1461
46703 2 941
46706 2 907
46725 4 1492
46733 2 728
46734 2 1928
46735 2 1806
46739 1 1076
46740 1 1167
46743 1 441
46747 1 657
46754 1 1931
46757 2 1103
46759 6 2714
46760 1 528
46761 5 833
46768 10 712
46774 2 2182
46775 2 537
46778 2 838
46779 4 1776
46780 5 1725
46781 7 3752
46782 4 1711
46783 4 2182
46784 4 2048
46822 1 746
46837 2 2432
46839 1 1057
46852 4 854
46917 1 887
46931 1 556
46935 2 1074
46936 2 346
46941 21 1454
47012 1 1990
47039 6 2061
47078 1 668
47115 1 1920
47118 4 466
47120 1 208
47161 1 1358
47174 1 341
47185 1 455
47186 1 1229
47199 2 3686
47204 1 1502
47245 1 6757
47247 7 561
47259 1 849
47273 1 436
47308 1 1139
47358 2 315
47359 2 528
47376 1 842
47377 1 1217
47388 1 532
47399 1 1079
47430 1 527
47431 1 402
47437 4 1517
47438 1 1445
47442 1 559
47446 1 2943
47459 1 8496
47460 3 1813
47473 2 1168
47482 1 1551
47495 1 1207
47496 1 2373
47524 2 817
47526 2 967
47542 1 693
47543 8 2250
47544 1 1704
47545 2 1640
47559 3 11224
47562 1 1450
47606 1 1497
47612 2 357
47614 2 645
47625 1 907
47711 2 928
47715 1 649
47716 1 680
47717 3 1207
47718 1 1045
47719 4 1086
47720 1 1789
47721 1 351
47760 4 1544
47770 1 929
47790 1 1897
47794 1 2859
47799 9 2474
47800 24 10768
47802 1 1203
47848 11 2980
47871 1 27
47992 2 590
48043 1 422
48044 7 592
48069 1 3129
48071 1 1208
48078 1 11919
48080 1 788
48086 1 1062
48087 48 2749
48092 2 916
48093 2 744
48126 3 1791
48132 1 1373
48155 1 478
48156 1 539
48162 2 1320
48191 3 364
48192 1 591
48230 2 607
48253 1 2008
48254 1 747
48263 1 179
48267 3 4317
48269 3 11120
48287 1 2481
48323 5 536
48324 5 520
48325 5 433
48326 6 477
48327 6 509
48338 1 2760
48343 1 882
48353 1 823
48452 3 943
48470 1 2310
48491 4 545
48506 1 1340
48507 1 1533
48508 1 1328
48521 1 324
48552 2 391
48555 1 535
48558 1 622
48559 2 667
48595 1 1795
48596 1 938
48650 6 6532
48651 4 3561
48673 23 6093
48738 3 1001
48823 17 2098
48863 2 749
48866 2 970
48888 14 1840
48905 1 1954
48916 1 2862
48924 1 3784
48963 1 927
48964 1 689
48965 1 417
48966 1 971
48989 2 1067
49000 1 3581
49016 1 869
49021 1 2436
49054 1 902
49055 1 1309
49056 1 2188
49057 1 1611
49058 1 1664
49092 7 39956
49130 1 2701
49147 1 719
49151 2 1897
49232 1 5655
49276 1 5599
49280 1 703
49289 1 423
49300 1 575
49313 1 393
49340 4 2095
49341 2 2395
49342 2 921
49343 2 1496
49344 2 2202
49345 2 2775
49346 2 1190
49347 2 1309
49348 2 2857
49349 2 2177
49350 2 2540
49356 2 1233
49357 1 584
49369 2 512
49370 2 1072
49419 1 584
49422 1 704
49436 4 668
49471 3 1921
49508 1 1329
49514 2 12
49522 3 6160
49568 2 909
49580 1 315
49640 3 976
49672 1 1575
49677 1 991
49678 2 483
49706 1 1142
49766 1 1245
49782 1 2062
49789 1 1016
49803 1 785
49834 2 904
49860 1 2471
49867 3 1046
49883 1 2198
49884 4 798
49885 4 1429
49888 4 870
49891 4 673
49893 3 1339
49895 2 652
49903 1 802
49923 2 738
49925 3 1955
49927 2 1460
49928 3 2263
49930 1 901
49933 2 772
49934 1 3099
49937 3 649
49940 13 1997
49996 2 478
50021 3 900
50023 1 898
50036 1 1008
50037 1 1127
50038 1 770
50052 1 277
50053 1 540
50118 1 666
50142 1 2652
50143 2 8454
50191 2 1276
50207 1 2916
50209 1 1735
50210 1 2088
50211 1 1608
50212 1 1522
50213 1 1995
50214 1 1560
50215 1 537
50216 2 1284
50219 2 771
50221 1 325
50223 3 6104
50230 1 1104
50289 2 1659
50303 1 874
50313 2 503
50334 1 147
50335 1 147
50336 1 147
50358 1 1712
50364 1 1047
50409 2 2104
50446 3 169
50459 1 1672
50500 2 813
50508 4 635
50512 1 903
50558 2 1035
50577 3 211
50591 5 296
50608 1 1255
50610 2 1696
50618 2 410
50619 2 415
50725 1 876
50756 6 532
50764 1 729
50765 1 589
50766 1 1255
50779 2 1410
50780 2 1361
50781 2 1384
50782 2 1453
50786 2 1972
50804 1 902
50805 1 872
50806 1 817
50832 1 321
50837 1 1741
50839 2 1083
50842 1 354
50843 1 351
50844 1 339
50845 1 570
50846 1 506
50847 1 472
50848 1 495
50852 1 3288
50855 1 3129
50861 2 652
50862 2 880
50863 2 1020
50882 1 1190
50895 2 2073
50900 2 1783
50939 1 668
50950 2 1239
50952 2 882
50954 2 1743
50983 5 16660
50984 1 1008
50985 2 662
50994 1 1421
51015 1 337
51019 4 1182
51058 2 3191
51065 1 440
51080 3 536
51081 3 579
51085 2 599
51101 2 2052
51141 2 1862
51142 3 838
51147 1 3111
51170 1 643
51174 1 1037
51192 1 1136
51193 1 1845
51205 3 509
51234 1 1409
51240 2 221
51344 2 2554
51370 4 773
51371 3 1268
51372 2 789
51373 1 874
51374 1 1269
51377 4 183
51385 1 1887
51439 2 574
51467 1 469
51516 1 4186
51540 21 654
51604 2 803
51638 1 3650
51658 1 1259
51734 1 279
51778 1 2441
51794 1 1133
51799 1 1021
51858 6 3972
51882 1 926
51909 1 1309
51910 1 1460
51939 2 776
51952 16 429
51967 1 2148
51978 3 8282
51979 4 6703
51993 1 12689
52000 1 1615
52040 2 291
52048 3 4112
52049 4 3857
52100 1 2791
52157 1 1660
52184 2 4601
52204 3 729
52244 1 1659
52255 1 1523
52303 1 1966
52304 2 1864
52329 1 422
52339 1 1963
52384 2 3160
52396 1 4756
52403 1 1953
52404 2 1285
52405 3 2273
52408 1 1385
52411 4 563
52412 1 766
52413 1 746
52415 2 2114
52421 1 1746
52425 1 898
52426 6 1385
52444 9 760
52447 3 459
52449 3 3942
52452 2 375
52454 3 46
52455 3 1525
52457 5 4403
52462 5 1025
52463 2 556
52464 1 668
52480 2 2295
52491 1 501
52494 1 568
52498 2 875
52499 1 936
52500 2 3237
52503 1 1083
52507 4 197
52544 1 877
52558 1 724
52561 1 52057
52599 2 4808
52695 1 80
52717 1 3076
52879 2 203
52920 3 74
52929 3 920
52930 3 845
52937 2 296
52970 1 296
52986 2 1447
53030 2 816
53032 1 739
53035 1 757
53049 1 913
53055 1 244
53081 1 1072
53102 10 820
53130 1 979
53158 1 9225
53167 1 1157
53206 1 987
53244 1 2636
53261 1 1586
53274 1 1660
53317 1 52
53351 1 584
53371 1 2205
53391 1 578
53408 3 478
53410 1 1196
53430 13 48057
53438 1 5686
53462 1 954
53463 1 630
53464 1 666
53469 1 2932
53509 1 1285
53511 1 4733
53519 1 1735
53538 2 2024
53547 1 898
53603 1 2774
53646 1 2610
53652 2 1858
53653 1 2179
53654 1 2802
53655 2 2405
53671 2 668
53687 2 789
53691 1 1391
53726 1 2312
53737 2 405
53738 8 2051
53760 5 1772
53761 2 1331
53767 1 1549
53771 1 1481
53772 2 1100
53773 1 1265
53784 1 1362
53785 6 1323
53786 2 16
53789 1 777
53792 8 621
53794 4 2430
53837 3 3485
53839 2 1223
53840 11 298
53844 3 2218
53847 5 1188
53856 1 1385
53861 2 635
53862 2 1177
53925 2 1795
53926 2 2454
53929 1 1032
53930 1 1054
54048 18 784
54097 1 621
54108 1 992
54140 1 1791
54142 2 2860
54144 4 2965
54151 2 623
54183 1 2128
54219 5 1337
54226 1 1236
54232 6 718
54233 5 519
54256 2 593
54327 1 1517
54355 35 10248
54363 5 547
54364 5 441
54365 6 567
54386 1 606
54441 1 4709
54471 1 211
54484 1 1680
54510 1 1065
54511 1 1251
54512 1 1202
54559 4 2260
54560 1 940
54583 1 941
54584 1 478
54588 1 600
54589 1 2333
54591 1 1160
54592 1 1227
54612 1 803
54662 2 422
54927 1 1073
54944 1 464
54950 1 3726
54960 1 830
54973 2 1697
54974 2 1777
55048 1 16
55056 3 1176
55060 1 798
55065 1 3081
55070 1 2984
55071 1 3179
55072 1 3317
55073 1 3312
55082 2 985
55095 4 388
55109 2 693
55110 2 1197
55117 3 1442
55137 1 481
55146 1 2594
55147 2 2912
55149 1 729
55162 1 1219
55163 1 1097
55310 1 2287
55316 2 951
55329 2 1232
55333 2 1119
55476 2 650
55477 1 707
55478 2 1070
55479 1 1040
55499 1 1431
55561 1 1229
55575 2 758
55607 1 9422
55610 1 1063
55619 1 988
55627 1 454
55653 63 4392
55672 1 1335
55689 3 846
55697 1 23
55924 3 807
55925 1 701
55934 2 742
56017 1 1819
56024 4 1014
56175 3 8425
56178 3 700
56180 2 1457
56182 2 926
56188 1 1498
56189 5 1843
56191 1 2260
56196 2 1404
56198 2 712
56199 2 1698
56201 2 1323
56202 11 276
56203 23 765
56213 7 677
56222 2 611
56225 1 1378
56226 3 829
56227 2 1370
56250 1 1483
56266 1 1037
56282 2 1567
56283 2 1928
56285 1 1032
56290 1 826
56296 3 983
56403 1 641
56407 5 977
56432 1 1372
56446 2 1314
56461 1 755
56470 2 320
56476 2 1966
56477 2 4251
56482 1 936
56484 1 494
56494 1 1522
56495 1 1972
56496 1 1274
56498 4 2455
56499 2 463
56500 2 2556
56503 4 5900
56516 2 208
56520 1 1275
56528 1 262
56529 2 1042
56568 1 1095
56604 1 2210
56655 1 659
56662 1 897
56686 1 542
56691 5 459
56695 1 1426
56705 1 2241
56707 1 1732
56717 1 2410
56747 2 415
56770 3 2972
56808 1 1411
56822 1 4110
56824 4 1310
56860 1 1462
56861 1 1250
56878 1 910
56884 3 1443
56900 2 1808
56922 3 1234
56927 1 1129
56961 1 7535
56967 2 34
56973 1 1260
56984 2 794
57241 3 1386
57272 1 889
57273 1 1248
57287 2 1705
57288 2 2261
57300 2 709
57371 4 1247
57378 1 613
57380 1 3371
57381 1 2992
57382 1 3136
57383 4 3091
57384 1 3357
57385 1 2878
57386 2 2865
57387 1 2964
57388 1 3103
57410 8 2492
57420 2 1686
57436 2 3484
57446 1 1506
57447 1 1235
57490 2 1202
57512 1 1680
57517 10 1069
57518 2 3333
57519 1 774
57535 1 1177
57643 1 8017
57665 5 1013
57726 3 414
57744 1 2807
57745 1 595
57746 1 286
57774 1 582
57776 4 574
57799 1 1179
57801 3 2633
57802 4 603
57804 2 1385
57808 3 633
57810 1 1482
57811 1 280
57812 4 446
57829 1 2379
57830 10 1053
57832 1 1094
57838 1 1853
57845 1 1225
57847 4 1952
57878 3 3882
57880 2 956
57881 2 2310
57884 2 810
57886 1 1002
57889 1 805
57891 2 323
57892 2 1014
57898 1 652
57904 2 1443
57905 1 576
57906 2 1412
57908 2 893
57913 2 1261
57915 4 2190
57916 47 1132
57923 2 2383
57943 1 793
57945 4 2600
57978 6 943
57989 2 3603
57992 1 1010
57993 1 1126
57994 1 1029
58206 1 505
58216 2 1715
58219 2 690
58220 2 2264
58229 2 767
58238 8 1044
58247 2 19391
58266 1 852
58283 1 644
58305 1 751
58306 1 973
58312 1 809
58315 1 2480
58329 1 1243
58330 1 1851
58390 1 1711
58426 1 1265
58428 3 3148
58491 1 914
58503 1 2202
58760 1 666
58781 1 410
58806 1 371
58822 1 555
58823 1 454
58835 1 594
58836 1 2335
58837 1 3342
58838 1 3151
58839 1 2933
58840 1 3131
58841 1 2975
58842 1 3299
58843 1 2916
58844 1 3246
58845 1 2901
58846 1 2959
58847 1 2073
58858 1 1878
58862 2 1318
58874 1 1816
58889 3 1343
58897 1 1028
58898 2 2227
58925 1 1726
58929 7 1342
58936 1 1464
58966 1 5767
59081 3 1600
59178 2 428
59189 1 10518
59190 1 628
59191 1 1085
59192 1 769
59209 1 2825
59211 2 3035
59251 22 6070
59293 1 1254
59311 1 857
59348 1 10477
59358 1 836
59403 3 989
59404 3 1587
59406 2 1386
59407 2 569
59408 2 1795
59409 2 1186
59410 2 623
59411 3 501
59413 3 1448
59418 3 9567
59419 9 794
59420 1 1188
59421 1 1923
59422 1 1540
59423 2 13129
59424 9 1117
59426 3 1694
59427 2 1336
59428 1 398
59430 3 3685
59431 1 1353
59434 2 2472
59435 3 1065
59438 2 976
59439 1 1220
59440 5 836
59441 3 1940
59442 1 1743
59452 1 1493
59453 1 5553
59454 2 2821
59455 2 2220
59457 2 699
59459 3 1393
59460 3 1795
59466 1 4209
59467 2 4546
59468 1 4334
59469 1 4789
59470 2 3154
59471 2 4583
59472 3 2189
59473 2 4291
59474 1 3565
59475 1 5201
59476 1 2145
59478 2 1258
59486 1 1273
59487 1 1447
59488 1 1183
59489 1 1634
59493 1 684
59494 2 2310
59496 1 1417
59497 1 1102
59501 9 962
59511 2 1631
59512 2 3204
59517 1 1125
59521 1 1931
59522 3 1856
59523 1 1877
59524 2 1325
59525 1 1109
59526 1 1089
59555 1 1177
59558 2 322
59559 5 883
59561 3 4211
59562 2 820
59580 1 1999
59588 3 1547
59591 2 1374
59592 2 2574
59593 4 1584
59594 2 1660
59595 5 651
59596 2 988
59597 2 1676
59598 2 1721
59600 2 794
59603 1 1181
59610 9 699
59619 10 3498
59620 2 2013
59622 4 1137
59631 1 2500
59647 5 1537
59648 1 938
59653 1 849
59672 1 3130
59690 2 2297
59691 1 2592
59713 3 1324
59770 1 1910
59771 1 2668
59777 1 6060
59808 2 1147
59820 2 1834
59821 2 1475
59824 2 1816
59825 2 1106
59826 2 1508
59827 2 1670
59828 2 882
59829 8 1756
59832 3 1496
59839 2 216
59840 2 350
59886 3 419
59887 3 959
59888 3 615
59901 1 10800
59909 2 3894
59914 1 824
59927 1 13
60042 1 969
60048 1 851
60072 2 1182
60073 2 1178
60078 1 2528
60174 3 611
60175 3 847
60181 2 1881
60199 2 3044
60200 1 1255
60215 2 2296
60216 2 1578
60220 1 443
60237 3 383
60265 1 891
60266 1 807
60267 1 598
60271 1 348
60276 3 3089
60278 4 3357
60283 1 465
60336 1 85
60343 2 1358
60352 1 335
60356 2 898
60357 8 615
60358 1 819
60366 1 3154
60372 2 1505
60378 1 1208
60406 1 873
60430 1 2173
60436 1 253
60463 1 583
60464 1 1098
60465 1 508
60466 3 1155
60467 3 841
60468 1 410
60469 2 775
60487 2 1120
60511 9 1267
60525 2 1252
60534 8 988
60548 24 981
60575 1 2732
60588 1 3135
60590 1 622
60591 1 494
60607 1 1057
60617 5 390
60666 1 1088
60671 1 3451
60715 3 1172
60750 1 12275
60754 1 712
60758 1 909
60776 1 1098
60791 1 3468
60792 2 3202
60793 1 2201
60794 1 1921
60828 1 3367
60864 4 1132
60933 1 554
60934 3 1005
60935 1 2979
60953 2 2570
60954 2 1837
60955 2 1899
60956 2 2287
60957 2 3093
60964 1 3850
61085 1 314
61104 3 1223
61187 1 15707
61209 1 1298
61214 2 535
61233 2 476
61245 1 1084
61246 1 1024
61269 1 8764
61286 2 851
61348 1 1054
61354 2 732
61389 5 4011
61404 3 2003
61409 1 3387
61418 4 2160
61425 1 877
61451 2 2083
61500 2 1204
61503 1 22
61523 1 3940
61526 2 1292
61612 1 640
61628 1 7244
61629 1 1176
61642 1 889
61643 1 586
61676 2 1974
61690 1 2512
61713 4 4885
61729 4 74
61766 1 3802
61770 1 1373
61798 3 2257
61799 2 1049
61800 2 1282
61801 2 1303
61802 2 1596
61803 4 632
61815 1 1799
61834 2 2191
61848 10 155
61860 2 7381
61861 4 2244
61862 4 5528
61865 1 544
61866 2 890
61869 6 685
61874 2 43
61876 4 2252
61877 4 2841
61878 4 2819
61879 4 2166
61880 4 2723
61881 4 2444
61883 25 577
61897 1 2680
61915 1 984
61924 1 6503
61928 1 964
61949 1 1699
61952 1 710
61958 16 991
61960 1 622
62008 1 1089
62012 1 622
62013 2 1235
62014 2 6015
62029 2 840
62062 1 6529
62071 1 2363
62112 1 688
62173 1 826
62176 1 3929
62191 1 3053
62192 1 937
62233 6 487
62234 6 481
62235 6 550
62292 1 1351
62321 3 1110
62333 1 370
62350 1 671
62358 1 1453
62359 1 1342
62360 1 1370
62408 1 599
62410 1 622
62411 1 541
62414 1 385
62417 1 11638
62474 3 690
62528 2 143
62613 1 5274
62620 1 1011
62631 3 866
62642 1 7441
62693 1 5347
62694 1 2218
62724 1 3090
62728 1 3125
62732 2 2989
62767 1 14162
62779 1 2483
62783 1 488
62785 3 1476
62833 1 711
62836 1 1157
62837 1 1565
62838 2 1603
62848 2 1515
62872 1 831
62874 1 12417
62914 1 2398
62917 1 1002
63002 1 1007
63073 2 6062
63074 1 4609
63096 2 1260
63130 1 1449
63131 1 437
63132 1 1565
63133 1 646
63134 1 411
63135 4 1045
63151 1 461
63155 1 1358
63157 2 3445
63158 2 912
63159 2 1363
63160 2 1813
63161 2 1664
63162 2 1516
63163 2 2048
63164 2 2016
63165 2 2124
63166 2 2579
63167 2 3539
63168 2 2328
63169 2 1823
63174 1 1111
63187 2 629
63211 1 1886
63212 1 2663
63274 1 1002
63280 16 3788
63289 1 3069
63290 2 392
63377 1 425
63383 2 792
63427 2 4477
63434 2 1222
63442 12 1435
63444 1 853
63501 1 1200
63507 1 1696
63521 1 1186
63555 2 7057
63568 1 1949
63570 1 477
63580 1 1896
63588 1 835
63590 1 1793
63604 1 725
63634 5 5269
63648 1 7209
63653 1 758
63655 1 959
63690 4 3198
63693 1 792
63695 1 2625
63703 1 2027
63740 4 1761
63747 1 1196
63803 15 2123
63827 1 1179
63835 1 4072
63860 2 791
63862 1 746
63892 5 1816
63915 1 1055
63952 2 811
63953 2 921
63961 1 1470
63965 1 1353
63966 1 1281
63972 2 1998
63975 2 725
63978 2 1445
63979 2 933
63984 1 1161
63985 1 978
63986 4 1741
63987 2 1321
64009 3 3743
64010 3 2508
64011 3 1334
64014 5 1052
64015 1 2612
64016 3 1043
64018 1 997
64019 2 613
64027 5 505
64030 2 809
64031 2 751
64032 2 1854
64033 2 1242
64034 2 2927
64039 1 769
64045 3 1220
64093 2 1998
64094 2 3694
64097 1 997
64098 1 1021
64199 5 72
64275 1 702
64319 9 4532
64321 1 668
64322 1 1022
64323 1 1309
64324 2 454
64326 5 1704
64333 2 236
64350 1 20899
64352 1 1020
64372 1 645
64417 5 860
64426 1 416
64440 6 475
64454 1 1155
64497 3 263
64510 1 1839
64527 1 314
64529 4 3125
64540 1 1507
64542 1 1329
64543 1 1339
64571 1 1943
64582 5 1481
64586 1 832
64676 45 951
64932 1 388
64985 1 501
64986 1 609
64989 1 973
64995 3 1355
65000 1 422
65005 2 3081
65006 1 3064
65007 1 3159
65008 1 3012
65009 1 3343
65010 1 2912
65062 1 1719
65063 1 940
65074 1 903
65083 1 1451
65084 1 2317
65087 1 1504
65092 1 2579
65095 1 694
65099 2 2357
65100 1 420
65108 1 1542
65120 1 2332
65271 2 2676
65272 3 2484
65352 6 663
65356 3 694
65387 3 418
65394 1 1148
65399 1 3181
65415 2 951
65421 1 3586
65422 1 747
65438 1 1287
65454 6 456
65455 6 504
65456 6 531
65557 1 603
65559 1 419
65560 1 828
65563 1 275
65565 1 1270
65574 2 1775
65575 1 580
65579 1 744
65639 1 1444
65650 1 702
65663 1 458
65787 2 750
65799 1 4143
65800 1 1457
65807 1 1381
65813 1 1982
65822 1 702
65828 1 555
65834 1 1056
65837 3 1272
65839 1 178
65864 1 680
65865 1 341
65877 1 392
65878 1 403
65883 3 3190
65889 1 1013
65908 1 2157
65932 1 905
65944 1 4400
65951 2 1360
65958 1 1390
65960 3 1177
65968 2 1412
65974 2 657
65976 9 2618
65979 1 4694
65996 2 2800
65998 1 908
65999 1 7992
66002 1 1623
66013 1 2760
66018 1 1246
66043 3 997
66065 3 2315
66082 1 1232
66084 7 111
66091 2 1082
66103 3 1370
66105 1 1033
66116 1 812
66123 1 1344
66135 1 799
66142 1 1075
66153 2 1730
66154 1 1614
66155 3 2599
66174 2 806
66196 1 491
66223 1 804
66234 2 1935
66240 1 1526
66241 1 1533
66248 1 457
66274 1 748
66286 1 1054
66310 7 8271
66314 2 629
66350 1 839
66367 4 1530
66415 1 6038
66431 1 2939
66474 1 1387
66501 22 588
66521 2 949
66527 1 611
66533 1 1245
66536 1 727
66547 1 1078
66554 1 713
66578 5 742
66598 1 1411
66610 4 1775
66614 2 1103
66624 1 816
66656 1 271
66657 3 1440
66666 1 979
66722 44 276701
66725 1 1193
66733 1 1217
66751 1 11896
66771 4 3499
66827 1 342
66838 1 1366
66844 1 1550
66873 1 585
66891 2 467
66892 2 628
66952 1 508
66953 1 1274
66954 1 791
66955 1 612
66956 1 1308
66957 1 600
66958 1 1720
66959 1 269
66960 2 935
66961 1 345
66968 4 867
66981 2 925
66985 3 401
67022 3 1087
67034 1 2166
67072 1 1326
67100 1 1098
67134 1 498
67223 1 1469
67286 2 1904
67287 1 238
67307 1 19
67309 1 844
67310 1 448
67312 1 1317
67313 1 1165
67316 1 2577
67359 7 3255
67366 2 698
67395 2 2737
67398 1 728
67408 1 5567
67415 3 10077
67423 1 1104
67453 1 3053
67494 2 779
67530 1 546
67551 1 366
67620 1 665
67650 1 1030
67662 1 2616
67671 1 6735
67675 1 1974
67676 1 1751
67706 1 1416
67710 2 1293
67711 3 1600
67712 2 2699
67772 1 1925
67775 1 1816
67806 5 1454
67851 1 326
67852 2 533
67888 1 1174
67900 1 1945
67960 1 1066
68023 66 686
68053 3 1448
68060 1 1384
68115 3 3242
68120 1 7511
68122 5 2437
68123 1 1190
68132 1 2295
68140 1 827
68141 1 1527
68146 1 489
68189 1 1392
68190 1 1318
68191 1 1316
68195 1 237
68199 1 1903
68211 1 889
68242 2 591
68246 1 1002
68270 1 635
68271 1 653
68277 1 346
68278 1 1262
68329 1 1531
68347 1 788
68355 1 1716
68422 1 838
68428 2 548
68429 1 863
68436 2 2388
68437 2 2115
68438 3 2467
68441 1 991
68442 1 971
68635 1 549
68657 1 1531
68676 1 404
68680 1 9381
68691 1 2365
68694 2 407
68697 2 1133
68698 4 1633
68702 1 1708
68722 3 958
68728 1 596
68812 35 10319
68822 6 501
68845 1 750
68860 2 2402
68916 2 2291
68938 1 1260
68939 1 1221
68964 1 11197
68972 1 527
68984 5 1210
68991 1 1084
69033 3 718
69042 1 195
69043 3 1118
69069 2 396
69072 3 368
69349 3 447
69355 1 1142
69361 1 2957
69365 1 1243
69378 3 396
69407 1 834
69408 1 368
69409 1 509
69423 3 1278
69427 4 894
69430 1 2889
69431 2 3095
69432 1 3080
69433 1 2935
69434 1 3213
69435 1 3178
69436 2 1123
69446 4 1634
69458 1 1090
69471 2 979
69482 1 1352
69488 1 614
69490 1 935
69504 2 1208
69524 2 453
69530 7 3436
69538 1 1049
69708 1 1216
69871 2 2129
69889 2 1917
69890 4 1178
69893 6 1325
69970 3 1405
69996 1 927
69999 1 1153
70009 2 217
70027 2 1101
70066 1 31
70224 2 656
70225 1 1695
70226 1 1436
70227 1 1812
70292 2 2365
70310 1 1005
70333 10 1397
70397 1 1331
70478 1 605
70500 1 187
70567 10 275
70594 2 619
70596 1 770
70609 1 881
70699 2 465
70749 1 6334
70759 1 32
70839 1 3633
70954 3 6095
70960 1 2677
70967 2 494
70980 1 444
71002 1 725
71043 2 4249
71059 3 2012
71070 1 756
71083 1 621
71135 1 1033
71136 1 1173
71149 1 983
71162 1 1237
71179 3 321
71183 1 2921
71189 5 1623
71256 5 1259
71257 6 2362
71258 5 1385
71259 5 1522
71260 8 1108
71261 5 1189
71265 1 654
71294 1 674
71299 2 1364
71303 1 1741
71304 1 1377
71306 2 1543
71307 2 869
71308 1 1324
71316 6 838
71317 2 1023
71319 2 1521
71326 2 599
71327 2 1804
71330 1 1097
71331 5 1104
71334 4 2239
71335 3 3121
71339 2 865
71342 1 1785
71351 1 1055
71356 2 1035
71357 4 837
71365 45 1140
71382 1 196
71413 4 36
71419 3 2738
71422 1 998
71443 8 486
71459 1 2233
71509 2 650
71547 1 4635
71567 2 4513
71569 1 653
71580 1 1716
71581 1 1913
71582 1 1381
71584 2 642
71592 3 1183
71674 1 174
71691 2 1602
71705 35 10258
71719 5 940
71726 1 906
71762 1 1315
71789 1 4220
71794 8 812
71827 2 6203
71843 4 615
71856 1 1198
71890 1 60
71891 1 693
71903 1 443
71911 1 5060
71920 1 799
71924 2 2521
72030 1 582
72031 1 933
72032 1 809
72034 2 2210
72045 1 2213
72053 1 472
72085 4 1025
72092 1 553
72103 1 497
72107 2 206
72137 1 900
72158 1 891
72176 4 2898
72197 1 1837
72198 2 2050
72275 1 898
72282 1 2243
72283 1 1448
72287 2 355
72326 1 997
72361 1 553
72385 2 1087
72396 1 2100
72414 1 1956
72476 1 1214
72539 1 1870
72552 1 1543
72553 3 1561
72560 1 1232
72564 1 454
72571 4 2681
72581 1 1872
72582 1 1345
72583 1 1935
72584 1 1934
72591 1 2016
72614 1 622
72619 1 5216
72650 1 6445
72662 1 376
72672 3 831
72692 1 277
72697 1 1378
72701 2 391
72708 2 1418
72709 1 256
72774 2 1680
72775 1 2072
72777 1 1597
72778 1 1540
72779 1 1410
72780 1 1493
72781 1 1433
72782 1 2059
72783 1 1487
72784 1 2240
72785 1 1571
72786 1 1373
72787 1 1583
72788 1 1376
72790 1 693
72791 2 435
72794 2 1190
72795 2 705
72797 2 2288
72798 5 249
72799 2 1643
72800 2 1808
72801 2 972
72802 2 1368
72806 4 1383
72807 4 679
72810 5 1218
72811 2 1255
72817 2 1632
72819 3 562
72823 1 697
72824 1 1931
72827 1 7031
72829 2 4528
72831 1 6567
72842 1 649
72847 1 721
72849 2 2190
72850 1 1161
72853 4 548
72862 2 773
72863 1 907
72864 3 597
72873 4 3122
72874 3 688
72877 2 996
72881 1 587
72884 3 2069
72885 3 1376
72886 1 1142
72893 1 929
72895 4 1688
72899 3 20275
72903 2 896
72904 1 26
72907 2 826
72909 1 846
72918 6 783
72929 5 3019
72930 4 2073
72931 4 1959
72932 5 1652
72933 4 2224
72934 4 2319
72935 4 2042
72936 4 2099
72937 4 2290
73010 1 648
73014 1 1378
73021 1 838
73022 48 2763
73023 3 1400
73024 2 727
73025 2 517
73026 2 664
73027 2 772
73028 2 1012
73029 1 1248
73036 1 478
73094 1 1712
73115 2 2759
73187 1 1091
73202 2 741
73211 1 1314
73212 2 2390
73213 1 640
73214 3 1029
73215 1 1228
73216 8 733
73217 1 437
73218 1 1865
73219 1 1342
73221 2 4913
73251 1 1006
73252 2 2017
73253 2 2048
73261 1 423
73315 3 466
73323 4 1574
73361 1 1411
73379 1 1014
73387 1 281
73396 1 1365
73416 3 838
73422 1 855
73425 8 932
73445 3 664
73468 1 779
73517 1 434
73528 4 615
73541 2 594
73552 1 731
73570 1 1016
73644 2 2945
73729 2 642
73733 7 876
73738 2 1220
73876 1 1770
73879 2 901
73880 1 469
73881 3 1228
73937 3 452
73981 2 1169
73990 1 1201
73996 3 7920
73998 1 2339
74037 1 1036
74058 1 672
74065 1 2514
74085 1 884
74091 1 1923
74142 6 3188
74150 7 1327
74203 4 11999
74207 1 779
74219 3 280
74258 1 275
74286 1 1225
74344 16 395
74377 1 822
74410 10 315
74430 1 1251
74440 1 1991
74519 1 5618
74532 1 437
74537 1 549
74545 2 1446
74565 1 1723
74581 4 1084
74583 1 1151
74592 1 599
74606 1 664
74633 2 854
74634 1 1283
74706 1 5592
74719 1 1319
74735 1 279
74745 1 1846
74758 1 1530
74785 1 4399
74793 2 1712
74803 1 6144
74804 3 1349
74822 6 5130
74829 1 1083
74847 1 425
74851 2 1682
74862 1 1192
74868 1 1193
74879 2 853
74901 1 182
74924 1 1448
74932 1 1237
74933 1 1532
75095 1 1238
75115 1 763
75116 1 890
75118 1 806
75120 1 748
75121 1 800
75140 1 1565
75142 1 931
75143 1 807
75146 2 1593
75149 1 662
75151 2 1586
75152 1 1312
75162 1 2594
75191 1 492
75201 1 472
75202 1 3010
75203 2 2977
75204 1 3081
75205 1 3189
75206 1 2994
75207 1 2937
75208 1 3202
75209 1 2934
75210 1 3198
75212 2 1417
75221 1 6839
75248 1 1379
75249 1 1176
75295 8 2546
75297 1 1533
75312 8 429
75313 1 1575
75315 1 251
75323 2 468
75408 1 3231
75424 2 1024
75474 2 781
75497 1 1847
75510 1 1060
75511 3 1086
75512 3 736
75513 3 784
75514 1 589
75530 2 2216
75531 2 1582
75532 2 2113
75534 2 9607
75541 1 303
75549 1 1112
75556 1 1021
75629 1 945
75643 1 1262
75645 1 1914
75717 1 2502
75760 1 956
75767 1 1290
75789 4 140
75910 7 455
75920 1 4335
75940 5 2480
75951 2 596
75967 3 977
75974 4 257
75983 2 3426
76040 2 3213
76061 7 3128
76074 2 521
76097 1 1243
76101 1 1397
76130 3 669
76138 1 3341
76154 1 313
76200 7 636
76233 1 1717
76269 1 3998
76292 4 185
76298 1 1324
76307 4 887
76325 1 1450
76328 1 1281
76357 1 2792
76384 2 734
76386 1 1594
76405 1 5489
76413 2 1514
76490 1 731
76491 1 1557
76502 3 1031
76508 2 2897
76531 1 1613
76585 1 1877
76592 1 1400
76611 1 198
76683 1 1619
76701 1 1582
76710 1 1056
76713 1 568
76736 1 1139
76747 2 450
76755 2 5294
76756 2 4633
76765 1 1053
76771 1 385
76838 1 587
76845 1 538
76869 1 1194
76870 2 1214
76871 1 919
76890 1 1606
76910 1 881
76920 1 750
76932 2 3132
76997 2 1154
77010 1 6732
77024 10 1122
77053 2 995
77054 1 1501
77055 1 1676
77057 1 1725
77058 2 1110
77059 3 1688
77070 2 2357
77074 1 1362
77075 1 2473
77077 2 898
77078 1 689
77082 1 5693
77088 6 4377
77094 3 2168
77095 3 1057
77097 2 2699
77101 5 813
77104 2 249
77105 2 762
77108 1 1362
77122 3 543
77124 3 3644
77127 1 1709
77128 1 1010
77130 4 453
77135 1 801
77136 3 3236
77147 2 987
77148 4 3628
77158 10 1076
77161 2 812
77163 5 1994
77207 1 4809
77208 1 4089
77209 1 4122
77210 1 4271
77211 3 3451
77212 3 3474
77213 2 3532
77214 3 3477
77215 2 1900
77225 1 2945
77236 1 1989
77255 1 744
77260 1 1072
77261 1 1024
77262 1 1031
77297 7 502
77380 2 39
77389 1 1117
77390 1 3306
77393 1 790
77397 2 251
77457 2 551
77477 6 600
77613 1 677
77614 1 630
77615 1 684
77616 1 722
77617 1 773
77652 2 3016
77822 1 1246
77824 1 4856
77826 2 1385
77829 2 983
77867 1 606
77874 1 3196
77875 1 3223
77876 1 3309
77877 1 3129
77878 1 3028
77879 1 2977
77880 1 3027
77881 1 2924
77884 3 1887
77908 2 2693
77944 5 860
77952 2 546
78086 6 1041
78099 10 1017
78100 3 767
78101 1 646
78102 1 575
78103 1 476
78117 2 1978
