curious curiou 1164 65215343 
14 1 616
48 1 1265
131 2 14882
132 1 13051
514 1 1954
557 1 3639
562 1 3293
653 1 710
833 1 933
860 2 3051
1022 1 1773
1038 1 6757
1104 1 4937
1173 1 1598
1362 1 3521
1373 4 1192
1394 1 1190
1521 1 461
1566 2 3548
1666 2 1519
1767 8 13095
1834 1 1298
1855 3 2208
1898 1 3856
1926 1 759
2236 1 1793
2362 2 3506
2414 1 1645
2504 1 5375
2542 2 845
2562 1 2880
2651 1 1903
2798 3 1289
2981 1 1712
3033 1 1192
3075 1 409
3133 2 4214
3153 1 832
3196 1 2596
3831 1 3725
4000 1 6980
4051 1 2046
4068 1 8611
4145 2 6518
4154 1 716
4298 1 7423
4306 1 1994
4359 2 2427
4470 8 1463
4489 1 2853
4496 1 6061
4520 1 1588
4525 1 1554
4637 1 1404
4649 7 219
4838 1 5657
4932 1 1745
5140 1 1465
5156 1 1087
5243 1 876
5269 1 587
5277 1 1640
5536 1 213
5576 2 4592
6039 1 2773
6088 1 1753
6091 1 2877
6151 2 6692
6164 1 2727
6165 1 4900
6364 1 7210
6556 1 1029
6900 1 654
6998 1 263
7046 1 497
7047 1 753
7178 1 810
7491 1 7708
7547 1 1609
7570 1 9650
7647 1 1890
7756 2 2279
7758 1 1880
8025 1 108
8026 1 922
8040 1 669
8133 4 1113
8378 1 412
8382 2 19553
8388 1 2999
8423 1 1604
8436 1 1685
8437 1 1413
8445 1 823
8461 1 2678
8594 7 673
8595 7 691
8628 1 1693
8696 1 1842
8697 2 2450
8698 1 2529
8823 1 468
8896 1 1087
8965 2 721
8992 1 2708
9173 2 6443
9587 1 1796
9891 1 2022
9943 1 1136
10068 1 1756
10300 1 1040
10317 1 4163
10363 1 907
10529 1 1603
10591 3 7784
10665 1 3903
10763 2 2030
10864 1 2401
10974 1 1151
10975 1 915
11118 1 450
11202 1 3466
11249 1 5195
11363 1 8263
11449 1 782
11454 1 1364
11468 3 1225
11485 2 483
11496 1 570
11565 1 501
11654 1 1757
11854 2 3272
11866 1 1990
12156 1 13898
12184 1 2062
12198 1 1432
12365 1 8585
12388 1 3483
12520 1 6343
12586 1 730
12769 1 1459
12814 1 46677
12980 1 625
13122 2 8864
13144 1 339
13188 1 2230
13226 2 4464
13265 1 658
13272 1 1049
13486 1 7532
13518 3 16194
13597 1 1011
13618 2 28398
13707 1 699
13794 1 1111
13984 1 432
14078 1 1307
14264 1 2175
14294 1 887
14313 1 5288
14402 1 34
14429 1 2422
14555 1 2701
14697 1 567
14760 1 840
14791 1 1301
14827 1 2870
14855 1 2067
14856 1 2080
14887 1 5014
15039 1 1513
15140 2 1513
15218 1 2203
15261 1 817
15302 1 1004
15528 1 2844
15583 1 1612
15740 1 1131
15741 1 1130
16006 1 1307
16007 1 6296
16008 1 6422
16009 1 1037
16027 1 907
16047 1 666
16236 1 5204
16294 2 2089
16545 1 929
16588 2 1592
16733 1 1326
16797 1 2473
16836 1 4094
16893 1 5510
16964 1 630
17013 1 9772
17059 1 1292
17211 1 2036
17212 1 2040
17378 1 3128
17391 1 2225
17467 1 6562
17646 1 976
17719 1 837
18004 1 5488
18072 1 729
18173 1 1152
18222 1 1840
18228 1 4817
18272 2 367
18289 1 797
18327 1 1514
18577 1 810
18581 1 3194
18622 2 5539
18719 1 2396
18781 1 1692
18849 1 2585
18854 1 1094
18855 1 1391
18874 1 755
18879 2 3453
18881 1 2780
19023 1 2348
19042 1 3327
19095 1 4478
19184 1 773
19194 1 5424
19311 1 537
19380 1 404
19384 1 5576
19385 1 2378
19423 1 231
19545 1 9624
19647 2 3406
19664 1 4781
19670 1 1951
19677 2 4468
19678 1 6792
19680 1 5229
19685 1 4688
19831 1 1394
19832 1 4109
19987 2 3502
19993 1 664
20005 1 2489
20183 1 1575
20197 1 514
20200 2 30304
20219 2 1029
20294 1 3768
20629 1 855
20684 1 12924
20708 4 24696
20710 1 6801
20830 1 2279
20831 1 5707
20833 1 5441
20861 1 2236
20903 1 2764
20938 1 3851
20949 1 1116
21261 1 1730
21295 1 645
21303 1 1520
21305 1 954
21318 1 7108
21336 1 4593
21359 1 13839
21483 1 816
21490 1 4936
21540 1 2076
21541 1 2076
21543 1 900
21698 1 2267
21720 1 969
21955 1 2133
21984 1 249
22017 1 2683
22105 1 2168
22157 1 836
22159 1 2515
22161 1 6376
22984 1 1974
23014 1 3266
23030 1 1410
23514 1 8145
23526 1 2714
23678 1 5285
23765 2 11324
23847 1 863
23896 1 3005
23903 1 1291
24094 1 3157
24124 2 2547
24156 1 1837
24355 1 1305
24462 1 8468
24561 1 3084
24595 1 101
24614 1 1048
24777 1 896
25235 1 7935
25324 2 2744
25403 1 880
25404 1 721
25430 1 1037
25553 1 3595
25554 3 1688
25602 1 708
25771 3 2483
25826 1 2414
25882 1 1550
25891 1 2054
25949 1 672
26137 1 682
26223 1 946
26368 2 918
26498 1 32423
26499 1 831
26525 1 2013
26541 1 4809
26780 1 1264
26849 1 634
26979 1 787
26980 1 1029
27206 1 561
27395 1 1232
27456 1 1833
27543 1 882
27601 1 1888
27837 1 2547
27862 1 8511
27866 1 4412
28075 2 2788
28120 1 662
28225 1 2588
28233 1 703
28259 1 6624
28261 1 11790
28309 1 847
28311 1 734
28466 1 10312
28467 1 8583
28468 1 8583
28469 1 8615
28472 1 3173
28565 1 3391
28711 1 2834
28838 1 3316
28871 1 2000
28950 1 1066
29065 1 1104
29120 1 1210
29121 1 892
29146 1 1559
29183 1 929
29185 1 798
29346 1 5736
29375 1 871
29418 1 3556
29570 1 1177
29583 1 360
29616 1 1832
29628 1 3312
29629 1 1492
29727 1 1628
29788 1 2365
29802 2 4831
29858 1 1047
30088 1 2391
30300 1 6017
30316 1 608
30329 1 1008
30375 1 947
30552 2 4502
30591 1 1307
30707 1 932
30737 1 434
30750 1 1681
30814 1 490
30829 2 1243
30830 2 1174
30842 1 2081
30888 1 2250
30952 1 3956
30953 1 4469
30964 1 1304
31034 1 396
31141 1 742
31267 1 7536
31278 1 1259
31631 1 2970
31791 1 535
31821 1 4061
31822 1 3213
32023 1 2558
32029 1 705
32121 1 2253
32198 2 823
32329 1 5073
32433 1 1327
32569 1 1631
32733 1 964
33011 1 362
33151 1 2303
33179 1 2037
33268 1 3327
33435 2 698
33585 1 3694
33793 2 826
33824 1 537
34029 2 3971
34217 1 587
34514 1 2438
34548 1 2298
34723 1 966
34746 1 1014
34938 1 5944
35139 1 138
35237 1 946
35283 1 487
35387 1 4967
35437 1 2276
35475 1 12761
35566 1 733
35825 1 3773
35853 1 722
35937 3 4486
35946 1 3409
36028 1 1853
36034 1 1983
36109 1 12698
36226 2 752
36433 1 940
36670 1 752
36732 1 18263
36750 1 1341
36812 1 1385
36819 1 342
36873 1 4539
36905 1 967
37054 1 1105
37126 1 1157
37182 2 13117
37204 1 552
37419 1 13883
37454 1 8351
37598 1 1621
37928 1 3618
37980 2 1046
37981 2 1271
37982 2 1163
37983 2 1190
37986 1 3131
38094 3 2311
38180 1 1294
38189 1 3745
38224 1 2141
38372 3 477
38407 1 1761
38473 1 931
38701 1 1080
38725 1 2848
38781 2 2162
38844 1 447
38897 2 1868
38964 1 973
39068 2 6017
39082 1 173
39084 2 4248
39127 1 1657
39311 1 2070
39314 1 1784
39340 1 677
39341 1 9083
39471 1 1340
39472 1 1541
39492 1 2059
39501 1 2201
39699 1 3266
39779 1 308
39826 1 367
39832 1 487
39978 2 30166
40033 1 2140
40093 1 4751
40131 1 5534
40219 1 983
40298 1 1191
40318 1 1714
40352 1 1634
40516 1 426
40579 1 4144
40583 1 534
40654 1 2946
40670 1 2018
40698 1 1004
40817 1 2302
40828 1 514
40854 1 1256
40899 3 5270
40900 1 3388
41077 1 1806
41306 1 2294
41327 1 4020
41426 1 4541
41427 1 4567
41519 9 741
41619 1 149
41730 1 1912
42009 1 3192
42136 1 1178
42150 2 2706
42183 1 1446
42359 1 2478
42375 2 2118
42425 1 5948
42523 1 439
42544 1 2256
42752 1 1192
42767 1 8035
42832 1 1721
42922 1 1156
43124 1 842
43251 1 788
43470 2 3949
43477 3 22611
43798 1 5617
43913 1 1273
44059 2 1070
44109 1 1504
44115 1 4306
44122 1 1272
44125 1 6435
44163 1 1618
44209 1 1193
44386 1 466
44761 1 2510
44786 3 951
44896 5 1132
45098 1 1554
45177 1 674
45189 2 6148
45409 1 1025
45783 1 63
45826 1 8235
45859 2 21421
45880 2 2642
45935 1 4684
46031 1 1240
46154 1 1899
46178 2 929
46309 2 1589
46388 1 81863
46446 1 665
46511 1 3336
46512 1 4395
46518 1 1475
46544 1 2693
46569 1 678
46576 1 1473
46639 1 4091
46801 1 577
46809 1 883
46820 1 269
47029 1 840
47125 1 781
47245 1 6757
47398 1 5716
47437 1 1517
47546 1 1613
47576 1 2029
47651 1 3064
47979 1 4184
47984 1 2548
48031 1 4280
48078 4 11919
48124 1 1276
48149 1 949
48194 1 1229
48408 1 1213
48469 1 2316
48682 1 503
48859 1 1008
48919 1 5467
49021 1 2436
49030 1 1393
49055 1 1309
49056 1 2188
49175 1 9938
49176 1 11069
49243 4 817
49247 1 1129
49322 1 882
49327 1 746
49366 1 5125
49459 1 3328
49483 1 4047
49977 1 691
50025 1 5763
50030 1 2358
50047 1 1726
50122 4 1979
50234 1 625
50355 1 3677
50515 1 3053
50783 4 2276
50784 5 2392
50866 1 2623
50881 1 4909
51042 1 1865
51217 1 702
51235 1 332
51622 1 69
51705 1 939
51802 1 5283
51839 2 9735
51840 2 511
51994 1 9298
52074 1 7011
52116 1 461
52140 5 3824
52146 1 10691
52266 3 5261
52290 1 3280
52301 1 8406
52330 1 663
52480 1 2295
52493 1 2748
52498 1 875
52500 1 3237
52599 2 4808
52651 1 2028
52804 2 4622
52988 1 24350
53027 1 1659
53430 1 48057
53538 1 2024
53601 1 2754
53616 1 534
53707 1 5088
53780 1 3112
53843 4 1483
53860 1 1071
54045 1 448
54123 1 2152
54163 1 685
54176 1 1327
54314 1 2046
54355 1 10248
54439 1 2636
54619 2 10647
54927 1 1073
55045 1 1195
55096 1 1289
55333 1 1119
55480 1 788
55679 1 751
56222 1 611
56225 1 1378
56226 2 829
56244 1 749
56487 1 3333
56521 1 5019
56522 2 3726
56801 1 5727
57024 1 5130
57164 1 2492
57213 1 1593
57444 1 927
57626 1 1133
57639 1 1276
57651 1 6526
57660 1 6533
57772 1 1177
57887 4 1483
57909 1 1075
57950 1 10362
57951 1 10312
57952 1 8583
57953 1 8583
58199 1 4784
58247 2 19391
58277 1 1047
58340 1 1736
58408 1 4007
58508 1 1384
58512 1 853
58513 1 2130
58934 1 2758
58966 1 5767
59251 1 6070
59263 1 5357
59293 1 1254
59359 7 1865
59398 1 1993
59415 1 902
59478 1 1258
59590 1 1196
59614 1 1217
59620 1 2013
59633 1 4221
59918 1 9598
59923 1 1326
59988 1 5229
60030 1 10533
60070 1 2663
60096 1 636
60097 1 640
60103 1 1494
60178 1 1325
60451 1 2513
60512 1 1242
60713 1 3384
60828 1 3367
61059 1 4559
61073 2 8875
61187 5 15707
61204 1 1714
61238 1 1279
61255 1 4815
61570 1 1105
61664 1 3204
61838 1 1648
61856 1 2579
61914 1 972
61939 1 10305
61948 1 1548
61951 1 581
62028 1 6469
62033 1 1470
62109 1 4903
62123 1 379
62344 1 1459
62491 1 4559
62514 1 3635
62564 2 902
62626 1 917
62635 1 1315
62685 1 1321
62755 1 1796
62781 1 1596
63000 1 657
63063 1 1595
63147 1 1729
63520 1 1303
63554 2 2850
63569 1 1387
63634 1 5269
63668 1 1184
63708 1 2012
63925 1 570
64020 1 1412
64350 3 20899
64566 1 108
64658 1 3929
65131 1 1018
65271 1 2676
65425 1 2453
65433 20 2178
65438 1 1287
65530 1 1872
65574 1 1775
65588 1 1475
65672 1 1726
65726 1 2684
65792 2 886
65826 1 295
65836 1 1184
65976 1 2618
66160 1 774
66187 1 563
66601 1 1937
66610 2 1775
66661 1 988
66823 1 9403
66846 1 3482
66889 2 1986
66897 1 2315
66902 1 955
67047 1 2295
67213 1 2231
67214 1 767
67315 3 626
67372 1 2781
67416 1 2877
67458 2 1924
67519 2 10460
67530 1 546
67561 1 368
67645 1 1830
67655 1 1887
67893 1 4007
68057 2 3416
68117 1 4150
68119 1 6225
68120 1 7511
68142 1 2271
68159 1 6709
68160 1 6120
68217 3 5161
68252 1 1260
68438 1 2467
68739 2 2373
68749 1 139
68812 1 10319
68821 1 424
68964 1 11197
69515 1 3275
69549 1 399
69967 1 2207
70208 1 1316
70279 1 12383
70288 1 1765
70435 1 3103
70591 1 4584
70633 1 938
70749 2 6334
70929 1 6834
71043 1 4249
71078 1 9605
71463 1 534
71545 2 6773
71567 1 4513
71633 1 151
71635 2 1924
71695 1 1178
71705 1 10258
71797 1 2293
71836 1 5188
71837 1 622
71924 1 2521
71971 2 1213
72065 1 9229
72068 1 8137
72212 1 302
72370 1 1139
72437 1 8964
72452 1 417
72498 1 11873
72524 2 1868
72562 1 1024
72580 1 261
72713 1 2218
72744 1 708
72828 1 2935
72844 1 1589
72938 2 10696
73016 1 1141
73084 2 2577
73226 1 568
73350 1 2160
73358 1 1564
73373 1 5222
73413 1 555
73497 2 632
73516 1 906
73527 16 763
73595 1 2131
73644 1 2945
73652 1 1168
73655 2 1423
73656 1 1671
73657 1 1439
73658 1 906
73663 1 868
73676 1 2052
73765 1 308
73806 1 596
74016 3 3216
74061 2 1106
74129 1 1104
74296 1 3168
74404 2 45
74567 2 1654
74635 1 2160
74641 1 723
74706 1 5592
74877 1 3262
75156 1 607
75266 1 1325
75295 1 2546
75485 1 487
75546 1 823
75836 1 992
75839 1 1452
75871 1 119
75935 2 965
75998 1 556
76015 1 793
76120 1 1477
76354 2 3077
76508 1 2897
76615 1 3913
76707 1 3320
76755 1 5294
76756 1 4633
76762 3 7340
76763 1 1702
76880 1 898
77423 1 506
77450 1 5940
77474 1 4717
77948 1 3393
77954 1 4740
