wonderfulli wonderfulli 238 65215343 
428 1 2978
1148 1 890
1185 1 15836
1825 1 2370
1895 1 1092
2536 1 2222
2537 1 1224
3217 1 2264
3344 2 1259
4004 1 2253
4187 2 7906
4308 1 2754
4320 1 638
4390 1 1399
4702 1 699
4726 1 2646
4855 1 1500
5110 1 4935
5867 1 5884
5869 1 779
5870 1 795
6540 1 2261
7580 1 9484
7709 1 2370
8089 1 20930
8913 1 12589
9491 1 6177
10674 1 677
11142 1 1105
12153 1 1001
12751 1 5083
12814 1 46677
12989 1 3076
12997 1 699
13053 1 3052
13084 1 1445
13343 1 5631
13470 1 2696
13875 1 2890
13924 2 865
14193 1 2538
14247 1 1300
14373 1 6743
14374 1 3433
14675 1 1701
15472 1 893
15480 1 896
15482 1 791
15485 1 822
15833 1 1583
16257 1 6019
16491 1 6610
16845 2 8711
16920 1 1042
16986 1 1767
17259 1 702
17334 1 2470
17592 1 3800
19079 1 16454
19628 1 1346
19664 1 4781
19678 1 6792
19681 1 10198
19784 1 463
19816 1 1533
20641 1 2659
20708 1 24696
20868 1 3295
21390 1 1750
21668 1 1337
22191 1 1914
22599 1 2198
23732 1 4739
24098 1 2429
24397 1 1053
24668 2 6702
24728 1 2573
24729 1 2591
25187 1 860
25847 1 826
26641 1 4691
26669 1 2034
26791 1 4660
27748 1 1234
29009 1 1308
29089 1 4866
29346 2 5736
29446 1 2735
29508 1 2855
29823 1 2631
31000 1 1154
31963 1 475
33091 1 10334
33517 2 1259
33779 1 1792
34240 1 743
34369 1 453
34478 1 1361
34626 1 852
35396 1 1669
35830 2 2280
35859 1 876
35892 1 668
36136 1 2452
36156 1 766
36592 1 459
36797 1 6365
37182 1 13117
37370 1 582
37576 1 1478
37593 2 2020
37979 1 826
38705 1 876
38794 1 2594
39076 1 869
39140 1 1160
39388 1 2149
39556 2 1631
40383 1 1006
40915 1 521
42538 1 1565
42914 1 1101
43245 1 2907
43804 1 3750
43890 1 2794
44264 1 502
44751 1 774
44957 1 10010
45700 1 855
45755 1 71
45888 1 628
46046 1 3634
47658 1 513
47758 1 1263
48180 2 25164
48277 1 1700
48312 1 1292
48475 1 4416
49506 1 911
50132 1 1107
50408 1 3892
50492 1 3702
51149 1 3086
51206 1 3478
51635 1 516
52301 1 8406
52804 1 4622
53047 1 1702
53430 2 48057
53511 1 4733
56276 1 1882
56535 1 1496
56857 1 2166
57246 1 720
57332 1 1029
57443 1 1121
57548 1 1424
57631 1 1081
57838 1 1853
58720 1 862
58965 2 5140
60586 2 238
61188 1 29700
61736 1 3608
62004 1 2886
62417 1 11638
63777 1 2978
64350 1 20899
65104 1 8712
65250 1 1431
65565 1 1270
66436 2 1259
66437 2 1259
66566 1 1220
66619 2 2672
66722 6 276701
66789 1 1034
66889 1 1986
66928 1 886
67628 1 334
67890 1 3387
68002 1 3149
68902 1 773
69506 1 1045
69851 1 2303
69871 1 2129
70279 1 12383
70603 1 934
70938 1 1184
71084 1 743
72039 1 5516
72048 1 5014
72098 1 19912
72351 1 1344
72715 1 2456
72899 1 20275
73446 1 989
73475 2 471
74591 1 3810
74622 1 882
74666 1 1855
74717 1 1115
75115 1 763
75116 1 890
75118 1 806
75120 1 748
75121 1 800
76136 1 4953
76246 1 6517
76363 1 673
76449 1 6086
76458 1 312
76707 1 3320
77807 1 5880
77954 1 4740
