yeah yeah 2612 65215343 
178 1 842
204 1 599
342 1 635
420 2 1422
442 1 440
452 1 1807
564 1 1452
625 1 5869
725 2 7096
729 1 2727
777 1 11416
866 1 804
907 1 1133
928 1 888
966 1 6046
983 1 1001
989 1 1444
1000 1 2589
1038 1 6757
1102 1 1837
1185 2 15836
1237 1 1668
1277 1 682
1312 1 1931
1320 1 2908
1430 2 625
1431 1 3318
1450 1 1560
1497 2 188
1510 1 1264
1584 10 1777
1609 1 1543
1625 1 1302
1634 1 30082
1637 1 678
1646 1 1170
1647 1 10572
1672 1 631
1726 1 2436
1743 1 841
1782 1 1433
1812 1 1673
1820 1 740
1882 1 2462
1948 1 5448
1999 1 665
2021 2 2089
2083 1 4561
2150 1 1809
2243 1 2003
2268 1 371
2536 1 2222
2586 1 490
2933 1 543
3064 1 1121
3100 1 2432
3149 2 1273
3246 1 610
3253 1 42
3270 1 325
3283 1 168
3314 1 2098
3344 1 1259
3356 3 471
3378 1 4137
3384 1 1216
3467 1 702
3516 1 888
3557 1 1042
3581 1 1329
3593 1 1011
3594 1 1229
3595 1 1270
3599 1 11096
3616 1 314
3668 1 8976
3671 1 4789
3716 1 1221
3727 4 17097
3800 1 1260
3801 1 795
3841 1 1348
3891 1 1661
3893 1 1570
3953 1 3340
4004 1 2253
4187 1 7906
4248 2 1366
4294 1 633
4295 1 1636
4329 1 1355
4354 1 2037
4356 1 3544
4362 1 1166
4372 1 3440
4431 1 1407
4468 2 3425
4582 1 1235
4645 2 2574
4710 1 14020
4728 1 1393
4752 1 5044
4753 1 5716
4838 1 5657
4847 5 2281
4912 1 7415
4935 1 2499
4948 1 3561
4950 3 3067
5033 2 58
5047 1 63
5065 1 652
5083 1 2915
5151 1 945
5222 1 1187
5400 1 1958
5414 1 667
5454 1 6641
5499 3 44062
5518 3 2428
5537 1 796
5618 1 1234
5640 1 225
5803 1 1752
5812 1 1672
5865 1 1706
5893 1 3259
5921 1 1978
5932 1 2282
5994 1 1504
6023 1 880
6042 1 1836
6070 3 1556
6087 1 1469
6091 1 2877
6119 1 489
6151 1 6692
6310 1 811
6322 1 1074
6351 1 1596
6359 1 1489
6364 1 7210
6531 1 788
6548 1 930
6844 1 406
6846 4 766
6889 1 108
6899 1 564
6913 2 464
6915 2 392
6987 1 559
7002 1 6389
7003 1 1299
7004 1 187
7021 1 2137
7139 1 1063
7160 1 1661
7282 1 1284
7422 1 255
7491 1 7708
7576 2 6690
7610 1 714
7647 1 1890
7673 2 4544
7710 1 4326
7741 1 527
7761 2 1037
7835 2 57
7875 1 58
7902 3 1082
8052 1 655
8090 2 1026
8101 1 4863
8114 2 3627
8121 1 891
8141 1 821
8249 2 7006
8297 1 12133
8312 1 3567
8382 2 19553
8464 1 1583
8500 1 4697
8546 1 2592
8635 1 578
8650 1 9126
8668 1 1779
8834 1 782
8869 1 605
8903 1 1242
8998 1 734
9018 1 2158
9237 2 1379
9371 1 1526
9378 1 746
9406 1 1257
9463 1 3203
9564 1 124
9565 1 120
9581 1 2040
9596 2 1486
9660 1 3500
9663 1 2530
9676 1 994
9679 1 1078
9735 1 1420
9736 1 1415
9737 1 1320
9741 2 1815
9750 1 1343
9844 1 505
9866 1 1142
9891 1 2022
9906 1 1054
9938 3 1161
10021 1 274
10101 2 12486
10144 11 3206
10145 1 697
10191 1 51
10231 1 9229
10308 1 1840
10336 1 1025
10377 1 2603
10504 1 1148
10685 3 2839
10796 1 5414
10861 4 3297
10869 3 902
10940 2 7910
10999 1 1962
11131 2 4066
11183 2 477
11249 4 5195
11269 1 1254
11282 1 695
11338 2 167
11362 3 2542
11363 1 8263
11369 2 3826
11378 2 6044
11380 1 579
11615 2 1661
11675 1 1703
11721 1 3482
11866 1 1990
11967 2 4440
11994 1 875
12004 1 431
12088 3 103
12093 1 143
12096 1 361
12196 1 864
12257 2 3211
12321 1 704
12326 2 4527
12359 3 1241
12365 1 8585
12384 2 4014
12388 1 3483
12408 2 723
12434 2 2955
12526 16 21005
12594 2 1691
12665 1 1942
12674 1 6435
12751 1 5083
12777 2 3961
12783 2 4316
12809 1 1615
12814 1 46677
12825 2 890
12855 1 318
12856 1 446
12902 1 1885
12906 1 2925
12967 1 941
13083 1 3119
13122 1 8864
13156 1 3209
13157 1 3217
13158 1 2677
13184 3 242
13188 3 2230
13212 2 3298
13247 1 902
13254 1 564
13276 1 266
13321 1 4863
13339 1 2880
13341 1 1285
13381 1 4238
13396 1 406
13499 1 5895
13518 1 16194
13548 1 6866
13618 4 28398
13683 1 1116
13698 3 2026
13799 1 1501
13932 2 2151
13940 1 1453
13985 1 11629
14053 1 1354
14179 11 2772
14220 1 2570
14231 1 2076
14292 11 11958
14516 1 752
14539 1 585
14722 2 6567
14737 1 604
14773 2 4394
14795 1 2968
14858 2 3107
14869 1 469
14881 5 2726
14883 1 1025
15075 1 3631
15092 3 2742
15155 1 147
15228 1 540
15522 1 498
15658 1 2847
15659 1 763
15736 1 3238
15737 2 3706
15738 1 1218
15739 1 1220
15747 2 869
15811 5 1369
15937 1 2165
15938 1 650
15944 1 2753
16007 1 6296
16016 1 802
16109 1 44
16178 1 4155
16197 1 2078
16261 1 2583
16281 1 3429
16288 1 1218
16313 1 466
16357 1 260
16371 1 727
16379 1 636
16385 1 1811
16428 1 2245
16439 1 738
16490 1 4549
16496 2 5161
16635 1 7678
16652 1 1090
16705 6 3332
16798 1 2575
16802 1 2436
16836 2 4094
16843 2 15992
16845 1 8711
16849 2 6516
16887 1 2199
16899 2 1633
16935 1 3050
16948 1 966
16952 1 7998
16955 1 452
16956 1 923
16973 1 1399
16981 1 1907
16986 1 1767
16989 1 971
17006 2 1202
17027 1 6203
17064 2 763
17071 1 2160
17073 2 1801
17074 1 721
17085 2 1385
17090 1 445
17108 1 2260
17178 5 4206
17189 1 5992
17202 2 2274
17239 1 2179
17241 1 880
17242 1 2797
17262 3 3246
17345 1 1291
17351 1 4853
17352 4 5098
17354 1 1123
17385 1 3998
17409 1 1250
17426 1 7075
17449 1 1065
17458 3 10296
17460 1 608
17501 6 2505
17505 2 5120
17588 1 389
17589 1 12110
17590 2 6514
17591 1 3099
17592 2 3800
17646 1 976
17657 1 971
17682 2 1732
17761 1 2572
17869 1 7948
17899 1 1710
17904 4 6041
18065 1 39
18081 4 1322
18095 1 901
18104 2 1218
18176 2 2271
18177 2 2271
18178 2 2270
18179 2 2271
18325 1 1711
18331 1 3395
18383 2 1509
18385 1 6531
18398 1 122
18431 1 579
18435 1 1115
18521 1 2145
18597 2 6498
18609 1 446
18620 1 3943
18664 1 2209
18678 1 1208
18698 1 1306
18739 1 3057
18740 1 2994
18741 1 3106
18742 1 2981
18804 2 1574
18881 1 2780
18929 1 1995
18951 2 5208
18977 1 1536
19003 1 2796
19004 2 7776
19028 1 278
19078 2 2988
19079 12 16454
19092 1 2849
19093 1 3292
19094 1 3568
19095 1 4478
19119 1 907
19179 1 300
19375 1 4252
19482 1 180
19512 1 3132
19560 3 8071
19610 1 1644
19678 1 6792
19680 2 5229
19792 2 3925
19825 1 643
19884 1 5873
19895 1 3842
19898 1 4338
19902 3 3107
19983 3 2232
20011 1 689
20057 1 5239
20097 1 64
20154 1 3393
20200 4 30304
20206 1 1631
20209 1 408
20252 1 3211
20258 1 1250
20377 3 1456
20398 1 471
20554 1 524
20620 1 1047
20679 1 6821
20707 2 35797
20785 2 3062
20831 3 5707
20869 4 818
20989 1 2034
21046 1 10160
21074 1 5552
21102 1 3237
21157 1 1251
21234 1 3393
21289 3 3008
21297 1 1091
21299 10 9163
21300 1 1461
21334 1 816
21357 1 5683
21376 2 350
21379 2 2870
21380 3 2156
21423 1 1871
21484 1 1764
21490 1 4936
21529 1 2347
21535 1 1207
21536 2 2487
21542 1 37742
21637 1 10855
21653 1 1859
21661 6 5628
21701 2 1549
21728 1 1259
21821 1 2616
21922 1 2981
21955 1 2133
22032 1 4462
22047 1 2622
22161 9 6376
22510 1 744
22511 3 845
22547 3 5064
22612 1 1303
22989 1 162
23030 1 1410
23064 1 7447
23157 1 153
23165 4 136
23270 1 402
23281 3 586
23514 1 8145
23531 1 2398
23544 1 1694
23644 1 2056
23678 1 5285
23748 2 4770
23765 1 11324
23795 4 1876
23894 2 206
23968 2 579
24006 6 3059
24009 1 439
24024 5 810
24037 1 447
24055 1 530
24060 2 1066
24092 1 558
24094 1 3157
24096 2 3824
24098 1 2429
24119 3 14616
24204 2 780
24233 2 1108
24235 1 1229
24265 2 3355
24308 1 1167
24439 3 1008
24452 1 2427
24465 1 1100
24475 2 2124
24506 3 7516
24515 1 908
24521 1 1321
24541 1 5645
24557 1 994
24558 1 623
24573 1 2513
24574 2 3225
24610 1 923
24726 1 1085
24750 3 6415
24777 2 896
24790 1 2605
24886 1 7415
24887 1 7415
24888 1 7415
24926 2 2341
24954 1 340
25090 1 6934
25110 2 1590
25112 1 875
25121 1 1670
25148 2 716
25181 3 420
25235 1 7935
25246 1 2093
25355 1 501
25362 1 490
25370 1 54
25421 1 1140
25429 1 2282
25521 2 328
25534 1 243
25560 2 1516
25590 1 1824
25591 1 1824
25592 1 913
25593 1 909
25594 2 1893
25595 2 1880
25596 1 962
25597 1 967
25599 1 1300
25600 1 1299
25607 2 974
25685 1 585
25712 1 2401
25796 1 939
25835 1 1343
25891 1 2054
25895 2 1814
25903 2 1948
25992 1 559
26060 1 2133
26139 1 1202
26144 1 765
26195 1 1803
26332 7 1975
26343 1 4639
26449 1 7560
26478 2 820
26483 1 605
26498 1 32423
26507 1 4226
26534 1 3621
26631 2 8025
26796 2 2116
26893 1 2171
26950 1 41
26972 2 932
27055 2 584
27074 2 421
27081 1 346
27093 1 65
27122 1 1117
27204 1 1300
27220 1 1005
27259 1 1441
27389 1 511
27391 1 4345
27392 1 4376
27394 1 1701
27412 1 1992
27456 1 1833
27528 1 745
27536 1 1068
27579 1 1272
27623 1 2360
27741 1 733
27832 1 1102
27862 1 8511
27925 1 2804
28040 3 4385
28067 1 1569
28094 1 2585
28101 1 883
28266 1 1597
28290 1 712
28332 1 224
28334 1 1855
28418 1 2121
28440 1 823
28442 1 704
28467 1 8583
28468 1 8583
28469 1 8615
28474 1 1304
28475 2 803
28550 2 1171
28639 2 2821
28811 2 1831
28838 7 3316
28839 2 458
28871 1 2000
28969 10 546
29026 1 900
29089 1 4866
29147 1 1734
29171 1 1853
29180 1 3520
29283 1 1840
29295 1 1818
29403 1 366
29478 8 691
29503 1 865
29508 1 2855
29530 1 1631
29584 1 1507
29598 1 365
29625 4 10200
29637 1 2315
29673 1 908
29675 1 963
29677 1 1300
29687 1 2532
29688 1 2530
29785 1 1968
29823 1 2631
29873 1 2458
29991 4 10803
30026 1 402
30043 1 1000
30077 1 3556
30137 1 5022
30192 3 1145
30243 1 399
30273 1 2533
30305 1 222
30369 1 2927
30433 3 4735
30436 1 827
30437 1 1564
30847 1 189
30868 1 2055
30870 1 2859
30919 3 487
30936 1 2343
31145 1 605
31279 1 1233
31343 1 1798
31378 1 1060
31406 1 3326
31459 2 323
31546 3 3809
31689 2 2682
31697 1 118
31723 2 9877
31744 3 7219
31829 1 14263
31843 2 1841
31896 2 932
31912 1 574
31914 2 906
31946 3 2395
31972 1 788
31976 1 1282
31986 1 910
32042 1 828
32121 1 2253
32135 2 54
32194 1 934
32266 4 849
32355 1 1418
32399 1 1839
32426 1 3386
32472 6 1402
32482 2 441
32654 2 45225
32715 1 121
32745 1 1022
32780 3 189
32822 1 2367
32873 1 58
32972 2 11367
32989 1 1412
32990 1 1413
33003 4 409
33039 1 403
33041 9 1089
33047 1 397
33080 1 2203
33155 1 1026
33207 1 783
33234 1 832
33268 1 3327
33275 1 1122
33277 1 2857
33286 1 1992
33333 4 6676
33494 1 11341
33516 3 1170
33517 1 1259
33526 2 321
33585 2 3694
33655 1 334
33689 2 2181
33711 1 830
33714 1 797
33766 2 1101
33807 1 599
33825 1 1053
33830 2 1857
33832 1 1015
33848 1 1439
33852 1 457
33938 1 5544
33943 1 2181
33951 1 1198
33960 1 1013
33985 1 1091
34022 3 1978
34039 2 23394
34046 1 3718
34250 1 1738
34298 1 6813
34520 1 2339
34521 1 3172
34535 2 3465
34561 2 870
34582 1 513
34619 1 2069
34682 1 1585
34725 1 827
34745 1 3957
34779 1 2859
34787 2 510
34840 1 591
34901 1 18201
34905 1 1534
34984 2 636
34990 1 5418
35149 2 9307
35154 1 1597
35182 2 13213
35279 1 586
35304 1 352
35340 2 4545
35410 1 1461
35415 1 1578
35462 1 801
35540 1 311
35824 1 3392
35852 1 3364
35854 1 1371
35861 5 10960
35868 1 272
35909 3 3424
35929 1 1123
35945 1 2222
35979 2 217
36028 1 1853
36036 1 746
36043 1 1885
36069 1 2227
36081 1 2438
36084 1 1618
36129 1 1661
36249 1 2162
36254 1 2032
36293 2 3644
36331 1 613
36498 1 8241
36624 1 1412
36625 1 1412
36626 1 1412
36646 1 415
36698 1 904
36732 1 18263
36770 1 2401
36852 1 2431
36882 1 6259
36962 1 5960
37079 1 1003
37105 1 5309
37128 1 1079
37177 1 10680
37182 2 13117
37192 1 921
37228 5 4061
37323 3 7159
37409 1 2886
37419 2 13883
37423 1 13622
37429 2 776
37454 6 8351
37592 1 1922
37630 1 2027
37694 1 3082
37833 1 916
37893 1 7547
37928 5 3618
37957 1 474
37986 2 3131
38027 1 1907
38039 2 598
38070 1 1509
38130 1 2260
38307 2 1626
38325 1 386
38383 1 443
38385 1 613
38388 1 423
38432 1 1013
38435 1 1582
38447 1 2944
38448 1 6071
38705 1 876
38706 2 580
38711 1 2289
38712 1 9962
38715 1 5564
38778 1 3309
38780 1 918
38782 1 1808
38802 1 4212
38949 1 1160
38995 2 360
39030 1 612
39083 1 2721
39257 1 2445
39313 2 2054
39329 2 32477
39468 1 881
39492 2 2059
39501 1 2201
39588 2 6063
39612 1 1926
39692 1 1262
39695 1 3613
39706 1 1567
39779 1 308
39850 3 100
39884 2 363
39952 1 1363
39978 1 30166
40065 1 3427
40098 4 1634
40131 1 5534
40251 2 1196
40266 2 839
40292 1 1359
40388 1 1126
40468 2 2719
40521 1 1004
40557 1 979
40637 3 7547
40648 1 7183
40695 1 8337
40957 2 533
41075 1 2253
41103 2 2097
41131 9 4182
41268 1 629
41299 1 1272
41414 2 57
41423 4 1513
41462 2 204
41537 1 1041
41539 1 1301
41570 1 526
41581 1 116
41644 1 527
41652 1 539
41653 1 500
41655 1 442
41656 1 419
41698 2 3701
41935 1 1302
41936 1 2170
42025 3 9933
42050 1 774
42086 1 754
42087 1 640
42088 1 1078
42135 1 5733
42170 1 4262
42172 1 2686
42422 1 5724
42427 1 579
42476 1 2207
42531 1 1622
42560 1 1179
42640 4 12636
42681 1 2570
43044 2 1869
43125 1 858
43245 1 2907
43260 2 1445
43288 1 131
43355 1 380
43395 1 525
43412 1 383
43446 3 8554
43477 2 22611
43546 1 1261
43576 1 5522
43627 2 354
43747 1 7125
43764 1 9601
43804 1 3750
43928 1 218
44016 1 981
44028 1 1537
44081 1 4117
44157 1 2662
44239 1 1290
44286 2 5425
44362 4 3685
44471 4 686
44588 1 2135
44717 1 56
44728 1 1580
44802 1 199
44805 1 1254
44812 1 1515
44957 1 10010
45264 1 1437
45321 1 739
45432 1 534
45492 1 366
45722 1 419
45723 1 103
45764 2 366
45788 1 709
45808 1 1186
45826 2 8235
45859 1 21421
45881 1 995
45914 1 775
45955 1 263
46147 1 2188
46241 2 2498
46289 1 4086
46306 1 4474
46355 1 372
46378 4 6175
46393 1 1295
46519 1 5448
46585 24 3127
46616 1 941
46704 1 2665
46732 3 961
46777 1 3791
46812 2 3767
46940 1 1893
46983 2 4196
47084 1 1448
47139 1 6464
47190 3 1899
47214 1 966
47215 2 1630
47274 1 830
47362 1 931
47437 1 1517
47459 2 8496
47475 1 992
47476 2 2645
47545 1 1640
47649 1 3343
47659 1 3727
47664 2 2616
47666 1 881
47807 1 123
47977 1 1512
47979 1 4184
48268 1 5058
48281 4 702
48286 2 3883
48332 1 2627
48347 1 783
48348 1 980
48349 1 791
48350 1 743
48434 1 1143
48437 1 805
48454 1 2048
48471 1 2563
48512 3 1124
48689 1 4283
48751 1 1441
48935 1 1249
48936 1 1159
48959 1 1293
48988 1 1035
48996 1 315
49015 2 2835
49057 1 1611
49108 1 255
49165 1 759
49174 1 9273
49276 2 5599
49325 1 1700
49343 1 1496
49454 1 2489
49466 1 123
49467 1 122
49486 1 906
49662 1 2884
49696 1 2912
49749 1 802
49776 1 9407
49883 1 2198
49897 1 901
49901 1 1363
49934 2 3099
49991 1 1914
50025 2 5763
50030 1 2358
50087 1 59
50091 1 58
50096 2 67
50116 1 423
50223 2 6104
50227 1 1700
50246 3 1315
50283 1 1595
50287 4 2869
50288 1 2416
50307 1 1514
50308 1 1115
50391 1 703
50430 1 2601
50435 4 2397
50445 1 2439
50464 2 2946
50499 1 13093
50515 1 3053
50524 1 1087
50545 1 531
50620 1 2383
50632 1 1689
50866 3 2623
50883 1 1879
50888 1 2791
50889 1 5625
50916 3 4044
50953 1 507
50959 1 922
50983 2 16660
50985 1 662
50996 1 5411
51022 1 2835
51040 1 2089
51058 1 3191
51062 1 2206
51192 1 1136
51259 1 586
51290 1 6381
51326 1 2077
51334 1 882
51355 1 860
51477 3 605
51526 1 992
51608 3 1170
51609 3 1170
51610 3 1170
51630 1 52
51632 1 267
51643 1 114
51672 2 3436
51765 1 539
51933 2 2717
51954 1 1366
52020 1 5271
52072 2 2361
52149 3 1612
52162 1 1594
52166 1 894
52290 2 3280
52301 4 8406
52326 1 3702
52415 2 2114
52470 1 896
52480 2 2295
52541 1 3260
52582 1 2859
52696 1 1151
52727 2 4203
52742 4 130
52827 1 159
52853 8 404
52880 1 457
52909 1 159
52987 2 1151
53010 2 1173
53038 1 2169
53118 2 1138
53124 1 2131
53140 19 4214
53248 2 5457
53361 1 974
53363 1 1193
53388 3 434
53430 2 48057
53432 1 1524
53439 1 1098
53448 1 788
53479 1 1784
53487 1 1821
53511 1 4733
53645 1 1386
53670 1 839
53679 1 1230
53726 1 2312
53732 1 1332
53733 1 1832
53778 1 4519
54132 2 1427
54211 1 1735
54340 2 918
54387 9 430
54502 1 2792
54534 1 1649
54543 1 1020
54619 2 10647
54861 1 1691
54950 1 3726
54998 1 1411
55020 2 405
55024 1 463
55122 1 4413
55399 4 162
55607 4 9422
55614 5 5399
55631 1 75
55699 1 1333
55886 4 5463
55907 2 1063
56032 1 668
56040 1 962
56049 1 1502
56070 1 503
56076 3 528
56077 2 253
56101 2 87
56133 2 72
56161 1 126
56170 2 481
56175 3 8425
56233 1 382
56400 1 2072
56507 1 1042
56699 2 1181
56802 2 8941
56821 1 6607
56899 1 4490
56934 1 1064
57186 1 1678
57332 1 1029
57337 1 115
57343 1 500
57363 1 1222
57372 1 2559
57415 5 2127
57507 1 3268
57532 1 1727
57620 1 3241
57621 1 3239
57622 1 3240
57623 2 3704
57624 2 3707
57625 2 3705
57732 1 361
57818 4 3557
57832 1 1094
57914 1 2836
57926 3 777
57952 1 8583
57953 1 8583
57962 1 2722
57963 1 1707
57985 1 522
58138 2 55
58192 1 3058
58199 1 4784
58204 1 1235
58247 1 19391
58277 2 1047
58311 1 723
58378 1 2575
58453 1 564
58544 1 752
58694 1 520
58778 1 2282
58888 2 1058
59053 1 2530
59054 1 2531
59063 1 3059
59153 2 1086
59211 1 3035
59250 1 752
59263 1 5357
59347 3 9699
59348 2 10477
59350 3 8331
59382 4 60
59394 1 1328
59398 1 1993
59418 2 9567
59423 2 13129
59469 2 4789
59599 1 1077
59600 1 794
59615 1 852
59628 2 1173
59642 1 3464
59646 1 1585
59695 3 2300
59699 1 1994
59704 1 922
59879 1 1719
60016 1 1377
60031 1 2148
60038 1 3448
60039 2 4322
60044 1 1309
60079 1 1270
60106 1 179
60109 1 2379
60116 1 1842
60151 1 423
60284 1 1802
60305 2 1305
60528 1 1837
60567 1 919
60708 1 1572
60793 1 2201
60806 1 672
60815 1 2171
60848 1 1052
60852 1 1600
60862 2 4275
60954 1 1837
60980 1 543
61005 2 1679
61059 1 4559
61131 2 2971
61140 2 500
61213 1 1171
61255 1 4815
61256 2 2242
61268 4 2756
61315 1 1199
61331 1 2243
61352 2 18809
61380 1 1616
61428 2 8357
61497 2 5567
61506 1 3406
61507 1 1577
61628 1 7244
61814 1 927
61824 2 4512
61826 2 3738
61829 2 3211
61860 1 7381
61866 1 890
61894 1 3336
61907 1 3429
61938 1 6544
61942 1 1229
62003 1 2012
62015 2 636
62070 1 1331
62087 1 4114
62095 1 1686
62110 1 4274
62136 1 1682
62142 1 2600
62340 1 4587
62365 2 625
62481 1 2543
62491 3 4559
62500 1 685
62606 1 1424
62650 2 1065
62755 2 1796
62772 1 832
62872 1 831
62901 2 900
62912 2 6714
62937 2 1048
62938 2 1036
62939 2 1044
62945 1 1603
62946 1 1601
62947 1 1604
62951 1 2817
62961 1 1298
63061 3 5120
63074 1 4609
63160 1 1813
63262 1 1616
63270 2 3034
63275 1 121
63276 1 122
63507 1 1696
63519 2 2160
63527 1 475
63554 1 2850
63555 1 7057
63580 1 1896
63626 2 428
63632 3 298
63634 1 5269
63651 1 599
63703 2 2027
63717 6 76
63750 2 662
63791 1 1978
63812 2 2413
63974 1 1872
64066 2 1206
64067 2 1210
64068 2 1224
64195 1 202
64345 1 2095
64412 1 2859
64423 1 623
64503 1 1184
64539 2 837
64631 1 953
64646 1 789
64663 1 376
64946 1 2282
64966 2 192
64992 2 1017
65034 1 3956
65035 2 1584
65081 1 721
65104 7 8712
65399 1 3181
65421 2 3586
65453 2 1772
65656 8 3685
65667 1 525
65695 1 527
65701 1 1209
65726 4 2684
65817 1 1516
65896 6 3671
66009 1 1040
66027 1 937
66088 1 1445
66153 1 1730
66436 1 1259
66437 1 1259
66454 1 1171
66471 3 3798
66473 1 2015
66533 1 1245
66651 1 700
66698 1 2058
66734 1 1280
66787 1 661
66832 2 1718
66886 1 3404
67074 2 9837
67095 1 2223
67326 2 2402
67333 1 2666
67344 1 2228
67346 1 1614
67391 2 4824
67392 1 2594
67393 1 6324
67415 1 10077
67457 1 722
67460 1 791
67542 1 447
67558 1 1425
67655 2 1887
67678 1 2911
67689 1 7619
67724 3 650
67776 2 2260
67784 1 2572
67844 2 2522
67846 1 562
67893 3 4007
67898 1 1778
67933 1 3340
67934 1 1831
68046 1 3345
68057 1 3416
68092 2 8126
68116 1 4818
68117 1 4150
68120 1 7511
68122 1 2437
68125 1 2444
68142 1 2271
68151 1 2465
68217 1 5161
68379 1 1093
68401 2 1206
68444 1 1026
68527 1 234
68727 1 1593
68777 1 1669
68790 1 2859
68799 1 1185
68846 1 1502
69082 1 1410
69277 1 487
69360 1 903
69376 1 1668
69509 1 5379
69979 3 124
70190 1 334
70210 3 5060
70221 1 1774
70236 1 3474
70415 1 2495
70420 1 452
70426 1 973
70435 2 3103
70523 2 454
70749 2 6334
70838 1 1950
70839 1 3633
70841 7 8361
71065 1 881
71078 2 9605
71102 1 1497
71146 1 324
71207 1 37
71341 1 1792
71406 2 2956
71427 1 1053
71464 1 59
71555 1 601
71635 1 1924
71643 1 602
71723 3 2839
71724 3 2839
71852 1 998
71901 1 750
71962 1 1178
72067 1 9227
72068 1 8137
72083 1 1040
72096 1 1559
72098 4 19912
72146 1 1354
72161 1 729
72192 1 1685
72229 1 1439
72276 1 1201
72307 1 3276
72314 1 1495
72322 2 2478
72324 1 3100
72412 1 14176
72436 1 1419
72437 6 8964
72618 1 5500
72619 2 5216
72744 1 708
72769 1 4944
72781 1 1433
72782 1 2059
72783 1 1487
72784 1 2240
72785 1 1571
72793 2 4219
72803 1 813
72821 3 855
72828 1 2935
72843 1 2753
72860 1 1570
72877 1 996
72920 1 5462
72936 1 2099
72938 1 10696
72961 1 1521
72962 1 922
73063 1 270
73088 2 4779
73098 1 915
73155 1 3609
73253 1 2048
73254 1 2203
73349 1 2244
73358 1 1564
73497 1 632
73591 1 2230
73640 1 1044
73773 1 1031
73790 1 409
73799 4 6946
73808 1 588
73810 1 133
73814 1 495
73816 1 429
73827 1 527
73907 2 2638
73917 1 613
74064 1 440
74116 1 4873
74157 1 1025
74179 1 4036
74184 1 1502
74232 2 2451
74298 1 2423
74433 1 1309
74519 3 5618
74522 1 1218
74545 1 1446
74567 1 1654
74593 1 451
74645 1 6253
74665 2 2881
74666 1 1855
74675 1 1006
74743 2 1598
74746 1 5004
74775 1 2772
74793 1 1712
74795 1 2070
74803 3 6144
74812 1 4167
74813 1 5631
74828 1 2265
74887 2 7880
74932 1 1237
74944 1 879
75111 1 2479
75155 1 2282
75221 4 6839
75240 14 5462
75317 1 1162
75326 1 2372
75399 1 1219
75529 1 8980
75530 1 2216
75873 1 658
75878 1 587
75901 5 995
75922 1 3058
76012 1 1064
76031 1 1946
76040 1 3213
76050 1 4066
76104 1 2832
76105 2 6146
76106 1 4999
76174 16 20998
76175 1 6943
76204 1 2051
76213 1 538
76245 1 6436
76246 3 6517
76253 1 1465
76356 3 127
76364 1 1174
76394 1 2329
76409 2 2559
76421 1 865
76446 23 1112
76516 1 5399
76521 4 1643
76529 2 10440
76569 2 1058
76624 1 953
76626 2 4388
76690 1 2184
76707 1 3320
76884 1 865
76886 1 4302
76897 1 431
76929 1 1278
76952 1 554
77008 1 214
77009 1 204
77139 3 7313
77144 1 3383
77148 4 3628
77183 1 951
77197 1 1297
77249 1 3213
77353 1 58
77440 2 1548
77541 1 801
77584 1 1387
77599 1 875
77661 2 918
77671 1 207
77805 6 2119
77818 1 6471
77836 6 808
77850 2 293
77859 1 493
77887 8 1637
78010 1 1823
78011 1 1824
78012 1 917
78013 2 1893
78014 2 1880
78031 1 1380
78111 1 1861
78116 1 5040
78118 1 2357
