innat innat 140 65215343 
2651 1 1903
2670 2 1152
3014 1 1125
4187 1 7906
4496 1 6061
4594 1 1355
8396 1 1026
9430 1 2392
9672 1 559
9818 1 872
11089 6 1023
12710 1 1223
13224 3 3401
13244 1 1069
13949 1 762
14456 1 1069
15204 1 3771
16363 2 1461
17242 1 2797
17758 3 28986
18654 1 15696
19701 1 1162
20165 1 957
20683 1 2155
20780 1 1126
20906 1 1642
20922 3 993
21259 1 1196
22017 1 2683
22609 1 1445
23139 1 1265
24707 1 2560
25064 1 1909
25333 1 1245
29396 1 8576
29711 1 864
29858 1 1047
30622 1 2448
33310 1 9499
33873 1 630
34039 1 23394
34052 1 11789
35069 1 3840
36699 1 902
36898 3 793
37202 1 876
38954 1 2720
40014 1 1723
40648 2 7183
40695 1 8337
41048 1 1925
42362 1 10503
42430 2 727
42544 1 2256
44782 1 655
47050 1 1107
47491 1 2517
47979 1 4184
48735 2 645
48959 1 1293
48991 1 1977
49323 2 5236
49381 1 2611
49450 1 329
49456 1 2513
50458 1 1281
50911 1 318
51926 1 381
52804 1 4622
54134 1 2948
54619 2 10647
56541 2 1812
57471 1 1255
57728 1 3152
57846 1 2065
58199 2 4784
58936 1 1464
59687 1 1419
60063 1 3984
61043 1 4069
61234 1 1412
61428 1 8357
61523 1 3940
62242 1 2867
62929 1 5384
63309 1 4077
65662 1 1443
65794 1 999
66004 1 1492
66242 1 1963
66794 1 1303
67098 1 594
67355 1 6043
68446 1 3669
70050 1 1597
70051 1 825
71313 1 520
71660 3 1283
71827 1 6203
71828 1 1069
72009 6 1448
72278 1 1211
72380 1 3360
72827 1 7031
72999 1 3301
73945 1 10857
74158 3 1846
75529 1 8980
77269 1 1124
