danc danc 7977 65215343 
9 1 707
16 1 1318
58 4 205
59 1 1451
60 1 145
68 1 996
166 1 1370
179 1 822
203 1 5213
227 1 2869
256 1 8243
258 2 56657
327 1 2668
343 3 793
375 2 10166
376 1 1200
392 1 721
397 3 1583
406 1 1543
428 1 2978
433 1 1676
466 1 1460
516 2 381
517 2 497
522 1 1558
551 1 1767
556 1 3813
583 1 1948
597 1 541
602 1 397
660 1 680
676 4 640
678 1 1380
725 1 7096
726 1 1173
735 3 837
761 2 831
776 1 1163
786 2 307
793 1 239
799 2 845
801 1 773
833 1 933
856 5 1130
857 3 1338
858 4 280
860 2 3051
894 1 1314
950 3 380
957 1 715
967 1 4480
978 1 479
979 5 267
980 1 312
981 1 282
1023 1 2468
1051 1 1264
1052 1 3416
1072 1 2029
1131 1 978
1153 2 6533
1179 1 1708
1190 1 1288
1195 1 693
1201 1 342
1236 2 1198
1265 1 475
1321 6 3750
1338 1 966
1341 1 801
1349 2 313
1359 1 937
1360 1 1401
1362 1 3521
1371 2 1930
1391 1 932
1394 1 1190
1395 1 348
1396 26 4255
1435 2 3772
1437 3 546
1468 1 1121
1469 1 2455
1514 2 1086
1555 2 655
1583 1 4414
1584 3 1777
1634 11 30082
1647 1 10572
1658 1 1529
1722 3 1321
1767 3 13095
1815 1 370
1816 1 5747
1852 1 2619
1885 2 602
1898 1 3856
1920 1 1069
1947 2 1288
1963 5 362
1991 1 835
2072 1 1175
2081 1 1053
2083 7 4561
2093 1 786
2133 1 1238
2151 2 1771
2169 1 1619
2192 8 5833
2209 1 595
2272 1 2226
2374 1 1286
2408 1 1064
2447 3 901
2483 1 4389
2531 1 897
2533 1 922
2536 1 2222
2542 3 845
2550 2 345
2622 1 2635
2666 7 6601
2690 1 972
2697 1 1348
2705 2 1001
2709 1 1588
2728 3 1179
2745 1 273
2759 1 335
2770 3 658
2771 3 3216
2822 1 891
2832 4 455
2834 7 199
3006 1 834
3027 1 3713
3053 1 1047
3075 1 409
3103 4 3185
3104 2 3172
3176 1 986
3211 1 709
3215 1 1641
3230 2 1502
3283 1 168
3296 1 1494
3330 1 1137
3337 3 505
3350 1 735
3396 1 927
3397 1 782
3398 1 337
3407 1 801
3461 4 2177
3470 3 486
3484 1 1416
3499 1 1513
3520 11 414
3539 1 1721
3547 1 1585
3550 1 396
3551 16 379
3564 1 1154
3593 3 1011
3637 8 970
3647 1 491
3648 1 312
3724 11 1404
3727 2 17097
3768 1 960
3774 4 1134
3775 1 459
3826 1 723
3832 2 7941
3846 1 693
3915 8 1515
3917 1 918
3919 1 385
3921 1 3235
3938 1 1794
4004 9 2253
4015 1 1212
4062 3 526
4075 2 2561
4081 1 2482
4104 1 1081
4121 2 371
4156 2 451
4180 1 1353
4187 2 7906
4188 3 2646
4256 1 2171
4260 1 485
4263 1 1825
4267 3 330
4289 1 673
4305 1 1625
4314 1 462
4320 2 638
4356 1 3544
4385 1 1633
4417 3 4384
4421 4 1667
4426 1 1533
4428 6 2072
4454 1 1950
4455 1 1818
4456 1 1644
4460 1 3587
4470 1 1463
4472 1 393
4485 17 2100
4486 1 690
4494 1 303
4528 17 1567
4532 1 980
4589 1 716
4606 5 638
4625 1 1120
4636 3 1557
4640 2 3309
4659 18 281
4665 11 893
4704 1 1493
4708 1 767
4726 3 2646
4788 1 1060
4815 1 686
4820 1 1191
4822 1 1411
4829 1 468
4837 1 2109
4840 3 5531
4847 1 2281
4852 1 1294
4859 3 961
4888 1 1826
4889 1 2095
4942 1 1955
5078 1 265
5092 1 3536
5094 1 1242
5121 1 394
5132 1 1537
5149 1 1132
5151 1 945
5155 2 591
5198 1 1050
5209 2 878
5225 1 1789
5274 1 1327
5298 1 254
5302 1 555
5321 3 1222
5385 1 679
5386 1 1742
5422 1 345
5441 1 1058
5444 1 454
5448 1 251
5465 1 1292
5466 1 1266
5499 1 44062
5504 2 1390
5518 3 2428
5526 1 1137
5528 1 2535
5531 1 1561
5533 1 247
5545 1 1706
5557 1 329
5816 2 886
5867 1 5884
5908 1 614
5910 1 1668
5912 2 278
5913 1 2199
5915 1 896
5927 1 896
5936 2 3330
5960 2 1674
5995 2 1761
6010 2 3182
6027 2 292
6029 1 1479
6036 1 1526
6048 1 4019
6065 1 1429
6067 1 1302
6081 2 1357
6083 4 1394
6148 1 2770
6151 6 6692
6164 1 2727
6165 1 4900
6310 1 811
6326 2 1295
6364 2 7210
6453 6 2181
6454 1 2665
6540 1 2261
6583 1 7454
6611 1 670
6636 4 1118
6639 1 1018
6827 1 828
6834 2 904
6839 1 457
6870 2 169
6899 1 564
6918 2 472
6921 1 562
6927 1 250
6929 1 637
6951 1 204
6952 1 204
6953 1 633
6954 1 1653
6955 1 218
6956 1 246
6957 1 219
6958 1 658
6959 1 516
6969 1 1724
6973 1 826
6980 1 491
6983 1 2840
7003 1 1299
7019 1 285
7021 1 2137
7028 1 1722
7029 1 1173
7031 1 1107
7032 1 1787
7033 1 1085
7034 1 864
7078 1 2260
7174 1 580
7175 1 1156
7179 1 920
7412 1 399
7491 4 7708
7505 2 4997
7547 1 1609
7555 1 598
7573 4 4835
7575 7 1899
7576 1 6690
7586 1 643
7604 1 780
7605 2 780
7675 1 437
7687 1 1409
7692 1 533
7707 2 1904
7720 4 1667
7723 5 4731
7727 1 2490
7775 1 3220
7899 1 1265
7926 2 721
7929 1 1641
7969 1 1771
7973 1 774
7998 1 1191
8003 1 655
8026 1 922
8038 103 1234
8060 1 1283
8062 3 2690
8068 6 850
8120 1 1513
8122 1 5509
8145 2 1136
8155 1 588
8167 1 1117
8196 1 370
8222 1 290
8233 1 118
8238 1 1131
8246 1 1319
8267 1 1357
8314 1 1237
8328 1 332
8371 4 1170
8372 1 3639
8377 3 1377
8393 3 3193
8394 1 1250
8395 3 1291
8408 5 5505
8468 1 1615
8517 2 1126
8550 1 1456
8563 1 870
8589 1 809
8599 1 269
8606 1 914
8612 1 497
8637 1 530
8684 1 837
8690 3 879
8760 1 668
8825 1 689
8836 1 1224
8876 1 1372
8877 1 1525
8945 1 325
8959 6 608
8985 1 352
8993 1 2404
9005 2 45220
9006 2 34059
9118 1 1714
9124 1 950
9175 1 1821
9176 1 1666
9239 1 1961
9243 1 1282
9279 1 1500
9281 1 1465
9282 2 1511
9283 1 1422
9309 1 998
9311 1 1417
9323 3 1192
9324 1 4421
9325 1 4336
9336 2 1530
9404 1 240
9405 1 411
9406 1 1257
9421 1 508
9463 1 3203
9466 1 2176
9489 2 6134
9491 2 6177
9492 1 6158
9495 3 1007
9497 4 97
9503 1 6051
9515 7 354
9537 1 447
9563 2 1392
9568 1 885
9640 1 3873
9646 2 948
9658 1 268
9659 5 10789
9703 1 1309
9736 1 1415
9778 1 600
9804 3 5129
9843 1 872
9844 1 505
9863 1 195
9905 1 907
9922 1 451
9932 1 1087
9935 2 18475
9947 6 329
9956 3 541
9972 1 2809
9999 1 703
10000 13 1196
10002 1 724
10073 1 1739
10081 17 2613
10086 2 953
10097 1 1553
10102 1 1336
10107 2 1234
10144 1 3206
10198 1 58
10221 1 727
10249 1 1601
10278 1 2690
10289 2 8941
10307 1 469
10376 1 1058
10377 1 2603
10427 2 2746
10474 1 313
10528 1 2643
10543 1 292
10594 1 729
10597 1 557
10609 17 1156
10654 2 3128
10713 1 2253
10737 1 360
10750 1 1327
10760 1 228
10796 1 5414
10811 1 800
10862 1 1361
10906 1 7912
10931 1 1408
10982 1 536
10986 3 264
10999 1 1962
11007 1 1008
11035 2 1021
11146 1 342
11208 1 2507
11223 1 553
11224 1 274
11225 1 914
11268 4 1582
11270 9 748
11279 1 1595
11303 2 1172
11331 2 185
11377 1 166
11382 1 1292
11384 2 268
11461 1 706
11468 1 1225
11492 1 7197
11494 2 274
11504 1 279
11560 1 574
11619 2 329
11631 1 1115
11650 2 1881
11688 1 596
11766 4 950
11854 3 3272
11866 1 1990
11917 4 168
11949 1 3637
11955 2 1189
11976 1 521
12014 1 416
12037 3 374
12041 1 386
12048 3 513
12063 1 1221
12138 1 18363
12139 1 202
12140 1 1102
12141 1 233
12142 1 563
12143 1 308
12150 5 197
12151 1 821
12156 1 13898
12185 1 1349
12201 5 1165
12215 1 1073
12226 1 864
12230 1 2936
12246 82 1784
12253 1 928
12260 1 746
12271 3 692
12326 4 4527
12330 1 918
12335 1 564
12344 1 2265
12384 1 4014
12433 1 1282
12437 4 1351
12463 4 956
12465 3 1108
12527 1 1751
12578 1 130
12585 2 697
12617 5 1750
12627 1 4932
12638 1 6177
12641 2 1246
12645 4 564
12658 1 1221
12689 1 750
12694 1 787
12700 11 11926
12704 10 5255
12706 2 282
12730 1 980
12740 1 1789
12748 1 3182
12762 1 5406
12783 2 4316
12786 3 7289
12807 1 2985
12808 1 3060
12814 6 46677
12818 2 3788
12821 2 1412
12850 1 258
12874 1 1470
12885 2 6601
12913 2 473
12925 1 2837
12982 1 1294
13002 1 939
13005 1 304
13040 2 1198
13049 1 518
13071 1 434
13105 1 2565
13151 1 953
13170 1 1024
13171 1 703
13175 1 1506
13193 3 216
13252 14 1333
13279 4 832
13282 1 1430
13290 1 1648
13296 1 633
13298 1 629
13370 2 327
13379 1 1294
13401 2 187
13403 1 1298
13405 5 641
13479 5 5487
13480 1 2096
13481 5 510
13486 1 7532
13497 1 6632
13508 3 6492
13524 1 621
13536 2 1435
13537 2 294
13595 1 45
13608 1 450
13618 1 28398
13619 1 1734
13645 1 1507
13646 1 1438
13647 1 1776
13648 1 1463
13654 2 1262
13662 1 828
13669 1 1253
13799 1 1501
13800 1 1238
13801 1 1533
13802 1 1437
13803 1 1542
13818 1 1042
13861 2 3305
13862 2 3335
13863 3 3445
13873 3 691
13877 1 1054
13880 2 1368
13906 1 619
13961 1 931
13981 1 708
13988 1 1041
14027 2 350
14040 5 1390
14042 1 1826
14064 1 209
14105 1 9306
14164 3 57
14179 1 2772
14188 1 748
14198 1 753
14203 1 597
14207 1 954
14233 1 1003
14265 2 2579
14292 6 11958
14303 1 1086
14321 1 411
14337 1 2253
14353 3 189
14359 2 505
14360 2 1012
14367 1 1792
14373 4 6743
14414 1 1128
14420 2 919
14422 12 5239
14503 1 626
14539 2 585
14545 2 1107
14568 3 712
14590 1 124
14615 1 449
14645 1 249
14650 2 1209
14654 1 1157
14692 1 3976
14694 3 1912
14706 1 542
14708 1 1144
14715 2 1357
14723 5 4899
14749 1 1050
14756 1 3039
14757 1 1802
14771 1 643
14776 3 1585
14797 2 2125
14836 3 2455
14879 1 218
14889 1 1511
14899 3 330
14996 1 1221
15029 2 2103
15068 6 604
15094 1 480
15131 1 473
15195 1 644
15196 1 8919
15203 1 5461
15207 2 2664
15218 2 2203
15220 1 1503
15226 2 688
15230 3 886
15275 2 509
15279 1 1500
15445 1 54
15491 2 758
15494 1 809
15543 2 462
15569 2 3119
15607 2 1413
15615 1 3882
15616 2 86
15662 1 2550
15824 4 359
15825 1 556
15826 1 1438
15833 1 1583
15843 2 964
15844 1 1278
15846 2 2009
15881 1 7036
15943 3 537
16006 2 1307
16007 2 6296
16008 2 6422
16009 2 1037
16022 1 1155
16028 1 556
16110 1 628
16111 1 1166
16114 1 1601
16191 10 1319
16207 1 640
16213 1 1047
16214 1 1149
16215 1 821
16237 1 2746
16241 1 1533
16257 1 6019
16258 1 7609
16281 1 3429
16284 1 1751
16285 2 2520
16290 2 921
16298 2 1534
16310 3 1612
16315 1 979
16341 1 9421
16365 1 1383
16371 1 727
16379 1 636
16396 1 367
16433 1 2178
16460 1 357
16468 1 968
16475 1 2055
16487 2 696
16542 2 1136
16550 6 161
16552 16 1230
16554 1 986
16570 1 1285
16625 1 1578
16631 1 928
16634 2 1294
16655 11 808
16669 2 1384
16718 2 1664
16741 2 1522
16746 16 476
16753 1 607
16771 1 631
16774 4 1246
16800 2 2525
16802 3 2436
16803 1 1575
16813 1 4537
16835 20 3680
16845 15 8711
16865 2 1183
16870 1 1104
16888 1 1462
16911 4 522
16918 1 1281
16920 2 1042
16935 1 3050
16958 5 5800
16970 1 1181
16989 1 971
16993 1 1557
16997 1 2630
17005 1 2314
17011 1 1488
17013 1 9772
17018 1 1528
17020 2 583
17021 3 1973
17058 1 1516
17064 1 763
17070 1 1119
17071 1 2160
17072 1 1836
17073 1 1801
17075 1 961
17076 1 520
17077 1 796
17078 1 783
17079 1 1250
17080 1 522
17081 1 1312
17082 1 374
17094 2 2308
17100 5 3005
17111 2 1220
17116 2 3516
17120 3 615
17168 2 3800
17239 3 2179
17242 2 2797
17262 1 3246
17296 5 4348
17297 2 1229
17385 3 3998
17402 1 3104
17424 1 2766
17454 4 2094
17490 1 455
17501 1 2505
17510 1 13439
17541 1 728
17542 2 762
17569 1 514
17589 2 12110
17591 1 3099
17649 1 646
17660 2 591
17684 3 2134
17687 2 245
17730 1 4474
17754 1 1063
17758 1 28986
17761 2 2572
17777 1 359
17898 26 592
17904 1 6041
17915 1 834
17926 1 71
17962 1 680
17989 1 788
17990 1 174
18008 1 275
18037 2 3117
18051 6 1999
18053 1 473
18072 1 729
18103 2 729
18104 2 1218
18159 5 870
18225 2 843
18228 3 4817
18303 2 362
18325 2 1711
18344 8 740
18367 2 1750
18372 1 1808
18424 1 779
18464 2 1214
18469 1 489
18486 15 1075
18515 1 304
18609 11 446
18620 1 3943
18621 3 5046
18622 1 5539
18628 1 1564
18657 1 2740
18668 1 445
18669 1 633
18670 1 1046
18671 1 255
18672 1 349
18673 1 281
18676 3 450
18712 2 781
18719 1 2396
18721 1 983
18726 1 336
18737 2 464
18756 1 1784
18759 4 2997
18790 1 554
18797 3 3696
18800 1 967
18837 1 930
18951 1 5208
18972 1 818
19020 2 828
19021 2 1100
19023 1 2348
19048 2 558
19049 2 3228
19116 1 139
19125 1 917
19175 1 519
19176 1 1330
19186 3 6942
19194 1 5424
19307 1 983
19379 2 4781
19385 5 2378
19402 1 721
19409 3 1342
19417 1 207
19490 5 952
19504 3 6279
19512 1 3132
19552 2 447
19558 6 5943
19560 2 8071
19562 1 7991
19570 1 2209
19630 2 2098
19645 1 945
19664 1 4781
19677 1 4468
19678 3 6792
19682 2 1081
19786 1 655
19794 4 390
19885 2 1727
19896 1 4758
19901 1 1057
19929 4 1291
19951 6 677
19961 1 2081
19968 2 486
19969 6 2159
20017 6 5287
20087 3 60
20156 2 303
20164 1 1062
20180 1 1773
20192 1 1513
20200 1 30304
20204 11 902
20205 11 890
20206 1 1631
20256 2 584
20259 1 1301
20268 1 1431
20311 1 733
20323 1 694
20329 1 510
20337 1 916
20341 1 1048
20359 1 686
20403 17 332
20426 1 206
20577 1 1021
20586 1 1928
20602 1 1884
20629 1 855
20639 2 2734
20678 1 4807
20682 1 5585
20690 1 1232
20691 1 361
20692 1 754
20693 1 760
20694 1 355
20695 1 1111
20707 2 35797
20792 1 306
20808 1 1960
20827 5 562
20833 2 5441
20856 1 1576
20868 1 3295
20870 1 4517
20914 1 1215
20915 8 2042
20916 1 2792
20935 1 1544
20936 1 2518
20937 2 3666
20938 14 3851
20996 2 363
20997 1 6199
21051 3 1656
21106 1 901
21133 1 986
21180 1 1918
21235 2 1070
21262 1 2285
21264 1 838
21297 2 1091
21299 1 9163
21302 2 670
21357 1 5683
21361 1 1874
21362 1 2634
21375 1 565
21380 4 2156
21386 2 1881
21412 1 421
21418 2 1031
21422 2 2156
21463 3 2707
21468 2 1468
21469 2 3531
21470 2 3587
21476 1 1235
21485 2 609
21496 1 1009
21552 25 3528
21564 1 779
21613 1 1522
21623 1 339
21634 1 824
21637 1 10855
21668 1 1337
21671 2 1413
21674 2 386
21689 1 214
21704 2 1215
21730 1 1984
21731 3 380
21756 1 2820
21814 1 4204
21821 1 2616
21852 1 6758
21877 1 1400
21878 1 414
21918 1 704
21942 1 1543
21953 1 1123
21956 1 1239
21969 1 4332
21980 1 907
21981 1 3068
21982 2 1599
21988 1 1084
21989 1 2096
21990 1 1578
21991 1 1915
21992 1 1844
21993 1 2572
21994 1 1872
21995 1 2336
21996 1 2579
21997 1 2196
21998 1 2024
22019 1 247
22033 1 451
22038 1 1606
22048 2 1210
22069 1 1463
22162 2 696
22163 2 2087
22189 2 279
22206 1 2514
22216 5 13756
22220 1 383
22419 2 748
22427 4 508
22431 4 801
22440 1 514
22487 1 1766
22505 1 899
22509 1 1358
22524 2 3107
22547 3 5064
22555 1 1437
22561 1 1310
22564 1 1455
22569 2 1315
22584 1 2300
22591 1 2289
22596 1 359
22605 1 1238
22785 1 1506
22864 1 581
22881 1 1554
22898 11 269
22906 88 6036
22926 1 1353
22941 2 11549
22976 1 1924
23001 1 6718
23020 1 665
23026 1 625
23029 1 1645
23131 1 661
23132 5 123
23135 1 616
23205 1 722
23211 1 1665
23240 1 486
23248 1 570
23281 1 586
23283 3 4182
23340 1 169
23343 1 533
23345 1 115
23366 1 1782
23370 2 1836
23382 1 852
23383 1 250
23384 1 217
23385 1 748
23386 1 471
23387 1 256
23408 1 5715
23422 1 1581
23437 1 764
23464 1 3921
23489 1 7818
23558 1 1014
23559 1 2529
23568 1 1244
23583 1 3023
23585 1 356
23588 5 2167
23589 1 741
23640 1 1222
23669 22 2196
23671 1 7612
23675 1 1065
23678 1 5285
23697 1 5047
23716 1 410
23747 1 2274
23769 1 1738
23792 1 1958
23795 1 1876
23900 1 937
23913 1 182
23948 4 128
24018 1 115
24024 1 810
24045 1 493
24060 4 1066
24097 1 3411
24108 1 196
24109 1 618
24110 1 207
24111 1 719
24112 1 454
24113 1 308
24114 1 580
24119 1 14616
24156 1 1837
24192 2 1034
24212 6 4006
24309 1 1144
24346 1 525
24367 13 881
24433 1 2363
24480 2 116
24494 1 825
24506 3 7516
24514 17 13551
24515 3 908
24532 2 348
24533 2 1045
24537 3 742
24556 2 2926
24567 1 1635
24583 1 808
24585 1 1914
24590 3 4782
24591 2 4881
24592 2 4881
24616 1 6643
24619 1 1922
24664 1 216
24695 1 871
24726 1 1085
24728 1 2573
24729 1 2591
24736 1 818
24773 1 1028
24794 6 291
24803 1 5803
24811 1 715
24814 1 1629
24815 1 1122
24824 2 1881
24842 1 3916
24848 5 1701
24849 3 4735
24865 1 2318
24866 1 1558
25017 17 816
25034 1 151
25058 1 523
25066 1 1878
25113 1 819
25126 1 377
25128 3 3351
25175 1 4293
25177 1 1136
25230 2 600
25231 1 2410
25233 3 4985
25234 1 4341
25263 1 777
25276 1 1113
25282 1 1395
25289 1 618
25290 1 1547
25294 1 1378
25317 1 684
25324 1 2744
25404 1 721
25478 5 3302
25490 1 4592
25491 1 2382
25502 1 705
25511 1 689
25517 1 295
25518 1 395
25544 1 236
25545 1 2403
25562 1 3195
25686 15 583
25690 15 635
25694 14 1084
25714 2 1605
25728 1 5705
25769 1 1128
25821 1 721
25880 1 374
25902 9 2698
25953 1 427
25988 1 551
25991 4 220
26011 1 490
26049 1 2989
26060 3 2133
26062 1 196
26063 1 947
26064 1 213
26065 1 209
26066 1 216
26067 1 274
26068 1 354
26073 1 874
26116 2 786
26139 1 1202
26143 3 571
26161 11 14248
26169 1 2105
26200 1 767
26228 2 768
26241 1 5926
26338 5 515
26365 1 814
26375 1 791
26391 1 1837
26406 2 1079
26421 9 995
26434 2 3200
26445 2 1002
26459 1 1563
26470 1 1686
26532 1 1485
26541 1 4809
26584 1 1355
26630 2 629
26633 1 609
26676 1 631
26727 1 4405
26738 2 289
26791 1 4660
26807 1 1054
26813 2 1462
26829 3 697
26836 1 2928
26872 1 717
26877 1 1219
26918 2 278
26949 3 1156
26982 1 1036
27009 1 129
27140 1 684
27141 1 963
27142 1 216
27143 1 224
27144 1 257
27145 1 340
27146 1 758
27151 1 659
27173 1 3255
27174 4 2438
27208 1 1202
27213 6 2166
27256 1 710
27272 1 1722
27300 1 2411
27341 2 906
27350 1 799
27378 2 849
27406 6 1609
27413 2 1577
27423 1 1599
27424 1 816
27426 1 202
27467 2 879
27519 1 1928
27520 3 3462
27664 2 594
27771 1 696
27774 2 2355
27776 1 1500
27812 2 3494
27821 1 981
27823 1 1303
27827 1 2297
27884 1 829
27887 2 118
27978 1 1869
27983 1 1113
28058 8 691
28064 1 1150
28067 5 1569
28074 2 1848
28075 7 2788
28084 2 448
28087 2 1712
28106 1 211
28115 1 2406
28117 1 2403
28193 1 2289
28240 2 1341
28259 1 6624
28261 1 11790
28295 3 476
28311 1 734
28341 1 149
28346 2 620
28414 1 3568
28417 1 439
28419 2 3437
28436 1 1926
28446 1 9326
28550 1 1171
28623 1 450
28639 1 2821
28654 1 1104
28671 1 1093
28685 1 637
28723 1 677
28739 1 1791
28743 3 1455
28794 1 931
28829 4 1738
28840 1 12057
28913 1 1073
28917 1 911
28945 2 874
28983 1 1151
28996 1 844
29009 2 1308
29033 3 1701
29063 1 2116
29144 1 2485
29238 1 36
29349 2 2088
29354 2 696
29377 1 593
29408 1 2208
29425 1 346
29478 1 691
29492 2 3204
29495 2 3137
29506 1 409
29519 1 8686
29520 2 443
29521 2 588
29523 1 10213
29545 1 2155
29548 1 1483
29571 1 1682
29574 1 745
29575 1 568
29596 1 1432
29601 1 707
29610 4 1172
29619 2 1879
29696 1 1829
29698 1 451
29701 1 334
29761 2 161
29813 1 1004
29821 1 906
29823 1 2631
29826 2 625
29833 1 835
29834 8 591
29846 2 615
29849 1 1105
29851 2 1758
29868 3 2187
29877 2 2973
29902 1 4620
30055 1 2125
30057 1 1443
30081 1 1275
30131 1 1922
30134 8 674
30184 1 113
30249 1 750
30264 1 238
30265 1 286
30266 1 665
30267 4 279
30268 1 274
30329 1 1008
30377 13 674
30379 1 1010
30383 2 1333
30389 1 679
30445 1 719
30465 1 221
30534 2 695
30542 1 612
30543 1 2733
30591 1 1307
30618 2 763
30635 1 2140
30639 5 8117
30694 2 444
30756 1 905
30772 8 576
30799 7 2179
30800 11 2230
30801 17 1675
30802 7 2179
30804 2 10416
30808 1 2494
30828 4 939
30862 1 588
30947 1 1608
30972 2 877
30974 15 990
30982 1 1788
31006 1 285
31042 2 226
31058 1 3446
31068 1 345
31085 1 2635
31094 2 7803
31130 1 793
31132 1 407
31137 1 4691
31154 1 493
31155 15 2064
31241 1 487
31252 1 521
31289 2 1482
31324 1 246
31350 1 1047
31360 1 3008
31377 2 507
31381 1 766
31392 1 114
31421 1 270
31429 3 1352
31498 1 355
31546 1 3809
31622 1 412
31632 1 1179
31648 7 413
31688 2 2740
31689 1 2682
31709 3 1133
31710 2 952
31738 1 1012
31772 1 1194
31825 4 3867
31893 1 981
31894 1 1015
31903 1 914
31913 1 1930
31927 1 1875
31949 1 6125
31951 1 962
31952 1 1105
31955 17 632
31957 2 1455
31973 1 1614
31974 8 846
32024 1 416
32035 3 1660
32046 15 2058
32205 1 687
32209 5 845
32217 1 1083
32241 1 5341
32248 1 886
32252 3 164
32274 3 543
32278 1 155
32291 2 3102
32304 2 2871
32309 2 412
32323 2 595
32354 1 1471
32355 1 1418
32357 1 1452
32363 1 495
32381 1 668
32399 2 1839
32415 8 804
32481 2 965
32581 1 1008
32616 1 838
32653 1 5663
32654 10 45225
32659 3 1206
32694 1 2647
32733 2 964
32752 1 2880
32756 2 1374
32822 1 2367
32884 1 458
32923 1 130
33016 6 88
33034 1 440
33041 2 1089
33069 2 3021
33075 1 1601
33083 1 1262
33087 1 797
33090 3 1529
33093 1 204
33094 1 204
33095 1 1520
33096 1 382
33097 1 819
33098 1 217
33099 1 218
33100 1 207
33101 1 214
33102 1 240
33103 1 225
33104 1 705
33105 1 277
33106 1 316
33107 1 1135
33150 1 2622
33151 1 2303
33169 2 721
33189 1 1759
33213 2 721
33243 1 944
33310 1 9499
33329 2 2558
33335 3 9267
33372 1 1921
33377 1 1162
33403 1 5506
33423 1 1474
33504 1 1979
33532 1 316
33537 1 82
33540 1 162
33554 3 180
33557 1 471
33582 1 1466
33594 1 893
33601 1 995
33602 1 742
33603 1 264
33641 1 2126
33657 1 1436
33693 1 445
33739 1 1711
33760 1 616
33862 1 998
33936 2 1150
33941 1 446
33942 1 1795
33943 1 2181
33944 1 1449
33983 1 392
33987 2 4548
33994 1 706
34002 10 1052
34022 1 1978
34044 2 800
34046 1 3718
34086 1 3765
34087 1 3646
34115 1 1103
34116 3 1053
34118 11 2699
34122 2 461
34177 1 1899
34178 10 2529
34208 1 2130
34225 1 1084
34232 1 734
34303 6 4581
34361 1 664
34396 4 5213
34400 3 1529
34408 1 1352
34462 1 1693
34465 1 5422
34481 1 3475
34484 1 1718
34490 3 1136
34496 1 1346
34503 1 1238
34505 1 3691
34514 1 2438
34525 1 1736
34526 1 2380
34585 2 192
34660 1 1031
34674 1 2253
34706 12 1801
34707 17 1676
34708 12 1716
34757 3 1160
34836 1 244
34849 2 601
34911 1 2148
34949 1 1920
34960 2 2476
35017 5 17687
35027 1 62
35038 1 749
35041 2 7162
35162 1 1127
35210 1 439
35215 8 258
35221 1 474
35257 1 388
35282 1 407
35292 1 330
35343 2 1162
35353 1 963
35354 1 581
35355 1 236
35356 1 479
35357 1 345
35362 5 286
35395 2 1776
35396 2 1669
35404 1 515
35415 1 1578
35429 1 1003
35453 2 262
35508 1 640
35524 1 2484
35538 1 1446
35551 2 362
35552 1 1138
35580 1 557
35593 1 794
35594 1 898
35604 1 365
35606 1 1070
35655 1 185
35687 1 909
35709 6 1257
35720 3 4608
35724 2 2406
35727 2 194
35752 1 1226
35773 1 1187
35774 1 3657
35789 1 399
35801 1 585
35825 1 3773
35840 2 5256
35846 6 1532
35852 2 3364
35867 2 601
35895 2 1498
35903 1 824
35912 1 357
35926 2 1322
35959 1 1220
35960 1 1879
36036 1 746
36038 1 1018
36039 1 700
36040 1 1563
36041 1 795
36054 1 189
36109 2 12698
36132 3 1034
36152 1 482
36159 1 579
36178 15 4277
36187 1 4259
36195 1 981
36221 1 559
36222 1 1383
36270 4 1047
36281 2 1467
36290 1 1878
36291 7 4374
36299 2 2612
36304 2 1491
36306 2 2219
36311 1 2920
36312 1 1698
36330 1 1117
36334 1 1139
36364 1 2554
36386 1 548
36416 2 1685
36455 1 2503
36481 1 741
36498 2 8241
36549 1 667
36595 1 745
36653 1 89
36682 1 2478
36704 1 204
36705 1 487
36706 1 236
36707 1 216
36708 1 780
36709 5 669
36710 1 283
36713 1 851
36729 1 1013
36731 1 885
36771 1 723
36796 1 1826
36809 2 702
36832 1 4358
36835 1 415
36848 1 328
36865 6 1497
36873 4 4539
36897 1 1300
36912 1 1844
36942 3 727
36945 19 21910
36956 1 4551
37023 2 2246
37046 1 995
37055 1 297
37059 27 735
37068 1 1051
37069 1 761
37089 1 528
37090 1 548
37091 1 1834
37140 1 1347
37172 2 2396
37177 1 10680
37187 1 3415
37189 2 1036
37219 2 418
37324 1 5244
37335 1 4505
37336 1 1229
37363 1 752
37400 1 1054
37409 1 2886
37415 1 5377
37434 1 6835
37469 3 977
37550 2 1723
37557 1 985
37560 2 337
37571 1 569
37584 1 1233
37603 1 558
37604 1 1897
37613 2 1538
37624 1 782
37625 1 2363
37627 1 1191
37677 1 486
37678 1 1076
37680 1 418
37683 1 1248
37685 1 2123
37686 1 2096
37694 5 3082
37696 1 1183
37704 3 472
37723 1 2373
37725 3 2498
37730 1 867
37737 1 1881
37738 2 991
37833 1 916
37856 1 3403
37889 3 4249
37928 3 3618
37950 17 1675
37951 11 902
37952 17 1675
37953 11 901
37954 11 902
37955 1 424
37958 1 1505
37964 1 2710
38004 1 2166
38087 1 1289
38089 3 3093
38157 1 3920
38162 1 7201
38181 2 1301
38187 9 1442
38189 13 3745
38201 1 1043
38261 3 1243
38264 2 683
38307 1 1626
38316 1 1756
38336 1 138
38401 2 506
38418 2 1491
38427 5 441
38428 1 774
38429 1 450
38448 1 6071
38520 1 1239
38527 1 482
38530 1 1502
38611 2 5792
38627 1 1433
38628 3 1814
38642 1 1372
38694 1 1649
38755 2 1706
38768 2 851
38786 1 2614
38787 1 1258
38788 1 863
38800 1 691
38803 1 1055
38804 2 1858
38806 3 730
38855 1 5137
38869 1 749
38877 1 1005
38901 7 944
38905 2 1096
38910 1 7766
38949 1 1160
38958 1 1370
38964 13 973
38980 2 307
38987 3 559
39001 1 4864
39055 4 288
39076 1 869
39126 1 1601
39163 1 879
39164 1 2936
39170 2 1347
39181 4 3063
39193 1 3626
39201 1 1223
39210 1 1517
39238 3 1675
39243 1 1097
39245 1 4290
39252 1 1207
39276 5 3501
39278 5 5705
39279 5 5440
39328 1 778
39332 1 702
39433 1 1508
39471 6 1340
39497 3 5496
39511 4 1178
39541 1 883
39561 1 896
39581 1 707
39613 1 900
39710 1 226
39717 5 236
39735 5 173
39774 2 1715
39778 2 266
39800 1 1463
39818 1 368
39852 1 170
39887 2 2182
39918 1 778
39934 1 1007
39944 1 216
39945 1 842
39946 3 1267
39947 1 220
39948 1 219
39949 1 413
39950 1 431
39951 1 189
39952 2 1363
39978 1 30166
40007 1 1943
40016 5 1388
40019 1 659
40033 6 2140
40035 1 1005
40093 4 4751
40098 2 1634
40099 5 1540
40159 2 959
40175 1 393
40177 1 412
40199 1 1194
40238 1 1053
40287 1 10480
40306 1 876
40311 1 410
40320 1 7910
40336 1 1079
40350 3 624
40398 1 739
40412 3 2785
40424 1 757
40425 1 620
40445 7 1917
40471 1 1576
40496 1 3146
40541 2 4650
40579 6 4144
40591 1 872
40595 1 1611
40625 1 980
40630 2 5684
40637 4 7547
40643 1 155
40665 3 1612
40671 1 872
40695 1 8337
40720 1 1380
40722 1 1210
40738 1 1070
40764 1 793
40768 1 619
40787 3 597
40801 1 436
40811 1 552
40843 1 495
40891 3 1470
40893 1 1136
40897 1 2888
40902 2 1290
40953 2 841
40959 3 5445
40975 4 814
40979 3 841
40993 9 3833
41006 2 293
41029 2 1155
41046 2 277
41059 2 283
41060 1 2541
41065 1 391
41069 1 600
41137 2 1577
41142 1 625
41144 7 486
41174 2 687
41183 1 4967
41184 1 7879
41210 3 882
41240 1 2190
41259 1 862
41263 2 2085
41264 4 707
41286 1 632
41426 2 4541
41427 2 4567
41448 1 700
41502 1 150
41524 2 2455
41530 1 673
41620 2 603
41626 2 504
41682 1 2132
41688 2 1836
41690 1 202
41692 1 920
41693 1 234
41694 1 657
41695 1 484
41696 1 1507
41697 1 257
41698 3 3701
41719 1 632
41720 1 1655
41734 3 1494
41738 1 1731
41742 1 1669
41779 1 683
41788 1 362
41818 1 3884
41824 1 848
41826 2 2287
41833 1 606
41837 1 1734
41862 1 1027
41863 8 758
41865 1 1487
41886 1 1090
41915 4 338
41935 3 1302
42028 1 3931
42030 1 2922
42046 1 1022
42051 1 2366
42058 2 1781
42080 1 421
42081 1 414
42088 2 1078
42135 1 5733
42150 1 2706
42171 3 1306
42223 1 954
42237 2 1264
42249 1 95
42259 2 570
42293 1 746
42299 1 1013
42363 4 628
42374 15 1702
42473 2 3755
42504 2 876
42509 1 563
42510 2 1487
42538 2 1565
42539 1 472
42559 1 2800
42567 1 3374
42569 1 3491
42573 1 1180
42582 2 1649
42589 1 1045
42593 1 2229
42599 1 1553
42600 1 2138
42601 1 2101
42627 2 1127
42629 2 3606
42630 1 2369
42632 1 2515
42652 1 2519
42653 1 2753
42670 1 1290
42683 1 5788
42751 1 718
42752 1 1192
42753 5 973
42776 2 1111
42818 2 1646
42819 1 605
42820 4 2822
42837 14 2818
42846 10 1285
42852 1 512
42853 1 598
42884 1 1169
42918 1 435
42928 3 2793
42953 1 212
42957 1 640
42959 2 5863
42960 1 7453
42985 4 867
43013 1 554
43041 2 453
43044 1 1869
43093 2 440
43101 4 933
43103 1 506
43251 2 788
43273 1 661
43315 2 377
43326 1 1789
43332 1 994
43346 1 1387
43392 1 451
43448 6 5826
43456 5 1012
43459 1 528
43460 1 786
43461 1 828
43462 1 732
43477 2 22611
43496 1 2079
43497 1 1986
43546 2 1261
43547 2 1029
43573 5 393
43591 3 1736
43637 1 1684
43658 1 779
43727 1 428
43730 3 1965
43764 1 9601
43784 1 1234
43798 1 5617
43837 2 3115
43861 3 1888
43943 1 2720
43950 1 525
43951 1 1398
43960 1 1986
43962 2 891
43978 10 1288
43995 1 1181
43999 4 5400
44044 1 339
44059 1 1070
44145 1 1893
44177 1 567
44210 1 1542
44212 1 1650
44310 2 512
44324 5 1220
44362 4 3685
44388 1 204
44389 1 1440
44394 2 2869
44406 1 1519
44413 2 452
44421 1 832
44423 1 2828
44493 1 199
44507 1 350
44555 1 196
44562 1 430
44729 1 663
44752 1 624
44758 5 2521
44767 1 382
44768 4 2523
44769 19 566
44772 1 608
44785 1 2432
44788 1 1806
44792 4 3157
44795 1 1052
44812 1 1515
44816 3 1244
44830 1 458
44876 2 3240
44910 4 715
44913 6 1392
44954 9 8549
44955 5 7733
44956 2 7041
44957 6 10010
44962 2 1439
45067 2 948
45208 1 1331
45223 1 548
45261 1 7633
45262 2 6033
45312 1 680
45382 1 1185
45408 1 678
45459 1 587
45594 1 586
45611 1 1534
45612 1 425
45626 31 399
45729 1 497
45767 2 467
45772 1 250
45788 1 709
45826 4 8235
45839 1 1004
45840 1 237
45841 1 283
45842 1 485
45843 1 594
45851 2 2388
45880 1 2642
45906 2 1209
45935 4 4684
45966 1 349
45972 2 1715
45978 1 2264
45985 1 689
46008 1 1836
46075 1 1119
46116 2 5154
46147 5 2188
46165 3 498
46166 1 621
46213 2 642
46331 2 4197
46369 1 5238
46424 1 741
46432 1 3117
46455 1 1168
46509 1 2154
46515 1 757
46525 1 984
46532 3 2752
46536 1 1419
46538 1 1327
46545 1 1493
46565 1 787
46611 1 2127
46629 4 674
46641 2 605
46661 1 5001
46694 2 3602
46695 1 1088
46697 1 1569
46699 2 1461
46702 2 1312
46747 1 657
46759 3 2714
46771 1 1801
46779 2 1776
46780 1 1725
46781 3 3752
46782 1 1711
46783 1 2182
46784 1 2048
46827 1 830
46832 1 765
46843 2 614
46873 2 999
46919 2 708
46920 1 1431
46937 1 1271
46955 16 863
46962 17 1676
46963 9 1830
46964 17 1676
46968 3 1661
46995 1 443
46998 1 1512
47011 2 879
47111 1 966
47137 1 1329
47143 1 411
47153 11 1159
47161 1 1358
47194 1 2096
47212 3 491
47223 2 696
47243 1 770
47245 14 6757
47256 1 922
47275 2 299
47295 1 362
47362 1 931
47369 1 791
47382 2 6307
47398 1 5716
47422 1 932
47440 4 1137
47447 2 3095
47459 1 8496
47524 3 817
47526 1 967
47546 2 1613
47547 2 1528
47548 2 1393
47554 2 912
47748 1 6961
47749 1 7411
47751 1 483
47753 1 250
47777 1 852
47780 2 5199
47790 2 1897
47796 2 779
47848 2 2980
47857 1 572
47861 1 1318
47879 1 599
47889 1 1064
47898 6 1891
47925 1 1584
48037 2 1203
48069 3 3129
48078 1 11919
48090 1 425
48111 1 2300
48149 1 949
48154 4 2396
48158 1 498
48176 1 708
48194 3 1229
48197 1 8238
48241 1 186
48256 1 1990
48268 1 5058
48269 1 11120
48293 1 739
48308 2 1162
48335 3 905
48416 1 1759
48434 3 1143
48483 1 13114
48485 1 924
48489 1 2490
48490 1 1046
48502 2 719
48506 1 1340
48507 1 1533
48508 1 1328
48510 2 1499
48511 1 505
48513 1 726
48536 2 1211
48547 1 4836
48558 1 622
48564 3 1430
48588 2 235
48596 1 938
48632 1 3473
48638 41 1013
48650 1 6532
48651 1 3561
48658 2 425
48673 8 6093
48680 1 695
48689 1 4283
48698 1 5259
48718 1 536
48719 2 243
48728 1 2201
48778 1 1664
48853 1 287
48861 2 789
48898 3 2208
48905 1 1954
48919 2 5467
48926 1 1147
48948 1 1194
48953 2 1506
48959 3 1293
48960 1 2073
49004 1 904
49050 1 3091
49051 9 3490
49073 1 1915
49093 6 901
49101 1 1412
49113 2 1472
49117 2 563
49176 1 11069
49232 2 5655
49247 1 1129
49251 1 625
49349 1 2177
49357 1 584
49375 2 11530
49376 2 5243
49445 2 1014
49454 2 2489
49472 1 836
49482 1 1172
49526 1 735
49606 1 821
49646 1 647
49698 4 1736
49699 1 561
49743 1 700
49747 1 512
49766 1 1245
49799 2 1576
49807 1 338
49870 1 1382
49871 4 763
49883 1 2198
49890 1 982
49896 1 1614
49897 1 901
49904 1 1193
49905 4 2350
49931 1 2794
49957 1 375
49971 1 2684
49984 1 1693
49992 1 1485
50027 2 1114
50029 1 1476
50030 2 2358
50043 2 1102
50117 3 695
50188 2 1166
50196 2 3087
50200 1 1454
50201 1 1131
50202 1 1056
50203 1 980
50205 1 7146
50207 1 2916
50230 1 1104
50261 3 649
50280 1 1252
50282 3 1250
50298 9 1458
50323 1 672
50328 1 1690
50338 2 946
50354 4 2188
50427 1 702
50428 1 1275
50429 1 2393
50430 1 2601
50431 1 1740
50441 1 1469
50459 1 1672
50502 1 891
50527 2 1391
50558 2 1035
50566 1 177
50567 1 193
50597 3 2594
50599 9 5431
50641 11 2091
50716 5 849
50741 5 1509
50780 2 1361
50782 1 1453
50794 2 404
50796 1 1698
50801 2 548
50834 1 3519
50882 2 1190
50895 1 2073
50902 1 1707
50905 1 1545
50928 1 384
50965 1 819
50984 1 1008
51000 2 1757
51017 1 3675
51056 1 583
51060 1 1311
51101 1 2052
51127 1 434
51129 1 1097
51149 2 3086
51184 1 1372
51187 1 1399
51206 1 3478
51208 1 859
51236 25 1936
51250 2 1357
51468 1 571
51495 2 928
51523 6 1944
51643 1 114
51648 1 642
51657 1 1524
51677 1 538
51678 1 402
51679 1 867
51680 2 385
51772 1 1416
51773 1 166
51778 6 2441
51782 4 389
51796 2 1282
51820 8 363
51827 1 2148
51839 1 9735
51840 1 511
51845 1 1135
51920 1 1191
51934 1 1088
51966 1 593
51977 1 1239
51978 1 8282
52017 1 975
52030 2 1803
52033 1 1709
52149 2 1612
52206 1 645
52231 1 759
52247 2 359
52248 2 702
52249 6 716
52250 2 701
52251 2 694
52284 2 1780
52322 1 249
52345 3 3783
52357 3 308
52374 1 237
52394 2 897
52396 1 4756
52410 1 1022
52421 1 1746
52449 1 3942
52457 4 4403
52472 1 1216
52501 1 1203
52502 1 6875
52511 2 608
52527 1 399
52541 1 3260
52557 3 5509
52559 7 2209
52560 7 2179
52647 1 888
52716 1 353
52726 1 307
52772 4 119
52803 3 1669
52874 2 243
52893 1 85
52898 1 377
52914 1 461
52941 1 3400
52949 1 206
52950 1 210
52951 1 189
52952 1 206
52953 1 238
52954 1 211
52955 1 231
52956 1 387
52957 1 282
52958 1 327
52959 1 251
52960 1 685
52961 5 476
52962 1 272
52963 1 794
52966 1 462
52968 1 814
53009 3 1486
53023 1 6088
53032 3 739
53047 5 1702
53099 3 3241
53111 1 3883
53140 5 4214
53142 1 754
53162 1 962
53206 1 987
53222 1 1412
53229 1 714
53236 1 3296
53238 12 999
53242 1 4792
53261 1 1586
53262 1 904
53263 1 715
53301 1 417
53302 1 412
53386 2 3714
53398 1 1658
53442 1 8599
53469 1 2932
53479 3 1784
53480 3 394
53558 3 5589
53596 2 1721
53647 1 688
53661 1 624
53690 1 426
53721 2 553
53742 1 1066
53764 1 660
53768 1 2855
53794 1 2430
53837 1 3485
53856 1 1385
53859 1 1138
53870 3 410
53904 2 1250
54107 1 800
54108 1 992
54131 1 570
54142 1 2860
54147 1 1217
54163 1 685
54164 1 594
54183 1 2128
54200 2 3379
54208 2 1198
54219 1 1337
54282 2 865
54327 1 1517
54336 1 727
54355 12 10248
54358 2 843
54389 1 756
54390 1 442
54399 4 5059
54438 1 277
54445 4 950
54459 2 370
54483 1 1091
54510 1 1065
54511 1 1251
54512 1 1202
54513 1 694
54514 1 1299
54515 1 1003
54516 1 629
54525 2 1307
54529 1 916
54531 1 802
54558 4 1040
54586 1 1015
54597 1 335
54640 1 1444
54662 1 422
54910 1 1293
54949 4 1656
54966 11 6126
54992 2 722
55008 1 470
55028 2 74
55054 1 4966
55084 1 1403
55113 1 1550
55146 1 2594
55312 1 747
55411 1 830
55433 1 1983
55475 17 1180
55495 1 174
55517 2 1625
55536 10 49965
55537 1 7693
55538 2 7491
55584 1 1087
55595 22 1215
55619 1 988
55664 1 811
55668 1 780
55669 1 315
55675 4 1312
55678 1 916
55777 1 349
55913 1 1188
55914 1 956
55915 27 1378
55919 1 3288
56070 1 503
56136 1 191
56142 1 393
56153 1 237
56175 1 8425
56189 1 1843
56191 3 2260
56223 4 5116
56237 1 149
56254 3 2455
56255 3 2455
56287 1 965
56424 1 1256
56449 1 596
56453 2 380
56461 1 755
56492 1 416
56506 2 932
56512 1 1050
56524 1 4137
56530 1 553
56559 1 762
56607 1 2013
56611 1 767
56630 3 3641
56634 1 744
56664 1 329
56666 1 912
56674 1 701
56698 2 1186
56705 1 2241
56746 1 1394
56771 1 2565
56782 2 788
56821 1 6607
56822 2 4110
56825 1 1188
56848 1 404
56851 1 778
56853 2 915
56854 2 965
56860 1 1462
56861 1 1250
56866 1 1626
56868 1 485
56877 1 1601
56886 1 887
56961 1 7535
56962 1 422
56977 1 660
56979 1 925
56994 1 966
57001 1 7758
57018 2 429
57226 1 11510
57234 1 66
57250 1 634
57372 1 2559
57388 1 3103
57393 1 1081
57429 2 937
57439 1 1505
57440 2 1299
57471 5 1255
57489 1 302
57518 8 3333
57529 1 31
57530 5 2185
57639 4 1276
57662 2 1009
57745 2 595
57753 5 254
57756 1 588
57757 1 1344
57769 1 3472
57774 1 582
57788 1 1324
57790 1 415
57818 2 3557
57821 3 4929
57827 1 1465
57829 1 2379
57830 1 1053
57833 1 2030
57847 1 1952
57878 1 3882
57880 1 956
57886 1 1002
57906 1 1412
57915 1 2190
57936 1 317
57968 3 880
57980 3 898
58186 1 539
58204 2 1235
58214 1 1211
58308 1 1579
58311 7 723
58315 4 2480
58383 2 1351
58439 2 834
58449 8 967
58451 3 1894
58460 1 641
58462 3 1526
58491 1 914
58553 1 1944
58698 1 1423
58740 1 536
58745 1 525
58762 3 4573
58763 1 813
58769 1 1152
58836 1 2335
58838 2 3151
58840 3 3131
58847 1 2073
58890 3 1405
58891 1 1447
58892 1 1567
58893 1 1474
58898 4 2227
58921 1 481
58922 1 536
58929 1 1342
59063 7 3059
59179 2 1184
59209 1 2825
59210 2 1617
59225 2 6473
59251 5 6070
59288 1 368
59291 1 602
59299 1 485
59303 2 386
59310 1 1560
59316 2 1089
59356 1 1554
59357 1 1573
59392 3 977
59395 6 1240
59402 1 4509
59406 1 1386
59430 2 3685
59442 1 1743
59447 2 836
59448 2 1068
59451 1 839
59467 1 4546
59483 2 1269
59485 1 745
59494 1 2310
59500 1 671
59527 1 1590
59558 1 322
59561 1 4211
59563 1 2110
59564 1 1594
59565 1 1703
59579 2 1012
59581 1 1325
59588 3 1547
59600 1 794
59626 1 2003
59627 3 4734
59629 4 2062
59630 3 5288
59633 1 4221
59641 1 4053
59651 1 1919
59679 1 2650
59688 1 331
59689 5 2525
59690 7 2297
59691 3 2592
59692 1 664
59732 1 921
59770 2 1910
59771 2 2668
59810 2 741
59812 1 1458
59813 1 1702
59814 1 980
59836 1 1097
59852 2 1110
59868 2 1987
59879 1 1719
59896 1 77
59906 2 889
59975 1 1343
59976 1 732
59989 2 783
60015 1 581
60031 5 2148
60037 1 4344
60040 1 5727
60045 2 920
60053 5 1816
60054 3 1227
60059 2 721
60070 2 2663
60079 4 1270
60087 1 850
60089 1 336
60096 2 636
60152 2 7811
60186 1 880
60190 8 279
60234 2 909
60235 1 821
60236 1 760
60238 1 1338
60239 1 1030
60240 1 1594
60241 1 709
60246 2 430
60263 1 499
60325 2 441
60328 1 1340
60351 1 2113
60371 1 3906
60375 1 1930
60436 1 253
60484 1 428
60507 1 4075
60534 1 988
60558 2 453
60559 7 976
60560 3 994
60561 3 997
60564 1 660
60592 1 623
60601 1 354
60682 1 472
60686 1 1454
60713 3 3384
60748 1 6845
60754 1 712
60789 1 1758
60815 1 2171
60819 1 736
60822 1 5864
60833 1 979
60852 1 1600
60862 9 4275
60963 6 3508
61049 1 243
61080 1 238
61114 1 140
61170 1 677
61182 1 699
61194 2 1390
61195 1 1379
61213 5 1171
61255 1 4815
61268 1 2756
61331 6 2243
61358 1 671
61361 1 1202
61369 6 715
61402 2 202
61411 1 612
61465 2 1295
61502 2 1871
61511 1 2320
61554 5 958
61566 1 523
61600 1 573
61617 1 2377
61628 1 7244
61630 1 1422
61645 1 805
61664 1 3204
61682 1 1474
61702 2 783
61720 1 970
61732 1 169
61770 1 1373
61810 1 890
61820 1 5698
61824 3 4512
61826 4 3738
61833 3 7073
61862 1 5528
61876 1 2252
61877 1 2841
61878 1 2819
61879 1 2166
61880 1 2723
61881 1 2444
61892 1 3071
61905 1 1182
61910 2 1215
61924 1 6503
61945 1 264
61967 2 548
61970 1 694
61984 2 487
61988 3 1244
62005 3 2659
62009 1 1118
62013 2 1235
62015 1 636
62041 1 1021
62057 2 601
62082 1 1641
62085 1 734
62086 1 1048
62136 1 1682
62149 1 491
62152 3 2461
62174 1 821
62180 3 838
62190 1 838
62241 5 6098
62258 3 2177
62346 6 682
62350 1 671
62358 1 1453
62359 1 1342
62360 1 1370
62395 2 75
62407 1 859
62410 1 622
62417 14 11638
62425 1 959
62552 1 1225
62571 2 618
62650 6 1065
62729 1 2162
62785 3 1476
62827 1 1510
62838 1 1603
62851 1 1797
62880 1 555
62894 1 357
62929 1 5384
62945 1 1603
62946 1 1601
62947 1 1604
63047 1 1890
63158 1 912
63165 3 2124
63197 1 7220
63241 3 258
63252 1 483
63260 1 1010
63265 1 1866
63284 1 92
63341 2 1591
63344 2 218
63366 5 796
63419 1 1505
63422 1 617
63499 1 318
63555 2 7057
63632 1 298
63634 6 5269
63642 6 91
63693 1 792
63694 1 288
63706 1 1710
63724 2 583
63725 3 591
63777 1 2978
63792 1 1726
63797 1 817
63803 1 2123
63832 1 1265
63886 2 140
63894 1 592
63900 5 979
63902 1 911
63912 2 601
63914 1 143
63915 1 1055
63924 1 1454
63926 1 1163
63938 1 2930
63962 1 3096
63965 1 1353
63966 2 1281
63972 1 1998
63986 1 1741
63987 1 1321
64009 4 3743
64015 1 2612
64018 1 997
64021 2 4309
64032 1 1854
64052 4 2458
64053 4 2458
64075 2 1250
64076 2 1250
64094 1 3694
64100 2 1352
64191 1 452
64265 1 204
64282 1 988
64284 1 551
64295 1 1792
64310 8 2705
64353 1 107
64380 1 547
64417 1 860
64491 1 1559
64496 2 760
64542 1 1329
64543 1 1339
64547 7 510
64568 1 453
64587 2 1027
64595 1 534
64647 1 7320
64653 3 1553
64902 2 499
64906 2 504
64915 1 533
64923 1 828
64935 1 1041
64936 3 1450
64949 1 631
64951 1 1419
64952 2 1538
64958 1 1118
64975 6 318
65020 16 571
65034 1 3956
65041 1 1469
65043 1 1343
65071 3 1082
65099 1 2357
65101 2 540
65108 1 1542
65113 1 1073
65120 3 2332
65129 1 15643
65249 2 541
65250 1 1431
65272 2 2484
65354 1 1071
65371 1 616
65478 6 450
65515 1 1671
65516 1 1590
65524 1 1206
65545 1 796
65565 1 1270
65579 1 744
65582 1 731
65590 1 407
65660 1 1148
65672 1 1726
65684 2 17249
65690 11 1167
65700 1 1274
65701 1 1209
65757 1 1393
65813 1 1982
65825 2 909
65836 1 1184
65936 6 1413
65937 1 1474
65940 1 1495
65947 1 662
65949 1 1541
65976 3 2618
65990 1 4364
65999 1 7992
66001 2 1533
66002 7 1623
66003 2 1673
66004 2 1492
66005 2 1390
66010 1 955
66012 5 1659
66100 1 430
66101 1 742
66131 2 177
66142 1 1075
66156 1 2338
66158 1 608
66188 2 5739
66189 1 7316
66201 1 1133
66224 1 1001
66234 1 1935
66235 28 743
66394 1 685
66409 1 1827
66421 7 437
66490 3 754
66491 1 817
66492 1 783
66493 1 705
66494 1 1016
66590 1 1614
66610 1 1775
66619 1 2672
66658 4 301
66662 1 642
66669 2 1314
66677 1 1321
66722 1 276701
66723 2 1267
66734 2 1280
66776 1 1404
66801 1 3195
66804 2 577
66806 1 3247
66832 3 1718
66833 1 1190
66842 1 731
66855 2 1150
66870 1 2566
66875 2 578
66884 3 3426
66897 1 2315
66928 1 886
66973 2 1116
66975 2 1249
66990 3 509
66993 6 1773
67002 6 6563
67013 1 888
67022 2 1087
67031 1 5324
67045 1 805
67054 3 2805
67064 3 661
67094 1 591
67100 1 1098
67103 4 558
67109 1 239
67213 2 2231
67214 2 767
67218 2 1147
67219 1 8613
67265 1 2055
67266 1 4007
67273 1 1989
67280 3 506
67359 4 3255
67363 1 666
67364 5 1105
67365 2 1630
67366 1 698
67367 1 627
67368 1 417
67373 1 883
67391 2 4824
67406 1 1549
67408 1 5567
67409 1 5448
67410 1 7180
67466 1 511
67573 4 2299
67581 1 435
67607 1 256
67608 1 256
67609 1 256
67610 1 256
67611 1 626
67622 1 384
67721 1 1030
67756 3 5291
67807 10 623
67811 2 686
67820 1 1312
67833 2 1022
67859 2 1130
67869 1 1785
67877 1 355
67878 2 1072
67891 1 810
67900 2 1945
67903 1 1428
67910 11 234
67930 1 1193
68005 1 1868
68008 3 1300
68014 1 456
68033 1 1042
68034 1 1526
68035 1 897
68036 1 1457
68037 1 1299
68054 2 542
68071 2 746
68116 1 4818
68157 1 1827
68159 1 6709
68161 1 1742
68187 1 592
68217 2 5161
68233 2 522
68261 1 1258
68263 1 5972
68305 1 3491
68329 13 1531
68331 1 567
68355 5 1716
68379 1 1093
68394 4 2458
68395 4 2458
68409 2 1250
68435 1 1168
68442 1 971
68446 1 3669
68574 4 151
68609 1 57
68630 1 12
68643 1 572
68655 1 157
68660 1 1533
68681 6 4179
68682 12 354
68691 1 2365
68702 1 1708
68708 1 6905
68713 1 3702
68734 2 1218
68765 1 6394
68776 1 1328
68785 14 204
68812 12 10319
68815 3 1058
68846 1 1502
68876 1 1494
68900 3 3607
68938 1 1260
68939 1 1221
68956 2 2895
68964 1 11197
68967 1 839
68982 1 2244
69047 1 550
69050 1 768
69058 2 19
69292 1 60
69299 1 50
69314 1 704
69352 1 834
69354 2 801
69356 1 588
69372 1 1567
69413 1 538
69425 1 1792
69431 1 3095
69432 2 3080
69444 1 722
69472 1 1422
69484 2 684
69512 1 316
69528 1 1563
69530 1 3436
69544 2 545
69546 1 1049
69548 9 1818
69695 1 846
69701 1 1593
69822 2 877
69825 2 2564
69836 1 1161
69837 1 747
69841 1 350
69854 11 1006
69872 2 4385
69887 1 3269
69913 1 7379
69914 1 7296
69990 2 3720
69998 1 964
70017 2 624
70020 3 1127
70025 1 463
70027 1 1101
70036 1 592
70044 1 512
70093 1 507
70206 1 901
70207 3 10208
70208 2 1316
70209 6 566
70210 5 5060
70219 1 767
70251 1 204
70252 1 662
70253 1 626
70254 1 223
70255 1 214
70256 1 389
70257 1 714
70258 1 306
70264 1 2207
70300 2 1009
70302 1 1840
70303 1 1436
70333 2 1397
70351 1 1891
70375 2 1033
70376 2 1020
70409 1 1089
70415 30 2495
70420 1 452
70435 6 3103
70471 1 1666
70534 1 5509
70538 1 171
70596 14 770
70609 1 881
70625 1 1059
70632 1 1096
70700 5 756
70745 1 1602
70841 1 8361
70855 2 5396
70880 1 2104
70881 1 1568
70918 2 618
70938 1 1184
70960 1 2677
71017 1 298
71022 1 2146
71055 1 1435
71060 1 2450
71078 2 9605
71080 1 1970
71097 1 598
71134 1 857
71149 1 983
71156 2 563
71174 1 836
71235 1 764
71256 1 1259
71257 1 2362
71258 1 1385
71259 1 1522
71260 1 1108
71261 1 1189
71270 1 422
71306 2 1543
71310 6 845
71312 1 2042
71322 1 1708
71334 1 2239
71354 2 687
71378 1 558
71379 1 718
71380 2 1120
71421 2 1040
71427 1 1053
71524 1 1115
71534 1 2382
71548 1 2973
71555 2 601
71567 1 4513
71618 1 1274
71670 3 495
71676 1 2168
71705 12 10258
71726 1 906
71740 1 674
71798 1 292
71849 1 1027
71856 1 1198
71857 1 596
71860 3 1550
71916 1 1640
71920 1 799
71961 1 1227
72011 1 1094
72045 2 2213
72050 1 1296
72073 1 413
72074 1 560
72075 1 272
72076 1 614
72098 1 19912
72143 1 575
72148 1 300
72149 1 318
72150 1 550
72158 2 891
72174 3 315
72232 1 1430
72239 1 454
72271 1 1759
72272 1 1892
72278 1 1211
72282 1 2243
72295 2 2968
72306 1 2081
72307 1 3276
72320 1 1701
72327 2 746
72344 1 815
72349 1 788
72351 1 1344
72384 12 268
72386 2 566
72393 7 834
72396 2 2100
72400 1 1090
72412 3 14176
72413 2 1983
72421 2 693
72481 1 1701
72484 1 1254
72485 1 565
72619 1 5216
72623 1 746
72658 2 1397
72691 6 1208
72797 1 2288
72815 1 1450
72816 1 1634
72826 2 1996
72828 8 2935
72873 1 3122
72877 1 996
72881 1 587
72883 2 1574
72886 1 1142
72899 2 20275
72907 1 826
72916 2 1335
72920 3 5462
72929 1 3019
72930 1 2073
72931 1 1959
72932 1 1652
72933 1 2224
72934 1 2319
72935 1 2042
72936 1 2099
72937 1 2290
72942 1 822
72962 1 922
72974 1 2607
73008 2 5555
73014 1 1378
73032 1 1083
73033 1 1060
73047 2 694
73087 1 217
73107 1 809
73117 1 1006
73181 1 586
73183 5 2442
73187 1 1091
73193 2 1571
73194 2 906
73207 1 1418
73221 2 4913
73222 1 3558
73227 1 972
73242 1 426
73269 2 1625
73276 1 7711
73289 1 555
73347 1 2316
73381 1 770
73415 3 996
73423 1 511
73426 4 1568
73449 1 632
73464 1 997
73520 10 1589
73644 3 2945
73651 1 334
73655 1 1423
73726 6 552
73734 1 605
73756 5 962
73762 1 2217
73799 5 6946
73830 1 418
73849 3 512
73858 2 2247
73870 3 1054
73886 2 1408
73910 1 200
73911 1 1008
73912 1 868
73913 1 221
73914 1 331
73949 1 3890
73956 7 2798
73961 1 2232
73973 2 800
74031 2 970
74095 1 807
74160 1 829
74272 2 459
74346 1 1835
74368 1 3668
74370 1 1237
74372 1 1337
74396 13 657
74441 1 390
74446 2 1773
74447 1 1260
74449 1 1802
74465 1 1145
74468 2 1344
74537 7 549
74546 1 763
74552 2 1233
74568 1 359
74572 1 8808
74582 1 602
74584 1 1755
74622 1 882
74623 1 720
74624 1 819
74629 1 1610
74645 1 6253
74654 1 1485
74657 3 2670
74660 1 2184
74665 4 2881
74671 1 919
74743 3 1598
74744 3 746
74750 1 2927
74764 1 1349
74765 1 1246
74793 1 1712
74794 1 1782
74795 1 2070
74803 3 6144
74806 6 5040
74852 2 792
74871 1 1759
74875 1 297
74881 1 1243
74910 1 1633
74931 1 2115
75047 1 1177
75093 1 1237
75111 1 2479
75128 6 1475
75138 2 689
75146 1 1593
75156 1 607
75166 3 1252
75169 1 9895
75180 1 416
75200 1 1348
75205 2 3189
75218 11 261
75245 2 1375
75295 3 2546
75298 1 867
75300 1 446
75321 1 225
75403 2 317
75423 1 1748
75436 2 173
75480 1 479
75499 13 808
75509 1 284
75522 1 555
75534 3 9607
75557 1 893
75675 1 320
75836 1 992
75861 2 181
75870 1 115
75902 1 460
75923 2 499
75931 1 1439
75942 1 208
75943 1 1318
75944 1 223
75945 1 609
75946 1 350
75947 1 418
75948 1 355
75949 1 980
75979 1 282
75985 2 1505
76097 6 1243
76100 1 976
76104 1 2832
76105 1 6146
76106 5 4999
76128 1 277
76138 2 3341
76141 1 326
76162 1 3412
76213 1 538
76214 1 1592
76228 1 2247
76245 3 6436
76299 4 25
76302 2 1858
76332 1 421
76340 2 3506
76348 1 602
76350 3 516
76354 2 3077
76368 1 1834
76374 1 556
76375 1 1176
76436 1 1234
76449 1 6086
76471 1 824
76481 2 4881
76503 1 1066
76504 1 637
76509 6 737
76511 1 561
76519 1 3579
76521 3 1643
76529 2 10440
76593 1 1119
76626 9 4388
76687 1 738
76692 1 810
76706 1 765
76723 1 813
76748 2 801
76751 2 953
76753 1 3309
76762 11 7340
76767 3 637
76780 1 5196
76793 1 5567
76851 1 1663
76856 2 1057
76870 3 1214
76921 3 384
76938 2 290
76939 2 278
77016 10 2119
77025 2 2461
77028 1 969
77039 1 874
77058 1 1110
77081 1 1905
77086 3 5533
77088 1 4377
77094 2 2168
77108 2 1362
77109 2 806
77124 1 3644
77136 2 3236
77139 7 7313
77145 1 1172
77156 1 807
77158 1 1076
77163 1 1994
77170 1 1984
77180 1 5716
77253 1 1729
77266 5 607
77269 1 1124
77398 2 3728
77411 1 3629
77435 4 804
77443 3 2709
77456 12 13066
77463 1 1315
77472 2 1959
77584 5 1387
77595 2 1498
77605 1 1191
77621 2 1859
77629 1 247
77638 1 332
77658 13 1463
77805 1 2119
77807 1 5880
77816 1 2167
77834 7 3498
77835 2 857
77857 1 708
77864 1 749
77904 1 1498
77910 2 101
77933 2 788
77944 3 860
77962 7 3614
78101 1 646
