dilat dilat 87 65215343 
430 2 3354
978 2 479
1210 1 703
1573 4 2363
1767 1 13095
1956 1 3792
3109 2 3299
6013 2 2929
9637 1 1514
9729 1 776
10911 1 1405
11288 2 9962
13229 2 3224
15576 2 2773
17590 1 6514
19115 1 1346
20211 1 1460
22526 3 2933
22888 1 885
26050 1 1792
29414 1 1661
31040 1 1514
31518 1 5634
31949 1 6125
32295 2 3206
32297 2 3273
32298 2 3261
37411 1 375
38349 3 956
40637 1 7547
44439 4 2467
44749 1 849
44877 1 2904
45822 1 1426
47035 1 1907
48545 1 3140
50207 1 2916
50541 1 2524
51211 1 1371
52109 1 3805
52493 1 2748
53650 2 1107
55066 2 3616
55068 2 3268
56244 1 749
56866 1 1626
58837 2 3342
59442 1 1743
59706 1 1415
60277 3 2988
63691 3 2596
63908 1 588
67318 1 1620
68560 1 198
70231 1 2953
70345 1 930
71303 1 1741
72556 1 1250
77879 1 2977
