blogger blogger 7573 65215343 
28 1 2843
32 1 850
44 2 1058
104 3 1022
116 1 897
117 2 6480
174 1 979
183 1 998
186 1 774
190 1 734
213 1 495
232 1 515
238 2 1183
242 2 2344
248 1 5568
256 1 8243
276 3 1471
290 1 60
363 7 1011
364 3 993
372 1 811
375 3 10166
388 2 1479
406 1 1543
436 1 918
437 1 480
461 1 5431
468 1 1097
471 1 3108
496 2 1144
528 5 1240
529 1 6629
556 1 3813
557 2 3639
614 1 539
633 2 1134
668 2 2059
671 1 998
747 22 1037
865 1 876
872 2 1329
895 5 1608
901 1 862
902 3 1246
906 1 1896
922 2 1765
960 1 2769
964 3 3624
965 1 2365
967 4 4480
989 1 1444
992 1 3872
1007 1 1576
1049 2 2440
1052 1 3416
1085 2 5635
1090 2 1121
1100 1 633
1118 1 2305
1153 1 6533
1159 1 1368
1169 1 1187
1178 1 1530
1183 1 555
1220 1 1617
1231 1 4288
1283 1 1543
1312 1 1931
1327 2 767
1361 1 1013
1367 3 4065
1373 2 1192
1375 1 1253
1391 4 932
1399 1 1117
1431 2 3318
1433 1 1522
1435 1 3772
1455 1 623
1470 4 960
1484 1 6578
1510 2 1264
1518 1 545
1526 1 828
1528 1 1875
1585 1 1512
1624 1 1327
1637 4 678
1648 1 2206
1652 1 1683
1657 4 2153
1674 2 1844
1726 1 2436
1730 1 1157
1761 2 309
1767 1 13095
1816 3 5747
1834 1 1298
1871 1 1031
1873 1 824
1877 1 2064
1885 1 602
1886 1 1366
1917 2 580
1953 1 730
1954 1 671
1955 1 1191
1999 1 665
2000 1 151
2083 2 4561
2128 1 1868
2143 1 1938
2154 1 710
2184 4 1827
2232 2 1628
2233 2 1145
2235 2 1852
2243 1 2003
2257 1 2275
2334 1 1337
2389 2 3418
2441 1 7506
2467 1 877
2483 1 4389
2485 1 918
2518 1 2175
2533 1 922
2544 2 406
2565 4 2867
2632 1 1512
2670 1 1152
2687 1 1139
2701 1 899
2705 1 1001
2707 1 533
2708 1 1441
2709 1 1588
2711 1 797
2755 1 297
2771 3 3216
2786 1 365
2845 3 2533
2981 2 1712
3034 1 871
3130 1 276
3131 1 458
3147 2 1324
3156 1 1113
3157 1 1399
3219 1 839
3229 6 2889
3313 4 2034
3314 5 2098
3351 2 657
3357 5 1191
3373 1 667
3378 1 4137
3379 2 4900
3383 1 10722
3419 2 1015
3461 1 2177
3468 1 990
3485 1 1068
3499 2 1513
3516 2 888
3518 3 735
3519 1 937
3532 1 1830
3533 1 1907
3536 1 1404
3548 1 371
3572 1 283
3580 1 915
3581 1 1329
3584 1 833
3592 2 916
3593 2 1011
3594 3 1229
3605 1 1227
3656 1 1437
3668 3 8976
3672 1 2946
3680 2 637
3681 1 871
3716 1 1221
3721 1 1585
3727 1 17097
3747 1 1430
3790 1 5889
3791 2 6472
3804 1 1022
3827 3 326
3829 1 1698
3830 2 273
3831 1 3725
3832 1 7941
3833 1 1551
3834 3 2458
3835 1 1418
3836 1 219
3837 1 782
3838 1 1106
3839 1 390
3840 1 881
3844 1 17
3862 1 2528
3886 1 74
3898 1 1858
3900 1 309
3902 2 2905
3928 4 1658
3939 4 800
3944 2 1863
3945 2 1359
4004 1 2253
4012 1 330
4015 1 1212
4022 1 603
4024 1 670
4070 2 347
4074 1 590
4076 1 4324
4078 1 2535
4144 1 2194
4146 1 1296
4165 1 1410
4178 1 3149
4179 1 2326
4185 1 1839
4189 1 1298
4192 1 855
4269 1 7767
4270 1 120
4271 1 156
4314 2 462
4356 1 3544
4368 4 4832
4369 4 4444
4370 4 3314
4371 4 3866
4372 4 3440
4373 4 4212
4374 4 5584
4375 4 1815
4376 4 2069
4377 4 1760
4385 1 1633
4454 3 1950
4489 2 2853
4490 2 1394
4491 2 1897
4492 2 2351
4493 2 2130
4498 1 288
4504 1 553
4520 2 1588
4525 1 1554
4552 1 1468
4647 1 1245
4669 1 1245
4696 1 885
4704 2 1493
4708 2 767
4728 1 1393
4738 1 152
4739 1 310
4747 2 662
4767 2 1552
4782 1 6257
4799 2 563
4831 2 2521
4838 5 5657
4839 4 1862
4840 32 5531
4875 1 1364
4893 1 630
4930 2 1503
4931 2 1648
4932 2 1745
4934 3 2573
4935 3 2499
4952 2 465
5014 1 42
5015 1 49
5120 1 330
5129 1 1285
5156 4 1087
5197 1 624
5218 1 1503
5252 2 2357
5259 1 6380
5266 1 766
5277 1 1640
5394 1 959
5395 4 2444
5396 2 6921
5401 1 706
5470 1 917
5473 1 1107
5474 1 941
5476 1 525
5477 1 1400
5479 1 920
5480 1 510
5482 1 935
5484 1 921
5518 1 2428
5556 1 194
5574 1 679
5604 2 885
5619 3 1587
5667 3 630
5701 2 57
5799 1 1090
5867 4 5884
5887 1 1156
5894 1 4730
5902 2 1225
5936 3 3330
5937 1 772
5947 1 935
5960 1 1674
5970 1 452
5986 1 984
6064 1 883
6070 1 1556
6073 1 1575
6074 1 1037
6075 1 1285
6081 5 1357
6088 1 1753
6090 1 578
6132 1 1010
6156 2 1167
6164 1 2727
6176 2 1652
6177 2 916
6181 1 5519
6314 1 827
6345 1 1508
6576 2 1635
6577 2 1930
6578 2 2792
6626 1 1124
6830 1 822
6855 2 71
7002 1 6389
7121 2 3511
7154 3 2089
7160 1 1661
7176 1 208
7178 3 810
7179 1 920
7183 1 84
7184 2 38
7293 1 1224
7413 1 644
7436 2 219
7488 1 1408
7491 2 7708
7498 6 2754
7547 1 1609
7556 1 1714
7570 1 9650
7577 1 2093
7652 1 118
7704 5 3369
7705 5 4973
7706 4 3286
7707 4 1904
7708 4 1422
7709 4 2370
7710 5 4326
7717 1 461
7727 4 2490
7744 11 2378
7745 1 1512
7756 2 2279
7757 8 2005
7758 2 1880
7788 1 606
7917 6 1240
7924 3 842
8014 1 1956
8048 1 1183
8078 1 948
8093 3 20088
8114 3 3627
8121 1 891
8145 1 1136
8199 1 267
8200 1 243
8201 1 284
8202 1 210
8204 1 4600
8249 1 7006
8251 3 3081
8297 1 12133
8306 4 1820
8310 6 4695
8311 4 4367
8312 4 3567
8313 4 3754
8318 1 1271
8372 1 3639
8385 1 2645
8403 4 2102
8435 3 2734
8436 2 1685
8437 2 1413
8438 2 2090
8452 6 7747
8462 1 3138
8464 1 1583
8485 1 531
8555 2 1695
8597 1 1147
8648 28 1264
8663 1 1004
8686 1 280
8697 1 2450
8722 2 1681
8750 1 589
8880 1 859
8882 1 1066
8883 1 928
8884 1 1640
8885 1 1388
8886 1 1109
8887 1 922
8896 1 1087
8919 1 1123
8926 2 1609
8937 1 1958
8938 1 1527
8968 1 377
8995 1 523
9014 2 216
9058 2 563
9178 1 266
9193 2 2601
9237 1 1379
9275 1 1311
9290 1 1716
9291 1 1056
9324 1 4421
9325 1 4336
9339 1 2490
9341 11 837
9344 2 1217
9403 1 3133
9409 2 690
9446 4 6689
9454 1 837
9483 1 291
9486 1 3118
9494 1 742
9528 4 1711
9570 1 518
9580 2 1345
9657 3 1060
9659 2 10789
9660 1 3500
9663 1 2530
9666 1 786
9667 1 405
9668 2 1757
9670 1 1046
9671 1 632
9672 1 559
9673 3 700
9675 1 330
9676 2 994
9677 1 632
9678 1 1073
9679 2 1078
9680 1 504
9693 1 1467
9704 1 1126
9705 1 1643
9729 1 776
9745 1 1624
9748 3 823
9758 1 745
9766 2 4331
9778 1 600
9795 5 6831
9799 1 3095
9830 2 1997
9831 2 1501
9832 2 2376
9841 1 654
9864 2 1138
9865 2 1205
9866 2 1142
9867 2 1127
9872 1 764
9883 1 976
9884 22 856
9936 4 2878
9940 1 2247
9949 1 438
9958 1 601
10054 3 1634
10061 1 525
10080 1 355
10098 2 1684
10099 3 447
10100 2 703
10120 2 1997
10121 2 2683
10122 2 2093
10123 2 2079
10135 1 778
10144 1 3206
10145 1 697
10224 1 1087
10260 1 1206
10319 1 1171
10332 1 2802
10344 2 2552
10410 2 1570
10427 1 2746
10428 1 665
10429 1 666
10430 1 713
10456 2 2992
10461 1 472
10462 1 610
10470 1 606
10475 2 747
10476 1 693
10481 2 1483
10493 1 727
10520 1 2057
10528 1 2643
10529 1 1603
10537 2 438
10547 1 1528
10607 1 1225
10660 1 2397
10665 1 3903
10666 1 1000
10668 7 2803
10670 2 1360
10673 3 1504
10674 3 677
10686 1 1433
10687 1 1299
10728 1 1305
10808 1 6608
10864 2 2401
10954 1 2770
10957 1 482
11032 1 688
11034 1 474
11063 1 1726
11070 2 438
11192 12 1422
11198 1 771
11214 1 1706
11249 3 5195
11378 1 6044
11399 1 373
11465 1 2175
11467 1 3152
11477 1 1672
11570 1 631
11632 1 1094
11633 1 2246
11704 6 759
11870 3 1148
11879 1 8814
11907 1 139
11971 1 1187
12041 1 386
12221 1 163
12229 4 2226
12232 1 1252
12248 2 1195
12286 3 2100
12338 2 1232
12365 2 8585
12376 1 834
12379 2 663
12458 1 3716
12502 1 315
12527 1 1751
12588 2 750
12612 2 1451
12650 1 2168
12677 1 1410
12693 1 5024
12694 1 787
12695 2 1648
12696 2 625
12697 2 1979
12698 1 3392
12699 4 1939
12700 2 11926
12702 6 776
12703 1 319
12705 1 1518
12706 1 282
12707 1 235
12709 2 350
12710 1 1223
12711 3 2227
12712 2 2391
12720 3 48
12727 1 743
12740 2 1789
12768 1 74
12772 1 1750
12775 1 463
12787 1 558
12792 1 508
12795 1 446
12801 1 1360
12809 2 1615
12841 1 1000
12851 4 2088
12857 2 2354
12889 4 1525
12900 1 1037
12905 1 874
12906 11 2925
12907 2 2394
12910 1 1490
12912 2 1229
12913 1 473
12970 2 579
12982 1 1294
13004 1 2478
13030 8 691
13058 2 11569
13081 1 734
13151 1 953
13170 1 1024
13172 1 1025
13174 1 3530
13175 2 1506
13181 4 1602
13183 3 73
13184 3 242
13185 3 148
13199 1 1429
13212 1 3298
13213 1 74
13226 1 4464
13232 1 1271
13236 1 937
13242 1 2319
13245 1 1191
13248 1 767
13250 2 692
13265 1 658
13267 2 1960
13277 1 1667
13294 1 262
13297 2 740
13307 2 522
13309 1 2136
13319 1 968
13322 1 614
13324 1 645
13331 1 948
13334 1 1410
13337 1 908
13342 1 1229
13344 1 5744
13381 5 4238
13393 3 3068
13409 3 1130
13411 1 2036
13424 1 568
13455 2 1324
13456 2 686
13465 1 827
13467 1 502
13473 1 849
13480 3 2096
13492 1 404
13494 1 1468
13497 1 6632
13500 1 230
13523 1 359
13527 1 1200
13556 1 2449
13598 1 1521
13619 1 1734
13639 1 1946
13684 1 12301
13695 2 2748
13696 2 2538
13697 2 3718
13698 1 2026
13780 1 685
13799 1 1501
13800 1 1238
13801 1 1533
13802 1 1437
13803 3 1542
13809 2 1143
13871 5 6056
13877 2 1054
13897 1 1292
13926 1 655
13927 1 817
13928 1 4471
13985 1 11629
13986 2 1238
13988 1 1041
13999 1 1051
14003 1 582
14040 1 1390
14041 1 750
14057 8 391
14068 1 2470
14072 1 651
14075 1 1673
14101 1 130
14105 2 9306
14120 1 2870
14176 1 2211
14195 2 963
14196 3 668
14208 1 662
14212 3 12149
14219 6 483
14280 1 2667
14282 1 691
14332 1 892
14345 1 1515
14365 2 1356
14368 1 1063
14392 1 559
14496 1 911
14498 1 1088
14502 1 989
14517 1 514
14520 2 7541
14529 4 1219
14532 1 192
14533 1 187
14615 2 449
14621 1 247
14692 4 3976
14714 5 5738
14721 2 4901
14722 4 6567
14723 13 4899
14724 5 5113
14725 1 561
14779 4 3250
14791 1 1301
14800 3 746
14820 1 4854
14854 3 2362
14855 2 2067
14856 2 2080
14858 1 3107
14870 2 504
14878 1 3248
14885 1 460
14888 1 396
14889 2 1511
15006 1 923
15052 1 731
15100 4 1367
15102 1 1625
15108 1 1429
15120 1 1822
15189 1 1006
15197 1 546
15204 4 3771
15223 1 762
15224 1 1573
15225 1 828
15227 1 771
15229 1 552
15230 1 886
15233 1 881
15234 1 863
15243 6 193
15246 1 1182
15270 1 545
15281 2 1900
15306 1 630
15507 2 331
15528 1 2844
15578 1 1021
15580 1 2165
15586 1 3732
15612 1 1390
15645 1 701
15651 1 868
15663 1 697
15665 1 928
15812 4 591
15831 1 2451
15912 1 1398
15927 2 428
15936 1 933
15942 1 1170
16004 2 1576
16006 1 1307
16007 2 6296
16041 1 483
16100 4 1483
16101 1 2125
16120 1 1888
16166 2 1359
16178 1 4155
16180 3 805
16204 1 3527
16221 1 1793
16236 1 5204
16270 1 2905
16282 1 579
16324 1 1543
16334 9 1709
16341 9 9421
16345 1 1095
16351 2 1039
16427 4 1330
16446 1 2051
16457 1 672
16464 1 3565
16475 2 2055
16488 2 817
16489 2 4179
16490 2 4549
16491 3 6610
16492 3 3998
16495 1 667
16528 2 1436
16570 1 1285
16625 1 1578
16634 1 1294
16661 1 559
16671 1 1169
16707 1 2965
16726 3 821
16767 2 3326
16784 1 2834
16803 1 1575
16814 1 525
16816 1 4136
16817 2 4292
16819 7 1658
16820 1 1091
16822 1 628
16842 1 432
16849 1 6516
16891 1 1176
16904 1 1560
16919 1 703
16927 1 540
16934 1 763
16936 5 3648
16937 1 793
16942 4 12267
16945 1 901
16948 1 966
16952 1 7998
16958 6 5800
16959 2 889
16966 1 809
16970 1 1181
16978 1 1563
16984 2 5305
16996 1 1017
17009 1 3115
17010 2 3499
17012 1 3524
17018 4 1528
17038 2 1354
17062 1 3596
17096 1 1504
17100 1 3005
17102 1 1387
17108 1 2260
17113 1 4319
17129 1 3146
17133 1 1532
17135 1 650
17138 1 2150
17157 4 1062
17160 1 1760
17162 1 675
17168 2 3800
17176 1 553
17181 1 941
17182 1 3085
17185 1 1163
17216 1 1476
17218 2 1541
17219 3 1500
17298 1 777
17299 1 429
17300 1 759
17317 1 1002
17322 1 966
17342 6 4836
17351 1 4853
17398 1 744
17399 2 844
17403 14 1207
17407 1 987
17441 2 2608
17458 1 10296
17464 1 1805
17471 1 917
17481 1 1474
17485 1 782
17492 1 478
17495 1 1540
17497 1 1775
17542 1 762
17568 2 1347
17600 1 2502
17602 1 1268
17605 3 1687
17655 1 1980
17667 1 1104
17669 7 5167
17670 1 5050
17671 1 3280
17672 1 4557
17682 1 1732
17683 1 2520
17684 1 2134
17715 5 1230
17716 1 2066
17718 2 1941
17743 2 1200
17780 2 1209
17790 1 2095
17814 1 707
17816 3 2870
17818 1 4410
17829 1 1062
17836 1 578
17865 1 341
17873 3 449
17893 1 1832
17914 1 844
17915 1 834
17972 1 642
17974 3 684
17996 3 1106
18051 2 1999
18053 1 473
18054 1 2177
18058 1 1082
18061 1 41
18072 1 729
18123 2 2594
18164 1 1451
18213 3 2075
18228 1 4817
18276 2 1341
18285 1 1990
18288 4 4353
18345 2 1603
18385 2 6531
18388 1 1439
18396 6 12783
18410 1 925
18475 2 2196
18513 1 1596
18616 2 1907
18681 1 1069
18720 1 673
18728 1 2003
18744 1 775
18773 3 1318
18800 1 967
18802 1 1147
18817 6 444
18833 3 899
18840 2 4890
18881 1 2780
18945 1 6732
18965 2 20789
18997 2 2415
19005 1 1076
19043 3 4707
19051 1 1090
19071 1 669
19079 2 16454
19080 1 797
19105 1 1245
19106 1 1080
19108 1 692
19110 1 1343
19124 3 1758
19147 1 1210
19166 4 1154
19176 1 1330
19177 1 1161
19179 2 300
19180 1 2589
19182 4 914
19183 2 996
19184 3 773
19185 1 324
19186 1 6942
19187 4 826
19188 1 737
19189 1 848
19190 1 717
19191 1 569
19193 1 980
19194 6 5424
19196 1 79
19197 2 37
19225 3 326
19226 4 148
19372 2 1825
19373 1 1681
19377 3 1170
19387 1 872
19403 1 1268
19409 2 1342
19415 1 968
19441 2 193
19484 4 178
19495 1 3545
19502 1 2113
19514 1 1623
19546 5 2366
19595 1 875
19622 1 1077
19626 2 530
19651 1 2122
19668 1 887
19689 1 2057
19710 7 616
19759 1 1457
19779 1 119
19853 2 563
19883 6 5667
19884 4 5873
19885 4 1727
19886 4 1995
19887 4 3613
19888 4 1794
19889 4 7969
19890 4 2034
19891 4 4302
19892 4 2205
19893 6 6194
19894 4 2667
19895 4 3842
19896 5 4758
19897 5 3289
19898 5 4338
19899 4 6214
19906 1 1834
19983 2 2232
19984 3 3052
19985 2 8977
19986 2 1620
19987 2 3502
19988 2 1164
19989 2 1297
19990 2 1486
19993 2 664
20021 1 1258
20031 1 856
20153 1 1172
20161 3 1149
20200 12 30304
20208 2 979
20234 1 1228
20238 10 1094
20294 1 3768
20326 1 597
20328 1 1034
20330 1 636
20331 1 794
20332 1 945
20335 1 1141
20336 1 1076
20338 1 2253
20339 1 1011
20340 1 946
20341 1 1048
20342 1 559
20343 1 714
20344 1 863
20345 1 639
20348 1 1240
20349 1 1728
20350 1 1183
20353 1 551
20354 1 959
20355 1 911
20356 1 1129
20357 1 1306
20359 1 686
20360 1 873
20361 1 708
20362 1 676
20363 1 915
20366 1 553
20367 1 484
20368 1 512
20425 3 3934
20622 1 1417
20663 2 2969
20668 1 187
20679 1 6821
20684 3 12924
20698 2 3736
20699 1 1150
20700 1 2481
20701 1 2408
20702 1 1564
20703 1 3191
20706 2 8010
20707 3 35797
20708 6 24696
20718 1 1829
20752 1 300
20777 1 1519
20778 1 4580
20784 1 1238
20807 2 2241
20818 1 728
20834 1 699
20868 2 3295
20904 1 4287
20908 1 1965
20937 1 3666
20940 4 1860
20943 1 769
21005 1 993
21006 1 1452
21048 1 914
21080 1 1500
21081 1 1093
21082 2 2229
21114 1 1404
21116 2 824
21118 1 1749
21151 1 1904
21153 1 698
21170 1 744
21188 2 1794
21226 2 2663
21240 1 459
21244 2 30
21294 1 914
21300 2 1461
21306 1 1358
21310 1 1905
21313 1 730
21317 3 2286
21318 4 7108
21324 1 1830
21325 1 1030
21328 1 2276
21334 1 816
21352 2 1524
21358 1 578
21359 3 13839
21363 1 3866
21456 2 1779
21459 1 817
21472 2 1719
21473 1 844
21477 1 330
21479 2 1262
21481 2 1234
21482 1 810
21483 4 816
21490 1 4936
21491 2 1255
21494 1 1060
21499 1 696
21500 2 4276
21506 1 981
21509 3 1773
21513 1 674
21542 1 37742
21568 3 3870
21617 1 450
21618 1 287
21619 1 336
21640 13 1328
21641 31 1648
21649 1 2333
21652 2 1185
21661 1 5628
21670 2 1140
21690 1 609
21704 1 1215
21719 1 880
21726 1 514
21729 2 789
21735 1 1028
21742 6 1069
21767 1 6211
21768 1 2946
21860 1 2805
21867 1 1612
21923 1 807
21952 1 983
21972 1 2236
21980 7 907
21981 4 3068
21993 1 2572
22017 1 2683
22021 1 824
22022 3 916
22026 1 1430
22027 2 1931
22045 3 2727
22046 2 1341
22047 2 2622
22065 1 839
22080 1 697
22093 1 10393
22121 1 958
22141 2 2921
22161 2 6376
22163 1 2087
22166 2 1970
22186 1 1860
22459 1 1233
22516 1 1048
22535 1 1608
22546 2 1147
22548 1 1429
22567 1 1443
22569 1 1315
22588 1 1983
22601 1 1004
22610 1 1706
22611 3 992
22887 1 4212
23033 1 1939
23038 1 807
23039 2 612
23064 2 7447
23211 2 1665
23216 2 946
23283 4 4182
23362 1 1820
23363 1 3369
23364 1 2776
23365 1 1070
23397 4 1071
23464 3 3921
23517 1 1359
23528 1 183
23669 1 2196
23675 1 1065
23685 1 1613
23686 1 382
23687 1 2530
23689 1 500
23690 1 133
23691 1 1646
23696 2 4960
23697 8 5047
23699 2 865
23703 2 31
23752 2 2089
23765 1 11324
23768 1 403
23781 1 1632
23907 3 670
24061 1 116
24095 1 3720
24102 1 481
24119 1 14616
24140 1 1533
24152 1 1364
24174 2 819
24176 1 1121
24188 2 634
24255 1 3586
24286 1 1402
24299 1 1073
24300 2 600
24352 3 65
24353 3 86
24357 1 1310
24387 1 202
24388 2 1686
24389 1 1096
24390 1 3496
24391 1 892
24392 1 907
24393 1 1654
24394 2 482
24395 2 1099
24396 1 528
24400 2 31
24418 3 126
24420 1 1290
24452 7 2427
24453 3 987
24467 2 491
24479 3 2991
24509 1 628
24511 1 755
24513 3 1816
24517 1 824
24518 1 1407
24539 2 3939
24540 2 4575
24541 2 5645
24564 1 965
24567 1 1635
24571 1 611
24575 1 1205
24578 2 804
24612 1 1430
24661 1 895
24731 4 1332
24747 1 5509
24750 1 6415
24765 1 1351
24775 1 6446
24785 1 1066
24823 4 2274
24824 4 1881
24825 4 1588
24828 1 1036
24914 3 1788
24922 10 1786
25041 1 947
25053 1 1722
25084 1 731
25110 1 1590
25157 1 771
25175 1 4293
25232 1 2344
25233 1 4985
25235 1 7935
25259 1 783
25285 1 506
25287 1 698
25288 1 519
25290 1 1547
25291 1 551
25292 1 654
25294 1 1378
25295 1 513
25296 1 566
25298 1 953
25316 1 1225
25331 1 1132
25349 1 715
25391 1 2825
25409 2 4429
25440 1 1655
25472 3 1286
25490 1 4592
25500 1 1027
25507 3 1510
25546 2 3100
25551 2 668
25552 1 483
25553 1 3595
25673 1 921
25675 2 769
25712 1 2401
25853 1 1173
25901 6 1582
25959 1 731
25964 4 4294
25971 1 1539
26075 1 3348
26095 1 5070
26120 1 124
26121 1 228
26124 1 597
26142 1 267
26150 2 666
26161 1 14248
26195 1 1803
26220 1 1669
26241 3 5926
26242 1 1535
26257 1 3709
26258 1 7349
26259 1 3718
26260 1 3718
26261 1 3710
26262 1 3711
26291 1 500
26337 1 1218
26343 2 4639
26376 1 1314
26377 18 813
26380 2 698
26381 1 1479
26383 1 641
26384 1 334
26386 2 2024
26387 1 775
26388 1 3682
26392 1 17
26402 3 40
26440 1 693
26446 1 570
26462 1 951
26465 1 1529
26471 2 1612
26481 7 250
26507 7 4226
26511 1 1621
26513 1 799
26520 1 460
26541 1 4809
26590 3 2388
26625 1 338
26639 1 253
26666 1 204
26721 1 219
26754 2 1464
26756 1 2627
26797 4 1479
26820 5 5014
26821 8 4111
26822 4 1713
26871 1 662
26884 1 429
26980 2 1029
27028 1 562
27035 1 1356
27120 1 850
27152 1 1516
27189 1 198
27199 1 2023
27202 2 938
27204 1 1300
27207 2 1176
27208 2 1202
27222 2 930
27282 1 1477
27286 1 1789
27287 1 1709
27308 3 7530
27321 1 7344
27322 1 3721
27323 1 2478
27324 1 3721
27391 2 4345
27392 2 4376
27394 2 1701
27409 2 4419
27425 1 2871
27427 1 1701
27429 1 658
27430 1 1623
27431 3 2548
27436 1 17
27449 4 148
27452 1 604
27469 1 1105
27473 1 520
27481 1 875
27482 1 762
27524 2 2332
27528 1 745
27549 1 801
27575 1 1100
27597 1 404
27618 1 183
27621 1 715
27705 1 130
27710 1 812
27772 4 3134
27777 5 2817
27778 4 1834
27779 4 4121
27812 1 3494
27819 1 1332
27866 2 4412
27867 2 1485
27868 2 2792
27876 2 1111
27924 1 500
27925 2 2804
28003 1 1375
28038 1 1449
28041 1 2090
28063 1 1017
28066 6 4454
28068 1 1208
28075 1 2788
28076 2 1785
28077 1 1097
28082 3 1956
28083 1 804
28100 1 1191
28103 2 5130
28104 3 1950
28240 1 1341
28242 1 871
28243 1 1304
28244 1 832
28245 1 494
28246 1 1258
28247 1 771
28248 1 849
28260 1 1202
28271 1 1650
28272 2 1115
28281 2 1378
28419 1 3437
28432 1 1851
28446 1 9326
28472 2 3173
28473 2 1706
28475 1 803
28478 1 634
28479 1 859
28486 2 1421
28570 1 86
28639 1 2821
28719 1 446
28739 2 1791
28759 5 1090
28814 2 1242
28815 1 2670
28828 1 1306
28838 1 3316
28845 3 1429
28858 1 1311
28861 3 1189
28945 2 874
28950 3 1066
28978 1 1473
28981 1 1946
29016 1 740
29019 1 867
29020 1 1013
29021 1 1122
29023 1 904
29027 1 713
29028 1 1337
29029 1 981
29030 1 954
29031 1 1192
29033 1 1701
29070 1 1087
29071 1 748
29108 1 1272
29330 1 497
29349 4 2088
29383 1 1087
29453 1 370
29527 1 336
29540 1 1456
29555 1 1529
29556 1 1585
29557 1 7051
29566 1 281
29591 2 790
29608 1 1950
29616 1 1832
29625 1 10200
29628 1 3312
29646 1 1067
29722 1 9450
29788 1 2365
29799 1 321
29813 1 1004
29910 2 5908
30060 1 1690
30078 2 923
30088 2 2391
30137 2 5022
30166 1 953
30170 2 1019
30189 2 1236
30193 4 1249
30194 4 1245
30195 4 1266
30255 1 2558
30270 1 336
30289 1 206
30290 1 187
30300 1 6017
30359 6 969
30390 3 1242
30392 1 188
30393 1 442
30394 12 1246
30396 1 15
30404 1 1125
30405 1 1071
30406 1 1136
30431 1 729
30450 2 1607
30481 1 967
30506 1 1016
30519 1 5484
30527 1 303
30532 1 288
30557 1 486
30602 5 3594
30638 1 1053
30642 2 3081
30683 1 57
30779 1 1137
30786 1 1228
30808 6 2494
30857 4 479
30858 4 950
30865 2 902
30867 1 1554
30868 1 2055
30906 1 454
30952 1 3956
30953 2 4469
30966 3 1185
31089 1 1949
31102 3 988
31139 2 233
31181 1 234
31212 1 906
31296 1 410
31337 1 5832
31356 1 1058
31380 1 1553
31407 1 229
31422 1 1455
31448 1 3221
31487 1 1278
31492 1 641
31574 2 659
31625 2 692
31631 1 2970
31687 1 1427
31695 1 1371
31731 10 3982
31739 1 977
31821 1 4061
31822 1 3213
31829 2 14263
31834 3 1157
31888 1 901
31889 1 531
31890 1 1127
31892 1 557
31893 1 981
31894 1 1015
31896 1 932
31897 1 819
31898 1 1326
31899 1 686
31900 1 995
31902 1 1912
31903 1 914
31905 1 943
31906 1 890
31907 1 1007
31914 1 906
31956 4 1770
31972 1 788
31992 4 980
32027 3 1475
32040 1 566
32124 1 1277
32170 1 1811
32254 1 324
32301 1 3186
32374 6 3413
32408 1 2851
32409 1 897
32414 1 1665
32471 1 2840
32561 1 832
32607 1 1868
32632 1 1721
32641 2 1814
32746 3 2142
32895 1 626
32904 2 1247
32907 1 1937
32958 10 1960
32977 1 895
33076 2 1741
33083 1 1262
33104 1 705
33122 1 1115
33213 1 721
33240 3 9576
33248 1 1227
33255 3 946
33263 1 532
33264 1 1136
33268 2 3327
33275 1 1122
33277 1 2857
33329 13 2558
33367 1 1062
33372 3 1921
33377 3 1162
33433 1 744
33521 1 744
33577 1 863
33585 3 3694
33598 2 971
33657 1 1436
33713 2 2328
33767 1 810
33797 1 1450
33825 2 1053
33847 4 7078
33858 1 199
33862 1 998
33899 1 661
33915 1 545
33937 1 14231
33938 1 5544
33939 3 3908
33940 1 913
33966 2 1577
33976 1 978
33978 1 1552
33980 1 2963
33983 1 392
33984 7 1595
33985 1 1091
33987 1 4548
33988 1 1595
33990 6 602
34025 1 839
34028 1 1137
34034 1 434
34039 1 23394
34041 2 421
34062 2 2698
34063 1 624
34064 2 1611
34072 1 817
34092 4 1599
34093 3 1603
34094 3 1268
34116 1 1053
34117 1 1025
34127 3 968
34143 1 2404
34277 2 1189
34283 1 715
34285 1 1511
34300 1 1190
34304 1 1756
34358 1 1007
34363 1 207
34374 1 381
34379 1 1659
34392 1 3063
34394 3 8616
34410 1 1478
34480 6 2110
34496 1 1346
34499 1 890
34520 4 2339
34537 2 2175
34553 2 1919
34554 2 1390
34555 2 1364
34556 2 2148
34559 1 1551
34567 1 211
34660 1 1031
34682 1 1585
34689 1 1908
34702 2 1354
34730 1 368
34743 1 439
34750 2 960
34766 4 437
34767 4 384
34768 4 1348
34769 4 408
34790 2 662
34795 1 4142
34837 2 1061
34879 1 1178
34891 1 519
34901 4 18201
34918 1 681
34920 1 1576
34923 5 2774
34924 1 986
34941 1 1620
35041 3 7162
35071 2 1273
35073 1 1101
35154 4 1597
35172 2 618
35182 3 13213
35191 1 374
35287 1 242
35300 1 466
35303 1 143
35317 3 1885
35332 2 2865
35333 2 5425
35334 2 4418
35402 2 114
35409 3 412
35415 1 1578
35543 1 953
35564 1 897
35566 1 733
35606 1 1070
35717 1 818
35734 1 796
35754 1 1157
35756 1 353
35758 1 187
35759 1 2988
35760 1 5014
35761 1 995
35762 1 742
35765 3 896
35766 1 1100
35767 2 2251
35768 2 1871
35769 1 242
35770 1 1317
35771 1 5813
35772 2 325
35773 1 1187
35774 8 3657
35775 2 898
35783 4 47
35866 1 397
35868 1 272
35877 1 1096
35904 1 1088
35909 1 3424
35928 1 967
35934 1 924
35936 1 2025
35938 1 739
35958 1 448
35994 1 743
36010 1 414
36017 1 721
36020 4 539
36030 1 298
36038 1 1018
36039 1 700
36040 1 1563
36090 1 1149
36091 1 2113
36095 1 993
36102 1 485
36107 1 846
36129 1 1661
36134 54 19793
36190 1 134
36191 1 172
36200 2 425
36214 2 2240
36217 2 924
36221 2 559
36254 1 2032
36291 5 4374
36292 4 3895
36293 4 3644
36294 6 3160
36300 3 3570
36306 4 2219
36341 1 828
36358 4 1651
36414 2 3031
36415 3 4207
36416 2 1685
36417 2 2136
36455 1 2503
36532 2 1001
36554 7 1236
36555 7 1255
36556 3 355
36559 2 2030
36560 1 359
36561 1 389
36562 2 312
36602 1 1021
36616 2 806
36644 1 155
36673 1 135
36680 2 1651
36681 2 2010
36682 2 2478
36732 4 18263
36739 2 543
36793 1 474
36797 1 6365
36798 2 823
36801 1 2127
36831 3 2027
36875 3 951
36876 5 1168
36884 1 1553
36956 12 4551
37050 1 543
37051 1 741
37068 1 1051
37093 2 1160
37094 1 1271
37095 1 1446
37097 1 3262
37098 1 3089
37099 1 2940
37100 1 718
37101 1 894
37102 1 1529
37104 3 1776
37105 2 5309
37106 5 3136
37107 1 1068
37108 1 908
37109 2 487
37110 1 1233
37122 3 81
37123 4 165
37126 1 1157
37127 1 1188
37128 1 1079
37177 1 10680
37179 1 738
37182 2 13117
37200 1 724
37212 3 697
37228 1 4061
37259 1 508
37278 1 2964
37305 1 824
37310 1 7113
37321 1 1056
37326 1 833
37335 1 4505
37365 1 871
37384 1 1980
37395 1 1119
37428 6 810
37432 1 1132
37446 1 948
37447 20 1838
37449 1 931
37509 1 1007
37511 1 216
37512 1 199
37583 2 1026
37592 1 1922
37614 4 4640
37615 4 2824
37616 6 8646
37708 1 894
37711 1 674
37712 2 8990
37713 2 1369
37714 3 2598
37715 2 1489
37720 2 910
37734 1 3488
37737 2 1881
37748 1 352
37801 1 49
37834 1 742
37929 5 2603
37959 2 3028
38005 1 3590
38007 1 1299
38022 1 807
38025 1 2248
38086 1 370
38088 1 526
38089 1 3093
38094 1 2311
38151 1 2229
38152 1 524
38180 1 1294
38199 4 2577
38225 1 482
38229 1 4034
38358 1 951
38359 1 1335
38360 1 955
38373 2 370
38411 1 2671
38412 3 2954
38413 1 6145
38415 1 871
38418 1 1491
38435 1 1582
38494 1 191
38502 2 1471
38528 1 1129
38542 3 2357
38574 1 2305
38611 1 5792
38621 1 888
38658 1 671
38666 1 1249
38679 2 4243
38682 1 1166
38683 1 310
38701 1 1080
38737 1 1277
38748 2 2192
38752 1 1447
38791 1 284
38792 1 412
38795 2 762
38796 1 3677
38797 4 1539
38798 1 1280
38799 1 1503
38802 5 4212
38803 2 1055
38805 1 1522
38806 2 730
38807 6 2365
38808 8 2666
38826 3 42
38856 1 466
38866 1 1238
38896 1 1300
38902 1 582
38907 1 4305
38911 1 572
38925 1 1372
38928 2 2507
38953 1 2359
38968 1 1028
38973 1 508
38986 1 1668
39023 1 663
39038 1 1980
39068 2 6017
39082 1 173
39099 1 926
39121 3 2269
39128 1 1085
39132 2 3874
39182 4 3168
39183 5 4477
39188 1 577
39193 1 3626
39270 4 2484
39271 6 2225
39285 1 3325
39301 1 12335
39312 2 1335
39313 2 2054
39314 3 1784
39328 2 778
39334 5 614
39340 1 677
39393 1 53
39431 1 836
39433 1 1508
39473 1 461
39475 1 1192
39489 1 1197
39496 4 897
39501 3 2201
39529 1 877
39533 1 1603
39559 1 522
39732 1 142
39782 4 1509
39786 1 682
39792 1 1010
39806 1 1057
39932 5 1136
39978 15 30166
40017 1 797
40034 1 811
40053 1 3632
40086 1 1548
40091 1 952
40131 2 5534
40138 4 1151
40159 1 959
40198 1 5290
40253 1 3705
40254 1 2478
40255 1 3713
40256 1 1952
40257 1 3718
40295 1 774
40353 1 652
40368 1 1151
40375 1 2147
40382 1 2344
40389 4 1995
40400 1 2099
40429 2 566
40430 21 1721
40431 1 1342
40435 1 2577
40436 5 948
40437 1 757
40438 10 4462
40440 1 977
40442 13 948
40444 1 1611
40446 1 1492
40448 1 3806
40450 1 1008
40456 1 23
40466 3 136
40468 6 2719
40479 5 1354
40526 1 937
40530 1 1636
40546 1 1354
40556 1 233
40574 1 1463
40580 2 1410
40583 1 534
40624 2 1840
40627 4 1351
40634 1 766
40636 1 3362
40639 4 1499
40645 1 373
40652 3 1291
40659 1 2127
40692 1 1154
40696 1 6423
40744 1 1283
40755 2 1578
40766 1 780
40803 1 486
40820 1 4100
40822 1 758
40826 1 1717
40833 3 2965
40836 1 365
40837 1 1071
40846 1 1105
40899 2 5270
40951 1 869
40982 1 162
40983 1 261
41013 2 2867
41022 1 2587
41038 1 877
41052 1 6547
41057 2 3871
41072 1 1072
41102 1 1491
41103 2 2097
41111 2 2649
41114 5 2690
41124 1 118
41182 16 2196
41327 3 4020
41328 1 3986
41423 1 1513
41427 1 4567
41429 1 824
41439 2 2390
41450 2 1521
41546 2 918
41674 1 4187
41675 1 1320
41743 1 1028
41818 1 3884
41836 1 829
41943 1 866
41947 2 2133
41955 1 1272
41993 2 988
42016 1 866
42020 2 2292
42045 1 1121
42047 1 818
42049 1 2797
42052 1 1735
42053 4 3174
42054 1 2132
42057 1 117
42060 1 1283
42064 1 17
42075 6 1237
42085 10 6194
42132 1 1554
42138 1 846
42143 3 770
42145 1 1077
42156 1 844
42158 1 761
42168 2 707
42207 1 824
42208 1 1800
42210 1 776
42234 1 2137
42299 2 1013
42344 1 3974
42355 5 5228
42362 2 10503
42366 1 579
42374 1 1702
42379 1 684
42382 4 705
42383 1 1102
42392 1 880
42393 1 1141
42394 1 473
42416 6 1931
42417 1 1718
42480 1 160
42514 1 390
42523 2 439
42550 1 2066
42580 5 8665
42581 4 2953
42582 4 1649
42682 3 3838
42823 1 2264
42824 1 1386
42840 1 870
42852 1 512
42853 1 598
42961 1 548
43011 1 1189
43086 3 1175
43227 1 49
43278 1 600
43316 2 1838
43323 1 879
43332 1 994
43435 1 400
43448 5 5826
43471 1 1044
43477 8 22611
43546 1 1261
43552 1 820
43562 2 682
43570 1 790
43576 1 5522
43577 1 3389
43578 1 603
43579 1 1057
43580 1 992
43581 1 1020
43597 3 2088
43605 2 1286
43656 1 4176
43678 1 956
43693 1 1197
43739 1 1071
43789 1 1442
43791 1 895
43804 14 3750
43808 1 1297
43832 2 1187
43834 3 1000
43836 1 2949
43837 2 3115
43840 1 1167
43843 1 878
43844 4 2408
43845 2 975
43848 2 263
43849 1 648
43859 3 266
43862 2 1314
43911 1 678
43913 1 1273
43927 1 776
43960 1 1986
43968 1 221
43999 6 5400
44008 1 787
44012 5 2752
44013 1 608
44014 1 2086
44015 1 862
44027 1 352
44048 2 310
44052 3 741
44057 1 3001
44113 1 1415
44164 1 811
44169 2 640
44175 1 865
44177 1 567
44182 1 930
44183 1 494
44191 1 1020
44209 1 1193
44212 1 1650
44262 1 460
44263 2 624
44286 2 5425
44290 1 1048
44299 2 959
44302 1 194
44393 1 234
44394 1 2869
44531 7 824
44583 1 276
44640 1 71
44806 1 2433
44813 1 1238
44817 1 2611
44874 1 3594
44894 4 1132
44896 2 1132
44925 3 3438
44956 1 7041
45067 1 948
45168 1 1295
45178 1 378
45356 1 680
45376 6 1359
45580 1 98
45610 1 1452
45859 9 21421
45868 2 965
45874 1 989
45895 1 213
45913 1 1708
45927 1 620
45997 1 647
46052 1 175
46111 2 1001
46136 3 984
46147 1 2188
46167 1 1304
46168 1 2539
46169 11 5011
46171 1 2235
46172 3 1337
46173 1 1062
46174 10 2910
46175 1 1321
46176 1 1459
46179 3 500
46180 1 328
46181 1 88
46182 1 19
46183 2 28
46207 4 140
46309 1 1589
46319 1 2904
46324 1 363
46347 1 1459
46369 4 5238
46372 5 1372
46375 1 799
46376 1 1363
46377 1 731
46384 1 827
46385 3 850
46415 1 706
46434 1 2480
46480 1 124
46516 1 1910
46523 1 419
46544 1 2693
46621 2 1413
46666 1 457
46689 2 1372
46694 1 3602
46726 5 1514
46774 5 2182
46777 2 3791
46799 1 366
46811 2 2035
46812 2 3767
46813 2 1367
46814 2 2350
46826 1 943
46832 1 765
46837 1 2432
46891 2 5171
46913 1 1961
46920 1 1431
46943 1 1398
46952 1 2067
46954 1 5186
46967 2 838
47006 1 1196
47029 1 840
47032 4 387
47037 2 1110
47040 1 1605
47055 2 337
47064 2 447
47084 1 1448
47115 1 1920
47130 1 1232
47137 1 1329
47148 1 1482
47149 1 2044
47166 1 1017
47168 1 652
47170 1 720
47182 1 563
47208 3 1552
47236 1 533
47245 2 6757
47283 1 525
47296 2 1535
47307 1 900
47388 1 532
47459 6 8496
47460 1 1813
47461 1 1226
47476 2 2645
47482 1 1551
47495 1 1207
47496 1 2373
47522 1 1342
47538 3 4411
47549 2 978
47625 1 907
47725 1 737
47784 1 724
47790 1 1897
47804 1 739
47814 1 1518
47922 23 1893
47932 3 658
47933 3 660
48078 4 11919
48108 1 1242
48132 1 1373
48133 1 2192
48134 1 1655
48135 1 1627
48152 1 1035
48176 2 708
48259 1 1198
48260 1 1199
48261 2 1243
48267 1 4317
48270 1 2441
48271 1 1700
48274 1 637
48281 2 702
48285 1 1127
48301 1 772
48338 1 2760
48343 1 882
48388 1 1006
48439 3 776
48440 1 1635
48447 5 345
48461 1 757
48466 1 528
48470 1 2310
48484 1 13248
48522 1 645
48548 2 289
48593 1 843
48604 2 869
48608 6 3133
48609 9 3196
48675 2 2669
48683 2 1360
48684 3 146
48689 2 4283
48741 5 1388
48747 3 1809
48752 1 1640
48777 3 2052
48778 1 1664
48779 3 3569
48812 1 298
48818 12 3023
48819 2 538
48864 1 1135
48896 1 1621
48904 1 1475
48918 1 1061
48921 1 2787
48933 1 1238
48950 2 705
48953 1 1506
48955 1 2415
48959 3 1293
48988 3 1035
48994 1 649
49005 1 2273
49009 1 1183
49019 1 520
49020 8 2150
49029 2 3596
49030 1 1393
49034 1 2025
49035 2 1353
49048 1 776
49050 2 3091
49053 1 516
49055 1 1309
49056 1 2188
49057 2 1611
49058 1 1664
49068 1 663
49074 2 2567
49076 1 538
49100 2 2086
49149 1 3141
49163 1 1009
49196 1 836
49235 1 2114
49271 1 1100
49286 1 2335
49345 1 2775
49346 1 1190
49356 1 1233
49458 1 1916
49471 1 1921
49483 1 4047
49510 1 2250
49549 1 1332
49550 1 843
49552 4 1919
49564 3 472
49569 2 728
49615 1 405
49691 1 748
49716 1 1286
49798 3 852
49842 8 2475
49852 1 820
49896 1 1614
49904 1 1193
49931 4 2794
49933 1 772
49940 1 1997
49961 2 620
49971 4 2684
49984 1 1693
49988 4 2850
49989 2 1751
49990 2 3509
49991 2 1914
50000 3 1686
50012 1 3608
50016 3 11583
50017 13 2970
50018 1 140
50020 1 1485
50028 3 1566
50029 2 1476
50044 1 999
50045 2 1379
50046 2 708
50150 1 407
50165 1 929
50204 2 2083
50205 1 7146
50210 3 2088
50278 1 1086
50289 1 1659
50307 3 1514
50376 1 1371
50377 4 2084
50447 2 1637
50449 1 1878
50480 3 820
50481 3 2364
50525 1 876
50587 1 1902
50616 3 843
50669 1 1789
50673 1 989
50722 1 3030
50726 1 2071
50735 1 2198
50761 2 1045
50776 1 2775
50786 2 1972
50866 1 2623
50881 3 4909
50888 2 2791
50889 1 5625
50914 1 754
50917 4 5455
50934 1 433
50958 1 945
50978 1 1544
50988 1 1822
50989 1 3307
50990 1 2134
50991 1 851
50992 1 1320
51001 1 1402
51006 4 2540
51007 2 632
51011 2 1216
51030 5 2989
51040 1 2089
51107 1 457
51120 1 2116
51135 2 791
51167 3 1503
51175 1 1150
51177 2 2704
51192 1 1136
51210 1 873
51217 1 702
51224 2 1011
51233 2 1315
51241 1 743
51346 1 398
51347 1 1073
51384 1 542
51386 2 2055
51479 1 731
51559 9 1206
51560 2 1283
51561 2 1242
51603 1 2317
51646 1 1280
51671 6 1120
51716 1 108
51721 1 805
51765 3 539
51772 1 1416
51779 3 1487
51816 1 4853
51848 16 1167
51849 1 661
51910 1 1460
51921 1 820
51951 1 646
51955 2 1040
51974 1 1918
51992 1 1395
51993 2 12689
51994 2 9298
51995 1 486
52010 13 1541
52018 3 3486
52019 1 1451
52023 1 1212
52025 1 712
52026 3 1300
52027 5 545
52028 1 5224
52032 2 1614
52033 1 1709
52035 3 61
52036 3 229
52041 1 1139
52072 1 2361
52085 1 575
52086 1 452
52102 1 856
52141 1 451
52149 1 1612
52156 1 522
52206 1 645
52223 1 1842
52236 1 1423
52397 2 4823
52415 4 2114
52448 1 1816
52449 1 3942
52480 2 2295
52485 2 1304
52486 2 2426
52487 2 1464
52551 1 438
52557 2 5509
52576 4 433
52577 4 391
52578 4 895
52579 4 1308
52599 1 4808
52636 1 215
52709 1 1796
52723 1 1320
52727 1 4203
52771 1 159
52805 1 846
52819 2 530
52864 1 119
52871 1 434
52941 1 3400
52974 3 1854
53010 1 1173
53037 1 902
53073 3 2274
53101 1 1846
53132 1 1846
53138 1 1947
53139 1 3527
53156 2 903
53157 1 401
53163 2 822
53237 1 763
53248 4 5457
53265 1 1603
53268 2 5517
53269 1 840
53270 1 413
53273 1 2039
53274 2 1660
53279 1 25
53298 4 193
53353 1 656
53355 1 319
53359 1 2051
53360 1 366
53399 1 1251
53428 1 324
53430 20 48057
53433 1 475
53440 1 883
53441 1 3363
53493 1 8152
53511 1 4733
53515 1 1570
53541 1 1370
53544 1 1037
53545 6 1625
53549 2 1593
53550 1 1181
53560 1 199
53681 1 284
53717 1 4413
53720 1 386
53776 4 2483
53777 4 3202
53778 5 4519
53888 1 5712
53893 1 4170
53894 1 4154
53908 2 1337
53909 2 2366
53910 2 1481
53934 1 1246
54049 1 51
54088 1 213
54095 1 1451
54144 2 2965
54157 1 5381
54169 1 1208
54174 1 361
54186 1 4524
54187 1 4739
54188 1 475
54222 2 1066
54244 1 1037
54282 2 865
54329 1 899
54332 1 2659
54335 1 925
54336 1 727
54337 1 568
54338 1 613
54340 1 918
54341 1 738
54344 1 678
54346 1 558
54349 21 12411
54350 7 8318
54451 1 574
54495 1 327
54520 1 486
54521 1 1605
54522 1 557
54524 1 993
54525 1 1307
54526 1 534
54527 1 1295
54528 1 900
54529 1 916
54530 1 900
54531 1 802
54532 1 1019
54533 1 720
54535 1 873
54536 1 1001
54537 1 816
54538 1 692
54539 1 1132
54545 1 961
54551 1 2055
54552 4 2960
54553 2 2793
54554 3 2063
54555 1 1171
54556 1 1505
54557 1 1040
54615 3 2552
54664 1 3382
54803 2 95
54981 1 910
54982 1 566
55026 1 432
55054 1 4966
55098 1 565
55310 1 2287
55621 1 933
55731 1 2515
55885 1 49
55913 1 1188
55915 1 1378
55953 1 161
56014 23 1445
56045 1 1527
56182 1 926
56212 5 4266
56246 2 536
56247 1 967
56265 2 1324
56272 1 829
56275 1 552
56282 1 1567
56283 1 1928
56286 2 2036
56288 1 404
56326 1 74
56418 3 1368
56445 2 2121
56464 1 362
56487 9 3333
56498 3 2455
56521 1 5019
56549 1 1195
56553 1 7598
56571 1 1051
56590 2 2070
56593 3 1203
56597 1 958
56636 4 486
56666 1 912
56700 6 2072
56782 3 788
56831 2 844
56832 3 1352
56864 1 1163
56865 1 1045
56866 1 1626
56867 1 776
56869 1 577
56870 1 527
56871 1 641
56872 1 1066
56874 1 1184
56875 1 1032
56876 1 1055
56877 1 1601
56898 1 34
56900 1 1808
56930 1 335
56969 2 1209
56979 4 925
56994 1 966
57001 1 7758
57103 2 72
57164 2 2492
57213 2 1593
57228 1 1834
57238 1 2018
57241 1 1386
57275 1 439
57278 3 1092
57291 2 785
57306 1 1072
57333 1 409
57339 1 463
57397 1 927
57410 2 2492
57415 1 2127
57429 1 937
57441 1 2098
57446 1 1506
57447 1 1235
57465 5 1803
57466 3 1951
57476 1 1805
57492 1 2215
57548 4 1424
57766 1 595
57769 1 3472
57774 1 582
57797 3 730
57817 5 4120
57818 4 3557
57819 3 2006
57820 12 3637
57821 2 4929
57847 1 1952
57911 1 1835
57926 1 777
57935 1 740
57948 1 5712
57949 1 5712
57955 1 4158
57956 1 4158
57961 1 649
57962 2 2722
57963 2 1707
57964 6 1922
57965 2 3015
57980 1 898
57998 1 863
58110 1 102
58202 1 1151
58227 2 1972
58247 3 19391
58281 1 567
58378 1 2575
58383 2 1351
58388 2 1662
58420 1 8658
58426 2 1265
58429 1 1236
58439 1 834
58440 1 972
58441 1 1088
58442 1 535
58443 1 731
58444 1 708
58445 1 1394
58447 1 523
58448 1 1131
58449 1 967
58451 1 1894
58455 1 988
58456 1 865
58458 1 946
58459 1 1051
58465 1 615
58466 1 987
58473 1 506
58474 2 1482
58523 1 1479
58715 1 787
58745 1 525
58747 1 1652
58858 1 1878
58871 1 435
58874 1 1816
58898 1 2227
58946 1 387
59168 1 1245
59215 1 1368
59265 4 153
59275 2 667
59316 1 1089
59340 1 349
59347 3 9699
59348 4 10477
59349 2 8147
59350 5 8331
59395 1 1240
59421 6 1923
59423 4 13129
59453 4 5553
59454 5 2821
59455 4 2220
59466 2 4209
59467 4 4546
59468 4 4334
59469 4 4789
59470 4 3154
59471 4 4583
59472 4 2189
59473 6 4291
59474 4 3565
59475 8 5201
59476 4 2145
59555 1 1177
59611 1 1014
59614 1 1217
59618 4 1895
59619 4 3498
59620 5 2013
59621 5 2882
59626 2 2003
59644 1 683
59652 1 274
59678 2 1480
59679 2 2650
59680 2 2653
59681 2 3350
59699 1 1994
59711 2 469
59844 2 664
59862 1 1402
59870 1 1260
59909 2 3894
59918 1 9598
59924 2 2257
59940 1 792
59983 2 2990
59990 2 1733
60015 2 581
60019 1 5237
60021 3 2368
60033 1 767
60037 1 4344
60038 2 3448
60039 1 4322
60040 2 5727
60053 1 1816
60054 1 1227
60055 1 912
60062 1 928
60063 5 3984
60064 2 3872
60065 1 3606
60118 2 1897
60165 1 857
60177 1 1472
60181 1 1881
60285 1 1744
60297 2 923
60342 1 1408
60353 1 678
60354 1 837
60355 1 1074
60365 1 754
60366 1 3154
60369 2 1182
60390 1 449
60430 1 2173
60448 1 1453
60450 1 1226
60451 2 2513
60509 2 4010
60522 1 1503
60533 1 1519
60583 1 1120
60598 1 2552
60623 3 1555
60665 1 1611
60678 9 3884
60744 1 2509
60750 1 12275
60776 1 1098
60821 1 657
60822 1 5864
60946 1 758
60954 1 1837
60956 1 2287
61020 8 13801
61021 5 5166
61042 1 749
61045 1 2390
61059 1 4559
61102 5 562
61166 1 3006
61167 1 3616
61170 1 677
61172 1 427
61186 1 14302
61187 4 15707
61188 2 29700
61194 1 1390
61195 1 1379
61196 1 1748
61204 4 1714
61217 1 242
61248 1 1412
61258 1 3684
61268 2 2756
61269 1 8764
61321 1 954
61330 1 1389
61331 1 2243
61361 1 1202
61380 1 1616
61391 49 5684
61409 1 3387
61411 1 612
61439 2 886
61441 1 825
61443 1 1702
61460 1 309
61497 1 5567
61514 1 842
61516 1 1071
61520 1 844
61527 1 2751
61556 1 3140
61560 3 1336
61565 2 2333
61587 1 146
61610 1 1320
61617 4 2377
61620 1 1896
61625 1 1309
61629 1 1176
61630 3 1422
61663 1 771
61693 1 1481
61704 1 386
61820 4 5698
61821 4 3538
61822 4 5496
61823 4 3825
61824 4 4512
61825 4 2161
61826 4 3738
61827 5 4204
61828 5 2374
61829 4 3211
61830 4 2081
61831 4 1756
61832 4 2493
61833 5 7073
61834 5 2191
61845 1 3591
61847 1 1464
61876 5 2252
61877 1 2841
61878 1 2819
61890 1 2025
61894 3 3336
61895 2 1396
61897 1 2680
61903 1 361
61907 2 3429
61919 1 785
61928 1 964
61942 1 1229
62011 1 1430
62066 2 709
62078 2 891
62087 1 4114
62100 4 687
62109 1 4903
62110 1 4274
62111 2 6309
62146 1 788
62190 1 838
62211 1 1096
62215 1 1984
62218 2 2462
62246 6 287
62258 1 2177
62262 2 838
62292 1 1351
62293 2 2903
62314 11 580
62315 4 457
62318 1 2185
62367 1 883
62374 1 620
62438 2 1039
62472 2 837
62477 1 1158
62481 1 2543
62588 3 8596
62592 1 1475
62597 1 168
62598 1 47
62607 1 399
62615 1 1556
62635 1 1315
62642 8 7441
62690 1 1289
62757 1 693
62766 1 8596
62767 1 14162
62768 1 9553
62780 6 1770
62781 1 1596
62784 1 2055
62785 1 1476
62791 5 2675
62820 1 1547
62832 1 1084
62836 1 1157
62837 1 1565
62838 1 1603
62844 1 1986
62848 2 1515
62852 2 1986
62888 1 1082
62891 1 1104
62892 1 1071
62894 1 357
62895 1 755
62902 1 2612
62912 1 6714
63033 1 862
63051 1 1657
63054 1 1936
63069 1 2009
63073 1 6062
63075 1 3050
63076 3 3881
63159 3 1363
63160 1 1813
63162 1 1516
63165 1 2124
63166 1 2579
63169 1 1823
63213 3 1090
63217 10 491
63268 1 944
63285 1 1000
63289 5 3069
63366 6 796
63413 1 535
63461 2 659
63509 1 557
63519 1 2160
63520 1 1303
63587 1 988
63619 2 662
63634 2 5269
63649 2 996
63652 1 162
63675 2 162
63693 1 792
63695 2 2625
63709 5 2193
63742 3 740
63767 1 938
63777 1 2978
63779 3 2453
63792 1 1726
63812 2 2413
63886 1 140
63887 1 1253
63969 4 2173
63970 5 4043
64020 1 1412
64072 2 1416
64081 2 1183
64085 1 1615
64100 2 1352
64203 1 55
64350 5 20899
64352 1 1020
64410 1 1829
64436 1 338
64445 12 984
64458 1 652
64496 2 760
64525 1 688
64545 1 1001
64546 1 916
64549 1 840
64550 1 530
64552 1 631
64553 1 873
64554 1 851
64556 1 958
64557 1 706
64571 1 1943
64619 2 2292
64622 1 936
64647 1 7320
64655 3 2422
64666 1 1098
65030 1 437
65032 1 1400
65062 1 1719
65082 5 2417
65091 2 2809
65103 10 1022
65131 3 1018
65376 1 1586
65385 1 334
65414 1 287
65421 2 3586
65448 1 726
65518 1 94
65584 1 93
65595 1 1319
65617 1 1340
65618 1 1810
65637 1 563
65648 1 796
65650 1 702
65651 1 1756
65710 1 1365
65837 1 1272
65851 1 483
65896 4 3671
65933 1 1896
65945 4 2536
65951 1 1360
65984 1 2219
65992 1 859
66001 1 1533
66053 1 976
66118 1 6182
66270 1 486
66310 5 8271
66344 3 619
66443 1 451
66471 1 3798
66472 6 3818
66479 3 1154
66486 1 1876
66535 1 761
66538 1 2914
66542 1 1829
66579 1 1543
66587 1 4790
66590 6 1614
66598 1 1411
66604 2 685
66614 1 1103
66626 1 855
66669 2 1314
66684 2 1462
66723 10 1267
66725 7 1193
66726 1 558
66734 1 1280
66749 1 268
66756 1 394
66757 1 747
66776 3 1404
66795 1 970
66819 1 6321
66823 1 9403
66824 2 1604
66839 1 401
66859 3 1547
66867 1 2736
66868 3 2032
66870 8 2566
66871 1 1139
66873 2 585
66874 1 2969
66875 1 578
66877 1 483
66878 1 750
66881 2 1029
66882 2 1598
66883 1 607
66884 1 3426
66885 3 829
66886 4 3404
66887 1 968
66889 1 1986
66897 1 2315
66915 1 4319
66917 1 74
66972 3 3916
66986 5 1160
66992 1 1910
67087 2 797
67094 1 591
67140 2 1130
67225 2 1254
67259 1 438
67261 4 1409
67266 1 4007
67273 4 1989
67274 1 746
67275 1 1069
67276 1 1194
67277 1 831
67278 1 982
67316 1 2577
67317 3 930
67327 2 1861
67347 1 1319
67351 1 539
67352 1 2080
67391 1 4824
67409 1 5448
67415 1 10077
67427 1 2019
67428 2 2521
67429 1 748
67432 1 609
67451 1 2767
67454 2 5854
67458 1 1924
67494 2 779
67519 4 10460
67547 1 1341
67555 1 1084
67600 1 932
67611 1 626
67619 1 2054
67628 9 334
67662 1 2616
67671 1 6735
67672 2 2623
67696 1 1147
67697 1 756
67709 1 516
67722 1 1758
67725 1 1884
67727 1 3367
67752 5 918
67835 2 1309
67859 1 1130
67860 1 586
67861 1 911
67862 1 922
67871 1 1809
67873 1 326
67877 1 355
67879 1 825
67880 1 1302
67881 2 545
67882 1 3085
67883 1 3094
67884 1 954
67885 2 1008
67886 1 554
67888 1 1174
67889 1 2813
67891 1 810
67892 2 1691
67893 1 4007
67894 6 1091
67895 1 1554
67897 2 1662
67898 2 1778
67899 3 4652
67903 1 1428
67908 3 220
67909 3 284
67916 1 1568
67926 4 1401
68047 1 1652
68048 2 1048
68077 1 933
68082 1 1865
68119 2 6225
68146 2 489
68151 1 2465
68152 1 1752
68250 1 173
68274 1 942
68276 2 284
68331 2 567
68338 1 1346
68355 2 1716
68404 2 1415
68405 2 1416
68420 2 2517
68421 2 2923
68446 2 3669
68631 1 881
68657 3 1531
68701 1 561
68705 1 893
68707 2 4537
68726 3 875
68727 1 1593
68766 3 5324
68787 3 1506
68788 4 2193
68819 1 338
68823 5 2312
68828 1 509
68876 1 1494
68904 1 1018
68924 1 1394
68941 1 641
68943 1 1054
68944 1 1017
68945 1 727
68947 1 765
68948 1 1019
68956 2 2895
69002 1 363
69031 1 475
69040 1 1203
69091 2 1188
69328 2 515
69382 1 1332
69460 1 2124
69461 1 345
69482 1 1352
69506 1 1045
69522 1 2679
69523 1 630
69728 1 496
69855 1 1583
69898 1 1027
70039 3 1573
70167 1 96
70212 3 731
70216 1 2736
70229 3 1001
70236 1 3474
70279 2 12383
70288 5 1765
70373 3 1473
70377 1 5997
70408 1 189
70413 1 1043
70430 1 1501
70435 1 3103
70542 3 597
70592 2 761
70626 1 1315
70629 1 3102
70630 1 120
70632 1 1096
70633 2 938
70635 2 846
70636 3 1691
70638 1 1325
70640 1 17
70641 1 17
70642 2 28
70643 2 28
70696 3 55
70700 1 756
70831 1 269
70839 1 3633
70842 1 1321
70850 1 356
70854 1 675
70886 1 959
70918 1 618
70929 4 6834
70934 1 944
70955 2 312
70991 1 2170
71052 1 995
71055 1 1435
71066 1 819
71072 1 933
71116 1 653
71152 1 1194
71161 1 610
71171 1 118
71196 2 329
71197 1 13
71223 1 935
71235 2 764
71264 1 708
71308 1 1324
71336 1 1531
71352 4 1829
71357 1 837
71374 2 1324
71406 2 2956
71423 1 447
71425 1 645
71553 4 1321
71676 1 2168
71697 4 1008
71773 2 147
71823 1 815
71831 1 845
71836 2 5188
71863 1 1159
71867 1 694
71871 1 1232
71878 1 1338
71893 3 1301
71898 1 1998
71905 1 1340
71933 2 662
71936 4 1197
72015 1 804
72038 1 3035
72039 1 5516
72040 1 674
72046 1 2501
72047 1 1766
72048 1 5014
72050 1 1296
72060 1 791
72065 1 9229
72084 2 753
72087 1 1964
72098 10 19912
72161 1 729
72181 67 1962
72183 1 752
72185 1 710
72201 3 5125
72217 2 1342
72350 1 570
72372 2 1766
72404 1 676
72409 1 511
72410 1 4306
72411 1 3344
72414 2 1956
72416 1 1773
72418 1 432
72419 1 753
72422 8 4394
72430 1 117
72477 1 1064
72505 2 581
72517 2 1018
72518 2 1027
72519 2 1167
72520 2 856
72527 2 485
72533 1 858
72537 1 1081
72557 3 894
72565 1 1130
72612 2 2177
72616 9 749
72625 4 717
72667 1 275
72668 1 130
72669 1 135
72670 1 161
72702 1 569
72705 1 657
72738 1 1210
72776 7 1094
72783 1 1487
72815 2 1450
72816 2 1634
72824 4 1931
72825 4 4050
72826 4 1996
72827 4 7031
72828 7 2935
72829 5 4528
72830 4 3747
72831 6 6567
72832 5 3890
72833 4 2038
72834 5 2774
72835 4 2083
72836 4 2346
72837 4 3948
72838 4 1838
72839 5 2764
72873 1 3122
72890 2 691
72906 5 2265
72938 9 10696
72943 13 1178
72950 1 1854
72954 2 1348
72955 2 1468
72956 2 1194
72960 1 3082
73014 1 1378
73040 1 511
73080 1 2339
73084 1 2577
73150 1 911
73154 1 337
73156 1 324
73182 2 1485
73193 1 1571
73194 1 906
73220 4 4868
73221 2 4913
73222 4 3558
73277 1 1345
73345 1 784
73348 1 1011
73357 1 621
73405 1 2119
73421 2 444
73455 4 2168
73465 2 322
73471 12 2068
73516 1 906
73570 2 1016
73572 1 49
73645 1 5683
73652 2 1168
73656 2 1671
73663 2 868
73703 1 134
73751 1 718
73762 1 2217
73880 1 469
73905 1 2175
73985 1 193
74045 2 1101
74047 2 590
74067 3 6352
74068 1 570
74069 1 999
74093 1 704
74094 3 3820
74118 2 710
74136 1 476
74142 1 3188
74161 1 1031
74176 1 4570
74177 5 4268
74178 1 2150
74187 1 302
74270 4 1439
74280 1 582
74282 5 1215
74283 1 1036
74284 1 1107
74348 1 745
74375 1 1452
74377 1 822
74426 2 945
74428 5 1716
74430 1 1251
74431 1 386
74432 7 3303
74434 1 3996
74435 1 2232
74437 2 6261
74438 1 1352
74439 1 1488
74440 7 1991
74441 1 390
74443 2 1375
74445 1 367
74448 4 1084
74449 1 1802
74450 2 1939
74452 1 88
74464 2 1669
74465 1 1145
74472 1 744
74475 1 574
74480 1 3260
74519 1 5618
74530 1 711
74537 1 549
74545 3 1446
74554 1 253
74559 1 849
74560 1 477
74567 1 1654
74573 1 713
74605 1 6001
74637 1 417
74641 1 723
74645 1 6253
74646 1 2320
74648 1 522
74650 1 878
74660 1 2184
74665 1 2881
74672 1 490
74673 1 312
74693 1 63
74705 3 703
74706 2 5592
74707 2 4337
74708 2 4408
74714 1 2557
74715 1 806
74752 2 2665
74764 1 1349
74765 1 1246
74811 2 1038
74812 1 4167
74831 1 1285
74851 1 1682
74868 1 1193
74871 1 1759
74874 1 6108
74876 1 923
74887 2 7880
74893 2 778
74900 1 931
74923 1 474
74932 3 1237
74933 2 1532
75109 1 1277
75125 2 1224
75242 1 728
75247 1 1491
75248 1 1379
75249 1 1176
75258 1 1651
75259 1 1890
75298 1 867
75487 1 1123
75493 4 1348
75530 1 2216
75531 1 1582
75550 1 608
75551 1 2365
75753 1 1935
75762 2 1634
75767 5 1290
75804 1 162
75834 1 760
75931 1 1439
75934 1 1639
75976 2 542
76021 1 295
76035 1 1222
76038 1 3241
76039 3 964
76040 1 3213
76073 1 782
76132 1 1508
76136 1 4953
76141 1 326
76158 1 3909
76203 1 1000
76204 1 2051
76212 3 96
76234 3 1291
76247 1 4782
76249 1 12565
76261 1 3135
76262 1 3194
76263 1 1553
76264 2 216
76266 1 1340
76268 1 1592
76269 1 3998
76272 1 17
76288 3 68
76289 5 359
76302 1 1858
76315 1 74
76325 1 1450
76344 1 2359
76357 4 2792
76359 1 742
76380 1 920
76391 2 1501
76392 1 909
76398 1 487
76438 1 1505
76489 3 1295
76513 1 935
76516 1 5399
76521 1 1643
76526 1 4857
76528 2 1175
76531 1 1613
76577 1 2515
76581 1 623
76582 2 1126
76587 1 1166
76635 1 1327
76636 1 626
76655 2 2833
76719 1 1182
76767 1 637
76768 1 1094
76772 1 413
76773 3 2532
76775 1 1080
76785 1 581
76796 1 1059
76798 1 906
76801 1 1258
76851 1 1663
76881 1 2393
76886 1 4302
76889 1 1635
76914 1 318
76915 1 159
76916 1 155
76954 1 870
76975 1 408
77076 5 3304
77082 4 5693
77083 6 3037
77084 3 2028
77085 4 2310
77086 32 5533
77124 17 3644
77127 1 1709
77136 1 3236
77148 1 3628
77155 1 588
77179 3 333
77191 1 209
77199 1 3580
77223 1 562
77225 2 2945
77226 2 1491
77227 2 2803
77231 4 2551
77247 10 1786
77253 2 1729
77265 1 691
77312 1 50
77371 1 683
77432 1 391
77438 1 1254
77452 2 2364
77459 1 920
77470 1 2244
77471 4 1687
77472 2 1959
77473 7 3580
77474 9 4717
77592 1 492
77593 1 527
77595 1 1498
77597 1 1016
77600 1 894
77605 1 1191
77606 1 903
77621 1 1859
77622 1 1784
77668 1 373
77807 4 5880
77818 1 6471
77943 1 1110
77946 1 2824
77949 1 2982
77954 1 4740
77957 1 1907
78034 3 2796
78113 8 2136
78119 1 1030
