side side 14971 65215343 
3 1 931
4 1 930
12 1 1981
24 1 774
26 1 693
32 1 850
34 4 1511
39 1 1283
41 1 1471
43 3 671
44 2 1058
47 1 887
76 2 379
79 1 1195
87 1 854
101 4 387
113 1 2441
117 2 6480
119 2 405
120 6 4128
125 1 1436
129 1 969
130 2 4276
131 2 14882
132 4 13051
133 1 3237
147 1 3893
156 1 149
157 4 2070
203 2 5213
217 2 1753
228 1 1439
233 1 1974
258 11 56657
259 1 1003
266 1 1509
298 1 903
336 1 525
354 1 630
356 2 684
361 1 5027
375 1 10166
380 4 438
398 2 1083
399 3 1548
400 1 1208
401 1 750
406 2 1543
413 1 702
423 1 1981
426 1 611
428 2 2978
429 1 3151
430 1 3354
436 2 918
455 2 3709
456 2 1051
461 1 5431
467 1 1380
468 1 1097
504 1 11283
514 1 1954
515 1 1091
529 1 6629
533 2 1661
554 4 1127
556 1 3813
557 1 3639
562 2 3293
564 1 1452
566 1 174
571 2 663
582 1 494
583 3 1948
587 1 1004
625 1 5869
649 1 830
654 1 1015
674 1 1393
678 1 1380
683 1 928
688 2 612
697 1 684
703 2 811
717 2 1260
725 2 7096
732 1 1059
734 1 1711
757 1 308
792 1 1601
799 1 845
832 1 771
836 2 681
841 1 616
842 1 622
856 5 1130
857 1 1338
860 1 3051
863 1 1185
864 3 1567
873 1 402
876 2 4565
888 8 3495
894 1 1314
895 1 1608
896 1 338
918 1 511
919 1 197
928 1 888
931 1 389
945 1 333
953 2 454
957 2 715
961 1 1879
964 1 3624
965 1 2365
966 1 6046
967 2 4480
986 32 2025
987 32 2023
988 32 2173
993 1 10702
1003 2 2079
1010 5 902
1028 1 1298
1029 2 1302
1038 14 6757
1052 2 3416
1080 1 1254
1081 1 980
1085 1 5635
1086 1 1477
1090 1 1121
1091 1 1129
1104 1 4937
1110 1 380
1118 4 2305
1119 1 1874
1127 1 889
1136 2 112
1153 1 6533
1159 1 1368
1163 1 1777
1177 1 1685
1179 1 1708
1181 2 594
1185 5 15836
1205 3 379
1213 1 3659
1225 1 406
1231 3 4288
1267 2 1212
1269 7 5091
1270 1 2273
1272 2 2455
1281 2 3123
1300 1 809
1317 2 1000
1331 2 330
1343 2 68
1346 1 605
1364 1 460
1365 2 993
1373 1 1192
1391 1 932
1398 2 889
1426 1 1867
1452 2 6140
1460 3 678
1469 1 2455
1484 1 6578
1516 1 2384
1554 2 3023
1561 1 646
1566 4 3548
1587 1 673
1605 1 866
1623 1 553
1634 1 30082
1647 1 10572
1688 1 196
1737 2 4121
1741 1 5895
1762 1 1323
1767 5 13095
1782 1 1433
1802 20 10218
1806 1 911
1812 1 1673
1817 2 511
1821 2 2804
1827 1 1488
1858 2 669
1860 1 492
1861 4 5589
1873 1 824
1877 1 2064
1880 1 861
1886 1 1366
1888 1 2450
1898 1 3856
1907 2 513
1928 1 595
1941 3 761
1944 2 697
1947 2 1288
1948 1 5448
1956 2 3792
1965 1 563
1973 2 16948
2018 1 1080
2030 1 1619
2036 1 831
2053 1 565
2066 1 837
2075 1 1934
2080 3 8786
2086 1 3653
2096 2 1974
2113 2 864
2116 1 701
2121 1 4211
2124 1 1028
2125 1 937
2126 1 968
2128 3 1868
2144 1 1168
2146 1 560
2165 5 1384
2171 3 1919
2175 1 784
2192 2 5833
2206 1 895
2209 1 595
2216 2 2877
2218 3 1529
2226 1 1993
2227 1 1993
2228 1 1993
2289 1 995
2323 1 713
2325 1 891
2338 1 1264
2362 1 3506
2363 3 3977
2375 2 3907
2377 1 904
2387 1 1420
2409 1 1038
2420 2 2316
2441 5 7506
2442 4 1034
2457 2 731
2463 1 3258
2474 1 1823
2504 3 5375
2507 2 458
2512 1 265
2537 1 1224
2563 1 1141
2576 3 751
2580 2 1032
2586 1 490
2589 2 691
2622 2 2635
2629 1 3838
2644 1 246
2651 2 1903
2662 2 908
2666 1 6601
2669 2 925
2670 1 1152
2727 2 4008
2743 1 1107
2754 1 757
2772 1 938
2782 2 1579
2809 2 8131
2828 5 749
2982 1 563
2985 2 467
2995 1 2632
3003 2 3697
3006 2 834
3010 1 1261
3026 1 1747
3030 1 997
3034 1 871
3048 1 491
3051 1 860
3072 2 579
3100 1 2432
3103 1 3185
3104 3 3172
3105 3 3023
3106 3 3092
3107 1 3008
3108 1 2991
3109 1 3299
3120 1 452
3125 4 695
3128 4 1311
3133 3 4214
3144 1 1189
3160 1 1108
3171 1 1390
3180 1 120
3202 6 6501
3214 1 1663
3215 1 1641
3217 1 2264
3248 1 552
3271 1 2311
3279 1 888
3281 1 3667
3287 1 1376
3301 7 4111
3302 4 4954
3304 1 1426
3305 1 1856
3315 1 659
3322 1 6038
3329 2 677
3330 1 1137
3338 1 1856
3340 1 1137
3346 1 755
3348 5 1094
3356 1 471
3378 5 4137
3381 1 2093
3383 1 10722
3394 2 1534
3402 32 2468
3403 32 2172
3404 33 2168
3405 32 2857
3407 4 801
3408 1 3212
3410 2 11224
3415 1 4495
3431 1 665
3439 2 831
3440 1 1888
3447 1 2791
3482 1 3281
3485 1 1068
3493 1 1047
3514 8 5186
3518 3 735
3534 1 289
3539 1 1721
3545 1 3041
3556 1 1110
3557 1 1042
3563 1 1688
3588 1 622
3599 5 11096
3621 2 1327
3637 1 970
3661 2 754
3668 5 8976
3671 3 4789
3677 1 646
3682 1 687
3687 1 3022
3707 1 2467
3708 1 3154
3711 2 708
3716 1 1221
3744 3 740
3772 3 1147
3773 1 2479
3790 1 5889
3791 1 6472
3820 2 2163
3828 3 979
3847 5 27149
3861 1 801
3863 4 4935
3922 2 4998
3929 5 789
3938 3 1794
3998 2 960
4007 1 825
4025 1 1200
4050 1 4772
4067 1 3490
4068 1 8611
4076 1 4324
4087 1 1383
4110 2 2246
4139 1 739
4140 1 1055
4142 4 3987
4144 1 2194
4145 1 6518
4170 3 3258
4172 4 4084
4178 2 3149
4187 1 7906
4189 1 1298
4192 1 855
4197 1 1683
4204 1 3711
4223 2 855
4247 1 1412
4248 1 1366
4249 3 2710
4251 1 2307
4263 4 1825
4279 6 4524
4296 2 6626
4298 1 7423
4299 1 599
4307 1 2386
4326 2 852
4334 1 818
4352 1 728
4353 1 1851
4356 4 3544
4358 1 1491
4379 1 1474
4385 2 1633
4417 2 4384
4418 2 2251
4443 1 683
4446 1 1214
4450 2 6385
4452 1 910
4461 1 4244
4462 2 6187
4463 2 4320
4473 2 2419
4495 1 2849
4496 4 6061
4518 2 2481
4525 1 1554
4531 1 1036
4533 1 1058
4570 1 633
4585 1 456
4611 1 958
4657 1 864
4661 2 510
4700 1 839
4707 1 812
4709 2 2954
4726 3 2646
4728 1 1393
4734 3 3115
4735 1 1217
4741 2 3450
4747 1 662
4753 1 5716
4771 1 4349
4782 15 6257
4804 1 804
4806 1 652
4811 2 894
4819 1 1397
4821 2 2178
4825 1 760
4826 1 662
4841 1 816
4850 6 1746
4875 2 1364
4886 2 1349
4905 4 7440
4906 2 8000
4907 2 8001
4908 2 8001
4912 5 7415
4917 1 4602
4937 1 870
4941 1 1955
4948 1 3561
4949 2 2219
4954 1 2921
4967 1 794
4969 2 1272
5060 16 947
5061 1 513
5078 1 265
5092 1 3536
5100 1 353
5105 1 473
5109 1 190
5140 1 1465
5153 1 713
5155 1 591
5167 1 169
5170 1 2743
5174 1 1596
5187 1 758
5189 1 3419
5236 2 1062
5240 1 547
5242 5 1621
5264 1 2502
5273 4 3302
5281 3 1564
5290 1 399
5314 5 1103
5315 1 929
5316 1 368
5340 2 569
5395 2 2444
5396 1 6921
5411 1 1196
5415 1 3073
5420 1 1911
5431 1 1029
5433 1 1545
5437 1 2435
5440 1 155
5455 2 15074
5458 1 1024
5499 7 44062
5513 1 184
5527 1 2431
5535 1 1993
5538 1 1629
5539 1 1043
5545 2 1706
5547 2 1154
5565 1 792
5577 1 3747
5580 1 6581
5588 1 1069
5589 1 1188
5591 1 1213
5596 1 4949
5611 4 8061
5645 1 1175
5657 22 3480
5658 1 1556
5672 1 557
5867 1 5884
5869 1 779
5870 1 795
5878 2 1401
5882 2 754
5889 1 1241
5893 1 3259
5895 1 1433
5920 1 663
5925 1 761
5926 1 891
5931 1 723
5936 1 3330
5938 2 5865
5958 1 1664
5963 2 564
5988 1 969
5990 1 750
6008 1 269
6010 1 3182
6011 1 3214
6012 1 3069
6013 10 2929
6014 1 3067
6015 2 3323
6039 1 2773
6040 2 1266
6042 1 1836
6048 4 4019
6059 1 407
6068 2 1127
6078 3 1444
6084 1 3088
6090 3 578
6091 1 2877
6093 2 2317
6100 1 577
6141 1 654
6151 1 6692
6167 1 601
6170 3 854
6176 1 1652
6179 2 1268
6182 10 6597
6288 2 1336
6295 1 310
6296 8 3125
6297 1 3321
6298 8 3012
6299 8 3048
6300 8 3029
6301 8 2972
6302 1 2959
6303 8 2969
6304 8 3270
6305 1 2963
6306 2 3001
6334 1 1066
6336 2 3254
6337 1 3747
6347 10 1459
6360 24 6957
6362 1 2640
6363 1 4787
6364 2 7210
6537 3 2037
6539 1 646
6541 1 263
6548 1 930
6550 1 897
6576 1 1635
6583 2 7454
6589 3 1306
6607 1 1415
6626 2 1124
6651 1 686
6669 1 1845
6708 1 178
6741 1 170
6746 1 1117
6826 1 785
6829 2 834
6863 1 321
6949 1 744
6963 2 970
6964 2 1010
6974 1 1220
6983 2 2840
6997 1 1942
7002 3 6389
7008 1 725
7015 1 564
7049 1 121
7050 2 1143
7051 1 1111
7052 1 1095
7053 1 1076
7054 1 1061
7055 1 2879
7056 1 1035
7062 1 3124
7128 1 12
7134 2 1943
7138 1 2191
7142 1 575
7330 1 33
7405 3 1072
7419 10 1155
7449 1 210
7491 3 7708
7505 1 4997
7509 1 1081
7521 1 326
7536 1 1263
7547 5 1609
7548 1 1489
7556 1 1714
7570 1 9650
7571 2 5357
7573 1 4835
7576 1 6690
7579 1 1381
7580 4 9484
7585 1 632
7586 1 643
7596 1 495
7601 3 856
7602 1 901
7608 7 901
7618 3 759
7619 3 733
7621 3 760
7622 3 762
7623 3 764
7624 3 761
7625 3 759
7627 3 752
7628 3 752
7629 3 756
7630 3 758
7631 3 754
7632 3 755
7633 3 754
7634 3 756
7635 3 752
7647 1 1890
7666 1 709
7684 1 603
7686 9 1415
7687 1 1409
7695 1 1547
7698 2 1482
7704 11 3369
7713 1 1920
7723 3 4731
7764 1 2460
7770 1 537
7773 6 7884
7885 3 2709
7886 2 565
7889 2 605
7905 3 321
7906 1 1860
7924 1 842
7927 1 748
7942 1 2590
7944 2 4834
7963 2 3329
7975 1 2578
7984 1 1215
7993 1 705
8016 1 748
8043 3 1213
8053 1 1114
8057 1 751
8059 1 707
8060 1 1283
8061 4 808
8072 4 5760
8085 1 2815
8089 14 20930
8093 1 20088
8116 1 677
8121 1 891
8130 2 2237
8143 4 2289
8155 8 588
8169 1 1622
8170 7 1492
8249 5 7006
8263 6 2493
8270 1 1577
8278 1 2385
8284 3 3146
8285 3 3377
8286 1 2044
8288 13 1533
8290 1 1567
8293 1 3686
8297 5 12133
8311 6 4367
8313 1 3754
8318 1 1271
8324 1 886
8336 1 1754
8372 1 3639
8380 1 2765
8382 3 19553
8388 2 2999
8398 1 1691
8402 1 8226
8408 1 5505
8409 1 3217
8410 1 1260
8420 1 999
8445 1 823
8453 2 687
8488 1 1443
8501 3 720
8508 1 5791
8510 18 633
8517 1 1126
8549 1 660
8559 3 4026
8560 2 1011
8561 1 3145
8568 1 552
8578 2 1656
8606 1 914
8607 1 590
8640 1 823
8650 2 9126
8662 1 1187
8663 3 1004
8683 1 643
8688 1 963
8696 2 1842
8697 2 2450
8698 3 2529
8721 1 956
8722 2 1681
8732 1 2463
8745 1 617
8756 2 957
8761 1 1006
8829 1 2495
8837 2 699
8852 1 1447
8866 1 515
8894 1 494
8899 2 1046
8906 1 1134
8913 10 12589
8926 2 1609
8927 1 2370
8937 2 1958
8957 1 562
8959 1 608
8963 2 1411
8975 2 806
8977 2 1848
8986 2 760
9005 3 45220
9006 2 34059
9020 1 1016
9060 1 784
9073 1 1275
9076 1 539
9108 3 610
9124 2 950
9145 1 1263
9146 1 936
9152 2 213
9176 1 1666
9201 4 1485
9203 1 3221
9204 1 3049
9205 4 2860
9206 1 3079
9275 1 1311
9297 2 1678
9302 1 3665
9306 1 1955
9316 1 4281
9323 11 1192
9324 1 4421
9325 2 4336
9329 1 908
9336 4 1530
9354 1 725
9358 1 612
9383 1 1234
9402 9 1283
9403 2 3133
9430 3 2392
9438 1 468
9450 2 1196
9453 3 985
9459 2 1001
9462 1 1000
9463 1 3203
9472 4 2285
9477 2 510
9486 2 3118
9487 2 1304
9491 1 6177
9496 2 878
9498 1 662
9508 1 1059
9545 1 4422
9553 1 1546
9555 1 1695
9570 1 518
9594 1 994
9608 1 1260
9611 1 1387
9615 1 1341
9626 1 1795
9641 2 525
9643 1 755
9660 1 3500
9663 1 2530
9668 1 1757
9672 1 559
9684 1 1163
9704 1 1126
9705 2 1643
9718 2 922
9723 2 1034
9735 2 1420
9736 1 1415
9737 1 1320
9750 3 1343
9752 7 8096
9761 1 2538
9762 1 1626
9792 1 1049
9799 2 3095
9803 1 732
9804 3 5129
9806 1 6009
9818 1 872
9826 1 2248
9830 1 1997
9842 1 222
9848 1 552
9851 1 675
9861 1 810
9865 1 1205
9866 1 1142
9872 1 764
9881 1 693
9891 1 2022
9926 1 682
9954 3 3197
9955 1 576
9981 1 1819
9982 1 1822
9984 2 842
9995 1 1332
9996 1 2093
9998 1 2317
10001 1 1020
10008 1 1778
10014 1 1179
10022 2 3292
10033 1 8876
10036 2 3455
10039 4 2247
10040 5 1184
10045 1 834
10055 5 520
10065 1 628
10081 1 2613
10083 2 2180
10091 1 1323
10092 1 1363
10093 1 1326
10094 3 1357
10095 1 1392
10101 6 12486
10106 1 825
10146 1 522
10153 2 599
10207 18 878
10213 4 535
10218 1 491
10219 2 3447
10231 1 9229
10239 1 672
10240 2 816
10251 1 1893
10257 1 639
10275 1 1016
10278 2 2690
10285 1 1722
10286 1 1058
10287 1 596
10289 1 8941
10306 1 2363
10307 1 469
10314 6 4681
10319 2 1171
10357 1 573
10359 1 970
10405 1 808
10435 1 638
10445 1 850
10457 1 1648
10482 1 809
10490 1 1137
10493 1 727
10494 1 832
10507 5 730
10528 1 2643
10532 4 871
10534 2 900
10568 1 3196
10585 1 915
10593 6 664
10594 1 729
10615 1 374
10617 1 1222
10647 1 808
10649 2 611
10650 1 322
10651 1 500
10652 2 3224
10653 4 3190
10654 1 3128
10655 1 2947
10656 1 3117
10657 1 122
10665 2 3903
10671 1 1284
10673 1 1504
10678 5 694
10684 1 1501
10687 1 1299
10713 1 2253
10749 3 2979
10750 1 1327
10791 1 836
10792 1 565
10807 1 1169
10808 1 6608
10814 1 870
10842 1 1865
10843 1 1551
10845 2 2183
10864 1 2401
10886 1 849
10889 1 779
10890 1 700
10898 1 1274
10911 1 1405
10920 1 941
10928 1 870
10933 1 840
10940 3 7910
10942 1 1886
10979 1 1181
10989 1 434
10990 1 580
10991 1 1582
11001 4 7028
11010 3 343
11016 1 542
11028 1 970
11053 1 750
11058 1 482
11081 1 1920
11087 1 2013
11103 2 931
11104 3 858
11117 1 1143
11126 1 666
11141 4 2089
11156 1 114
11194 2 1656
11202 1 3466
11203 1 1794
11204 1 1481
11206 1 1491
11208 2 2507
11227 2 931
11229 2 1795
11249 2 5195
11250 1 1537
11258 1 1346
11279 1 1595
11284 1 883
11288 12 9962
11291 3 2301
11295 1 5148
11362 1 2542
11364 2 2608
11381 1 804
11389 1 198
11408 1 1192
11437 2 908
11448 4 970
11449 1 782
11465 2 2175
11466 1 2113
11467 5 3152
11472 3 4154
11480 1 1620
11484 1 1267
11488 7 735
11507 1 3105
11519 17 548
11530 1 656
11564 2 2793
11577 1 1673
11590 1 1805
11603 1 1444
11615 1 1661
11641 1 1329
11666 1 754
11690 14 2544
11691 1 1005
11715 1 1067
11748 1 486
11750 2 661
11764 1 739
11777 1 212
11849 1 351
11853 3 375
11854 1 3272
11855 1 749
11858 1 4134
11861 1 1107
11866 4 1990
11870 1 1148
11887 1 485
11958 1 1894
11967 1 4440
11983 1 420
11990 1 648
11993 2 1874
11995 1 635
12021 1 421
12075 2 47
12100 2 1451
12109 2 5974
12112 1 673
12123 1 485
12136 1 1656
12146 1 2689
12151 4 821
12156 8 13898
12184 1 2062
12200 1 466
12211 1 4041
12214 1 408
12215 3 1073
12217 4 1165
12223 6 6167
12230 1 2936
12231 1 887
12232 3 1252
12255 2 410
12257 1 3211
12267 3 1100
12271 4 692
12272 1 2031
12276 2 3077
12279 1 574
12283 2 935
12304 1 1066
12320 1 1771
12326 1 4527
12331 2 3864
12333 3 782
12338 1 1232
12350 1 1687
12359 2 1241
12365 2 8585
12367 2 9446
12384 2 4014
12412 1 1917
12420 1 1755
12428 1 818
12429 2 988
12433 4 1282
12434 1 2955
12436 2 1371
12455 1 2015
12456 1 4543
12468 1 93
12495 2 3368
12498 2 3985
12501 1 927
12514 3 6560
12520 5 6343
12525 1 1269
12526 2 21005
12585 3 697
12586 2 730
12589 17 768
12601 9 3000
12617 2 1750
12630 1 1046
12635 1 1328
12638 1 6177
12667 1 600
12673 1 6656
12674 1 6435
12690 1 336
12698 6 3392
12701 1 7084
12704 1 5255
12708 1 1605
12710 2 1223
12711 1 2227
12712 1 2391
12745 1 972
12747 5 3912
12748 2 3182
12764 1 1458
12765 3 2402
12766 1 1423
12783 6 4316
12786 1 7289
12801 1 1360
12803 1 1141
12812 1 728
12814 21 46677
12816 1 1426
12827 1 1123
12838 1 2280
12839 4 1142
12858 2 1295
12870 1 761
12889 1 1525
12918 2 2623
12924 1 1943
12925 2 2837
12927 1 993
12930 1 1053
12931 1 1455
12947 2 1366
12951 1 2247
12954 2 1599
12968 1 652
12974 1 4586
12977 1 809
12991 1 941
12992 1 1069
12995 1 424
12996 1 2315
13003 3 4796
13008 1 999
13009 2 343
13044 1 1428
13052 1 1184
13057 1 445
13060 1 3460
13061 1 2559
13066 1 1485
13077 1 588
13083 2 3119
13105 1 2565
13122 9 8864
13126 1 890
13143 1 1436
13150 2 1345
13173 2 7475
13175 1 1506
13192 4 200
13195 1 565
13205 2 2644
13224 1 3401
13227 1 411
13229 2 3224
13230 2 1741
13259 3 616
13297 1 740
13305 1 660
13332 13 14933
13334 2 1410
13336 1 2457
13340 1 1166
13343 1 5631
13356 2 1677
13381 1 4238
13383 1 527
13393 1 3068
13402 1 1313
13403 2 1298
13424 1 568
13426 1 1513
13436 1 898
13452 1 84
13455 1 1324
13470 1 2696
13480 2 2096
13481 1 510
13486 3 7532
13497 3 6632
13499 2 5895
13505 1 1133
13508 4 6492
13515 4 361
13518 3 16194
13521 1 1341
13533 1 1585
13539 1 1648
13546 1 3149
13548 1 6866
13570 1 456
13574 1 1305
13575 4 2070
13615 1 976
13618 3 28398
13623 2 549
13627 2 3259
13629 1 585
13640 1 4066
13645 1 1507
13659 2 3326
13662 1 828
13667 1 873
13683 1 1116
13684 2 12301
13691 3 2873
13695 2 2748
13697 1 3718
13704 1 1002
13706 1 1656
13709 1 1718
13710 1 1819
13711 2 4824
13780 1 685
13794 1 1111
13806 1 779
13817 3 1390
13838 1 965
13841 1 4015
13852 1 875
13853 5 480
13854 1 835
13859 1 651
13863 5 3445
13871 4 6056
13874 1 747
13912 1 6746
13915 1 443
13917 2 799
13928 1 4471
13929 27 1229
13932 1 2151
13933 1 1767
13936 2 3277
13941 1 1949
13942 1 1276
13949 1 762
13950 1 848
13960 1 1096
13961 1 931
13972 2 663
13985 8 11629
14000 1 859
14004 1 1323
14005 1 5769
14006 1 1552
14026 1 925
14042 1 1826
14058 1 834
14080 5 51830
14096 5 2291
14126 2 990
14179 2 2772
14194 4 2591
14206 1 703
14209 1 563
14210 1 1997
14212 5 12149
14214 3 2182
14242 2 727
14264 2 2175
14268 1 573
14269 1 335
14271 8 2963
14272 29 3020
14273 26 2924
14274 11 2909
14277 1 1582
14278 1 1192
14280 6 2667
14281 3 322
14292 2 11958
14313 3 5288
14337 1 2253
14338 1 581
14342 1 115
14347 3 285
14349 1 1424
14361 1 1088
14366 1 1072
14367 3 1792
14373 6 6743
14374 2 3433
14392 1 559
14414 1 1128
14415 1 1577
14431 2 608
14435 2 611
14457 1 891
14459 2 871
14461 2 650
14462 8 710
14491 1 3791
14510 32 6161
14518 1 1186
14520 3 7541
14521 1 248
14529 1 1219
14550 1 3417
14555 1 2701
14561 4 3007
14610 4 1074
14619 1 1446
14620 1 1274
14641 2 897
14649 1 3074
14657 1 603
14659 2 266
14660 1 1279
14662 1 1844
14667 2 1206
14669 1 634
14676 2 863
14686 1 1007
14690 12 1475
14693 1 1549
14721 1 4901
14722 2 6567
14724 1 5113
14732 2 798
14737 1 604
14741 1 964
14752 5 1510
14754 1 1214
14755 1 2245
14756 1 3039
14782 1 1191
14795 7 2968
14808 3 1232
14809 1 542
14827 1 2870
14833 4 7321
14858 2 3107
14860 1 813
14865 1 641
14880 1 1431
14883 1 1025
14885 1 460
14887 2 5014
14987 1 773
14989 3 876
15008 1 303
15028 1 4600
15041 1 872
15048 1 892
15050 3 1758
15071 2 2697
15074 1 355
15075 1 3631
15086 1 1140
15088 2 1087
15094 1 480
15095 1 869
15100 1 1367
15107 1 457
15114 2 1801
15129 2 1527
15132 1 467
15198 2 1662
15203 1 5461
15204 1 3771
15207 1 2664
15209 2 2739
15225 1 828
15245 4 7336
15251 1 827
15256 1 1068
15277 1 1372
15279 1 1500
15281 2 1900
15286 1 360
15289 2 491
15291 1 744
15301 1 5730
15302 2 1004
15303 1 1132
15418 1 2104
15436 2 542
15465 1 496
15467 1 555
15480 1 896
15482 1 791
15485 1 822
15492 1 680
15496 4 1821
15507 1 331
15514 1 934
15527 1 1161
15542 1 481
15557 2 1027
15561 2 481
15568 8 3032
15569 1 3119
15570 23 2982
15571 1 3116
15572 2 3411
15573 25 2920
15574 8 3007
15575 1 3094
15576 1 2773
15604 1 727
15615 1 3882
15617 3 2380
15662 3 2550
15734 1 2035
15735 1 2037
15740 1 1131
15741 1 1130
15742 1 2329
15743 1 2329
15744 1 2328
15753 4 427
15757 4 7636
15810 9 4391
15823 3 906
15829 4 937
15831 1 2451
15833 1 1583
15853 2 1348
15868 1 2468
15876 2 1725
15887 2 3518
15892 1 650
15899 4 655
15900 1 850
15901 3 618
15922 2 3916
15926 2 1584
15937 1 2165
15942 2 1170
15946 1 1554
16006 2 1307
16007 2 6296
16008 2 6422
16009 1 1037
16024 1 1099
16030 1 422
16033 1 884
16100 1 1483
16113 1 1371
16117 1 2540
16154 1 222
16167 1 1204
16183 2 2917
16196 1 1661
16201 1 3976
16205 3 2813
16206 1 2677
16213 4 1047
16214 4 1149
16215 4 821
16228 1 807
16231 1 2052
16235 4 4462
16236 1 5204
16237 4 2746
16238 3 11763
16255 2 2187
16281 3 3429
16282 1 579
16285 1 2520
16294 1 2089
16309 1 668
16311 2 2173
16315 1 979
16321 2 1829
16322 2 2378
16339 1 825
16341 2 9421
16353 1 1250
16365 1 1383
16371 1 727
16393 1 966
16412 1 845
16437 1 2983
16443 4 1618
16454 1 727
16457 1 672
16465 3 3291
16480 1 1705
16481 1 1327
16482 1 1003
16489 3 4179
16490 1 4549
16491 1 6610
16499 1 1594
16501 1 1040
16505 1 1869
16539 1 576
16556 1 1491
16562 1 1204
16573 2 2315
16574 1 2535
16575 1 2548
16577 1 1217
16578 2 1137
16579 1 1174
16581 2 1859
16588 2 1592
16589 1 3703
16591 9 6896
16592 1 2447
16623 2 466
16624 2 1916
16632 1 1018
16634 2 1294
16635 4 7678
16652 2 1090
16667 1 234
16669 2 1384
16674 1 2131
16680 1 333
16714 2 938
16718 1 1664
16719 1 3541
16748 1 3753
16767 1 3326
16784 1 2834
16797 1 2473
16799 1 3514
16801 1 2170
16810 3 2137
16813 1 4537
16841 2 3185
16843 2 15992
16845 2 8711
16846 1 1076
16848 1 1881
16849 3 6516
16850 1 4537
16867 3 1515
16868 1 905
16893 3 5510
16907 3 473
16918 1 1281
16925 1 1943
16926 3 1923
16927 1 540
16932 2 4752
16935 1 3050
16942 3 12267
16943 1 10757
16949 1 654
16950 2 1326
16952 1 7998
16958 1 5800
16959 1 889
16968 1 2878
16971 1 829
16984 1 5305
16991 1 1092
16993 1 1557
16995 4 4866
16997 1 2630
17009 2 3115
17010 4 3499
17012 1 3524
17013 1 9772
17018 3 1528
17021 1 1973
17027 4 6203
17048 1 1204
17052 1 1174
17059 2 1292
17071 4 2160
17085 2 1385
17106 7 3919
17114 2 6140
17121 2 6700
17129 2 3146
17133 1 1532
17140 1 517
17157 1 1062
17158 1 2334
17159 1 1453
17168 1 3800
17184 2 4374
17186 1 2741
17187 1 1065
17189 3 5992
17199 3 1582
17200 2 619
17215 1 266
17216 1 1476
17239 2 2179
17242 5 2797
17247 1 2453
17248 1 2188
17260 2 1596
17261 1 4916
17262 2 3246
17264 2 948
17275 2 368
17288 1 490
17295 2 3426
17303 3 501
17329 1 1123
17347 1 588
17352 2 5098
17358 1 650
17385 6 3998
17402 1 3104
17415 1 578
17419 1 1979
17426 2 7075
17428 1 990
17442 2 3953
17446 1 3664
17458 1 10296
17479 1 1106
17497 1 1775
17503 1 1926
17505 1 5120
17510 3 13439
17512 1 1383
17524 1 645
17555 4 14925
17561 3 498
17562 2 502
17570 3 5402
17572 1 938
17576 4 818
17589 29 12110
17590 1 6514
17592 2 3800
17600 2 2502
17605 1 1687
17613 1 2393
17624 1 1483
17632 1 1226
17634 1 450
17647 1 1549
17651 6 3602
17653 2 5954
17670 1 5050
17679 1 1875
17680 1 1913
17681 2 2190
17684 1 2134
17692 1 993
17704 1 2320
17717 1 3139
17718 1 1941
17730 2 4474
17743 1 1200
17758 16 28986
17780 1 1209
17788 1 2252
17789 1 2222
17790 1 2095
17815 2 2708
17818 2 4410
17821 1 615
17841 1 1098
17843 2 1862
17851 1 963
17852 3 1403
17857 1 1045
17864 1 1385
17869 1 7948
17870 1 2093
17879 1 786
17889 3 749
17901 1 1052
17904 4 6041
17908 3 643
17910 1 607
17921 1 1455
17923 2 1095
17943 1 1248
17981 1 1639
17998 2 1218
18003 4 1231
18008 1 275
18028 3 1889
18031 2 2951
18032 2 3246
18033 8 3046
18034 2 3151
18035 11 2957
18036 1 3329
18037 1 3117
18038 2 3203
18070 1 1477
18082 1 1589
18087 1 2509
18089 1 1509
18100 1 936
18115 1 697
18128 1 1604
18133 1 835
18137 1 1301
18142 1 540
18146 4 5814
18164 1 1451
18173 2 1152
18213 1 2075
18260 24 1437
18263 1 2623
18287 2 1632
18290 1 982
18291 1 945
18303 1 362
18304 2 677
18313 6 1183
18335 1 1042
18344 1 740
18358 1 556
18366 1 2921
18375 1 2129
18382 1 886
18383 1 1509
18384 1 1261
18385 1 6531
18395 5 6885
18396 3 12783
18399 2 1090
18409 1 1928
18413 1 795
18414 8 1361
18415 2 5822
18416 1 1500
18419 6 2124
18453 1 845
18457 2 1389
18458 2 1332
18468 3 1294
18521 1 2145
18526 1 2537
18527 2 2923
18532 3 2296
18565 1 798
18568 1 1372
18571 1 542
18590 8 876
18614 1 1672
18617 2 1998
18622 2 5539
18627 1 1504
18640 1 464
18644 6 2789
18646 1 1083
18650 3 1648
18652 1 2264
18653 1 4815
18654 10 15696
18657 1 2740
18664 1 2209
18665 1 960
18686 2 3449
18688 3 1233
18694 3 1433
18704 1 1305
18719 1 2396
18759 2 2997
18761 1 466
18762 2 911
18769 1 2940
18773 1 1318
18774 1 816
18779 2 2121
18787 2 1516
18793 2 3927
18796 1 694
18798 2 4126
18801 1 1300
18802 1 1147
18807 1 1099
18824 1 3146
18825 2 3098
18828 1 665
18833 1 899
18849 1 2585
18879 1 3453
18881 1 2780
18912 2 608
18930 1 2682
18933 2 6035
18945 4 6732
18951 1 5208
18952 5 1218
18955 2 1036
18956 2 1036
18961 1 690
18965 1 20789
18966 1 7427
18975 1 878
18996 1 600
19000 1 1062
19001 1 1062
19008 2 1510
19023 1 2348
19042 1 3327
19043 2 4707
19045 3 3919
19071 1 669
19075 1 1178
19079 2 16454
19095 3 4478
19117 1 1805
19124 1 1758
19131 6 3297
19152 2 1335
19153 1 3019
19158 1 1770
19164 1 999
19165 1 1782
19190 2 717
19229 2 1661
19309 1 2189
19375 1 4252
19383 1 3259
19391 2 3144
19401 1 683
19490 2 952
19494 1 604
19504 14 6279
19545 1 9624
19559 2 6375
19561 1 5606
19570 1 2209
19583 1 769
19607 1 394
19613 3 1146
19617 1 759
19628 2 1346
19636 5 1326
19643 2 3951
19651 1 2122
19656 3 5073
19664 4 4781
19672 3 924
19677 4 4468
19678 3 6792
19680 1 5229
19681 5 10198
19682 1 1081
19686 1 4573
19690 1 2088
19697 1 2330
19702 1 701
19705 1 614
19707 1 1040
19709 1 504
19713 2 537
19718 5 852
19731 6 672
19732 3 1155
19737 1 501
19741 3 757
19742 3 680
19743 3 753
19744 3 753
19745 3 754
19746 3 752
19747 3 729
19750 3 754
19752 3 757
19753 3 755
19767 1 969
19786 1 655
19818 1 4232
19825 1 643
19835 2 1651
19836 1 719
19838 2 1452
19839 1 801
19845 2 1231
19863 1 1885
19869 1 2203
19893 1 6194
19896 4 4758
19901 1 1057
19902 1 3107
19928 2 2193
19929 1 1291
19933 1 1797
19943 1 1820
19969 1 2159
19982 1 1251
19984 1 3052
19985 3 8977
19987 2 3502
19996 1 885
20001 1 2461
20006 1 2516
20007 1 631
20011 1 689
20017 2 5287
20022 1 985
20026 1 1825
20030 2 4962
20100 1 63
20134 1 67
20141 3 928
20142 2 598
20154 10 3393
20164 3 1062
20200 10 30304
20211 1 1460
20240 2 910
20246 1 878
20247 2 815
20252 1 3211
20258 1 1250
20259 1 1301
20260 1 1299
20275 1 1592
20294 8 3768
20307 1 914
20310 2 4111
20311 1 733
20322 1 669
20330 1 636
20347 1 444
20350 2 1183
20369 1 781
20370 1 1259
20397 1 3730
20405 1 1411
20421 12 12627
20425 8 3934
20430 1 927
20432 1 2495
20605 3 597
20653 3 6960
20672 2 1292
20676 3 606
20677 4 8655
20679 2 6821
20682 4 5585
20684 1 12924
20688 4 1596
20698 2 3736
20703 1 3191
20707 4 35797
20708 1 24696
20711 1 6388
20713 1 3777
20717 1 751
20718 1 1829
20745 3 1505
20775 1 1001
20789 1 916
20797 1 650
20800 1 1099
20806 2 1566
20808 1 1960
20811 1 4558
20831 3 5707
20833 3 5441
20861 3 2236
20866 1 1137
20870 1 4517
20900 2 1355
20903 1 2764
20907 4 2997
20918 1 801
20920 1 1439
20921 1 983
20924 1 1135
20925 1 931
20936 2 2518
20947 1 1003
20949 1 1116
20963 1 523
20969 1 1019
20976 2 1898
20977 2 2515
20978 10 1565
20981 2 4198
20988 2 1264
20990 3 2056
20995 5 1840
20996 1 363
21046 3 10160
21050 1 1359
21051 2 1656
21052 1 526
21053 1 1087
21062 2 2438
21072 1 780
21074 5 5552
21076 2 1311
21083 1 2413
21084 2 1596
21114 1 1404
21200 7 3347
21202 1 758
21241 2 4794
21246 1 465
21251 4 1022
21254 1 736
21262 1 2285
21263 6 1339
21265 1 1264
21266 1 4449
21299 8 9163
21300 2 1461
21316 1 769
21317 1 2286
21318 1 7108
21321 1 7104
21328 2 2276
21339 1 4745
21352 1 1524
21358 3 578
21359 2 13839
21361 1 1874
21375 1 565
21389 3 3999
21391 3 4613
21395 1 236
21397 2 617
21403 1 1316
21405 1 580
21406 1 304
21411 3 3667
21430 1 3084
21456 1 1779
21459 1 817
21472 1 1719
21484 1 1764
21490 2 4936
21495 1 1825
21503 3 13267
21507 3 7373
21525 1 2178
21527 3 6412
21528 1 893
21529 1 2347
21530 2 2863
21542 1 37742
21549 2 168
21550 1 688
21552 1 3528
21559 1 1049
21563 1 2416
21564 1 779
21571 1 1372
21610 5 1218
21628 3 1456
21633 1 904
21637 4 10855
21640 1 1328
21641 1 1648
21644 5 11884
21647 1 814
21648 1 6487
21661 2 5628
21662 3 3618
21696 1 480
21701 8 1549
21702 1 3125
21713 2 1310
21720 1 969
21731 2 380
21744 1 836
21755 1 788
21756 1 2820
21758 1 2344
21763 1 1527
21767 2 6211
21770 2 4733
21777 1 1090
21803 2 1062
21807 5 1202
21809 1 1129
21816 1 575
21837 1 825
21840 2 6308
21852 8 6758
21853 1 999
21862 1 3630
21865 2 2056
21879 1 554
21880 1 184
21882 3 1265
21885 1 1533
21890 1 2113
21892 1 383
21897 1 2020
21900 1 1945
21901 1 252
21904 1 2015
21905 1 688
21913 1 3148
21923 3 807
21925 1 1122
21932 1 659
21936 1 564
21944 1 1690
21951 1 1086
21953 1 1123
21955 2 2133
21960 8 7778
21972 1 2236
21974 1 2768
21992 1 1844
21996 1 2579
22022 2 916
22032 2 4462
22052 1 1487
22072 14 987
22078 2 579
22079 2 5115
22092 3 8456
22093 4 10393
22141 1 2921
22161 2 6376
22163 1 2087
22166 5 1970
22167 1 391
22170 1 534
22191 1 1914
22198 1 2137
22201 1 696
22204 1 532
22214 1 1094
22216 7 13756
22232 1 390
22327 1 34
22384 1 390
22397 1 1170
22414 1 1144
22447 2 821
22448 2 544
22449 1 180
22451 2 944
22454 1 507
22456 1 1938
22469 2 912
22478 1 1558
22487 2 1766
22505 1 899
22516 5 1048
22522 1 1218
22523 8 3123
22524 1 3107
22525 8 3022
22526 9 2933
22527 2 2945
22528 4 3156
22536 4 3918
22547 3 5064
22554 1 875
22564 2 1455
22584 2 2300
22588 2 1983
22591 1 2289
22609 2 1445
22610 1 1706
22611 1 992
22624 1 1920
22631 1 1807
22869 1 1378
22878 1 1217
22881 2 1554
22887 1 4212
22903 1 931
22904 2 1053
22906 6 6036
22908 1 2390
22909 2 1035
22911 1 1590
22922 2 2658
22926 1 1353
22944 1 288
22947 3 791
22996 2 834
23002 1 227
23019 2 726
23021 3 4030
23025 2 1343
23043 1 459
23053 1 151
23058 2 810
23064 3 7447
23070 1 1018
23128 5 762
23129 1 438
23134 3 2296
23147 2 411
23213 1 950
23216 1 946
23221 1 647
23230 1 353
23242 1 216
23283 1 4182
23340 1 169
23362 2 1820
23370 1 1836
23371 2 1501
23375 1 839
23378 1 973
23411 1 2833
23422 1 1581
23424 1 604
23453 1 1593
23456 5 1132
23460 1 1670
23464 1 3921
23466 1 2473
23484 1 310
23489 9 7818
23491 1 580
23494 8 579
23514 4 8145
23521 1 1803
23548 1 36
23549 5 1477
23554 1 475
23558 1 1014
23559 2 2529
23563 1 936
23567 2 2368
23568 1 1244
23582 1 153
23583 3 3023
23588 1 2167
23599 1 349
23658 2 603
23671 1 7612
23675 2 1065
23687 1 2530
23714 2 766
23720 1 1499
23734 1 1825
23745 1 2692
23747 1 2274
23748 2 4770
23751 1 1862
23752 1 2089
23765 7 11324
23771 3 1389
23774 1 575
23777 1 1334
23782 1 1258
23785 2 577
23792 4 1958
23817 2 601
23821 1 733
23896 1 3005
23968 1 579
23970 1 297
23979 2 726
23993 1 78
24071 1 105
24078 1 401
24096 2 3824
24118 2 2970
24119 6 14616
24121 1 1121
24131 1 212
24152 1 1364
24153 1 1241
24156 1 1837
24157 2 10311
24164 1 1966
24171 1 446
24186 2 1580
24189 2 2072
24203 1 1006
24208 1 696
24219 1 7326
24224 2 416
24229 2 631
24235 1 1229
24237 1 540
24251 1 1677
24254 1 4321
24267 1 1344
24268 1 1365
24274 1 623
24366 1 875
24368 1 1647
24371 2 1319
24383 1 1705
24390 2 3496
24424 1 2471
24439 1 1008
24444 2 1797
24451 1 2059
24452 1 2427
24457 3 5563
24460 1 1835
24462 1 8468
24468 1 349
24471 1 518
24472 2 2226
24479 1 2991
24481 1 625
24488 2 1218
24502 2 2202
24506 8 7516
24513 1 1816
24533 1 1045
24534 1 127
24541 3 5645
24542 1 979
24547 1 918
24553 2 426
24556 2 2926
24557 1 994
24567 1 1635
24572 1 915
24573 1 2513
24574 2 3225
24575 1 1205
24579 1 834
24589 1 769
24590 1 4782
24591 1 4881
24592 1 4881
24593 1 1736
24596 1 3667
24616 3 6643
24618 2 1160
24619 1 1922
24659 1 28
24668 1 6702
24684 1 456
24687 2 453
24698 2 651
24705 1 500
24713 1 3212
24714 1 575
24728 2 2573
24729 2 2591
24731 1 1332
24737 2 1993
24738 10 4416
24747 1 5509
24749 2 4668
24750 2 6415
24775 10 6446
24777 1 896
24781 1 464
24787 1 437
24803 2 5803
24804 1 513
24807 3 3878
24820 2 1367
24833 1 1145
24837 1 1425
24840 6 9627
24842 1 3916
24847 10 1506
24848 1 1701
24853 1 398
24863 3 1907
24873 1 789
24884 4 7321
24885 4 7349
24886 5 7415
24887 5 7415
24888 5 7415
24897 1 4588
24898 1 4667
24914 1 1788
24922 2 1786
24929 1 1195
24930 1 726
25001 1 58
25010 2 984
25018 7 1696
25019 7 913
25028 1 1149
25039 1 368
25040 1 340
25053 11 1722
25062 1 1262
25063 2 814
25064 1 1909
25066 1 1878
25068 1 945
25069 3 1507
25087 4 1470
25089 1 294
25090 2 6934
25108 3 601
25112 1 875
25114 1 551
25118 1 775
25121 4 1670
25138 1 503
25154 4 4423
25173 1 472
25175 1 4293
25177 5 1136
25178 3 1106
25183 1 551
25188 2 1153
25190 1 1528
25194 1 1545
25233 3 4985
25234 2 4341
25235 6 7935
25242 3 2763
25246 1 2093
25248 2 1068
25260 2 1048
25265 1 2233
25266 2 937
25303 1 167
25329 2 1614
25330 1 1134
25331 3 1132
25332 1 874
25384 1 440
25402 2 1389
25403 1 880
25405 1 730
25406 1 698
25409 2 4429
25418 2 1316
25420 1 1176
25432 1 835
25443 1 248
25447 2 833
25468 1 269
25472 1 1286
25474 2 3568
25475 8 3015
25476 8 3033
25477 2 3314
25478 1 3302
25479 8 3085
25484 1 711
25487 1 2868
25506 1 915
25507 2 1510
25517 1 295
25519 1 420
25523 1 1166
25535 2 1634
25542 1 2369
25546 2 3100
25547 2 3685
25553 1 3595
25562 4 3195
25568 1 2008
25590 29 1824
25591 29 1824
25596 2 962
25597 2 967
25655 2 2371
25656 1 4885
25659 2 251
25697 2 1111
25699 1 501
25718 3 3888
25727 2 726
25735 1 437
25745 6 730
25756 1 902
25762 1 171
25764 3 2679
25770 1 1009
25771 1 2483
25772 1 2171
25782 2 1018
25809 2 1289
25810 2 1591
25815 1 1594
25832 1 1204
25834 2 862
25841 1 563
25852 1 698
25860 5 1015
25878 2 717
25900 1 990
25902 1 2698
25948 2 158
25957 1 1091
25959 1 731
25964 1 4294
25969 4 1852
25977 2 1118
25985 1 558
26014 1 312
26054 2 1978
26073 4 874
26075 3 3348
26087 1 1369
26095 1 5070
26107 2 721
26112 1 972
26124 2 597
26149 1 180
26153 2 848
26154 1 1382
26163 4 8177
26167 1 1204
26182 1 34
26184 1 685
26195 1 1803
26198 1 576
26218 1 3037
26223 1 946
26235 1 3242
26238 1 1609
26241 2 5926
26245 5 884
26258 6 7349
26329 1 804
26333 2 1024
26337 2 1218
26343 1 4639
26351 2 1903
26353 1 1541
26385 1 2163
26388 1 3682
26427 3 912
26434 1 3200
26449 2 7560
26459 3 1563
26470 1 1686
26473 1 1023
26482 1 495
26488 1 1436
26498 2 32423
26507 1 4226
26516 1 2569
26534 2 3621
26541 1 4809
26596 1 412
26615 1 564
26622 2 3312
26631 1 8025
26663 1 1859
26674 1 680
26681 1 463
26694 2 760
26709 1 2025
26710 1 638
26723 1 1586
26727 2 4405
26739 4 615
26741 1 777
26742 1 982
26755 1 2434
26771 2 1094
26772 2 1743
26773 2 833
26783 2 703
26814 1 1736
26821 1 4111
26825 1 2133
26852 1 834
26863 1 1540
26870 1 3124
26874 1 555
26889 1 1805
26891 1 2493
26904 1 421
26909 1 1645
26940 1 584
26941 1 630
26947 2 1581
26974 4 1029
26978 2 1136
27031 1 1129
27036 1 6909
27055 1 584
27061 6 146
27063 1 123
27080 2 721
27098 2 1974
27121 1 845
27131 1 1909
27152 2 1516
27156 9 692
27162 2 1964
27170 1 1435
27171 1 1261
27174 1 2438
27199 1 2023
27203 1 306
27238 3 1588
27279 2 1412
27300 2 2411
27308 3 7530
27310 2 1076
27321 6 7344
27345 6 1252
27391 1 4345
27392 1 4376
27394 1 1701
27395 1 1232
27396 1 2172
27400 1 1468
27431 2 2548
27460 1 653
27475 3 5550
27485 1 1270
27489 1 655
27502 1 560
27520 1 3462
27524 1 2332
27525 1 1284
27541 1 461
27564 4 454
27565 1 437
27568 2 2345
27571 1 489
27574 6 1312
27586 1 2066
27587 1 1067
27601 1 1888
27613 1 3476
27619 5 1247
27621 1 715
27625 1 2383
27626 1 1130
27662 1 621
27665 2 870
27677 1 765
27684 2 758
27685 2 756
27686 2 760
27706 3 1893
27709 1 887
27736 1 182
27742 1 1177
27769 2 1391
27777 1 2817
27809 5 1060
27812 1 3494
27813 8 1873
27819 2 1332
27821 1 981
27824 4 2281
27827 1 2297
27830 3 5835
27831 3 1261
27832 1 1102
27833 1 795
27841 3 1689
27845 2 821
27848 1 1948
27852 1 5540
27853 2 3446
27862 1 8511
27868 1 2792
27872 3 3102
27876 2 1111
27883 2 4980
27885 1 1416
27925 3 2804
27936 1 877
27971 1 1073
27983 1 1113
27988 1 338
27994 2 306
27997 1 689
28004 1 428
28034 1 1005
28039 2 1292
28040 2 4385
28047 1 907
28048 1 1522
28056 3 1056
28057 2 737
28074 2 1848
28081 1 1204
28091 1 2614
28098 3 10589
28100 1 1191
28108 1 561
28117 1 2403
28123 2 7111
28137 2 330
28202 1 1911
28203 1 1911
28204 1 1911
28222 1 152
28223 1 1145
28230 1 1438
28240 1 1341
28252 1 206
28261 5 11790
28266 1 1597
28271 2 1650
28278 2 558
28282 1 309
28290 1 712
28292 1 796
28296 1 3859
28312 1 795
28315 7 755
28321 2 562
28334 2 1855
28349 1 788
28414 1 3568
28419 1 3437
28420 1 573
28430 8 2319
28446 4 9326
28451 1 814
28459 1 5561
28460 1 5545
28467 1 8583
28468 1 8583
28469 1 8615
28471 1 1574
28473 3 1706
28477 3 3627
28491 2 4917
28566 1 474
28639 1 2821
28661 1 595
28662 1 730
28663 1 903
28671 1 1093
28675 1 1685
28676 1 229
28689 8 1875
28701 1 291
28702 2 1503
28719 1 446
28727 1 670
28728 1 674
28730 1 1156
28733 3 135
28773 1 2068
28781 1 2730
28797 3 3851
28798 1 1425
28799 1 4713
28806 3 4379
28812 1 680
28822 1 2051
28826 1 2041
28829 6 1738
28838 1 3316
28840 2 12057
28858 1 1311
28860 1 652
28867 2 765
28871 1 2000
28881 2 2326
28917 1 911
28946 1 974
28959 1 1911
28960 1 1911
28961 1 1911
28962 1 1911
28963 1 1911
28964 1 1911
28978 1 1473
28981 1 1946
28987 1 148
28993 1 559
29016 1 740
29064 1 1128
29066 7 1322
29072 3 698
29079 1 486
29085 1 313
29107 1 793
29120 4 1210
29140 3 1340
29152 2 1988
29171 2 1853
29180 6 3520
29188 4 1235
29192 2 724
29283 2 1840
29352 3 2338
29372 2 1389
29374 1 665
29380 1 1056
29414 4 1661
29418 1 3556
29427 1 918
29436 2 1447
29446 3 2735
29490 1 622
29491 3 3124
29492 1 3204
29493 2 3306
29494 8 3066
29495 1 3137
29496 1 2933
29497 8 2942
29498 1 2955
29508 1 2855
29513 3 528
29519 24 8686
29523 4 10213
29530 1 1631
29557 3 7051
29565 1 447
29570 1 1177
29575 1 568
29584 1 1507
29599 2 1621
29608 5 1950
29617 1 737
29619 3 1879
29625 4 10200
29628 7 3312
29634 1 1038
29636 1 770
29637 6 2315
29641 4 354
29648 2 8110
29670 1 1640
29671 1 1645
29672 1 1641
29675 2 963
29681 1 2182
29682 1 2183
29690 1 2211
29691 1 2211
29715 2 4501
29721 1 6842
29722 2 9450
29785 1 1968
29798 1 220
29803 1 2905
29806 1 1218
29825 1 3891
29827 1 1467
29828 1 1349
29837 3 902
29842 1 1058
29843 5 921
29845 1 873
29857 1 731
29875 1 2653
29876 1 1991
29882 1 398
29887 2 3070
29890 1 438
29891 2 4871
29892 2 947
29894 2 489
29896 1 1023
29910 1 5908
29912 1 246
29914 1 2420
29927 1 601
29948 1 425
29958 1 634
29969 1 477
29972 1 53
29975 1 1410
29976 2 1058
29977 1 1200
29979 1 1172
29981 1 1139
29987 1 1548
29988 1 431
29991 4 10803
30005 2 496
30039 1 848
30064 1 1072
30128 1 1329
30137 1 5022
30144 1 1037
30164 1 2045
30175 1 392
30185 1 785
30194 1 1245
30198 3 1213
30241 2 486
30261 1 977
30266 5 665
30277 1 1384
30283 1 1092
30293 2 6059
30299 1 316
30303 1 5165
30325 1 1728
30352 1 5973
30353 1 3848
30369 1 2927
30375 3 947
30404 1 1125
30405 1 1071
30406 1 1136
30433 2 4735
30438 1 1750
30481 1 967
30519 1 5484
30536 1 820
30555 1 4027
30561 1 730
30563 3 755
30564 3 754
30566 3 753
30580 1 952
30599 4 924
30602 1 3594
30605 1 1929
30606 1 2666
30609 3 3139
30639 6 8117
30646 2 3639
30697 1 764
30698 1 698
30708 1 1734
30715 2 1052
30752 1 1610
30799 1 2179
30802 1 2179
30810 1 1740
30848 1 1294
30868 2 2055
30889 1 725
30894 1 375
30895 2 1043
30902 1 1476
30909 3 470
30925 1 562
30926 4 1007
30936 1 2343
30955 2 1113
30962 1 292
30964 6 1304
30971 2 1467
30972 1 877
30974 1 990
30996 1 144
31045 3 24677
31052 2 3636
31058 1 3446
31061 2 1776
31105 1 989
31141 1 742
31148 1 212
31152 2 419
31154 1 493
31180 1 2360
31218 1 477
31220 1 691
31235 1 1666
31236 1 1725
31239 1 429
31242 1 867
31252 1 521
31267 1 7536
31298 1 545
31300 1 446
31320 1 2381
31327 1 3711
31328 4 3214
31329 8 3009
31330 1 2751
31331 8 2964
31332 9 3032
31337 2 5832
31357 2 1173
31360 2 3008
31406 2 3326
31410 1 2031
31415 1 1059
31430 1 1299
31440 1 955
31444 2 3894
31448 1 3221
31449 1 1693
31486 1 967
31494 1 233
31513 2 1104
31518 7 5634
31543 1 2159
31544 1 2626
31557 2 64
31560 1 2403
31585 1 870
31598 2 1064
31601 1 982
31611 1 741
31623 1 8156
31629 1 202
31643 1 1250
31649 1 805
31656 1 303
31678 1 695
31681 1 211
31689 1 2682
31692 1 1527
31693 1 3857
31695 1 1371
31703 6 1955
31711 1 834
31717 1 6445
31723 1 9877
31728 2 1238
31731 1 3982
31735 1 1164
31738 1 1012
31742 5 411
31744 1 7219
31755 1 1317
31763 2 2057
31777 1 773
31821 5 4061
31822 6 3213
31829 10 14263
31851 1 591
31859 2 1265
31865 1 144
31874 1 640
31880 1 450
31881 1 1085
31927 1 1875
31929 2 15160
31930 1 4739
31935 1 2200
31936 2 3664
31945 2 2616
31949 2 6125
31954 1 2261
31965 1 728
32000 1 746
32008 1 626
32023 1 2558
32042 2 828
32043 1 943
32121 2 2253
32123 5 9539
32152 1 521
32192 1 945
32198 1 823
32200 1 968
32238 3 4115
32274 1 543
32285 1 440
32287 8 3033
32288 1 3260
32289 1 2992
32290 1 3009
32291 1 3102
32292 2 3278
32293 2 3048
32294 1 3074
32295 1 3206
32296 26 2955
32297 1 3273
32298 1 3261
32299 1 3515
32300 8 3026
32301 1 3186
32302 4 3115
32303 8 2974
32304 1 2871
32328 1 1109
32329 1 5073
32360 2 1518
32381 1 668
32388 10 24490
32392 10 1641
32407 1 1478
32420 1 571
32470 2 1052
32473 1 833
32489 1 784
32491 5 6991
32496 1 608
32551 1 1569
32569 2 1631
32575 2 292
32581 1 1008
32601 1 1044
32603 1 753
32604 1 773
32605 1 1050
32609 1 443
32613 1 625
32631 1 448
32632 1 1721
32647 1 906
32666 1 2788
32675 1 477
32687 1 1255
32704 6 2103
32714 1 969
32716 1 477
32743 4 1903
32745 1 1022
32753 1 1998
32758 1 1307
32759 1 1321
32774 2 814
32795 1 587
32797 1 182
32803 1 1009
32809 1 719
32824 1 2602
32832 1 792
32847 1 2340
32851 1 946
32905 1 686
32963 6 572
32972 2 11367
32976 1 1811
32980 4 530
32986 2 3067
32992 1 835
33007 1 495
33056 1 512
33065 1 2052
33072 1 829
33078 1 5728
33079 2 3096
33080 1 2203
33084 1 1311
33113 2 813
33114 2 955
33115 2 978
33141 6 1413
33149 1 57
33150 1 2622
33167 3 1396
33179 2 2037
33188 2 10275
33189 3 1759
33202 3 1394
33220 1 1178
33228 1 382
33237 1 751
33240 4 9576
33251 1 2034
33261 1 726
33277 2 2857
33279 1 1074
33307 1 154
33310 1 9499
33312 6 2285
33316 2 672
33328 2 3420
33333 2 6676
33334 1 2979
33335 1 9267
33358 2 553
33367 1 1062
33403 2 5506
33407 3 654
33410 4 380
33413 1 845
33420 2 1024
33435 1 698
33456 1 957
33481 1 163
33494 4 11341
33499 2 590
33504 1 1979
33509 2 2659
33542 1 572
33543 1 366
33550 1 1909
33577 2 863
33584 1 1680
33585 4 3694
33590 2 3769
33600 1 711
33601 2 995
33611 1 1184
33617 1 557
33622 1 1668
33624 1 964
33631 1 2116
33640 1 690
33645 1 1102
33647 2 1671
33679 1 1064
33703 1 18894
33710 2 1002
33725 3 566
33745 1 607
33754 1 661
33767 1 810
33778 1 1184
33779 1 1792
33786 1 3235
33802 1 1659
33806 3 2866
33819 2 4941
33822 1 756
33825 1 1053
33847 1 7078
33850 1 1130
33857 2 644
33870 3 2415
33872 1 1046
33875 1 726
33876 4 1623
33895 1 1427
33898 1 552
33901 2 1734
33917 2 1937
33924 3 11847
33926 4 953
33931 1 997
33934 1 833
33937 4 14231
33938 2 5544
33942 1 1795
33948 1 1368
33979 1 1410
33988 1 1595
33993 1 845
33995 1 315
34001 1 1517
34004 3 5029
34025 1 839
34029 1 3971
34039 4 23394
34048 1 922
34051 3 600
34059 2 1599
34081 1 3468
34085 1 4021
34097 1 1166
34100 1 837
34115 1 1103
34143 4 2404
34151 1 1688
34154 1 547
34173 1 1284
34175 3 2354
34179 2 1686
34180 3 450
34192 1 1198
34197 1 2057
34200 2 1477
34209 1 1701
34218 1 178
34222 2 3470
34232 1 734
34266 6 3285
34285 4 1511
34287 1 2048
34289 5 2981
34298 2 6813
34303 2 4581
34308 1 581
34318 1 1326
34324 2 692
34329 2 676
34332 2 758
34339 1 1150
34374 1 381
34395 1 2479
34400 1 1529
34407 1 201
34435 1 729
34438 2 1066
34456 1 1514
34465 1 5422
34482 2 1107
34496 5 1346
34502 1 586
34505 1 3691
34514 1 2438
34521 2 3172
34528 1 3693
34535 1 3465
34548 2 2298
34563 1 2401
34564 3 1271
34574 1 2252
34578 1 2374
34583 2 4980
34586 1 663
34610 2 310
34626 2 852
34661 3 22673
34670 2 1968
34688 2 493
34696 1 2011
34709 1 727
34715 1 489
34725 1 827
34736 1 1326
34745 1 3957
34757 1 1160
34765 1 1628
34770 1 709
34771 1 1220
34774 2 1968
34799 1 159
34803 3 206
34804 1 3895
34807 1 582
34809 1 443
34819 1 2388
34827 1 1335
34842 1 675
34860 1 3758
34868 1 147
34899 1 554
34901 5 18201
34913 1 877
34938 1 5944
34944 1 946
34945 2 745
34949 2 1920
34952 2 915
34954 1 779
34973 1 1217
34977 1 1179
34993 1 853
35041 2 7162
35047 1 1718
35056 1 753
35069 5 3840
35073 1 1101
35077 1 753
35135 4 182
35149 15 9307
35151 7 4287
35155 1 589
35156 1 673
35229 2 997
35291 1 402
35325 2 1767
35333 2 5425
35340 3 4545
35341 2 814
35343 1 1162
35344 1 1355
35345 1 1795
35358 1 1042
35363 2 1516
35368 15 2496
35373 1 1558
35391 2 624
35395 1 1776
35396 1 1669
35399 1 6478
35452 1 540
35488 2 1679
35489 1 1348
35504 2 1747
35508 1 640
35513 1 481
35515 1 949
35535 2 1007
35546 2 450
35590 1 441
35594 1 898
35603 1 790
35626 1 224
35645 5 3206
35661 1 405
35662 1 3127
35683 1 1542
35688 1 705
35703 2 1010
35712 3 1347
35720 2 4608
35724 1 2406
35732 2 981
35743 2 4461
35754 2 1157
35762 1 742
35771 7 5813
35828 2 5244
35831 1 3206
35833 1 1394
35840 2 5256
35842 2 1606
35852 1 3364
35861 2 10960
35877 1 1096
35888 1 1614
35893 18 1446
35911 1 515
35913 1 507
35928 1 967
35934 1 924
35946 1 3409
35951 2 2034
35955 1 1580
35983 2 2665
35993 1 1442
35994 3 743
36002 1 304
36018 3 1940
36036 3 746
36040 1 1563
36049 1 720
36051 2 3640
36083 1 1627
36084 1 1618
36091 1 2113
36096 1 914
36100 1 3371
36109 3 12698
36113 3 842
36128 1 1319
36137 1 2930
36138 1 729
36139 2 1353
36177 1 2374
36178 3 4277
36229 1 1405
36236 4 485
36239 5 2990
36241 1 685
36242 4 1042
36243 1 395
36263 3 1184
36268 1 1022
36276 2 1101
36284 2 1599
36285 1 1329
36286 1 1718
36289 2 1392
36294 1 3160
36295 2 882
36298 1 1028
36300 2 3570
36311 2 2920
36312 1 1698
36336 3 5447
36350 3 893
36363 1 2502
36376 1 304
36391 3 7515
36392 3 6574
36393 3 6574
36414 11 3031
36424 1 1300
36432 1 744
36440 1 2527
36460 2 778
36480 1 446
36489 1 962
36497 1 1543
36498 6 8241
36501 2 900
36503 2 651
36505 1 622
36519 1 684
36529 1 576
36531 1 405
36548 3 1059
36557 1 952
36603 1 1068
36614 15 2919
36616 2 806
36628 4 4247
36674 1 889
36675 2 6019
36677 2 2268
36685 1 3543
36688 1 1758
36692 2 1033
36711 1 50
36713 4 851
36716 2 1024
36717 2 1007
36722 1 419
36728 2 1234
36732 4 18263
36737 2 707
36746 9 1073
36750 3 1341
36754 5 1714
36760 1 1102
36770 1 2401
36796 2 1826
36810 1 338
36832 9 4358
36834 1 1612
36852 1 2431
36882 1 6259
36884 1 1553
36918 5 1129
36945 3 21910
36995 3 1643
36999 2 867
37001 3 909
37023 1 2246
37025 1 811
37036 2 1014
37039 1 1824
37040 2 2087
37053 3 2470
37054 1 1105
37061 1 174
37070 2 2552
37073 2 882
37106 1 3136
37126 1 1157
37127 1 1188
37128 1 1079
37164 19 3578
37172 1 2396
37175 2 1376
37182 1 13117
37193 2 4630
37196 1 1139
37197 4 3237
37200 3 724
37214 3 528
37241 2 170
37261 1 1582
37278 1 2964
37285 3 2205
37310 2 7113
37323 2 7159
37324 1 5244
37326 1 833
37334 1 317
37335 1 4505
37357 1 917
37361 1 1594
37362 2 1647
37369 1 5846
37373 5 732
37385 1 1327
37391 1 767
37407 3 1372
37409 1 2886
37415 1 5377
37423 4 13622
37425 1 4184
37426 1 1141
37427 3 7481
37431 2 258
37432 1 1132
37434 1 6835
37436 5 9722
37454 4 8351
37456 1 2083
37484 3 682
37485 3 679
37486 3 757
37489 1 991
37496 1 2380
37514 2 866
37520 2 1281
37521 1 3207
37534 1 1033
37546 3 2709
37550 1 1723
37567 5 2983
37573 1 551
37579 1 4434
37583 2 1026
37591 7 1574
37594 3 1661
37595 4 1332
37596 4 1780
37598 1 1621
37616 2 8646
37628 1 1169
37657 1 1079
37666 2 66
37701 1 613
37708 2 894
37709 1 1372
37711 1 674
37712 3 8990
37718 4 938
37721 1 1814
37724 1 2484
37731 1 692
37733 1 1162
37734 1 3488
37739 2 3012
37747 2 4991
37779 1 577
37830 1 484
37840 19 883
37845 3 1490
37873 1 842
37879 5 645
37881 2 1592
37885 1 814
37892 2 5282
37895 1 1340
37928 3 3618
37929 1 2603
37932 4 17484
37949 1 2150
37956 1 735
37959 1 3028
37961 1 2110
37962 1 2971
37964 1 2710
37986 1 3131
37996 3 874
38000 1 1429
38002 1 678
38004 5 2166
38008 5 1010
38012 1 1140
38014 1 1335
38016 1 669
38018 1 902
38019 1 1935
38027 1 1907
38059 1 1549
38062 7 2930
38069 2 3382
38073 1 1947
38074 1 1582
38077 1 968
38094 3 2311
38123 2 2113
38128 1 689
38135 9 2718
38159 1 1705
38166 1 1380
38199 2 2577
38202 1 457
38213 1 660
38229 3 4034
38237 2 4950
38249 1 188
38279 4 2423
38289 1 1007
38309 1 1508
38317 2 1215
38323 1 425
38351 3 2567
38356 1 1322
38367 1 2157
38374 2 1606
38375 3 1735
38380 2 976
38383 1 443
38405 1 2475
38408 1 2338
38413 3 6145
38432 2 1013
38433 32 2018
38434 32 2883
38435 1 1582
38443 3 1740
38447 1 2944
38452 2 1545
38470 1 774
38506 1 725
38512 3 1647
38518 2 974
38528 1 1129
38530 1 1502
38533 2 1601
38538 1 1115
38545 1 1123
38546 1 1129
38547 1 1121
38548 1 1153
38562 1 519
38564 1 4067
38574 4 2305
38576 1 1706
38586 8 3019
38603 1 780
38604 1 707
38611 1 5792
38615 1 1026
38617 1 196
38627 1 1433
38628 1 1814
38638 1 617
38642 1 1372
38649 1 797
38660 1 1365
38665 2 376
38672 2 1650
38685 1 2596
38692 1 1658
38694 1 1649
38712 4 9962
38715 3 5564
38725 1 2848
38743 2 1028
38752 1 1447
38769 1 854
38773 1 1344
38794 1 2594
38796 1 3677
38811 1 1238
38814 1 1811
38841 1 1307
38851 1 4217
38859 3 557
38875 2 1645
38891 2 3038
38894 1 828
38896 2 1300
38910 1 7766
38916 1 6621
38929 1 709
38938 2 2006
38968 1 1028
38995 1 360
38999 1 4065
39001 4 4864
39012 1 1147
39021 1 896
39038 1 1980
39043 4 685
39054 1 1497
39085 3 4795
39090 1 1090
39115 2 1536
39128 1 1085
39134 1 423
39136 7 1787
39140 3 1160
39143 11 2279
39145 1 275
39150 1 877
39164 2 2936
39165 1 1217
39166 1 1097
39167 1 1736
39168 1 1160
39170 1 1347
39175 1 3064
39182 1 3168
39183 2 4477
39193 1 3626
39198 1 2105
39199 1 1404
39240 1 1187
39241 2 7079
39243 1 1097
39244 1 1045
39245 7 4290
39255 1 1425
39257 2 2445
39258 2 1773
39273 1 1081
39275 1 1055
39277 1 2053
39278 1 5705
39279 1 5440
39280 1 2767
39299 1 1321
39301 2 12335
39305 1 783
39318 2 2523
39329 18 32477
39340 1 677
39378 1 74
39403 1 599
39433 1 1508
39437 1 354
39438 1 379
39445 1 548
39449 2 3105
39465 1 984
39478 1 1398
39496 3 897
39497 4 5496
39503 1 311
39508 1 543
39519 4 1394
39522 2 103
39532 1 2114
39536 1 1463
39537 1 1083
39543 1 476
39544 1 1182
39547 1 1316
39549 2 1321
39550 2 1569
39565 1 689
39585 1 1891
39588 2 6063
39597 1 567
39630 1 707
39636 1 988
39643 1 660
39644 1 1098
39654 2 776
39689 2 475
39690 2 2140
39692 1 1262
39695 2 3613
39708 2 918
39770 3 518
39775 1 1300
39783 1 584
39786 1 682
39802 4 1853
39815 1 1546
39921 1 768
39926 1 1489
39929 2 1959
39939 1 2186
39952 2 1363
39958 1 1932
39969 2 1086
39978 5 30166
39993 7 6188
39999 3 4187
40001 3 1577
40007 2 1943
40016 1 1388
40024 2 2366
40033 1 2140
40034 3 811
40036 1 2425
40052 1 2623
40053 1 3632
40056 1 2607
40083 1 1444
40086 1 1548
40087 1 1024
40088 1 1024
40089 1 1024
40116 2 763
40131 2 5534
40138 2 1151
40149 1 1770
40161 1 941
40167 1 1108
40174 1 665
40198 6 5290
40203 1 1100
40231 1 672
40237 1 1541
40266 2 839
40291 1 381
40295 1 774
40297 1 915
40319 3 3414
40320 13 7910
40346 2 1147
40367 1 191
40368 1 1151
40375 1 2147
40382 2 2344
40389 2 1995
40390 1 1186
40392 1 1557
40396 1 325
40398 1 739
40401 1 2725
40402 2 1116
40409 3 787
40428 4 708
40435 1 2577
40436 1 948
40437 2 757
40442 1 948
40447 2 3358
40448 4 3806
40506 2 1973
40507 4 1527
40510 1 1126
40514 1 56
40538 1 14088
40541 1 4650
40552 1 4962
40570 3 216
40585 1 1235
40605 1 1458
40611 1 188
40623 1 465
40630 4 5684
40637 3 7547
40644 2 2413
40648 2 7183
40652 1 1291
40685 2 2772
40693 2 1541
40695 1 8337
40697 1 2727
40701 1 316
40720 2 1380
40722 1 1210
40728 2 454
40734 2 974
40747 8 5237
40752 2 606
40757 1 1772
40759 1 686
40769 1 743
40805 1 695
40819 2 10440
40820 4 4100
40829 1 3054
40858 3 554
40893 1 1136
40899 1 5270
40925 1 2385
40926 1 4236
40941 1 406
40943 2 1060
40945 2 716
40959 1 5445
40962 1 1247
40972 1 1481
40977 4 4178
40979 1 841
40985 5 2120
40993 1 3833
40997 3 1184
41032 2 2291
41046 1 277
41052 22 6547
41067 3 949
41073 1 631
41075 1 2253
41084 1 832
41087 1 485
41088 1 1045
41089 1 2270
41099 3 967
41103 1 2097
41106 1 1181
41112 1 922
41126 1 186
41131 5 4182
41136 1 1043
41147 1 1261
41152 2 1295
41162 1 1960
41165 1 1234
41175 1 644
41177 1 1084
41184 1 7879
41187 1 1739
41189 3 967
41218 1 302
41230 1 229
41238 8 4035
41252 1 1169
41265 1 650
41276 1 901
41278 1 1339
41280 3 1332
41281 1 1323
41282 2 1639
41283 1 1427
41284 1 1587
41341 2 1666
41357 1 691
41371 1 662
41373 1 1352
41426 1 4541
41427 1 4567
41451 3 1150
41518 1 573
41523 1 643
41531 1 938
41536 1 322
41540 1 2878
41547 2 994
41548 1 516
41677 1 2045
41679 1 1631
41682 2 2132
41684 1 857
41688 2 1836
41713 2 1310
41715 2 443
41716 2 873
41718 2 779
41720 1 1655
41724 1 1426
41726 1 2949
41730 2 1912
41734 2 1494
41742 1 1669
41759 1 1680
41826 2 2287
41839 2 1382
41840 2 2915
41843 1 778
41849 1 450
41886 1 1090
41894 1 508
41901 1 1154
41906 3 581
41940 1 2265
41953 1 348
41985 3 752
41993 1 988
42009 2 3192
42013 2 559
42018 1 811
42019 3 6660
42025 5 9933
42030 2 2922
42044 1 630
42051 1 2366
42075 1 1237
42085 1 6194
42119 1 4002
42121 4 793
42124 3 1068
42141 1 1064
42149 6 9906
42155 2 2406
42161 1 9423
42166 3 203
42171 1 1306
42183 2 1446
42207 1 824
42222 1 1163
42224 2 949
42236 1 1927
42238 1 1943
42259 1 570
42290 1 3287
42303 1 1086
42327 1 793
42330 2 6012
42344 1 3974
42355 1 5228
42356 2 4608
42359 1 2478
42362 3 10503
42381 1 1364
42383 1 1102
42385 1 1348
42415 1 893
42417 1 1718
42418 1 914
42419 1 1182
42424 3 6309
42425 1 5948
42445 1 420
42467 1 878
42473 2 3755
42480 2 160
42512 2 1226
42517 1 1959
42522 11 331
42524 1 1615
42540 20 1612
42544 3 2256
42558 1 1161
42559 2 2800
42567 2 3374
42569 3 3491
42572 2 2840
42575 1 1157
42580 1 8665
42584 1 1300
42585 1 2844
42588 1 713
42593 2 2229
42627 1 1127
42629 1 3606
42630 2 2369
42631 2 1557
42632 2 2515
42634 1 1644
42640 1 12636
42648 2 4779
42653 2 2753
42669 1 1190
42670 1 1290
42671 1 906
42682 2 3838
42747 2 2556
42763 3 6680
42764 1 1569
42767 1 8035
42769 5 8334
42774 7 5633
42775 2 735
42816 2 1087
42817 1 1368
42829 1 1121
42831 1 2086
42835 2 2837
42847 1 1125
42852 20 512
42853 24 598
42870 2 1054
42878 1 582
42880 1 826
42900 1 917
42912 5 1943
42914 2 1101
42921 2 2767
42968 1 2559
42971 2 434
42997 1 661
42999 1 589
43009 2 2498
43026 1 1259
43044 1 1869
43060 1 818
43080 2 1369
43085 1 1036
43094 1 761
43106 2 1668
43112 4 879
43121 1 284
43127 2 769
43130 18 505
43134 2 533
43139 1 702
43151 1 526
43162 1 184
43167 1 605
43185 1 624
43186 2 985
43251 1 788
43307 4 1390
43321 1 654
43326 1 1789
43338 1 578
43346 1 1387
43350 2 2399
43382 1 604
43388 1 576
43444 1 2757
43446 5 8554
43448 1 5826
43450 1 790
43451 1 794
43457 1 1538
43460 1 786
43469 1 27
43470 2 3949
43476 1 2726
43477 4 22611
43479 1 857
43504 1 248
43511 1 879
43526 1 1427
43547 2 1029
43576 2 5522
43577 1 3389
43601 1 634
43637 2 1684
43641 1 1904
43661 1 1148
43672 1 746
43682 1 642
43691 2 1413
43724 1 3202
43726 1 836
43728 9 3240
43743 1 1070
43745 1 301
43749 1 2541
43764 1 9601
43774 1 766
43784 1 1234
43785 1 2976
43786 1 1882
43792 1 904
43797 1 670
43798 1 5617
43799 1 552
43801 1 83
43808 1 1297
43810 2 966
43815 1 868
43832 9 1187
43845 1 975
43861 1 1888
43896 1 1645
43913 1 1273
43915 12 3241
43921 3 9448
43935 1 3104
43944 1 514
43950 4 525
43965 1 555
43988 1 214
43995 1 1181
44011 1 1934
44012 8 2752
44028 1 1537
44050 3 4928
44056 6 2924
44057 8 3001
44068 2 420
44080 1 3596
44081 1 4117
44104 1 909
44110 8 1335
44118 1 1063
44119 1 999
44125 1 6435
44130 2 6601
44144 1 1388
44147 1 615
44209 4 1193
44210 1 1542
44229 1 615
44231 1 570
44248 1 1952
44254 1 553
44256 7 1298
44286 1 5425
44299 2 959
44323 1 1224
44325 1 1073
44362 3 3685
44370 1 4236
44372 1 5509
44380 2 1907
44391 3 1590
44393 2 234
44394 1 2869
44396 1 427
44407 1 1204
44418 3 682
44421 3 832
44439 6 2467
44441 1 860
44442 1 1179
44447 1 1998
44463 1 552
44469 2 1847
44471 1 686
44472 1 1241
44478 1 1098
44489 1 785
44493 1 199
44497 1 839
44520 1 3794
44529 1 874
44540 1 749
44542 1 1169
44563 1 456
44573 1 339
44575 1 311
44582 1 1156
44698 1 2666
44700 2 506
44707 3 6048
44735 1 3497
44746 2 1422
44748 1 758
44751 2 774
44758 2 2521
44774 1 2787
44779 1 1194
44780 1 3261
44796 1 207
44812 1 1515
44816 1 1244
44817 1 2611
44833 1 409
44838 1 374
44872 1 1054
44873 8 3136
44874 1 3594
44875 9 2970
44876 1 3240
44877 8 2904
44878 1 2602
44879 4 3172
44880 8 2983
44881 1 3374
44891 2 1753
44896 2 1132
44926 1 1352
44927 4 2922
44954 5 8549
44955 4 7733
44956 5 7041
44957 4 10010
44961 1 1596
45077 2 617
45079 1 754
45084 10 6555
45088 2 802
45160 3 971
45162 2 989
45163 1 1509
45168 1 1295
45170 1 1514
45177 1 674
45187 2 658
45198 1 762
45200 1 778
45203 1 731
45223 1 548
45224 2 605
45232 6 1922
45243 1 661
45245 2 1068
45264 2 1437
45273 2 2683
45310 1 1152
45313 2 1019
45335 1 2586
45345 1 503
45350 2 693
45368 3 1076
45380 2 4227
45390 1 1067
45397 1 1394
45404 1 1086
45410 15 729
45411 10 845
45440 2 529
45441 1 489
45443 1 425
45450 2 583
45466 1 564
45479 2 1029
45509 1 496
45510 1 687
45594 1 586
45606 2 1351
45612 2 425
45621 1 329
45622 1 1477
45676 3 11251
45679 1 695
45684 1 513
45689 1 582
45690 1 374
45702 1 615
45704 1 1557
45709 1 1143
45737 3 429
45759 1 376
45814 1 3034
45820 2 1773
45825 1 466
45826 8 8235
45845 1 278
45846 1 1458
45859 6 21421
45878 1 1656
45880 3 2642
45928 1 842
45933 1 1028
45939 2 992
45954 2 399
45956 1 4392
45958 1 2336
45961 1 834
45963 1 888
45975 1 720
45992 1 640
46046 2 3634
46067 1 1067
46071 1 1693
46080 6 2003
46093 2 342
46116 2 5154
46121 2 1017
46122 2 1824
46141 1 1036
46154 2 1899
46161 1 20
46167 7 1304
46168 1 2539
46169 1 5011
46216 2 1442
46235 1 872
46246 1 778
46277 1 4798
46286 1 1012
46291 1 2129
46300 1 1443
46303 1 876
46306 2 4474
46308 3 491
46331 1 4197
46339 1 1678
46352 2 836
46354 2 818
46378 1 6175
46385 1 850
46388 21 81863
46409 1 1262
46426 5 3573
46459 1 1450
46465 1 512
46492 1 1037
46501 2 142
46505 1 6279
46510 1 1994
46511 2 3336
46525 5 984
46551 1 8597
46552 7 9921
46559 2 619
46569 1 678
46581 2 1196
46609 1 2149
46612 1 2153
46614 1 752
46632 3 1335
46639 2 4091
46647 1 1861
46659 1 1042
46669 2 1592
46683 2 3045
46691 3 1448
46694 1 3602
46696 2 1298
46698 1 1272
46699 2 1461
46707 1 1302
46728 1 572
46731 1 1668
46732 1 961
46734 1 1928
46735 1 1806
46769 1 2579
46771 1 1801
46788 1 852
46791 1 889
46798 1 1028
46803 1 1295
46810 1 1240
46811 1 2035
46841 1 949
46844 2 873
46887 2 634
46891 2 5171
46904 2 698
46907 2 529
46909 1 2578
46914 1 1128
46923 1 508
46945 1 904
46950 2 2171
46954 1 5186
46966 1 824
46975 2 1653
47007 1 834
47015 1 614
47052 1 1071
47060 1 717
47075 1 1834
47077 5 1528
47095 2 6494
47101 4 534
47105 2 329
47115 1 1920
47139 1 6464
47151 2 5857
47158 2 630
47160 2 4319
47190 2 1899
47200 1 618
47205 1 1857
47214 1 966
47223 1 696
47245 4 6757
47284 1 781
47287 1 1282
47297 2 839
47336 1 1149
47339 1 1070
47340 2 610
47362 2 931
47368 3 414
47371 1 650
47382 2 6307
47394 1 1036
47398 2 5716
47399 1 1079
47400 1 953
47408 3 801
47437 1 1517
47442 1 559
47444 1 3470
47445 8 2962
47446 1 2943
47447 1 3095
47448 3 3217
47449 1 2847
47473 1 1168
47474 3 5150
47488 1 1495
47496 1 2373
47498 2 3543
47507 2 2065
47511 1 2170
47528 1 4592
47543 1 2250
47559 5 11224
47561 3 3141
47577 1 1239
47651 2 3064
47654 1 3047
47661 1 876
47664 3 2616
47692 1 876
47693 1 1054
47707 1 1032
47708 1 978
47711 1 928
47719 1 1086
47720 1 1789
47722 2 925
47749 1 7411
47777 3 852
47780 2 5199
47789 1 522
47799 1 2474
47800 3 10768
47802 1 1203
47834 5 331
47866 1 462
47890 1 959
47898 1 1891
47908 2 548
47916 1 574
47918 1 1254
47985 2 1731
47998 1 842
48002 5 2505
48031 1 4280
48046 1 1325
48057 1 787
48078 2 11919
48084 1 749
48102 1 1483
48116 1 1532
48127 1 1809
48134 2 1655
48145 1 957
48148 1 1709
48158 1 498
48162 1 1320
48179 2 1000
48180 7 25164
48197 4 8238
48204 2 1943
48210 1 741
48212 1 840
48217 3 6375
48221 1 2217
48222 3 3062
48224 1 3121
48228 1 1672
48234 3 7467
48253 4 2008
48258 1 1163
48268 1 5058
48269 8 11120
48281 1 702
48285 1 1127
48286 1 3883
48287 2 2481
48288 1 2866
48333 2 1599
48338 1 2760
48361 1 729
48378 1 893
48379 10 6270
48382 1 3039
48439 1 776
48452 1 943
48453 1 351
48468 1 1002
48469 3 2316
48475 2 4416
48485 1 924
48491 2 545
48503 1 559
48522 2 645
48534 1 1005
48542 1 1004
48545 1 3140
48547 1 4836
48551 1 6659
48599 1 2082
48600 1 353
48608 1 3133
48609 1 3196
48637 1 1584
48641 1 762
48663 1 782
48665 1 502
48669 1 1039
48675 1 2669
48679 1 2017
48682 2 503
48698 2 5259
48703 1 2166
48710 2 1101
48717 1 230
48745 1 1192
48747 1 1809
48748 1 1218
48758 2 595
48763 1 668
48766 1 1006
48789 1 2728
48814 1 3174
48823 2 2098
48831 1 654
48833 3 679
48835 2 872
48836 1 554
48889 1 867
48896 1 1621
48899 1 1205
48902 3 4234
48904 2 1475
48907 2 1902
48912 1 2452
48917 1 6627
48919 1 5467
48920 1 1976
48925 5 4731
48930 1 363
48935 1 1249
48939 1 1135
48949 1 1128
48951 2 6065
48963 1 927
48964 1 689
48965 1 417
48966 1 971
48968 1 273
48991 1 1977
49000 3 3581
49006 2 837
49014 2 2884
49015 1 2835
49027 4 589
49031 1 1285
49035 2 1353
49037 2 3222
49065 1 468
49071 1 1361
49074 1 2567
49094 4 636
49101 1 1412
49113 11 1472
49122 1 928
49130 2 2701
49132 2 326
49149 1 3141
49154 1 588
49165 1 759
49173 2 10707
49174 1 9273
49175 1 9938
49176 1 11069
49183 1 2240
49199 1 222
49203 1 1682
49228 1 2111
49233 5 1231
49234 1 861
49282 2 4687
49302 1 1034
49303 3 690
49308 3 822
49312 1 791
49316 1 1061
49321 1 462
49322 1 882
49326 2 1671
49335 2 465
49340 1 2095
49345 2 2775
49348 1 2857
49355 3 1068
49356 3 1233
49372 1 893
49375 1 11530
49391 1 2970
49392 6 4953
49398 1 683
49420 1 835
49436 1 668
49443 1 1149
49456 1 2513
49457 2 2074
49459 1 3328
49474 1 3175
49484 3 3481
49490 2 834
49493 1 625
49508 2 1329
49519 1 1422
49521 1 1279
49531 1 692
49540 1 892
49543 1 1789
49547 4 182
49560 1 856
49567 2 929
49575 3 1035
49587 16 480
49597 2 784
49618 2 562
49626 1 1327
49635 1 868
49639 1 548
49644 1 710
49650 2 927
49654 1 1685
49658 3 698
49662 1 2884
49680 2 5727
49681 1 3266
49697 1 1178
49698 3 1736
49734 1 2337
49754 1 1006
49765 6 1418
49771 1 815
49776 4 9407
49790 2 782
49803 4 785
49809 1 1482
49811 1 1751
49812 1 693
49828 2 951
49832 3 2018
49833 2 2286
49834 2 904
49843 1 728
49844 2 6972
49847 1 1395
49854 1 300
49860 1 2471
49863 1 1748
49878 1 1027
49884 1 798
49885 4 1429
49891 1 673
49893 2 1339
49896 1 1614
49897 1 901
49925 1 1955
49941 1 437
49958 1 1831
49961 1 620
49999 1 826
50000 3 1686
50012 1 3608
50020 2 1485
50025 1 5763
50033 1 924
50056 1 5845
50121 3 2247
50139 1 508
50142 2 2652
50143 4 8454
50144 1 5084
50162 6 2022
50170 1 398
50173 2 1992
50177 1 1060
50190 5 977
50200 1 1454
50205 4 7146
50209 1 1735
50217 1 1971
50223 1 6104
50233 1 702
50241 11 2798
50256 2 865
50278 1 1086
50279 1 914
50280 1 1252
50281 1 1237
50282 1 1250
50283 1 1595
50285 2 4950
50317 5 2395
50319 2 552
50324 1 1065
50325 1 1374
50328 1 1690
50341 2 968
50353 2 2913
50354 7 2188
50355 1 3677
50361 1 843
50362 1 1063
50363 1 1043
50364 2 1047
50377 1 2084
50408 3 3892
50443 1 391
50445 1 2439
50449 1 1878
50460 1 184
50464 1 2946
50476 3 10882
50481 1 2364
50491 1 915
50492 2 3702
50500 2 813
50504 2 2431
50508 1 635
50520 6 3232
50541 2 2524
50550 1 887
50583 1 484
50587 1 1902
50599 2 5431
50630 1 372
50632 2 1689
50708 1 57
50712 1 407
50715 1 677
50720 1 705
50723 1 3146
50759 1 717
50763 1 878
50777 1 1369
50779 1 1410
50786 2 1972
50792 1 1448
50796 1 1698
50804 1 902
50814 1 2147
50817 1 349
50839 1 1083
50842 1 354
50843 1 351
50844 2 339
50845 1 570
50846 1 506
50847 1 472
50848 1 495
50852 1 3288
50853 1 3547
50854 6 3003
50855 1 3129
50862 1 880
50881 1 4909
50886 1 1179
50888 1 2791
50927 3 527
50931 3 1730
50939 3 668
50950 2 1239
50953 1 507
50961 1 498
50972 1 1090
50983 11 16660
50984 1 1008
50988 1 1822
50992 2 1320
50996 3 5411
51010 1 1165
51021 1 772
51030 1 2989
51061 1 595
51066 1 2595
51080 1 536
51086 1 607
51087 2 2282
51092 1 3069
51104 3 1340
51116 1 927
51120 1 2116
51121 1 1534
51147 1 3111
51148 2 2969
51149 1 3086
51150 9 2908
51151 8 2830
51181 1 434
51193 2 1845
51210 1 873
51227 1 1328
51228 1 1596
51229 1 1464
51237 4 2338
51250 2 1357
51255 1 541
51290 3 6381
51295 1 5729
51297 1 794
51326 1 2077
51329 1 740
51347 1 1073
51354 3 446
51367 2 1082
51378 1 839
51385 1 1887
51387 2 973
51399 1 253
51410 4 429
51415 2 659
51466 1 1121
51469 12 1403
51475 1 1015
51483 1 1357
51484 1 1340
51487 1 1378
51523 1 1944
51532 1 612
51541 1 633
51555 1 1381
51562 1 1186
51565 1 1885
51585 5 3964
51595 2 279
51596 1 456
51613 1 1134
51655 1 595
51657 2 1524
51661 1 526
51669 1 931
51672 2 3436
51713 1 140
51719 1 562
51721 1 805
51728 1 484
51729 4 529
51730 1 505
51732 2 1804
51764 1 2864
51767 1 1320
51768 1 1070
51771 1 2283
51777 1 1830
51779 1 1487
51782 2 389
51790 1 1341
51794 1 1133
51798 3 1509
51799 1 1021
51839 1 9735
51843 1 6718
51845 2 1135
51848 3 1167
51889 1 154
51894 1 3076
51908 3 824
51920 2 1191
51925 1 674
51928 2 1289
51933 3 2717
51939 1 776
51954 1 1366
51958 1 1244
51969 3 1165
51971 1 398
51972 1 1385
51973 1 1062
51976 2 1263
51977 1 1239
51978 2 8282
51979 1 6703
51991 1 4229
51993 1 12689
51994 2 9298
52019 2 1451
52023 1 1212
52026 3 1300
52041 1 1139
52074 1 7011
52098 7 1384
52101 3 424
52109 1 3805
52111 1 3330
52146 6 10691
52157 1 1660
52187 2 1536
52191 1 640
52204 1 729
52213 1 3751
52222 3 1753
52228 1 3809
52233 2 1302
52254 2 736
52261 1 3083
52266 32 5261
52271 1 8131
52283 1 2127
52285 1 976
52290 1 3280
52292 1 485
52296 1 388
52301 1 8406
52313 1 1351
52316 3 753
52317 3 754
52336 2 1219
52345 1 3783
52349 1 930
52366 1 1215
52382 1 1562
52383 2 381
52384 2 3160
52387 1 709
52395 1 1520
52400 1 1455
52403 2 1953
52405 3 2273
52440 1 6680
52449 2 3942
52455 1 1525
52466 1 3696
52484 1 5765
52504 1 676
52506 3 1015
52526 3 1430
52557 4 5509
52559 1 2209
52560 1 2179
52561 1 52057
52584 1 1788
52585 20 777
52586 1 430
52599 1 4808
52614 1 145
52616 9 3287
52623 1 458
52631 3 4596
52635 1 3805
52638 2 1649
52690 1 1737
52691 1 1724
52699 1 744
52717 1 3076
52718 8 2980
52719 8 2978
52720 1 2878
52721 9 2968
52722 9 2934
52727 1 4203
52754 1 144
52792 1 1466
52799 1 524
52816 1 1004
52880 1 457
52924 1 605
52936 1 2566
52941 1 3400
52943 2 822
52946 1 1982
52966 2 462
52968 4 814
52973 1 1307
52976 4 578
52980 1 791
52985 2 882
52988 3 24350
53010 1 1173
53023 6 6088
53024 2 726
53030 5 816
53031 1 683
53032 1 739
53038 2 2169
53040 2 1220
53044 1 1024
53047 3 1702
53049 1 913
53072 2 698
53074 1 940
53077 1 1328
53084 2 2127
53103 1 1051
53117 1 399
53119 2 1085
53121 1 2359
53136 6 5288
53143 1 2969
53215 1 600
53248 4 5457
53268 1 5517
53307 2 1762
53332 1 2573
53341 2 2371
53342 1 3109
53358 1 529
53367 1 1856
53371 3 2205
53374 1 764
53376 2 662
53386 1 3714
53394 2 801
53404 1 273
53410 1 1196
53430 14 48057
53431 1 288
53432 1 1524
53433 1 475
53438 1 5686
53448 1 788
53449 1 1037
53452 1 1057
53459 2 1126
53487 1 1821
53495 1 776
53502 2 192
53511 1 4733
53524 1 1461
53536 1 1026
53537 1 2107
53547 1 898
53549 3 1593
53550 1 1181
53557 1 2541
53558 1 5589
53596 2 1721
53601 4 2754
53603 2 2774
53627 1 533
53646 8 2610
53648 4 701
53650 4 1107
53652 5 1858
53653 4 2179
53655 2 2405
53664 2 2300
53708 1 2017
53709 1 7571
53717 4 4413
53718 4 1688
53724 1 269
53738 2 2051
53743 1 319
53767 1 1549
53770 1 1540
53771 1 1481
53778 1 4519
53780 1 3112
53791 1 1482
53836 6 1441
53837 1 3485
53842 1 2291
53845 5 2571
53846 2 2470
53847 1 1188
53856 1 1385
53879 1 1297
53882 1 841
53883 1 841
53897 2 1195
53898 2 1192
53899 2 1192
53900 2 1192
53923 1 2605
53926 1 2454
53936 1 1821
54077 1 63
54095 1 1451
54097 2 621
54106 18 1165
54132 1 1427
54134 2 2948
54139 1 944
54151 30 623
54160 2 1691
54175 1 2289
54177 1 672
54183 4 2128
54186 2 4524
54187 3 4739
54200 6 3379
54205 1 1188
54209 1 1340
54215 3 1866
54224 2 579
54249 2 1272
54279 2 1708
54291 1 1911
54292 1 1911
54293 1 1911
54306 4 2437
54349 5 12411
54350 2 8318
54374 1 203
54377 1 888
54379 1 1041
54399 1 5059
54413 2 330
54439 2 2636
54443 1 486
54469 3 1075
54485 2 4555
54491 1 229
54496 1 1147
54497 1 1589
54510 2 1065
54511 1 1251
54523 1 1390
54524 1 993
54550 1 2204
54551 1 2055
54558 1 1040
54564 1 3322
54566 1 8702
54569 1 250
54572 1 1067
54602 1 1759
54612 1 803
54613 1 3856
54614 1 3684
54617 1 1123
54619 3 10647
54624 1 1892
54629 2 894
54677 1 641
54683 9 1304
54684 1 1450
54691 1 1895
54889 1 159
54893 2 3377
54923 2 1418
54924 2 714
54926 1 898
54929 1 794
54930 1 1003
54950 1 3726
54954 1 1029
54960 2 830
54966 2 6126
54980 1 729
54985 1 1289
55054 2 4966
55063 2 17333
55065 1 3081
55066 1 3616
55067 2 3184
55068 4 3268
55069 8 2948
55070 10 2984
55071 8 3179
55072 2 3317
55073 1 3312
55092 1 1807
55094 1 12123
55146 1 2594
55153 1 1633
55157 1 1348
55161 1 978
55162 1 1219
55167 2 1518
55171 1 2177
55308 1 905
55327 1 6079
55329 2 1232
55433 1 1983
55434 2 1232
55440 1 1255
55444 1 523
55448 1 323
55456 5 2236
55463 1 800
55477 1 707
55480 1 788
55481 1 867
55483 1 522
55500 1 1640
55501 1 2314
55512 1 695
55534 1 599
55536 1 49965
55537 2 7693
55548 2 877
55557 2 996
55581 1 545
55607 2 9422
55608 1 4052
55610 1 1063
55616 1 765
55628 4 2339
55660 1 679
55662 1 501
55666 1 1316
55681 1 940
55701 1 1146
55720 4 646
55726 1 648
55738 3 1038
55740 1 597
55751 3 514
55752 1 1787
55753 2 4189
55917 1 1178
56025 1 970
56026 2 2074
56030 1 581
56104 2 228
56105 4 167
56147 1 515
56174 1 2845
56175 1 8425
56184 1 1126
56198 1 712
56199 1 1698
56204 1 1621
56209 1 2742
56212 2 4266
56223 2 5116
56244 1 749
56247 2 967
56252 1 1993
56253 1 1993
56264 1 2223
56267 1 1449
56280 5 585
56286 1 2036
56370 1 61
56404 1 774
56427 2 1290
56432 16 1372
56449 4 596
56451 1 290
56455 1 337
56471 6 13098
56477 1 4251
56480 1 1143
56485 1 889
56487 1 3333
56494 1 1522
56495 2 1972
56497 2 2476
56503 2 5900
56512 3 1050
56520 1 1275
56521 2 5019
56524 1 4137
56535 1 1496
56549 1 1195
56553 4 7598
56564 2 1402
56590 2 2070
56600 4 1942
56606 1 1356
56607 5 2013
56622 1 810
56630 6 3641
56634 1 744
56640 1 259
56643 1 628
56650 1 263
56655 1 659
56659 4 1655
56689 1 1387
56706 1 1698
56711 1 1301
56717 1 2410
56821 1 6607
56822 3 4110
56828 3 687
56831 2 844
56834 1 488
56851 2 778
56858 1 2421
56859 1 969
56879 1 507
56883 3 713
56884 1 1443
56888 2 2750
56889 1 820
56895 1 3189
56900 1 1808
56913 2 1454
56915 1 4927
56930 1 335
56955 1 3738
56973 2 1260
57007 1 459
57010 1 873
57032 2 1178
57190 2 1657
57216 1 921
57218 1 560
57223 2 578
57226 1 11510
57248 1 605
57249 1 648
57251 2 520
57263 1 974
57279 1 378
57292 1 1043
57299 1 1272
57314 1 770
57319 2 1304
57320 3 1640
57332 1 1029
57340 1 604
57344 1 584
57360 2 922
57367 2 2359
57374 1 563
57376 1 304
57378 1 613
57380 1 3371
57381 8 2992
57382 4 3136
57383 1 3091
57384 2 3357
57385 10 2878
57386 2 2865
57387 8 2964
57388 8 3103
57394 1 2704
57409 2 701
57421 1 1105
57431 1 3175
57434 1 1039
57451 1 3058
57457 1 2066
57462 1 1248
57469 5 965
57493 2 795
57494 3 3677
57505 1 918
57510 1 2365
57511 2 2052
57517 1 1069
57518 2 3333
57540 2 529
57626 1 1133
57634 2 2122
57640 1 894
57660 2 6533
57661 2 769
57722 2 1053
57725 1 1668
57731 1 1088
57748 2 1258
57758 1 2719
57772 1 1177
57774 21 582
57782 1 1036
57801 1 2633
57804 2 1385
57810 1 1482
57834 1 4576
57878 2 3882
57890 5 2563
57893 1 876
57904 1 1443
57914 1 2836
57930 1 1080
57945 2 2600
57946 1 5545
57947 1 5535
57952 1 8583
57953 1 8583
57965 2 3015
57985 1 522
57989 2 3603
57993 1 1126
57994 1 1029
57997 2 4870
58188 1 960
58192 1 3058
58203 2 367
58207 2 3272
58214 1 1211
58226 2 2030
58238 2 1044
58240 2 711
58246 2 1561
58247 4 19391
58251 3 4547
58275 1 355
58277 1 1047
58284 1 631
58305 1 751
58327 2 298
58378 1 2575
58379 1 1919
58392 1 1911
58393 1 1911
58394 1 1911
58395 1 1911
58396 1 1911
58397 1 1911
58398 1 1911
58399 1 1911
58400 1 1911
58401 1 1911
58402 1 1911
58403 1 1911
58422 1 200
58484 1 1130
58486 1 1104
58674 1 383
58737 1 903
58749 2 1397
58751 2 473
58752 1 773
58772 1 4810
58773 1 1702
58810 2 891
58835 1 594
58836 1 2335
58837 1 3342
58838 1 3151
58839 8 2933
58840 1 3131
58841 1 2975
58842 2 3299
58843 26 2916
58844 1 3246
58845 2 2901
58846 9 2959
58853 3 2423
58865 1 1126
58886 1 1211
58888 2 1058
58914 1 2294
58918 3 828
58934 1 2758
58936 1 1464
58940 2 4530
58966 3 5767
59044 1 1645
59049 1 2182
59057 1 2210
59058 1 2211
59062 1 286
59066 1 222
59072 5 10092
59152 2 2763
59164 1 1218
59165 1 969
59168 1 1245
59175 1 1913
59189 4 10518
59191 3 1085
59193 2 961
59196 1 613
59198 1 458
59212 2 665
59219 1 1647
59229 1 707
59231 6 991
59241 6 733
59243 1 182
59249 1 478
59253 1 1027
59263 2 5357
59264 1 732
59267 1 1398
59293 1 1254
59304 1 1871
59307 1 1547
59308 1 1531
59347 1 9699
59348 3 10477
59349 1 8147
59350 3 8331
59358 2 836
59390 1 1152
59397 3 3596
59402 1 4509
59405 1 830
59418 2 9567
59420 1 1188
59421 1 1923
59423 8 13129
59424 3 1117
59426 3 1694
59427 2 1336
59430 5 3685
59431 2 1353
59439 5 1220
59441 1 1940
59454 1 2821
59460 2 1795
59464 1 1707
59467 2 4546
59480 1 2579
59495 1 2353
59496 2 1417
59505 1 751
59513 3 940
59523 2 1877
59556 7 2338
59561 2 4211
59565 1 1703
59569 1 1463
59586 2 1152
59594 2 1660
59602 2 886
59611 2 1014
59619 2 3498
59621 3 2882
59624 1 1064
59626 1 2003
59627 1 4734
59629 2 2062
59630 1 5288
59631 2 2500
59632 1 2405
59633 4 4221
59634 2 2585
59635 3 4384
59636 1 2251
59637 1 2484
59638 1 3389
59639 2 3423
59640 1 5056
59641 1 4053
59642 1 3464
59652 1 274
59655 1 1717
59662 2 14951
59670 1 1595
59682 1 520
59690 1 2297
59694 3 569
59695 3 2300
59696 1 2013
59697 1 2431
59712 4 4670
59717 2 4807
59771 1 2668
59777 3 6060
59788 1 337
59789 1 302
59794 1 584
59812 1 1458
59814 1 980
59819 1 601
59823 1 683
59826 1 1508
59827 1 1670
59845 2 835
59849 1 532
59858 1 1684
59869 1 1159
59874 2 4939
59875 1 1762
59884 1 1934
59892 3 737
59898 2 4986
59900 2 3360
59905 1 335
59918 5 9598
59940 1 792
59943 1 774
59947 1 1309
59988 2 5229
59990 1 1733
59998 1 489
60004 1 184
60018 1 2504
60019 2 5237
60030 5 10533
60037 3 4344
60038 3 3448
60042 1 969
60045 2 920
60060 1 899
60064 1 3872
60069 1 3188
60078 3 2528
60082 2 1247
60101 1 249
60133 1 1287
60151 2 423
60157 1 3863
60167 1 544
60173 1 2847
60177 1 1472
60181 3 1881
60187 1 1606
60197 2 446
60203 8 539
60205 6 513
60214 1 2899
60217 3 2172
60222 3 1082
60223 1 1232
60225 2 2094
60228 1 2197
60275 8 3073
60276 1 3089
60277 8 2988
60278 2 3357
60285 1 1744
60290 1 634
60291 1 1433
60300 1 1826
60316 1 3178
60319 2 4138
60327 1 3097
60335 1 487
60338 1 2635
60343 1 1358
60344 1 755
60356 1 898
60362 3 3186
60371 4 3906
60387 1 960
60398 1 1768
60419 1 2011
60423 7 274
60429 1 5933
60451 1 2513
60455 1 540
60462 1 1668
60469 1 775
60474 1 724
60478 1 1021
60479 1 253
60486 1 1521
60505 1 2933
60519 2 1838
60521 1 969
60529 3 1952
60534 1 988
60541 1 1488
60596 1 438
60599 2 3625
60621 1 198
60623 3 1555
60628 1 1131
60661 1 4572
60670 1 1641
60678 5 3884
60693 10 7521
60703 5 1672
60735 2 3139
60736 2 3344
60737 8 3128
60738 27 3062
60739 9 3026
60740 2 3274
60744 1 2509
60748 2 6845
60750 9 12275
60756 2 636
60759 1 4854
60771 2 4604
60787 2 1533
60791 2 3468
60792 2 3202
60822 1 5864
60825 1 2017
60829 1 3490
60844 1 1584
60845 2 1534
60846 2 1322
60847 1 1056
60848 1 1052
60917 2 682
60935 4 2979
60953 1 2570
60956 1 2287
60970 1 652
60973 2 441
61016 1 1771
61020 1 13801
61024 1 1094
61043 1 4069
61069 1 366
61073 1 8875
61098 3 1594
61121 3 1876
61129 1 689
61130 1 2655
61155 1 688
61167 1 3616
61185 1 555
61186 1 14302
61187 5 15707
61188 14 29700
61195 1 1379
61209 1 1298
61211 2 1448
61213 1 1171
61227 1 3378
61229 1 1257
61255 2 4815
61257 1 838
61258 5 3684
61269 3 8764
61283 1 234
61289 1 964
61291 1 1645
61321 2 954
61332 1 757
61335 1 1245
61352 8 18809
61354 1 732
61368 1 1197
61377 1 990
61381 1 1011
61389 2 4011
61409 1 3387
61414 1 893
61418 1 2160
61430 1 495
61441 1 825
61462 1 568
61466 1 850
61469 1 1972
61470 1 2495
61472 3 2455
61497 1 5567
61516 1 1071
61520 2 844
61526 2 1292
61542 5 253
61556 2 3140
61560 1 1336
61602 2 1097
61613 1 1024
61626 1 1747
61639 1 958
61664 1 3204
61668 6 11710
61687 2 2218
61694 1 3121
61701 1 1679
61723 1 764
61731 2 1752
61740 1 647
61766 5 3802
61772 2 652
61789 1 1209
61802 1 1596
61803 1 632
61806 1 592
61816 1 1916
61818 1 1458
61820 1 5698
61822 6 5496
61823 1 3825
61827 2 4204
61833 1 7073
61838 1 1648
61856 1 2579
61862 1 5528
61867 1 1527
61870 1 3147
61879 2 2166
61881 1 2444
61893 1 1205
61912 1 508
61917 2 5083
61924 1 6503
61938 2 6544
61939 1 10305
61940 1 870
61949 1 1699
61958 7 991
61976 2 4025
61978 1 561
61995 1 1094
61998 1 806
62003 1 2012
62004 1 2886
62005 2 2659
62008 1 1089
62009 1 1118
62014 1 6015
62026 1 726
62028 1 6469
62030 1 796
62042 1 403
62062 1 6529
62087 1 4114
62109 2 4903
62110 1 4274
62117 2 1347
62146 1 788
62148 3 438
62192 1 937
62202 1 891
62215 2 1984
62217 1 1671
62218 3 2462
62229 1 7173
62241 2 6098
62242 1 2867
62250 1 936
62257 1 782
62258 1 2177
62269 2 778
62288 1 266
62293 1 2903
62310 1 3144
62318 1 2185
62319 1 2313
62321 1 1110
62335 2 994
62340 12 4587
62367 2 883
62404 3 5459
62417 1 11638
62432 2 5539
62434 2 1233
62441 3 429
62463 1 1381
62480 1 1959
62496 2 737
62500 1 685
62512 2 1898
62513 4 2915
62514 2 3635
62517 1 1423
62522 1 1976
62588 8 8596
62593 2 2061
62622 2 874
62625 2 893
62635 1 1315
62642 2 7441
62646 1 573
62653 5 1055
62666 2 890
62685 1 1321
62687 1 994
62690 1 1289
62693 5 5347
62696 1 510
62697 1 1926
62723 1 3363
62724 1 3090
62725 4 3245
62726 3 2992
62727 1 3232
62729 1 2162
62730 1 2960
62731 8 2944
62732 1 2989
62755 1 1796
62757 1 693
62758 1 2293
62759 1 1339
62760 1 189
62766 3 8596
62767 10 14162
62768 4 9553
62781 1 1596
62790 2 519
62824 4 4199
62844 2 1986
62846 1 1520
62847 1 1945
62853 3 4078
62867 1 1739
62871 3 1931
62888 1 1082
62899 1 692
62909 1 643
62912 9 6714
62914 1 2398
62932 2 1598
62937 1 1048
62938 1 1036
62939 1 1044
62951 3 2817
62971 1 173
62981 2 2414
62982 1 151
62990 2 833
63067 1 713
63073 1 6062
63075 1 3050
63076 1 3881
63079 1 1810
63093 1 3111
63097 1 241
63104 1 732
63107 3 855
63110 1 550
63111 3 905
63113 2 1057
63116 2 960
63117 1 660
63124 1 778
63126 1 1393
63128 1 1024
63138 2 4006
63140 1 504
63142 1 574
63166 2 2579
63167 1 3539
63173 1 1330
63228 1 576
63231 1 560
63255 1 2143
63256 1 2229
63257 1 716
63258 1 1486
63262 1 1616
63279 1 1413
63280 1 3788
63283 2 736
63301 2 1043
63306 1 1008
63309 1 4077
63327 1 1286
63328 2 1422
63330 1 1372
63331 1 1592
63349 6 2002
63350 5 2253
63371 1 1573
63375 1 315
63376 2 664
63383 2 792
63407 1 600
63419 1 1505
63421 1 1523
63427 1 4477
63447 2 564
63475 1 1619
63496 1 279
63504 1 4125
63507 3 1696
63517 2 613
63519 2 2160
63555 1 7057
63566 1 2589
63573 1 786
63584 1 326
63597 1 1946
63628 1 1675
63638 1 842
63641 1 211
63648 15 7209
63724 1 583
63725 1 591
63770 1 365
63778 1 2846
63788 1 3142
63792 1 1726
63803 2 2123
63804 1 1156
63832 1 1265
63836 5 3200
63837 3 6313
63841 1 630
63842 1 2243
63843 1 567
63860 1 791
63884 1 3456
63906 1 4261
63926 1 1163
63928 1 755
63933 1 426
63935 1 827
63950 1 345
63957 2 1067
63965 1 1353
63966 1 1281
63972 3 1998
64013 1 2220
64014 2 1052
64015 2 2612
64020 3 1412
64021 3 4309
64022 1 1923
64032 2 1854
64034 1 2927
64050 4 3580
64051 4 3589
64057 1 841
64083 3 1054
64094 2 3694
64097 1 997
64098 1 1021
64100 1 1352
64191 1 452
64196 3 207
64261 1 56
64275 2 702
64295 2 1792
64300 1 656
64302 3 2600
64303 1 816
64318 1 2610
64319 1 4532
64323 1 1309
64326 1 1704
64335 1 785
64350 6 20899
64377 1 1147
64394 4 846
64407 5 1172
64408 3 1707
64415 1 842
64434 3 870
64452 1 1016
64453 6 10145
64466 3 748
64507 1 1911
64508 1 1911
64509 1 1911
64522 1 528
64524 1 153
64526 1 728
64571 1 1943
64582 2 1481
64605 1 683
64611 1 2134
64612 1 1382
64619 2 2292
64629 1 537
64638 2 1553
64647 2 7320
64672 3 561
64675 2 1128
64788 1 63
64831 1 410
64897 1 1356
64919 3 1779
64920 1 452
64994 1 1716
65000 1 422
65005 2 3081
65006 3 3064
65007 4 3159
65008 8 3012
65009 2 3343
65010 8 2912
65030 1 437
65034 2 3956
65035 1 1584
65053 1 485
65077 1 2772
65082 1 2417
65092 1 2579
65093 1 2401
65095 3 694
65099 3 2357
65104 4 8712
65107 1 3809
65129 9 15643
65252 4 383
65372 1 532
65381 1 778
65383 1 295
65384 1 917
65386 1 1013
65399 1 3181
65415 2 951
65425 3 2453
65463 1 440
65466 1 723
65474 4 1571
65480 1 718
65534 1 593
65537 1 3294
65551 1 1082
65574 1 1775
65576 1 4667
65578 3 451
65588 2 1475
65589 10 1568
65601 4 1045
65614 1 2314
65636 4 608
65637 1 563
65639 1 1444
65651 1 1756
65656 1 3685
65662 1 1443
65677 1 940
65684 1 17249
65686 1 1470
65703 2 991
65748 1 1674
65760 1 443
65764 1 492
65768 1 725
65775 1 1340
65778 2 3404
65790 1 5117
65794 1 999
65799 1 4143
65807 2 1381
65813 1 1982
65814 1 940
65823 2 609
65833 1 900
65834 2 1056
65861 1 802
65877 1 392
65878 1 403
65883 1 3190
65884 8 2980
65885 2 3324
65886 1 3075
65896 2 3671
65913 1 1357
65933 2 1896
65941 1 1299
65944 2 4400
65951 2 1360
65978 1 3467
65980 2 4583
65982 2 678
65984 1 2219
65990 5 4364
65995 6 6936
66001 1 1533
66002 1 1623
66004 2 1492
66011 1 1162
66012 1 1659
66015 4 4361
66018 1 1246
66019 2 1342
66027 2 937
66058 10 983
66061 2 1219
66065 2 2315
66086 1 2643
66091 1 1082
66092 1 4332
66102 4 833
66108 2 1286
66109 1 1364
66135 3 799
66162 6 3524
66165 2 395
66169 1 617
66176 3 787
66179 1 595
66183 2 711
66192 1 870
66194 1 665
66196 1 491
66197 1 871
66198 1 679
66202 1 737
66217 2 632
66220 2 652
66231 1 1159
66237 2 1376
66244 1 804
66274 1 748
66287 1 651
66291 2 1544
66310 2 8271
66317 1 781
66320 10 696
66321 1 691
66341 2 1025
66349 18 602
66351 2 901
66353 1 2965
66354 1 708
66357 2 539
66380 10 9761
66392 1 573
66399 1 697
66400 1 675
66403 1 759
66409 1 1827
66411 1 1865
66415 1 6038
66418 2 827
66431 1 2939
66454 1 1171
66462 2 904
66472 2 3818
66474 1 1387
66478 1 1388
66482 1 2199
66497 32 2312
66533 2 1245
66547 1 1078
66559 2 5776
66565 1 1348
66566 2 1220
66586 3 2141
66589 4 3260
66598 1 1411
66601 1 1937
66603 2 1110
66615 1 2064
66625 1 648
66643 1 857
66648 1 1645
66665 2 3178
66680 2 251
66705 1 837
66721 1 1376
66722 96 276701
66724 1 909
66725 1 1193
66733 1 1217
66734 2 1280
66735 1 936
66738 2 1248
66742 1 3877
66744 1 4068
66748 2 1830
66750 1 1405
66751 1 11896
66761 1 362
66788 1 910
66803 1 223
66816 3 790
66819 2 6321
66823 2 9403
66838 1 1366
66841 1 658
66844 2 1550
66846 1 3482
66875 1 578
66889 2 1986
66897 1 2315
66899 1 332
66914 1 1186
66922 1 1292
66937 1 657
66942 1 203
66947 1 18231
66958 1 1720
66964 1 240
66975 2 1249
66979 2 1596
66987 2 2394
67003 1 549
67008 1 651
67020 2 1334
67047 1 2295
67054 3 2805
67057 2 494
67063 3 817
67075 2 1010
67085 1 901
67089 1 1117
67095 1 2223
67097 1 689
67125 4 1963
67141 1 431
67142 2 699
67163 1 219
67189 2 1207
67196 2 2129
67213 1 2231
67214 1 767
67224 2 359
67257 1 1710
67260 1 910
67261 1 1409
67278 3 982
67280 1 506
67286 1 1904
67312 3 1317
67313 1 1165
67323 1 1622
67340 1 2960
67346 1 1614
67355 1 6043
67359 2 3255
67362 1 752
67365 1 1630
67371 2 3756
67372 2 2781
67373 4 883
67383 1 631
67406 2 1549
67408 1 5567
67409 1 5448
67410 3 7180
67415 2 10077
67416 1 2877
67423 1 1104
67428 1 2521
67453 1 3053
67454 1 5854
67497 1 1082
67503 1 1092
67513 1 1744
67519 3 10460
67526 1 813
67529 1 472
67540 2 998
67542 1 447
67562 1 1286
67563 4 287
67573 2 2299
67574 1 2213
67583 2 745
67585 2 2443
67594 1 3023
67599 1 1087
67602 1 612
67603 1 612
67604 1 612
67605 1 614
67606 1 612
67611 2 626
67619 1 2054
67626 1 1388
67627 1 2254
67636 2 811
67637 2 4061
67641 1 403
67656 1 1484
67671 4 6735
67672 5 2623
67674 1 1995
67689 1 7619
67699 1 1580
67706 1 1416
67715 7 774
67723 2 449
67727 1 3367
67741 1 2150
67750 2 1913
67756 2 5291
67762 5 1401
67777 1 2113
67789 1 1357
67810 2 1023
67839 1 43
67844 1 2522
67869 1 1785
67890 2 3387
67893 1 4007
67895 1 1554
67926 1 1401
67968 1 577
67969 2 462
67991 1 2957
67996 2 1441
68005 3 1868
68007 1 795
68015 3 6966
68017 1 859
68025 1 2357
68026 1 1767
68030 1 857
68046 3 3345
68052 1 226
68061 3 3322
68091 5 10665
68114 2 2294
68116 3 4818
68118 1 3343
68120 1 7511
68124 2 2400
68125 1 2444
68129 1 1472
68132 1 2295
68143 1 1086
68156 4 468
68157 1 1827
68159 1 6709
68162 1 1193
68168 1 627
68173 1 958
68176 1 2781
68178 2 814
68190 2 1318
68205 2 1021
68209 1 767
68217 1 5161
68226 1 1021
68261 1 1258
68263 5 5972
68264 1 445
68274 1 942
68289 1 514
68290 1 141
68297 1 1033
68304 1 1362
68321 1 1535
68326 2 2529
68329 1 1531
68333 1 633
68334 2 2381
68339 2 997
68342 1 1263
68343 1 1303
68346 2 2235
68351 1 1158
68369 7 11195
68370 1 1656
68376 1 1833
68388 2 2572
68389 3 7515
68390 3 7515
68391 3 7515
68392 3 6574
68393 4 3580
68424 1 1934
68429 2 863
68436 1 2388
68444 1 1026
68572 1 1068
68635 1 549
68657 1 1531
68660 1 1533
68664 1 3316
68680 6 9381
68691 1 2365
68701 2 561
68702 1 1708
68704 1 4902
68708 1 6905
68728 1 596
68734 2 1218
68738 1 1152
68739 1 2373
68756 1 2028
68764 1 2106
68765 3 6394
68768 1 1022
68770 1 757
68776 1 1328
68780 2 816
68784 1 1803
68788 1 2193
68798 2 1805
68803 1 1117
68823 2 2312
68827 3 194
68836 1 585
68846 5 1502
68857 1 588
68884 1 565
68895 1 1911
68900 1 3607
68913 1 145
68914 1 477
68916 1 2291
68956 1 2895
68964 1 11197
69003 1 581
69040 1 1203
69055 1 3045
69063 4 479
69086 1 2497
69149 2 43
69266 2 2497
69284 1 1590
69314 1 704
69315 1 587
69319 1 699
69347 1 566
69362 1 1181
69363 1 1762
69373 1 1063
69381 3 920
69382 1 1332
69399 1 753
69430 8 2889
69431 3 3095
69432 1 3080
69433 1 2935
69434 2 3213
69435 2 3178
69460 5 2124
69478 1 428
69509 1 5379
69521 3 6102
69530 3 3436
69532 1 2723
69538 1 1049
69695 1 846
69701 1 1593
69716 2 7169
69721 1 6125
69725 1 1479
69825 2 2564
69842 2 886
69848 1 372
69851 1 2303
69857 1 608
69868 2 614
69872 1 4385
69887 2 3269
69907 1 710
69914 1 7296
69917 3 3612
69922 1 469
69950 1 620
69953 1 566
69957 14 531
69959 6 1432
69970 5 1405
69990 1 3720
70014 1 285
70031 1 1376
70032 1 1290
70033 1 1365
70042 1 570
70054 1 1487
70060 4 540
70067 1 2001
70081 1 825
70087 1 573
70095 2 612
70107 1 686
70111 1 914
70131 3 844
70132 3 1065
70135 1 693
70207 6 10208
70208 1 1316
70210 1 5060
70216 1 2736
70217 1 1746
70221 1 1774
70222 1 950
70225 2 1695
70227 2 1812
70236 2 3474
70243 1 823
70259 2 1430
70263 1 7023
70264 5 2207
70268 2 511
70281 1 829
70297 2 5416
70298 1 1605
70305 2 1443
70308 1 1172
70323 2 1142
70333 1 1397
70345 1 930
70351 1 1891
70352 1 241
70381 1 591
70388 1 313
70390 3 937
70404 1 765
70409 1 1089
70431 2 2476
70434 1 1090
70442 3 4263
70479 2 401
70480 6 1306
70481 2 2683
70483 1 2371
70526 2 512
70534 1 5509
70541 1 514
70570 3 705
70576 1 2157
70582 2 1007
70586 1 2455
70590 2 822
70591 2 4584
70592 2 761
70618 4 1216
70701 1 2606
70737 1 2845
70749 1 6334
70838 1 1950
70839 1 3633
70841 2 8361
70855 3 5396
70890 1 2440
70894 1 195
70914 2 722
70929 1 6834
70930 1 602
70936 1 1631
70937 1 1008
70954 3 6095
70957 2 867
70958 1 1036
70975 1 285
70977 2 1128
70997 2 1088
71016 4 1255
71044 1 591
71066 1 819
71078 3 9605
71080 1 1970
71082 2 660
71085 4 623
71086 1 676
71087 1 635
71090 2 610
71099 1 494
71104 2 780
71107 3 783
71109 1 1426
71121 3 688
71122 3 684
71124 3 732
71125 3 759
71126 3 759
71127 3 760
71129 3 653
71132 3 751
71137 1 9411
71159 1 789
71198 2 1202
71217 1 2704
71229 1 887
71235 1 764
71252 2 1357
71257 1 2362
71258 1 1385
71259 1 1522
71276 10 2862
71291 1 648
71303 1 1741
71304 1 1377
71308 1 1324
71317 2 1023
71321 3 1012
71323 1 3523
71327 1 1804
71330 1 1097
71338 1 2157
71354 1 687
71364 1 998
71379 1 718
71384 2 2877
71385 2 2877
71386 2 2880
71388 3 1967
71389 3 1967
71390 3 1967
71391 3 1967
71395 3 1529
71396 3 1529
71397 3 1529
71398 3 1529
71405 1 1668
71423 1 447
71424 1 1049
71427 1 1053
71432 5 2398
71507 3 1967
71509 17 650
71518 1 800
71543 2 2407
71545 1 6773
71547 2 4635
71581 2 1913
71582 1 1381
71597 1 849
71606 1 4481
71618 1 1274
71630 1 3469
71631 1 803
71645 3 1199
71658 1 1236
71659 1 1216
71664 1 1342
71672 1 952
71685 1 371
71701 1 1266
71705 1 10258
71725 1 1376
71807 1 3340
71813 2 1515
71826 1 234
71833 1 2056
71850 1 642
71854 3 4173
71877 4 7422
71894 1 2159
71895 1 3069
71896 2 3955
71908 1 1014
71920 1 799
71961 1 1227
71962 2 1178
71972 1 722
71988 1 2427
71992 2 1328
71994 1 1432
72007 2 1256
72027 1 375
72046 1 2501
72048 1 5014
72065 6 9229
72066 2 7004
72067 2 9227
72068 2 8137
72098 3 19912
72106 1 1024
72124 1 1102
72141 1 834
72146 1 1354
72154 1 1793
72166 1 188
72171 1 618
72174 1 315
72176 2 2898
72187 1 180
72201 2 5125
72206 3 2593
72213 1 3012
72215 4 2153
72231 1 1446
72247 4 1555
72255 1 747
72257 1 1524
72260 7 1541
72261 1 1341
72264 2 412
72277 1 1369
72278 1 1211
72282 1 2243
72284 2 6759
72288 1 267
72293 1 1975
72295 2 2968
72305 6 1854
72314 1 1495
72325 1 616
72348 1 1677
72351 1 1344
72356 1 2591
72362 2 1038
72372 2 1766
72387 3 2107
72396 1 2100
72437 2 8964
72457 1 831
72484 1 1254
72485 1 565
72498 2 11873
72511 1 691
72543 1 779
72549 1 1050
72562 2 1024
72573 2 1791
72578 1 1935
72581 1 1872
72583 2 1935
72584 2 1934
72602 6 12545
72613 1 1298
72617 2 5161
72619 1 5216
72624 1 656
72627 1 678
72671 1 1591
72675 8 8994
72680 1 625
72707 2 563
72712 1 1839
72713 2 2218
72720 1 700
72721 1 708
72752 1 352
72760 2 729
72775 1 2072
72780 2 1493
72782 1 2059
72784 5 2240
72787 1 1583
72790 5 693
72794 1 1190
72797 2 2288
72806 1 1383
72821 1 855
72840 1 1216
72844 2 1589
72845 1 2164
72852 1 1113
72873 1 3122
72877 1 996
72878 1 4492
72879 1 7089
72887 1 758
72893 1 929
72895 1 1688
72897 4 3666
72899 4 20275
72903 1 896
72914 1 1062
72920 1 5462
72921 1 2994
72929 1 3019
72960 2 3082
72963 2 2184
72964 1 2090
72981 1 585
72999 1 3301
73001 1 636
73010 1 648
73024 1 727
73036 1 478
73066 1 2939
73071 1 175
73078 1 957
73082 1 819
73088 7 4779
73101 1 5854
73113 1 1107
73121 4 454
73150 1 911
73160 1 1243
73193 2 1571
73219 2 1342
73220 1 4868
73222 2 3558
73226 1 568
73237 1 337
73252 1 2017
73253 1 2048
73259 1 292
73265 2 229
73281 4 210
73286 1 2501
73289 2 555
73301 1 802
73327 1 882
73352 1 1355
73356 3 748
73373 3 5222
73377 2 464
73417 2 3750
73432 1 1327
73434 1 1396
73435 1 1288
73452 3 1553
73464 5 997
73482 1 1139
73483 1 1287
73485 1 650
73498 1 2553
73503 2 541
73506 2 1171
73533 2 732
73535 1 1850
73547 1 548
73550 4 1022
73554 2 721
73571 2 3969
73591 1 2230
73602 1 178
73644 1 2945
73649 4 2033
73663 1 868
73670 2 818
73683 1 180
73726 1 552
73727 1 322
73735 1 445
73739 4 1045
73743 1 290
73744 1 309
73746 2 335
73755 1 1019
73770 2 775
73772 1 375
73774 1 1177
73776 1 609
73794 1 198
73799 7 6946
73820 1 1771
73842 1 127
73858 1 2247
73865 1 928
73878 2 986
73881 2 1228
73882 1 1565
73883 1 883
73898 2 724
73899 1 829
73900 1 780
73907 1 2638
73920 1 2452
73922 1 793
73924 2 986
73941 1 986
73945 1 10857
73946 1 904
73963 1 6843
73988 2 2775
73991 1 1562
73996 2 7920
73997 4 10376
74023 1 1244
74025 3 96
74042 1 3503
74053 3 2613
74062 1 1079
74063 1 1184
74065 1 2514
74067 2 6352
74092 1 1697
74098 1 877
74122 1 1513
74148 1 1271
74151 1 1393
74157 1 1025
74158 1 1846
74168 1 351
74176 2 4570
74181 1 381
74187 1 302
74197 1 1338
74222 1 1233
74224 1 571
74226 1 842
74232 1 2451
74275 2 1747
74278 1 1950
74286 3 1225
74296 1 3168
74346 1 1835
74350 3 756
74353 1 1284
74370 1 1237
74372 1 1337
74374 1 1600
74378 1 897
74383 1 711
74385 1 827
74398 1 1396
74435 2 2232
74437 1 6261
74438 1 1352
74444 1 1117
74450 1 1939
74472 1 744
74474 1 1081
74530 1 711
74545 1 1446
74572 2 8808
74576 1 467
74577 2 547
74584 2 1755
74586 1 507
74601 1 1123
74609 2 3663
74612 1 1132
74629 1 1610
74634 1 1283
74635 2 2160
74645 1 6253
74657 1 2670
74660 5 2184
74666 1 1855
74706 2 5592
74707 1 4337
74708 2 4408
74712 1 955
74713 6 2251
74714 10 2557
74728 11 3896
74741 1 339
74743 1 1598
74744 1 746
74746 1 5004
74762 1 2031
74775 1 2772
74776 1 3788
74780 1 1098
74783 4 1421
74784 1 915
74785 2 4399
74788 2 1690
74792 1 1680
74798 4 2970
74801 4 899
74803 1 6144
74806 1 5040
74812 1 4167
74813 1 5631
74821 2 1520
74829 1 1083
74846 1 809
74857 3 2102
74862 2 1192
74873 2 4014
74874 2 6108
74877 1 3262
74887 2 7880
74917 1 1213
74918 9 2041
74924 1 1448
74931 1 2115
74951 1 996
75068 2 1333
75090 1 927
75115 1 763
75116 1 890
75118 1 806
75120 1 748
75121 1 800
75135 1 363
75139 1 424
75166 1 1252
75169 1 9895
75180 1 416
75195 1 508
75201 1 472
75202 1 3010
75203 1 2977
75204 8 3081
75205 1 3189
75206 8 2994
75207 8 2937
75208 4 3202
75209 8 2934
75210 2 3198
75217 1 548
75221 1 6839
75240 1 5462
75241 2 901
75242 1 728
75260 1 680
75305 1 2807
75325 1 1661
75328 1 3938
75398 1 2037
75400 1 2330
75408 2 3231
75411 1 1647
75416 1 927
75418 3 988
75423 1 1748
75467 1 1179
75468 1 1247
75490 2 2840
75493 1 1348
75497 1 1847
75505 1 1016
75512 1 736
75514 1 589
75516 1 475
75523 2 268
75524 1 401
75528 1 170
75530 3 2216
75531 1 1582
75532 1 2113
75534 4 9607
75543 1 528
75544 2 730
75549 18 1112
75551 4 2365
75601 1 645
75629 1 945
75634 1 1358
75635 1 1633
75637 2 1362
75643 1 1262
75645 1 1914
75656 2 1661
75662 1 463
75694 1 733
75705 1 3042
75714 1 208
75715 1 223
75752 1 1220
75753 1 1935
75757 4 1343
75764 1 930
75819 1 1134
75826 1 555
75842 1 761
75869 2 246
75899 1 420
75917 1 1013
75930 3 4094
75935 2 965
75954 1 3743
75961 2 1828
75963 2 2775
75965 2 1326
75984 1 373
75999 1 654
76003 1 488
76012 5 1064
76025 1 1636
76030 1 1041
76040 2 3213
76049 1 1651
76062 1 539
76075 1 871
76081 1 1493
76084 1 648
76104 1 2832
76105 3 6146
76106 2 4999
76109 1 1242
76125 1 3583
76135 1 433
76136 1 4953
76137 1 2520
76158 2 3909
76160 3 6409
76169 1 661
76174 2 20998
76175 2 6943
76176 1 1747
76199 1 1686
76205 2 3668
76211 4 1215
76214 1 1592
76236 4 1049
76243 1 713
76246 1 6517
76247 1 4782
76269 1 3998
76294 1 820
76304 2 5487
76324 1 1227
76328 1 1281
76338 1 1039
76353 1 3328
76354 1 3077
76361 1 666
76380 1 920
76392 3 909
76411 3 6346
76436 1 1234
76448 1 5583
76465 1 2400
76481 1 4881
76507 1 2568
76513 3 935
76519 3 3579
76522 1 1798
76526 4 4857
76527 1 493
76528 1 1175
76529 6 10440
76531 1 1613
76569 1 1058
76583 3 1134
76587 1 1166
76594 1 1805
76607 1 845
76615 1 3913
76626 1 4388
76631 1 340
76637 2 349
76640 1 1656
76646 1 468
76656 1 4057
76662 2 498
76674 1 823
76675 1 531
76687 2 738
76690 1 2184
76701 1 1582
76704 1 736
76707 2 3320
76710 1 1056
76721 1 2056
76726 1 2339
76745 1 1068
76748 1 801
76762 2 7340
76773 2 2532
76793 1 5567
76805 1 1044
76834 1 739
76850 1 671
76858 1 723
76871 1 919
76880 1 898
76881 1 2393
76886 3 4302
76898 3 1240
76907 1 758
76912 1 821
76913 3 1702
76918 1 1833
76919 2 1352
76920 1 750
76952 1 554
76963 1 1460
76985 2 1339
76988 4 1267
76995 7 1773
76997 1 1154
76998 2 2076
77002 4 962
77007 1 2330
77016 2 2119
77023 2 2768
77039 2 874
77048 1 1229
77055 1 1676
77059 10 1688
77067 2 1551
77068 3 2025
77070 2 2357
77074 1 1362
77075 3 2473
77076 1 3304
77081 1 1905
77088 2 4377
77101 1 813
77124 1 3644
77127 2 1709
77128 5 1010
77136 1 3236
77137 6 1799
77139 5 7313
77145 1 1172
77148 1 3628
77159 6 2784
77172 3 1401
77180 2 5716
77202 2 8001
77208 2 4089
77209 3 4122
77210 3 4271
77211 1 3451
77212 2 3474
77213 1 3532
77214 1 3477
77227 1 2803
77232 1 1018
77233 2 4265
77246 1 6149
77247 2 1786
77248 1 1903
77253 2 1729
77325 4 1130
77365 1 368
77373 1 388
77383 1 595
77389 1 1117
77391 1 627
77394 1 1254
77398 3 3728
77414 1 870
77423 1 506
77425 1 2873
77454 1 1448
77456 3 13066
77470 3 2244
77471 1 1687
77473 3 3580
77553 1 3529
77555 1 1911
77556 1 1911
77572 1 1247
77576 1 4731
77578 1 147
77579 1 621
77587 1 473
77610 2 2465
77618 1 634
77643 1 644
77652 4 3016
77653 1 958
77792 1 1395
77807 1 5880
77811 1 729
77840 2 1022
77874 1 3196
77875 1 3223
77876 2 3309
77877 2 3129
77878 2 3028
77879 26 2977
77880 8 3027
77881 9 2924
77893 1 2270
77900 3 164
77901 1 683
77906 3 278
77933 1 788
77942 1 3229
77944 3 860
77948 2 3393
77954 3 4740
77957 1 1907
77961 22 8551
77962 1 3614
78010 29 1823
78011 29 1824
78022 1 624
78031 1 1380
78074 1 1554
78092 1 1018
78103 2 476
78112 2 1269
