westfield westfield 197 65215343 
361 3 5027
648 1 1101
738 1 384
2500 8 796
3536 1 1404
6462 1 1665
6949 1 744
8683 1 643
8684 2 837
9132 1 3040
9133 1 4066
9190 1 1362
10603 1 1187
10749 1 2979
11089 1 1023
12940 1 639
17655 1 1980
18043 1 3632
18322 2 1063
19849 3 684
20054 1 630
20756 5 1009
21555 2 625
24514 11 13551
24841 1 1228
25541 1 561
26091 1 332
26303 1 330
28803 1 805
29726 1 948
30716 1 940
30887 1 10988
31960 1 1028
32147 1 621
32159 1 588
34178 1 2529
34926 1 1110
34927 1 834
35951 1 2034
36331 1 613
37599 1 1374
39260 69 2636
39276 1 3501
40855 1 1346
41213 8 271
41875 1 668
42087 2 640
42473 1 3755
42850 3 4255
43451 1 794
44434 4 680
44780 2 3261
47214 1 966
47889 3 1064
48984 1 574
50143 1 8454
50641 4 2091
51192 3 1136
51867 1 4614
52296 1 388
53554 1 1048
59650 1 338
62435 1 383
62631 1 866
62791 1 2675
65270 1 943
66368 2 237
67526 1 813
68008 3 1300
70243 1 823
71807 2 3340
72061 1 833
72836 1 2346
72916 1 1335
73426 1 1568
75936 1 694
