midnight midnight 1189 65215343 
11 1 323
31 1 1143
117 1 6480
227 2 2869
340 2 2546
415 1 2105
435 1 1005
564 2 1452
734 1 1711
799 1 845
963 1 2981
964 1 3624
1118 1 2305
1171 1 236
1308 1 1224
1309 1 1224
1702 2 226
1871 1 1031
1991 7 835
2186 1 747
2321 2 1392
2444 1 352
2477 1 1144
2963 1 3763
3006 1 834
3149 1 1273
3202 1 6501
3217 1 2264
3248 1 552
3268 1 556
3269 1 183
3404 1 2168
3405 1 2857
3482 4 3281
3483 1 1094
3562 1 1205
3580 1 915
3581 1 1329
3599 1 11096
3618 1 646
3783 1 1578
3805 1 883
4005 1 354
4195 1 1194
4364 1 1040
4370 1 3314
4446 2 1214
4485 1 2100
4629 1 1080
4645 1 2574
4753 3 5716
4799 1 563
5010 1 19
5032 1 60
5139 3 660
5225 1 1789
5284 1 507
5286 1 627
5402 1 1205
5596 1 4949
5860 5 1573
5876 1 2035
5906 5 8444
5981 1 661
5982 1 1168
5983 1 798
5984 1 638
6017 3 1532
6093 1 2317
6322 1 1074
6904 1 1029
6967 1 837
7017 1 423
7143 3 1502
7155 1 1071
7179 1 920
7473 1 147
7509 1 1081
7573 4 4835
7722 1 1567
7727 1 2490
7898 1 656
7902 1 1082
8092 1 3223
8093 1 20088
8099 1 376
8193 1 1008
8204 2 4600
8299 2 1374
8382 2 19553
8402 1 8226
8410 1 1260
8470 2 1947
8555 1 1695
8606 1 914
8640 1 823
8696 1 1842
8697 1 2450
8698 1 2529
8831 1 289
8904 3 1170
8937 1 1958
9125 1 931
9146 1 936
9266 1 552
9289 1 1772
9403 1 3133
9766 1 4331
9771 1 1844
9791 1 488
9859 1 396
10000 1 1196
10033 1 8876
10149 7 561
10197 1 58
10250 2 1105
10278 1 2690
10333 1 1574
10442 1 1664
10475 1 747
10627 1 1104
10668 1 2803
10997 1 1555
10999 1 1962
11103 1 931
11227 1 931
11450 1 1097
11603 1 1444
11650 1 1881
11655 1 249
11879 1 8814
11993 1 1874
12100 2 1451
12244 1 393
12258 6 976
12334 1 860
12336 1 3437
12339 1 350
12456 1 4543
12587 1 1250
12638 2 6177
12674 1 6435
12777 1 3961
12941 1 587
13226 3 4464
13328 1 930
13339 1 2880
13344 1 5744
13392 1 617
13466 1 1683
13470 1 2696
13472 1 2549
13520 1 4296
13862 1 3335
13969 1 440
14072 1 651
14204 7 525
14212 2 12149
14379 1 717
14479 2 70
14587 2 1029
14681 1 334
14797 1 2125
14817 1 1340
14871 1 363
15086 1 1140
15270 2 545
15273 1 1030
16341 1 9421
16385 1 1811
16489 1 4179
16591 1 6896
16717 1 1216
16899 1 1633
16943 3 10757
17024 1 503
17262 1 3246
17296 10 4348
17297 1 1229
17442 3 3953
17458 2 10296
17591 5 3099
17765 2 279
17851 2 963
17901 1 1052
18041 1 387
18047 1 1617
18077 1 720
18143 1 982
18146 2 5814
18228 3 4817
18353 1 1350
18671 5 255
18672 2 349
18824 1 3146
18839 1 514
19025 1 1347
19060 1 334
19086 1 2849
19131 1 3297
19135 1 966
19147 3 1210
19186 2 6942
19668 1 887
19683 1 2480
19877 1 1239
20188 1 709
20193 1 1368
20194 1 1431
20350 1 1183
20384 1 1291
20740 1 931
20907 1 2997
20975 1 1229
20977 2 2515
21046 2 10160
21112 1 1220
21113 1 1247
21299 4 9163
21324 1 1830
21386 1 1881
21463 1 2707
21531 2 670
21608 1 4754
21671 1 1413
21690 1 609
21704 1 1215
21981 1 3068
22048 1 1210
22057 1 1390
22105 1 2168
22133 4 349
22159 1 2515
22428 1 3769
22456 1 1938
22462 1 1151
22501 1 554
22547 1 5064
22620 1 345
22786 1 547
23013 11 4500
23254 1 395
23419 1 1204
23640 1 1222
24265 2 3355
24376 1 783
24395 1 1099
24437 1 3970
24453 1 987
24462 1 8468
24506 1 7516
24541 1 5645
24593 3 1736
24649 1 28
24748 1 4627
24784 1 1769
25017 1 816
25153 2 3748
25175 1 4293
25240 1 1105
25308 7 600
25348 1 2680
25461 1 602
25462 1 557
25759 1 1058
25821 1 721
25997 2 510
26108 1 1030
26161 4 14248
26323 1 1258
26324 1 1329
26385 1 2163
26503 1 555
26537 1 348
26622 3 3312
27182 1 3254
28106 4 211
28241 1 517
28261 1 11790
28550 1 1171
28695 1 1876
28804 1 884
29189 1 930
29447 1 335
29458 1 474
29504 1 416
29668 1 664
29816 1 24
29827 1 1467
29851 1 1758
29860 1 653
29967 1 953
30266 2 665
30482 2 926
30511 1 2112
30554 1 3073
30661 1 2882
30758 1 898
30936 1 2343
31109 5 516
31303 1 564
31305 1 613
31327 1 3711
31360 2 3008
31382 1 1446
31739 1 977
31930 1 4739
31985 1 810
32035 1 1660
32039 8 3651
32255 1 550
32371 1 924
32694 1 2647
32743 1 1903
33244 1 453
33329 2 2558
33335 1 9267
33409 1 1260
33539 1 137
33649 1 431
33756 1 1299
33760 1 616
33895 1 1427
33943 2 2181
33996 1 4294
34037 1 3652
34086 1 3765
34241 9 658
34291 1 1443
34298 1 6813
34325 1 638
34454 1 1630
34507 1 1422
34520 1 2339
34819 1 2388
35317 2 1885
35477 1 476
35606 3 1070
35760 2 5014
35773 1 1187
35774 1 3657
35828 4 5244
35867 1 601
35942 1 999
35959 2 1220
36239 1 2990
36290 1 1878
36331 1 613
36358 1 1651
36646 1 415
36675 4 6019
36714 2 654
36876 2 1168
36885 1 309
36945 1 21910
36993 1 753
37200 1 724
37384 1 1980
37499 1 258
37629 1 287
37725 1 2498
37788 2 983
37860 1 675
37934 1 1480
38099 1 1239
38189 1 3745
38226 3 709
38237 12 4950
38248 1 484
38451 1 347
38574 1 2305
38683 1 310
38745 1 916
38781 1 2162
38808 1 2666
38836 1 1881
38916 1 6621
39083 1 2721
39088 1 252
39109 1 375
39122 1 1147
39151 2 1763
39285 3 3325
39286 1 1507
39317 1 402
39448 1 3136
39487 1 910
39497 1 5496
39533 1 1603
39559 1 522
40159 1 959
40345 1 1243
40348 1 855
40375 2 2147
40426 1 626
40516 1 426
40538 1 14088
40695 1 8337
40853 1 576
41160 1 907
41291 1 1274
41322 18 740
41568 1 397
41617 1 366
41824 1 848
41878 1 142
41987 1 1216
42056 1 1410
42088 1 1078
42143 1 770
42158 1 761
42263 1 401
42309 1 5367
42362 2 10503
42372 2 915
42379 3 684
42585 1 2844
43101 1 933
43388 1 576
43397 1 358
43438 3 2070
43597 1 2088
43728 2 3240
43770 1 1254
43837 1 3115
44191 1 1020
44258 1 2515
44302 1 194
44421 1 832
44751 1 774
44874 1 3594
44885 1 2410
44954 4 8549
44955 2 7733
44956 6 7041
44957 2 10010
45310 1 1152
45336 1 1599
45391 1 485
45609 2 1092
45697 2 111
45826 1 8235
45917 1 438
46034 1 865
46047 1 518
46071 1 1693
46112 1 1216
46169 3 5011
46212 2 1331
46283 1 821
46476 7 98
46731 1 1668
46749 1 6951
46768 1 712
46828 1 845
46941 4 1454
47115 2 1920
47140 1 743
47153 3 1159
47204 4 1502
47370 1 552
47423 1 556
47481 1 1797
47487 1 1374
47513 1 155
47722 1 925
47800 1 10768
47905 1 685
47912 1 773
48076 1 773
48095 1 490
48126 1 1791
48180 1 25164
48182 1 1935
48187 2 1085
48202 2 2712
48221 1 2217
48222 1 3062
48224 1 3121
48269 2 11120
48273 2 1388
48410 1 139
48595 1 1795
48641 1 762
48719 1 243
48903 1 974
49028 2 1058
49184 1 2455
49334 1 434
49604 1 4772
49814 1 1613
49931 3 2794
49933 2 772
49939 1 1882
50158 7 404
50209 1 1735
50233 1 702
50265 1 956
50266 1 999
50267 1 865
50268 1 945
50269 1 1701
50270 1 962
50384 1 680
50488 1 1982
50597 3 2594
50796 1 1698
50814 1 2147
50881 1 4909
50965 1 819
51010 1 1165
51040 1 2089
51208 2 859
51209 1 377
51495 1 928
51802 1 5283
51828 1 2276
51839 1 9735
51976 2 1263
52089 1 528
52202 1 424
52396 1 4756
52851 2 420
53027 1 1659
53111 6 3883
53207 1 1218
53224 1 1319
53424 3 5193
53645 1 1386
53655 1 2405
53936 1 1821
54048 2 784
54108 1 992
54130 2 394
54164 1 594
54225 1 998
54349 1 12411
54355 1 10248
54514 2 1299
54523 3 1390
54566 1 8702
55037 1 625
55076 1 2410
55077 1 2410
55500 1 1640
55653 12 4392
55714 2 676
56193 1 1208
56226 2 829
56659 1 1655
56698 2 1186
56802 2 8941
56815 1 249
57372 1 2559
57408 1 3005
57413 1 6376
57416 1 384
57667 9 648
57827 1 1465
57884 1 810
57888 1 1043
58202 1 1151
58244 1 850
58283 8 644
58284 1 631
58380 1 2008
58718 6 524
58782 1 2475
58797 1 268
58816 1 564
58818 1 607
58835 2 594
59168 2 1245
59247 1 1136
59251 1 6070
59274 1 477
59361 1 1086
59403 1 989
59496 1 1417
59619 1 3498
59628 1 1173
59632 1 2405
59633 1 4221
59634 1 2585
59635 2 4384
59636 1 2251
59637 1 2484
59638 1 3389
59639 1 3423
59640 4 5056
59641 2 4053
59642 1 3464
59697 1 2431
59900 1 3360
60091 1 976
60154 1 361
60190 1 279
60238 1 1338
60297 1 923
60708 1 1572
60727 1 588
60728 1 580
60754 1 712
61020 1 13801
61187 1 15707
61199 1 1761
61240 1 2043
61287 2 2272
61330 1 1389
61490 1 53
61617 1 2377
61722 2 873
61820 1 5698
61994 1 535
62062 2 6529
62300 1 784
62417 2 11638
62453 1 307
62468 1 2405
62708 1 571
62767 1 14162
62853 1 4078
63073 1 6062
63142 1 574
63156 1 1380
63206 1 1190
63280 1 3788
63550 1 143
63668 1 1184
63749 1 482
63750 1 662
63950 1 345
63951 2 380
64039 1 769
64282 4 988
64352 3 1020
64416 1 453
64445 3 984
64622 1 936
64634 1 381
64977 1 564
64978 1 549
64979 1 669
65034 1 3956
65091 1 2809
65386 1 1013
65413 1 2296
65421 1 3586
65425 1 2453
65530 1 1872
65566 1 565
65813 1 1982
65854 1 641
65860 2 478
66005 2 1390
66043 1 997
66118 2 6182
66197 1 871
66230 3 1223
66391 4 1172
66434 11 174
66623 1 1360
66723 1 1267
66755 2 889
66771 1 3499
67169 1 1155
67221 2 372
67442 1 716
67485 1 785
67717 1 781
67756 4 5291
67859 1 1130
67898 1 1778
67912 1 609
68116 1 4818
68282 1 1506
68295 1 355
68313 3 714
68327 1 255
68335 1 1183
68643 9 572
68751 2 1427
68812 1 10319
68845 1 750
68900 4 3607
68904 1 1018
69033 2 718
69040 2 1203
69362 1 1181
69402 1 595
69837 1 747
69977 1 1287
70045 2 1086
70061 8 1534
70231 1 2953
70236 1 3474
70488 1 2098
70534 1 5509
70570 1 705
71078 1 9605
71256 1 1259
71261 2 1189
71315 1 6723
71357 2 837
71375 1 1370
71380 1 1120
71577 1 523
71652 1 1418
71697 1 1008
71705 1 10258
71726 1 906
71811 3 808
71942 1 3216
71943 1 3979
72168 1 1859
72217 8 1342
72229 1 1439
72384 2 268
72387 1 2107
72703 1 824
72794 1 1190
72879 1 7089
72943 1 1178
72975 2 2128
73176 1 231
73221 1 4913
73222 1 3558
73249 1 917
73311 2 895
73350 4 2160
73415 1 996
73423 1 511
73429 1 983
73868 2 432
73956 1 2798
74351 1 1240
74352 1 1409
74543 2 5014
74661 1 1665
74876 1 923
74878 1 366
74881 2 1243
74917 1 1213
75158 1 685
75292 1 137
75305 1 2807
75591 1 241
75700 1 1441
75753 3 1935
75930 2 4094
76030 1 1041
76031 1 1946
76066 2 3438
76067 1 2476
76139 3 3319
76141 2 326
76159 1 4003
76202 1 1263
76246 1 6517
76247 1 4782
76262 1 3194
76344 3 2359
76454 1 531
76529 2 10440
76742 1 1479
76856 3 1057
76933 1 1278
76991 1 445
77069 1 1110
77091 1 1850
77144 1 3383
77148 2 3628
77416 1 626
77425 1 2873
77619 1 1113
77646 1 643
77805 1 2119
77864 2 749
77962 1 3614
