mood mood 1511 65215343 
35 2 653
194 3 1376
370 1 921
428 1 2978
461 1 5431
490 1 919
500 2 1485
556 1 3813
557 1 3639
606 1 1190
800 1 987
859 1 874
1033 1 164
1134 3 966
1153 1 6533
1206 1 1304
1207 1 1292
1346 1 605
1363 1 1368
1394 1 1190
1401 1 1005
1455 1 623
1460 1 678
1565 2 2063
1600 1 478
1634 6 30082
1762 1 1323
1827 1 1488
1830 1 1777
1890 1 211
1898 1 3856
1988 1 1267
2001 1 2255
2014 2 1601
2083 3 4561
2094 1 56
2197 1 1493
2198 2 2369
2237 1 1765
2362 1 3506
2396 1 1417
2463 2 3258
2573 1 768
2727 1 4008
3006 3 834
3010 1 1261
3099 1 797
3103 1 3185
3133 1 4214
3202 1 6501
3304 1 1426
3440 2 1888
3484 5 1416
3609 2 1300
3835 1 1418
4102 1 611
4144 1 2194
4247 1 1412
4248 1 1366
4289 1 673
4342 1 1391
4470 2 1463
4525 1 1554
4581 15 2280
4615 1 3920
4637 1 1404
4640 2 3309
4726 2 2646
4782 1 6257
4807 1 545
4842 1 2135
4888 1 1826
5026 1 635
5121 1 394
5140 1 1465
5142 1 1220
5209 1 878
5273 1 3302
5274 2 1327
5407 1 570
5499 1 44062
5618 1 1234
5645 1 1175
5815 1 742
5838 1 278
5927 1 896
6012 1 3069
6019 1 820
6048 1 4019
6093 1 2317
6123 1 1295
6151 1 6692
6450 2 1006
6558 1 2607
6584 1 842
6607 1 1415
6906 1 129
6921 1 562
6949 1 744
7021 3 2137
7055 1 2879
7086 1 587
7130 2 736
7252 1 48
7282 1 1284
7284 1 3123
7287 1 4774
7536 1 1263
7542 1 750
7571 1 5357
7573 1 4835
7576 1 6690
7603 4 987
7696 1 842
7764 1 2460
7884 1 1076
8072 3 5760
8138 1 526
8161 1 590
8249 2 7006
8257 1 57
8315 6 776
8394 4 1250
8401 1 649
8408 1 5505
8409 2 3217
8466 2 2863
8641 1 1541
8866 1 515
8974 1 1453
9074 2 384
9143 1 1856
9147 1 1473
9205 1 2860
9243 1 1282
9354 1 725
9467 1 4306
9491 1 6177
9551 1 1485
9552 1 1520
9553 1 1546
9554 1 1532
9602 1 946
9698 1 2152
9727 3 3290
9799 1 3095
9807 1 982
9866 1 1142
9871 1 1358
10050 1 585
10130 1 997
10143 1 340
10217 1 760
10271 2 930
10350 1 1251
10493 1 727
10495 1 1223
10598 1 501
10749 2 2979
11132 6 1530
11143 2 1675
11214 1 1706
11245 1 1612
11386 1 1182
11643 1 361
11870 1 1148
12013 1 98
12211 1 4041
12286 1 2100
12372 1 829
12452 1 505
12637 2 1065
12667 1 600
12703 1 319
12786 1 7289
12814 7 46677
12843 10 788
12894 1 788
12921 1 1723
12925 1 2837
12977 1 809
13105 1 2565
13138 1 986
13148 7 1862
13196 1 2057
13227 1 411
13236 1 937
13242 1 2319
13440 1 1581
13470 1 2696
13471 1 829
13479 2 5487
13497 9 6632
13499 1 5895
13508 1 6492
13511 1 638
13871 2 6056
13896 1 1368
14026 1 925
14084 2 332
14206 1 703
14272 1 3020
14330 1 929
14344 1 1260
14444 1 1070
14636 1 256
14649 1 3074
14723 4 4899
14757 2 1802
14766 1 964
14809 1 542
15007 1 555
15226 1 688
15307 1 605
15476 1 1151
15517 1 2551
15570 5 2982
15757 1 7636
15826 1 1438
16008 2 6422
16120 1 1888
16169 1 661
16315 1 979
16341 1 9421
16443 1 1618
16449 1 823
16456 1 896
16480 1 1705
16481 1 1327
16490 1 4549
16495 1 667
16507 1 1847
16533 1 1331
16552 2 1230
16575 3 2548
16624 1 1916
16757 1 1292
16758 1 806
16784 1 2834
16794 1 536
16853 1 1372
16958 1 5800
16975 1 736
16995 1 4866
17005 1 2314
17033 1 452
17059 2 1292
17074 2 721
17083 1 1481
17113 1 4319
17121 1 6700
17175 1 502
17261 1 4916
17426 1 7075
17613 1 2393
17643 1 999
17649 1 646
17758 3 28986
17843 1 1862
17851 1 963
17904 3 6041
17958 1 1236
17981 1 1639
18213 3 2075
18382 1 886
18383 1 1509
18384 1 1261
18403 1 917
18414 1 1361
18439 1 706
18597 2 6498
18712 1 781
18773 1 1318
18883 1 1727
18951 1 5208
18962 1 224
18976 1 1679
18977 1 1536
19094 1 3568
19112 1 251
19164 1 999
19375 1 4252
19382 1 889
19502 1 2113
19629 4 923
19664 1 4781
19677 1 4468
19727 3 698
19801 1 1215
19828 1 689
19889 1 7969
19933 6 1797
19993 1 664
20161 5 1149
20211 1 1460
20304 2 735
20369 1 781
20653 1 6960
20684 3 12924
20698 1 3736
20742 1 809
20778 2 4580
20833 1 5441
20856 1 1576
20983 1 1210
21065 1 632
21254 1 736
21262 1 2285
21372 1 553
21386 1 1881
21420 4 4351
21421 1 1866
21422 2 2156
21569 1 1048
21613 1 1522
21633 1 904
21637 2 10855
21661 1 5628
21706 2 835
21712 1 965
21730 1 1984
21832 1 2721
21884 1 54
21995 1 2336
22021 1 824
22032 1 4462
22092 3 8456
22103 15 5529
22148 1 1192
22166 1 1970
22216 2 13756
22417 1 571
22605 2 1238
22624 1 1920
22639 1 3403
22781 1 1147
22877 1 1527
23420 1 1191
23493 3 186
23843 1 1535
23844 1 1535
23845 1 1535
24233 1 1108
24438 1 3027
24452 1 2427
24541 1 5645
24631 1 1078
24713 2 3212
24728 2 2573
24729 2 2591
24770 1 233
24775 1 6446
24789 2 4093
24803 1 5803
24878 2 533
25090 1 6934
25175 12 4293
25231 1 2410
25238 1 705
25240 1 1105
25478 1 3302
25557 1 1837
25560 1 1516
25656 1 4885
25771 1 2483
25894 1 162
26169 1 2105
26205 1 1479
26375 8 791
26477 2 1705
26502 1 3975
26534 1 3621
26604 1 621
26681 1 463
26721 1 219
27235 13 2671
27275 1 1290
27377 1 718
27424 8 816
27475 2 5550
27520 1 3462
27571 1 489
27583 1 389
27768 1 1009
27830 1 5835
27872 1 3102
28056 1 1056
28080 1 474
28082 2 1956
28099 2 1068
28104 1 1950
28261 1 11790
28781 1 2730
29009 1 1308
29085 1 313
29089 1 4866
29342 3 609
29395 1 670
29414 1 1661
29498 1 2955
29802 1 4831
29964 1 253
29981 1 1139
30077 1 3556
30300 1 6017
30341 1 713
30373 1 937
30552 1 4502
30606 1 2666
30738 3 1986
30982 1 1788
31022 1 365
31045 1 24677
31089 6 1949
31146 13 1006
31163 1 50
31327 1 3711
31330 1 2751
31518 2 5634
31601 1 982
31611 1 741
31688 2 2740
31732 1 400
31805 1 124
31825 2 3867
31843 2 1841
31892 1 557
31930 3 4739
31935 1 2200
31947 1 1265
31993 1 1186
32144 1 61
32211 1 954
32263 1 652
32345 1 1361
32564 1 1067
32656 1 864
32658 1 369
32746 1 2142
32803 1 1009
32972 1 11367
32996 1 693
33291 1 895
33419 1 691
33514 1 782
33629 1 1200
33703 1 18894
33988 1 1595
34081 1 3468
34086 2 3765
34087 1 3646
34100 1 837
34132 1 686
34222 1 3470
34394 10 8616
34413 1 545
34585 1 192
34654 1 770
34662 1 1885
34685 6 814
34791 1 1079
34914 1 895
34941 1 1620
35174 2 953
35332 1 2865
35580 1 557
35591 4 632
35771 1 5813
35825 3 3773
35898 1 726
35943 1 583
36143 1 589
36223 2 2477
36383 5 2040
36389 2 6107
36390 2 6107
36391 1 7515
36403 1 2989
36404 1 2989
36405 1 2989
36475 1 534
36498 1 8241
36605 1 1696
36698 1 904
36832 2 4358
36848 1 328
36882 1 6259
36898 1 793
36915 1 866
36918 1 1129
37093 1 1160
37177 1 10680
37197 1 3237
37366 1 814
37369 1 5846
37411 4 375
37436 1 9722
37597 1 824
37685 2 2123
37737 1 1881
37893 2 7547
37932 1 17484
38189 3 3745
38211 1 755
38344 1 1209
38483 1 1201
38589 1 1121
38611 1 5792
38666 1 1249
38667 1 1300
38671 1 1330
38688 1 902
38793 1 1377
38800 1 691
39046 1 617
39179 1 2122
39241 1 7079
39279 1 5440
39397 3 2248
39692 1 1262
39693 1 994
39773 2 1598
39774 1 1715
39940 3 1790
39978 2 30166
40173 1 652
40354 1 777
40373 1 953
40435 1 2577
40438 1 4462
40504 1 758
40534 3 4269
40541 1 4650
40585 2 1235
40590 1 379
40630 4 5684
40695 8 8337
40696 2 6423
40706 1 377
40947 1 421
40967 3 74
41061 1 890
41065 1 391
41160 1 907
41579 1 448
41678 1 1464
41684 1 857
41713 2 1310
41885 1 1027
42010 1 2197
42119 1 4002
42149 1 9906
42295 1 714
42366 1 579
42375 1 2118
42438 1 506
42466 1 597
42487 1 1735
42562 1 1134
42585 1 2844
42632 1 2515
42635 1 1088
42670 1 1290
42673 3 1898
42679 2 6107
42680 2 6107
42763 1 6680
42767 1 8035
42774 11 5633
42957 1 640
43103 1 506
43327 1 1254
43463 1 1072
43468 1 495
43798 1 5617
43819 1 432
43935 3 3104
43938 1 1026
44110 1 1335
44253 1 2425
44402 1 1038
44411 1 58
44442 1 1179
44494 1 3303
44496 1 1260
44757 6 432
44874 1 3594
44878 1 2602
44970 1 1122
45163 1 1509
45166 1 2013
45168 1 1295
45178 1 378
45285 1 1078
45386 1 159
45484 3 564
45609 2 1092
45759 1 376
45826 1 8235
45924 1 1296
45969 1 1208
46034 1 865
46160 1 1499
46176 1 1459
46282 2 4059
46355 1 372
46388 3 81863
46639 1 4091
46753 1 1413
46952 1 2067
47062 1 830
47086 1 935
47114 1 521
47189 2 92
47245 1 6757
47366 1 936
47376 1 842
47446 1 2943
48002 1 2505
48078 1 11919
48102 1 1483
48159 1 849
48297 1 1099
48314 2 1603
48471 2 2563
48545 1 3140
48547 1 4836
48551 1 6659
48613 1 287
48638 1 1013
48665 2 502
48675 1 2669
48787 1 218
48858 1 3188
48861 1 789
49173 1 10707
49175 1 9938
49235 1 2114
49366 1 5125
49393 1 1075
49516 1 1481
49696 2 2912
49857 1 693
49934 1 3099
50025 1 5763
50132 1 1107
50186 1 5705
50209 3 1735
50210 2 2088
50213 2 1995
50355 2 3677
50437 1 799
50459 1 1672
50484 1 3217
50542 1 2306
50610 1 1696
50685 1 59
50729 1 670
50764 1 729
50765 1 589
50792 1 1448
50854 1 3003
50994 1 1421
51039 4 346
51087 1 2282
51127 1 434
51146 3 2691
51147 1 3111
51212 1 877
51290 2 6381
51305 1 1663
51335 1 290
51345 1 2417
51706 1 989
51707 1 986
51768 1 1070
51777 1 1830
51976 1 1263
51978 3 8282
51979 1 6703
52244 2 1659
52301 1 8406
52356 1 1329
52371 1 54
52396 3 4756
52473 1 1195
52480 2 2295
52557 1 5509
52561 1 52057
52599 2 4808
52717 1 3076
52929 1 920
52941 1 3400
52948 1 753
53113 3 1040
53118 1 1138
53140 2 4214
53224 1 1319
53236 1 3296
53367 1 1856
53398 1 1658
53430 1 48057
53515 1 1570
53767 2 1549
54200 1 3379
54218 1 612
54225 3 998
54497 1 1589
54548 1 409
54571 1 839
54931 1 718
54960 2 830
55032 1 622
55100 3 868
55117 1 1442
55595 1 1215
55607 1 9422
55668 1 780
55731 1 2515
55916 1 1109
56019 1 2130
56094 1 139
56227 1 1370
56273 1 2200
56290 1 826
56469 2 731
56524 1 4137
56669 1 2701
56686 1 542
56808 1 1411
56821 1 6607
56993 1 1027
57272 1 889
57385 1 2878
57387 1 2964
57449 1 3288
57493 1 795
57745 1 595
57747 1 946
57879 1 1521
58277 1 1047
58487 1 1326
58514 1 1385
58729 1 873
58766 1 757
58781 1 410
58847 1 2073
58929 2 1342
58948 1 455
59072 1 10092
59219 1 1647
59237 1 492
59398 1 1993
59423 2 13129
59473 2 4291
59507 1 1225
59508 1 1122
59571 1 766
59630 1 5288
59641 1 4053
59715 1 312
59770 3 1910
59771 2 2668
59777 1 6060
59858 1 1684
59978 3 80
60069 1 3188
60134 1 1270
60157 2 3863
60217 1 2172
60344 1 755
60379 2 1146
60506 1 4289
60625 2 994
60697 1 1552
60862 5 4275
60935 1 2979
61051 1 488
61074 1 668
61213 1 1171
61268 1 2756
61451 1 2083
61463 1 1595
61511 1 2320
61664 1 3204
61668 2 11710
61731 1 1752
61804 1 677
61805 1 1227
61892 2 3071
61918 4 644
62058 1 842
62082 1 1641
62212 1 986
62215 1 1984
62613 1 5274
62731 1 2944
62847 1 1945
62853 5 4078
62929 1 5384
62997 2 1180
63171 5 1012
63257 1 716
63258 1 1486
63311 1 1028
63427 1 4477
63580 1 1896
63634 4 5269
63751 1 310
63767 1 938
63882 6 1633
63948 2 1435
64015 1 2612
64034 1 2927
64248 1 58
64362 1 617
64452 1 1016
64462 1 843
64506 2 1697
64510 1 1839
64918 2 274
65023 1 914
65068 1 2208
65129 1 15643
65758 2 410
65807 2 1381
65825 1 909
65880 1 1390
66056 1 1412
66193 1 691
66240 1 1526
66241 1 1533
66310 1 8271
66413 1 614
66454 1 1171
66485 1 788
66486 1 1876
66515 1 6274
66536 1 727
66549 2 1147
66559 1 5776
66598 3 1411
66722 2 276701
66801 1 3195
66897 1 2315
66987 3 2394
67027 1 2379
67054 1 2805
67103 3 558
67125 2 1963
67142 2 699
67188 1 519
67195 1 6824
67261 3 1409
67266 1 4007
67313 1 1165
67347 1 1319
67425 1 828
67585 2 2443
67627 2 2254
67671 1 6735
67674 1 1995
67717 1 781
67789 1 1357
67809 1 251
67817 1 603
67871 31 1809
67878 1 1072
67889 1 2813
68192 1 2334
68199 1 1903
68305 1 3491
68369 1 11195
68389 1 7515
68390 1 7515
68391 1 7515
68424 1 1934
68436 1 2388
68770 1 757
68917 3 1219
68951 1 501
68960 1 1724
68961 1 1060
68989 1 521
69030 1 437
69268 1 505
69355 1 1142
69374 9 1453
69431 1 3095
69458 1 1090
69495 2 2757
69530 2 3436
69536 1 1166
69887 1 3269
69913 1 7379
69990 1 3720
70076 2 833
70088 1 320
70243 1 823
70279 1 12383
70313 1 2371
70403 1 1958
70434 1 1090
70638 1 1325
70922 1 2787
70986 1 697
71090 1 610
71152 1 1194
71223 2 935
71262 1 159
71294 1 674
71322 1 1708
71419 1 2738
71452 1 29
71528 1 1242
71562 2 835
71571 1 1589
71802 2 1017
71875 1 1163
71896 4 3955
71969 1 777
71973 1 1640
72007 3 1256
72154 1 1793
72198 1 2050
72206 2 2593
72226 1 1219
72315 1 1434
72357 1 916
72371 1 804
72382 2 4049
72414 1 1956
72498 1 11873
72591 1 2016
72620 1 1465
72647 1 1477
72715 1 2456
72716 1 487
72824 1 1931
72825 1 4050
72899 1 20275
72920 1 5462
72926 1 742
72934 1 2319
73092 1 2999
73115 1 2759
73207 1 1418
73340 1 151
73446 1 989
73576 1 42
73594 1 1535
73595 1 2131
73812 1 356
73899 1 829
74022 1 2523
74151 1 1393
74225 5 112
74435 1 2232
74437 3 6261
74706 1 5592
74799 1 1061
74822 1 5130
74932 1 1237
74953 1 1089
75140 1 1565
75142 1 931
75203 1 2977
75221 1 6839
75443 2 159
75480 1 479
75534 1 9607
75557 3 893
75650 1 199
75717 1 2502
75762 1 1634
76075 1 871
76139 1 3319
76175 1 6943
76243 1 713
76247 1 4782
76269 2 3998
76320 1 908
76355 1 227
76447 1 253
76448 1 5583
76455 2 1356
76516 1 5399
76521 1 1643
76651 1 686
76656 1 4057
76690 1 2184
76839 1 561
76845 13 538
76873 1 376
77006 1 685
77034 2 1338
77067 1 1551
77159 1 2784
77233 1 4265
77258 4 1408
77325 1 1130
77441 2 360
77458 1 1185
77576 1 4731
77700 2 69
77805 1 2119
77943 1 1110
77962 1 3614
78083 1 98
