brazen brazen 79 65215343 
613 1 3927
876 1 4565
3599 1 11096
3790 1 5889
4550 1 3021
4954 2 2921
6169 8 857
7772 1 1666
8106 1 4128
8408 1 5505
8521 2 1898
9237 1 1379
12783 1 4316
13207 1 1202
14766 1 964
16090 1 807
18530 1 2029
18974 1 479
23747 1 2274
24598 1 1407
24840 1 9627
25234 1 4341
28550 1 1171
34900 1 271
35649 1 1325
39279 1 5440
39329 1 32477
40807 1 1229
46891 2 5171
48764 1 1470
51001 1 1402
51463 4 541
52072 1 2361
52376 1 1027
53219 2 358
53430 1 48057
53479 1 1784
54357 1 730
54441 1 4709
54572 1 1067
55680 1 952
55720 1 646
57518 1 3333
57800 1 1391
59630 1 5288
62063 2 624
62207 1 367
63509 1 557
63941 2 1650
66708 1 1409
67623 1 1432
67721 1 1030
72031 1 933
72863 1 907
72919 3 5881
72920 1 5462
73858 2 2247
75217 1 548
76328 1 1281
77943 1 1110
