neuron neuron 212 65215343 
207 1 740
378 4 868
672 1 2537
2716 2 4798
4823 1 1869
6579 1 4887
7576 1 6690
8051 15 1966
8318 2 1271
8890 2 5449
10606 3 504
11403 1 2453
13139 10 685
13797 1 436
14102 1 1027
14596 1 2342
15587 1 2694
16183 4 2917
16238 3 11763
16464 1 3565
17467 1 6562
17758 3 28986
19079 1 16454
19681 1 10198
20164 1 1062
21510 28 679
21661 1 5628
21952 2 983
22137 2 4439
22138 2 4091
24594 1 1258
26498 1 32423
26579 1 1078
26715 1 1453
27475 6 5550
29884 1 3052
30747 2 4167
31355 1 5480
33073 1 1212
33079 8 3096
33370 1 898
34039 1 23394
34957 1 667
35857 1 1888
36341 2 828
37893 2 7547
38699 3 1357
39264 1 7187
39430 1 1661
39469 1 1674
40580 1 1410
40696 1 6423
41888 1 1197
42135 1 5733
42949 1 2799
43253 1 1588
43261 1 1175
44224 1 1007
45251 1 2817
47834 1 331
48078 2 11919
49009 1 1183
50196 3 3087
50207 1 2916
50529 2 4267
50994 1 1421
51469 1 1403
52592 1 1343
52988 1 24350
53307 1 1762
53442 2 8599
54190 1 1086
56881 2 4650
58391 2 973
58467 2 4185
59686 1 1195
59712 1 4670
60505 2 2933
60526 1 773
61043 2 4069
61240 1 2043
61845 5 3591
62291 2 1311
63309 2 4077
64020 2 1412
64559 5 4363
65576 2 4667
65880 1 1390
66994 1 2517
68993 1 260
70989 1 845
71107 1 783
72023 1 772
72093 1 927
73016 1 1141
73483 1 1287
74822 6 5130
74877 2 3262
78121 1 3206
