damag damag 4529 65215343 
13 1 542
26 2 693
75 2 1037
97 1 672
103 1 1217
120 4 4128
122 1 151
147 1 3893
155 2 1851
248 1 5568
258 5 56657
259 1 1003
350 1 1468
360 2 1616
365 7 665
375 1 10166
389 1 665
406 1 1543
429 1 3151
474 1 3627
505 2 1472
527 1 978
573 1 2963
672 3 2537
782 1 2324
783 1 2303
864 2 1567
893 1 1259
894 1 1314
967 1 4480
982 1 2403
991 2 457
996 1 3316
1008 1 248
1010 4 902
1017 1 1666
1050 4 992
1156 2 568
1176 1 992
1185 1 15836
1208 1 553
1210 1 703
1218 2 708
1235 1 1164
1341 1 801
1361 1 1013
1371 2 1930
1423 3 1158
1431 1 3318
1452 1 6140
1548 1 1243
1573 2 2363
1610 4 477
1634 1 30082
1657 1 2153
1722 1 1321
1731 2 1417
1741 1 5895
1745 1 1756
1746 1 954
1797 7 5684
1852 1 2619
1856 1 659
1886 1 1366
1887 1 1785
1891 5 474
1973 1 16948
2008 1 584
2024 1 816
2066 1 837
2080 1 8786
2086 5 3653
2109 1 944
2144 1 1168
2164 2 1939
2194 1 2274
2257 1 2275
2322 1 1431
2375 1 3907
2412 1 549
2416 1 805
2433 4 1053
2506 1 561
2571 1 712
2574 2 780
2673 2 846
2697 1 1348
2723 1 519
2796 4 400
2811 1 606
2843 1 5588
2926 1 1956
2962 1 715
2963 1 3763
2989 1 2074
2991 2 2631
2995 1 2632
3012 4 1166
3027 1 3713
3064 2 1121
3086 1 4139
3105 3 3023
3106 3 3092
3128 1 1311
3160 1 1108
3164 1 1088
3197 4 1690
3205 1 1426
3231 1 1016
3267 1 3085
3275 1 830
3289 2 952
3324 2 1792
3357 1 1191
3378 1 4137
3383 2 10722
3410 1 11224
3413 1 350
3439 4 831
3482 1 3281
3483 4 1094
3486 2 4565
3501 1 585
3513 1 2385
3554 1 292
3565 2 928
3571 1 1011
3578 1 818
3598 1 2141
3608 1 254
3612 1 1293
3613 1 1532
3614 1 1689
3618 1 646
3662 1 1695
3790 1 5889
3791 4 6472
3800 2 1260
3801 1 795
3822 1 1594
3847 9 27149
3863 1 4935
4051 1 2046
4053 4 3172
4073 1 769
4076 2 4324
4098 1 304
4104 2 1081
4106 1 2006
4112 8 838
4116 7 5941
4117 7 5825
4118 7 5861
4142 2 3987
4156 1 451
4187 1 7906
4212 1 1877
4223 2 855
4249 1 2710
4301 2 739
4373 2 4212
4385 1 1633
4392 1 1464
4396 1 1447
4417 1 4384
4429 1 723
4431 1 1407
4450 1 6385
4454 1 1950
4459 1 4138
4460 1 3587
4461 1 4244
4462 1 6187
4463 1 4320
4464 1 1473
4509 3 1824
4515 1 1638
4516 1 1089
4517 1 1224
4523 1 2304
4614 1 5323
4615 1 3920
4642 1 1398
4657 4 864
4669 1 1245
4699 7 847
4715 2 884
4734 1 3115
4753 1 5716
4771 1 4349
4801 1 858
4868 1 1260
4905 1 7440
4906 1 8000
4907 1 8001
4908 1 8001
4921 1 1991
4922 1 1947
4935 1 2499
4948 2 3561
5003 1 333
5145 1 842
5149 1 1132
5150 1 1030
5184 2 2478
5237 1 165
5247 1 6498
5272 2 1109
5292 1 1284
5311 2 733
5313 1 1178
5396 2 6921
5400 2 1958
5409 1 816
5415 1 3073
5454 2 6641
5455 1 15074
5484 1 921
5485 1 864
5495 1 633
5496 1 938
5499 3 44062
5503 1 1464
5530 2 1274
5576 1 4592
5587 2 2202
5611 25 8061
5792 1 2530
5843 2 2680
5865 1 1706
5894 1 4730
5895 1 1433
5915 1 896
5921 1 1978
5934 1 1063
5988 1 969
5993 2 1055
6015 1 3323
6074 2 1037
6123 1 1295
6174 1 419
6181 1 5519
6182 1 6597
6298 2 3012
6300 1 3029
6336 1 3254
6363 1 4787
6364 1 7210
6454 1 2665
6461 1 1503
6576 1 1635
6577 1 1930
6578 1 2792
6579 4 4887
6607 2 1415
6612 2 2092
6624 9 1092
6632 6 2264
6904 1 1029
6945 1 3654
6997 1 1942
7043 1 747
7048 1 518
7093 3 1350
7424 1 1087
7515 1 746
7528 2 987
7529 7 5927
7556 1 1714
7570 2 9650
7577 4 2093
7578 2 5752
7580 2 9484
7589 1 961
7608 1 901
7670 2 397
7717 1 461
7722 2 1567
7767 1 3013
7773 2 7884
7774 1 1136
7892 1 1336
7916 1 726
7949 1 4128
8002 1 533
8022 1 7719
8053 1 1114
8072 3 5760
8089 8 20930
8093 1 20088
8121 1 891
8122 1 5509
8153 2 683
8182 4 810
8188 6 1754
8299 2 1374
8304 1 777
8310 1 4695
8381 1 679
8409 1 3217
8421 1 1142
8459 2 2749
8460 3 2825
8466 1 2863
8506 1 403
8541 1 1364
8548 1 729
8553 3 3414
8571 1 2786
8578 2 1656
8720 1 262
8826 1 150
8877 2 1525
8884 2 1640
8899 5 1046
8906 1 1134
8935 2 687
8970 2 832
8975 1 806
8994 1 944
9005 3 45220
9006 9 34059
9016 1 1181
9097 3 956
9169 1 2306
9173 1 6443
9182 3 1438
9316 1 4281
9331 1 984
9346 1 1930
9373 1 421
9382 2 1609
9398 1 1078
9430 1 2392
9431 1 3717
9448 1 447
9490 2 2974
9549 1 560
9567 6 5360
9584 1 542
9602 2 946
9604 1 2143
9605 1 2284
9643 1 755
9659 5 10789
9674 1 2337
9678 4 1073
9696 1 977
9718 2 922
9776 1 3757
9783 1 1288
9805 2 5191
9806 7 6009
9808 1 1549
9825 2 2926
9828 1 2395
9836 1 2482
9855 1 203
9870 1 1026
9885 1 2675
9886 1 3914
9902 2 1223
10001 1 1020
10038 1 1127
10055 1 520
10077 1 861
10090 3 1086
10091 1 1323
10092 1 1363
10093 1 1326
10094 1 1357
10095 1 1392
10101 1 12486
10231 3 9229
10298 1 2030
10321 1 1516
10343 1 652
10350 3 1251
10369 2 1033
10377 1 2603
10402 2 997
10422 2 2187
10486 1 2750
10495 1 1223
10653 1 3190
10684 2 1501
10803 1 844
10810 1 761
10953 2 875
10961 1 1006
10978 1 1405
10999 1 1962
11018 2 653
11106 1 713
11131 1 4066
11243 1 641
11257 1 842
11288 25 9962
11290 1 842
11364 1 2608
11488 1 735
11505 1 700
11533 1 512
11537 1 666
11540 1 459
11564 2 2793
11590 1 1805
11629 1 1114
11749 1 1983
11751 1 2194
11754 1 1037
11871 1 1292
11887 1 485
11979 5 1755
12009 1 183
12128 1 444
12156 1 13898
12182 3 2585
12223 3 6167
12243 3 1176
12271 2 692
12272 1 2031
12277 1 807
12293 2 1151
12319 1 277
12350 6 1687
12367 1 9446
12369 8 1673
12389 1 4357
12414 1 1226
12434 1 2955
12495 1 3368
12496 2 1055
12520 1 6343
12589 1 768
12592 1 1277
12601 1 3000
12627 1 4932
12636 3 2613
12682 1 1296
12692 2 5477
12700 5 11926
12701 20 7084
12711 1 2227
12766 2 1423
12792 1 508
12808 1 3060
12814 3 46677
12878 2 186
12928 1 1026
12946 1 1292
12948 1 2044
12950 1 2140
12951 2 2247
12953 1 1027
12956 1 1280
12958 1 1362
13035 1 947
13053 3 3052
13058 4 11569
13130 1 1432
13138 1 986
13156 1 3209
13265 1 658
13275 1 187
13344 1 5744
13373 1 2548
13381 1 4238
13434 1 4024
13482 1 1344
13497 1 6632
13499 1 5895
13548 1 6866
13627 2 3259
13636 1 1160
13659 1 3326
13684 3 12301
13699 2 1924
13713 3 1764
13841 2 4015
13846 1 1850
13847 1 2900
13886 1 3122
13914 4 997
13929 1 1229
13985 3 11629
14014 2 3934
14068 1 2470
14192 7 1494
14193 2 2538
14194 4 2591
14210 2 1997
14212 1 12149
14227 1 805
14268 2 573
14272 1 3020
14313 2 5288
14344 1 1260
14377 1 1063
14426 1 2114
14428 1 2122
14444 2 1070
14448 1 511
14450 2 772
14460 4 834
14508 1 1400
14515 2 1354
14534 2 502
14550 2 3417
14595 1 676
14658 1 3354
14674 1 1627
14675 3 1701
14682 1 1418
14733 2 212
14795 2 2968
14807 1 1449
14814 1 706
14821 1 1040
14833 1 7321
14889 1 1511
14989 3 876
14995 1 1056
15023 3 1799
15104 1 520
15133 1 972
15137 1 2521
15203 3 5461
15204 1 3771
15220 1 1503
15248 1 240
15293 1 5587
15298 1 535
15478 1 884
15492 1 680
15561 1 481
15583 1 1612
15612 1 1390
15661 1 1088
15737 1 3706
15757 19 7636
15831 1 2451
15868 1 2468
15869 2 2413
15937 1 2165
15974 2 217
15982 8 4744
16007 1 6296
16054 1 830
16126 1 2272
16185 3 2268
16190 1 721
16201 1 3976
16206 1 2677
16229 2 2303
16235 1 4462
16238 1 11763
16257 1 6019
16263 1 4858
16276 3 3744
16300 1 894
16320 1 1958
16391 1 248
16407 1 637
16443 1 1618
16459 2 2465
16482 1 1003
16503 1 818
16509 1 1890
16553 1 869
16564 1 1007
16649 1 4446
16652 1 1090
16707 1 2965
16763 1 1331
16765 1 1110
16791 2 1127
16843 1 15992
16847 1 1048
16867 1 1515
16891 1 1176
16909 1 1643
16932 1 4752
16935 1 3050
16943 3 10757
16950 1 1326
17009 1 3115
17010 1 3499
17012 1 3524
17013 2 9772
17027 1 6203
17073 1 1801
17094 1 2308
17097 1 2690
17113 2 4319
17121 1 6700
17122 3 9203
17143 2 2987
17147 3 697
17156 1 1346
17164 1 1069
17199 1 1582
17202 1 2274
17211 1 2036
17212 1 2040
17244 3 10025
17304 7 5827
17350 1 466
17352 8 5098
17383 1 907
17385 2 3998
17390 2 3105
17419 1 1979
17422 1 1077
17426 1 7075
17522 2 658
17530 2 547
17556 3 519
17572 1 938
17589 1 12110
17653 2 5954
17655 1 1980
17669 1 5167
17680 1 1913
17758 3 28986
17806 1 868
17846 1 1416
17858 2 445
17869 1 7948
17884 1 238
17904 1 6041
17959 1 721
18004 1 5488
18020 1 351
18031 4 2951
18032 1 3246
18033 2 3046
18038 1 3203
18082 1 1589
18102 1 1712
18107 11 778
18138 1 967
18153 3 3810
18154 1 347
18155 1 339
18158 7 1200
18265 1 4164
18361 1 780
18395 1 6885
18405 1 878
18408 1 1359
18414 1 1361
18415 2 5822
18526 1 2537
18539 1 720
18597 1 6498
18617 1 1998
18622 2 5539
18626 1 1312
18636 1 1655
18654 4 15696
18691 1 98
18728 1 2003
18739 1 3057
18740 1 2994
18741 1 3106
18742 1 2981
18764 1 2816
18822 1 445
18847 2 603
18874 1 755
18879 2 3453
18939 1 1456
18967 2 13159
19049 8 3228
19070 2 1479
19079 4 16454
19088 1 938
19095 3 4478
19115 1 1346
19117 2 1805
19379 5 4781
19384 2 5576
19390 1 3260
19560 1 8071
19616 1 388
19656 1 5073
19672 2 924
19681 3 10198
19721 1 899
19732 1 1155
19780 1 505
19809 2 803
19816 1 1533
19818 4 4232
19827 2 944
19847 1 808
19884 1 5873
19894 1 2667
20001 1 2461
20002 2 2451
20004 1 2446
20016 1 3043
20157 1 644
20170 1 3948
20178 1 4163
20200 1 30304
20211 3 1460
20241 1 1133
20255 1 970
20263 2 3682
20303 1 856
20376 1 1300
20422 1 12210
20423 2 5021
20486 2 71
20641 2 2659
20661 1 1660
20678 4 4807
20684 1 12924
20706 1 8010
20707 8 35797
20708 7 24696
20785 1 3062
20835 5 1832
20926 1 938
20942 3 1805
20972 5 2365
20982 1 1098
21046 1 10160
21135 1 790
21145 1 879
21195 1 1075
21200 4 3347
21202 1 758
21299 1 9163
21321 3 7104
21336 1 4593
21359 2 13839
21379 1 2870
21385 1 770
21389 1 3999
21417 1 1547
21490 3 4936
21503 1 13267
21507 4 7373
21540 1 2076
21541 1 2076
21560 1 1658
21568 2 3870
21610 3 1218
21637 1 10855
21648 3 6487
21649 1 2333
21713 1 1310
21758 2 2344
21772 2 883
21840 1 6308
21923 1 807
21945 1 1790
21946 1 1327
21953 1 1123
21960 3 7778
21968 1 995
22067 1 1179
22092 2 8456
22115 1 2632
22133 1 349
22216 3 13756
22436 1 552
22453 1 1650
22456 1 1938
22479 1 1300
22520 1 918
22523 2 3123
22526 2 2933
22528 1 3156
22548 1 1429
22572 1 1369
22591 1 2289
22609 3 1445
22885 2 532
22924 2 3942
22956 2 3079
22976 1 1924
22991 1 868
23008 2 718
23053 2 151
23125 1 1534
23145 1 1118
23213 1 950
23219 5 1740
23389 1 591
23407 6 6338
23408 7 5715
23451 2 2126
23549 2 1477
23584 2 894
23673 1 552
23676 4 1013
23714 1 766
23733 1 2720
23909 2 969
23965 1 545
24118 1 2970
24152 1 1364
24153 1 1241
24157 1 10311
24159 1 570
24169 1 2066
24244 1 1387
24245 1 346
24272 4 3323
24284 1 4091
24286 1 1402
24296 1 783
24301 1 431
24358 1 710
24481 1 625
24514 1 13551
24522 1 802
24539 1 3939
24557 1 994
24566 4 3241
24568 7 5820
24594 1 1258
24668 1 6702
24682 1 465
24747 1 5509
24748 1 4627
24749 1 4668
24752 1 1031
24789 1 4093
24795 1 709
24844 1 1882
24855 1 606
24864 1 3090
24884 1 7321
24885 1 7349
25039 1 368
25075 1 419
25160 1 3316
25170 2 1000
25231 1 2410
25233 2 4985
25235 1 7935
25254 1 431
25256 2 880
25275 1 2035
25316 1 1225
25352 2 661
25409 4 4429
25420 2 1176
25474 1 3568
25475 2 3015
25477 1 3314
25479 2 3085
25491 2 2382
25621 1 754
25698 2 1650
25713 2 3056
25723 1 784
25804 1 2275
25964 2 4294
25967 5 1738
25972 1 1249
26049 1 2989
26109 1 2505
26163 2 8177
26205 1 1479
26218 3 3037
26225 3 554
26245 1 884
26258 1 7349
26294 2 1451
26343 1 4639
26376 1 1314
26449 2 7560
26472 1 399
26498 5 32423
26516 1 2569
26525 1 2013
26586 1 2458
26614 1 3554
26671 2 652
26680 3 521
26856 2 1093
26889 1 1805
26894 1 1026
26899 1 1342
27026 4 1215
27036 1 6909
27039 1 1645
27161 1 1496
27164 2 884
27197 1 1655
27235 2 2671
27290 1 1365
27321 1 7344
27326 1 916
27378 1 849
27390 1 1355
27391 1 4345
27392 1 4376
27393 1 643
27408 1 1001
27475 1 5550
27522 1 2865
27552 1 506
27557 15 857
27572 1 841
27623 3 2360
27654 3 2800
27666 1 565
27714 2 400
27759 1 1052
27771 1 696
27832 1 1102
27852 1 5540
27862 2 8511
27872 1 3102
27922 2 969
28003 1 1375
28005 1 912
28030 2 700
28056 1 1056
28098 2 10589
28123 2 7111
28193 1 2289
28324 1 397
28334 2 1855
28446 2 9326
28454 1 5320
28459 1 5561
28460 1 5545
28466 2 10312
28467 2 8583
28468 2 8583
28469 2 8615
28661 1 595
28671 1 1093
28672 1 783
28689 2 1875
28695 2 1876
28732 1 681
28778 2 723
28802 1 952
28813 1 1461
28823 1 758
28918 1 1609
28919 1 1463
28920 1 1476
28921 1 1799
28980 1 1423
28983 2 1151
29040 1 477
29076 1 1924
29092 1 437
29109 1 939
29126 2 879
29131 1 376
29164 1 588
29171 2 1853
29396 2 8576
29484 2 490
29491 3 3124
29519 1 8686
29529 1 4211
29540 5 1456
29560 2 1313
29628 1 3312
29632 1 2000
29690 1 2211
29691 1 2211
29705 5 196
29715 2 4501
29720 1 808
29721 7 6842
29788 2 2365
29803 1 2905
29868 1 2187
29875 1 2653
29876 1 1991
29883 1 1156
29884 1 3052
29887 4 3070
29891 1 4871
29978 1 1161
29991 4 10803
30077 1 3556
30158 2 1827
30310 1 2537
30312 1 1701
30314 1 1766
30332 1 1157
30625 1 23
30639 1 8117
30649 1 2455
30708 1 1734
30747 1 4167
30911 1 821
31017 1 781
31094 1 7803
31109 1 516
31260 1 711
31264 1 1761
31288 1 2833
31292 1 1061
31308 1 1198
31311 1 3229
31328 1 3214
31329 1 3009
31380 1 1553
31448 1 3221
31500 3 826
31501 1 1067
31518 1 5634
31521 14 3875
31544 1 2626
31647 3 1002
31666 1 609
31688 1 2740
31693 1 3857
31750 1 466
31751 1 1084
31752 2 543
31770 1 2138
31790 9 1335
31821 1 4061
31936 2 3664
32023 3 2558
32184 1 2319
32188 1 1300
32238 1 4115
32241 1 5341
32242 1 1349
32249 1 638
32290 1 3009
32292 1 3278
32302 1 3115
32303 1 2974
32388 8 24490
32408 1 2851
32432 1 1300
32484 1 502
32491 3 6991
32496 1 608
32584 1 2115
32641 1 1814
32718 6 5437
32719 6 5014
32749 1 1148
32756 2 1374
32764 6 2272
32765 6 2291
32766 6 2278
32824 1 2602
32847 2 2340
32897 1 1259
32911 1 905
32972 3 11367
32976 1 1811
33075 1 1601
33080 2 2203
33122 1 1115
33150 1 2622
33208 1 1069
33236 1 1830
33249 2 753
33251 1 2034
33296 1 489
33310 1 9499
33335 1 9267
33365 3 974
33370 1 898
33372 1 1921
33515 3 951
33522 1 869
33675 1 2486
33703 2 18894
33709 2 1690
33728 1 874
33759 1 931
33786 1 3235
33849 1 1016
33859 1 7228
33865 1 4323
33906 1 1561
33924 3 11847
33937 2 14231
33938 1 5544
33987 1 4548
33995 2 315
34097 1 1166
34141 1 1487
34173 1 1284
34178 4 2529
34200 1 1477
34250 1 1738
34303 1 4581
34342 1 5941
34351 1 2425
34364 1 520
34384 1 748
34394 2 8616
34420 1 430
34465 2 5422
34479 2 1119
34495 1 438
34496 1 1346
34502 1 586
34520 1 2339
34521 2 3172
34524 5 879
34528 3 3693
34552 1 2327
34573 1 2200
34688 1 493
34804 1 3895
34811 1 612
34820 9 7148
34892 1 1197
34901 3 18201
34938 6 5944
34940 2 289
34964 13 1938
34995 1 3471
35041 2 7162
35069 1 3840
35151 1 4287
35160 1 628
35161 2 984
35170 1 1948
35177 2 1731
35374 2 512
35430 1 2096
35434 1 1365
35482 2 1290
35483 1 1826
35492 1 368
35514 1 491
35528 1 954
35532 1 4534
35534 1 2007
35556 1 653
35592 2 826
35614 1 640
35712 1 1347
35753 4 3277
35828 1 5244
35852 1 3364
35989 1 5185
36019 1 852
36021 1 348
36023 7 5721
36027 2 7080
36035 1 695
36051 1 3640
36057 5 2918
36079 2 1377
36081 1 2438
36082 1 1049
36101 1 984
36134 2 19793
36297 1 1282
36373 1 2127
36375 1 503
36442 1 1154
36459 2 542
36477 1 1527
36501 2 900
36508 1 1025
36552 2 1625
36563 1 492
36570 1 692
36598 1 864
36732 1 18263
36748 3 184
36775 10 4563
36786 2 1500
36792 3 1806
36836 2 1458
36860 2 879
36869 1 1242
36882 2 6259
36886 1 1100
36898 1 793
36932 2 1538
36992 1 847
36998 2 864
37070 1 2552
37172 1 2396
37186 1 1352
37189 1 1036
37193 3 4630
37205 1 2953
37223 3 1759
37267 1 1801
37310 2 7113
37324 3 5244
37325 1 5474
37373 4 732
37419 1 13883
37423 1 13622
37445 1 1889
37488 1 354
37499 1 258
37513 1 546
37559 1 667
37570 1 929
37579 1 4434
37608 3 879
37654 2 603
37698 1 5406
37724 1 2484
37731 2 692
37889 2 4249
37925 3 689
37932 12 17484
37949 2 2150
38010 1 165
38014 1 1335
38062 1 2930
38077 2 968
38130 1 2260
38231 1 1012
38243 1 1851
38267 1 892
38291 4 896
38318 1 1214
38323 1 425
38360 1 955
38432 2 1013
38436 1 970
38445 1 2338
38456 9 758
38560 2 898
38659 1 752
38700 2 1259
38713 1 1687
38715 2 5564
38729 2 807
38731 1 818
38747 1 989
38804 2 1858
38805 1 1522
38807 3 2365
38855 1 5137
38857 1 1230
38897 5 1868
38910 3 7766
38916 2 6621
38926 1 1938
38941 1 931
38969 1 992
38978 2 446
39025 3 1374
39051 1 1231
39053 1 1408
39063 1 612
39092 1 2067
39136 2 1787
39142 1 518
39174 1 2046
39197 1 859
39238 1 1675
39241 2 7079
39245 1 4290
39257 1 2445
39292 1 4867
39293 1 768
39301 3 12335
39318 1 2523
39329 2 32477
39402 1 1338
39404 1 1054
39430 1 1661
39440 2 869
39470 91 2520
39489 1 1197
39537 1 1083
39544 2 1182
39585 2 1891
39586 3 940
39618 2 1328
39627 1 1010
39628 1 978
39658 1 766
39934 1 1007
39978 1 30166
40037 7 3833
40043 1 1164
40080 1 927
40110 1 1588
40112 1 2159
40113 1 2948
40144 1 1211
40259 2 883
40414 4 3454
40506 1 1973
40630 1 5684
40644 1 2413
40668 1 3116
40670 1 2018
40690 1 1709
40706 1 377
40739 7 5778
40747 2 5237
40748 1 865
40755 2 1578
40775 2 1455
40833 1 2965
40896 1 1122
40899 1 5270
40905 1 1163
40908 1 574
40914 1 583
40925 1 2385
40942 1 1831
40944 5 5673
40993 1 3833
41013 2 2867
41030 2 130
41052 4 6547
41075 2 2253
41087 2 485
41112 1 922
41129 1 589
41180 5 763
41189 1 967
41233 1 1484
41270 1 1544
41347 1 407
41360 1 743
41426 1 4541
41518 2 573
41671 1 623
41715 1 443
41734 4 1494
41765 2 2363
41789 1 925
41802 1 2461
41827 2 50
41840 1 2915
41845 1 368
41857 1 1647
41942 1 2534
41947 1 2133
41951 1 1203
42035 1 3392
42058 2 1781
42077 1 806
42115 1 810
42161 3 9423
42172 2 2686
42239 1 1971
42309 3 5367
42331 1 4860
42344 1 3974
42355 1 5228
42424 1 6309
42435 2 1158
42529 1 587
42531 3 1622
42540 1 1612
42545 8 732
42631 1 1557
42667 1 1132
42763 9 6680
42774 1 5633
42816 1 1087
42831 1 2086
42835 1 2837
42839 1 314
42911 1 1221
42924 1 1158
42929 3 395
42949 1 2799
42967 1 1104
42995 1 1142
43009 1 2498
43020 2 2004
43092 1 1330
43147 1 797
43160 1 1940
43161 1 1596
43255 1 1777
43432 1 919
43444 2 2757
43470 1 3949
43477 1 22611
43529 1 2195
43538 3 2943
43586 1 355
43605 1 1286
43620 1 1150
43632 1 1125
43649 12 4774
43685 1 1014
43724 1 3202
43763 2 2590
43785 1 2976
43794 2 733
43800 3 839
43837 2 3115
43869 1 291
43896 1 1645
43915 1 3241
43943 1 2720
43953 1 1000
43992 2 214
44068 1 420
44070 1 244
44076 1 361
44081 1 4117
44091 7 5768
44105 1 2359
44115 1 4306
44177 1 567
44212 1 1650
44218 1 6003
44225 4 593
44238 1 800
44239 1 1290
44374 1 490
44394 1 2869
44407 1 1204
44473 2 300
44554 6 954
44569 1 1077
44775 1 2616
44780 9 3261
44789 1 1330
44877 3 2904
44879 1 3172
44881 2 3374
44923 1 1258
45072 1 825
45083 1 811
45084 3 6555
45088 3 802
45098 1 1554
45246 1 2149
45251 1 2817
45256 2 699
45273 1 2683
45306 1 591
45310 1 1152
45336 1 1599
45337 3 1434
45368 1 1076
45388 1 1745
45477 2 795
45479 2 1029
45606 3 1351
45698 5 1045
45709 1 1143
45846 1 1458
45859 1 21421
45878 1 1656
45916 1 391
45962 3 935
45963 2 888
45996 4 1166
46027 1 719
46039 1 864
46048 1 178
46069 5 3643
46070 2 3987
46073 2 767
46079 1 1905
46092 6 692
46106 1 1123
46282 1 4059
46291 1 2129
46322 1 1537
46339 1 1678
46369 1 5238
46378 1 6175
46388 5 81863
46416 1 957
46431 1 746
46511 3 3336
46551 1 8597
46560 1 1151
46563 1 640
46603 2 494
46619 1 246
46639 1 4091
46678 2 1390
46734 1 1928
46736 1 664
46791 1 889
46798 1 1028
46837 1 2432
46839 1 1057
46854 1 451
46909 2 2578
46935 1 1074
46942 1 1392
46954 1 5186
46967 2 838
46983 4 4196
47004 1 939
47035 1 1907
47053 3 140
47095 1 6494
47139 1 6464
47144 1 231
47151 1 5857
47160 1 4319
47307 1 900
47382 1 6307
47394 2 1036
47398 3 5716
47437 1 1517
47443 1 1833
47459 1 8496
47482 1 1551
47497 1 2515
47499 2 1307
47511 1 2170
47512 2 1268
47514 2 407
47540 1 1013
47543 1 2250
47559 2 11224
47609 1 1519
47621 1 2092
47678 1 908
47794 2 2859
47800 1 10768
47839 1 1597
47848 1 2980
47874 1 1462
47898 1 1891
47900 1 1530
47909 1 577
47917 1 1254
47979 1 4184
48002 2 2505
48020 2 1218
48085 1 2386
48087 1 2749
48110 1 682
48133 1 2192
48180 2 25164
48184 1 2004
48197 7 8238
48217 1 6375
48254 1 747
48306 2 394
48315 1 2681
48359 1 3631
48363 1 676
48382 1 3039
48407 1 1657
48453 1 351
48463 2 1684
48489 1 2490
48543 1 1485
48547 4 4836
48551 3 6659
48585 1 266
48604 1 869
48618 1 1867
48687 1 299
48705 1 767
48745 1 1192
48748 4 1218
48917 2 6627
48924 1 3784
48925 1 4731
48927 1 268
48951 1 6065
48963 1 927
48966 1 971
49000 5 3581
49043 1 1079
49063 2 1301
49175 1 9938
49176 1 11069
49228 2 2111
49242 1 1558
49282 1 4687
49340 3 2095
49350 2 2540
49351 1 1081
49352 1 2586
49390 1 2010
49409 1 598
49441 2 826
49455 2 2601
49471 2 1921
49522 1 6160
49525 1 1096
49570 1 873
49575 1 1035
49636 1 915
49699 1 561
49768 1 1000
49776 2 9407
49827 1 721
49844 3 6972
49850 1 950
49919 1 2203
49934 2 3099
50047 3 1726
50127 1 917
50131 1 1217
50143 3 8454
50186 1 5705
50204 1 2083
50207 4 2916
50211 1 1608
50225 1 368
50227 2 1700
50236 3 1937
50288 1 2416
50308 1 1115
50343 2 3220
50350 1 1319
50353 2 2913
50355 1 3677
50364 1 1047
50377 1 2084
50386 1 695
50430 1 2601
50476 1 10882
50478 1 3624
50491 1 915
50518 1 812
50536 1 884
50552 1 2672
50612 1 782
50629 1 828
50781 1 1384
50796 1 1698
50808 1 623
50888 1 2791
50889 2 5625
50895 4 2073
50983 2 16660
50994 1 1421
50999 1 500
51062 1 2206
51078 1 334
51150 8 2908
51175 3 1150
51176 2 976
51204 1 1086
51226 1 2481
51227 3 1328
51290 2 6381
51302 1 786
51329 3 740
51397 1 795
51425 1 1083
51487 1 1378
51495 2 928
51523 1 1944
51526 1 992
51600 2 1428
51671 2 1120
51776 1 612
51817 3 643
51846 1 1126
51881 28 4113
51891 1 6407
51899 2 12169
51914 1 949
51933 1 2717
51954 1 1366
51959 1 886
51993 1 12689
52030 2 1803
52040 1 291
52092 1 1269
52146 6 10691
52162 1 1594
52211 2 730
52213 3 3751
52215 1 1222
52220 8 865
52222 1 1753
52251 1 694
52257 2 1138
52261 1 3083
52306 1 658
52318 1 1092
52386 1 3359
52422 1 969
52466 3 3696
52500 1 3237
52509 1 667
52561 6 52057
52599 3 4808
52732 1 2006
52928 2 567
52988 4 24350
53018 3 2688
53078 1 3327
53158 2 9225
53159 2 2323
53202 2 823
53215 3 600
53346 1 1122
53406 3 1067
53408 1 478
53430 1 48057
53438 3 5686
53456 1 445
53462 1 954
53469 4 2932
53479 1 1784
53491 7 5993
53537 1 2107
53612 2 585
53643 4 863
53680 2 837
53743 1 319
53768 1 2855
53771 1 1481
53784 1 1362
53845 1 2571
53846 1 2470
54106 1 1165
54116 1 1186
54138 1 2492
54181 4 1395
54205 2 1188
54208 1 1198
54209 1 1340
54212 3 1573
54249 2 1272
54256 2 593
54280 1 777
54355 1 10248
54358 1 843
54376 1 664
54482 2 784
54559 2 2260
54564 1 3322
54626 1 1166
54682 2 1173
54684 1 1450
54935 1 976
54942 1 567
54950 1 3726
55063 3 17333
55067 1 3184
55072 1 3317
55157 3 1348
55310 4 2287
55312 1 747
55330 1 1014
55332 3 742
55445 1 505
55485 1 1849
55515 2 1874
55544 1 2066
55549 1 998
55723 2 367
55742 1 1027
55753 1 4189
55937 1 791
56029 1 4442
56175 1 8425
56191 1 2260
56243 1 1170
56296 4 983
56403 1 641
56426 1 1399
56446 2 1314
56463 1 1156
56474 1 412
56477 1 4251
56498 1 2455
56519 10 7799
56522 3 3726
56535 5 1496
56576 1 732
56590 1 2070
56674 1 701
56675 3 471
56712 1 752
56770 1 2972
56792 1 1075
56822 1 4110
56838 1 604
56849 2 1501
56875 1 1032
56881 1 4650
56884 2 1443
56885 1 1894
56905 10 236
56934 2 1064
56961 1 7535
57011 1 1023
57028 3 895
57088 2 117
57188 2 824
57214 1 721
57241 1 1386
57255 1 2815
57258 1 2560
57367 3 2359
57382 4 3136
57384 1 3357
57409 1 701
57441 1 2098
57459 1 1142
57505 1 918
57512 1 1680
57519 1 774
57528 1 566
57546 1 1271
57623 1 3704
57624 1 3707
57625 1 3705
57643 1 8017
57645 1 629
57651 2 6526
57659 1 917
57660 13 6533
57662 1 1009
57663 1 1474
57743 1 2000
57821 1 4929
57830 1 1053
57838 1 1853
57878 1 3882
57890 1 2563
57923 1 2383
57946 1 5545
57947 1 5535
57950 2 10362
57951 2 10312
57952 2 8583
57953 2 8583
58189 9 228
58207 1 3272
58247 1 19391
58264 1 476
58319 5 719
58379 1 1919
58380 1 2008
58385 1 342
58387 2 573
58486 2 1104
58493 1 958
58771 1 595
58775 1 320
58842 1 3299
58853 1 2423
58866 14 1688
58874 1 1816
58925 2 1726
58934 2 2758
58965 2 5140
59057 1 2210
59058 1 2211
59072 5 10092
59076 1 702
59171 2 1633
59189 3 10518
59209 1 2825
59214 3 604
59224 1 872
59279 2 765
59307 7 1547
59322 2 857
59333 1 868
59350 2 8331
59358 1 836
59419 1 794
59449 1 277
59473 1 4291
59490 2 1051
59521 1 1931
59556 1 2338
59568 1 1774
59570 1 1256
59586 2 1152
59593 1 1584
59621 1 2882
59635 1 4384
59642 1 3464
59662 1 14951
59672 1 3130
59678 1 1480
59679 1 2650
59712 4 4670
59777 3 6060
59813 1 1702
59823 1 683
59829 1 1756
59843 1 6525
59864 1 625
59875 1 1762
59889 4 553
59891 1 1275
59909 1 3894
59918 1 9598
59992 1 842
59999 1 931
60030 2 10533
60063 1 3984
60064 1 3872
60065 1 3606
60069 2 3188
60072 1 1182
60073 1 1178
60074 1 1151
60078 1 2528
60214 1 2899
60216 1 1578
60224 1 8194
60225 1 2094
60254 1 1078
60277 2 2988
60278 1 3357
60421 1 2492
60505 1 2933
60534 1 988
60535 2 994
60541 1 1488
60588 1 3135
60707 1 1099
60713 1 3384
60735 1 3139
60736 1 3344
60744 1 2509
60748 1 6845
60750 7 12275
60757 1 988
60932 1 903
60953 1 2570
60957 1 3093
60974 1 955
60991 1 2309
60995 1 1034
61018 1 1018
61020 2 13801
61043 1 4069
61131 1 2971
61169 1 3257
61177 1 2363
61186 1 14302
61187 4 15707
61188 7 29700
61238 1 1279
61241 1 1632
61255 1 4815
61259 1 1094
61286 1 851
61287 3 2272
61391 1 5684
61404 1 2003
61416 1 1659
61428 4 8357
61546 2 840
61639 2 958
61659 7 6067
61664 1 3204
61668 16 11710
61725 2 617
61737 1 537
61823 1 3825
61845 1 3591
61881 1 2444
61900 1 2025
61905 1 1182
61914 1 972
61917 1 5083
61924 2 6503
61951 3 581
62005 1 2659
62013 1 1235
62109 1 4903
62112 1 688
62137 1 2894
62148 1 438
62173 1 826
62200 3 369
62223 1 576
62265 1 802
62299 3 7136
62303 1 806
62305 1 669
62318 1 2185
62369 2 1325
62417 2 11638
62446 1 498
62497 1 986
62499 1 3759
62596 1 2402
62629 1 815
62693 1 5347
62694 1 2218
62725 1 3245
62766 2 8596
62767 6 14162
62768 4 9553
62787 1 525
62788 1 2229
62818 1 540
62849 1 1721
62895 1 755
62929 1 5384
62984 1 767
62990 4 833
62995 2 595
63057 1 1202
63138 1 4006
63157 1 3445
63158 2 912
63162 1 1516
63166 1 2579
63170 1 1316
63171 1 1012
63172 1 1456
63173 1 1330
63202 1 867
63240 1 548
63247 1 215
63254 5 388
63256 1 2229
63274 1 1002
63299 1 621
63301 1 1043
63309 1 4077
63357 1 1107
63359 1 765
63371 1 1573
63372 1 1597
63421 1 1523
63462 1 3556
63579 2 1596
63634 1 5269
63648 1 7209
63708 1 2012
63714 1 1284
63778 2 2846
63782 1 1232
63792 1 1726
63810 1 1000
63836 1 3200
63837 1 6313
63845 2 550
63892 2 1816
63894 1 592
63906 1 4261
63941 1 1650
63962 1 3096
63972 2 1998
63984 1 1161
64022 2 1923
64271 1 4396
64310 1 2705
64311 2 4060
64318 1 2610
64323 1 1309
64326 1 1704
64350 2 20899
64362 1 617
64379 3 600
64407 4 1172
64437 1 1636
64438 1 1078
64453 18 10145
64522 1 528
64633 1 524
64650 1 179
64993 1 2041
65006 6 3064
65007 1 3159
65009 1 3343
65023 1 914
65046 1 1430
65062 2 1719
65077 1 2772
65086 1 1694
65113 1 1073
65129 2 15643
65261 1 629
65436 1 1127
65438 2 1287
65449 3 607
65474 2 1571
65486 1 595
65565 1 1270
65619 2 1364
65627 1 552
65647 2 805
65669 1 708
65684 1 17249
65697 1 649
65711 1 1186
65790 3 5117
65799 2 4143
65885 1 3324
65896 3 3671
65908 1 2157
65929 2 774
65956 1 3157
65958 1 1390
65962 1 1810
65976 2 2618
65978 1 3467
66015 2 4361
66043 1 997
66047 1 1117
66057 10 754
66058 1 983
66086 1 2643
66103 1 1370
66153 2 1730
66177 2 2510
66229 1 664
66253 1 2409
66268 1 1257
66312 1 528
66376 4 1935
66378 2 1248
66400 1 675
66414 1 1699
66427 1 807
66480 1 981
66569 1 1234
66570 1 2510
66587 1 4790
66606 1 979
66614 1 1103
66623 1 1360
66648 1 1645
66675 1 214
66681 1 894
66691 1 1652
66717 4 632
66720 1 1705
66736 1 1111
66742 1 3877
66750 4 1405
66785 1 509
66800 1 1512
66819 1 6321
66843 1 837
66846 1 3482
66873 1 585
66902 1 955
66947 53 18231
66953 2 1274
66972 2 3916
66994 3 2517
67027 1 2379
67029 1 2546
67031 6 5324
67032 6 5505
67034 1 2166
67068 1 1097
67126 1 182
67127 1 711
67168 13 2878
67195 1 6824
67257 1 1710
67284 3 595
67295 1 426
67327 1 1861
67339 1 3088
67355 2 6043
67371 2 3756
67393 3 6324
67408 1 5567
67416 1 2877
67424 1 777
67451 2 2767
67454 3 5854
67487 1 1918
67508 2 1345
67558 1 1425
67593 2 1623
67675 1 1974
67676 1 1751
67689 1 7619
67702 3 1327
67766 1 1019
67799 1 657
67800 2 1378
67935 1 1837
67997 1 94
68005 1 1868
68029 1 197
68049 1 2229
68057 1 3416
68067 1 1176
68085 1 281
68116 1 4818
68117 1 4150
68118 1 3343
68124 3 2400
68160 1 6120
68167 2 612
68169 3 626
68177 1 806
68180 1 567
68235 2 729
68249 1 1054
68321 1 1535
68355 1 1716
68369 3 11195
68421 1 2923
68437 1 2115
68680 4 9381
68728 5 596
68737 2 3173
68783 2 1601
68784 1 1803
68810 1 744
68812 1 10319
68836 2 585
68851 1 931
68957 1 1340
68992 1 631
69017 1 325
69032 1 656
69048 1 1367
69055 3 3045
69432 1 3080
69434 1 3213
69435 1 3178
69446 4 1634
69460 1 2124
69468 2 364
69714 1 2593
69716 1 7169
69717 4 4915
69857 7 608
69886 2 2262
69908 1 420
69914 1 7296
69954 2 638
69990 2 3720
70069 1 882
70098 1 1411
70111 1 914
70263 6 7023
70273 1 3305
70293 2 768
70298 1 1605
70303 2 1436
70328 1 1626
70333 1 1397
70341 1 2434
70345 3 930
70373 1 1473
70377 2 5997
70428 1 425
70480 1 1306
70481 1 2683
70497 1 169
70498 1 183
70500 3 187
70507 1 186
70509 1 185
70534 1 5509
70535 1 1353
70636 1 1691
70702 1 2156
70731 1 925
70841 1 8361
70842 1 1321
70855 12 5396
70886 1 959
70929 1 6834
70987 1 1027
70993 7 5847
71050 5 3333
71055 1 1435
71078 1 9605
71088 1 592
71096 3 540
71103 2 804
71141 1 1124
71217 1 2704
71273 1 1606
71303 1 1741
71408 1 780
71548 1 2973
71559 1 712
71567 2 4513
71634 1 2564
71641 1 471
71660 1 1283
71680 1 557
71701 2 1266
71705 1 10258
71718 1 829
71735 5 881
71736 1 674
71742 2 541
71744 1 2609
71749 9 819
71791 1 772
71794 1 812
71813 1 1515
71827 3 6203
71833 1 2056
71999 1 874
72000 1 811
72007 1 1256
72053 1 472
72065 2 9229
72098 2 19912
72177 2 1078
72214 1 786
72232 1 1430
72250 2 2657
72284 1 6759
72308 1 303
72356 1 2591
72382 1 4049
72389 1 595
72413 2 1983
72498 5 11873
72513 1 4800
72524 5 1868
72660 8 701
72675 2 8994
72686 1 648
72727 2 867
72753 2 580
72829 2 4528
72863 2 907
72868 1 1891
72870 2 1077
72874 2 688
72919 4 5881
72964 1 2090
73017 2 798
73021 1 838
73022 1 2763
73093 3 4058
73096 1 2375
73105 1 1321
73117 1 1006
73148 1 5628
73207 2 1418
73304 7 347
73361 1 1411
73377 1 464
73420 1 2204
73446 1 989
73535 1 1850
73571 1 3969
73591 1 2230
73649 2 2033
73946 1 904
73949 5 3890
73963 2 6843
73996 2 7920
74006 1 1133
74022 2 2523
74065 1 2514
74067 1 6352
74083 1 664
74094 1 3820
74119 2 11686
74134 1 669
74149 1 1131
74158 2 1846
74283 2 1036
74446 2 1773
74450 1 1939
74552 1 1233
74572 1 8808
74584 5 1755
74609 3 3663
74717 1 1115
74752 1 2665
74766 7 6523
74767 7 5811
74774 3 725
74779 2 1603
74822 1 5130
74831 4 1285
74855 1 508
74873 1 4014
74877 2 3262
75169 1 9895
75197 1 1242
75198 2 1269
75206 2 2994
75208 1 3202
75210 1 3198
75295 12 2546
75308 1 1471
75467 1 1179
75474 1 781
75494 1 500
75529 1 8980
75530 1 2216
75534 2 9607
75543 1 528
75645 2 1914
75656 1 1661
75661 1 646
75772 1 1151
75927 8 4496
75934 1 1639
75969 5 5873
76005 1 1341
76046 1 1623
76075 2 871
76095 1 839
76165 1 1767
76246 1 6517
76263 1 1553
76269 3 3998
76294 1 820
76305 1 1002
76391 1 1501
76411 1 6346
76449 2 6086
76460 7 6070
76476 1 1242
76477 1 693
76508 1 2897
76529 6 10440
76615 1 3913
76670 7 2879
76676 7 6037
76677 7 5739
76687 2 738
76734 1 1253
76757 1 759
76796 4 1059
76836 1 674
76843 1 576
76882 1 561
76918 2 1833
76932 1 3132
76964 1 4663
76986 3 1145
76995 2 1773
77010 1 6732
77042 1 1420
77060 1 4150
77085 2 2310
77140 1 1726
77153 2 2521
77158 1 1076
77192 1 838
77202 1 8001
77208 4 4089
77209 5 4122
77210 5 4271
77215 1 1900
77244 1 1326
77260 1 1072
77263 1 1231
77355 1 433
77363 2 1245
77443 1 2709
77450 3 5940
77451 1 1266
77576 9 4731
77648 2 1212
77816 1 2167
77817 1 4230
77818 4 6471
77819 1 3260
77877 1 3129
77880 1 3027
77881 1 2924
77893 1 2270
77908 1 2693
77949 1 2982
77954 2 4740
78027 1 659
78112 1 1269
78121 2 3206
