judg judg 4535 65215343 
54 1 529
97 1 672
131 1 14882
155 1 1851
157 1 2070
179 1 822
201 9 782
232 1 515
350 1 1468
354 1 630
355 1 872
367 1 618
376 2 1200
381 1 651
422 1 1707
471 2 3108
509 1 1165
514 1 1954
532 3 800
533 1 1661
555 1 1894
649 2 830
653 2 710
671 1 998
759 1 1985
797 2 1537
876 1 4565
890 12 1543
891 6 687
929 1 432
954 1 942
967 1 4480
987 1 2023
993 2 10702
1000 1 2589
1017 1 1666
1022 2 1773
1029 2 1302
1050 1 992
1086 3 1477
1147 1 1152
1185 1 15836
1222 2 1620
1236 1 1198
1348 1 958
1382 1 1306
1452 1 6140
1461 2 1379
1462 2 1187
1545 1 1438
1596 1 645
1653 1 1086
1657 1 2153
1737 3 4121
1741 1 5895
1743 2 841
1822 1 1972
1855 1 2208
1869 1 343
1928 1 595
1973 1 16948
2005 2 1057
2023 1 152
2030 1 1619
2043 1 968
2138 1 1384
2156 1 1904
2162 2 1205
2164 2 1939
2167 3 1863
2170 1 720
2174 1 1180
2192 2 5833
2244 1 2544
2330 4 113
2365 1 720
2391 2 625
2399 2 1466
2421 5 602
2483 2 4389
2514 1 426
2526 3 779
2683 1 899
2748 1 2085
2804 1 637
2981 1 1712
2995 1 2632
3028 1 1955
3079 4 522
3092 1 1098
3105 1 3023
3106 1 3092
3149 2 1273
3165 2 1306
3187 2 767
3196 4 2596
3230 2 1502
3249 6 10966
3326 1 544
3364 1 1238
3378 1 4137
3381 1 2093
3383 1 10722
3543 1 1381
3602 1 639
3638 1 816
3716 1 1221
3738 1 1039
3747 1 1430
3783 1 1578
3790 6 5889
3791 6 6472
3831 6 3725
3847 2 27149
3854 1 1132
3885 1 1049
3910 1 287
3921 1 3235
3930 2 1380
3958 1 970
4030 1 1809
4053 4 3172
4068 5 8611
4178 1 3149
4196 3 6780
4211 5 6879
4229 2 1305
4298 1 7423
4317 1 464
4322 1 539
4334 1 818
4343 1 739
4352 1 728
4356 2 3544
4358 1 1491
4373 2 4212
4380 2 1204
4417 10 4384
4446 2 1214
4464 1 1473
4468 1 3425
4490 1 1394
4492 1 2351
4523 1 2304
4608 2 2302
4629 1 1080
4630 1 764
4639 1 826
4642 1 1398
4674 1 1077
4709 1 2954
4734 1 3115
4753 1 5716
4828 1 1756
4837 1 2109
4840 1 5531
4853 4 1774
4855 2 1500
4898 2 352
4963 1 900
4967 1 794
5026 1 635
5067 2 1224
5083 1 2915
5092 1 3536
5128 1 1147
5137 3 735
5149 3 1132
5253 1 1204
5255 1 1668
5396 3 6921
5454 1 6641
5503 2 1464
5527 2 2431
5530 1 1274
5539 1 1043
5578 1 13045
5579 1 794
5615 1 1194
5645 1 1175
5670 1 564
5841 1 1235
5883 1 986
5895 1 1433
5915 2 896
5916 1 1874
5980 4 538
6071 2 1552
6085 2 1538
6094 1 1655
6132 1 1010
6180 1 5070
6181 1 5519
6322 2 1074
6351 2 1596
6361 1 4951
6362 1 2640
6364 3 7210
6453 1 2181
6573 3 1236
6833 5 205
6944 1 1564
7086 1 587
7123 1 1203
7148 1 1172
7160 1 1661
7571 1 5357
7573 1 4835
7575 1 1899
7577 1 2093
7680 2 282
7701 1 1565
7702 2 575
7709 7 2370
7720 3 1667
7723 1 4731
7745 1 1512
7763 1 2469
7899 1 1265
7916 1 726
7955 2 1555
7972 1 2206
7974 2 2073
8038 1 1234
8041 1 859
8045 2 2218
8055 1 498
8065 11 1277
8085 1 2815
8089 1 20930
8093 3 20088
8106 2 4128
8162 1 957
8249 1 7006
8279 1 646
8301 1 2361
8317 5 1157
8322 1 698
8323 1 1446
8336 2 1754
8371 1 1170
8376 2 2007
8408 2 5505
8442 2 1911
8455 1 798
8486 1 1997
8567 2 1533
8576 1 2461
8583 1 792
8606 1 914
8612 1 497
8642 1 1636
8665 2 877
8855 1 1546
8865 1 305
8993 1 2404
9004 1 823
9028 1 368
9123 1 595
9207 3 560
9217 13 167
9238 1 2921
9239 1 1961
9274 1 1686
9290 1 1716
9302 2 3665
9311 2 1417
9314 1 839
9371 1 1526
9379 1 884
9422 7 1172
9432 1 1601
9557 4 453
9580 1 1345
9616 1 230
9684 1 1163
9690 1 2014
9737 2 1320
9745 1 1624
9771 2 1844
9825 1 2926
9827 1 2258
9843 2 872
9864 1 1138
9889 1 1688
9911 1 1621
9926 1 682
9932 1 1087
9936 1 2878
9940 1 2247
9991 1 760
10022 4 3292
10023 2 1926
10024 2 1900
10068 1 1756
10077 5 861
10078 2 921
10088 9 933
10090 4 1086
10100 1 703
10122 1 2093
10155 1 1544
10248 1 741
10250 2 1105
10314 1 4681
10319 21 1171
10324 1 1557
10338 1 1672
10366 1 2417
10403 1 1506
10405 1 808
10406 2 839
10422 1 2187
10423 4 1332
10483 4 478
10528 1 2643
10660 3 2397
10731 1 2189
10757 1 524
10845 1 2183
10941 1 764
10954 2 2770
10988 1 547
11121 2 729
11194 1 1656
11219 1 1319
11249 1 5195
11371 1 1485
11441 2 1134
11476 1 281
11615 1 1661
11650 1 1881
11766 2 950
11854 1 3272
11967 1 4440
11979 2 1755
12119 1 2327
12171 1 5724
12230 2 2936
12278 1 2692
12323 1 795
12326 1 4527
12338 1 1232
12384 2 4014
12388 2 3483
12397 1 957
12428 1 818
12507 8 2373
12519 1 614
12520 4 6343
12526 1 21005
12575 4 1843
12579 1 631
12616 1 636
12647 3 4896
12650 3 2168
12652 2 1023
12674 4 6435
12693 1 5024
12738 5 1150
12772 1 1750
12777 1 3961
12783 1 4316
12809 1 1615
12814 1 46677
12889 1 1525
12902 1 1885
12918 1 2623
12927 1 993
12934 1 2463
12935 1 2445
12963 2 1118
13007 1 293
13040 1 1198
13062 1 2827
13085 1 548
13096 1 820
13122 1 8864
13157 2 3217
13175 1 1506
13191 1 311
13214 1 1322
13229 1 3224
13239 1 2825
13322 1 614
13365 1 879
13475 1 2437
13488 1 1792
13508 1 6492
13548 1 6866
13556 1 2449
13559 2 1873
13560 3 1869
13565 1 2701
13569 2 1241
13598 1 1521
13605 1 692
13615 1 976
13618 1 28398
13635 2 1237
13636 2 1160
13637 2 1271
13638 2 1679
13639 2 1946
13644 1 1144
13656 1 1364
13658 1 1095
13667 1 873
13708 1 1430
13773 3 734
13871 1 6056
13885 1 2142
13936 1 3277
13954 1 530
14000 1 859
14025 1 927
14051 1 864
14060 1 1417
14085 1 1012
14095 1 441
14096 1 2291
14177 1 791
14187 1 183
14188 1 748
14217 1 2332
14234 1 1454
14247 1 1300
14250 1 236
14264 1 2175
14292 2 11958
14324 4 1130
14356 1 893
14357 1 927
14380 3 662
14500 3 1554
14512 1 2539
14541 1 821
14555 2 2701
14595 2 676
14596 1 2342
14623 1 551
14682 1 1418
14711 1 1117
14714 1 5738
14721 1 4901
14722 1 6567
14723 2 4899
14724 1 5113
14730 1 997
14731 1 788
14735 1 1483
14746 2 1733
14747 2 1544
14748 6 1244
14781 1 661
14809 1 542
14864 1 2862
14868 1 1699
14913 2 676
14969 1 53
15009 1 697
15122 1 1151
15137 1 2521
15193 1 1214
15244 2 5618
15245 1 7336
15493 1 817
15511 1 1482
15519 1 487
15542 2 481
15589 1 1222
15644 1 1287
15646 1 568
15671 2 1154
15734 1 2035
15735 1 2037
15736 1 3238
15847 4 942
15849 3 1972
15881 1 7036
15937 1 2165
16004 1 1576
16006 1 1307
16033 1 884
16094 1 3553
16104 1 409
16144 1 798
16157 1 35
16172 4 1029
16211 1 771
16229 3 2303
16261 1 2583
16289 3 1395
16311 1 2173
16316 2 3859
16323 1 1197
16341 1 9421
16356 8 462
16446 2 2051
16451 2 836
16455 2 1401
16476 1 664
16480 1 1705
16504 1 1199
16505 1 1869
16506 1 2246
16507 1 1847
16508 1 1667
16509 1 1890
16510 1 851
16533 1 1331
16535 1 994
16543 2 444
16551 1 818
16553 1 869
16556 6 1491
16558 1 527
16574 1 2535
16591 1 6896
16593 1 1551
16627 1 621
16630 1 811
16634 1 1294
16709 9 564
16735 1 53
16736 1 1860
16741 2 1522
16780 1 2693
16798 1 2575
16800 1 2525
16813 3 4537
16816 2 4136
16843 2 15992
16846 1 1076
16852 1 1499
16919 1 703
16937 2 793
16943 1 10757
16958 2 5800
16968 2 2878
16984 3 5305
16993 2 1557
17012 2 3524
17013 1 9772
17043 1 1433
17054 2 1596
17062 4 3596
17097 1 2690
17106 3 3919
17108 2 2260
17113 4 4319
17114 1 6140
17121 1 6700
17143 6 2987
17159 1 1453
17160 1 1760
17168 1 3800
17178 1 4206
17189 1 5992
17190 1 1264
17194 1 1502
17221 5 1117
17241 1 880
17244 1 10025
17257 1 2138
17262 1 3246
17264 1 948
17297 1 1229
17341 1 1300
17342 2 4836
17345 2 1291
17346 2 1254
17390 3 3105
17446 4 3664
17453 1 907
17458 1 10296
17504 1 2199
17505 1 5120
17555 4 14925
17660 2 591
17710 1 413
17718 1 1941
17730 1 4474
17746 1 588
17747 1 565
17794 1 278
17804 1 2146
17806 3 868
17816 1 2870
17818 1 4410
17819 1 646
17820 1 502
17869 18 7948
17892 1 533
17972 1 642
18042 1 1029
18080 2 2638
18085 1 307
18122 4 1701
18137 1 1301
18138 3 967
18139 1 682
18146 1 5814
18155 1 339
18176 1 2271
18177 1 2271
18178 1 2270
18179 1 2271
18313 1 1183
18385 1 6531
18409 4 1928
18413 1 795
18428 1 790
18429 1 2153
18431 1 579
18433 1 415
18465 2 1529
18513 1 1596
18583 2 1790
18683 1 338
18692 1 819
18704 1 1305
18757 1 992
18781 1 1692
18787 3 1516
18815 1 1198
18827 1 1355
18830 1 1272
18878 1 502
18897 3 233
18904 8 1338
18926 2 1782
18933 2 6035
18941 1 1110
18945 7 6732
18964 2 1035
18965 1 20789
18994 1 567
19042 2 3327
19053 1 1540
19095 7 4478
19106 2 1080
19123 1 1226
19133 2 2181
19140 1 1166
19155 2 2244
19237 1 1885
19367 1 1627
19393 1 277
19394 2 1246
19502 1 2113
19510 1 1532
19558 1 5943
19562 1 7991
19588 1 1105
19596 1 1001
19634 1 723
19647 1 3406
19656 1 5073
19664 4 4781
19687 2 2998
19691 1 1920
19828 2 689
19864 5 1262
19867 1 1332
19868 4 593
19883 2 5667
19884 1 5873
19894 1 2667
19909 2 1003
19931 1 425
19933 1 1797
19977 1 970
19996 2 885
20000 1 2428
20016 2 3043
20029 1 1532
20154 1 3393
20186 2 291
20200 1 30304
20252 2 3211
20279 1 1548
20376 1 1300
20384 4 1291
20605 1 597
20622 1 1417
20679 5 6821
20684 6 12924
20706 16 8010
20707 16 35797
20708 8 24696
20760 1 1210
20780 1 1126
20801 3 654
20831 1 5707
20899 1 3664
20904 1 4287
20905 4 596
20938 1 3851
20942 1 1805
20988 1 1264
20995 1 1840
20999 2 2745
21046 22 10160
21080 1 1500
21081 1 1093
21082 2 2229
21180 1 1918
21195 2 1075
21196 2 879
21197 2 1044
21202 1 758
21316 1 769
21318 1 7108
21321 1 7104
21374 1 986
21377 1 1374
21411 2 3667
21417 1 1547
21420 1 4351
21473 1 844
21495 1 1825
21500 1 4276
21503 4 13267
21507 5 7373
21509 1 1773
21527 7 6412
21533 1 1795
21534 1 1751
21559 4 1049
21607 2 54
21613 1 1522
21653 2 1859
21654 2 1605
21655 2 1486
21658 1 1361
21698 1 2267
21703 1 1484
21713 1 1310
21767 8 6211
21770 1 4733
21809 6 1129
21840 1 6308
21887 1 893
21918 4 704
21964 1 1399
21968 1 995
21976 1 3253
22032 6 4462
22093 1 10393
22103 4 5529
22112 1 1097
22115 1 2632
22124 2 1782
22159 1 2515
22206 1 2514
22216 1 13756
22218 1 777
22436 1 552
22455 1 2770
22456 1 1938
22458 1 505
22479 1 1300
22499 4 511
22546 1 1147
22575 1 1360
22582 1 1664
22639 2 3403
22784 2 1080
22869 2 1378
22898 1 269
22935 17 1648
23001 1 6718
23219 2 1740
23228 1 801
23364 1 2776
23370 2 1836
23403 1 3089
23420 1 1191
23422 1 1581
23489 9 7818
23669 3 2196
23747 12 2274
23748 2 4770
23750 1 964
23753 1 457
23763 1 3449
23765 4 11324
23792 5 1958
23910 1 682
23999 1 280
24006 1 3059
24119 3 14616
24140 1 1533
24157 1 10311
24170 1 297
24186 1 1580
24310 29 1580
24367 3 881
24389 1 1096
24454 1 2201
24573 1 2513
24593 1 1736
24594 1 1258
24666 1 3571
24668 2 6702
24681 1 529
24748 1 4627
24786 1 701
24789 2 4093
24807 1 3878
24813 2 1576
24814 1 1629
24823 1 2274
24824 1 1881
24825 1 1588
24830 1 1147
24838 2 1751
24839 2 1127
24843 1 705
24844 4 1882
24847 1 1506
24849 1 4735
24864 1 3090
24927 1 1019
25025 4 117
25062 3 1262
25064 1 1909
25069 1 1507
25087 1 1470
25099 1 487
25143 1 1215
25231 1 2410
25232 1 2344
25233 4 4985
25234 3 4341
25235 3 7935
25275 2 2035
25303 1 167
25405 1 730
25477 1 3314
25492 9 3700
25547 4 3685
25620 1 1011
25656 2 4885
25686 1 583
25690 4 635
25694 8 1084
25700 1 709
25713 7 3056
25761 4 198
25779 1 1124
25783 3 3260
25891 3 2054
25962 4 676
25966 1 2171
25967 2 1738
26011 1 490
26041 2 2314
26059 1 1273
26128 1 744
26205 1 1479
26210 1 1293
26249 6 1432
26332 1 1975
26343 1 4639
26419 1 1113
26422 1 945
26478 2 820
26498 7 32423
26532 1 1485
26561 1 180
26594 1 907
26715 1 1453
26727 1 4405
26736 1 2134
26772 6 1743
26812 1 1962
26814 1 1736
26827 2 2251
26832 2 1182
26949 1 1156
27036 1 6909
27037 2 4999
27199 2 2023
27201 1 865
27287 1 1709
27289 2 1901
27308 8 7530
27391 1 4345
27392 1 4376
27417 2 1328
27456 2 1833
27469 1 1105
27520 1 3462
27579 1 1272
27586 1 2066
27613 2 3476
27672 1 1098
27673 1 418
27681 1 1250
27727 1 2086
27742 2 1177
27779 1 4121
27781 1 1006
27827 2 2297
27838 1 2876
27844 1 836
27866 12 4412
27995 2 493
28039 2 1292
28063 1 1017
28067 8 1569
28110 1 1068
28123 1 7111
28261 2 11790
28272 1 1115
28277 2 2560
28281 1 1378
28333 1 485
28477 1 3627
28743 1 1455
28792 2 623
28804 1 884
28819 1 1350
28840 4 12057
28918 1 1609
28980 1 1423
28993 1 559
29066 1 1322
29081 2 1817
29144 1 2485
29168 1 749
29375 1 871
29380 1 1056
29399 1 1118
29457 3 393
29464 4 522
29489 1 1691
29491 1 3124
29523 1 10213
29524 4 1209
29625 2 10200
29653 5 814
29690 1 2211
29691 1 2211
29802 1 4831
29849 3 1105
29891 2 4871
29910 4 5908
29915 2 615
29991 6 10803
30055 2 2125
30059 1 2773
30060 1 1690
30127 2 2006
30137 1 5022
30257 1 1126
30351 2 4754
30352 2 5973
30377 2 674
30435 1 1206
30459 1 1537
30591 1 1307
30595 2 1820
30596 1 1172
30599 1 924
30604 1 1396
30606 1 2666
30639 1 8117
30718 1 740
30765 2 1987
30767 1 794
30768 1 786
30781 1 995
30842 2 2081
30875 1 1543
30918 1 556
30926 2 1007
30936 2 2343
30982 1 1788
31039 1 1073
31086 1 1136
31090 1 1205
31280 1 868
31322 1 1237
31355 2 5480
31360 1 3008
31444 3 3894
31448 1 3221
31461 4 4365
31508 1 3777
31693 1 3857
31710 1 952
31728 1 1238
31744 1 7219
31825 2 3867
31829 5 14263
31930 1 4739
31939 1 888
31944 2 1454
31958 1 1084
32006 1 506
32020 1 1581
32023 1 2558
32172 3 801
32184 1 2319
32188 1 1300
32201 3 495
32240 1 3457
32247 1 2637
32324 1 1109
32366 4 3530
32386 1 2500
32398 1 1410
32399 2 1839
32407 1 1478
32413 1 2301
32426 1 3386
32471 2 2840
32486 1 2886
32561 1 832
32570 1 1155
32612 1 530
32632 1 1721
32701 1 249
32811 1 1871
32813 1 673
32871 2 1078
32992 1 835
33091 1 10334
33179 1 2037
33188 1 10275
33215 1 1134
33251 1 2034
33263 1 532
33284 1 131
33333 14 6676
33354 4 1212
33365 1 974
33394 1 836
33585 3 3694
33663 2 5738
33700 3 1557
33751 1 3258
33782 7 907
33831 2 6374
33855 1 914
33906 2 1561
33937 1 14231
33948 1 1368
33993 2 845
33996 1 4294
34039 4 23394
34048 1 922
34059 2 1599
34150 1 1435
34156 1 602
34288 2 1049
34365 1 456
34381 2 753
34392 1 3063
34395 1 2479
34455 1 1495
34477 1 1168
34489 2 1568
34510 1 887
34524 1 879
34554 1 1390
34555 1 1364
34619 1 2069
34625 4 277
34675 2 1999
34722 2 1829
34738 1 303
34746 1 1014
34749 1 1894
34808 1 1397
34870 1 976
34901 1 18201
34905 1 1534
34923 2 2774
34938 8 5944
34946 1 1109
34951 2 942
34977 1 1179
34995 1 3471
35041 2 7162
35208 1 461
35296 2 461
35317 2 1885
35333 1 5425
35334 4 4418
35368 1 2496
35462 2 801
35481 1 1556
35508 1 640
35550 1 809
35734 1 796
35743 2 4461
35757 1 1109
35852 1 3364
35955 2 1580
35971 1 1028
35977 4 252
35993 3 1442
36038 1 1018
36039 1 700
36040 2 1563
36091 2 2113
36109 1 12698
36176 1 965
36196 1 1795
36223 1 2477
36283 3 691
36292 1 3895
36296 1 489
36311 2 2920
36385 1 928
36392 1 6574
36393 1 6574
36429 1 1513
36533 5 1642
36546 1 1536
36590 1 5680
36603 2 1068
36608 2 740
36695 4 1231
36723 1 271
36732 1 18263
36750 2 1341
36811 1 873
36815 2 422
36873 1 4539
36891 1 450
36897 1 1300
36935 1 867
36962 2 5960
36996 1 694
37046 1 995
37047 1 661
37059 2 735
37068 3 1051
37097 1 3262
37100 2 718
37106 1 3136
37139 1 1195
37172 1 2396
37235 1 1413
37238 1 446
37325 2 5474
37337 1 1916
37361 1 1594
37369 1 5846
37419 1 13883
37422 1 917
37423 14 13622
37433 1 233
37436 2 9722
37457 1 3293
37502 1 1948
37545 1 2346
37555 1 959
37579 1 4434
37592 1 1922
37593 1 2020
37604 2 1897
37616 7 8646
37620 1 1774
37628 3 1169
37652 1 339
37684 3 1530
37698 2 5406
37732 1 1492
37733 1 1162
37887 1 1454
37895 1 1340
37897 1 1027
37915 2 778
37919 2 409
37921 2 350
37932 1 17484
37961 2 2110
37971 1 1025
37986 1 3131
37994 3 558
38005 1 3590
38011 1 880
38067 1 2040
38089 1 3093
38099 2 1239
38148 1 586
38151 1 2229
38166 1 1380
38195 1 2948
38220 5 450
38229 1 4034
38308 1 704
38315 1 604
38346 1 651
38404 1 1515
38411 1 2671
38440 1 603
38449 1 1891
38471 2 878
38473 2 931
38480 1 1546
38518 1 974
38557 2 10387
38638 1 617
38643 1 1335
38652 2 695
38679 4 4243
38712 1 9962
38725 2 2848
38736 1 1093
38799 1 1503
38807 1 2365
38838 1 1464
38863 1 737
38880 12 1528
38887 2 1530
38890 1 934
38897 2 1868
38910 2 7766
38916 1 6621
38947 1 1466
38999 2 4065
39012 2 1147
39053 1 1408
39076 1 869
39116 1 1277
39164 2 2936
39174 1 2046
39175 1 3064
39180 1 1551
39183 1 4477
39184 1 1671
39211 1 824
39239 1 819
39241 1 7079
39249 2 1162
39251 2 2258
39276 1 3501
39277 3 2053
39279 1 5440
39292 2 4867
39329 6 32477
39340 1 677
39473 1 461
39478 11 1398
39482 4 1937
39501 1 2201
39573 1 1738
39574 2 628
39686 1 404
39695 2 3613
39919 6 340
39926 1 1489
39937 2 1427
39940 1 1790
39970 1 1979
39975 14 1698
40004 1 520
40012 1 1560
40033 5 2140
40037 3 3833
40078 1 863
40150 1 347
40176 1 1287
40178 1 877
40198 1 5290
40309 1 678
40380 1 339
40445 1 1917
40448 2 3806
40468 3 2719
40530 1 1636
40538 4 14088
40550 1 3684
40579 1 4144
40595 1 1611
40606 2 813
40625 1 980
40630 1 5684
40637 1 7547
40678 1 291
40771 1 1289
40807 1 1229
40817 1 2302
40993 1 3833
41013 1 2867
41049 1 2451
41060 5 2541
41111 1 2649
41112 2 922
41113 1 1884
41123 1 2499
41149 1 958
41192 2 1154
41252 1 1169
41292 1 450
41309 1 199
41412 1 898
41435 2 244
41531 2 938
41551 2 549
41606 1 469
41689 1 530
41755 2 800
41779 4 683
41790 6 1242
41795 1 67
41818 2 3884
41820 2 1137
41855 2 608
41866 1 1666
41900 1 1156
41936 9 2170
41945 1 1262
41991 1 2217
42004 2 1812
42025 1 9933
42149 2 9906
42155 1 2406
42167 1 582
42170 11 4262
42207 1 824
42222 1 1163
42283 1 2025
42326 1 948
42359 11 2478
42362 1 10503
42418 1 914
42466 1 597
42473 1 3755
42504 1 876
42524 1 1615
42525 3 1213
42541 1 901
42560 1 1179
42574 4 2003
42590 1 1040
42648 2 4779
42767 1 8035
42854 1 246
43009 1 2498
43424 1 168
43431 2 385
43438 2 2070
43476 2 2726
43493 2 672
43551 1 1826
43637 1 1684
43649 6 4774
43677 1 1436
43723 1 862
43724 1 3202
43749 1 2541
43804 1 3750
43808 2 1297
43861 1 1888
43938 1 1026
43964 1 1339
43976 1 771
43995 1 1181
44011 3 1934
44056 1 2924
44104 1 909
44108 1 887
44129 1 1404
44218 1 6003
44219 1 1788
44286 1 5425
44333 1 2947
44337 1 528
44354 1 929
44466 3 1110
44468 1 369
44563 2 456
44585 1 1136
44707 1 6048
44835 1 506
44885 2 2410
44943 1 1027
44949 1 315
44972 1 1148
45072 1 825
45155 1 672
45159 1 13537
45189 2 6148
45217 2 1038
45322 1 682
45348 1 240
45406 2 1233
45491 1 863
45609 5 1092
45690 1 374
45813 1 909
45859 1 21421
45956 2 4392
45958 1 2336
46071 2 1693
46153 1 3988
46355 1 372
46388 15 81863
46415 1 706
46416 3 957
46420 1 1091
46432 1 3117
46465 1 512
46512 40 4395
46516 1 1910
46551 2 8597
46606 1 365
46618 1 471
46661 9 5001
46694 2 3602
46698 5 1272
46725 5 1492
46730 1 1979
46739 2 1076
46740 2 1167
46749 1 6951
46773 1 1114
46813 1 1367
46814 1 2350
46821 1 1634
46891 2 5171
46909 1 2578
46914 1 1128
46934 1 857
46942 1 1392
46954 5 5186
46973 1 510
47102 10 725
47151 1 5857
47157 1 1234
47177 1 1679
47227 1 1148
47245 1 6757
47307 1 900
47382 2 6307
47420 1 1161
47474 2 5150
47511 6 2170
47512 2 1268
47528 2 4592
47545 3 1640
47558 1 862
47561 3 3141
47626 1 430
47650 2 1540
47720 1 1789
47736 3 1046
47800 1 10768
47897 1 1442
47930 1 615
47979 1 4184
47980 1 1153
48037 1 1203
48041 1 1145
48078 1 11919
48124 2 1276
48180 3 25164
48182 2 1935
48202 1 2712
48209 2 2047
48217 1 6375
48224 1 3121
48253 2 2008
48268 1 5058
48315 4 2681
48372 3 672
48378 1 893
48498 5 937
48608 3 3133
48609 3 3196
48645 1 1419
48660 1 978
48671 1 1680
48689 1 4283
48722 1 1191
48723 1 863
48766 2 1006
48832 1 556
48833 3 679
48855 2 1420
48900 1 1196
48907 1 1902
48916 1 2862
48917 1 6627
48919 1 5467
48921 1 2787
48934 2 1502
48990 1 404
49014 1 2884
49017 3 1408
49018 2 2181
49043 1 1079
49049 1 1735
49050 2 3091
49137 1 1559
49159 2 843
49165 1 759
49175 1 9938
49184 2 2455
49187 9 1258
49195 1 325
49204 2 850
49249 6 1040
49254 2 610
49256 1 1312
49341 1 2395
49345 2 2775
49346 1 1190
49347 1 1309
49348 1 2857
49349 5 2177
49350 1 2540
49362 1 699
49388 1 721
49455 1 2601
49458 2 1916
49459 4 3328
49505 1 676
49522 1 6160
49575 1 1035
49610 1 566
49695 3 726
49716 1 1286
49718 1 833
49771 1 815
49788 1 1140
49789 1 1016
49792 1 932
49847 1 1395
49890 1 982
49891 1 673
49920 5 1231
49965 1 2813
50009 2 1186
50020 1 1485
50022 1 1530
50031 2 1861
50044 1 999
50056 1 5845
50060 1 2052
50143 1 8454
50200 1 1454
50263 1 1162
50264 1 1178
50273 1 1005
50277 1 1300
50288 1 2416
50323 11 672
50354 1 2188
50355 1 3677
50388 1 592
50390 2 803
50409 1 2104
50459 1 1672
50486 2 1889
50540 3 2734
50555 1 478
50601 2 937
50821 4 497
50823 1 566
50846 4 506
50855 1 3129
50888 2 2791
50917 1 5455
50918 2 2316
50983 6 16660
50996 1 5411
51005 3 719
51025 1 1508
51058 5 3191
51141 2 1862
51142 1 838
51176 2 976
51194 4 2656
51200 4 1152
51223 2 1143
51227 2 1328
51234 2 1409
51323 1 1148
51324 2 2010
51325 2 1021
51389 1 984
51412 1 1567
51434 1 465
51457 5 465
51460 2 1604
51461 1 678
51493 1 1461
51498 1 509
51520 1 801
51598 1 843
51672 2 3436
51674 2 1066
51767 1 1320
51820 1 363
51891 4 6407
51892 2 4521
51899 2 12169
51933 1 2717
51955 1 1040
51967 1 2148
51993 1 12689
52007 2 785
52100 2 2791
52157 2 1660
52167 10 2979
52168 2 1251
52170 1 1404
52190 1 1834
52281 1 1244
52304 3 1864
52318 1 1092
52345 1 3783
52376 1 1027
52405 2 2273
52418 1 685
52426 1 1385
52440 2 6680
52498 1 875
52500 6 3237
52561 1 52057
52584 1 1788
52615 1 935
52652 2 1339
52727 1 4203
52866 1 330
52935 1 2001
52938 1 1963
52988 4 24350
52992 1 333
53077 1 1328
53078 1 3327
53081 1 1072
53082 2 663
53165 1 600
53209 1 1662
53227 1 728
53228 1 760
53238 2 999
53242 3 4792
53248 1 5457
53337 1 3782
53386 1 3714
53424 1 5193
53430 7 48057
53495 3 776
53498 1 1581
53509 1 1285
53511 1 4733
53524 2 1461
53538 1 2024
53600 1 1756
53601 1 2754
53603 1 2774
53686 1 959
53707 2 5088
53770 1 1540
53847 1 1188
53851 1 20
53918 1 1250
53925 1 1795
54121 3 1116
54142 1 2860
54175 1 2289
54218 1 612
54230 1 753
54313 1 316
54339 1 706
54349 1 12411
54375 1 5885
54391 1 1246
54397 1 877
54399 1 5059
54445 1 950
54486 1 308
54505 5 363
54619 1 10647
54927 1 1073
54933 1 542
54949 1 1656
55076 2 2410
55077 2 2410
55094 4 12123
55121 3 611
55456 1 2236
55475 1 1180
55496 1 5278
55497 3 4177
55513 2 409
55518 2 1128
55614 2 5399
55634 1 1214
55676 1 2434
55699 3 1333
55701 3 1146
55886 1 5463
55915 2 1378
56092 1 550
56175 1 8425
56188 2 1498
56190 1 1477
56198 1 712
56225 2 1378
56422 3 1132
56445 1 2121
56487 1 3333
56500 3 2556
56503 1 5900
56521 1 5019
56524 2 4137
56541 1 1812
56571 2 1051
56573 6 819
56575 1 1164
56590 2 2070
56600 1 1942
56617 1 1131
56635 1 1373
56652 6 5800
56704 1 1297
56723 3 1252
56727 1 974
56784 1 585
56808 1 1411
56827 2 3050
56875 1 1032
56899 1 4490
56942 1 715
56961 2 7535
56973 1 1260
57009 1 1467
57352 4 504
57372 1 2559
57382 1 3136
57413 4 6376
57431 2 3175
57436 3 3484
57451 1 3058
57462 1 1248
57467 1 669
57523 1 1045
57620 1 3241
57621 1 3239
57622 1 3240
57642 1 1345
57651 1 6526
57661 1 769
57802 1 603
57809 1 1242
57817 2 4120
57826 1 1708
57838 2 1853
57845 2 1225
57846 3 2065
57881 2 2310
57906 2 1412
57960 1 773
57981 1 1528
57991 2 1504
58002 5 1518
58204 1 1235
58243 3 1796
58296 2 1436
58379 1 1919
58408 1 4007
58433 1 2227
58486 1 1104
58513 2 2130
58536 1 642
58648 2 49
58752 1 773
58801 6 204
58897 2 1028
58967 2 3481
58968 5 815
59057 1 2210
59058 1 2211
59081 2 1600
59170 6 677
59175 1 1913
59206 1 681
59211 2 3035
59251 1 6070
59294 2 661
59348 1 10477
59349 1 8147
59350 1 8331
59395 2 1240
59408 1 1795
59418 1 9567
59420 2 1188
59421 1 1923
59423 2 13129
59426 1 1694
59434 1 2472
59451 4 839
59459 2 1393
59472 1 2189
59475 1 5201
59487 2 1447
59489 4 1634
59490 2 1051
59495 3 2353
59497 6 1102
59501 1 962
59521 2 1931
59522 1 1856
59523 2 1877
59524 2 1325
59525 2 1109
59526 2 1089
59570 5 1256
59575 1 864
59580 2 1999
59592 2 2574
59621 1 2882
59633 1 4221
59638 3 3389
59640 3 5056
59651 2 1919
59709 1 3880
59778 1 2131
59809 3 1442
59812 1 1458
59814 1 980
59826 7 1508
59828 1 882
59843 1 6525
59853 1 340
59858 1 1684
59900 1 3360
59906 2 889
59909 2 3894
59918 2 9598
59938 3 1265
59940 1 792
59942 2 838
59943 1 774
60019 3 5237
60030 1 10533
60048 1 851
60068 1 2246
60119 1 894
60199 1 3044
60246 1 430
60252 1 1550
60259 4 492
60305 2 1305
60317 1 1935
60319 4 4138
60329 1 1634
60342 1 1408
60357 6 615
60406 1 873
60451 1 2513
60478 1 1021
60483 1 648
60541 2 1488
60618 1 668
60713 2 3384
60748 1 6845
60750 1 12275
60777 2 3095
60778 4 3600
60825 1 2017
60862 1 4275
60908 1 558
60910 2 2877
60934 1 1005
60963 1 3508
61004 1 2305
61020 1 13801
61021 2 5166
61043 1 4069
61064 1 956
61092 3 1272
61109 1 162
61121 1 1876
61166 3 3006
61170 1 677
61178 1 2893
61186 20 14302
61187 10 15707
61188 8 29700
61246 2 1024
61252 1 1332
61258 2 3684
61269 1 8764
61287 1 2272
61291 1 1645
61331 2 2243
61337 1 783
61409 4 3387
61428 1 8357
61506 1 3406
61545 1 814
61546 1 840
61547 1 853
61548 1 745
61549 1 1113
61550 1 1103
61551 1 1078
61552 1 1167
61554 1 958
61623 2 1505
61625 4 1309
61628 1 7244
61642 1 889
61668 1 11710
61680 1 2168
61713 1 4885
61772 1 652
61802 1 1596
61815 4 1799
61817 1 533
61821 2 3538
61822 1 5496
61825 2 2161
61866 1 890
61899 1 2006
61914 2 972
61924 1 6503
61944 1 875
61963 4 124
61993 1 294
62071 1 2363
62082 1 1641
62109 1 4903
62119 1 4116
62121 9 1683
62136 1 1682
62201 3 625
62204 3 8201
62233 1 487
62242 1 2867
62268 3 1449
62413 1 976
62417 8 11638
62538 1 1320
62622 1 874
62626 1 917
62629 1 815
62642 1 7441
62685 2 1321
62697 1 1926
62722 1 812
62782 3 1115
62789 1 3394
62839 2 1047
62877 1 1563
62895 3 755
62899 2 692
63056 3 579
63061 2 5120
63079 1 1810
63157 7 3445
63167 17 3539
63168 2 2328
63182 1 1489
63263 2 3119
63300 1 455
63309 1 4077
63366 1 796
63372 2 1597
63495 12 1230
63564 1 3674
63597 1 1946
63598 2 486
63601 5 245
63628 1 1675
63633 1 277
63700 1 1270
63715 1 400
63805 1 802
63834 3 3002
63835 13 4072
63838 1 3268
63926 1 1163
63947 1 1160
63962 2 3096
63964 1 1764
63976 3 956
63984 2 1161
63985 2 978
64010 1 2508
64086 1 1979
64090 1 622
64094 1 3694
64252 2 55
64430 5 389
64446 1 678
64453 1 10145
64459 1 783
64506 2 1697
64510 1 1839
64595 1 534
64631 1 953
64803 1 67
64909 1 499
64995 2 1355
65006 1 3064
65021 1 833
65094 1 2609
65104 2 8712
65129 1 15643
65274 1 447
65353 1 1202
65355 1 862
65398 1 1016
65403 1 1211
65421 3 3586
65454 1 456
65539 1 628
65560 1 828
65609 3 667
65610 1 524
65651 1 1756
65685 1 1579
65778 1 3404
65790 1 5117
65847 1 859
65850 1 644
65949 1 1541
65955 1 885
65958 10 1390
65999 2 7992
66008 1 1142
66015 1 4361
66019 1 1342
66055 5 1289
66158 1 608
66193 1 691
66197 1 871
66259 1 225
66272 1 234
66293 1 326
66370 1 48
66409 8 1827
66411 1 1865
66414 3 1699
66431 1 2939
66471 4 3798
66474 1 1387
66480 1 981
66499 1 844
66542 2 1829
66586 1 2141
66609 1 980
66614 1 1103
66727 1 1513
66742 2 3877
66744 1 4068
66768 1 1929
66788 7 910
66800 6 1512
66819 3 6321
66838 1 1366
66848 1 565
66870 1 2566
66901 1 1242
66947 17 18231
66955 1 612
66957 1 600
66958 1 1720
66963 2 1157
66972 3 3916
66992 10 1910
67074 1 9837
67108 1 742
67110 1 313
67168 1 2878
67189 1 1207
67196 1 2129
67218 1 1147
67223 1 1469
67266 2 4007
67267 1 427
67293 1 419
67305 8 1420
67339 1 3088
67355 2 6043
67359 7 3255
67392 1 2594
67393 1 6324
67398 1 728
67403 1 3316
67425 1 828
67430 1 541
67449 1 1320
67460 1 791
67562 3 1286
67565 1 1675
67577 2 1016
67579 1 1444
67597 1 293
67630 1 664
67636 1 811
67637 3 4061
67674 1 1995
67675 1 1974
67699 1 1580
67702 1 1327
67712 1 2699
67722 1 1758
67752 1 918
67760 3 890
67779 1 775
67783 1 827
67786 2 2340
67806 1 1454
67808 1 1776
67866 1 1457
67875 4 1176
67899 1 4652
67926 2 1401
67935 1 1837
67985 2 2304
67986 2 2479
67987 2 2466
67988 2 2356
67995 1 227
68026 2 1767
68046 3 3345
68073 4 3133
68091 9 10665
68122 1 2437
68124 3 2400
68161 1 1742
68263 1 5972
68334 1 2381
68346 2 2235
68392 1 6574
68422 1 838
68437 1 2115
68446 1 3669
68680 3 9381
68681 1 4179
68688 1 1133
68690 1 1253
68713 2 3702
68735 1 545
68757 1 1151
68769 1 470
68779 1 316
68789 1 1320
68792 1 2291
68846 6 1502
68900 1 3607
68909 1 2457
68933 11 944
68967 3 839
69032 1 656
69331 1 1693
69365 1 1243
69400 4 526
69445 1 2697
69479 1 418
69695 1 846
69707 1 668
69721 1 6125
69869 1 1333
69975 5 923
69995 1 1038
70039 1 1573
70207 3 10208
70236 1 3474
70273 1 3305
70290 1 2102
70303 1 1436
70349 3 1171
70377 1 5997
70431 5 2476
70435 1 3103
70448 1 2617
70481 3 2683
70488 1 2098
70596 5 770
70605 2 1064
70616 1 860
70841 1 8361
70852 1 698
70920 1 569
70929 1 6834
70934 1 944
70954 1 6095
70977 1 1128
70991 1 2170
71009 2 1220
71043 1 4249
71073 1 368
71162 1 1237
71179 1 321
71246 2 737
71296 7 1157
71315 1 6723
71330 2 1097
71339 1 865
71364 1 998
71503 1 62
71505 1 1058
71630 2 3469
71658 1 1236
71695 2 1178
71726 1 906
71741 1 669
71833 4 2056
71847 4 1603
71872 1 529
71919 1 2543
72001 4 1171
72004 1 8626
72015 1 804
72039 1 5516
72045 3 2213
72065 6 9229
72081 3 3204
72121 1 1320
72147 2 485
72206 2 2593
72228 6 1246
72232 1 1430
72261 4 1341
72266 1 916
72268 1 1256
72269 1 1104
72358 3 1752
72380 1 3360
72410 1 4306
72432 2 1377
72436 1 1419
72437 1 8964
72511 5 691
72524 2 1868
72538 1 836
72562 1 1024
72617 1 5161
72675 1 8994
72677 3 1203
72751 1 636
72798 1 249
72800 5 1808
72803 1 813
72804 1 556
72807 2 679
72836 1 2346
72856 1 1892
72874 1 688
72879 1 7089
72887 2 758
72909 1 846
72919 3 5881
72920 6 5462
72921 2 2994
72967 1 602
72999 2 3301
73017 2 798
73066 1 2939
73088 1 4779
73098 1 915
73175 3 803
73204 1 1273
73205 1 1376
73220 1 4868
73252 1 2017
73391 1 993
73415 1 996
73417 1 3750
73464 8 997
73591 1 2230
73653 3 1004
73655 1 1423
73740 1 793
73753 1 1851
73794 1 198
73799 1 6946
73899 1 829
73945 12 10857
73952 1 1586
73996 1 7920
74048 1 938
74067 1 6352
74074 9 859
74094 1 3820
74120 1 2512
74160 2 829
74167 1 1039
74183 2 871
74203 1 11999
74264 1 682
74368 4 3668
74396 3 657
74440 1 1991
74569 5 985
74572 1 8808
74708 3 4408
74746 3 5004
74784 1 915
74795 1 2070
74813 1 5631
74828 7 2265
74874 1 6108
74910 3 1633
75124 6 2419
75131 1 879
75152 1 1312
75153 1 545
75169 2 9895
75202 1 3010
75260 1 680
75307 1 1330
75316 1 194
75317 1 1162
75331 1 3149
75398 1 2037
75408 2 3231
75416 1 927
75499 1 808
75531 1 1582
75556 2 1021
75585 1 1192
75604 1 651
75705 1 3042
75815 1 149
75931 4 1439
75938 1 2373
75941 1 539
75960 1 2012
76046 1 1623
76105 1 6146
76106 4 4999
76137 1 2520
76141 1 326
76174 1 20998
76205 1 3668
76213 1 538
76217 1 3579
76230 1 1311
76235 2 991
76245 1 6436
76298 1 1324
76324 1 1227
76326 2 2230
76344 1 2359
76394 1 2329
76405 2 5489
76410 1 1311
76411 3 6346
76508 1 2897
76614 1 164
76707 1 3320
76755 33 5294
76756 45 4633
76760 1 2589
76793 1 5567
76870 1 1214
76930 1 397
77007 2 2330
77084 2 2028
77086 1 5533
77099 1 852
77135 3 801
77194 1 812
77242 1 1714
77246 1 6149
77259 1 726
77269 1 1124
77411 2 3629
77455 1 458
77470 2 2244
77486 1 1139
77805 1 2119
77816 1 2167
77817 1 4230
77818 4 6471
77873 3 1455
77885 2 1785
77891 4 1621
77901 2 683
77946 1 2824
78030 1 745
78072 1 333
