appl appl 18513 65215343 
6 6 808
20 1 984
24 1 774
203 2 5213
229 2 478
256 2 8243
276 21 1471
307 3 447
328 2 753
335 2 447
352 6 2404
359 1 1896
375 1 10166
401 1 750
436 3 918
446 1 1063
454 2 846
455 56 3709
471 2 3108
472 3 1175
473 1 5126
474 1 3627
476 1 1866
477 1 3143
529 1 6629
530 6 1103
547 1 1844
555 1 1894
556 3 3813
616 1 853
624 1 6440
684 1 429
690 24 3348
730 2 1017
768 2 358
813 1 715
815 5 807
847 1 599
872 1 1329
886 2 5811
894 3 1314
907 3 1133
959 1 1761
960 2 2769
961 1 1879
967 1 4480
991 2 457
1000 2 2589
1003 13 2079
1007 1 1576
1017 1 1666
1019 1 558
1023 2 2468
1032 4 1369
1094 19 705
1101 1 383
1121 5 962
1122 2 793
1123 2 453
1124 3 753
1164 5 621
1165 1 629
1166 1 98
1173 1 1598
1208 14 553
1272 9 2455
1281 7 3123
1314 2 547
1329 2 225
1364 2 460
1365 8 993
1397 1 953
1418 1 1093
1421 1 800
1424 3 1200
1426 31 1867
1435 1 3772
1436 1 662
1516 1 2384
1545 3 1438
1548 3 1243
1557 2 79
1568 2 399
1573 1 2363
1577 2 224
1585 3 1512
1593 7 2577
1594 2 988
1597 10 3184
1638 2 1745
1648 1 2206
1726 1 2436
1745 2 1756
1755 6 1202
1756 3 1307
1759 1 289
1771 2 571
1784 3 1533
1802 5 10218
1852 1 2619
1873 1 824
1881 1 1247
1905 2 597
1948 1 5448
1949 2 771
2014 1 1601
2015 1 1644
2033 4 1127
2037 1 901
2054 3 714
2055 6 1645
2081 1 1053
2083 1 4561
2084 3 1228
2108 1 617
2109 12 944
2111 1 416
2127 4 496
2139 7 1034
2140 5 593
2141 7 437
2142 7 955
2157 2 1453
2184 2 1827
2187 1 61
2232 2 1628
2233 2 1145
2235 2 1852
2236 5 1793
2243 1 2003
2244 2 2544
2275 2 556
2360 1 485
2363 3 3977
2364 1 1034
2385 2 601
2400 1 1305
2423 1 726
2475 3 641
2482 7 1146
2488 2 931
2494 14 731
2539 1 484
2553 3 1166
2554 1 313
2557 2 582
2572 1 627
2629 1 3838
2633 1 1505
2636 1 1393
2637 2 995
2652 4 1080
2654 1 1868
2662 3 908
2669 1 925
2677 13 700
2680 2 1224
2690 1 972
2709 1 1588
2722 5 1364
2744 2 601
2746 3 349
2758 2 556
2766 1 545
2774 5 565
2790 1 455
2791 2 1385
2795 1 398
2825 1 2998
2838 1 636
2881 1 37
2920 3 47
3012 2 1166
3029 1 1873
3036 1 764
3045 9 640
3046 3 1921
3096 1 1172
3105 2 3023
3106 2 3092
3134 1 1532
3210 1 326
3224 15 771
3235 1 807
3240 3 559
3279 2 888
3288 1 685
3302 1 4954
3305 1 1856
3322 2 6038
3331 7 1153
3338 3 1856
3340 3 1137
3377 1 1482
3382 1 613
3429 7 2188
3431 1 665
3432 1 696
3433 1 553
3434 1 567
3450 2 1374
3460 1 485
3486 1 4565
3539 1 1721
3549 1 286
3563 1 1688
3568 1 1340
3574 8 867
3595 1 1270
3596 1 458
3597 1 624
3708 1 3154
3714 9 1777
3722 2 1159
3748 2 990
3781 1 205
3785 1 403
3817 5 138
3832 1 7941
3833 1 1551
3835 1 1418
3842 1 1285
3860 1 1204
3861 1 801
3889 3 1113
3892 2 846
3922 3 4998
3924 4 356
4019 1 1367
4023 2 926
4043 1 35
4044 1 1940
4045 1 1533
4046 1 767
4047 1 814
4051 1 2046
4098 1 304
4101 3 3929
4106 1 2006
4112 1 838
4153 2 473
4177 2 506
4182 1 762
4202 2 2037
4204 1 3711
4245 1 739
4251 1 2307
4273 1 272
4291 1 321
4294 2 633
4297 4 7592
4305 1 1625
4306 1 1994
4307 1 2386
4308 1 2754
4331 1 610
4332 1 1645
4333 1 791
4348 3 3712
4368 4 4832
4369 4 4444
4370 4 3314
4371 4 3866
4372 4 3440
4373 4 4212
4374 4 5584
4375 4 1815
4376 4 2069
4377 4 1760
4400 1 990
4419 7 920
4423 4 1170
4440 7 1273
4443 5 683
4444 7 768
4445 7 451
4451 1 65
4453 1 1290
4459 2 4138
4460 1 3587
4461 1 4244
4462 1 6187
4463 4 4320
4479 1 2646
4489 24 2853
4490 2 1394
4491 2 1897
4492 5 2351
4493 2 2130
4518 1 2481
4519 1 1344
4520 1 1588
4521 2 1703
4522 2 2966
4523 2 2304
4524 1 2046
4525 2 1554
4526 1 1155
4538 3 965
4579 1 1909
4582 1 1235
4587 1 2393
4618 1 873
4626 3 2742
4660 1 465
4665 1 893
4674 1 1077
4688 1 607
4719 1 1062
4728 1 1393
4752 3 5044
4753 9 5716
4757 1 406
4767 7 1552
4772 1 2116
4780 4 1197
4801 2 858
4805 13 852
4821 1 2178
4825 5 760
4826 7 662
4827 7 532
4838 2 5657
4839 2 1862
4840 2 5531
4853 1 1774
4855 3 1500
4860 1 1791
4861 14 2242
4930 2 1503
4931 3 1648
4932 5 1745
4934 1 2573
4935 1 2499
4951 3 1444
5072 3 1057
5131 1 1622
5132 1 1537
5142 1 1220
5158 4 544
5178 1 320
5195 1 1844
5236 1 1062
5246 2 1448
5247 2 6498
5264 17 2502
5300 1 794
5309 1 550
5329 1 972
5386 1 1742
5417 29 2788
5495 14 633
5499 1 44062
5502 1 977
5507 5 3021
5525 2 1587
5534 2 728
5543 2 747
5571 1 876
5580 2 6581
5596 1 4949
5606 2 1288
5612 2 999
5619 1 1587
5631 1 1323
5658 2 1556
5668 2 1182
5676 1 807
5727 1 73
5856 1 732
5867 6 5884
5902 1 1225
5935 1 2831
5958 1 1664
5988 1 969
5997 2 1299
6013 2 2929
6023 1 880
6048 1 4019
6069 2 551
6076 2 3091
6079 2 1023
6081 2 1357
6087 1 1469
6123 1 1295
6153 1 1222
6164 2 2727
6175 3 1916
6176 1 1652
6182 1 6597
6295 2 310
6296 2 3125
6298 2 3012
6299 2 3048
6300 2 3029
6301 2 2972
6303 2 2969
6304 2 3270
6316 3 3790
6329 2 3134
6355 1 262
6363 3 4787
6526 3 1191
6587 3 2605
6589 1 1306
6602 1 729
6619 1 54
6663 1 1112
6759 5 962
6760 1 806
6828 10 456
6832 1 639
6944 1 1564
6947 2 1049
6969 1 1724
6974 1 1220
6976 1 808
6983 2 2840
6988 1 2056
6992 2 1337
7003 1 1299
7010 2 887
7011 1 925
7016 1 1558
7017 3 423
7022 1 670
7024 3 954
7025 2 426
7026 2 441
7027 2 831
7059 3 671
7060 1 3208
7079 1 4960
7088 10 2350
7116 7 1032
7125 2 329
7137 2 235
7162 4 1574
7272 5 901
7284 1 3123
7293 2 1224
7415 1 2592
7428 7 1550
7496 1 703
7507 1 542
7544 1 995
7660 17 1360
7668 5 1538
7670 1 397
7674 1 817
7679 1 564
7684 10 603
7694 1 82
7704 9 3369
7705 2 4973
7706 4 3286
7707 4 1904
7708 2 1422
7709 2 2370
7710 2 4326
7711 1 1660
7715 3 2854
7723 1 4731
7730 8 623
7735 1 66
7740 1 1213
7756 3 2279
7757 2 2005
7758 3 1880
7761 4 1037
7767 11 3013
7770 2 537
7773 1 7884
7776 1 1456
7914 2 37
7946 1 403
7966 1 2772
7970 1 755
7974 1 2073
7989 1 734
8061 1 808
8062 1 2690
8066 1 580
8089 1 20930
8093 6 20088
8110 1 1146
8139 1 4927
8150 1 1408
8182 1 810
8184 10 1042
8204 1 4600
8205 1 524
8215 1 2073
8243 2 174
8244 2 607
8248 5 1171
8255 2 351
8268 6 848
8287 3 4172
8306 4 1820
8310 4 4695
8311 4 4367
8312 54 3567
8313 4 3754
8314 1 1237
8337 2 258
8370 2 2235
8372 1 3639
8374 2 748
8380 23 2765
8390 1 1041
8391 1 2171
8395 5 1291
8396 1 1026
8397 7 479
8398 7 1691
8399 7 774
8400 7 421
8401 7 649
8402 7 8226
8403 2 2102
8406 1 72
8408 1 5505
8409 1 3217
8421 1 1142
8435 3 2734
8436 2 1685
8437 16 1413
8438 2 2090
8442 1 1911
8447 2 2081
8452 3 7747
8459 2 2749
8460 2 2825
8461 2 2678
8462 2 3138
8463 2 2137
8571 1 2786
8582 4 1026
8595 1 691
8630 1 989
8638 1 905
8639 2 2193
8650 3 9126
8671 1 1147
8732 2 2463
8740 1 1067
8828 1 2492
8831 6 289
8832 1 915
8851 1 355
8855 1 1546
8877 1 1525
8900 2 1780
8927 1 2370
8931 2 1039
8954 1 590
8964 2 1138
8992 10 2708
9006 1 34059
9008 2 998
9017 6 522
9026 1 599
9069 1 101
9164 2 717
9169 1 2306
9185 5 492
9205 2 2860
9234 1 1133
9292 4 3389
9293 1 1715
9294 1 3543
9302 7 3665
9343 1 1266
9351 1 1815
9352 1 989
9353 1 669
9359 1 1309
9371 1 1526
9413 11 1215
9414 10 1114
9415 10 1070
9416 10 1927
9417 10 1074
9418 10 1081
9419 10 1689
9438 2 468
9501 1 732
9512 3 2693
9513 1 2653
9563 2 1392
9571 1 648
9572 3 1029
9573 1 1012
9640 4 3873
9674 8 2337
9678 1 1073
9689 4 1002
9704 2 1126
9711 6 499
9723 1 1034
9724 2 1634
9725 1 654
9726 4 890
9760 1 2142
9761 1 2538
9767 5 905
9809 6 635
9811 3 922
9820 1 394
9830 1 1997
9832 1 2376
9840 1 1435
9860 5 891
9868 5 2464
9890 1 885
9954 9 3197
9957 1 254
9969 1 758
9979 1 184
9995 1 1332
10033 44 8876
10067 8 2395
10082 15 931
10087 2 1266
10101 1 12486
10120 3 1997
10121 2 2683
10122 4 2093
10123 3 2079
10137 1 658
10148 3 564
10224 1 1087
10225 3 846
10227 3 1110
10231 10 9229
10255 1 2770
10262 1 523
10280 16 1373
10285 2 1722
10289 1 8941
10298 1 2030
10331 3 673
10342 8 377
10356 1 1443
10359 2 970
10363 2 907
10369 16 1033
10377 14 2603
10426 2 655
10453 1 350
10458 1 505
10460 3 875
10462 1 610
10470 3 606
10496 1 1615
10497 1 1517
10498 1 1356
10529 3 1603
10541 7 1007
10542 21 3137
10568 1 3196
10592 1 84
10612 1 1376
10621 2 473
10635 2 525
10653 2 3190
10661 1 508
10665 1 3903
10669 1 505
10679 1 1155
10693 5 1867
10706 3 1237
10739 1 104
10760 1 228
10762 1 1336
10764 1 1652
10808 7 6608
10813 2 634
10817 1 850
10842 3 1865
10844 1 807
10858 11 1213
10870 4 541
10940 2 7910
10950 15 513
10963 1 54
10964 1 54
10965 1 54
11012 5 1191
11013 5 382
11021 2 534
11028 21 970
11075 2 1309
11087 1 2013
11123 18 714
11124 1 1521
11136 4 563
11138 8 606
11143 3 1675
11158 1 89
11229 1 1795
11244 1 833
11248 1 11766
11260 5 1027
11262 1 1739
11364 2 2608
11365 1 1363
11382 1 1292
11387 33 1357
11388 13 2085
11399 2 373
11411 1 898
11465 2 2175
11466 2 2113
11467 2 3152
11482 1 770
11486 1 889
11488 5 735
11497 1 1516
11507 2 3105
11508 1 2406
11524 3 1007
11525 6 979
11554 2 804
11557 1 2108
11570 19 631
11611 1 54
11612 1 54
11613 1 54
11614 1 54
11615 3 1661
11625 1 237
11650 1 1881
11654 1 1757
11685 31 1102
11691 15 1005
11721 25 3482
11754 7 1037
11763 12 739
11765 1 907
11783 1 264
11816 1 185
11856 1 1147
11869 3 2608
11872 4 406
11876 6 581
11878 1 1334
11879 1 8814
11889 3 1623
11951 2 803
11963 1 39
11996 3 1491
12107 1 924
12118 1 1794
12119 1 2327
12164 6 3148
12167 5 1026
12171 1 5724
12172 1 1109
12173 1 716
12175 1 746
12182 1 2585
12189 2 1191
12204 2 993
12210 2 602
12222 1 2012
12231 1 887
12232 1 1252
12255 1 410
12260 1 746
12272 2 2031
12283 1 935
12293 1 1151
12297 13 2001
12307 1 235
12310 1 281
12312 1 185
12322 3 923
12323 2 795
12324 23 980
12331 2 3864
12363 2 458
12376 1 834
12383 3 173
12385 2 787
12421 2 2680
12437 3 1351
12441 1 832
12442 2 826
12454 1 642
12466 1 1446
12498 1 3985
12499 1 3780
12510 13 1894
12608 2 516
12620 1 610
12622 1 2177
12627 1 4932
12630 2 1046
12663 1 1137
12669 2 1147
12671 2 803
12675 1 913
12697 2 1979
12701 75 7084
12707 1 235
12727 1 743
12747 1 3912
12753 1 3395
12771 45 2032
12785 1 979
12809 2 1615
12814 2 46677
12815 1 1045
12818 1 3788
12824 1 116
12842 2 520
12885 1 6601
12921 2 1723
12925 1 2837
12933 1 645
12936 7 885
12984 1 307
12987 7 824
12996 5 2315
13007 7 293
13027 1 786
13028 1 741
13029 1 1492
13042 1 280
13066 3 1485
13077 1 588
13143 1 1436
13148 3 1862
13149 20 2234
13174 1 3530
13270 3 478
13305 1 660
13321 1 4863
13336 2 2457
13364 2 1478
13389 2 507
13421 4 734
13431 13 613
13432 5 875
13454 34 1084
13460 1 169
13463 2 3262
13477 7 751
13484 3 1236
13527 1 1200
13539 2 1648
13570 1 456
13574 1 1305
13609 1 1456
13618 1 28398
13622 1 424
13642 3 1397
13643 1 1259
13653 2 907
13658 1 1095
13662 1 828
13684 18 12301
13695 3 2748
13696 5 2538
13697 3 3718
13705 3 864
13768 2 608
13793 1 325
13827 2 729
13829 4 1750
13830 5 968
13831 2 993
13832 5 1089
13833 22 1191
13841 3 4015
13847 9 2900
13850 1 321
13852 23 875
13863 1 3445
13889 1 724
13908 1 955
13924 1 865
13942 3 1276
13947 1 1742
13985 2 11629
14010 1 1649
14038 1 481
14046 2 1429
14047 1 1828
14069 1 255
14072 1 651
14078 1 1307
14094 1 27
14097 1 1755
14105 1 9306
14176 6 2211
14185 6 2424
14191 1 1859
14228 2 490
14246 1 582
14271 2 2963
14272 2 3020
14273 2 2924
14274 2 2909
14280 3 2667
14292 1 11958
14293 2 781
14296 1 607
14298 1 243
14301 1 2773
14305 1 257
14307 3 657
14310 2 2370
14311 2 1550
14312 16 1988
14313 2 5288
14314 14 1929
14315 2 3896
14358 2 402
14376 1 238
14414 3 1128
14520 1 7541
14560 10 1173
14568 12 712
14579 12 708
14584 1 208
14607 1 356
14608 2 164
14609 2 160
14616 1 789
14617 1 1152
14641 1 897
14649 2 3074
14651 2 801
14696 5 473
14697 1 567
14698 7 466
14699 8 803
14700 7 635
14714 2 5738
14721 3 4901
14722 2 6567
14723 2 4899
14724 2 5113
14728 9 2287
14738 6 1827
14746 1 1733
14747 2 1544
14779 2 3250
14791 1 1301
14793 1 71
14807 1 1449
14811 1 533
14830 1 8170
14831 1 8171
14832 1 8172
14854 2 2362
14855 3 2067
14856 3 2080
14878 2 3248
14885 2 460
15001 1 64
15006 2 923
15024 1 1186
15029 1 2103
15034 1 57
15039 14 1513
15040 9 326
15050 5 1758
15108 1 1429
15119 1 443
15127 1 1201
15139 1 1073
15213 2 369
15243 6 193
15245 32 7336
15269 1 1122
15280 5 361
15291 2 744
15297 1 125
15301 2 5730
15420 1 231
15507 1 331
15540 1 397
15547 1 615
15562 2 748
15568 2 3032
15570 2 2982
15573 2 2920
15574 2 3007
15580 3 2165
15590 1 3007
15614 1 3253
15615 1 3882
15621 1 2140
15660 7 763
15665 2 928
15746 2 1020
15751 1 1372
15761 1 778
15762 6 2141
15810 3 4391
15813 1 1072
15814 3 1001
15829 2 937
15868 2 2468
15876 3 1725
15904 1 2397
15905 1 430
15912 4 1398
15929 2 398
15931 1 54
15941 7 779
15980 3 2709
16028 6 556
16085 1 234
16098 1 1575
16103 2 1875
16120 2 1888
16129 1 600
16209 1 1698
16222 1 949
16225 1 564
16238 2 11763
16241 18 1533
16245 1 910
16246 1 1169
16247 1 1020
16248 1 761
16249 1 583
16255 1 2187
16257 2 6019
16284 2 1751
16285 3 2520
16292 1 2759
16300 4 894
16311 3 2173
16323 2 1197
16349 2 692
16361 1 382
16374 1 976
16384 3 354
16388 1 1730
16392 1 920
16408 1 513
16417 1 1733
16428 1 2245
16440 1 1049
16479 1 1119
16491 3 6610
16496 1 5161
16499 1 1594
16528 1 1436
16540 1 2127
16570 2 1285
16641 17 2049
16642 9 2366
16643 10 2232
16651 1 1054
16652 1 1090
16654 2 933
16672 1 1177
16722 1 5137
16736 1 1860
16760 6 627
16813 9 4537
16844 1 2540
16846 1 1076
16847 1 1048
16857 78 2221
16858 83 2375
16859 84 2243
16860 84 2032
16861 71 2164
16862 91 2184
16863 70 2074
16864 89 2089
16870 2 1104
16871 3 1031
16872 2 1005
16873 2 1059
16888 1 1462
16889 20 1208
16890 1 674
16891 1 1176
16893 1 5510
16911 1 522
16942 1 12267
16958 4 5800
16989 1 971
16994 1 2449
17016 19 813
17017 1 1106
17028 1 1380
17040 1 3349
17044 3 902
17072 1 1836
17102 3 1387
17116 1 3516
17144 34 1165
17160 3 1760
17174 1 1157
17187 1 1065
17188 1 1771
17189 1 5992
17190 3 1264
17191 1 710
17204 16 955
17205 2 1800
17211 1 2036
17212 1 2040
17246 1 726
17247 3 2453
17248 2 2188
17273 6 385
17306 1 776
17324 1 1401
17359 1 667
17363 7 2096
17377 5 680
17389 3 1790
17391 1 2225
17399 1 844
17469 3 599
17497 2 1775
17509 8 1726
17558 9 1065
17567 1 597
17568 1 1347
17570 1 5402
17573 1 1355
17616 23 815
17620 1 867
17658 6 2113
17666 1 1434
17688 4 386
17717 1 3139
17721 1 839
17737 1 1122
17746 1 588
17747 1 565
17787 1 775
17792 1 547
17811 3 605
17826 6 448
17846 2 1416
17873 2 449
17904 1 6041
17905 2 2215
17906 1 502
17907 1 453
17923 33 1095
17946 30 637
17952 1 130
17961 1 1859
17995 1 458
18008 1 275
18033 2 3046
18035 2 2957
18044 3 1073
18090 2 1539
18155 8 339
18169 1 3118
18259 1 284
18264 9 3866
18265 1 4164
18266 1 1904
18278 10 1495
18289 4 797
18290 1 982
18295 3 509
18330 1 386
18345 1 1603
18350 2 1610
18351 3 938
18356 1 502
18378 1 1181
18385 9 6531
18386 5 1587
18387 7 1206
18388 2 1439
18390 1 1388
18396 3 12783
18429 11 2153
18484 1 804
18515 2 304
18530 1 2029
18569 1 297
18577 3 810
18582 2 1724
18592 7 1762
18597 3 6498
18654 1 15696
18660 3 933
18661 3 1372
18662 2 1519
18686 8 3449
18688 1 1233
18695 9 896
18698 1 1306
18699 1 668
18716 1 1408
18727 1 410
18739 1 3057
18740 1 2994
18741 1 3106
18742 1 2981
18759 4 2997
18773 2 1318
18793 6 3927
18809 1 380
18810 1 344
18811 1 435
18816 1 772
18829 1 721
18830 1 1272
18832 1 484
18849 2 2585
18886 1 1074
18905 29 3741
18906 23 3883
18907 21 3535
18945 11 6732
18959 2 905
18964 17 1035
18967 1 13159
18983 10 583
18987 12 2027
18991 1 1328
19025 1 1347
19036 1 1671
19043 7 4707
19075 2 1178
19091 1 1544
19120 3 850
19131 2 3297
19157 1 3514
19179 1 300
19190 1 717
19194 3 5424
19365 27 1024
19391 1 3144
19434 2 193
19504 2 6279
19541 1 595
19543 2 369
19556 1 554
19558 3 5943
19574 2 643
19610 1 1644
19626 1 530
19656 5 5073
19799 1 701
19806 2 334
19808 5 2160
19809 1 803
19816 24 1533
19824 1 605
19832 26 4109
19835 1 1651
19839 5 801
19859 5 1222
19874 18 1603
19883 2 5667
19884 2 5873
19885 2 1727
19886 2 1995
19887 2 3613
19888 2 1794
19889 2 7969
19890 2 2034
19891 8 4302
19892 2 2205
19893 2 6194
19894 2 2667
19895 55 3842
19896 3 4758
19897 2 3289
19898 2 4338
19899 2 6214
19907 8 674
19908 8 991
19912 2 1384
19951 5 677
19952 7 553
19983 15 2232
19984 2 3052
19985 87 8977
19986 2 1620
19987 5 3502
19988 2 1164
19989 2 1297
19990 2 1486
19995 3 736
20015 2 2199
20016 2 3043
20020 1 1073
20031 1 856
20139 1 1612
20147 1 538
20200 1 30304
20204 1 902
20205 1 890
20219 2 1029
20240 6 910
20258 2 1250
20259 2 1301
20260 2 1299
20263 1 3682
20265 1 1580
20268 1 1431
20294 1 3768
20309 2 603
20340 2 946
20373 5 776
20374 1 1026
20387 3 668
20405 3 1411
20416 9 1496
20426 1 206
20434 2 2324
20610 1 577
20634 1 407
20642 1 490
20655 1 891
20684 1 12924
20707 1 35797
20715 2 802
20716 1 552
20729 3 902
20730 29 3239
20731 1 1365
20732 1 1193
20733 1 593
20734 1 728
20735 1 1037
20736 1 840
20737 1 926
20768 1 1195
20769 6 1098
20770 2 1080
20779 2 1150
20780 1 1126
20785 1 3062
20794 1 970
20808 1 1960
20825 1 1160
20830 1 2279
20831 1 5707
20833 1 5441
20856 9 1576
20857 1 666
20870 3 4517
20892 3 1529
20923 1 1102
20932 1 1475
20964 2 362
20995 4 1840
20997 2 6199
21000 1 270
21002 2 922
21015 1 207
21059 9 2178
21060 13 2143
21061 9 2416
21062 9 2438
21063 9 1794
21093 1 1025
21108 1 767
21130 12 1097
21151 1 1904
21153 1 698
21157 1 1251
21180 1 1918
21261 1 1730
21284 1 1012
21287 1 982
21288 1 1188
21314 1 699
21345 1 2751
21352 1 1524
21355 1 412
21357 4 5683
21363 8 3866
21370 19 538
21415 1 797
21416 1 626
21432 2 1603
21469 1 3531
21470 1 3587
21479 2 1262
21506 1 981
21507 12 7373
21513 2 674
21528 1 893
21535 2 1207
21540 1 2076
21541 1 2076
21550 2 688
21553 2 98
21555 1 625
21556 4 709
21578 9 885
21596 1 394
21623 1 339
21626 1 876
21634 2 824
21644 1 11884
21645 2 377
21646 1 410
21719 12 880
21773 4 955
21774 1 1025
21779 1 1083
21789 3 792
21806 1 474
21821 1 2616
21838 3 674
21843 1 174
21852 6 6758
21865 1 2056
21896 10 780
21901 5 252
21904 1 2015
21913 3 3148
21936 5 564
21937 7 764
21938 7 578
21939 7 541
21940 7 962
21944 10 1690
21948 5 2447
21957 6 1265
21975 1 710
21981 2 3068
21984 1 249
21989 1 2096
21991 7 1915
21993 1 2572
21994 5 1872
21995 1 2336
21996 2 2579
22045 3 2727
22046 2 1341
22047 2 2622
22052 1 1487
22068 7 204
22087 1 1367
22089 1 325
22101 1 1132
22108 29 2108
22120 4 714
22121 1 958
22125 3 1410
22164 1 637
22184 1 842
22186 1 1860
22208 2 668
22217 2 1505
22396 1 646
22432 1 496
22435 1 533
22441 1 524
22444 1 537
22505 1 899
22510 1 744
22511 1 845
22516 4 1048
22523 2 3123
22525 2 3022
22526 2 2933
22528 2 3156
22535 1 1608
22574 6 490
22586 1 627
22590 1 1209
22607 1 1086
22760 3 900
22878 28 1217
22908 1 2390
22926 1 1353
22927 1 2118
22938 2 451
23005 1 54
23006 1 54
23007 1 54
23020 1 665
23035 3 1061
23125 4 1534
23219 8 1740
23225 2 767
23226 2 717
23298 1 459
23350 2 642
23357 1 798
23359 1 1250
23367 1 1364
23368 1 2432
23403 1 3089
23404 1 488
23422 2 1581
23441 11 1238
23464 1 3921
23478 3 981
23483 1 412
23490 4 788
23505 3 1415
23506 3 760
23507 3 1290
23602 7 2222
23639 1 562
23655 2 746
23679 1 382
23687 1 2530
23688 5 2643
23690 1 133
23720 1 1499
23733 1 2720
23735 1 1708
23765 1 11324
23806 1 518
23904 6 1172
23977 3 995
23982 2 1016
23983 3 567
24094 1 3157
24119 1 14616
24123 2 1686
24124 4 2547
24127 1 1281
24157 1 10311
24164 5 1966
24173 12 643
24175 1 1777
24198 3 1131
24200 1 347
24204 1 780
24217 1 788
24242 1 831
24253 1 936
24259 5 644
24300 1 600
24344 1 1323
24376 1 783
24390 1 3496
24446 3 706
24506 9 7516
24511 1 755
24539 2 3939
24540 2 4575
24541 2 5645
24561 7 3084
24583 1 808
24586 1 294
24590 2 4782
24591 2 4881
24592 2 4881
24603 2 14723
24624 2 1145
24660 2 1090
24668 29 6702
24674 1 626
24699 2 726
24719 10 646
24722 7 1133
24735 4 2767
24747 1 5509
24748 3 4627
24749 1 4668
24750 16 6415
24765 1 1351
24771 2 161
24787 2 437
24791 7 2527
24811 1 715
24812 7 1148
24823 2 2274
24824 2 1881
24825 2 1588
24827 1 1654
24829 2 703
24837 1 1425
24838 1 1751
24882 1 8171
24883 1 8171
24914 2 1788
24958 1 840
25017 1 816
25026 3 1220
25055 2 1036
25057 2 2293
25066 1 1878
25076 8 568
25120 2 1142
25130 2 675
25132 2 436
25153 5 3748
25154 1 4423
25160 1 3316
25164 1 491
25165 1 595
25169 1 814
25170 4 1000
25175 1 4293
25239 2 1019
25243 2 3615
25258 6 351
25263 2 777
25266 1 937
25305 1 653
25308 1 600
25330 1 1134
25391 1 2825
25397 1 869
25398 1 132
25407 4 3649
25409 1 4429
25410 1 764
25439 1 655
25475 2 3015
25476 2 3033
25479 2 3085
25514 1 136
25517 1 295
25518 1 395
25522 3 2549
25535 1 1634
25668 33 1796
25669 1 65
25675 1 769
25712 1 2401
25713 1 3056
25722 22 825
25723 5 784
25727 8 726
25729 1 254
25736 3 2577
25764 1 2679
25765 1 1150
25766 1 1160
25767 1 1166
25768 1 1167
25769 1 1128
25770 1 1009
25794 1 54
25798 1 742
25802 1 1717
25822 4 694
25851 2 1694
25879 1 797
25898 1 200
25950 6 723
25961 1 1637
25967 8 1738
25972 1 1249
26022 1 707
26049 1 2989
26051 1 761
26053 1 603
26075 1 3348
26078 11 996
26082 1 1566
26088 1 1925
26089 1 675
26116 1 786
26149 2 180
26161 1 14248
26164 5 1169
26165 6 1178
26166 6 1178
26171 2 454
26184 9 685
26185 6 238
26190 2 871
26191 2 456
26242 1 1535
26295 12 1958
26332 1 1975
26351 4 1903
26359 2 3794
26381 1 1479
26388 1 3682
26403 1 17
26419 1 1113
26430 1 984
26439 14 1615
26453 2 2527
26457 1 520
26470 1 1686
26486 1 1259
26488 1 1436
26523 1 1076
26530 2 101
26569 1 895
26570 1 1069
26571 1 1195
26602 1 528
26614 1 3554
26632 13 1338
26668 1 3364
26688 1 4422
26755 3 2434
26757 1 513
26766 1 1561
26767 2 514
26773 2 833
26807 4 1054
26808 4 581
26809 7 463
26810 7 739
26820 2 5014
26821 2 4111
26822 2 1713
26832 1 1182
26896 1 54
26898 2 469
26900 5 711
26930 1 467
26955 22 1034
26980 3 1029
27034 1 765
27127 1 1556
27150 2 1038
27161 46 1496
27171 1 1261
27173 2 3255
27174 2 2438
27228 2 952
27229 5 598
27230 6 591
27231 6 1168
27232 5 568
27233 5 665
27259 1 1441
27260 1 960
27262 8 859
27263 3 715
27285 2 808
27316 1 485
27320 1 798
27326 1 916
27339 1 681
27394 3 1701
27413 3 1577
27414 1 870
27430 2 1623
27433 1 1079
27452 1 604
27461 1 4148
27469 1 1105
27474 14 1604
27481 13 875
27485 3 1270
27510 1 1431
27519 1 1928
27521 3 1461
27548 2 1189
27570 1 710
27585 1 1037
27594 1 915
27619 2 1247
27620 1 710
27623 2 2360
27677 1 765
27695 2 304
27704 4 1010
27707 2 3748
27725 3 539
27730 1 732
27766 7 439
27767 7 568
27769 4 1391
27772 2 3134
27777 2 2817
27778 2 1834
27779 2 4121
27808 14 2245
27847 1 942
27848 1 1948
27863 1 977
27864 1 977
27866 3 4412
27867 5 1485
27868 2 2792
27872 2 3102
27878 1 1265
27973 14 1504
28003 1 1375
28008 2 1268
28010 2 1369
28014 1 58
28016 5 682
28026 1 704
28036 12 1608
28050 2 1132
28068 6 1208
28069 1 581
28076 5 1785
28081 2 1204
28085 2 466
28090 1 339
28103 8 5130
28156 2 879
28223 1 1145
28261 4 11790
28274 5 488
28361 2 53
28418 1 2121
28470 1 977
28472 25 3173
28473 13 1706
28479 1 859
28482 1 249
28515 1 197
28638 3 1123
28686 1 1805
28711 1 2834
28725 1 1071
28732 4 681
28747 3 843
28750 2 4089
28781 1 2730
28799 10 4713
28816 1 2084
28829 2 1738
28834 1 1106
28890 1 51
28949 1 408
29004 2 285
29031 1 1192
29052 1 369
29072 2 698
29076 1 1924
29079 2 486
29089 2 4866
29101 1 423
29107 1 793
29108 1 1272
29109 1 939
29134 3 1030
29135 6 356
29166 6 383
29180 1 3520
29189 17 930
29296 1 762
29328 1 2531
29447 2 335
29471 1 1106
29482 2 643
29491 2 3124
29494 2 3066
29497 2 2942
29524 2 1209
29532 2 804
29558 1 3685
29559 1 3217
29561 1 1008
29574 3 745
29575 1 568
29628 2 3312
29629 1 1492
29648 2 8110
29709 1 1886
29721 1 6842
29805 37 1359
29806 28 1218
29857 1 731
29868 2 2187
29875 2 2653
29882 14 398
29895 3 940
29897 2 647
29899 1 815
29900 1 618
29901 8 757
29914 1 2420
29935 2 964
29936 8 945
29968 2 1029
29975 1 1410
29977 1 1200
29978 1 1161
29979 1 1172
29980 1 1154
29981 1 1139
29982 1 1131
29983 1 961
30027 1 54
30028 1 54
30029 1 54
30030 1 54
30035 1 448
30063 1 928
30073 27 2480
30113 1 537
30132 25 1913
30134 7 674
30158 1 1827
30164 7 2045
30183 11 405
30255 1 2558
30273 1 2533
30277 11 1384
30283 1 1092
30285 2 1934
30290 1 187
30294 1 647
30297 6 1169
30306 1 443
30311 1 1862
30316 1 608
30323 1 65
30332 2 1157
30349 2 533
30385 1 1151
30459 1 1537
30559 1 632
30573 4 2812
30582 1 1273
30591 1 1307
30597 4 2235
30602 2 3594
30619 7 948
30642 3 3081
30643 2 1318
30649 2 2455
30692 2 820
30707 3 932
30727 1 1425
30748 5 1479
30770 1 78
30786 1 1228
30797 4 800
30799 1 2179
30800 1 2230
30801 1 1675
30802 1 2179
30804 1 10416
30827 1 663
30829 2 1243
30830 3 1174
30862 1 588
30865 4 902
30873 1 731
30891 1 2618
30898 2 589
30902 5 1476
30916 7 1435
30952 1 3956
30953 1 4469
31005 1 423
31027 11 732
31052 6 3636
31074 1 511
31078 3 895
31084 1 929
31089 1 1949
31094 166 7803
31095 2 1243
31107 12 547
31120 2 1212
31150 1 1257
31186 1 649
31195 1 797
31212 1 906
31235 1 1666
31236 1 1725
31260 1 711
31272 1 586
31286 4 845
31320 1 2381
31327 2 3711
31328 2 3214
31329 2 3009
31330 2 2751
31331 2 2964
31332 2 3032
31361 42 728
31380 2 1553
31395 13 3700
31398 2 896
31419 30 1480
31448 3 3221
31489 1 623
31491 1 549
31540 1 1089
31543 3 2159
31555 2 1195
31572 1 1379
31624 1 671
31636 6 631
31644 13 1272
31678 3 695
31702 1 2004
31724 1 54
31725 1 54
31726 1 54
31728 1 1238
31730 7 635
31755 2 1317
31768 2 565
31791 2 535
31821 1 4061
31822 1 3213
31850 2 597
31852 1 1764
31869 4 1376
31875 1 270
31913 1 1930
31921 30 1208
31951 1 962
31952 1 1105
31953 3 1038
31970 1 562
31981 4 620
31985 12 810
31994 2 367
32032 1 405
32038 1 281
32042 2 828
32170 12 1811
32171 4 914
32184 1 2319
32190 2 3358
32226 2 3217
32239 2 993
32277 1 1178
32287 2 3033
32296 2 2955
32300 2 3026
32302 2 3115
32303 2 2974
32308 1 1418
32315 3 416
32329 1 5073
32365 3 3420
32366 3 3530
32367 2 3181
32374 1 3413
32390 1 237
32413 1 2301
32414 1 1665
32484 1 502
32490 1 1063
32565 9 1204
32566 9 1495
32607 1 1868
32651 2 710
32655 1 316
32662 3 2165
32663 3 3914
32671 3 1446
32679 2 863
32695 2 1641
32720 1 974
32740 1 54
32741 1 54
32782 1 536
32807 19 710
32824 9 2602
32847 7 2340
32895 8 626
32898 3 1475
32911 4 905
32966 1 1131
32972 1 11367
32973 10 594
32986 1 3067
32992 1 835
32995 4 645
33076 1 1741
33078 1 5728
33082 2 997
33130 6 1040
33133 1 1216
33135 1 707
33137 2 546
33138 1 1739
33141 1 1413
33150 2 2622
33151 2 2303
33175 3 552
33195 4 626
33207 2 783
33211 3 1214
33241 2 455
33247 1 546
33272 4 1656
33276 1 1090
33305 2 773
33310 1 9499
33325 1 657
33352 1 191
33359 8 890
33372 1 1921
33375 6 2483
33392 7 753
33426 2 641
33428 1 633
33460 1 421
33461 2 1567
33474 2 596
33475 1 5068
33489 5 1302
33495 2 2452
33511 1 437
33569 7 1975
33577 1 863
33584 4 1680
33585 1 3694
33589 3 965
33590 3 3769
33595 6 628
33607 1 1916
33618 5 509
33622 1 1668
33624 1 964
33641 7 2126
33646 1 1788
33693 1 445
33703 6 18894
33711 2 830
33732 1 809
33737 1 1077
33738 1 423
33748 1 855
33752 9 1225
33763 12 2200
33825 1 1053
33878 6 2517
33914 2 630
33929 7 409
33932 1 831
33933 1 503
33936 1 1150
33953 3 719
33954 3 766
33978 1 1552
33980 1 2963
34035 1 2575
34039 19 23394
34046 2 3718
34069 3 1786
34125 2 1328
34143 2 2404
34150 3 1435
34160 3 1161
34161 2 98
34190 1 394
34196 2 1544
34201 1 2057
34209 14 1701
34210 5 1920
34219 3 182
34222 1 3470
34227 7 1088
34233 5 297
34241 4 658
34273 1 708
34298 2 6813
34322 3 420
34323 3 663
34347 1 1729
34349 1 1131
34365 3 456
34371 1 1014
34372 1 3359
34388 4 422
34392 1 3063
34393 1 1308
34397 1 1067
34399 2 738
34400 1 1529
34403 1 358
34406 2 145
34433 1 451
34440 6 2290
34446 5 998
34462 5 1693
34477 2 1168
34494 1 1658
34514 1 2438
34515 7 1018
34516 7 459
34517 7 764
34518 8 777
34519 1 369
34520 2 2339
34528 1 3693
34536 1 1429
34553 3 1919
34554 2 1390
34555 3 1364
34556 3 2148
34561 4 870
34574 1 2252
34575 21 2031
34629 32 1322
34632 3 808
34637 1 550
34645 1 1526
34672 4 942
34681 1 57
34682 3 1585
34686 5 354
34690 1 914
34705 1 773
34706 1 1801
34707 1 1676
34708 1 1716
34723 5 966
34745 3 3957
34752 1 1744
34780 2 1028
34807 4 582
34811 7 612
34812 4 498
34860 2 3758
34879 4 1178
34923 1 2774
34938 1 5944
34963 2 754
34987 1 1168
34994 3 665
35047 1 1718
35063 1 627
35074 1 656
35076 1 523
35077 7 753
35144 1 491
35145 3 827
35151 7 4287
35171 1 216
35176 1 743
35337 1 1479
35340 1 4545
35344 2 1355
35368 1 2496
35375 1 677
35376 1 738
35377 1 634
35395 2 1776
35396 1 1669
35427 4 12574
35428 4 12657
35436 1 923
35462 2 801
35472 1 1008
35492 1 368
35495 1 242
35498 1 268
35499 1 397
35514 1 491
35518 1 750
35523 5 203
35525 2 353
35556 20 653
35645 1 3206
35690 1 1115
35708 1 358
35724 1 2406
35757 1 1109
35759 2 2988
35760 1 5014
35768 4 1871
35826 3 838
35858 1 1063
35870 5 750
35887 6 4260
35921 4 196
35928 5 967
35968 1 995
35978 2 92
36026 1 309
36041 1 795
36056 2 426
36081 2 2438
36084 1 1618
36107 2 846
36109 2 12698
36131 4 1273
36182 1 456
36183 1 267
36194 1 654
36201 3 622
36216 1 962
36224 2 979
36249 3 2162
36254 1 2032
36269 7 457
36270 7 1047
36271 7 587
36272 1 328
36291 2 4374
36292 2 3895
36293 2 3644
36294 2 3160
36306 2 2219
36310 1 1301
36355 1 64
36389 2 6107
36390 2 6107
36391 2 7515
36394 6 5251
36395 6 5251
36396 6 5251
36397 11 8678
36398 11 8678
36403 4 2989
36404 4 2989
36405 4 2989
36411 1 950
36414 2 3031
36415 8 4207
36416 2 1685
36417 2 2136
36441 1 1911
36449 19 404
36497 1 1543
36498 35 8241
36559 3 2030
36560 3 359
36561 4 389
36562 3 312
36590 2 5680
36599 1 542
36600 1 1304
36621 2 857
36645 1 405
36664 1 1214
36674 1 889
36680 1 1651
36681 5 2010
36682 1 2478
36684 1 1952
36687 1 601
36689 2 1112
36724 1 2272
36728 4 1234
36732 4 18263
36733 1 685
36734 1 782
36736 1 851
36742 1 1373
36759 1 468
36774 15 1326
36798 1 823
36801 1 2127
36803 11 387
36825 1 894
36832 1 4358
36853 19 322
36854 1 622
36860 10 879
36861 2 409
36863 2 3262
36873 2 4539
36893 1 726
36913 2 3173
36916 1 2783
36919 2 718
36945 15 21910
36953 4 562
36959 2 662
37000 2 1244
37072 1 2165
37097 1 3262
37098 1 3089
37099 1 2940
37111 1 873
37127 3 1188
37131 2 369
37171 1 1206
37172 1 2396
37198 5 379
37223 5 1759
37224 1 1689
37235 1 1413
37271 1 2000
37284 1 2087
37306 12 910
37307 1 1003
37317 2 86
37331 1 551
37365 3 871
37368 6 1160
37385 1 1327
37396 8 431
37397 2 934
37400 2 1054
37401 1 1431
37418 2 1786
37422 31 917
37423 3 13622
37427 1 7481
37514 1 866
37531 1 355
37532 13 949
37543 2 574
37547 1 1110
37551 1 867
37567 2 2983
37572 1 262
37575 1 288
37582 1 386
37584 1 1233
37585 1 894
37604 2 1897
37614 2 4640
37615 2 2824
37616 2 8646
37649 8 1913
37656 17 1075
37661 1 5314
37676 1 747
37677 7 486
37678 7 1076
37679 7 582
37687 4 753
37696 1 1183
37698 1 5406
37712 87 8990
37713 2 1369
37714 5 2598
37715 2 1489
37718 12 938
37730 1 867
37733 1 1162
37734 2 3488
37735 2 1882
37736 2 1948
37833 1 916
37849 3 982
37854 1 566
37885 9 814
37912 27 1515
37948 3 900
37950 1 1675
37951 1 902
37952 1 1675
37953 1 901
37954 1 902
37962 1 2971
37964 33 2710
37980 2 1046
37981 2 1271
37982 2 1163
37983 2 1190
37998 1 1440
38014 1 1335
38018 14 902
38022 1 807
38025 1 2248
38027 3 1907
38035 1 1861
38105 1 1881
38151 1 2229
38155 1 709
38171 1 1510
38196 2 642
38197 2 998
38198 4 1062
38209 1 807
38223 1 12647
38240 1 1492
38277 1 371
38279 18 2423
38286 2 546
38296 7 2027
38314 7 457
38320 4 422
38324 1 672
38339 3 1676
38367 6 2157
38376 2 1294
38387 5 339
38402 1 678
38403 1 1800
38404 1 1515
38405 1 2475
38406 1 1770
38407 1 1761
38408 1 2338
38409 2 1711
38412 1 2954
38415 1 871
38430 13 414
38445 9 2338
38448 3 6071
38449 3 1891
38452 14 1545
38455 1 470
38481 12 2169
38482 2 1834
38485 4 606
38508 2 2464
38520 1 1239
38524 2 387
38535 7 373
38561 4 1357
38566 2 325
38571 1 823
38577 4 795
38578 10 870
38579 2 786
38580 3 458
38620 1 1203
38635 1 1518
38636 1 869
38656 1 1164
38668 8 449
38702 3 337
38707 1 415
38712 14 9962
38714 1 2044
38725 1 2848
38741 3 543
38754 8 655
38758 1 1048
38765 1 616
38770 1 933
38774 1 855
38786 1 2614
38794 4 2594
38813 2 1103
38832 1 474
38889 1 779
38900 1 299
38928 3 2507
38941 1 931
38946 1 1288
38953 3 2359
38954 3 2720
38955 1 480
38970 9 774
38979 2 1182
39058 4 334
39066 1 632
39092 22 2067
39093 3 555
39094 1 270
39097 1 1486
39101 1 562
39125 2 184
39127 1 1657
39128 1 1085
39148 2 4610
39149 1 2101
39151 4 1763
39182 4 3168
39183 4 4477
39193 1 3626
39211 1 824
39241 8 7079
39243 1 1097
39247 2 836
39265 2 3702
39273 5 1081
39278 1 5705
39279 1 5440
39280 23 2767
39285 1 3325
39292 4 4867
39293 2 768
39301 18 12335
39308 2 523
39312 3 1335
39313 19 2054
39314 7 1784
39329 2 32477
39341 10 9083
39405 1 565
39418 1 591
39442 1 585
39465 2 984
39467 4 976
39468 25 881
39475 2 1192
39488 4 1377
39497 2 5496
39507 2 572
39536 1 1463
39539 1 1033
39599 1 926
39615 6 1113
39655 2 1225
39658 7 766
39671 1 228
39689 12 475
39716 1 683
39719 1 1016
39768 1 1331
39769 1 323
39800 2 1463
39917 1 932
39923 1 964
39924 1 1284
39928 1 596
39956 1 337
39957 1 372
39967 4 878
39970 1 1979
39972 1 276
39979 1 1295
39980 1 1431
39981 1 637
39992 2 585
39998 2 1097
40000 1 398
40005 1 707
40007 2 1943
40018 1 544
40024 3 2366
40031 1 173
40044 2 1776
40093 4 4751
40105 1 158
40106 1 1533
40127 1 877
40130 1 272
40139 3 845
40185 5 802
40186 19 958
40189 1 778
40219 2 983
40236 1 793
40292 1 1359
40303 14 1983
40311 1 410
40351 1 1650
40374 3 648
40377 1 908
40397 3 1801
40417 1 1051
40430 2 1721
40431 1 1342
40438 1 4462
40446 1 1492
40451 1 1598
40481 1 1509
40507 1 1527
40526 1 937
40538 1 14088
40550 3 3684
40553 1 577
40596 1 337
40648 1 7183
40668 79 3116
40680 2 76
40706 10 377
40727 3 556
40734 1 974
40741 1 608
40742 1 1167
40743 1 1173
40744 1 1283
40747 1 5237
40757 5 1772
40779 2 395
40791 2 722
40810 2 741
40820 12 4100
40825 1 1760
40826 1 1717
40840 1 721
40841 2 2352
40845 1 592
40899 1 5270
40900 1 3388
40907 1 588
40910 1 602
40926 9 4236
40945 1 716
40947 1 421
40959 1 5445
40987 2 356
41039 1 470
41057 19 3871
41075 3 2253
41098 2 1211
41158 1 110
41165 1 1234
41182 2 2196
41191 2 2001
41206 14 974
41208 9 931
41220 1 891
41234 28 1570
41260 1 54
41261 1 52
41262 1 54
41263 2 2085
41288 1 572
41306 1 2294
41362 1 1073
41385 1 312
41429 1 824
41439 1 2390
41449 20 820
41452 1 683
41454 6 612
41457 1 705
41521 9 689
41532 1 4045
41541 2 1241
41619 1 149
41677 1 2045
41678 1 1464
41680 1 604
41713 1 1310
41716 1 873
41717 1 596
41718 1 779
41738 2 1731
41795 1 67
41796 1 1342
41802 1 2461
41811 1 376
41812 4 375
41820 1 1137
41843 3 778
41844 3 1013
41864 1 1341
41905 1 1777
41937 2 347
41947 1 2133
41972 2 674
41981 1 154
42019 3 6660
42051 5 2366
42060 6 1283
42075 1 1237
42114 1 5169
42120 4 626
42138 13 846
42148 1 3966
42149 1 9906
42150 1 2706
42155 4 2406
42173 1 1570
42204 1 89
42230 2 943
42234 1 2137
42239 3 1971
42249 2 95
42251 1 908
42283 3 2025
42287 2 435
42291 1 131
42307 1 570
42343 1 644
42344 5 3974
42354 3 1506
42362 1 10503
42365 1 825
42366 2 579
42375 5 2118
42394 1 473
42415 3 893
42418 1 914
42471 4 329
42505 1 1014
42508 2 162
42524 1 1615
42532 1 892
42542 2 862
42555 3 2440
42562 4 1134
42563 7 471
42564 7 880
42565 7 1069
42566 1 214
42580 2 8665
42581 2 2953
42582 2 1649
42600 5 2138
42649 1 62
42654 3 923
42655 4 1535
42664 3 1406
42679 2 6107
42680 2 6107
42681 1 2570
42752 1 1192
42767 1 8035
42769 2 8334
42836 1 59
42849 1 792
42855 5 3481
42876 1 547
42884 3 1169
42892 1 2540
42951 1 1525
42968 13 2559
42969 3 2363
42989 22 1055
42999 1 589
43052 1 306
43054 1 54
43078 1 249
43099 2 850
43109 6 2284
43160 1 1940
43218 1 197
43257 1 1460
43272 1 496
43313 9 2168
43316 13 1838
43338 13 578
43339 2 595
43340 4 371
43428 4 1779
43442 1 2510
43446 3 8554
43474 2 2661
43476 75 2726
43477 2 22611
43478 1 557
43479 1 857
43480 1 672
43496 2 2079
43497 2 1986
43501 2 322
43511 1 879
43531 9 1419
43546 5 1261
43565 1 368
43593 7 571
43598 2 440
43605 2 1286
43611 26 1321
43656 1 4176
43675 1 685
43678 3 956
43717 2 976
43718 2 1052
43719 2 1105
43720 2 1093
43721 2 1135
43722 2 942
43730 1 1965
43736 14 2026
43743 1 1070
43747 7 7125
43777 1 3197
43782 1 418
43807 2 618
43808 1 1297
43817 3 739
43822 1 1023
43836 1 2949
43839 1 1259
43859 2 266
43862 3 1314
43905 8 1196
43921 1 9448
43970 7 808
43999 1 5400
44029 2 375
44041 4 1326
44042 2 98
44067 2 468
44068 2 420
44075 1 1304
44094 3 738
44131 1 580
44132 2 943
44145 1 1893
44163 7 1618
44187 27 1048
44235 1 574
44337 1 528
44353 1 415
44372 1 5509
44380 4 1907
44385 2 179
44394 1 2869
44424 2 1183
44430 1 967
44432 1 762
44458 5 718
44459 8 681
44460 7 709
44469 1 1847
44494 1 3303
44608 1 47
44735 1 3497
44747 1 1189
44768 1 2523
44805 1 1254
44820 2 211
44835 2 506
44841 2 416
44873 2 3136
44874 2 3594
44875 2 2970
44877 2 2904
44878 2 2602
44879 2 3172
44880 2 2983
44910 2 715
44916 12 964
44917 2 257
44918 1 2627
44925 10 3438
44928 3 1161
44954 1 8549
44955 1 7733
44957 2 10010
44966 1 1130
44969 1 1060
44971 2 278
44972 1 1148
45074 2 969
45084 2 6555
45100 3 403
45154 2 888
45170 9 1514
45176 1 1533
45187 1 658
45243 2 661
45260 1 899
45264 1 1437
45273 7 2683
45274 2 458
45276 4 873
45278 2 992
45320 8 1520
45374 1 54
45375 1 54
45418 1 453
45454 30 1087
45459 2 587
45505 1 701
45610 1 1452
45627 2 711
45676 2 11251
45702 25 615
45703 3 1124
45704 1 1557
45707 40 3610
45709 1 1143
45808 2 1186
45812 1 376
45813 1 909
45818 1 309
45826 2 8235
45852 1 462
45858 10 2087
45859 1 21421
45860 1 972
45861 1 693
45863 1 805
45875 1 1388
45880 2 2642
45884 1 1710
45902 1 1168
45914 2 775
45935 4 4684
45938 51 1759
45962 6 935
45963 5 888
45971 2 1186
45976 26 1351
45977 2 272
46017 1 725
46075 1 1119
46136 5 984
46137 1 228
46168 1 2539
46174 1 2910
46175 1 1321
46176 1 1459
46219 2 50
46233 2 49
46277 6 4798
46285 2 713
46286 2 1012
46289 1 4086
46319 1 2904
46331 2 4197
46337 3 989
46357 2 1238
46388 59 81863
46440 1 734
46442 2 351
46444 6 187
46459 1 1450
46467 5 1655
46470 15 862
46485 2 528
46497 4 590
46498 4 642
46502 5 1023
46519 2 5448
46553 5 1252
46554 3 1226
46555 2 980
46609 1 2149
46611 1 2127
46612 1 2153
46615 1 3442
46633 2 1565
46635 1 414
46638 1 1102
46639 1 4091
46642 2 135
46647 1 1861
46655 1 779
46666 1 457
46672 1 241
46694 1 3602
46697 4 1569
46726 4 1514
46744 3 1837
46751 7 878
46769 2 2579
46771 4 1801
46774 2 2182
46781 1 3752
46782 8 1711
46789 1 715
46811 3 2035
46812 5 3767
46813 3 1367
46814 5 2350
46822 1 746
46826 4 943
46830 1 501
46837 2 2432
46910 3 1422
46913 1 1961
46920 1 1431
46932 2 957
46940 11 1893
46946 5 461
46950 1 2171
46954 6 5186
46961 3 1408
46962 1 1676
46963 1 1830
46964 1 1676
46996 1 318
47031 4 587
47072 3 449
47073 1 300
47075 2 1834
47087 2 880
47126 13 692
47128 33 1444
47133 1 1102
47199 34 3686
47231 2 2125
47245 8 6757
47253 1 965
47261 3 657
47297 2 839
47335 1 1356
47366 1 936
47387 1 279
47393 4 661
47394 1 1036
47437 1 1517
47439 3 690
47445 2 2962
47482 2 1551
47491 3 2517
47497 2 2515
47498 1 3543
47531 1 491
47559 7 11224
47561 18 3141
47651 6 3064
47667 2 752
47674 1 654
47756 1 3021
47757 3 1609
47779 3 764
47786 1 862
47794 1 2859
47804 4 739
47827 1 54
47828 1 54
47840 1 1481
47848 1 2980
47860 1 155
47864 1 852
47929 4 716
47930 11 615
47979 2 4184
47980 1 1153
48023 1 350
48078 9 11919
48086 1 1062
48095 1 490
48098 1 1123
48105 1 56
48131 1 637
48154 16 2396
48179 1 1000
48180 1 25164
48181 2 1551
48231 2 387
48234 4 7467
48235 1 585
48262 1 1040
48265 7 895
48269 1 11120
48276 2 1396
48277 1 1700
48306 9 394
48315 1 2681
48317 3 850
48324 1 520
48325 1 433
48327 1 509
48347 7 783
48348 4 980
48349 1 791
48350 1 743
48377 3 560
48384 2 448
48385 7 1169
48426 2 1005
48445 1 590
48459 4 337
48467 1 2133
48471 2 2563
48475 1 4416
48512 1 1124
48522 7 645
48543 3 1485
48595 2 1795
48597 1 514
48608 1 3133
48609 1 3196
48632 1 3473
48637 1 1584
48643 1 685
48669 22 1039
48673 8 6093
48675 1 2669
48676 1 1096
48685 6 193
48686 5 275
48687 5 299
48726 2 410
48763 7 668
48774 1 1091
48783 1 1440
48822 4 1408
48855 1 1420
48873 2 418
48878 1 357
48905 2 1954
48906 2 1435
48909 1 1859
48934 1 1502
48935 13 1249
48936 3 1159
48960 4 2073
48985 2 1249
48989 4 1067
48993 2 1384
49008 4 1016
49023 1 1908
49037 1 3222
49061 2 1867
49062 1 1778
49099 1 806
49103 1 1168
49112 1 1134
49175 4 9938
49176 2 11069
49226 3 670
49242 1 1558
49255 2 1301
49256 20 1312
49257 13 1855
49258 13 1049
49259 13 953
49260 13 1319
49261 13 1071
49300 2 575
49319 1 532
49340 1 2095
49341 2 2395
49342 1 921
49343 1 1496
49344 2 2202
49345 2 2775
49346 2 1190
49347 2 1309
49348 2 2857
49349 2 2177
49350 2 2540
49351 1 1081
49356 1 1233
49366 1 5125
49372 1 893
49385 1 1108
49390 10 2010
49391 1 2970
49392 8 4953
49414 1 609
49423 8 1014
49429 2 710
49483 2 4047
49500 1 54
49501 1 54
49510 3 2250
49549 3 1332
49552 1 1919
49563 4 427
49567 2 929
49649 1 949
49680 10 5727
49702 1 351
49705 1 1264
49713 1 735
49717 1 233
49723 11 274
49730 4 623
49776 5 9407
49801 4 763
49807 1 338
49844 1 6972
49868 7 730
49869 6 1403
49870 5 1382
49871 5 763
49872 7 577
49873 7 452
49874 7 919
49875 7 816
49876 7 1037
49877 7 780
49878 7 1027
49879 9 1402
49880 7 865
49881 7 827
49882 7 675
49889 1 876
49919 1 2203
49920 1 1231
49921 1 1842
49931 2 2794
49935 5 757
49936 1 64
49962 1 412
49965 1 2813
49966 1 2862
49971 2 2684
49988 2 2850
49989 3 1751
49990 3 3509
49991 12 1914
50016 1 11583
50033 1 924
50043 2 1102
50060 1 2052
50120 13 1661
50163 7 4995
50200 5 1454
50201 4 1131
50202 4 1056
50203 5 980
50204 1 2083
50214 1 1560
50227 9 1700
50236 28 1937
50250 1 395
50268 1 945
50276 1 230
50331 1 1304
50333 2 354
50341 1 968
50344 1 2334
50355 1 3677
50377 1 2084
50394 2 644
50428 1 1275
50430 14 2601
50448 1 1330
50455 1 350
50483 1 1973
50492 1 3702
50536 1 884
50539 15 725
50541 4 2524
50565 1 600
50569 2 796
50587 1 1902
50598 1 5177
50608 1 1255
50609 2 503
50613 1 2424
50645 17 939
50646 20 1577
50712 10 407
50722 21 3030
50724 2 2101
50726 2 2071
50733 1 1460
50734 36 2167
50735 1 2198
50740 1 1885
50812 3 1028
50825 1 592
50854 2 3003
50881 1 4909
50885 6 615
50891 1 243
50918 1 2316
50919 1 1560
50920 3 1937
50921 4 3926
50922 1 2085
50923 1 2197
50924 1 1807
50925 2 2062
50926 1 1001
51001 1 1402
51003 1 239
51004 1 239
51043 1 1273
51052 2 871
51063 1 507
51084 1 63
51088 1 2484
51092 5 3069
51100 1 2250
51141 5 1862
51150 2 2908
51151 2 2830
51180 6 476
51193 1 1845
51194 2 2656
51219 2 647
51236 1 1936
51256 3 1068
51290 10 6381
51338 2 759
51379 1 110
51386 1 2055
51397 6 795
51404 2 2165
51476 1 2010
51492 2 420
51517 17 640
51518 1 411
51557 4 319
51565 7 1885
51571 2 1053
51602 2 951
51606 17 947
51631 1 120
51688 2 4314
51699 11 1261
51701 1 443
51702 1 686
51703 1 961
51729 1 529
51756 1 978
51766 1 353
51767 1 1320
51771 2 2283
51791 2 1688
51796 1 1282
51801 3 912
51805 3 952
51816 2 4853
51859 1 1363
51870 1 437
51917 1 671
51921 1 820
51951 1 646
51955 2 1040
51979 9 6703
51991 1 4229
51997 1 1007
52004 3 937
52005 3 756
52022 4 447
52024 4 219
52028 1 5224
52031 6 846
52076 1 874
52082 1 452
52146 3 10691
52149 1 1612
52167 8 2979
52169 2 1437
52171 1 1538
52178 2 94
52181 1 235
52184 1 4601
52199 3 2113
52206 5 645
52227 2 801
52246 2 358
52320 1 2961
52339 2 1963
52344 5 1153
52349 1 930
52356 1 1329
52360 1 1402
52365 1 693
52366 1 1215
52375 1 1385
52382 2 1562
52386 1 3359
52401 3 218
52406 3 4365
52415 4 2114
52443 8 995
52449 1 3942
52451 1 213
52459 7 704
52465 1 543
52466 1 3696
52472 1 1216
52473 1 1195
52475 3 1358
52484 2 5765
52485 2 1304
52486 24 2426
52487 2 1464
52489 1 868
52490 2 1314
52500 2 3237
52558 1 724
52559 1 2209
52560 1 2179
52561 4 52057
52565 2 885
52591 6 333
52599 1 4808
52676 1 649
52690 1 1737
52691 1 1724
52718 2 2980
52719 2 2978
52721 2 2968
52722 2 2934
52789 1 1324
52813 22 911
52897 4 1089
52946 20 1982
52966 1 462
52967 1 319
52977 12 1736
52979 1 540
52980 1 791
52984 1 589
52990 1 638
52992 1 333
52995 1 283
53023 1 6088
53024 1 726
53067 1 233
53068 1 266
53070 1 592
53097 2 642
53105 25 1782
53110 2 1619
53121 1 2359
53136 20 5288
53158 18 9225
53169 7 1818
53237 1 763
53241 17 4057
53242 3 4792
53252 2 743
53265 1 1603
53335 1 2146
53359 1 2051
53430 2 48057
53442 2 8599
53452 4 1057
53460 2 100
53476 1 375
53517 5 1671
53536 4 1026
53546 2 2364
53610 2 528
53638 1 969
53703 1 951
53709 4 7571
53756 1 1177
53763 5 423
53764 7 660
53765 7 321
53776 2 2483
53777 2 3202
53778 2 4519
53839 1 1223
53862 1 1177
53897 2 1195
53898 2 1192
53899 2 1192
53900 2 1192
53908 2 1337
53909 3 2366
53910 2 1481
53918 1 1250
53925 2 1795
53926 2 2454
54090 6 1782
54091 1 572
54117 2 39
54121 30 1116
54157 1 5381
54171 1 1740
54186 1 4524
54187 1 4739
54196 1 1353
54209 1 1340
54233 1 519
54249 13 1272
54290 1 785
54297 3 387
54349 4 12411
54350 1 8318
54355 14 10248
54359 1 221
54363 1 547
54365 1 567
54375 4 5885
54386 1 606
54400 1 1530
54441 4 4709
54445 1 950
54456 1 1473
54458 2 1022
54465 1 423
54469 9 1075
54470 3 2185
54489 18 878
54501 1 622
54543 12 1020
54553 1 2793
54557 1 1040
54559 1 2260
54560 1 940
54577 1 727
54580 3 654
54582 4 375
54592 2 1227
54593 3 892
54601 1 413
54610 1 475
54616 1 1314
54619 2 10647
54620 2 433
54625 1 277
54629 1 894
54633 12 910
54634 1 126
54663 2 177
54674 1 1298
54805 2 61
54893 27 3377
54896 1 1448
54942 2 567
54943 2 259
54949 3 1656
54985 1 1289
54998 1 1411
55000 1 174
55001 2 193
55019 1 518
55063 18 17333
55064 1 1985
55069 4 2948
55070 2 2984
55071 2 3179
55078 1 1284
55118 5 4304
55122 5 4413
55139 1 237
55316 2 951
55317 3 1034
55412 1 574
55413 1 691
55418 1 884
55434 9 1232
55441 1 718
55443 1 1365
55485 1 1849
55511 1 154
55515 1 1874
55533 2 939
55534 2 599
55539 1 288
55544 9 2066
55545 2 3187
55561 1 1229
55567 15 952
55568 7 946
55573 14 1012
55614 1 5399
55628 1 2339
55644 1 54
55645 1 54
55647 1 478
55676 16 2434
55698 1 730
55719 1 392
55753 18 4189
55755 1 562
55759 2 800
55886 1 5463
55904 4 1384
55905 1 266
55924 3 807
55925 2 701
55928 5 1167
55936 9 707
55937 5 791
56029 1 4442
56032 2 668
56043 1 691
56049 1 1502
56170 2 481
56175 1 8425
56186 1 1104
56187 14 1455
56189 1 1843
56193 2 1208
56212 2 4266
56223 1 5116
56226 1 829
56231 2 1953
56233 1 382
56265 2 1324
56282 2 1567
56283 2 1928
56398 2 403
56407 1 977
56416 3 803
56434 1 1631
56438 20 864
56439 27 705
56443 1 618
56476 1 1966
56488 2 872
56493 1 1223
56494 2 1522
56515 1 57
56523 1 856
56569 2 660
56597 1 958
56618 23 1564
56635 1 1373
56715 1 1225
56793 1 1177
56823 3 359
56832 2 1352
56849 3 1501
56861 1 1250
56866 1 1626
56872 3 1066
56895 1 3189
56899 1 4490
56922 2 1234
56926 2 688
56933 2 680
56951 1 592
56961 1 7535
56974 1 944
56977 4 660
56980 1 306
56983 5 230
56988 4 606
57001 1 7758
57013 2 199
57024 3 5130
57078 1 44
57163 1 776
57164 1 2492
57228 2 1834
57238 1 2018
57241 1 1386
57254 3 1206
57275 1 439
57308 17 1002
57338 1 400
57370 1 593
57371 3 1247
57372 1 2559
57381 2 2992
57382 2 3136
57385 2 2878
57387 2 2964
57388 2 3103
57397 3 927
57419 1 757
57432 2 948
57436 3 3484
57445 1 944
57448 1 1818
57449 1 3288
57450 1 3346
57451 1 3058
57466 3 1951
57491 1 1106
57514 1 1041
57524 1 262
57530 9 2185
57643 1 8017
57725 3 1668
57744 1 2807
57748 9 1258
57755 2 685
57762 1 445
57767 1 1708
57769 8 3472
57794 7 859
57795 5 762
57796 7 423
57797 7 730
57798 7 409
57801 3 2633
57817 2 4120
57818 2 3557
57819 2 2006
57820 2 3637
57821 2 4929
57843 1 1480
57846 1 2065
57901 1 1975
57907 1 62
57926 1 777
57945 1 2600
57962 2 2722
57963 2 1707
57964 3 1922
57965 7 3015
57989 2 3603
57990 1 1694
57992 1 1010
57998 1 863
58017 1 188
58032 1 185
58047 5 204
58201 4 1355
58202 9 1151
58215 1 1221
58229 1 767
58231 40 4145
58234 1 651
58247 1 19391
58315 9 2480
58364 1 331
58406 3 412
58482 5 659
58488 1 634
58506 1 623
58508 9 1384
58541 2 642
58711 2 1429
58735 12 492
58772 8 4810
58773 4 1702
58797 7 268
58839 2 2933
58843 2 2916
58846 2 2959
58853 1 2423
58924 1 550
59164 28 1218
59171 2 1633
59211 1 3035
59216 1 451
59229 1 707
59240 2 934
59246 4 1035
59250 3 752
59251 9 6070
59262 1 1268
59263 2 5357
59286 1 54
59303 1 386
59304 1 1871
59305 1 1145
59306 1 655
59374 3 308
59402 1 4509
59414 10 1099
59415 5 902
59416 14 2234
59418 2 9567
59425 3 969
59430 1 3685
59436 1 608
59453 4 5553
59454 4 2821
59455 4 2220
59462 9 1879
59466 4 4209
59467 4 4546
59468 4 4334
59469 6 4789
59470 4 3154
59471 4 4583
59472 4 2189
59473 4 4291
59474 4 3565
59475 4 5201
59476 4 2145
59479 2 2405
59517 5 1125
59524 3 1325
59574 7 1852
59575 2 864
59576 2 679
59582 4 1698
59583 2 2857
59584 1 2273
59585 2 1481
59590 1 1196
59612 5 826
59615 8 852
59618 2 1895
59619 2 3498
59620 2 2013
59621 2 2882
59625 7 914
59627 1 4734
59629 1 2062
59630 1 5288
59648 1 938
59660 1 2783
59661 1 2342
59662 3 14951
59678 2 1480
59679 4 2650
59680 2 2653
59681 3 3350
59698 1 2181
59704 8 922
59712 3 4670
59772 3 792
59774 1 1649
59807 1 546
59812 5 1458
59813 5 1702
59814 7 980
59815 12 947
59816 16 862
59843 108 6525
59860 3 999
59882 1 806
59894 1 735
59902 1 1247
59926 1 3221
60003 1 422
60022 1 1635
60042 1 969
60050 19 1274
60082 1 1247
60104 10 734
60118 1 1897
60133 1 1287
60134 1 1270
60176 1 1953
60179 1 867
60206 1 234
60231 5 714
60232 1 729
60233 1 652
60275 2 3073
60277 2 2988
60285 3 1744
60288 5 1474
60310 1 1266
60311 2 2325
60312 4 2041
60313 2 2019
60315 5 3263
60316 2 3178
60317 1 1935
60318 4 3852
60319 3 4138
60338 3 2635
60351 5 2113
60365 1 754
60366 1 3154
60388 1 978
60418 1 1082
60439 11 897
60440 3 1116
60486 1 1521
60500 1 369
60501 1 224
60506 1 4289
60508 1 699
60509 1 4010
60528 5 1837
60562 11 2105
60588 1 3135
60597 6 571
60599 10 3625
60629 2 3596
60666 1 1088
60673 1 16517
60714 3 921
60737 2 3128
60738 2 3062
60739 2 3026
60777 3 3095
60778 3 3600
60821 1 657
60822 1 5864
60829 7 3490
60920 1 556
60953 2 2570
60954 1 1837
60955 7 1899
60956 28 2287
60957 2 3093
60960 1 703
60997 4 3263
60998 5 2178
61017 11 2099
61030 1 54
61031 1 52
61032 1 54
61048 4 1704
61059 1 4559
61098 1 1594
61117 2 2465
61164 1 386
61171 1 596
61173 1 779
61175 1 561
61176 3 884
61199 14 1761
61204 2 1714
61209 2 1298
61227 12 3378
61234 1 1412
61283 4 234
61310 1 548
61311 1 549
61312 1 1301
61316 1 738
61352 1 18809
61373 9 2281
61401 4 344
61407 1 2034
61408 1 2023
61410 1 437
61424 1 797
61450 9 1262
61465 1 1295
61507 1 1577
61527 1 2751
61554 1 958
61566 2 523
61583 1 148
61600 2 573
61601 6 819
61609 25 1119
61620 1 1896
61621 1 810
61622 1 1514
61623 1 1505
61634 6 850
61635 9 2149
61636 2 2406
61637 1 582
61651 3 3956
61660 24 1219
61675 2 662
61680 9 2168
61681 5 785
61708 4 265
61736 1 3608
61765 3 2458
61789 17 1209
61796 8 12819
61804 7 677
61805 5 1227
61806 5 592
61807 7 926
61808 7 799
61809 7 416
61810 7 890
61811 7 724
61812 7 476
61813 7 560
61814 7 927
61820 4 5698
61821 4 3538
61822 6 5496
61823 4 3825
61824 4 4512
61825 4 2161
61826 9 3738
61827 4 4204
61828 4 2374
61829 4 3211
61830 4 2081
61831 4 1756
61832 4 2493
61833 4 7073
61834 4 2191
61837 1 1035
61860 2 7381
61863 1 887
61864 3 1251
61876 1 2252
61894 4 3336
61895 17 1396
61897 2 2680
61898 9 2787
61901 1 684
61936 1 129
61944 1 875
61949 1 1699
62005 1 2659
62014 1 6015
62034 12 3365
62035 1 57
62036 1 689
62052 2 2861
62058 4 842
62060 1 1090
62082 1 1641
62085 1 734
62086 1 1048
62111 1 6309
62114 1 939
62116 10 949
62182 2 943
62202 1 891
62220 1 888
62223 1 576
62233 1 487
62262 2 838
62357 1 822
62389 4 1286
62441 1 429
62487 2 462
62488 2 386
62491 2 4559
62494 10 1040
62503 1 888
62512 33 1898
62513 1 2915
62539 2 452
62542 4 619
62555 1 515
62560 2 1029
62592 1 1475
62596 1 2402
62629 2 815
62656 1 269
62661 1 564
62685 2 1321
62686 2 996
62697 1 1926
62704 3 527
62705 1 79
62706 1 453
62725 4 3245
62731 3 2944
62755 18 1796
62789 1 3394
62832 2 1084
62848 2 1515
62854 1 325
62868 2 1757
62873 1 503
62896 1 361
62902 1 2612
62914 1 2398
62987 1 1559
62994 3 924
63000 4 657
63058 31 1372
63059 23 1717
63060 10 1082
63061 32 5120
63062 13 1067
63063 10 1595
63064 10 1202
63065 10 1209
63069 2 2009
63145 1 490
63146 2 1124
63150 1 384
63157 2 3445
63158 1 912
63159 1 1363
63160 1 1813
63161 2 1664
63162 2 1516
63163 2 2048
63164 2 2016
63165 2 2124
63166 2 2579
63167 2 3539
63168 2 2328
63169 2 1823
63192 1 625
63193 2 686
63194 5 559
63203 5 3831
63211 1 1886
63212 1 2663
63218 3 1308
63245 6 991
63263 5 3119
63268 4 944
63274 2 1002
63289 1 3069
63395 1 1032
63461 1 659
63495 1 1230
63500 1 1795
63527 1 475
63529 6 1062
63555 2 7057
63576 4 1249
63581 1 473
63596 3 1377
63610 13 1864
63611 1 507
63648 1 7209
63662 2 270
63705 1 319
63737 3 2198
63740 1 1761
63759 1 1024
63766 2 483
63776 1 593
63777 1 2978
63778 6 2846
63779 2 2453
63787 3 1499
63789 11 564
63827 1 1179
63829 1 956
63830 1 939
63831 1 923
63838 1 3268
63883 1 1768
63884 2 3456
63887 1 1253
63894 1 592
63904 1 455
63907 1 882
63930 6 1373
63936 1 584
63938 1 2930
63941 2 1650
63947 1 1160
63954 6 741
63955 1 1233
63956 7 958
63957 9 1067
63961 4 1470
63969 2 2173
63970 2 4043
63987 13 1321
64010 6 2508
64023 1 1042
64052 1 2458
64053 1 2458
64063 1 1177
64064 1 1174
64065 1 1174
64070 13 1259
64072 12 1416
64077 1 1341
64078 1 1341
64079 1 1341
64081 3 1183
64093 2 1998
64094 2 3694
64115 3 206
64188 1 187
64198 3 480
64302 7 2600
64331 17 3013
64350 2 20899
64394 3 846
64429 1 858
64453 8 10145
64527 1 314
64529 2 3125
64560 4 595
64610 1 1012
64627 1 380
64647 1 7320
64658 1 3929
64683 1 684
64904 1 539
64909 1 499
64941 1 283
64962 2 919
64965 4 294
64992 1 1017
64995 1 1355
65006 2 3064
65007 2 3159
65008 2 3012
65010 2 2912
65057 14 1925
65080 1 1255
65108 1 1542
65111 1 1059
65112 8 345
65271 1 2676
65389 1 809
65398 36 1016
65403 2 1211
65407 1 803
65419 4 479
65438 1 1287
65447 1 1309
65470 1 570
65529 1 670
65531 47 1854
65578 1 451
65602 1 342
65629 1 470
65665 4 496
65685 1 1579
65686 2 1470
65697 1 649
65698 1 871
65710 1 1365
65711 20 1186
65771 1 799
65778 1 3404
65872 3 5814
65874 6 930
65884 2 2980
65999 2 7992
66000 5 476
66019 1 1342
66043 3 997
66083 8 610
66092 2 4332
66093 4 1350
66112 1 742
66118 9 6182
66136 2 673
66157 1 697
66169 9 617
66229 5 664
66242 2 1963
66254 2 850
66264 1 54
66265 1 54
66266 1 55
66271 1 666
66285 3 496
66341 4 1025
66343 11 558
66380 6 9761
66391 1 1172
66393 1 373
66399 1 697
66415 2 6038
66423 1 598
66461 5 691
66462 1 904
66471 1 3798
66477 1 601
66480 1 981
66484 1 789
66510 1 38
66529 1 1423
66531 11 1226
66533 2 1245
66546 17 509
66557 1 415
66565 1 1348
66570 11 2510
66589 3 3260
66608 18 419
66619 9 2672
66630 1 353
66633 1 799
66638 4 1055
66711 1 1344
66769 2 1150
66833 1 1190
66837 4 1559
66844 5 1550
66849 1 340
66870 3 2566
66874 1 2969
66881 1 1029
66888 2 789
66897 1 2315
66922 4 1292
67001 2 1320
67006 2 1019
67020 1 1334
67021 5 6450
67029 1 2546
67043 2 858
67044 2 797
67045 2 805
67046 2 871
67047 1 2295
67057 4 494
67063 10 817
67073 5 693
67074 1 9837
67084 9 1137
67108 1 742
67117 2 495
67118 3 911
67125 1 1963
67135 2 653
67137 1 291
67194 14 1602
67223 4 1469
67257 1 1710
67294 1 1338
67295 3 426
67320 1 631
67321 1 2010
67322 1 2602
67323 1 1622
67324 1 2007
67325 1 2060
67326 4 2402
67327 2 1861
67328 2 1541
67329 1 2207
67330 1 1983
67331 1 2083
67332 1 1624
67333 1 2666
67334 1 1465
67335 1 4046
67336 1 1641
67337 1 2444
67338 1 1942
67339 1 3088
67345 1 1856
67352 1 2080
67359 1 3255
67389 4 1731
67390 4 1665
67391 38 4824
67392 4 2594
67393 4 6324
67394 13 2122
67395 3 2737
67415 1 10077
67428 1 2521
67434 1 736
67435 2 836
67448 18 1443
67449 1 1320
67450 1 1510
67485 1 785
67492 1 489
67519 2 10460
67528 1 682
67535 1 973
67560 6 363
67578 1 750
67586 18 831
67592 1 640
67593 1 1623
67614 1 1941
67632 1 1696
67655 2 1887
67666 1 463
67667 1 1004
67675 4 1974
67676 1 1751
67689 1 7619
67705 1 782
67722 10 1758
67724 3 650
67772 2 1925
67777 2 2113
67790 1 3052
67797 1 1733
67835 3 1309
67840 1 966
67841 1 1637
67849 1 571
67864 1 1002
67875 3 1176
67882 1 3085
67883 1 3094
67894 1 1091
67900 1 1945
67903 1 1428
67916 1 1568
67957 1 963
67958 3 997
67959 2 669
67960 8 1066
67982 1 601
68005 1 1868
68006 2 982
68026 1 1767
68027 1 697
68030 2 857
68045 13 860
68047 1 1652
68059 1 2106
68062 1 2785
68063 1 1721
68082 4 1865
68094 6 739
68102 1 989
68116 1 4818
68120 1 7511
68121 3 129
68124 1 2400
68130 4 645
68134 1 1228
68147 1 440
68148 1 801
68197 1 625
68221 16 635
68225 1 679
68246 8 1002
68247 8 558
68260 4 1973
68282 2 1506
68296 1 468
68305 1 3491
68322 3 1708
68328 2 188
68330 2 8380
68336 35 1920
68338 1 1346
68339 1 997
68348 1 2811
68355 1 1716
68375 1 1502
68389 2 7515
68390 2 7515
68391 2 7515
68394 1 2458
68395 1 2458
68399 1 1174
68400 1 1167
68402 13 1259
68403 13 1259
68404 12 1415
68405 12 1416
68410 1 1341
68413 1 973
68414 1 973
68415 1 973
68420 2 2517
68421 2 2923
68426 2 806
68436 1 2388
68437 2 2115
68461 5 209
68637 2 534
68646 10 1168
68688 1 1133
68708 69 6905
68720 2 778
68737 1 3173
68766 4 5324
68800 1 854
68802 1 1220
68812 14 10319
68823 1 2312
68825 2 1160
68844 3 591
68859 1 989
68905 1 1846
68918 2 825
68953 1 711
68955 1 1190
68988 1 372
69021 1 861
69025 6 1341
69036 1 424
69046 1 439
69064 3 1196
69090 1 505
69098 5 734
69268 2 505
69283 3 642
69336 1 491
69392 5 416
69430 2 2889
69446 1 1634
69456 4 1329
69483 4 3191
69493 1 991
69507 1 361
69521 19 6102
69545 1 711
69710 15 5755
69824 5 1647
69831 1 909
69847 1 512
69854 1 1006
69886 1 2262
69889 2 1917
69890 1 1178
69904 1 392
69909 4 816
69920 3 2823
69922 2 469
69925 2 986
69941 12 1020
69990 1 3720
69999 5 1153
70006 1 54
70007 1 54
70008 1 54
70039 1 1573
70041 1 763
70073 5 353
70119 1 819
70207 1 10208
70211 5 1103
70222 1 950
70230 1 1801
70237 1 605
70260 8 585
70273 1 3305
70276 6 1117
70277 10 1393
70279 2 12383
70280 1 1090
70281 1 829
70282 1 3028
70283 1 440
70290 1 2102
70297 5 5416
70302 2 1840
70303 2 1436
70321 3 490
70339 1 1475
70341 1 2434
70354 1 282
70381 2 591
70395 5 1507
70411 5 773
70431 1 2476
70433 3 849
70441 6 751
70442 1 4263
70456 1 954
70534 2 5509
70542 1 597
70543 1 923
70565 23 971
70580 1 634
70594 1 619
70629 1 3102
70636 23 1691
70700 1 756
70841 1 8361
70862 1 658
70887 33 607
70936 1 1631
70951 1 917
70979 3 1611
70990 1 1168
71025 3 1448
71032 1 103
71050 1 3333
71052 2 995
71078 1 9605
71080 2 1970
71104 11 780
71109 1 1426
71137 1 9411
71169 2 514
71182 1 93
71211 2 1670
71240 1 305
71249 1 1532
71264 1 708
71272 1 1697
71279 2 792
71291 3 648
71292 2 321
71293 2 511
71294 5 674
71307 5 869
71309 1 941
71310 7 845
71323 12 3523
71324 2 1535
71336 12 1531
71352 2 1829
71372 1 1478
71381 1 151
71406 3 2956
71419 2 2738
71423 2 447
71432 1 2398
71505 1 1058
71524 1 1115
71542 1 206
71545 1 6773
71556 3 1415
71566 2 800
71584 1 642
71591 4 988
71595 1 1738
71632 5 727
71637 1 789
71641 2 471
71648 1 697
71681 1 531
71691 1 1602
71703 18 1229
71705 14 10258
71719 2 940
71729 1 693
71750 2 423
71789 11 4220
71798 1 292
71806 2 1826
71833 1 2056
71850 16 642
71884 1 436
71907 3 481
71908 1 1014
71919 16 2543
71936 1 1197
71943 4 3979
71944 2 7115
71947 6 490
71949 1 489
71951 1 312
71973 1 1640
71992 1 1328
72001 3 1171
72005 2 1089
72028 2 1317
72047 1 1766
72048 7 5014
72096 13 1559
72098 1 19912
72120 18 1437
72121 1 1320
72128 1 1111
72129 1 1048
72145 4 941
72156 1 1534
72165 5 706
72189 1 712
72190 1 522
72191 1 448
72192 1 1685
72244 1 840
72245 2 1330
72246 1 1076
72247 18 1555
72275 1 898
72277 1 1369
72293 1 1975
72307 3 3276
72317 3 240
72322 11 2478
72323 6 2321
72324 7 3100
72359 1 333
72379 1 1100
72392 3 352
72395 2 41
72412 1 14176
72414 1 1956
72476 7 1214
72486 2 355
72496 11 3731
72510 3 1494
72513 1 4800
72514 2 322
72515 1 924
72554 4 897
72586 4 700
72587 16 858
72610 1 715
72613 1 1298
72619 4 5216
72663 2 1320
72685 1 422
72697 1 1378
72712 1 1839
72713 16 2218
72714 2 1957
72715 2 2456
72728 2 180
72729 2 168
72741 1 6306
72796 1 808
72802 5 1368
72803 1 813
72804 1 556
72818 4 952
72824 4 1931
72825 4 4050
72826 4 1996
72827 4 7031
72828 4 2935
72829 4 4528
72830 4 3747
72831 4 6567
72832 4 3890
72833 4 2038
72834 4 2774
72835 4 2083
72836 4 2346
72837 4 3948
72838 4 1838
72839 4 2764
72856 1 1892
72860 2 1570
72868 1 1891
72884 1 2069
72888 5 1768
72889 2 1741
72890 2 691
72918 1 783
72920 1 5462
72930 1 2073
72945 1 2766
72954 3 1348
72955 2 1468
72956 5 1194
72957 3 1211
72958 5 2627
72959 13 2654
72960 6 3082
72961 1 1521
72966 1 412
73006 6 1145
73020 3 968
73023 1 1400
73034 1 56
73045 2 235
73063 1 270
73071 2 175
73079 2 997
73080 2 2339
73082 2 819
73090 1 2159
73106 1 732
73126 8 744
73152 4 481
73161 2 649
73175 1 803
73211 2 1314
73226 1 568
73252 2 2017
73253 2 2048
73256 1 736
73266 3 808
73267 1 1566
73274 1 634
73286 14 2501
73287 24 2713
73298 2 685
73310 4 1043
73361 2 1411
73393 1 54
73394 1 54
73395 1 54
73405 3 2119
73408 9 1378
73417 1 3750
73517 1 434
73541 2 594
73653 1 1004
73676 1 2052
73732 7 1250
73757 1 673
73766 2 490
73767 1 603
73770 1 775
73876 4 1770
73877 2 1442
73887 1 1505
73888 1 1605
73889 1 2079
73930 2 1679
73931 1 2768
73935 7 1293
73938 1 563
73939 1 675
73940 1 655
73941 1 986
73949 7 3890
73956 1 2798
73960 1 502
73961 2 2232
73967 1 291
73988 1 2775
74061 1 1106
74077 1 345
74080 1 266
74088 3 605
74092 1 1697
74095 2 807
74110 6 660
74116 1 4873
74158 2 1846
74167 1 1039
74177 1 4268
74178 1 2150
74212 3 649
74232 5 2451
74260 2 945
74261 2 1079
74262 2 1107
74267 2 340
74280 1 582
74283 1 1036
74296 7 3168
74373 1 1982
74433 1 1309
74434 1 3996
74450 1 1939
74543 1 5014
74546 4 763
74572 1 8808
74583 9 1151
74611 2 1155
74660 1 2184
74666 5 1855
74692 2 94
74697 1 496
74706 2 5592
74707 2 4337
74708 2 4408
74725 2 362
74728 50 3896
74746 1 5004
74770 14 594
74804 7 1349
74806 2 5040
74813 1 5631
74874 1 6108
74882 2 1151
74911 2 916
75102 1 581
75104 1 632
75112 13 1120
75125 1 1224
75130 1 946
75134 5 4335
75175 1 444
75176 2 602
75200 1 1348
75204 2 3081
75206 2 2994
75207 2 2937
75208 2 3202
75209 2 2934
75216 1 627
75221 5 6839
75243 5 1489
75252 1 1409
75271 2 50
75408 3 3231
75420 5 5660
75427 6 752
75467 1 1179
75530 2 2216
75531 2 1582
75532 2 2113
75534 1 9607
75541 2 303
75550 1 608
75551 1 2365
75554 3 2902
75555 2 1273
75564 4 853
75615 1 54
75616 1 54
75645 59 1914
75660 5 592
75662 1 463
75690 2 894
75764 15 930
75771 1 348
75821 1 814
75844 2 698
75927 3 4496
75928 1 1554
75934 1 1639
75939 1 1207
75960 1 2012
75964 1 663
75965 1 1326
76050 4 4066
76052 1 490
76059 5 805
76060 4 741
76071 2 1094
76089 2 479
76090 2 481
76091 2 465
76099 1 1514
76119 1 1349
76157 2 345
76158 1 3909
76159 1 4003
76160 1 6409
76166 12 2068
76173 1 362
76201 1 981
76204 1 2051
76217 1 3579
76218 1 422
76233 2 1717
76244 2 937
76245 1 6436
76248 1 1680
76249 1 12565
76261 1 3135
76266 1 1340
76268 1 1592
76296 1 614
76310 1 4929
76340 1 3506
76361 2 666
76364 3 1174
76370 1 13094
76394 4 2329
76408 111 4367
76411 3 6346
76412 1 1272
76436 3 1234
76471 1 824
76481 2 4881
76487 2 499
76517 1 735
76522 1 1798
76525 1 858
76577 1 2515
76592 2 1400
76593 3 1119
76594 1 1805
76599 1 339
76609 2 78
76656 1 4057
76663 1 380
76674 1 823
76683 3 1619
76692 1 810
76717 2 403
76719 1 1182
76753 1 3309
76754 2 619
76758 1 1024
76763 16 1702
76787 1 595
76792 1 1248
76822 1 33
76846 1 444
76857 1 356
76871 1 919
76892 1 2271
76928 1 704
76934 1 455
76964 2 4663
76971 3 1429
76984 1 1045
77006 9 685
77020 1 1328
77022 1 685
77025 61 2461
77052 1 61
77055 1 1676
77061 5 999
77062 1 553
77063 7 616
77064 7 781
77065 7 571
77067 4 1551
77068 4 2025
77076 2 3304
77082 2 5693
77083 4 3037
77084 2 2028
77085 2 2310
77086 2 5533
77097 2 2699
77099 1 852
77106 1 1502
77131 2 1057
77144 2 3383
77145 1 1172
77186 1 1060
77222 1 1336
77225 6 2945
77226 5 1491
77227 2 2803
77231 1 2551
77235 1 455
77346 1 53
77378 1 1421
77415 4 537
77420 22 816
77474 3 4717
77483 1 560
77550 1 477
77577 3 751
77609 3 556
77643 1 644
77652 15 3016
77678 2 627
77714 1 44
77761 2 495
77792 1 1395
77807 6 5880
77879 2 2977
77880 2 3027
77881 2 2924
77904 1 1498
77908 1 2693
77937 8 1234
77944 1 860
77962 2 3614
78034 1 2796
78063 5 1360
78073 13 1288
78117 2 1978
78125 1 1056
78126 1 741
