sxsw sxsw 395 65215343 
522 1 1558
957 1 715
1015 3 360
1118 4 2305
1477 1 1403
1521 7 461
1743 1 841
3383 1 10722
3544 28 591
3800 1 1260
3928 17 1658
4364 2 1040
4840 1 5531
4852 1 1294
5400 1 1958
8760 2 668
8993 1 2404
9223 1 669
9341 1 837
10382 1 1030
10543 3 292
10669 1 505
11117 1 1143
12412 1 1917
12622 1 2177
12707 3 235
12807 5 2985
12808 6 3060
13004 1 2478
13027 2 786
13028 2 741
13029 2 1492
13405 2 641
14361 3 1088
14827 1 2870
17402 5 3104
17602 1 1268
18278 1 1495
18951 1 5208
18995 1 1038
20381 1 631
21321 1 7104
21558 3 510
21702 5 3125
21770 1 4733
22206 1 2514
23751 1 1862
26140 1 1008
26161 23 14248
26324 2 1329
26663 3 1859
26719 3 332
27640 1 30
28240 1 1341
28979 13 821
29144 1 2485
29523 1 10213
31356 1 1058
32411 1 218
32566 1 1495
32750 1 830
33083 2 1262
33244 1 453
33895 2 1427
33957 1 507
34115 1 1103
34289 2 2981
34548 1 2298
35798 1 1407
35799 1 2340
36128 1 1319
36331 1 613
37018 1 653
38085 1 725
38351 1 2567
38418 2 1491
38574 4 2305
38805 1 1522
39016 3 1041
39350 1 1856
39971 1 516
40065 1 3427
40445 1 1917
40541 1 4650
40811 1 552
40926 6 4236
41183 1 4967
41688 8 1836
41804 10 193
42347 2 848
46047 1 518
46388 1 81863
46655 1 779
46761 1 833
47515 9 3985
47979 1 4184
47980 1 1153
48181 1 1551
48301 1 772
48414 9 3926
48632 1 3473
49000 1 3581
49152 2 937
49153 2 973
49530 1 884
49896 1 1614
50442 7 1292
50597 3 2594
50598 4 5177
50599 3 5431
51010 2 1165
51051 3 1177
51474 1 822
52651 1 2028
52677 1 1447
52948 1 753
56611 2 767
56832 2 1352
57820 1 3637
58231 1 4145
59843 1 6525
59898 10 4986
60530 1 382
61195 1 1379
61694 5 3121
61833 2 7073
61944 1 875
62009 3 1118
62141 1 212
62781 1 1596
62832 1 1084
65032 1 1400
65516 1 1590
65836 2 1184
66109 1 1364
66728 1 700
67089 1 1117
67101 1 392
67270 1 940
67360 2 1780
67408 1 5567
67561 1 368
68708 1 6905
70181 1 308
70210 2 5060
71505 1 1058
71897 1 2249
71916 1 1640
72050 2 1296
72506 2 672
72609 2 1961
72650 3 6445
73009 1 847
73415 1 996
74917 2 1213
75121 1 800
75291 1 48
76120 1 1477
76217 1 3579
76218 1 422
76301 1 1532
77082 1 5693
77086 1 5533
77473 13 3580
77907 2 26
78074 1 1554
