chronicl chronicl 2083 65215343 
59 2 1451
272 1 383
388 2 1479
399 1 1548
456 1 1051
484 2 880
533 1 1661
542 3 647
555 1 1894
579 2 846
715 2 237
726 1 1173
796 1 1564
904 1 434
952 2 1150
1003 1 2079
1022 1 1773
1071 1 629
1114 2 1937
1119 6 1874
1167 1 238
1200 1 636
1448 2 1058
1634 1 30082
1646 1 1170
1647 1 10572
1672 1 631
1694 2 191
1742 4 1543
1819 1 878
1820 1 740
1839 3 1052
1871 1 1031
2243 1 2003
2252 1 646
2374 1 1286
2375 1 3907
2417 1 597
2482 1 1146
2556 1 477
2759 1 335
2825 2 2998
3028 1 1955
3217 2 2264
3378 1 4137
3410 1 11224
3428 2 29
3513 1 2385
3514 1 5186
3621 2 1327
3727 1 17097
3730 1 1241
3770 1 270
3832 1 7941
3921 1 3235
3953 1 3340
3957 1 783
4004 1 2253
4078 1 2535
4207 1 1270
4256 2 2171
4296 2 6626
4359 2 2427
4400 1 990
4426 2 1533
4440 1 1273
4472 1 393
4520 1 1588
4620 1 2669
4624 1 235
4704 1 1493
4772 2 2116
4782 1 6257
4837 1 2109
4868 1 1260
4942 1 1955
5003 1 333
5224 1 460
5260 6 302
5504 1 1390
5557 1 329
5600 2 934
5619 1 1587
5677 3 1201
6039 1 2773
6163 3 4318
6164 1 2727
6182 2 6597
6317 2 615
6526 1 1191
6639 1 1018
6656 1 737
6748 1 533
6934 1 700
6949 1 744
7028 1 1722
7029 1 1173
7031 1 1107
7032 1 1787
7033 1 1085
7034 1 864
7059 1 671
7060 1 3208
7120 1 2039
7138 1 2191
7488 1 1408
7573 1 4835
7727 1 2490
7736 1 1605
7771 1 1607
7772 1 1666
7992 1 770
8093 1 20088
8116 1 677
8138 1 526
8265 1 640
8314 1 1237
8388 1 2999
8405 1 941
8410 1 1260
8486 2 1997
8500 1 4697
8627 4 1049
8827 1 6533
8945 1 325
8993 1 2404
9201 1 1485
9242 2 1298
9243 1 1282
9277 1 1358
9392 1 768
9431 1 3717
9544 2 1343
9570 1 518
9640 1 3873
9659 1 10789
9668 1 1757
9675 1 330
9698 1 2152
9758 11 745
9798 2 2651
9799 4 3095
9800 2 3911
9803 1 732
9932 1 1087
9970 1 1230
10026 1 407
10249 2 1601
10252 1 1476
10260 1 1206
10370 1 702
10371 1 657
10486 1 2750
10621 1 473
10668 2 2803
10713 2 2253
10721 2 782
10816 3 707
10842 1 1865
10862 1 1361
10931 1 1408
10983 1 428
10995 3 1588
10997 1 1555
10998 2 1691
10999 2 1962
11081 1 1920
11143 1 1675
11194 1 1656
11371 8 1485
11382 2 1292
11431 1 1008
11441 1 1134
11569 1 6434
11609 4 1245
11886 1 791
12100 1 1451
12164 1 3148
12276 1 3077
12359 2 1241
12364 1 1534
12422 3 1571
12452 3 505
12465 1 1108
12525 1 1269
12627 1 4932
12628 1 1841
12643 1 1624
12647 1 4896
12665 1 1942
12700 1 11926
12777 1 3961
12809 1 1615
12816 1 1426
12906 2 2925
13104 1 1437
13126 2 890
13143 1 1436
13206 3 1206
13212 1 3298
13221 1 2420
13224 1 3401
13236 1 937
13238 2 877
13267 1 1960
13336 1 2457
13344 1 5744
13366 2 283
13369 1 435
13373 1 2548
13433 15 4168
13479 2 5487
13497 2 6632
13587 8 878
13645 1 1507
13646 1 1438
13647 1 1776
13648 1 1463
13663 1 1344
13691 2 2873
13818 1 1042
13849 1 1566
13877 1 1054
13890 1 995
13897 2 1292
13940 6 1453
13970 1 671
13998 2 1149
14228 1 490
14313 2 5288
14337 2 2253
14367 3 1792
14430 1 759
14502 1 989
14757 1 1802
14797 1 2125
14809 1 542
14827 1 2870
14868 1 1699
15167 2 148
15310 1 3417
15646 1 568
15662 3 2550
15663 2 697
15672 5 1879
15760 12 2135
15856 1 774
15920 1 547
15924 1 355
16125 1 213
16199 1 1973
16208 1 1237
16235 1 4462
16254 1 691
16277 1 601
16316 1 3859
16324 2 1543
16348 1 1020
16499 1 1594
16554 1 986
16587 1 281
16593 1 1551
16674 1 2131
16743 1 1505
16778 1 584
16779 1 575
16801 1 2170
16813 2 4537
16846 1 1076
16849 1 6516
16860 1 2032
17011 1 1488
17012 2 3524
17013 1 9772
17083 1 1481
17122 1 9203
17148 4 894
17168 2 3800
17216 5 1476
17217 6 1186
17218 5 1541
17239 1 2179
17252 1 2637
17255 1 1594
17283 1 274
17363 1 2096
17449 1 1065
17458 1 10296
17467 1 6562
17512 1 1383
17518 1 444
17641 2 845
17731 1 800
17759 1 382
17844 3 5452
18002 1 1495
18056 1 1771
18213 1 2075
18226 9 1550
18260 1 1437
18370 1 975
18372 1 1808
18381 2 1590
18452 1 771
18454 1 152
18463 1 1607
18464 1 1214
18522 1 1484
18524 2 353
18597 1 6498
18815 1 1198
18834 1 159
18909 4 300
18965 5 20789
18974 1 479
18993 2 1283
18996 1 600
19000 1 1062
19001 1 1062
19005 6 1076
19008 1 1510
19053 1 1540
19054 1 1357
19083 1 277
19491 1 1810
19497 1 311
19559 1 6375
19570 1 2209
19677 2 4468
19678 2 6792
19682 1 1081
19697 1 2330
19801 1 1215
19896 1 4758
19929 1 1291
19960 1 1151
20026 1 1825
20027 1 1905
20028 1 1417
20165 2 957
20194 1 1431
20208 3 979
20268 2 1431
20389 1 893
20575 1 4332
20634 2 407
20823 1 1234
20948 1 690
20999 7 2745
21059 2 2178
21084 1 1596
21241 3 4794
21284 1 1012
21318 1 7108
21339 2 4745
21343 1 810
21386 1 1881
21403 6 1316
21410 3 1510
21434 1 441
21543 8 900
21629 1 1236
21728 1 1259
21770 2 4733
21860 2 2805
21960 1 7778
21969 1 4332
21981 1 3068
22086 1 953
22092 1 8456
22093 1 10393
22103 1 5529
22206 1 2514
22431 2 801
22607 3 1086
22870 1 71
22875 1 276
22978 2 515
22981 1 170
23027 1 1511
23028 1 1701
23064 1 7447
23222 1 179
23471 2 661
23663 1 1136
23696 3 4960
23745 1 2692
24186 1 1580
24212 1 4006
24286 1 1402
24368 1 1647
24444 1 1797
24459 1 991
24462 1 8468
24562 6 102
24584 4 483
24596 1 3667
24707 1 2560
24729 1 2591
24932 1 610
25043 2 1300
25165 2 595
25222 2 146
25232 1 2344
25233 2 4985
25235 1 7935
25494 1 807
25562 1 3195
25694 1 1084
25712 1 2401
25725 1 574
25847 1 826
26052 1 785
26080 3 566
26139 1 1202
26171 1 454
26210 1 1293
26241 12 5926
26242 2 1535
26324 1 1329
26335 1 337
26354 1 914
26381 1 1479
26507 2 4226
26668 1 3364
26814 1 1736
26882 2 249
27114 2 869
27115 1 937
27261 11 1483
27279 1 1412
27308 5 7530
27309 1 2591
27385 1 728
27396 2 2172
27397 1 498
27413 1 1577
27427 1 1701
27431 2 2548
27586 1 2066
27693 5 678
27772 1 3134
27776 1 1500
27876 1 1111
28003 1 1375
28098 1 10589
28429 1 1748
28454 2 5320
28684 4 312
28781 1 2730
28816 2 2084
28880 1 678
28948 2 532
28980 4 1423
28988 1 821
29103 2 554
29144 1 2485
29354 1 696
29434 1 921
29476 1 1140
29594 1 984
29619 3 1879
29939 1 257
29970 1 249
30183 1 405
30249 1 750
30528 1 251
30534 1 695
30552 2 4502
30805 1 1056
30808 3 2494
30848 1 1294
30867 1 1554
30868 1 2055
30898 1 589
31045 1 24677
31058 2 3446
31068 1 345
31229 2 4414
31327 1 3711
31543 1 2159
31617 1 1388
31691 1 1773
31839 1 844
31949 4 6125
31952 1 1105
31957 1 1455
31958 1 1084
32281 2 782
32426 1 3386
32483 1 1282
32498 18 2231
32560 1 315
32574 1 2622
32592 1 1186
32684 1 802
32752 1 2880
32767 2 1580
32781 1 2000
33073 1 1212
33243 1 944
33263 1 532
33277 1 2857
33374 1 325
33585 1 3694
33586 1 2998
33598 1 971
33637 2 750
33675 1 2486
33739 11 1711
33895 1 1427
33928 1 774
33937 1 14231
33938 1 5544
33984 1 1595
34037 3 3652
34054 1 1087
34118 1 2699
34156 6 602
34300 1 1190
34400 1 1529
34559 1 1551
34562 1 813
34745 1 3957
34776 2 2068
34802 1 609
34849 1 601
34850 1 636
34976 2 435
35017 29 17687
35182 1 13213
35399 4 6478
35410 1 1461
35507 6 1988
35516 1 503
35618 1 175
35652 2 335
35720 2 4608
35767 1 2251
35832 1 2158
35859 1 876
35863 1 1564
36020 1 539
36091 1 2113
36178 2 4277
36304 2 1491
36308 2 781
36331 1 613
36387 1 3582
36443 1 1970
36551 1 896
36671 2 1332
36676 2 327
36681 1 2010
36697 2 754
36703 1 369
36750 1 1341
36774 4 1326
36873 1 4539
37002 1 467
37028 11 1017
37095 2 1446
37140 1 1347
37164 3 3578
37182 1 13117
37361 1 1594
37367 1 418
37427 3 7481
37454 2 8351
37599 3 1374
37684 1 1530
37959 3 3028
37980 1 1046
38005 1 3590
38025 1 2248
38066 3 948
38259 1 1539
38260 2 1664
38261 1 1243
38318 1 1214
38408 1 2338
38452 1 1545
38470 1 774
38473 1 931
38542 2 2357
38576 6 1706
38851 1 4217
38876 1 474
38890 1 934
38916 2 6621
38925 5 1372
39056 4 564
39076 2 869
39121 3 2269
39202 1 2039
39256 1 1626
39257 1 2445
39276 1 3501
39298 1 1479
39326 1 822
39471 1 1340
39472 1 1541
39507 5 572
39529 2 877
39556 1 1631
39815 1 1546
40022 1 2312
40024 1 2366
40057 2 418
40093 4 4751
40176 1 1287
40317 1 2400
40521 1 1004
40586 4 8741
40672 8 714
40692 1 1154
40897 1 2888
40936 1 3129
41052 2 6547
41111 1 2649
41118 2 2966
41162 2 1960
41187 2 1739
41229 3 220
41230 1 229
41252 1 1169
41290 1 1644
41291 1 1274
41412 1 898
41427 2 4567
41662 2 551
41694 2 657
41822 9 1997
42075 1 1237
42114 1 5169
42135 3 5733
42230 2 943
42312 2 2174
42353 3 3727
42378 1 623
42382 1 705
42388 1 518
42487 3 1735
42580 1 8665
42591 1 1191
42645 1 2530
42653 1 2753
42682 1 3838
42750 1 633
42820 1 2822
42837 1 2818
42855 1 3481
42965 1 569
43027 1 1898
43109 1 2284
43323 1 879
43418 1 1353
43446 2 8554
43448 5 5826
43507 1 1101
43508 1 1409
43576 1 5522
43599 1 486
43637 1 1684
43786 1 1882
43952 1 345
44105 9 2359
44110 1 1335
44153 2 1288
44183 1 494
44184 1 367
44346 1 51
44394 1 2869
44428 1 1638
44507 1 350
44590 1 3346
44698 1 2666
44827 4 486
44874 1 3594
44885 1 2410
44962 1 1439
44966 1 1130
45098 4 1554
45330 2 196
45348 1 240
45380 23 4227
45622 1 1477
45805 2 507
45819 1 1265
45897 1 354
45902 1 1168
45913 1 1708
45935 3 4684
45960 10 2353
46126 1 1522
46153 1 3988
46169 1 5011
46179 2 500
46316 2 903
46338 1 1674
46413 9 747
46420 1 1091
46434 1 2480
46511 1 3336
46576 1 1473
46604 1 417
46668 2 2331
46694 1 3602
46731 1 1668
46817 1 2737
46823 1 817
46923 1 508
47008 1 1472
47039 2 2061
47049 1 492
47223 1 696
47245 1 6757
47273 2 436
47382 2 6307
47459 1 8496
47460 1 1813
47461 1 1226
47475 1 992
47552 2 1137
47576 2 2029
47625 5 907
47659 1 3727
47693 1 1054
47694 1 989
47788 3 181
47865 1 1970
48069 1 3129
48221 1 2217
48222 1 3062
48223 1 2573
48399 2 147
48468 1 1002
48475 1 4416
48482 2 13125
48483 2 13114
48484 2 13248
48547 1 4836
48623 11 700
48671 7 1680
48673 2 6093
48679 2 2017
48764 3 1470
48901 1 1611
48904 1 1475
48907 1 1902
48933 1 1238
49021 1 2436
49022 2 2746
49073 2 1915
49074 1 2567
49130 1 2701
49148 1 1740
49149 1 3141
49150 1 4092
49152 1 937
49153 1 973
49232 4 5655
49302 1 1034
49445 1 1014
49552 1 1919
49748 1 1118
49847 1 1395
49922 1 1533
49931 1 2794
49957 1 375
49965 1 2813
49966 1 2862
50204 1 2083
50240 1 968
50317 3 2395
50339 3 1054
50372 1 1263
50382 3 1337
50428 11 1275
50482 1 1225
50492 1 3702
50496 2 13128
50497 2 13268
50498 2 13445
50499 2 13093
50542 1 2306
50816 2 303
50818 2 353
50881 1 4909
50882 1 1190
50917 7 5455
51000 1 1757
51012 1 1432
51045 6 1182
51049 1 2306
51051 1 1177
51058 1 3191
51060 2 1311
51095 1 549
51105 1 1220
51115 1 1600
51118 1 901
51167 1 1503
51236 1 1936
51345 1 2417
51371 1 1268
51434 1 465
51492 1 420
51647 1 962
51667 1 859
51798 1 1509
51891 1 6407
52032 4 1614
52041 1 1139
52101 1 424
52149 1 1612
52247 1 359
52248 1 702
52249 1 716
52250 1 701
52251 1 694
52264 2 330
52285 1 976
52290 2 3280
52301 2 8406
52345 1 3783
52396 1 4756
52421 1 1746
52423 1 1405
52495 1 869
52570 1 489
52605 1 656
52701 2 1487
52715 1 528
52816 2 1004
52840 1 178
53025 2 395
53370 2 662
53424 2 5193
53432 1 1524
53441 1 3363
53515 1 1570
53550 13 1181
53558 3 5589
53696 1 56
53706 2 2705
53708 1 2017
53860 1 1071
53936 1 1821
54183 1 2128
54232 1 718
54285 2 983
54355 1 10248
54502 2 2792
54503 1 887
54597 1 335
54602 1 1759
54620 2 433
55076 1 2410
55077 1 2410
55094 1 12123
55111 1 1486
55126 1 3321
55334 3 941
55475 1 1180
55503 1 625
55649 4 364
55673 1 1167
56049 1 1502
56180 1 1457
56590 1 2070
56648 1 471
56765 2 150
56913 1 1454
56942 1 715
57034 2 407
57040 1 3492
57413 1 6376
57530 1 2185
57744 1 2807
57909 1 1075
58195 3 704
58243 5 1796
58314 5 717
58350 1 637
58426 2 1265
58513 1 2130
58760 1 666
58888 1 1058
59251 1 6070
59307 2 1547
59347 2 9699
59348 1 10477
59349 1 8147
59350 1 8331
59426 3 1694
59429 1 1054
59466 1 4209
59563 1 2110
59564 1 1594
59565 1 1703
59572 3 1329
59591 2 1374
59592 1 2574
59593 1 1584
59594 1 1660
59617 1 1334
59629 1 2062
59632 2 2405
59633 2 4221
59634 2 2585
59635 2 4384
59636 2 2251
59637 2 2484
59638 2 3389
59639 2 3423
59640 2 5056
59641 2 4053
59642 2 3464
59660 1 2783
59661 1 2342
59662 1 14951
59770 1 1910
59827 1 1670
59909 1 3894
60059 1 721
60089 1 336
60124 1 3277
60177 1 1472
60406 4 873
60525 2 1252
60557 1 1915
60671 1 3451
60755 1 962
60789 2 1758
60910 3 2877
60954 1 1837
60998 1 2178
61020 2 13801
61021 1 5166
61053 1 1691
61054 1 1507
61055 1 1513
61157 1 783
61188 1 29700
61227 2 3378
61239 1 1502
61357 1 3441
61381 1 1011
61389 2 4011
61399 1 743
61403 1 1969
61404 1 2003
61405 1 1936
61406 1 1881
61407 1 2034
61408 1 2023
61467 2 1809
61497 1 5567
61523 2 3940
61610 1 1320
61630 7 1422
61817 1 533
61823 1 3825
61844 1 2020
61938 1 6544
61939 1 10305
61942 3 1229
61948 1 1548
61987 2 664
61988 1 1244
62054 1 758
62064 1 591
62190 3 838
62326 1 795
62327 1 792
62404 1 5459
62487 1 462
62488 1 386
62493 1 1022
62684 1 1705
62766 1 8596
62768 1 9553
62789 1 3394
62866 1 1794
62930 11 2244
63035 3 982
63042 1 235
63096 1 1260
63101 6 386
63119 1 773
63123 2 1157
63159 1 1363
63160 1 1813
63289 1 3069
63312 1 891
63325 1 587
63341 1 1591
63343 2 1651
63475 1 1619
63580 1 1896
63599 2 222
63638 2 842
63691 1 2596
63767 1 938
63777 3 2978
63806 2 564
63812 2 2413
63913 17 331
63979 1 933
63987 1 1321
64033 1 1242
64163 1 202
64331 1 3013
64681 1 3466
65067 2 1069
65091 1 2809
65092 1 2579
65093 1 2401
65094 1 2609
65125 1 675
65438 1 1287
65456 1 531
65701 1 1209
65757 1 1393
65838 1 1936
65860 1 478
65896 1 3671
65976 4 2618
65999 3 7992
66065 5 2315
66144 2 868
66190 1 624
66230 1 1223
66234 2 1935
66471 1 3798
66472 1 3818
66473 1 2015
66474 1 1387
66533 1 1245
66586 1 2141
66587 1 4790
66589 1 3260
66662 1 642
66733 1 1217
66768 1 1929
66868 1 2032
66871 1 1139
66881 1 1029
66882 1 1598
66915 1 4319
66949 1 1133
66963 1 1157
67027 1 2379
67454 2 5854
67516 1 742
67756 1 5291
67757 2 684
67797 1 1733
67834 1 1534
67902 1 1015
68047 9 1652
68048 6 1048
68057 1 3416
68176 1 2781
68217 2 5161
68246 4 1002
68247 2 558
68282 2 1506
68377 3 726
68436 1 2388
68458 1 220
68771 1 1848
68785 1 204
68812 1 10319
68900 1 3607
68985 1 889
69038 1 1165
69130 2 122
69382 1 1332
69459 1 692
69462 1 998
69509 1 5379
69515 1 3275
69524 1 453
69848 1 372
69849 1 422
69887 2 3269
69917 2 3612
69970 2 1405
70207 1 10208
70222 1 950
70230 2 1801
70236 1 3474
70307 1 703
70312 1 909
70347 4 1081
70348 4 961
70349 3 1171
70377 1 5997
70397 6 1331
70534 2 5509
70537 1 1013
70600 3 556
70737 3 2845
70838 4 1950
70839 1 3633
70841 1 8361
70842 2 1321
70869 3 1590
70881 1 1568
70912 1 1315
70929 1 6834
70991 2 2170
71057 1 412
71078 2 9605
71322 1 1708
71335 1 3121
71418 1 946
71705 2 10258
71721 1 911
71847 4 1603
71916 3 1640
71942 1 3216
72107 1 206
72118 6 1417
72146 1 1354
72197 11 1837
72198 11 2050
72217 1 1342
72261 1 1341
72304 1 2094
72320 1 1701
72390 1 1313
72410 2 4306
72412 2 14176
72442 1 1934
72507 1 895
72537 7 1081
72705 1 657
72826 1 1996
72864 2 597
72916 1 1335
72924 1 1464
72945 1 2766
72982 1 5401
73000 1 603
73004 2 1253
73013 1 463
73120 1 674
73205 1 1376
73235 1 1252
73373 1 5222
73421 1 444
73649 1 2033
73660 1 2066
73868 2 432
73892 1 1020
74091 6 1923
74094 1 3820
74151 1 1393
74179 1 4036
74191 1 13
74230 2 521
74398 1 1396
74519 1 5618
74522 1 1218
74530 1 711
74543 1 5014
74551 3 2061
74559 1 849
74594 1 118
74609 1 3663
74713 1 2251
74728 1 3896
74818 1 1409
74917 3 1213
75295 4 2546
75511 1 1086
75934 1 1639
75962 1 1323
76063 1 614
76230 1 1311
76259 2 509
76326 1 2230
76352 1 354
76470 1 299
76473 4 683
76502 1 1031
76585 1 1877
76593 1 1119
76687 1 738
76726 1 2339
76760 1 2589
76773 2 2532
76793 1 5567
76834 1 739
76851 1 1663
77014 1 779
77081 1 1905
77130 1 453
77158 1 1076
77163 1 1994
77175 1 1008
77242 1 1714
77253 1 1729
77422 1 626
77472 1 1959
77477 1 600
77552 1 3565
77638 1 332
77887 1 1637
77894 1 941
77962 1 3614
