meticul meticul 152 65215343 
1269 1 5091
1762 1 1323
1821 1 2804
2750 1 1082
2843 1 5588
3790 1 5889
4221 1 612
4560 1 796
5324 1 815
5369 1 853
5518 1 2428
5994 1 1504
6163 1 4318
6644 1 1635
7727 1 2490
7816 2 360
8057 2 751
8139 1 4927
8701 1 555
9448 1 447
9717 1 950
9767 1 905
10271 1 930
10285 2 1722
11535 1 340
13499 1 5895
13912 1 6746
14373 2 6743
14830 1 8170
14831 1 8171
14832 1 8172
15293 1 5587
15437 1 624
15615 1 3882
16044 2 3747
16454 1 727
18372 1 1808
18999 1 340
19504 1 6279
19580 1 431
19905 1 862
20883 1 877
21981 1 3068
22060 1 1495
22143 3 2573
22190 1 1108
22216 1 13756
23489 1 7818
24093 1 4836
24502 1 2202
24690 1 424
24882 1 8171
24883 1 8171
25707 1 1454
26480 1 2573
27170 1 1435
28259 1 6624
28432 1 1851
28688 1 599
30175 1 392
32426 1 3386
32491 1 6991
32574 1 2622
33004 1 1703
33069 1 3021
33314 1 183
33590 1 3769
34901 1 18201
36389 1 6107
36390 1 6107
36431 1 335
36699 1 902
36797 1 6365
37352 1 1354
37521 1 3207
37679 1 582
37838 1 892
37932 1 17484
38211 1 755
38224 1 2141
38630 1 846
38975 1 912
40448 1 3806
40945 1 716
42161 1 9423
42172 1 2686
42679 1 6107
42680 1 6107
43763 1 2590
44024 1 1787
44767 1 382
44937 1 1292
46282 1 4059
47151 1 5857
47481 1 1797
47491 1 2517
47515 1 3985
47780 1 5199
47897 1 1442
49366 1 5125
49844 1 6972
49845 1 1113
49931 1 2794
50235 1 1266
50521 1 2941
51295 1 5729
51494 1 905
52140 1 3824
53400 1 779
55678 1 916
57528 1 566
57651 1 6526
57744 1 2807
59072 1 10092
59479 1 2405
59717 1 4807
59907 1 1288
61043 1 4069
62219 1 422
62229 1 7173
63130 1 1449
63309 1 4077
63310 1 2477
63529 1 1062
63741 2 642
64043 1 1623
66005 1 1390
66379 1 2917
66751 2 11896
66773 1 1006
68179 1 1413
68844 1 591
69099 1 2057
69367 1 1004
70218 1 1422
71522 1 1158
73181 1 586
76529 1 10440
76762 2 7340
77088 1 4377
77884 1 1887
78027 1 659
