induc induc 736 65215343 
120 2 4128
131 1 14882
132 3 13051
203 1 5213
258 1 56657
426 1 611
430 2 3354
613 1 3927
623 2 515
672 1 2537
809 2 691
1215 1 822
1573 1 2363
1634 3 30082
1829 1 1201
2066 1 837
2162 1 1205
2365 1 720
2474 1 1823
2511 1 1460
2716 1 4798
2843 1 5588
2876 2 39
3003 4 3697
3109 2 3299
3376 3 1139
3513 1 2385
3661 4 754
3835 1 1418
3936 1 687
4000 1 6980
4068 1 8611
4069 1 3379
4110 1 2246
4167 11 1027
4296 2 6626
4426 1 1533
4473 1 2419
4612 1 1244
4838 1 5657
4861 1 2242
5092 1 3536
5247 1 6498
5454 1 6641
5611 2 8061
6013 1 2929
6296 1 3125
6298 1 3012
6299 1 3048
6300 1 3029
6301 1 2972
6303 1 2969
6304 1 3270
6579 1 4887
6904 1 1029
7944 2 4834
8026 2 922
8130 1 2237
8152 1 6009
8251 1 3081
8285 1 3377
8382 2 19553
8612 1 497
8855 1 1546
8876 1 1372
8890 1 5449
8963 1 1411
9125 1 931
9179 1 546
9632 1 660
9718 2 922
9906 1 1054
10251 2 1893
10317 1 4163
10397 1 655
10467 3 1457
10628 1 1516
11081 1 1920
11132 1 1530
11288 2 9962
11465 1 2175
11466 1 2113
11467 1 3152
11857 2 1251
12167 1 1026
12627 1 4932
12647 1 4896
12674 1 6435
12843 2 788
12924 9 1943
13076 1 1120
13173 2 7475
13175 1 1506
13229 9 3224
13324 1 645
13402 1 1313
13532 1 1389
13548 1 6866
14271 1 2963
14272 1 3020
14273 1 2924
14274 1 2909
14675 1 1701
14820 1 4854
14995 1 1056
15293 1 5587
15568 1 3032
15570 1 2982
15573 1 2920
15574 1 3007
15576 2 2773
15590 1 3007
15868 1 2468
16006 1 1307
16008 1 6422
16204 1 3527
16205 1 2813
16236 1 5204
16373 1 144
16374 1 976
16791 1 1127
16843 1 15992
16932 1 4752
17010 1 3499
17059 1 1292
17097 1 2690
17156 1 1346
17194 1 1502
17313 1 699
17354 1 1123
17758 6 28986
17869 2 7948
18033 1 3046
18035 1 2957
18053 1 473
18080 1 2638
18146 1 5814
18263 1 2623
18352 1 992
18654 1 15696
18734 2 301
18872 2 1474
19390 1 3260
19559 2 6375
19560 2 8071
19816 1 1533
19858 1 711
19949 5 605
20017 1 5287
20154 1 3393
20227 1 2347
20596 1 1769
20677 1 8655
20707 1 35797
20830 2 2279
20994 1 1080
21080 1 1500
21321 1 7104
21492 1 1466
21503 1 13267
21648 2 6487
21845 1 1139
21996 1 2579
22026 1 1430
22137 1 4439
22138 1 4091
22523 1 3123
22525 1 3022
22526 1 2933
23985 1 659
24093 1 4836
24537 1 742
24752 2 1031
25475 2 3015
25476 1 3033
25479 1 3085
25715 1 2184
25827 2 621
26249 1 1432
26410 2 944
26631 1 8025
27036 1 6909
27475 29 5550
27525 1 1284
27808 1 2245
27862 1 8511
28079 1 1167
28228 2 1376
28446 2 9326
28467 1 8583
28468 1 8583
28469 1 8615
29494 1 3066
29497 1 2942
29529 1 4211
29875 1 2653
29884 1 3052
29896 1 1023
29910 6 5908
30558 1 505
30588 2 3696
30752 1 1610
30842 1 2081
30909 1 470
31329 1 3009
31331 1 2964
31332 1 3032
31355 1 5480
31790 1 1335
32195 1 499
32287 1 3033
32295 2 3206
32296 1 2955
32297 2 3273
32298 2 3261
32300 1 3026
32303 1 2974
32306 1 182
32407 3 1478
32426 1 3386
32574 1 2622
32613 1 625
33079 2 3096
33131 1 1235
33310 2 9499
33626 1 991
33812 1 1095
33924 1 11847
34052 2 11789
34197 1 2057
34465 1 5422
34535 1 3465
34749 1 1894
34757 1 1160
34842 1 675
35559 2 2826
35649 1 1325
35893 1 1446
35929 1 1123
36042 1 6053
36051 1 3640
36226 1 752
36300 1 3570
36397 1 8678
36398 1 8678
36816 1 1047
36942 1 727
36998 1 864
37182 1 13117
37205 1 2953
37683 2 1248
37893 1 7547
37906 1 1709
37932 4 17484
37996 1 874
38151 1 2229
38194 1 2925
38408 1 2338
38685 3 2596
38736 1 1093
38944 1 3052
39015 1 2466
39132 1 3874
39148 1 4610
39169 1 982
39329 4 32477
39510 1 1784
40056 1 2607
40183 2 1540
40287 1 10480
40371 1 1103
40624 1 1840
40630 1 5684
41898 1 625
42001 1 1519
42061 1 3008
42265 1 1288
42356 1 4608
42597 1 1554
42774 1 5633
42911 1 1221
42949 1 2799
43158 1 762
43444 2 2757
43477 1 22611
43813 1 981
44050 1 4928
44224 2 1007
44451 1 786
44494 2 3303
44516 1 898
44873 1 3136
44875 1 2970
44877 1 2904
44880 1 2983
44957 2 10010
45251 1 2817
45822 1 1426
45824 1 2571
45826 1 8235
45859 1 21421
45924 1 1296
45964 5 2279
46020 1 609
46354 1 818
46388 2 81863
46426 1 3573
46511 1 3336
46740 1 1167
46952 1 2067
47151 2 5857
47378 1 589
47445 1 2962
47559 1 11224
48205 1 3456
48632 1 3473
48747 1 1809
48840 1 772
48916 1 2862
49234 1 861
49276 1 5599
49343 1 1496
49348 1 2857
49765 1 1418
49799 1 1576
49844 1 6972
49889 2 876
50169 14 793
50207 7 2916
50319 1 552
50476 2 10882
50477 1 4990
50529 1 4267
50763 1 878
50790 2 915
51082 1 1356
51150 1 2908
51151 1 2830
51422 1 375
51435 1 776
51469 1 1403
51882 1 926
51993 1 12689
52301 1 8406
52718 1 2980
52719 1 2978
52721 2 2968
52722 1 2934
52988 1 24350
53430 5 48057
53544 1 1037
53925 1 1795
53926 1 2454
54457 1 1157
54897 1 972
55066 2 3616
55068 2 3268
55069 1 2948
55070 1 2984
55071 1 3179
55433 1 1983
56226 2 829
56247 1 967
56427 1 1290
56522 1 3726
56881 1 4650
56885 1 1894
56934 1 1064
57001 1 7758
57381 1 2992
57385 1 2878
57387 1 2964
57388 1 3103
57449 2 3288
57660 2 6533
57952 1 8583
57953 1 8583
57989 1 3603
58467 1 4185
58837 3 3342
58839 1 2933
58843 1 2916
58846 1 2959
59171 1 1633
59227 2 4022
59408 3 1795
59416 1 2234
59420 6 1188
59463 1 2182
59568 1 1774
59638 1 3389
59662 1 14951
59777 3 6060
59787 1 386
59918 1 9598
59993 1 1856
60018 1 2504
60224 1 8194
60275 1 3073
60277 1 2988
60353 3 678
60505 2 2933
60737 1 3128
60738 1 3062
60739 1 3026
60777 1 3095
61020 1 13801
61060 1 1396
61188 1 29700
61326 2 2485
61354 6 732
61714 1 562
61825 1 2161
62291 1 1311
62394 2 925
62468 1 2405
62646 1 573
62731 1 2944
63690 1 3198
63851 1 1757
63965 1 1353
64050 1 3580
64051 1 3589
64093 1 1998
64350 1 20899
64362 1 617
64407 3 1172
64453 1 10145
64559 1 4363
65008 1 3012
65010 1 2912
65250 1 1431
65449 1 607
65545 1 796
65576 2 4667
65660 1 1148
65677 1 940
65884 1 2980
66472 1 3818
66499 1 844
66800 1 1512
66947 14 18231
66994 1 2517
67278 1 982
67318 1 1620
67426 1 402
67585 2 2443
67692 1 1120
67895 1 1554
67919 1 868
67922 1 1263
68393 1 3580
68435 1 1168
68437 1 2115
68792 1 2291
68960 1 1724
69430 2 2889
69825 1 2564
69830 1 485
69889 1 1917
69959 7 1432
70076 1 833
70231 1 2953
70260 1 585
70481 1 2683
71131 1 5992
71247 1 1642
71306 1 1543
71383 1 1410
71580 1 1716
71924 3 2521
72240 1 790
72268 1 1256
72578 1 1935
72642 1 1456
72789 1 964
72899 1 20275
73211 2 1314
73252 1 2017
73253 1 2048
73482 1 1139
73870 2 1054
73963 1 6843
74212 1 649
74591 1 3810
74645 2 6253
74720 1 1158
74813 1 5631
74887 1 7880
75204 2 3081
75206 1 2994
75207 1 2937
75209 1 2934
75253 1 1646
75530 1 2216
75531 1 1582
75532 1 2113
75848 1 1317
75939 1 1207
75954 1 3743
76147 1 186
76448 1 5583
77456 1 13066
77879 1 2977
77880 1 3027
77881 1 2924
78062 1 3649
78117 1 1978
78121 1 3206
