liter liter 2146 65215343 
50 1 2382
74 1 680
104 1 1022
117 6 6480
120 1 4128
133 2 3237
245 1 1101
258 1 56657
351 1 908
371 1 984
388 1 1479
430 1 3354
587 1 1004
694 1 1606
809 2 691
876 1 4565
933 1 470
952 1 1150
956 1 1150
965 3 2365
968 1 133
993 5 10702
1049 1 2440
1063 1 248
1141 1 465
1142 1 465
1143 1 465
1185 1 15836
1213 1 3659
1452 1 6140
1476 1 1049
1479 1 1207
1491 2 189
1569 1 830
1570 3 1617
1639 1 2238
1647 1 10572
1668 3 735
1741 2 5895
1790 1 806
1802 2 10218
1897 1 2847
1948 1 5448
2078 1 628
2086 3 3653
2107 1 1943
2108 1 617
2133 1 1238
2137 1 1480
2177 1 2668
2216 1 2877
2304 1 65
2389 1 3418
2414 1 1645
2488 1 931
2504 2 5375
2511 1 1460
2550 2 345
2562 1 2880
2633 1 1505
2634 1 1560
2646 1 1971
2651 1 1903
2687 1 1139
2769 1 898
2818 1 1636
2847 1 1039
2991 1 2631
3107 1 3008
3109 1 3299
3195 1 2888
3202 1 6501
3214 1 1663
3217 1 2264
3249 1 10966
3281 3 3667
3295 2 2429
3299 1 1600
3330 1 1137
3344 1 1259
3350 1 735
3379 1 4900
3408 2 3212
3505 1 490
3582 1 766
3599 3 11096
3668 1 8976
3671 1 4789
3727 3 17097
3772 1 1147
3831 1 3725
3832 1 7941
3885 1 1049
3889 1 1113
3902 1 2905
3921 2 3235
4067 2 3490
4102 1 611
4184 1 4232
4198 1 1153
4204 2 3711
4298 1 7423
4312 1 482
4313 1 748
4348 5 3712
4373 1 4212
4379 1 1474
4400 1 990
4440 1 1273
4478 1 3007
4479 1 2646
4626 1 2742
4645 1 2574
4688 1 607
4715 1 884
4753 2 5716
4779 1 503
4858 1 604
4875 1 1364
4896 1 1508
4950 1 3067
5026 1 635
5163 1 510
5185 1 756
5253 1 1204
5264 1 2502
5273 2 3302
5353 2 311
5412 1 1515
5414 1 667
5415 1 3073
5420 2 1911
5457 1 359
5499 1 44062
5527 1 2431
5577 1 3747
5580 2 6581
5657 4 3480
5658 1 1556
5803 2 1752
5902 1 1225
5921 1 1978
6011 1 3214
6042 1 1836
6043 2 1036
6142 1 1106
6163 2 4318
6165 1 4900
6182 1 6597
6183 1 2719
6289 2 1534
6356 1 1705
6362 1 2640
6568 1 456
7002 3 6389
7021 2 2137
7040 2 1018
7088 1 2350
7134 2 1943
7573 2 4835
7575 1 1899
7576 1 6690
7603 1 987
7692 1 533
7743 2 2004
7909 2 1230
7922 1 2189
7934 1 560
8051 1 1966
8089 2 20930
8114 2 3627
8121 1 891
8122 1 5509
8139 1 4927
8284 6 3146
8285 4 3377
8286 3 2044
8293 2 3686
8382 2 19553
8422 2 5132
8447 1 2081
8470 1 1947
8486 1 1997
8663 1 1004
8759 2 2291
8850 2 3830
8913 1 12589
8963 1 1411
9166 1 1429
9173 1 6443
9232 1 1398
9311 1 1417
9344 1 1217
9463 1 3203
9471 1 2467
9544 1 1343
9547 1 1189
9602 1 946
9632 1 660
9640 3 3873
9663 2 2530
9768 1 597
9785 1 953
9789 1 4274
9796 1 6203
9804 3 5129
9805 1 5191
9862 1 617
9889 1 1688
9926 1 682
9937 1 579
9986 1 864
10033 1 8876
10048 1 543
10101 1 12486
10129 1 1016
10135 1 778
10231 1 9229
10253 1 2883
10255 1 2770
10278 1 2690
10285 2 1722
10314 1 4681
10341 1 770
10414 1 486
10442 1 1664
10591 1 7784
10622 1 1159
10673 1 1504
10685 1 2839
10703 1 519
10744 1 1273
10763 1 2030
10845 1 2183
10940 1 7910
10949 1 4327
10999 1 1962
11131 1 4066
11132 1 1530
11209 1 1032
11225 1 914
11248 2 11766
11268 1 1582
11269 1 1254
11288 3 9962
11362 3 2542
11378 1 6044
11484 1 1267
11530 1 656
11539 1 1285
11544 1 1023
11590 1 1805
11663 1 1007
11673 16 814
11967 2 4440
11985 1 2269
12063 1 1221
12119 1 2327
12138 1 18363
12171 2 5724
12289 1 1759
12322 1 923
12367 1 9446
12384 1 4014
12389 1 4357
12437 1 1351
12466 1 1446
12673 2 6656
12695 1 1648
12748 1 3182
12751 1 5083
12786 2 7289
12814 3 46677
12886 1 1170
12917 1 489
12921 1 1723
13122 1 8864
13173 2 7475
13248 1 767
13261 1 2305
13330 1 640
13332 1 14933
13381 1 4238
13393 1 3068
13468 1 1400
13495 1 794
13508 2 6492
13518 3 16194
13539 2 1648
13579 1 803
13696 2 2538
13818 1 1042
13841 1 4015
13871 1 6056
13889 1 724
13891 1 2917
13947 1 1742
13985 1 11629
13986 1 1238
14105 1 9306
14126 3 990
14212 3 12149
14264 1 2175
14280 3 2667
14292 3 11958
14373 2 6743
14446 1 538
14458 1 846
14462 1 710
14492 1 1007
14509 1 555
14612 1 744
14669 1 634
14753 1 1017
14759 1 904
14766 1 964
14858 1 3107
14878 1 3248
15028 1 4600
15081 1 467
15099 2 5771
15200 1 554
15576 1 2773
15586 1 3732
15659 1 763
15737 1 3706
15760 1 2135
15860 1 3929
15876 1 1725
15884 1 182
15957 1 8025
16044 1 3747
16120 1 1888
16178 1 4155
16197 1 2078
16341 1 9421
16403 1 2270
16436 1 463
16490 1 4549
16491 1 6610
16496 1 5161
16540 5 2127
16579 1 1174
16588 1 1592
16589 1 3703
16649 1 4446
16704 1 399
16835 2 3680
16843 1 15992
16926 3 1923
16935 2 3050
16950 1 1326
16968 1 2878
16985 1 2395
17011 1 1488
17027 1 6203
17040 2 3349
17060 1 2388
17122 1 9203
17127 1 426
17155 1 1406
17173 1 1072
17216 1 1476
17239 1 2179
17295 4 3426
17398 1 744
17419 3 1979
17424 1 2766
17446 1 3664
17458 1 10296
17555 2 14925
17592 1 3800
17613 1 2393
17663 2 1183
17665 1 841
17666 1 1434
17680 1 1913
17683 1 2520
17714 1 730
17730 1 4474
17790 1 2095
17839 1 414
17943 1 1248
18100 1 936
18146 1 5814
18153 1 3810
18275 1 895
18327 1 1514
18331 1 3395
18533 1 1991
18535 1 1291
18567 1 1311
18581 2 3194
18621 1 5046
18665 2 960
18716 3 1408
18753 1 2030
18756 1 1784
18840 2 4890
18854 1 1094
18949 1 628
18965 2 20789
18968 1 2667
19043 1 4707
19067 1 2040
19071 1 669
19079 3 16454
19111 2 4980
19119 1 907
19123 1 1226
19191 1 569
19385 1 2378
19495 1 3545
19504 1 6279
19512 2 3132
19560 1 8071
19645 2 945
19656 1 5073
19664 1 4781
19680 1 5229
19732 1 1155
19759 1 1457
19789 1 1067
19816 3 1533
19831 6 1394
19836 1 719
19869 1 2203
19892 1 2205
19894 1 2667
19935 1 1523
19982 1 1251
19984 1 3052
20001 1 2461
20013 2 2102
20152 1 379
20200 1 30304
20205 1 890
20263 1 3682
20627 2 374
20698 1 3736
20703 1 3191
20707 2 35797
20708 1 24696
20715 1 802
20732 2 1193
20778 2 4580
20915 1 2042
20916 1 2792
20972 1 2365
20981 1 4198
21046 1 10160
21074 1 5552
21292 1 1797
21318 2 7108
21380 1 2156
21420 3 4351
21439 2 201
21482 1 810
21490 1 4936
21494 1 1060
21503 7 13267
21565 1 369
21608 1 4754
21629 1 1236
21632 1 2786
21644 12 11884
21712 1 965
21732 1 1004
21767 1 6211
21874 1 404
21875 1 498
21891 2 210
22060 2 1495
22205 1 803
22216 1 13756
22232 1 390
22456 2 1938
22536 1 3918
22547 1 5064
22586 1 627
22604 1 1011
22781 1 1147
22867 2 2220
22880 1 1358
22887 1 4212
22927 1 2118
22984 1 1974
23064 2 7447
23126 1 2676
23135 1 616
23181 1 171
23216 1 946
23419 2 1204
23455 1 463
23489 2 7818
23687 1 2530
23696 1 4960
23763 1 3449
23765 1 11324
23792 1 1958
23815 1 580
23829 1 8025
23946 4 134
24094 1 3157
24096 1 3824
24119 2 14616
24274 1 623
24298 1 438
24344 1 1323
24390 2 3496
24486 1 628
24506 3 7516
24509 1 628
24540 1 4575
24541 1 5645
24573 1 2513
24699 1 726
24724 1 777
24803 1 5803
24831 1 1440
24928 1 1142
24956 2 1523
25154 1 4423
25233 1 4985
25331 1 1132
25474 1 3568
25507 1 1510
25546 1 3100
25553 1 3595
25668 1 1796
25908 1 352
25974 1 732
25994 1 363
26012 2 1755
26082 1 1566
26088 1 1925
26140 1 1008
26154 1 1382
26241 3 5926
26388 1 3682
26434 1 3200
26436 2 1206
26449 2 7560
26465 1 1529
26488 1 1436
26498 2 32423
26532 1 1485
26541 2 4809
26586 1 2458
26622 1 3312
26813 1 1462
26856 4 1093
26917 1 1554
26944 1 2864
27135 2 1071
27141 3 963
27344 1 2977
27607 1 1453
27623 1 2360
27819 1 1332
27836 2 3088
27843 1 832
27848 1 1948
27853 1 3446
27925 1 2804
28076 1 1785
28092 1 1582
28123 1 7111
28202 2 1911
28203 2 1911
28204 2 1911
28208 1 995
28269 1 2495
28635 1 303
28639 1 2821
28796 1 2216
28839 1 458
28867 1 765
28959 2 1911
28960 2 1911
28961 2 1911
28962 2 1911
28963 2 1911
28964 2 1911
29198 1 907
29306 1 813
29434 1 921
29465 4 405
29540 3 1456
29584 1 1507
29607 1 1086
29623 5 963
29629 1 1492
29648 1 8110
29653 1 814
29713 2 702
29721 1 6842
29722 3 9450
29955 1 960
29991 3 10803
30073 1 2480
30137 1 5022
30194 1 1245
30255 1 2558
30306 1 443
30374 1 400
30438 1 1750
30445 1 719
30483 1 2924
30519 1 5484
30520 1 1146
30521 1 1136
30523 1 918
30579 1 1096
30622 1 2448
30639 1 8117
30646 1 3639
30670 2 1399
30842 1 2081
30964 1 1304
30968 1 464
31089 1 1949
31150 1 1257
31229 1 4414
31320 1 2381
31448 1 3221
31453 1 1030
31511 1 731
31693 1 3857
31694 2 3337
31723 1 9877
31742 1 411
31829 1 14263
31949 1 6125
32156 1 723
32200 1 968
32287 1 3033
32295 1 3206
32297 1 3273
32298 1 3261
32303 1 2974
32386 1 2500
32399 1 1839
32486 2 2886
32490 1 1063
32491 2 6991
32548 1 463
32573 1 734
32623 1 461
32626 1 443
32629 1 434
32659 2 1206
32663 1 3914
32804 16 728
32824 1 2602
32871 1 1078
32905 1 686
32913 1 774
33056 1 512
33065 1 2052
33073 1 1212
33108 1 682
33179 1 2037
33188 3 10275
33268 1 3327
33314 1 183
33334 1 2979
33365 1 974
33516 1 1170
33517 1 1259
33527 1 106
33750 5 2944
33788 1 772
33793 2 826
33822 1 756
33924 1 11847
33984 1 1595
33987 1 4548
34015 1 1157
34029 3 3971
34039 4 23394
34100 1 837
34223 1 1760
34298 4 6813
34342 1 5941
34394 3 8616
34466 1 817
34541 1 789
34673 1 2293
34804 3 3895
34941 1 1620
34957 2 667
34973 1 1217
34990 2 5418
35041 1 7162
35147 1 893
35149 2 9307
35182 1 13213
35229 2 997
35237 1 946
35341 1 814
35387 1 4967
35446 1 494
35454 1 2122
35488 1 1679
35720 1 4608
35721 1 515
35764 1 1421
35861 1 10960
35887 1 4260
35936 1 2025
35945 1 2222
35968 1 995
36009 1 1434
36018 1 1940
36028 1 1853
36042 1 6053
36053 2 1200
36092 2 891
36095 1 993
36101 1 984
36109 4 12698
36141 1 736
36220 1 531
36373 1 2127
36403 1 2989
36404 1 2989
36405 1 2989
36414 1 3031
36460 1 778
36555 1 1255
36590 2 5680
36598 1 864
36675 2 6019
36732 3 18263
36738 1 1296
36796 1 1826
36859 2 1147
36866 1 1504
36945 2 21910
37052 1 700
37057 2 5130
37182 4 13117
37187 1 3415
37232 2 658
37284 1 2087
37310 1 7113
37319 1 2048
37368 1 1160
37381 1 1394
37424 1 1300
37428 1 810
37436 1 9722
37468 1 561
37502 1 1948
37520 3 1281
37650 1 2418
37655 1 1979
37733 1 1162
37779 1 577
37785 2 1446
37788 1 983
37979 1 826
38035 1 1861
38157 1 3920
38178 1 648
38199 3 2577
38210 1 1326
38279 1 2423
38295 1 317
38330 1 672
38374 1 1606
38411 2 2671
38450 1 589
38537 2 1111
38564 2 4067
38589 1 1121
38596 1 465
38668 1 449
38712 1 9962
38802 1 4212
38874 1 1562
38976 1 3085
39015 1 2466
39084 1 4248
39085 1 4795
39145 1 275
39157 1 1476
39158 1 1513
39178 1 1298
39190 1 710
39239 1 819
39277 1 2053
39338 2 461
39341 4 9083
39348 2 1537
39350 2 1856
39404 1 1054
39448 2 3136
39449 1 3105
39497 1 5496
39501 1 2201
39505 1 724
39581 17 707
39623 2 508
39628 1 978
39669 1 571
39704 1 1282
39911 3 987
39926 1 1489
39929 1 1959
40018 1 544
40053 3 3632
40082 1 1394
40099 1 1540
40109 1 902
40198 1 5290
40250 1 933
40280 1 168
40373 1 953
40426 1 626
40447 1 3358
40499 1 2513
40506 1 1973
40538 2 14088
40541 1 4650
40579 2 4144
40639 1 1499
40648 2 7183
40696 1 6423
40757 1 1772
40777 1 542
40819 1 10440
40828 1 514
40829 1 3054
40832 1 451
40833 1 2965
40837 2 1071
41044 1 430
41177 1 1084
41220 1 891
41263 2 2085
41426 2 4541
41636 1 436
41897 1 538
41947 1 2133
42025 2 9933
42085 1 6194
42088 1 1078
42131 1 1494
42170 1 4262
42237 1 1264
42281 1 864
42294 1 577
42299 1 1013
42354 1 1506
42355 6 5228
42374 1 1702
42450 1 647
42477 2 1308
42544 1 2256
42545 1 732
42572 1 2840
42763 1 6680
42768 1 4939
42832 1 1721
42848 1 318
42855 1 3481
42902 1 520
43229 1 8025
43252 1 1159
43292 4 131
43429 1 1731
43446 2 8554
43477 1 22611
43564 1 1228
43592 1 1199
43619 1 400
43743 1 1070
43798 3 5617
43942 2 2137
44012 1 2752
44075 1 1304
44081 1 4117
44103 1 873
44191 1 1020
44287 2 3176
44362 1 3685
44387 1 500
44479 2 5563
44529 3 874
44759 1 533
44775 1 2616
44792 1 3157
44800 1 430
44817 1 2611
44956 1 7041
44957 2 10010
45071 1 338
45086 1 1001
45269 1 995
45331 1 1479
45335 2 2586
45498 1 1300
45581 1 8025
45676 1 11251
45681 1 2190
45826 3 8235
45878 1 1656
45924 1 1296
45927 1 620
46171 1 2235
46282 2 4059
46304 1 2249
46309 1 1589
46338 1 1674
46362 2 175
46388 32 81863
46432 1 3117
46444 1 187
46482 2 1205
46505 1 6279
46519 1 5448
46551 1 8597
46581 1 1196
46681 1 893
46749 2 6951
46833 1 1149
46952 1 2067
46983 2 4196
47037 1 1110
47052 1 1071
47057 1 997
47059 3 352
47199 1 3686
47289 1 600
47329 1 667
47439 1 690
47459 2 8496
47474 2 5150
47559 1 11224
47661 4 876
47770 1 929
47780 3 5199
47863 1 1267
48045 1 11481
48111 1 2300
48208 2 828
48210 1 741
48269 1 11120
48277 1 1700
48294 1 1479
48312 2 1292
48315 1 2681
48408 1 1213
48560 1 550
48615 1 1003
48645 1 1419
48698 1 5259
48702 1 680
48754 4 953
48783 1 1440
48814 1 3174
48901 1 1611
48902 1 4234
48925 3 4731
48935 1 1249
48936 1 1159
49005 1 2273
49034 2 2025
49130 1 2701
49151 1 1897
49204 3 850
49235 2 2114
49255 1 1301
49257 1 1855
49302 1 1034
49311 1 707
49323 1 5236
49366 1 5125
49367 1 2106
49484 1 3481
49760 1 468
49761 1 471
49762 1 486
49990 2 3509
50012 1 3608
50017 1 2970
50034 1 1651
50051 1 580
50056 3 5845
50122 2 1979
50209 1 1735
50223 2 6104
50238 1 974
50363 1 1043
50447 1 1637
50483 1 1973
50639 1 2175
50678 1 1278
50715 2 677
50723 1 3146
50734 1 2167
50747 1 1378
50841 1 459
50864 1 1034
50983 1 16660
50998 1 1150
51030 1 2989
51096 1 1043
51129 1 1097
51223 1 1143
51227 1 1328
51239 1 507
51426 1 3586
51560 1 1283
51565 1 1885
51594 1 2007
51608 1 1170
51609 1 1170
51610 1 1170
51648 1 642
51672 2 3436
51712 1 2167
51791 1 1688
51839 1 9735
51858 3 3972
51978 1 8282
51987 2 4909
51988 8 6522
51991 1 4229
52032 1 1614
52072 1 2361
52117 1 371
52147 1 691
52213 1 3751
52214 2 6634
52221 1 1170
52222 1 1753
52223 1 1842
52285 1 976
52300 2 6036
52326 3 3702
52393 1 1450
52395 1 1520
52396 2 4756
52406 1 4365
52504 1 676
52541 1 3260
52599 1 4808
52603 2 3071
52701 1 1487
53038 1 2169
53099 1 3241
53110 3 1619
53140 1 4214
53158 1 9225
53236 1 3296
53329 1 3895
53350 1 1432
53430 4 48057
53442 2 8599
53467 2 2163
53494 1 412
53497 1 1219
53539 1 1387
53549 1 1593
53558 1 5589
53597 1 721
53600 1 1756
53611 1 1215
53625 1 452
53707 1 5088
53715 1 726
53766 1 1364
53768 1 2855
54138 1 2492
54207 2 935
54219 1 1337
54226 4 1236
54291 2 1911
54292 2 1911
54293 2 1911
54399 1 5059
54439 1 2636
54448 1 1195
54564 1 3322
54566 1 8702
54619 1 10647
54636 1 1438
54682 1 1173
55063 3 17333
55066 1 3616
55068 1 3268
55071 3 3179
55073 1 3312
55128 1 1409
55146 1 2594
55327 1 6079
55530 1 446
55607 3 9422
55634 2 1214
55731 1 2515
56032 1 668
56173 1 557
56231 1 1953
56321 2 2422
56443 1 618
56494 1 1522
56521 2 5019
56522 1 3726
56609 1 521
56673 1 1109
56698 1 1186
56704 1 1297
56706 1 1698
56714 1 1580
56771 1 2565
56813 1 436
56912 1 315
57001 1 7758
57372 1 2559
57388 1 3103
57443 1 1121
57448 1 1818
57533 1 731
57623 1 3704
57624 1 3707
57625 1 3705
57630 1 888
57728 1 3152
57769 1 3472
57770 1 537
57826 1 1708
57837 1 1247
57962 1 2722
58231 1 4145
58247 1 19391
58251 1 4547
58266 1 852
58392 2 1911
58393 2 1911
58394 2 1911
58395 2 1911
58396 2 1911
58397 2 1911
58398 2 1911
58399 2 1911
58400 2 1911
58401 2 1911
58402 2 1911
58403 2 1911
58427 3 1625
58445 3 1394
58675 1 2820
58711 1 1429
58772 1 4810
58837 1 3342
58874 1 1816
58968 1 815
59072 1 10092
59103 2 155
59189 1 10518
59209 1 2825
59214 1 604
59255 1 766
59276 1 1484
59333 1 868
59348 2 10477
59398 1 1993
59442 1 1743
59460 1 1795
59468 4 4334
59475 1 5201
59642 1 3464
59689 1 2525
59690 1 2297
59699 1 1994
59702 1 1311
59709 1 3880
59712 1 4670
59843 1 6525
59868 1 1987
59918 1 9598
59922 1 3476
59943 1 774
59983 1 2990
59985 1 4522
59988 2 5229
60066 1 4785
60068 1 2246
60070 1 2663
60080 1 1464
60081 1 1163
60095 2 3074
60101 1 249
60277 1 2988
60278 1 3357
60285 3 1744
60341 1 1265
60345 1 484
60351 1 2113
60369 1 1182
60588 1 3135
60599 1 3625
60612 1 724
60625 1 994
60662 1 6202
60741 1 3011
60748 1 6845
60759 1 4854
60849 1 1785
60850 1 1791
60851 1 1784
60862 2 4275
61006 1 1253
61018 1 1018
61024 3 1094
61043 1 4069
61131 1 2971
61188 3 29700
61201 1 329
61213 1 1171
61258 1 3684
61295 1 465
61430 1 495
61467 2 1809
61470 1 2495
61471 1 2207
61472 1 2455
61601 1 819
61628 1 7244
61664 1 3204
61676 1 1974
61725 1 617
61765 1 2458
61807 1 926
61834 1 2191
61860 3 7381
61914 1 972
61938 1 6544
61961 1 829
62052 1 2861
62070 1 1331
62087 2 4114
62187 1 9768
62191 1 3053
62298 1 846
62305 1 669
62310 1 3144
62378 1 407
62417 1 11638
62472 1 837
62555 1 515
62562 2 890
62563 2 1007
62596 1 2402
62615 1 1556
62646 1 573
62791 2 2675
62832 1 1084
62891 1 1104
62892 1 1071
62902 1 2612
62903 1 1123
62912 1 6714
62922 1 2154
62943 1 1792
62992 1 5430
63044 1 1151
63051 1 1657
63229 1 786
63270 2 3034
63280 1 3788
63309 1 4077
63356 1 1174
63427 1 4477
63434 1 1222
63504 1 4125
63519 1 2160
63656 1 6872
63690 1 3198
63699 1 2535
63709 1 2193
63750 1 662
63787 1 1499
63812 1 2413
63853 1 405
63962 2 3096
63967 1 884
63987 2 1321
64050 1 3580
64051 1 3589
64083 1 1054
64086 1 1979
64450 1 1088
64452 1 1016
64507 2 1911
64508 2 1911
64509 2 1911
64542 1 1329
64646 1 789
64658 1 3929
64872 1 57
64924 1 2526
64996 2 354
65092 1 2579
65125 1 675
65130 1 3523
65468 1 1185
65595 1 1319
65616 1 933
65660 1 1148
65704 2 602
65711 1 1186
65726 1 2684
65790 2 5117
65944 1 4400
65949 1 1541
65962 10 1810
65992 1 859
66011 2 1162
66016 1 1106
66055 1 1289
66117 1 1826
66130 1 1341
66151 1 1614
66404 1 1459
66409 1 1827
66424 1 726
66436 1 1259
66437 1 1259
66461 1 691
66472 1 3818
66519 1 961
66590 1 1614
66648 2 1645
66734 1 1280
66744 1 4068
66751 1 11896
67068 1 1097
67123 1 678
67196 1 2129
67213 1 2231
67257 1 1710
67265 1 2055
67318 1 1620
67396 1 613
67408 1 5567
67410 2 7180
67519 1 10460
67560 1 363
67593 1 1623
67616 1 694
67652 1 2159
67676 1 1751
67689 1 7619
67692 1 1120
67721 1 1030
67770 1 1180
67799 1 657
67820 2 1312
67840 1 966
67903 1 1428
67918 1 281
68057 2 3416
68061 1 3322
68106 1 587
68117 1 4150
68119 1 6225
68120 1 7511
68134 2 1228
68171 1 1094
68305 1 3491
68324 2 395
68325 3 668
68384 1 859
68393 1 3580
68433 1 511
68684 1 991
68707 1 4537
68708 2 6905
68739 3 2373
68765 2 6394
68776 1 1328
68777 1 1669
68799 1 1185
68823 1 2312
68829 1 1011
68846 1 1502
68856 1 917
68883 1 472
68895 2 1911
69091 1 1188
69330 1 306
69387 1 1411
69528 1 1563
69710 1 5755
69895 1 1151
70055 3 607
70106 14 1951
70123 1 1483
70169 1 8025
70210 2 5060
70259 3 1430
70351 3 1891
70360 1 785
70404 2 765
70447 1 889
70474 1 62
70698 1 797
70707 1 644
70841 1 8361
70870 1 2226
70881 1 1568
70929 2 6834
70975 2 285
71050 2 3333
71165 1 840
71217 1 2704
71276 2 2862
71303 1 1741
71307 1 869
71315 2 6723
71384 1 2877
71385 1 2877
71386 1 2880
71388 1 1967
71389 1 1967
71390 1 1967
71391 1 1967
71524 1 1115
71558 1 868
71567 1 4513
71594 1 428
71706 1 5275
71810 1 955
71854 1 4173
71895 3 3069
71943 1 3979
72043 1 1623
72046 1 2501
72247 1 1555
72277 1 1369
72380 2 3360
72437 2 8964
72455 1 1202
72556 1 1250
72557 2 894
72588 2 1618
72613 1 1298
72741 3 6306
72856 1 1892
72863 1 907
72869 1 902
72879 2 7089
72916 1 1335
72938 1 10696
72975 1 2128
72986 1 1005
72999 1 3301
73091 1 483
73109 2 1129
73167 1 837
73484 1 741
73573 2 1075
73574 1 8025
73730 1 2237
73799 4 6946
73952 1 1586
73977 1 855
73997 1 10376
73998 3 2339
74027 1 1756
74053 1 2613
74067 1 6352
74115 1 2664
74142 1 3188
74148 1 1271
74179 1 4036
74203 6 11999
74232 1 2451
74296 1 3168
74368 1 3668
74435 1 2232
74465 1 1145
74562 1 846
74584 3 1755
74609 1 3663
74645 3 6253
74708 1 4408
74733 1 419
74781 1 912
74792 1 1680
75062 1 497
75140 1 1565
75159 1 754
75169 1 9895
75265 1 1224
75322 2 826
75488 1 248
75522 1 555
75529 2 8980
75555 1 1273
75705 1 3042
75752 2 1220
75822 1 454
75927 1 4496
76031 1 1946
76038 1 3241
76040 1 3213
76092 1 1400
76132 2 1508
76136 1 4953
76208 1 947
76245 1 6436
76289 1 359
76304 1 5487
76408 1 4367
76455 1 1356
76484 1 688
76529 4 10440
76531 1 1613
76582 1 1126
76635 1 1327
76978 1 482
76990 1 1902
77007 1 2330
77015 1 1847
77023 1 2768
77071 1 1827
77118 1 2646
77131 2 1057
77174 1 951
77196 1 1305
77209 1 4122
77210 1 4271
77211 1 3451
77212 1 3474
77213 1 3532
77214 1 3477
77246 1 6149
77248 1 1903
77411 1 3629
77441 1 360
77459 1 920
77553 2 3529
77555 2 1911
77556 2 1911
77610 1 2465
77842 1 257
77919 1 216
77942 1 3229
78101 1 646
