infest infest 126 65215343 
1613 1 784
2382 1 1655
2391 1 625
3132 1 2453
4615 1 3920
5538 1 1629
7997 5 1011
8089 3 20930
9299 1 82
9936 1 2878
10096 1 2420
10300 1 1040
10790 7 2503
12063 1 1221
13122 1 8864
13861 1 3305
15293 1 5587
16261 1 2583
17083 1 1481
17624 1 1483
17764 1 677
18824 1 3146
18967 1 13159
19131 1 3297
20018 1 526
20178 1 4163
20216 1 967
20620 2 1047
21378 1 356
21945 1 1790
22774 1 367
25150 6 1598
26093 1 337
27122 1 1117
27408 1 1001
27838 1 2876
29497 6 2942
29592 1 1374
31415 1 1059
33403 1 5506
34097 1 1166
34177 1 1899
34650 1 2639
34866 1 412
35183 3 1577
36814 1 764
37107 1 1068
37698 1 5406
38235 1 679
38916 1 6621
39292 1 4867
39448 1 3136
44050 1 4928
44775 2 2616
47559 1 11224
48235 1 585
49149 1 3141
49300 1 575
49347 1 1309
49350 1 2540
51759 1 425
51798 1 1509
51828 1 2276
51881 1 4113
52069 1 2292
52727 1 4203
53545 1 1625
56480 1 1143
57730 2 1998
59467 2 4546
60822 1 5864
61543 1 1462
61942 1 1229
63062 1 1067
63853 1 405
66103 2 1370
67804 1 433
68046 1 3345
68160 1 6120
71043 1 4249
71923 9 631
72899 3 20275
75152 1 1312
75248 1 1379
75532 1 2113
77140 1 1726
77475 1 521
