meetup meetup 764 65215343 
174 1 979
175 1 818
176 1 535
177 1 1508
178 1 842
179 1 822
180 1 823
181 1 476
182 1 444
183 1 998
363 4 1011
364 2 993
969 2 1583
1504 2 622
1552 1 1020
2178 2 806
2258 2 239
2701 1 899
2702 1 542
2703 1 527
2704 1 427
2705 1 1001
2706 1 581
2707 1 533
2708 1 1441
2709 1 1588
2710 1 462
2711 1 797
2925 1 2056
2926 1 1956
3614 1 1689
3889 1 1113
5276 4 298
5310 1 426
5469 1 770
5470 1 917
5471 1 540
5472 1 908
5473 1 1107
5474 1 941
5475 1 642
5476 1 525
5477 1 1400
5478 1 526
5479 1 920
5480 1 510
5481 1 510
5482 1 935
5483 1 512
5484 1 921
5698 1 40
5789 1 2097
5790 1 2094
6047 2 978
6977 57 2764
7138 1 2191
7412 1 399
7953 1 2188
8285 1 3377
8692 1 342
8880 1 859
8881 1 491
8882 1 1066
8883 1 928
8884 1 1640
8885 1 1388
8886 1 1109
8887 1 922
8888 1 487
8984 2 612
9342 6 875
9366 2 1494
9371 2 1526
9410 1 726
9692 1 4792
9723 1 1034
9724 1 1634
10121 1 2683
10301 1 799
10427 1 2746
10428 1 665
10429 1 666
10430 1 713
10431 1 438
10539 1 1985
10540 1 2092
10605 1 1427
10682 1 124
11378 2 6044
11721 1 3482
12677 1 1410
14035 1 498
14036 1 576
14037 1 456
14038 1 481
14039 1 487
14040 1 1390
14041 1 750
14195 1 963
14196 1 668
14295 2 1069
14414 1 1128
14891 2 257
15072 1 604
15222 1 468
15223 1 762
15224 1 1573
15225 1 828
15226 1 688
15227 1 771
15228 1 540
15229 1 552
15230 1 886
15231 1 478
15232 1 523
15233 1 881
15234 1 863
15235 1 561
15418 1 2104
15419 1 534
16238 3 11763
16870 1 1104
16871 1 1031
16872 1 1005
16873 1 1059
16942 4 12267
17184 3 4374
17324 1 1401
17829 1 1062
17830 1 1229
17831 1 468
17832 1 594
18117 1 2036
18871 2 1347
19656 7 5073
20218 1 269
20326 1 597
20327 1 477
20328 1 1034
20329 1 510
20330 1 636
20331 1 794
20332 1 945
20333 1 744
20334 1 581
20335 1 1141
20336 1 1076
20337 1 916
20338 1 2253
20339 1 1011
20340 1 946
20341 1 1048
20342 1 559
20343 1 714
20344 1 863
20345 1 639
20346 1 478
20347 1 444
20348 1 1240
20349 1 1728
20350 1 1183
20351 1 486
20352 1 487
20353 1 551
20354 1 959
20355 1 911
20356 1 1129
20357 1 1306
20358 1 503
20359 1 686
20360 1 873
20361 1 708
20362 1 676
20363 1 915
20364 1 510
20365 1 1261
20366 1 553
20367 1 484
20368 1 512
20436 1 1915
20437 1 1969
21107 1 975
21287 1 982
21288 1 1188
21556 2 709
21813 1 930
22218 1 777
22537 10 1035
24369 1 297
24660 1 1090
25241 1 256
25285 1 506
25286 1 470
25287 1 698
25288 1 519
25289 1 618
25290 1 1547
25291 1 551
25292 1 654
25293 1 562
25294 1 1378
25295 1 513
25296 1 566
25297 1 501
25298 1 953
25299 1 454
25832 1 1204
25882 1 1550
26354 4 914
28194 1 274
28238 1 1334
28239 1 459
28240 1 1341
28241 1 517
28242 1 871
28243 1 1304
28244 1 832
28245 1 494
28246 1 1258
28247 1 771
28248 1 849
28267 1 638
28421 4 891
28551 2 259
28810 1 850
29016 1 740
29017 1 475
29018 1 508
29019 1 867
29020 1 1013
29021 1 1122
29022 1 507
29023 1 904
29024 1 479
29025 1 564
29026 1 900
29027 1 713
29028 1 1337
29029 1 981
29030 1 954
29031 1 1192
29032 1 499
29033 1 1701
29168 1 749
29572 1 2781
30394 8 1246
31017 1 781
31018 1 462
31019 1 518
31020 1 616
31155 1 2064
31888 1 901
31889 1 531
31890 1 1127
31891 1 499
31892 1 557
31893 1 981
31894 1 1015
31895 1 538
31896 1 932
31897 1 819
31898 1 1326
31899 1 686
31900 1 995
31901 1 567
31902 1 1912
31903 1 914
31904 1 514
31905 1 943
31906 1 890
31907 1 1007
31908 1 476
31909 1 456
31910 1 475
31911 1 620
31912 1 574
31913 1 1930
31914 1 906
32020 1 1581
32046 1 2058
32047 1 2055
32726 1 202
32878 1 330
34039 1 23394
34157 3 1381
34591 2 246
34851 6 587
34889 1 478
34890 1 1453
34891 1 519
35691 1 1322
36131 1 1273
36381 2 1502
36498 1 8241
37321 1 1056
37984 1 1580
38171 1 1510
38537 1 1111
38802 1 4212
39920 1 1039
39926 1 1489
40193 5 448
41991 1 2217
44698 1 2666
44915 1 385
44927 1 2922
46987 1 378
47030 3 496
47166 1 1017
47167 1 470
47168 1 652
47169 1 535
47170 1 720
47171 1 633
47172 1 758
47299 1 2019
47490 1 240
47675 5 541
48131 2 637
48203 1 428
48279 1 1412
48418 4 1894
48467 1 2133
48468 1 1002
48469 1 2316
48470 1 2310
48471 1 2563
48509 1 479
48510 1 1499
48511 1 505
48512 1 1124
48513 1 726
48514 1 499
48515 1 591
48516 1 615
48517 1 570
48723 1 863
49042 1 935
49189 1 460
50523 1 503
50524 1 1087
50525 1 876
50526 1 614
50527 1 1391
50638 1 2138
50639 1 2175
50640 1 2066
50641 1 2091
50642 1 2005
50643 1 1973
50884 3 597
50886 1 1179
50998 2 1150
51177 1 2704
52169 3 1437
52621 1 565
52622 1 538
52623 1 458
53078 2 3327
53209 1 1662
54329 1 899
54330 1 618
54331 1 506
54332 1 2659
54333 1 1417
54334 1 603
54335 1 925
54336 1 727
54337 1 568
54338 1 613
54339 1 706
54340 1 918
54341 1 738
54342 1 463
54343 1 491
54344 1 678
54345 1 465
54346 1 558
54347 1 473
54348 1 522
54517 1 514
54518 1 594
54519 1 458
54520 1 486
54521 1 1605
54522 1 557
54523 1 1390
54524 1 993
54525 1 1307
54526 1 534
54527 1 1295
54528 1 900
54529 1 916
54530 1 900
54531 1 802
54532 1 1019
54533 1 720
54534 1 1649
54535 1 873
54536 1 1001
54537 1 816
54538 1 692
54539 1 1132
54540 1 451
54541 1 597
54542 1 485
54543 1 1020
54544 1 689
54545 1 961
54546 1 525
54692 1 1956
56297 2 247
56298 2 228
56505 1 5118
56601 1 474
56864 1 1163
56865 1 1045
56866 1 1626
56867 1 776
56868 1 485
56869 1 577
56870 1 527
56871 1 641
56872 1 1066
56873 1 962
56874 1 1184
56875 1 1032
56876 1 1055
56877 1 1601
57160 1 2069
57161 1 2080
57162 1 2315
57893 3 876
57926 1 777
58439 1 834
58440 1 972
58441 1 1088
58442 1 535
58443 1 731
58444 1 708
58445 1 1394
58446 1 645
58447 1 523
58448 1 1131
58449 1 967
58450 1 657
58451 1 1894
58452 1 495
58453 1 564
58454 1 504
58455 1 988
58456 1 865
58457 1 471
58458 1 946
58459 1 1051
58460 1 641
58461 1 477
58462 1 1526
58463 1 563
58464 1 458
58465 1 615
58466 1 987
58507 1 831
58553 1 1944
59480 1 2579
59680 1 2653
59726 2 363
59727 2 227
59894 1 735
60053 1 1816
60054 1 1227
60055 1 912
60056 1 531
60057 1 489
60583 1 1120
60775 1 177
61046 1 660
61894 1 3336
62365 1 625
62366 1 496
62367 1 883
62368 1 470
62369 1 1325
62370 1 488
62371 1 453
62372 1 625
62373 1 508
62374 1 620
62375 1 673
62479 1 1061
63474 1 217
63497 1 1725
64544 1 460
64545 1 1001
64546 1 916
64547 1 510
64548 1 778
64549 1 840
64550 1 530
64551 1 489
64552 1 631
64553 1 873
64554 1 851
64555 1 827
64556 1 958
64557 1 706
65103 2 1022
65417 3 408
65418 3 309
65534 6 593
65566 1 565
65567 1 462
65568 1 1157
65569 1 617
65570 1 456
65571 1 628
65572 1 451
65573 1 550
65685 1 1579
65713 1 1940
66047 2 1117
66474 1 1387
66893 1 541
67095 2 2223
67623 1 1432
67807 1 623
68067 1 1176
68339 1 997
68921 1 697
68941 1 641
68942 1 638
68943 1 1054
68944 1 1017
68945 1 727
68946 1 548
68947 1 765
68948 1 1019
68949 1 540
69099 1 2057
69266 1 2497
69529 2 761
69698 1 533
70574 3 2062
70915 2 641
70937 2 1008
71323 1 3523
71860 1 1550
71861 1 640
71862 1 581
71863 1 1159
71864 1 597
71865 1 486
71866 1 1152
71867 1 694
71868 1 531
71869 1 529
71870 1 502
71871 1 1232
71872 1 529
72650 1 6445
73062 1 369
73193 1 1571
73194 1 906
73652 2 1168
74418 1 1264
74533 2 1653
74553 1 1171
75046 1 2104
75423 4 1748
75704 1 936
75933 2 1628
76118 2 1110
76593 1 1119
77592 1 492
77593 1 527
77594 1 871
77595 1 1498
77596 1 563
77597 1 1016
77598 1 512
77599 1 875
77600 1 894
77601 1 560
77602 1 616
77603 1 430
77604 1 540
77605 1 1191
77606 1 903
