front front 9429 65215343 
4 1 930
55 1 514
61 3 1005
96 1 56
116 1 897
117 1 6480
132 4 13051
133 1 3237
135 1 275
157 3 2070
161 1 1512
165 1 440
203 1 5213
210 1 1251
247 3 1642
256 2 8243
266 2 1509
298 1 903
361 1 5027
377 2 713
386 1 452
400 1 1208
406 1 1543
421 1 299
422 1 1707
423 1 1981
433 1 1676
436 1 918
444 1 141
447 1 431
455 7 3709
463 2 1357
474 1 3627
522 1 1558
529 3 6629
547 1 1844
565 2 524
580 1 773
583 1 1948
609 1 1086
614 1 539
626 2 1140
651 2 645
689 1 1358
697 1 684
725 1 7096
734 2 1711
736 2 2617
760 2 693
782 1 2324
783 1 2303
827 1 1057
844 1 867
845 1 1480
856 2 1130
857 1 1338
860 1 3051
864 3 1567
869 1 246
873 1 402
901 1 862
902 1 1246
957 2 715
963 1 2981
967 1 4480
971 3 1729
982 2 2403
983 3 1001
986 1 2025
987 1 2023
988 2 2173
995 1 3497
1015 2 360
1023 1 2468
1083 1 498
1096 1 3576
1114 2 1937
1119 1 1874
1126 1 463
1151 1 926
1163 1 1777
1185 1 15836
1195 1 693
1205 5 379
1255 1 184
1269 2 5091
1271 1 415
1277 2 682
1283 1 1543
1300 1 809
1302 1 729
1308 1 1224
1338 2 966
1364 1 460
1375 1 1253
1391 1 932
1419 1 1908
1468 1 1121
1470 3 960
1492 1 191
1516 1 2384
1545 2 1438
1566 1 3548
1570 2 1617
1583 1 4414
1587 1 673
1588 12 590
1594 1 988
1600 1 478
1614 1 1216
1618 1 966
1625 2 1302
1630 4 2072
1634 1 30082
1638 1 1745
1640 6 4776
1731 1 1417
1742 1 1543
1767 2 13095
1806 1 911
1807 1 974
1812 2 1673
1816 1 5747
1824 1 714
1829 1 1201
1830 1 1777
1861 2 5589
1886 2 1366
1887 2 1785
1888 1 2450
1892 3 11383
1898 1 3856
1912 1 477
1948 1 5448
1970 8 1066
2012 2 2745
2036 1 831
2042 1 934
2080 5 8786
2083 1 4561
2086 2 3653
2104 1 292
2124 1 1028
2125 1 937
2126 1 968
2128 1 1868
2144 1 1168
2151 1 1771
2155 1 901
2160 1 2295
2171 1 1919
2174 1 1180
2175 2 784
2184 2 1827
2192 1 5833
2195 1 838
2211 1 1151
2214 1 1202
2216 1 2877
2226 1 1993
2227 1 1993
2228 1 1993
2235 1 1852
2275 1 556
2323 1 713
2362 1 3506
2364 1 1034
2365 1 720
2377 1 904
2396 1 1417
2414 2 1645
2417 2 597
2420 1 2316
2440 1 503
2441 1 7506
2445 3 1951
2463 3 3258
2464 1 759
2483 1 4389
2521 1 464
2528 1 939
2537 1 1224
2571 1 712
2593 1 942
2622 1 2635
2627 1 1223
2640 1 481
2666 1 6601
2669 1 925
2672 2 421
2695 1 2852
2748 1 2085
2783 1 178
2821 1 1096
2981 1 1712
2983 1 722
2991 1 2631
2993 2 858
3003 4 3697
3028 1 1955
3037 1 1774
3049 1 788
3054 1 926
3080 1 411
3085 2 674
3096 1 1172
3100 1 2432
3104 1 3172
3107 1 3008
3132 1 2453
3133 4 4214
3149 1 1273
3186 1 1440
3202 3 6501
3228 1 1426
3238 4 1320
3245 2 741
3249 1 10966
3289 1 952
3295 1 2429
3323 1 132
3335 1 752
3344 1 1259
3346 1 755
3351 1 657
3364 1 1238
3378 1 4137
3379 1 4900
3383 3 10722
3401 2 1261
3402 1 2468
3403 1 2172
3404 1 2168
3405 1 2857
3410 2 11224
3440 1 1888
3447 8 2791
3471 2 4168
3473 1 1294
3482 1 3281
3483 1 1094
3498 1 489
3509 1 1454
3513 1 2385
3514 1 5186
3535 1 479
3544 1 591
3545 4 3041
3558 1 467
3563 1 1688
3579 2 4684
3596 1 458
3598 2 2141
3607 1 763
3656 1 1437
3662 1 1695
3668 1 8976
3671 2 4789
3706 3 6639
3727 1 17097
3794 2 2141
3800 2 1260
3808 1 2032
3847 1 27149
3863 1 4935
3885 1 1049
3889 1 1113
3893 2 1570
3898 1 1858
3922 3 4998
3936 1 687
3945 1 1359
4027 1 518
4028 1 1523
4076 1 4324
4101 1 3929
4104 1 1081
4142 4 3987
4145 3 6518
4146 2 1296
4170 2 3258
4172 5 4084
4178 1 3149
4184 1 4232
4187 2 7906
4204 2 3711
4211 3 6879
4215 3 664
4223 6 855
4249 1 2710
4251 1 2307
4263 4 1825
4298 3 7423
4326 1 852
4330 7 1163
4348 4 3712
4368 2 4832
4369 2 4444
4370 2 3314
4371 2 3866
4372 2 3440
4373 2 4212
4374 2 5584
4375 2 1815
4376 2 2069
4377 2 1760
4390 2 1399
4400 1 990
4401 1 729
4417 1 4384
4422 2 2597
4449 3 1837
4460 2 3587
4462 1 6187
4464 7 1473
4484 1 393
4491 1 1897
4496 2 6061
4498 1 288
4506 1 1210
4520 1 1588
4522 1 2966
4527 1 3429
4539 1 526
4637 1 1404
4641 1 1322
4642 3 1398
4654 1 56
4661 12 510
4667 1 3501
4733 1 318
4740 1 2057
4748 1 642
4752 1 5044
4793 1 1498
4801 2 858
4820 1 1191
4827 1 532
4828 2 1756
4831 2 2521
4838 3 5657
4839 2 1862
4840 2 5531
4847 2 2281
4866 1 980
4886 1 1349
4912 1 7415
4929 2 827
4942 1 1955
4948 1 3561
4950 4 3067
4954 1 2921
4962 2 361
4964 2 930
4969 2 1272
4972 1 783
4975 1 4050
4995 1 377
5092 3 3536
5110 1 4935
5129 1 1285
5132 1 1537
5141 1 1631
5144 1 3069
5148 1 976
5202 1 1878
5214 1 1588
5235 1 1131
5247 1 6498
5259 1 6380
5272 1 1109
5277 2 1640
5292 1 1284
5299 1 707
5301 1 381
5321 1 1222
5386 6 1742
5404 1 980
5411 1 1196
5415 1 3073
5432 2 1749
5454 1 6641
5455 1 15074
5497 1 992
5499 3 44062
5502 1 977
5503 1 1464
5504 1 1390
5514 2 580
5515 2 365
5528 2 2535
5551 2 378
5565 1 792
5582 1 1321
5607 1 1001
5611 11 8061
5621 2 132
5656 2 1357
5657 8 3480
5672 1 557
5792 1 2530
5812 1 1672
5841 1 1235
5850 1 537
5851 1 560
5865 1 1706
5867 1 5884
5870 1 795
5878 6 1401
5914 1 1088
5918 2 500
5922 1 690
5944 1 2113
5949 1 1365
5952 1 642
5960 1 1674
5988 1 969
6015 2 3323
6021 1 508
6029 1 1479
6044 1 2681
6048 1 4019
6063 6 1839
6070 1 1556
6078 5 1444
6084 1 3088
6087 1 1469
6091 1 2877
6092 1 264
6127 1 1065
6146 2 255
6147 1 1885
6163 2 4318
6165 4 4900
6167 2 601
6169 2 857
6170 1 854
6182 1 6597
6306 4 3001
6322 1 1074
6343 1 567
6364 1 7210
6452 1 1643
6453 1 2181
6454 1 2665
6455 1 1900
6461 1 1503
6548 2 930
6552 1 965
6606 1 760
6607 1 1415
6627 3 842
6648 1 612
6654 2 1063
6666 18 1807
6753 1 383
6764 4 162
6830 1 822
6831 1 416
6832 1 639
6880 1 198
6890 1 855
6913 1 464
6960 3 337
6997 1 1942
7002 5 6389
7012 1 611
7062 2 3124
7072 2 855
7118 1 39
7144 3 1209
7182 1 1128
7284 2 3123
7287 2 4774
7409 1 732
7421 1 979
7484 1 1097
7497 1 1070
7504 1 5695
7512 1 2037
7545 1 604
7559 1 528
7570 1 9650
7573 1 4835
7577 1 2093
7608 1 901
7684 1 603
7698 1 1482
7704 3 3369
7705 2 4973
7706 2 3286
7707 2 1904
7708 2 1422
7709 3 2370
7710 2 4326
7720 2 1667
7723 1 4731
7764 1 2460
7779 1 754
7784 1 327
7788 1 606
7803 1 103
7899 1 1265
7922 1 2189
7948 1 2839
7949 2 4128
7963 1 3329
7974 1 2073
7986 1 1034
8011 1 556
8015 1 1526
8022 2 7719
8036 1 706
8043 1 1213
8045 2 2218
8052 1 655
8053 1 1114
8059 1 707
8072 1 5760
8085 1 2815
8094 1 457
8122 1 5509
8130 2 2237
8139 1 4927
8167 1 1117
8170 1 1492
8188 1 1754
8204 1 4600
8212 1 1131
8244 4 607
8263 2 2493
8284 4 3146
8285 10 3377
8286 1 2044
8297 1 12133
8306 2 1820
8309 1 1297
8310 3 4695
8311 2 4367
8312 2 3567
8313 2 3754
8323 1 1446
8371 2 1170
8372 3 3639
8375 1 216
8385 5 2645
8403 2 2102
8404 2 1035
8408 5 5505
8410 1 1260
8416 1 4562
8423 1 1604
8450 1 1198
8500 2 4697
8503 2 523
8508 5 5791
8511 1 710
8517 1 1126
8545 1 394
8550 3 1456
8559 3 4026
8576 1 2461
8577 2 2346
8578 3 1656
8592 2 2003
8593 4 484
8614 2 1436
8665 2 877
8670 1 1141
8671 1 1147
8684 1 837
8685 1 1005
8723 1 503
8732 2 2463
8820 1 865
8827 3 6533
8828 1 2492
8848 1 2976
8850 1 3830
8885 1 1388
8886 1 1109
8903 1 1242
8913 3 12589
8937 1 1958
8970 1 832
8992 2 2708
8993 1 2404
9015 2 1015
9020 1 1016
9093 1 607
9131 2 1076
9148 2 477
9162 1 1574
9166 1 1429
9173 1 6443
9190 4 1362
9204 1 3049
9229 2 554
9238 1 2921
9285 1 1179
9292 1 3389
9294 1 3543
9296 1 1359
9297 1 1678
9318 2 494
9337 1 1665
9341 1 837
9346 2 1930
9401 1 1529
9455 1 650
9471 1 2467
9514 1 563
9542 1 410
9604 1 2143
9605 1 2284
9609 3 1117
9639 1 1016
9640 2 3873
9645 2 555
9661 1 528
9662 1 527
9672 1 559
9713 2 1813
9719 3 811
9729 1 776
9733 1 555
9736 1 1415
9752 16 8096
9760 1 2142
9763 1 651
9784 1 535
9795 1 6831
9801 1 3599
9805 1 5191
9828 1 2395
9851 1 675
9891 1 2022
9936 2 2878
9937 1 579
9949 1 438
9989 1 302
10004 1 309
10005 1 430
10006 1 429
10007 1 444
10008 1 1778
10017 4 658
10023 1 1926
10033 1 8876
10038 8 1127
10039 2 2247
10067 2 2395
10083 1 2180
10086 2 953
10097 2 1553
10098 2 1684
10101 3 12486
10120 1 1997
10122 2 2093
10137 2 658
10175 2 1616
10212 1 916
10224 1 1087
10249 1 1601
10251 1 1893
10262 1 523
10270 2 908
10294 4 437
10307 1 469
10324 1 1557
10325 3 1466
10336 2 1025
10338 1 1672
10342 1 377
10370 1 702
10377 1 2603
10393 1 2415
10405 1 808
10420 1 421
10421 1 740
10444 1 668
10452 2 979
10455 1 1009
10470 1 606
10478 1 1312
10488 3 1531
10496 2 1615
10508 3 456
10534 2 900
10546 2 359
10572 1 1089
10578 2 380
10626 1 1442
10633 1 692
10635 1 525
10652 2 3224
10713 2 2253
10714 2 1206
10731 2 2189
10751 1 1074
10796 1 5414
10808 1 6608
10858 1 1213
10864 1 2401
10906 1 7912
10914 2 598
10932 2 570
10940 3 7910
10954 2 2770
10960 1 600
10979 2 1181
11001 3 7028
11005 1 640
11012 1 1191
11013 1 382
11015 1 548
11030 2 600
11031 1 759
11037 1 1092
11038 18 535
11042 2 624
11047 7 1853
11051 2 1555
11062 1 1457
11104 1 858
11120 1 1160
11123 1 714
11128 1 788
11130 1 937
11200 2 1703
11209 1 1032
11214 2 1706
11249 2 5195
11250 4 1537
11275 1 452
11284 1 883
11288 5 9962
11363 1 8263
11386 1 1182
11401 1 704
11403 1 2453
11423 1 440
11431 1 1008
11447 1 834
11465 1 2175
11467 1 3152
11487 1 651
11488 3 735
11534 1 568
11541 5 418
11557 2 2108
11569 1 6434
11599 1 1132
11615 1 1661
11633 1 2246
11647 2 941
11665 1 1141
11685 2 1102
11690 14 2544
11691 1 1005
11719 2 491
11721 2 3482
11745 1 1277
11754 4 1037
11759 2 2876
11760 1 1905
11764 1 739
11863 1 1940
11869 2 2608
11886 1 791
11958 1 1894
11968 1 1385
11971 1 1187
11985 1 2269
11994 1 875
12063 1 1221
12080 1 551
12105 2 1448
12112 2 673
12117 1 397
12118 1 1794
12124 1 101
12127 1 846
12138 1 18363
12146 1 2689
12156 1 13898
12164 1 3148
12184 1 2062
12209 1 537
12223 3 6167
12253 1 928
12268 1 1241
12281 1 1155
12289 3 1759
12320 1 1771
12330 1 918
12331 3 3864
12338 1 1232
12355 1 612
12365 1 8585
12367 1 9446
12388 1 3483
12390 1 3720
12408 2 723
12411 2 1615
12412 1 1917
12417 2 3309
12434 2 2955
12435 1 2066
12444 1 1257
12445 2 1249
12446 1 1227
12447 1 1262
12448 1 1256
12449 1 1233
12450 2 882
12451 3 961
12465 1 1108
12494 1 1170
12499 1 3780
12510 2 1894
12518 1 645
12520 1 6343
12521 1 347
12526 1 21005
12601 7 3000
12607 1 1153
12616 1 636
12636 1 2613
12638 1 6177
12639 1 861
12641 2 1246
12647 1 4896
12653 1 1822
12658 1 1221
12665 1 1942
12673 1 6656
12674 1 6435
12678 4 7529
12682 1 1296
12690 1 336
12701 2 7084
12704 1 5255
12723 3 1350
12728 1 1561
12741 1 132
12746 5 1213
12747 2 3912
12751 2 5083
12753 2 3395
12754 2 1143
12759 2 1866
12762 1 5406
12765 2 2402
12767 1 838
12782 1 1849
12783 1 4316
12785 1 979
12799 1 633
12814 36 46677
12823 2 466
12857 1 2354
12885 2 6601
12890 6 2391
12892 1 973
12895 1 1232
12931 1 1455
12950 1 2140
12954 1 1599
12972 2 671
12974 1 4586
12979 1 1831
12982 1 1294
13003 1 4796
13030 1 691
13041 1 786
13044 4 1428
13053 1 3052
13058 6 11569
13097 1 579
13122 2 8864
13125 2 639
13130 1 1432
13131 1 1016
13156 1 3209
13174 1 3530
13197 1 1674
13199 1 1429
13208 1 2020
13212 3 3298
13230 1 1741
13254 1 564
13329 1 751
13332 8 14933
13339 3 2880
13344 1 5744
13368 1 580
13375 3 3891
13397 1 492
13400 1 2450
13421 2 734
13431 1 613
13432 1 875
13433 1 4168
13449 2 2443
13463 1 3262
13479 1 5487
13497 2 6632
13499 5 5895
13508 3 6492
13510 2 1138
13518 4 16194
13519 1 553
13532 1 1389
13548 2 6866
13574 5 1305
13575 5 2070
13599 2 1426
13601 1 1798
13605 2 692
13618 1 28398
13620 2 1358
13623 3 549
13627 1 3259
13636 1 1160
13640 1 4066
13642 1 1397
13648 1 1463
13657 1 1124
13669 1 1253
13670 5 2094
13682 1 1174
13698 1 2026
13708 1 1430
13710 1 1819
13780 3 685
13819 2 877
13828 1 613
13829 1 1750
13840 1 1860
13846 1 1850
13855 1 1396
13864 1 867
13871 1 6056
13912 1 6746
13928 1 4471
13936 1 3277
13939 1 1157
13985 2 11629
14000 1 859
14029 2 1120
14068 1 2470
14080 19 51830
14097 5 1755
14105 1 9306
14168 4 922
14176 1 2211
14191 1 1859
14194 6 2591
14207 1 954
14212 3 12149
14222 1 338
14232 2 1682
14233 1 1003
14234 1 1454
14235 1 1311
14242 2 727
14260 1 675
14264 1 2175
14265 1 2579
14280 7 2667
14289 2 1413
14290 1 925
14292 3 11958
14294 1 887
14301 2 2773
14321 2 411
14323 3 1990
14337 2 2253
14349 1 1424
14357 1 927
14378 1 724
14388 1 823
14389 1 807
14432 1 679
14451 1 447
14462 8 710
14474 2 3842
14485 1 2125
14498 1 1088
14509 1 555
14510 1 6161
14512 1 2539
14520 7 7541
14560 1 1173
14561 3 3007
14567 2 209
14617 1 1152
14644 2 228
14649 2 3074
14658 1 3354
14660 1 1279
14671 3 784
14675 1 1701
14691 1 802
14692 6 3976
14714 3 5738
14715 1 1357
14721 4 4901
14722 4 6567
14723 3 4899
14724 3 5113
14728 1 2287
14732 2 798
14741 1 964
14742 1 687
14752 1 1510
14753 1 1017
14756 1 3039
14763 1 1468
14770 2 1069
14776 2 1585
14779 2 3250
14795 3 2968
14812 1 462
14820 1 4854
14825 3 398
14827 1 2870
14836 3 2455
14852 2 815
14881 1 2726
14996 1 1221
15019 1 635
15025 1 507
15033 2 1150
15050 2 1758
15108 1 1429
15109 1 1344
15116 2 1011
15136 1 875
15137 3 2521
15140 1 1513
15142 1 861
15193 1 1214
15196 3 8919
15198 1 1662
15203 1 5461
15204 1 3771
15209 2 2739
15236 1 951
15247 1 644
15251 1 827
15299 1 316
15301 1 5730
15438 2 1008
15467 3 555
15492 1 680
15529 1 947
15557 1 1027
15568 1 3032
15572 1 3411
15603 1 430
15622 1 556
15624 4 1071
15757 1 7636
15808 2 695
15810 2 4391
15813 1 1072
15827 12 1880
15831 1 2451
15833 2 1583
15835 1 395
15853 1 1348
15855 1 547
15869 2 2413
15880 1 691
15887 1 3518
15938 1 650
16004 1 1576
16008 2 6422
16009 1 1037
16016 1 802
16021 1 1876
16035 1 631
16101 1 2125
16103 2 1875
16105 3 1661
16114 1 1601
16126 11 2272
16139 1 861
16175 1 932
16187 1 1638
16201 1 3976
16222 2 949
16224 1 1417
16227 1 2985
16228 1 807
16231 1 2052
16235 1 4462
16237 1 2746
16238 3 11763
16240 1 465
16257 1 6019
16258 7 7609
16260 4 4783
16265 1 624
16269 1 828
16281 3 3429
16294 2 2089
16305 1 408
16316 1 3859
16321 3 1829
16322 1 2378
16325 1 1100
16333 2 1016
16341 5 9421
16343 1 826
16354 1 986
16368 1 4019
16388 1 1730
16393 1 966
16395 1 1895
16403 2 2270
16404 1 746
16407 2 637
16435 1 1396
16437 3 2983
16445 2 254
16465 1 3291
16486 2 3020
16489 3 4179
16492 1 3998
16503 3 818
16533 1 1331
16553 1 869
16556 1 1491
16557 1 1683
16558 1 527
16564 3 1007
16570 1 1285
16574 1 2535
16575 2 2548
16579 1 1174
16589 1 3703
16590 1 3144
16591 2 6896
16592 1 2447
16623 2 466
16635 1 7678
16641 1 2049
16674 2 2131
16723 1 573
16727 1 744
16748 1 3753
16765 1 1110
16766 1 624
16769 2 282
16776 1 539
16777 2 538
16797 1 2473
16799 1 3514
16810 2 2137
16813 1 4537
16827 1 1151
16848 1 1881
16849 1 6516
16860 1 2032
16867 1 1515
16888 1 1462
16889 1 1208
16890 1 674
16891 2 1176
16906 1 474
16918 1 1281
16925 1 1943
16938 1 820
16943 2 10757
16959 6 889
16970 2 1181
16977 2 993
16993 8 1557
17005 2 2314
17013 2 9772
17021 1 1973
17023 1 1195
17025 1 2138
17027 2 6203
17036 1 391
17038 1 1354
17085 1 1385
17088 1 229
17097 2 2690
17107 2 1950
17113 1 4319
17114 2 6140
17120 1 615
17122 1 9203
17141 1 1634
17174 1 1157
17175 1 502
17198 1 2072
17221 1 1117
17235 1 1114
17239 1 2179
17247 6 2453
17248 1 2188
17258 1 1211
17275 2 368
17295 4 3426
17297 1 1229
17312 1 1027
17324 1 1401
17342 2 4836
17350 1 466
17353 3 1336
17359 1 667
17377 1 680
17385 1 3998
17389 37 1790
17390 1 3105
17395 1 1269
17402 1 3104
17426 1 7075
17446 1 3664
17454 1 2094
17479 1 1106
17485 1 782
17494 6 4778
17510 9 13439
17527 2 651
17555 2 14925
17556 1 519
17561 1 498
17570 1 5402
17596 5 360
17632 2 1226
17651 1 3602
17653 1 5954
17669 2 5167
17730 1 4474
17758 1 28986
17779 2 1349
17781 2 1156
17790 1 2095
17818 3 4410
17856 1 998
17889 3 749
17905 3 2215
17964 1 1402
18027 1 869
18031 2 2951
18032 3 3246
18038 2 3203
18043 1 3632
18049 1 457
18072 1 729
18112 8 180
18117 1 2036
18121 1 1538
18122 1 1701
18123 1 2594
18124 1 993
18130 1 1535
18135 2 919
18146 2 5814
18165 1 915
18176 1 2271
18177 1 2271
18178 1 2270
18179 1 2271
18264 1 3866
18305 1 298
18312 1 1509
18313 1 1183
18333 1 946
18394 1 1853
18395 2 6885
18396 2 12783
18402 1 613
18405 1 878
18407 1 391
18422 1 238
18426 1 623
18475 1 2196
18490 1 1473
18517 1 1038
18527 1 2923
18533 1 1991
18534 4 1729
18568 1 1372
18592 2 1762
18597 1 6498
18622 2 5539
18624 2 1144
18627 1 1504
18636 1 1655
18639 1 1434
18644 14 2789
18646 3 1083
18653 1 4815
18654 2 15696
18664 2 2209
18665 1 960
18686 6 3449
18687 3 3261
18689 2 2550
18704 3 1305
18719 1 2396
18720 1 673
18724 3 566
18739 1 3057
18740 1 2994
18741 1 3106
18742 1 2981
18752 1 520
18769 2 2940
18779 1 2121
18797 1 3696
18798 2 4126
18799 2 2303
18802 2 1147
18803 1 507
18847 1 603
18853 1 1536
18866 4 1969
18874 1 755
18879 1 3453
18884 1 836
18899 1 1411
18905 1 3741
18924 2 3309
18929 1 1995
18930 2 2682
18933 2 6035
18937 1 762
18938 1 464
18941 1 1110
18948 1 1178
18949 1 628
18953 1 916
18955 2 1036
18956 2 1036
18965 2 20789
18966 1 7427
18967 2 13159
18999 1 340
19004 7 7776
19020 8 828
19021 4 1100
19026 3 1706
19045 1 3919
19053 1 1540
19059 1 838
19066 1 1990
19088 2 938
19092 1 2849
19093 1 3292
19095 5 4478
19117 1 1805
19162 1 914
19177 1 1161
19309 1 2189
19368 1 1125
19371 1 1293
19375 2 4252
19382 1 889
19384 1 5576
19392 1 669
19396 1 677
19491 1 1810
19499 1 364
19504 2 6279
19509 2 1523
19512 1 3132
19545 1 9624
19551 1 1078
19560 5 8071
19563 1 5781
19570 1 2209
19574 1 643
19578 1 394
19590 1 471
19602 2 900
19637 1 633
19643 1 3951
19656 1 5073
19670 1 1951
19678 1 6792
19681 1 10198
19683 1 2480
19685 3 4688
19697 1 2330
19717 2 1015
19756 1 1091
19775 2 1472
19826 1 564
19832 2 4109
19842 1 2475
19863 2 1885
19873 3 1291
19878 2 1514
19883 2 5667
19884 2 5873
19885 2 1727
19886 2 1995
19887 2 3613
19888 2 1794
19889 2 7969
19890 2 2034
19891 2 4302
19892 2 2205
19893 4 6194
19894 2 2667
19895 2 3842
19896 3 4758
19897 2 3289
19898 2 4338
19899 2 6214
19904 2 1476
19905 3 862
19933 1 1797
19934 1 984
19937 2 833
19943 1 1820
19945 2 1525
19957 3 1260
19959 1 2824
19960 1 1151
19974 1 1575
19978 1 754
19985 1 8977
19997 1 888
19998 1 810
20001 1 2461
20005 1 2489
20006 2 2516
20017 1 5287
20022 2 985
20030 1 4962
20057 4 5239
20139 1 1612
20152 1 379
20154 1 3393
20161 1 1149
20168 1 856
20185 2 1049
20200 2 30304
20236 1 1252
20238 1 1094
20240 1 910
20246 2 878
20251 1 487
20252 1 3211
20263 1 3682
20294 1 3768
20307 2 914
20315 1 464
20369 1 781
20378 1 1896
20421 2 12627
20422 2 12210
20423 2 5021
20425 2 3934
20429 1 591
20434 3 2324
20575 2 4332
20606 1 609
20617 2 1245
20661 1 1660
20663 1 2969
20666 1 427
20678 1 4807
20681 2 935
20682 3 5585
20707 3 35797
20713 2 3777
20732 1 1193
20769 3 1098
20785 1 3062
20804 1 1029
20808 3 1960
20812 1 1234
20833 3 5441
20851 1 259
20904 2 4287
20907 1 2997
20915 1 2042
20928 2 1673
20949 1 1116
20966 1 678
20971 1 884
20978 3 1565
20988 1 1264
20989 3 2034
20990 1 2056
20999 1 2745
21003 2 928
21046 3 10160
21048 1 914
21050 2 1359
21060 1 2143
21074 1 5552
21077 1 169
21081 2 1093
21083 1 2413
21107 1 975
21147 1 248
21153 1 698
21189 1 979
21208 1 1438
21266 2 4449
21299 2 9163
21311 1 1560
21321 1 7104
21353 1 1391
21357 1 5683
21359 1 13839
21391 1 4613
21392 1 880
21393 1 797
21394 1 258
21408 1 364
21411 1 3667
21412 1 421
21418 1 1031
21420 1 4351
21421 1 1866
21423 1 1871
21456 1 1779
21468 1 1468
21481 2 1234
21484 1 1764
21490 3 4936
21499 1 696
21503 2 13267
21507 1 7373
21514 4 639
21527 3 6412
21542 1 37742
21562 1 836
21590 1 266
21608 1 4754
21625 1 688
21632 1 2786
21637 1 10855
21644 8 11884
21646 1 410
21648 1 6487
21672 1 1580
21673 1 365
21691 1 541
21702 3 3125
21758 2 2344
21764 1 709
21837 1 825
21845 1 1139
21852 1 6758
21862 1 3630
21864 1 402
21865 1 2056
21882 2 1265
21889 2 228
21897 2 2020
21900 1 1945
21903 1 3153
21905 1 688
21913 2 3148
21918 1 704
21925 1 1122
21935 1 937
21944 1 1690
21946 1 1327
21960 6 7778
21963 3 2029
21972 1 2236
21973 1 1276
21976 1 3253
21989 2 2096
21992 1 1844
22032 2 4462
22034 1 1880
22039 2 521
22077 1 1495
22078 3 579
22093 3 10393
22112 1 1097
22143 1 2573
22161 6 6376
22163 1 2087
22166 1 1970
22206 1 2514
22216 1 13756
22229 1 913
22231 1 1087
22384 1 390
22413 1 1024
22476 15 744
22477 1 2074
22478 1 1558
22479 1 1300
22481 1 749
22484 1 371
22509 1 1358
22527 2 2945
22535 2 1608
22545 1 845
22547 1 5064
22592 2 2031
22611 1 992
22618 1 2272
22629 1 691
22772 1 679
22887 1 4212
22899 1 1555
22934 4 1223
22947 1 791
22950 4 1033
22963 16 511
22968 1 346
22986 1 1800
23003 1 912
23008 1 718
23013 2 4500
23014 2 3266
23021 1 4030
23029 1 1645
23047 1 828
23048 1 522
23064 1 7447
23076 21 1270
23125 1 1534
23126 1 2676
23129 1 438
23134 3 2296
23216 1 946
23224 2 1079
23283 5 4182
23332 1 475
23362 1 1820
23363 2 3369
23373 4 1729
23382 1 852
23388 1 450
23407 1 6338
23408 1 5715
23411 7 2833
23419 1 1204
23420 1 1191
23441 1 1238
23442 1 1311
23494 2 579
23496 1 1509
23497 1 1079
23513 1 440
23514 3 8145
23526 1 2714
23542 1 590
23543 1 2015
23544 1 1694
23545 1 1025
23557 2 1303
23563 1 936
23567 1 2368
23589 1 741
23637 2 2848
23658 1 603
23694 1 793
23720 4 1499
23732 1 4739
23733 1 2720
23747 1 2274
23748 1 4770
23754 1 1131
23765 1 11324
23769 1 1738
23785 1 577
23814 1 396
23896 2 3005
23978 1 639
24093 1 4836
24094 1 3157
24096 1 3824
24098 1 2429
24119 2 14616
24153 2 1241
24157 1 10311
24171 1 446
24203 1 1006
24212 2 4006
24229 1 631
24246 2 615
24247 3 814
24252 2 634
24255 2 3586
24267 1 1344
24268 1 1365
24269 1 1407
24275 4 852
24277 1 1031
24388 2 1686
24390 2 3496
24437 2 3970
24444 4 1797
24451 1 2059
24460 1 1835
24462 2 8468
24467 1 491
24472 1 2226
24502 1 2202
24506 1 7516
24539 1 3939
24561 2 3084
24588 1 1540
24616 1 6643
24619 1 1922
24632 1 815
24663 1 215
24669 2 2087
24685 4 494
24686 1 1154
24724 1 777
24747 1 5509
24748 2 4627
24749 1 4668
24750 2 6415
24790 1 2605
24791 1 2527
24794 1 291
24814 1 1629
24820 1 1367
24823 3 2274
24824 3 1881
24825 3 1588
24827 2 1654
24842 1 3916
24848 2 1701
24849 2 4735
24865 1 2318
24872 1 458
24886 1 7415
24887 1 7415
24888 1 7415
24911 2 801
24912 2 830
24922 3 1786
24932 1 610
25041 1 947
25047 2 1186
25064 1 1909
25066 1 1878
25068 1 945
25069 1 1507
25154 2 4423
25159 1 487
25160 1 3316
25231 1 2410
25233 1 4985
25242 1 2763
25243 1 3615
25260 3 1048
25266 1 937
25307 1 758
25310 1 1434
25311 1 1219
25316 1 1225
25318 1 759
25323 1 1577
25324 1 2744
25348 1 2680
25391 2 2825
25392 1 964
25402 6 1389
25404 1 721
25423 2 676
25435 1 1429
25436 1 1291
25441 1 1222
25459 1 1129
25474 3 3568
25477 2 3314
25484 2 711
25485 4 361
25490 2 4592
25491 1 2382
25502 2 705
25547 1 3685
25553 1 3595
25562 1 3195
25564 4 507
25606 1 776
25615 2 920
25619 2 756
25655 1 2371
25656 1 4885
25693 1 2462
25707 1 1454
25712 1 2401
25718 1 3888
25727 1 726
25754 1 716
25756 5 902
25767 1 1166
25771 1 2483
25782 1 1018
25783 2 3260
25790 1 1549
25804 2 2275
25817 1 1059
25832 1 1204
25848 2 997
25877 1 720
25969 2 1852
26012 3 1755
26054 1 1978
26059 1 1273
26071 1 694
26077 1 2040
26095 2 5070
26098 1 859
26136 6 889
26137 1 682
26155 2 920
26161 2 14248
26163 1 8177
26190 1 871
26210 1 1293
26241 2 5926
26242 3 1535
26246 1 803
26295 1 1958
26300 1 461
26338 1 515
26343 1 4639
26350 1 721
26381 1 1479
26383 1 641
26388 1 3682
26421 2 995
26439 1 1615
26449 5 7560
26454 1 1961
26469 1 750
26473 1 1023
26498 2 32423
26507 1 4226
26509 1 526
26532 1 1485
26534 2 3621
26615 1 564
26621 1 486
26622 1 3312
26624 1 1595
26631 1 8025
26687 1 624
26688 1 4422
26705 1 1443
26707 1 536
26727 1 4405
26730 1 1483
26733 2 381
26739 1 615
26766 1 1561
26772 1 1743
26777 1 746
26796 1 2116
26805 1 1467
26812 2 1962
26817 1 1868
26820 2 5014
26821 2 4111
26822 3 1713
26830 2 3419
26863 1 1540
26890 1 1680
26923 1 1173
26937 1 1216
26941 1 630
26944 2 2864
26945 2 2664
26972 1 932
27028 1 562
27035 1 1356
27036 1 6909
27125 1 1153
27168 1 1413
27173 1 3255
27182 1 3254
27191 1 2750
27200 2 863
27201 6 865
27202 2 938
27204 1 1300
27212 4 1430
27213 1 2166
27236 1 1397
27270 1 2026
27281 1 328
27286 1 1789
27294 5 306
27302 1 536
27308 2 7530
27309 1 2591
27318 1 1235
27319 1 1266
27347 1 553
27391 1 4345
27392 1 4376
27394 3 1701
27425 1 2871
27474 1 1604
27495 1 1622
27520 1 3462
27523 1 322
27524 1 2332
27528 1 745
27564 2 454
27587 1 1067
27626 2 1130
27662 1 621
27687 3 1575
27692 1 462
27702 1 937
27708 1 211
27727 1 2086
27749 1 1575
27759 1 1052
27772 2 3134
27773 2 1301
27777 2 2817
27778 2 1834
27779 2 4121
27782 2 1620
27783 1 1105
27823 1 1303
27824 1 2281
27826 1 942
27845 2 821
27852 2 5540
27855 1 855
27856 1 872
27857 1 868
27865 1 1464
27878 1 1265
27882 5 918
27922 1 969
27924 1 500
27984 1 361
27996 2 1192
28005 1 912
28013 1 1089
28032 1 1700
28039 1 1292
28041 1 2090
28043 1 1906
28082 1 1956
28091 1 2614
28103 1 5130
28104 1 1950
28105 1 3202
28119 1 777
28122 1 1430
28131 1 1689
28257 1 3449
28259 1 6624
28261 3 11790
28277 3 2560
28299 1 772
28309 1 847
28315 5 755
28414 1 3568
28415 1 813
28416 1 1057
28418 1 2121
28430 3 2319
28446 2 9326
28451 1 814
28459 2 5561
28460 2 5545
28461 1 926
28466 2 10312
28639 1 2821
28658 1 729
28665 1 597
28668 1 748
28673 2 1086
28675 1 1685
28681 1 507
28694 1 1039
28695 1 1876
28702 2 1503
28711 1 2834
28715 1 631
28724 2 794
28730 1 1156
28737 1 545
28739 3 1791
28792 2 623
28799 1 4713
28804 1 884
28806 2 4379
28826 1 2041
28828 1 1306
28840 1 12057
28848 1 449
28854 1 1290
28871 2 2000
28952 1 980
28958 1 739
28984 1 728
29037 1 526
29038 1 341
29068 1 308
29078 1 1124
29117 1 928
29144 1 2485
29146 1 1559
29147 1 1734
29179 1 231
29180 1 3520
29330 1 497
29372 6 1389
29376 1 736
29387 12 2788
29399 2 1118
29418 1 3556
29420 1 439
29422 1 461
29429 1 1618
29430 1 1287
29436 1 1447
29461 2 767
29486 1 1334
29493 1 3306
29503 1 865
29519 10 8686
29529 1 4211
29530 1 1631
29562 1 169
29571 1 1682
29599 2 1621
29602 1 764
29625 2 10200
29630 2 1791
29631 2 1819
29632 1 2000
29634 5 1038
29647 1 917
29687 1 2532
29688 1 2530
29693 1 1825
29696 1 1829
29722 2 9450
29784 1 951
29788 2 2365
29818 1 1719
29825 2 3891
29827 2 1467
29846 1 615
29869 1 1347
29873 1 2458
29875 1 2653
29888 1 3407
29890 1 438
29891 2 4871
29895 1 940
29899 1 815
29914 1 2420
29953 1 802
29973 1 1093
29991 2 10803
29998 1 854
30000 2 1452
30004 1 367
30005 2 496
30023 1 534
30034 1 1737
30073 1 2480
30088 1 2391
30110 1 1249
30182 3 1248
30194 1 1245
30211 4 3859
30245 1 281
30255 2 2558
30257 2 1126
30301 1 1460
30303 1 5165
30320 1 1408
30344 1 1892
30351 2 4754
30383 1 1333
30433 1 4735
30435 1 1206
30452 1 512
30465 2 221
30555 1 4027
30580 1 952
30598 1 1152
30602 2 3594
30620 1 361
30638 1 1053
30639 3 8117
30643 1 1318
30648 2 1003
30708 2 1734
30710 1 966
30727 1 1425
30734 1 1176
30747 1 4167
30752 1 1610
30754 1 1367
30769 1 1282
30799 1 2179
30802 1 2179
30808 2 2494
30828 1 939
30846 1 2865
30857 2 479
30858 2 950
30867 1 1554
30872 1 2105
30875 1 1543
30888 1 2250
30895 4 1043
30936 1 2343
30952 1 3956
30953 1 4469
30973 1 7204
31000 2 1154
31003 1 534
31004 1 1096
31013 1 947
31029 1 886
31058 3 3446
31061 1 1776
31078 1 895
31085 1 2635
31096 3 771
31110 9 1316
31114 1 1306
31119 1 245
31235 1 1666
31236 1 1725
31247 1 609
31257 2 1242
31274 4 1664
31287 2 1268
31289 1 1482
31337 1 5832
31342 1 867
31343 1 1798
31351 4 1654
31410 2 2031
31521 10 3875
31546 3 3809
31555 1 1195
31579 1 161
31596 1 1290
31601 1 982
31631 1 2970
31634 1 596
31702 1 2004
31703 1 1955
31723 1 9877
31738 1 1012
31739 1 977
31742 5 411
31744 3 7219
31754 1 1235
31821 2 4061
31822 1 3213
31825 2 3867
31835 1 2763
31839 1 844
31858 1 1811
31859 1 1265
31921 1 1208
31927 1 1875
31929 1 15160
31930 3 4739
31936 2 3664
31945 1 2616
31949 2 6125
31988 1 1092
32019 1 4793
32027 1 1475
32039 16 3651
32042 19 828
32124 1 1277
32200 1 968
32204 1 379
32208 1 2672
32211 1 954
32220 1 839
32238 2 4115
32242 1 1349
32253 1 425
32292 2 3278
32293 2 3048
32330 2 739
32347 3 824
32359 2 1514
32374 1 3413
32385 1 1964
32388 20 24490
32411 4 218
32421 4 729
32426 1 3386
32492 1 692
32664 1 1019
32668 10 833
32704 5 2103
32712 3 1799
32746 1 2142
32749 1 1148
32775 1 475
32847 1 2340
32869 1 784
32883 2 205
32912 1 536
32913 2 774
32972 1 11367
32977 1 895
32989 1 1412
32990 1 1413
33023 1 679
33034 1 440
33037 1 754
33070 1 764
33072 1 829
33078 2 5728
33080 1 2203
33108 2 682
33122 1 1115
33124 1 2148
33131 1 1235
33141 1 1413
33151 2 2303
33179 2 2037
33185 1 1186
33217 2 1141
33240 1 9576
33244 1 453
33269 1 453
33295 1 924
33310 3 9499
33318 1 2084
33320 1 221
33334 2 2979
33337 1 696
33392 1 753
33402 1 39
33425 1 548
33489 1 1302
33494 3 11341
33517 1 1259
33555 1 581
33575 4 1216
33582 1 1466
33586 1 2998
33590 3 3769
33605 2 489
33621 6 468
33645 1 1102
33657 1 1436
33663 2 5738
33675 1 2486
33691 1 828
33703 2 18894
33766 2 1101
33804 2 6411
33808 4 1401
33814 2 693
33825 1 1053
33829 1 837
33833 1 1730
33847 3 7078
33851 3 866
33859 1 7228
33875 2 726
33908 1 313
33917 2 1937
33924 5 11847
33928 2 774
33937 2 14231
33942 2 1795
33948 1 1368
33980 1 2963
33987 1 4548
33996 1 4294
34004 6 5029
34015 1 1157
34016 4 1873
34046 3 3718
34048 1 922
34052 2 11789
34059 2 1599
34085 2 4021
34086 1 3765
34098 2 432
34117 1 1025
34150 2 1435
34151 1 1688
34196 1 1544
34250 1 1738
34266 1 3285
34281 2 5326
34287 1 2048
34298 2 6813
34318 1 1326
34332 1 758
34372 1 3359
34394 1 8616
34395 1 2479
34438 1 1066
34439 1 1490
34454 1 1630
34455 1 1495
34456 1 1514
34457 1 1594
34463 1 620
34465 1 5422
34488 1 842
34493 1 905
34494 1 1658
34498 5 817
34503 1 1238
34505 1 3691
34514 1 2438
34520 2 2339
34521 6 3172
34536 2 1429
34548 2 2298
34558 1 1400
34563 4 2401
34567 1 211
34576 2 3903
34578 1 2374
34584 1 973
34593 1 324
34611 1 679
34679 1 1212
34680 1 1201
34688 4 493
34689 1 1908
34705 1 773
34715 1 489
34717 1 544
34725 2 827
34766 2 437
34767 2 384
34768 2 1348
34769 2 408
34774 2 1968
34776 1 2068
34781 1 4211
34794 1 1523
34808 1 1397
34810 1 432
34824 1 468
34826 1 1380
34843 1 983
34860 1 3758
34861 1 4582
34901 3 18201
34920 1 1576
34964 1 1938
34972 4 2699
34994 1 665
35041 3 7162
35047 1 1718
35054 1 751
35055 1 1150
35056 1 753
35148 1 1369
35149 8 9307
35151 3 4287
35159 1 1431
35170 1 1948
35183 4 1577
35202 1 412
35317 1 1885
35331 3 2132
35333 1 5425
35334 1 4418
35346 1 1294
35368 6 2496
35385 5 1452
35388 1 868
35398 1 4556
35399 3 6478
35437 1 2276
35438 1 1048
35439 3 553
35468 1 959
35480 1 875
35482 1 1290
35502 1 452
35559 2 2826
35590 1 441
35599 1 1705
35657 1 492
35661 5 405
35678 1 1277
35683 2 1542
35714 1 1619
35720 1 4608
35724 1 2406
35759 1 2988
35773 1 1187
35787 1 681
35798 2 1407
35801 1 585
35825 2 3773
35828 2 5244
35831 2 3206
35840 5 5256
35861 2 10960
35887 1 4260
35891 1 2019
35895 1 1498
35903 1 824
35948 1 838
35951 1 2034
35984 1 885
35989 1 5185
36015 1 260
36018 1 1940
36027 1 7080
36051 2 3640
36060 2 1765
36081 1 2438
36083 2 1627
36100 2 3371
36109 1 12698
36129 1 1661
36134 2 19793
36135 4 1001
36136 1 2452
36145 1 670
36242 2 1042
36287 1 1827
36291 2 4374
36292 2 3895
36293 2 3644
36294 2 3160
36298 1 1028
36300 3 3570
36301 1 459
36306 2 2219
36308 1 781
36334 1 1139
36336 1 5447
36338 1 405
36358 2 1651
36384 9 1118
36394 1 5251
36395 1 5251
36396 1 5251
36397 2 8678
36398 2 8678
36414 1 3031
36456 1 1042
36457 1 980
36466 2 679
36498 6 8241
36505 1 622
36516 1 888
36526 2 786
36548 1 1059
36558 1 1161
36605 1 1696
36619 1 994
36624 1 1412
36625 1 1412
36626 1 1412
36671 1 1332
36677 1 2268
36692 1 1033
36698 1 904
36728 3 1234
36732 1 18263
36785 1 1843
36787 1 1432
36792 1 1806
36797 2 6365
36808 1 1928
36814 1 764
36815 1 422
36832 2 4358
36837 1 1141
36853 2 322
36878 1 1195
36911 2 643
36915 1 866
36926 1 888
36942 1 727
36943 1 2403
36944 1 1225
36945 3 21910
36956 2 4551
37039 1 1824
37040 1 2087
37045 1 196
37062 1 484
37063 2 1966
37067 1 1829
37073 1 882
37097 1 3262
37098 1 3089
37099 1 2940
37164 2 3578
37166 1 844
37177 7 10680
37182 4 13117
37187 2 3415
37193 1 4630
37196 1 1139
37197 2 3237
37211 1 1200
37212 2 697
37272 1 438
37282 1 2473
37310 1 7113
37324 4 5244
37335 1 4505
37352 4 1354
37359 4 2181
37375 3 441
37388 1 936
37419 3 13883
37425 1 4184
37427 1 7481
37436 1 9722
37445 1 1889
37462 1 1410
37472 2 774
37480 1 763
37489 1 991
37500 3 1043
37540 2 1841
37544 1 946
37557 1 985
37558 1 517
37567 2 2983
37569 1 406
37593 1 2020
37595 2 1332
37596 2 1780
37598 2 1621
37605 3 1281
37614 2 4640
37615 2 2824
37616 2 8646
37628 1 1169
37649 1 1913
37655 1 1979
37660 2 1105
37683 1 1248
37686 1 2096
37698 1 5406
37707 1 761
37712 1 8990
37721 4 1814
37723 2 2373
37724 1 2484
37730 1 867
37731 2 692
37732 1 1492
37778 1 1729
37831 1 250
37887 3 1454
37893 1 7547
37904 1 1805
37917 1 1025
37918 1 993
37919 1 409
37920 1 1463
37923 1 597
37932 5 17484
37964 3 2710
37986 2 3131
38000 1 1429
38002 1 678
38004 1 2166
38019 1 1935
38031 1 493
38035 1 1861
38043 3 906
38051 1 1733
38090 1 790
38123 1 2113
38125 1 482
38126 1 1128
38127 1 361
38133 1 490
38137 1 1766
38157 3 3920
38169 2 702
38172 1 2261
38178 1 648
38181 2 1301
38189 1 3745
38200 2 3117
38237 6 4950
38240 2 1492
38243 1 1851
38279 2 2423
38280 2 620
38287 1 556
38294 1 1860
38299 1 613
38300 2 745
38341 2 1137
38358 1 951
38359 1 1335
38360 1 955
38374 1 1606
38375 3 1735
38377 1 936
38402 1 678
38405 1 2475
38411 3 2671
38413 3 6145
38415 1 871
38432 1 1013
38433 1 2018
38434 2 2883
38441 4 3038
38446 1 1008
38529 2 1224
38549 1 551
38557 2 10387
38561 2 1357
38565 1 237
38569 1 928
38578 1 870
38584 1 728
38614 1 855
38657 1 1006
38662 1 292
38666 1 1249
38676 1 584
38679 1 4243
38699 1 1357
38705 1 876
38706 1 580
38708 6 486
38715 1 5564
38729 1 807
38736 1 1093
38741 1 543
38769 1 854
38778 1 3309
38802 1 4212
38810 2 602
38832 1 474
38836 2 1881
38839 1 905
38842 1 1088
38870 1 642
38896 1 1300
38944 2 3052
38949 1 1160
38990 3 680
38991 1 1489
39001 3 4864
39016 2 1041
39051 1 1231
39068 3 6017
39080 1 887
39082 1 173
39090 14 1090
39092 1 2067
39095 1 162
39124 5 490
39126 1 1601
39136 3 1787
39146 1 709
39151 1 1763
39164 1 2936
39171 1 1263
39178 2 1298
39179 1 2122
39182 5 3168
39183 2 4477
39190 1 710
39192 1 1347
39197 1 859
39245 2 4290
39249 1 1162
39257 3 2445
39270 5 2484
39271 4 2225
39276 1 3501
39277 1 2053
39278 3 5705
39279 7 5440
39284 1 476
39286 1 1507
39290 1 5621
39292 1 4867
39307 1 2173
39329 6 32477
39331 1 512
39350 2 1856
39449 2 3105
39458 1 1860
39482 1 1937
39490 2 939
39497 9 5496
39511 2 1178
39529 1 877
39541 1 883
39544 3 1182
39559 1 522
39573 1 1738
39583 5 174
39594 15 490
39601 1 697
39607 1 729
39614 1 841
39617 1 698
39619 2 798
39622 1 579
39643 5 660
39654 2 776
39695 2 3613
39697 1 468
39705 1 2975
39775 1 1300
39790 1 720
39792 1 1010
39802 2 1853
39836 1 169
39893 3 49
39927 1 1251
39929 1 1959
39934 1 1007
39940 2 1790
39958 1 1932
39967 1 878
39969 1 1086
39978 1 30166
39987 3 1329
39993 2 6188
40001 1 1577
40033 1 2140
40037 2 3833
40056 1 2607
40065 2 3427
40068 1 596
40087 4 1024
40088 4 1024
40089 4 1024
40095 2 970
40100 1 2099
40121 1 30
40137 1 687
40138 1 1151
40149 1 1770
40176 1 1287
40186 1 958
40189 1 778
40200 1 2237
40227 1 865
40236 1 793
40249 2 903
40302 1 500
40303 1 1983
40306 1 876
40336 1 1079
40342 1 1617
40375 1 2147
40382 1 2344
40387 1 803
40397 2 1801
40406 2 822
40435 1 2577
40446 1 1492
40452 2 853
40498 2 1626
40506 9 1973
40519 1 614
40522 1 960
40541 1 4650
40550 2 3684
40561 1 1537
40571 1 706
40583 1 534
40617 1 1538
40637 1 7547
40668 1 3116
40684 1 1337
40685 1 2772
40686 1 2486
40691 1 503
40695 1 8337
40697 1 2727
40698 1 1004
40747 2 5237
40750 1 961
40761 1 819
40772 1 2487
40788 1 1583
40816 1 1398
40829 2 3054
40839 1 300
40843 1 495
40849 1 677
40900 1 3388
40908 1 574
40917 1 503
40941 1 406
40942 1 1831
40959 3 5445
40977 1 4178
40982 1 162
40993 2 3833
41067 1 949
41071 2 228
41075 2 2253
41087 1 485
41088 2 1045
41089 1 2270
41099 1 967
41111 1 2649
41112 3 922
41114 2 2690
41128 4 2539
41131 1 4182
41137 1 1577
41161 2 2501
41189 1 967
41263 1 2085
41270 3 1544
41275 4 1248
41296 1 657
41299 1 1272
41301 1 928
41344 4 942
41356 2 545
41372 1 746
41424 1 924
41426 5 4541
41427 3 4567
41540 1 2878
41564 1 548
41642 1 543
41674 3 4187
41682 1 2132
41686 1 1182
41696 1 1507
41712 2 847
41726 13 2949
41773 1 779
41786 1 1169
41796 3 1342
41798 1 856
41799 1 990
41800 1 1008
41818 1 3884
41833 1 606
41843 1 778
41864 1 1341
41866 1 1666
41875 1 668
41884 1 964
41885 2 1027
41890 1 492
41904 2 1303
41909 1 576
41935 1 1302
41993 1 988
42019 2 6660
42027 1 465
42035 1 3392
42043 1 207
42051 1 2366
42082 1 987
42086 1 754
42106 1 1024
42107 4 1958
42114 4 5169
42118 2 2292
42124 2 1068
42158 1 761
42161 1 9423
42164 1 645
42167 1 582
42172 1 2686
42221 1 2197
42224 1 949
42236 1 1927
42309 1 5367
42321 1 1615
42333 2 1423
42347 1 848
42353 1 3727
42356 2 4608
42365 1 825
42385 1 1348
42422 2 5724
42425 1 5948
42429 1 678
42442 2 865
42476 2 2207
42528 1 229
42544 1 2256
42550 1 2066
42555 1 2440
42557 1 2920
42568 1 1636
42572 1 2840
42580 3 8665
42581 2 2953
42582 2 1649
42626 1 1450
42627 4 1127
42631 1 1557
42652 1 2519
42664 2 1406
42681 1 2570
42682 1 3838
42747 1 2556
42763 2 6680
42823 1 2264
42827 1 817
42830 1 1716
42831 2 2086
42855 1 3481
42866 1 825
42912 1 1943
42924 1 1158
42958 1 605
42971 1 434
42977 2 992
42978 2 571
43008 2 699
43009 1 2498
43020 1 2004
43036 1 612
43037 3 1001
43040 1 1072
43055 1 1798
43094 1 761
43099 6 850
43127 2 769
43150 3 9162
43166 3 778
43172 1 443
43245 1 2907
43261 1 1175
43345 4 519
43457 2 1538
43477 3 22611
43509 2 731
43510 4 1103
43520 1 684
43538 2 2943
43546 1 1261
43551 1 1826
43559 1 928
43570 2 790
43597 1 2088
43631 2 1133
43650 3 579
43656 1 4176
43672 15 746
43678 1 956
43683 1 1512
43728 6 3240
43736 2 2026
43739 1 1071
43740 1 638
43745 1 301
43747 1 7125
43789 1 1442
43798 1 5617
43804 1 3750
43832 1 1187
43836 1 2949
43893 2 958
43894 1 764
43898 3 2947
43900 2 1267
43905 1 1196
43909 1 1568
43944 1 514
44009 1 752
44050 2 4928
44079 6 356
44080 2 3596
44081 1 4117
44098 1 1844
44116 2 4462
44117 1 411
44122 1 1272
44125 6 6435
44134 1 831
44138 1 299
44191 1 1020
44206 2 1686
44210 1 1542
44222 1 636
44233 1 578
44258 1 2515
44273 1 846
44286 1 5425
44295 1 195
44300 1 310
44306 2 1498
44324 1 1220
44336 2 9286
44362 1 3685
44368 2 538
44391 1 1590
44394 2 2869
44418 1 682
44424 2 1183
44441 2 860
44442 1 1179
44447 6 1998
44464 1 703
44477 1 754
44479 1 5563
44480 3 1410
44489 2 785
44494 1 3303
44506 1 1670
44536 1 393
44590 1 3346
44707 6 6048
44746 6 1422
44756 1 492
44761 1 2510
44768 1 2523
44774 1 2787
44785 1 2432
44792 1 3157
44799 18 728
44805 1 1254
44812 1 1515
44813 3 1238
44871 1 771
44891 5 1753
44896 2 1132
44911 1 1376
44919 1 482
44922 1 712
44931 2 330
44954 6 8549
44955 3 7733
44956 4 7041
44957 5 10010
45071 3 338
45072 1 825
45099 2 1823
45159 3 13537
45160 4 971
45161 4 1863
45168 2 1295
45182 1 412
45189 4 6148
45206 1 1212
45224 1 605
45232 1 1922
45241 1 1118
45256 11 699
45260 1 899
45273 2 2683
45279 6 1096
45306 8 591
45314 2 660
45335 6 2586
45344 2 1588
45368 1 1076
45382 1 1185
45388 1 1745
45390 3 1067
45408 4 678
45430 1 399
45443 2 425
45458 1 414
45496 2 507
45497 1 745
45505 1 701
45506 1 433
45680 1 405
45703 2 1124
45710 3 442
45818 2 309
45819 1 1265
45820 1 1773
45826 3 8235
45859 1 21421
45880 2 2642
45908 1 1320
45911 1 1361
45912 2 1084
45925 28 762
45961 1 834
45979 1 470
45991 1 377
46042 1 1360
46056 1 187
46075 1 1119
46093 3 342
46105 1 945
46114 2 499
46122 1 1824
46146 1 874
46152 1 907
46153 1 3988
46174 1 2910
46211 1 369
46239 2 914
46277 1 4798
46289 1 4086
46291 4 2129
46300 2 1443
46306 4 4474
46331 1 4197
46369 3 5238
46378 3 6175
46388 15 81863
46426 1 3573
46484 1 573
46502 1 1023
46519 3 5448
46527 1 830
46536 1 1419
46549 1 120
46552 4 9921
46559 2 619
46564 1 1709
46569 7 678
46581 1 1196
46592 1 1676
46618 1 471
46619 1 246
46654 2 308
46658 2 1382
46665 1 377
46668 2 2331
46671 2 997
46683 1 3045
46687 1 1479
46691 2 1448
46696 1 1298
46726 2 1514
46731 2 1668
46732 1 961
46733 1 728
46749 2 6951
46768 1 712
46774 2 2182
46775 2 537
46783 2 2182
46800 3 198
46808 1 976
46817 2 2737
46818 2 972
46821 1 1634
46825 1 1815
46827 3 830
46836 2 990
46876 2 1869
46907 2 529
46909 4 2578
46911 1 1569
46927 1 975
46930 1 893
46935 3 1074
46937 1 1271
46942 3 1392
46943 2 1398
46952 1 2067
46959 1 366
46983 2 4196
46990 1 569
47030 1 496
47032 2 387
47039 1 2061
47052 2 1071
47085 1 661
47092 2 1683
47133 1 1102
47139 2 6464
47158 1 630
47194 1 2096
47199 1 3686
47203 1 232
47204 1 1502
47205 2 1857
47210 1 901
47245 1 6757
47261 1 657
47266 1 201
47270 4 2703
47289 1 600
47295 1 362
47297 1 839
47339 2 1070
47360 1 1310
47365 1 634
47377 2 1217
47382 1 6307
47385 2 516
47419 1 689
47437 1 1517
47448 2 3217
47474 1 5150
47475 1 992
47481 1 1797
47494 1 1324
47496 1 2373
47501 1 83
47528 1 4592
47543 3 2250
47546 1 1613
47547 1 1528
47558 1 862
47559 1 11224
47649 3 3343
47651 1 3064
47661 1 876
47681 1 611
47693 1 1054
47722 1 925
47747 2 757
47756 1 3021
47780 1 5199
47789 1 522
47790 2 1897
47800 5 10768
47812 1 582
47863 1 1267
47870 4 187
47991 34 741
48002 2 2505
48020 1 1218
48031 1 4280
48063 1 1398
48068 1 491
48078 1 11919
48085 1 2386
48087 2 2749
48094 1 1182
48111 1 2300
48128 1 533
48156 1 539
48180 5 25164
48200 1 422
48205 1 3456
48210 1 741
48216 1 365
48217 2 6375
48220 1 1146
48225 1 987
48234 1 7467
48267 1 4317
48269 1 11120
48273 2 1388
48286 1 3883
48290 1 2106
48375 1 759
48379 2 6270
48442 1 664
48492 3 508
48551 2 6659
48566 1 3055
48578 1 203
48599 3 2082
48632 1 3473
48637 1 1584
48669 7 1039
48703 1 2166
48720 1 579
48726 1 410
48765 3 1857
48772 1 2396
48835 1 872
48861 1 789
48889 1 867
48899 1 1205
48907 1 1902
48912 2 2452
48913 1 947
48919 5 5467
48920 2 1976
48925 7 4731
48926 5 1147
48955 1 2415
48967 1 1372
48989 1 1067
49022 6 2746
49029 5 3596
49049 2 1735
49058 1 1664
49071 1 1361
49079 1 1864
49084 1 1244
49112 1 1134
49119 1 1455
49120 1 1020
49149 1 3141
49150 2 4092
49151 1 1897
49152 1 937
49173 1 10707
49174 1 9273
49175 3 9938
49176 5 11069
49191 1 815
49203 1 1682
49204 1 850
49219 1 1069
49271 1 1100
49282 1 4687
49283 1 648
49284 1 586
49285 1 634
49288 1 864
49297 1 1223
49311 1 707
49315 1 924
49323 1 5236
49330 1 1076
49343 1 1496
49356 1 1233
49372 1 893
49375 1 11530
49431 1 730
49441 2 826
49456 2 2513
49459 1 3328
49460 3 810
49484 1 3481
49498 1 1116
49508 2 1329
49516 1 1481
49529 2 2335
49544 1 490
49557 2 878
49580 1 315
49626 1 1327
49642 1 149
49646 1 647
49650 1 927
49656 1 704
49681 4 3266
49693 1 608
49706 1 1142
49714 1 1703
49748 1 1118
49765 1 1418
49801 1 763
49804 3 2520
49806 1 1527
49832 3 2018
49833 1 2286
49834 1 904
49848 1 1148
49859 1 791
49901 2 1363
49922 1 1533
49925 1 1955
49931 2 2794
49939 1 1882
49979 1 393
49990 2 3509
50009 1 1186
50012 1 3608
50014 1 1452
50017 1 2970
50022 4 1530
50025 2 5763
50029 1 1476
50042 1 1289
50051 1 580
50056 1 5845
50121 1 2247
50122 2 1979
50129 1 1730
50143 15 8454
50144 2 5084
50163 3 4995
50173 5 1992
50180 2 428
50190 1 977
50200 1 1454
50205 2 7146
50213 2 1995
50214 2 1560
50217 1 1971
50219 2 771
50233 1 702
50236 2 1937
50241 1 2798
50265 1 956
50272 1 339
50290 1 570
50291 1 599
50339 1 1054
50367 2 1807
50376 1 1371
50399 1 1367
50403 1 1369
50408 1 3892
50429 2 2393
50430 1 2601
50452 2 1778
50461 3 454
50464 1 2946
50467 1 315
50476 1 10882
50483 1 1973
50500 2 813
50504 1 2431
50520 1 3232
50544 1 791
50569 1 796
50571 1 990
50573 2 817
50593 1 608
50598 2 5177
50634 1 391
50669 1 1789
50714 1 1566
50734 1 2167
50766 2 1255
50777 1 1369
50778 1 1083
50779 1 1410
50804 1 902
50861 1 652
50862 1 880
50869 1 1761
50893 6 496
50899 1 57
50917 1 5455
50923 3 2197
50930 1 675
50939 1 668
50961 1 498
50978 1 1544
50983 3 16660
50990 1 2134
50995 1 1053
50996 1 5411
50998 1 1150
51006 1 2540
51009 1 524
51013 2 1647
51021 3 772
51024 1 762
51039 1 346
51058 1 3191
51059 2 2082
51103 2 478
51110 1 760
51121 1 1534
51124 1 666
51141 2 1862
51146 1 2691
51148 4 2969
51157 1 170
51194 1 2656
51204 1 1086
51206 6 3478
51213 1 934
51234 2 1409
51236 2 1936
51237 3 2338
51239 1 507
51241 1 743
51290 4 6381
51304 1 953
51329 1 740
51336 1 974
51346 1 398
51348 1 640
51404 1 2165
51517 1 640
51532 2 612
51533 1 899
51541 1 633
51555 2 1381
51562 4 1186
51563 1 612
51589 1 521
51597 2 846
51598 2 843
51603 2 2317
51613 2 1134
51619 1 697
51658 1 1259
51672 1 3436
51674 1 1066
51688 1 4314
51715 1 271
51723 2 278
51732 2 1804
51771 1 2283
51816 1 4853
51839 1 9735
51843 1 6718
51846 1 1126
51874 1 445
51913 1 732
51915 1 627
51942 1 39
51943 1 39
51955 1 1040
51974 1 1918
51976 1 1263
51977 1 1239
51978 3 8282
51979 1 6703
51991 1 4229
51993 4 12689
51994 4 9298
52041 1 1139
52047 3 1194
52072 1 2361
52092 1 1269
52109 3 3805
52140 2 3824
52146 1 10691
52244 1 1659
52270 1 376
52310 3 610
52313 3 1351
52324 5 1192
52334 1 1231
52338 1 2169
52345 2 3783
52368 1 596
52382 2 1562
52386 1 3359
52392 1 1061
52405 1 2273
52410 1 1022
52415 3 2114
52425 1 898
52448 3 1816
52457 2 4403
52460 3 768
52462 2 1025
52480 2 2295
52481 1 272
52484 2 5765
52486 1 2426
52489 1 868
52490 1 1314
52493 2 2748
52541 2 3260
52548 1 1684
52557 2 5509
52558 1 724
52559 1 2209
52560 1 2179
52576 2 433
52577 2 391
52578 2 895
52579 2 1308
52584 1 1788
52585 2 777
52599 1 4808
52616 1 3287
52618 1 1072
52652 1 1339
52690 1 1737
52691 1 1724
52723 1 1320
52727 2 4203
52805 1 846
52938 1 1963
52946 2 1982
52964 1 376
52967 2 319
52973 3 1307
52976 5 578
52985 1 882
52988 1 24350
52994 1 1183
53023 6 6088
53038 2 2169
53040 1 1220
53044 4 1024
53055 1 244
53073 2 2274
53102 5 820
53119 1 1085
53126 1 859
53137 1 1658
53143 1 2969
53160 1 363
53162 1 962
53170 1 2693
53201 1 527
53202 1 823
53203 1 1666
53236 2 3296
53248 1 5457
53268 2 5517
53274 1 1660
53329 6 3895
53335 1 2146
53337 2 3782
53341 2 2371
53350 1 1432
53378 1 1601
53386 1 3714
53430 11 48057
53483 1 224
53484 1 493
53513 1 936
53519 1 1735
53534 1 1069
53547 1 898
53614 1 471
53616 2 534
53627 1 533
53630 1 414
53651 3 1909
53652 1 1858
53653 7 2179
53654 4 2802
53655 1 2405
53661 1 624
53671 1 668
53691 1 1391
53726 1 2312
53727 1 623
53732 1 1332
53738 6 2051
53743 1 319
53769 1 2550
53776 2 2483
53777 2 3202
53778 4 4519
53784 1 1362
53845 2 2571
53846 1 2470
53854 1 1693
53859 1 1138
53867 2 1992
53872 2 1631
53931 2 1369
54045 1 448
54093 1 4103
54097 1 621
54139 1 944
54140 1 1791
54157 1 5381
54160 1 1691
54200 5 3379
54207 2 935
54218 1 612
54219 1 1337
54224 1 579
54232 1 718
54235 1 961
54241 1 1146
54248 1 789
54255 2 1127
54283 1 748
54306 1 2437
54349 2 12411
54350 1 8318
54381 3 660
54384 1 979
54399 1 5059
54400 1 1530
54403 1 997
54439 2 2636
54441 1 4709
54469 4 1075
54509 2 3235
54514 1 1299
54566 1 8702
54593 1 892
54659 2 5192
54682 1 1173
54861 3 1691
54893 2 3377
54923 6 1418
54935 1 976
54949 1 1656
54961 2 1281
54975 1 1380
54995 1 1180
54996 1 1141
54998 1 1411
55032 1 622
55063 2 17333
55064 1 1985
55067 2 3184
55072 2 3317
55073 1 3312
55094 1 12123
55116 1 1669
55122 1 4413
55146 1 2594
55147 1 2912
55171 1 2177
55310 1 2287
55433 1 1983
55481 1 867
55485 1 1849
55496 1 5278
55498 2 5155
55520 2 945
55534 1 599
55548 2 877
55550 1 2151
55584 1 1087
55607 1 9422
55608 1 4052
55613 2 2946
55614 2 5399
55634 1 1214
55651 1 336
55676 1 2434
55696 1 173
55714 1 676
55738 2 1038
55753 4 4189
55904 1 1384
55915 3 1378
55917 2 1178
56024 1 1014
56032 1 668
56072 1 215
56178 1 700
56190 1 1477
56202 3 276
56212 3 4266
56223 1 5116
56231 2 1953
56252 1 1993
56253 1 1993
56254 3 2455
56255 3 2455
56267 1 1449
56268 8 612
56273 1 2200
56274 1 2124
56409 1 1089
56422 3 1132
56432 2 1372
56443 1 618
56449 1 596
56456 1 954
56460 1 519
56463 1 1156
56475 1 650
56477 1 4251
56495 2 1972
56497 2 2476
56514 1 1583
56521 3 5019
56535 1 1496
56553 1 7598
56555 1 1013
56564 1 1402
56596 3 271
56618 4 1564
56636 2 486
56651 1 302
56655 1 659
56658 1 1079
56698 1 1186
56701 1 2806
56704 1 1297
56706 5 1698
56714 1 1580
56724 1 634
56738 1 1204
56770 1 2972
56805 1 1441
56806 1 2202
56821 2 6607
56849 1 1501
56861 1 1250
56885 1 1894
56899 2 4490
56902 1 626
56933 1 680
56985 1 1012
56995 1 1253
57001 2 7758
57024 1 5130
57032 32 1178
57178 1 2026
57186 1 1678
57190 2 1657
57226 5 11510
57241 1 1386
57246 1 720
57257 1 397
57259 2 532
57264 1 403
57273 2 1248
57321 2 1511
57323 1 1349
57331 1 261
57369 2 1953
57371 1 1247
57379 1 460
57384 4 3357
57386 3 2865
57409 2 701
57410 3 2492
57421 2 1105
57430 2 575
57448 1 1818
57457 1 2066
57474 1 747
57476 1 1805
57494 1 3677
57510 2 2365
57530 3 2185
57535 1 1177
57636 1 225
57643 1 8017
57666 3 1813
57724 2 861
57725 1 1668
57733 2 443
57744 1 2807
57759 13 1949
57760 9 2085
57761 12 2116
57766 1 595
57768 6 232
57769 1 3472
57774 1 582
57788 1 1324
57800 2 1391
57810 1 1482
57817 2 4120
57818 2 3557
57819 3 2006
57820 2 3637
57821 3 4929
57832 1 1094
57834 3 4576
57841 2 578
57881 1 2310
57882 3 1245
57889 4 805
57890 2 2563
57906 1 1412
57915 2 2190
57923 1 2383
57942 2 513
57946 2 5545
57947 2 5535
57950 2 10362
57951 2 10312
57962 1 2722
57965 2 3015
57989 2 3603
57996 2 1452
58079 1 247
58192 1 3058
58199 1 4784
58202 1 1151
58214 1 1211
58219 2 690
58220 2 2264
58247 6 19391
58251 1 4547
58315 2 2480
58331 1 437
58355 1 1108
58415 1 366
58448 1 1131
58485 1 383
58490 1 904
58513 2 2130
58545 1 501
58654 2 59
58749 6 1397
58773 1 1702
58781 1 410
58785 1 1085
58786 1 1487
58811 2 1237
58832 1 1304
58839 1 2933
58842 2 3299
58845 2 2901
58853 2 2423
58872 1 915
58898 1 2227
58901 1 900
58910 1 544
58934 6 2758
58940 4 4530
59053 1 2530
59054 1 2531
59072 2 10092
59075 1 1168
59080 1 953
59152 1 2763
59168 1 1245
59173 1 511
59189 3 10518
59201 1 347
59210 2 1617
59281 1 255
59339 2 744
59348 1 10477
59356 1 1554
59357 1 1573
59360 20 663
59398 1 1993
59418 3 9567
59421 1 1923
59426 1 1694
59432 2 696
59433 2 1186
59439 2 1220
59453 2 5553
59454 2 2821
59455 2 2220
59459 2 1393
59460 1 1795
59466 3 4209
59467 2 4546
59468 2 4334
59469 2 4789
59470 2 3154
59471 2 4583
59472 2 2189
59473 3 4291
59474 2 3565
59475 2 5201
59476 2 2145
59479 1 2405
59502 1 2133
59526 1 1089
59527 1 1590
59561 1 4211
59572 1 1329
59579 1 1012
59598 1 1721
59618 2 1895
59619 2 3498
59620 2 2013
59621 2 2882
59626 1 2003
59627 1 4734
59629 2 2062
59630 5 5288
59632 1 2405
59633 1 4221
59634 2 2585
59635 1 4384
59636 1 2251
59637 1 2484
59638 2 3389
59639 1 3423
59640 1 5056
59641 1 4053
59642 3 3464
59655 1 1717
59662 2 14951
59670 2 1595
59671 1 422
59686 1 1195
59687 1 1419
59690 1 2297
59691 1 2592
59695 2 2300
59696 2 2013
59697 1 2431
59698 3 2181
59777 5 6060
59801 1 1104
59812 1 1458
59822 1 1199
59843 1 6525
59860 2 999
59879 1 1719
59887 2 959
59898 1 4986
59900 1 3360
59902 1 1247
59909 1 3894
59918 1 9598
59924 1 2257
59931 1 159
59941 1 618
59942 1 838
59943 1 774
59990 1 1733
59991 2 760
60013 1 206
60030 3 10533
60050 3 1274
60063 1 3984
60068 1 2246
60070 1 2663
60082 1 1247
60116 1 1842
60133 2 1287
60172 1 1266
60186 1 880
60187 1 1606
60200 2 1255
60217 1 2172
60222 1 1082
60233 1 652
60238 1 1338
60239 2 1030
60240 1 1594
60241 1 709
60242 1 1441
60271 1 348
60278 3 3357
60285 2 1744
60319 2 4138
60328 2 1340
60338 1 2635
60342 1 1408
60355 1 1074
60363 1 819
60370 2 1845
60371 1 3906
60372 2 1505
60378 1 1208
60429 1 5933
60454 3 788
60460 1 925
60521 1 969
60529 1 1952
60530 1 382
60532 2 3124
60534 2 988
60541 1 1488
60542 1 1829
60545 1 1028
60548 1 981
60574 1 128
60588 1 3135
60599 1 3625
60629 1 3596
60678 1 3884
60689 1 1198
60698 2 502
60703 2 1672
60735 2 3139
60736 2 3344
60740 1 3274
60750 2 12275
60751 2 371
60754 1 712
60756 2 636
60759 2 4854
60784 1 472
60791 2 3468
60792 1 3202
60793 1 2201
60794 1 1921
60810 1 626
60815 1 2171
60822 1 5864
60829 2 3490
60845 1 1534
60932 1 903
60935 5 2979
60982 1 1133
60991 1 2309
60992 4 2142
60996 1 1503
61021 1 5166
61045 1 2390
61091 1 1682
61092 1 1272
61121 1 1876
61131 1 2971
61184 2 371
61185 1 555
61188 2 29700
61212 1 954
61213 1 1171
61227 1 3378
61229 3 1257
61235 1 583
61238 1 1279
61255 1 4815
61269 4 8764
61291 1 1645
61352 1 18809
61368 1 1197
61402 1 202
61405 3 1936
61406 2 1881
61407 1 2034
61463 8 1595
61464 1 703
61468 2 2302
61469 4 1972
61497 1 5567
61526 2 1292
61533 1 484
61559 1 708
61565 1 2333
61572 1 355
61594 1 134
61623 1 1505
61628 1 7244
61651 1 3956
61654 4 530
61668 1 11710
61680 1 2168
61681 1 785
61694 3 3121
61701 1 1679
61732 1 169
61766 1 3802
61787 1 1326
61820 2 5698
61821 2 3538
61822 2 5496
61823 2 3825
61824 2 4512
61825 2 2161
61826 3 3738
61827 2 4204
61828 2 2374
61829 3 3211
61830 2 2081
61831 2 1756
61832 2 2493
61833 4 7073
61834 2 2191
61836 1 807
61837 1 1035
61839 1 1782
61861 1 2244
61870 4 3147
61891 1 987
61892 1 3071
61894 1 3336
61909 1 3209
61910 1 1215
61919 1 785
61952 1 710
61960 2 622
61976 2 4025
61982 1 995
61988 1 1244
62013 2 1235
62022 1 1888
62057 4 601
62062 7 6529
62082 1 1641
62087 1 4114
62090 2 868
62107 1 541
62115 1 755
62125 1 597
62126 1 597
62132 1 564
62173 1 826
62174 1 821
62176 1 3929
62187 1 9768
62191 1 3053
62192 1 937
62201 1 625
62204 2 8201
62217 2 1671
62258 1 2177
62259 4 1550
62289 1 772
62299 2 7136
62311 1 2373
62317 1 1576
62357 1 822
62397 1 7643
62404 2 5459
62417 2 11638
62432 2 5539
62434 2 1233
62474 1 690
62491 2 4559
62496 5 737
62499 1 3759
62505 1 839
62512 1 1898
62517 1 1423
62522 1 1976
62523 5 251
62555 3 515
62559 2 939
62568 2 89
62592 1 1475
62606 4 1424
62613 4 5274
62620 2 1011
62629 1 815
62684 2 1705
62726 3 2992
62750 1 1350
62766 1 8596
62767 6 14162
62768 4 9553
62785 1 1476
62787 1 525
62789 4 3394
62824 1 4199
62830 1 581
62850 1 849
62871 1 1931
62909 2 643
62912 2 6714
62928 2 709
62930 1 2244
62981 1 2414
62999 1 1473
63074 1 4609
63076 2 3881
63079 1 1810
63091 1 599
63096 1 1260
63106 1 2332
63112 1 663
63139 1 792
63140 1 504
63156 1 1380
63159 1 1363
63160 4 1813
63161 1 1664
63166 2 2579
63178 1 569
63182 1 1489
63184 1 2633
63216 1 3807
63221 1 1689
63239 2 882
63256 1 2229
63266 2 3285
63279 1 1413
63287 1 2749
63289 1 3069
63297 1 715
63306 1 1008
63310 1 2477
63324 1 898
63369 2 681
63394 2 601
63421 1 1523
63427 1 4477
63433 1 618
63505 1 959
63511 1 567
63529 1 1062
63564 1 3674
63567 1 2685
63579 2 1596
63610 1 1864
63634 2 5269
63648 3 7209
63650 2 465
63655 1 959
63662 2 270
63686 1 3010
63690 1 3198
63695 1 2625
63696 2 1202
63706 1 1710
63741 3 642
63792 2 1726
63795 1 1855
63809 1 751
63831 2 923
63834 1 3002
63835 1 4072
63838 1 3268
63851 1 1757
63852 1 472
63857 1 786
63863 1 618
63882 1 1633
63892 1 1816
63926 1 1163
63929 1 1348
63930 1 1373
63947 1 1160
63953 1 921
63969 2 2173
63970 2 4043
63971 2 422
63973 2 2472
63984 1 1161
64013 1 2220
64016 1 1043
64086 1 1979
64087 3 1520
64088 3 1712
64099 1 1630
64100 1 1352
64140 1 205
64259 1 56
64271 3 4396
64294 1 2023
64296 2 1405
64311 1 4060
64320 1 1816
64350 1 20899
64352 1 1020
64366 1 480
64391 2 628
64420 1 1908
64440 4 475
64442 1 1034
64454 1 1155
64459 7 783
64463 1 696
64523 3 544
64529 1 3125
64542 1 1329
64565 1 452
64574 2 658
64582 2 1481
64594 1 314
64625 1 1074
64630 1 570
64647 1 7320
64675 8 1128
64678 1 253
64871 1 67
64897 1 1356
64919 1 1779
64950 15 809
64953 1 1176
64990 3 783
64995 1 1355
65005 3 3081
65009 2 3343
65019 1 1067
65040 2 1671
65068 1 2208
65077 2 2772
65087 1 1504
65091 1 2809
65092 2 2579
65093 1 2401
65094 1 2609
65119 1 705
65120 1 2332
65267 2 864
65272 1 2484
65352 1 663
65353 1 1202
65355 1 862
65366 1 1282
65373 1 523
65403 2 1211
65415 1 951
65453 1 1772
65531 1 1854
65533 1 613
65557 2 603
65574 1 1775
65597 1 303
65607 1 231
65608 1 217
65609 1 667
65610 1 524
65619 1 1364
65630 1 385
65645 3 1634
65647 1 805
65656 5 3685
65661 1 883
65674 2 660
65686 1 1470
65696 1 759
65710 2 1365
65712 1 1221
65760 1 443
65761 1 564
65799 2 4143
65800 2 1457
65817 1 1516
65824 40 712
65831 2 487
65835 1 801
65836 1 1184
65837 1 1272
65852 1 807
65870 2 732
65880 1 1390
65882 1 96
65884 2 2980
65885 2 3324
65904 1 1952
65906 1 274
65943 1 1234
65948 1 397
65951 2 1360
65962 1 1810
65969 1 1157
65976 2 2618
65978 2 3467
65995 1 6936
66001 1 1533
66002 2 1623
66009 1 1040
66010 1 955
66011 1 1162
66013 1 2760
66015 2 4361
66064 1 887
66065 1 2315
66088 1 1445
66102 3 833
66118 1 6182
66162 1 3524
66207 1 517
66249 1 579
66278 1 2126
66286 3 1054
66307 3 520
66308 1 895
66310 1 8271
66312 1 528
66317 15 781
66346 1 604
66361 1 392
66363 1 590
66389 10 434
66414 1 1699
66423 1 598
66436 1 1259
66437 1 1259
66442 1 841
66462 1 904
66471 1 3798
66472 2 3818
66478 2 1388
66480 1 981
66486 3 1876
66497 1 2312
66519 1 961
66522 1 942
66523 1 1015
66542 2 1829
66546 1 509
66549 1 1147
66559 1 5776
66564 1 2309
66581 1 952
66586 1 2141
66587 2 4790
66603 1 1110
66614 1 1103
66636 1 1536
66695 1 483
66708 1 1409
66720 1 1705
66721 1 1376
66722 269 276701
66750 1 1405
66751 1 11896
66761 1 362
66764 1 999
66766 3 1240
66767 1 467
66784 1 560
66793 2 1291
66806 1 3247
66811 1 599
66823 1 9403
66838 1 1366
66840 1 229
66845 1 1902
66847 1 2941
66867 1 2736
66872 1 1492
66874 1 2969
66889 1 1986
66891 2 467
66915 2 4319
66927 1 978
66935 2 2042
66958 1 1720
66981 2 925
66985 1 401
66986 1 1160
66987 2 2394
66988 1 771
66992 2 1910
67002 1 6563
67020 1 1334
67028 2 2731
67031 1 5324
67047 1 2295
67062 1 943
67067 1 392
67088 5 1089
67094 1 591
67100 1 1098
67112 3 209
67114 1 648
67117 1 495
67118 1 911
67125 3 1963
67130 1 172
67169 1 1155
67194 1 1602
67195 1 6824
67196 1 2129
67227 1 1190
67265 2 2055
67273 1 1989
67274 1 746
67275 1 1069
67276 1 1194
67277 1 831
67278 1 982
67286 1 1904
67287 1 238
67313 2 1165
67324 1 2007
67328 1 1541
67332 1 1624
67334 1 1465
67352 2 2080
67355 1 6043
67361 1 1019
67370 1 788
67371 1 3756
67387 1 153
67393 1 6324
67395 1 2737
67403 1 3316
67408 1 5567
67415 8 10077
67434 1 736
67441 1 902
67453 1 3053
67454 1 5854
67460 1 791
67496 1 1960
67497 1 1082
67503 1 1092
67551 1 366
67576 1 1529
67590 1 292
67602 1 612
67603 1 612
67604 1 612
67605 1 614
67606 1 612
67616 1 694
67645 1 1830
67649 1 867
67671 3 6735
67672 2 2623
67681 1 1131
67689 1 7619
67701 2 3309
67727 2 3367
67735 1 1959
67736 1 1959
67742 1 1745
67755 2 137
67756 1 5291
67765 1 304
67786 2 2340
67800 1 1378
67825 2 1677
67826 2 562
67844 1 2522
67882 1 3085
67883 1 3094
67889 1 2813
67890 3 3387
67891 1 810
67893 1 4007
67895 1 1554
67896 1 819
67902 1 1015
67919 1 868
67957 1 963
67958 2 997
67959 1 669
68015 6 6966
68016 2 481
68040 2 2912
68046 2 3345
68062 2 2785
68073 1 3133
68090 1 5122
68091 4 10665
68092 4 8126
68114 1 2294
68116 2 4818
68119 1 6225
68120 2 7511
68122 2 2437
68132 2 2295
68141 1 1527
68159 1 6709
68174 1 830
68176 1 2781
68178 1 814
68199 2 1903
68215 1 646
68224 1 201
68242 2 591
68252 2 1260
68261 1 1258
68263 1 5972
68281 1 875
68282 1 1506
68289 3 514
68300 7 849
68301 1 695
68335 1 1183
68364 1 1530
68368 1 1969
68369 2 11195
68372 1 277
68373 1 267
68376 1 1833
68421 1 2923
68428 1 548
68435 2 1168
68436 1 2388
68610 1 56
68646 1 1168
68657 1 1531
68664 1 3316
68680 3 9381
68681 1 4179
68685 1 1022
68703 1 1281
68707 1 4537
68738 1 1152
68765 1 6394
68766 2 5324
68770 1 757
68786 1 1076
68831 1 145
68846 1 1502
68857 2 588
68860 1 2402
68892 1 1101
68902 1 773
68964 1 11197
68989 1 521
68991 1 1084
68997 1 793
69024 1 620
69031 1 475
69033 1 718
69043 4 1118
69051 1 601
69065 2 536
69088 2 388
69090 3 505
69319 1 699
69331 1 1693
69347 1 566
69361 1 2957
69362 1 1181
69376 1 1668
69383 2 995
69406 2 912
69427 1 894
69431 1 3095
69434 2 3213
69435 2 3178
69483 1 3191
69495 1 2757
69506 1 1045
69509 4 5379
69515 1 3275
69522 2 2679
69530 1 3436
69546 2 1049
69710 3 5755
69716 5 7169
69723 1 871
69824 1 1647
69860 1 34
69862 1 937
69872 3 4385
69920 1 2823
69928 4 901
69939 1 838
69968 1 147
69970 6 1405
69975 1 923
69977 1 1287
69982 1 992
69990 1 3720
70027 2 1101
70042 1 570
70054 1 1487
70060 1 540
70097 2 511
70098 2 1411
70118 2 820
70121 2 696
70122 71 2055
70131 2 844
70135 1 693
70137 2 655
70210 1 5060
70259 1 1430
70260 2 585
70263 1 7023
70287 1 987
70297 4 5416
70306 3 646
70312 1 909
70323 1 1142
70332 3 593
70358 35 542
70361 1 608
70383 2 448
70395 2 1507
70404 1 765
70406 1 1912
70431 2 2476
70448 1 2617
70481 1 2683
70534 1 5509
70588 1 1129
70607 2 985
70609 1 881
70626 1 1315
70629 1 3102
70699 1 465
70702 1 2156
70836 1 1948
70864 1 939
70877 1 1501
70885 1 834
70938 1 1184
70991 1 2170
71008 1 1074
71022 4 2146
71024 1 1463
71043 1 4249
71048 1 373
71065 1 881
71078 1 9605
71086 1 676
71092 1 613
71180 1 1271
71184 1 3046
71235 2 764
71257 3 2362
71258 1 1385
71259 1 1522
71273 1 1606
71276 5 2862
71300 1 525
71306 2 1543
71309 1 941
71315 2 6723
71332 2 1266
71341 2 1792
71342 2 1785
71343 2 1350
71352 2 1829
71354 1 687
71384 1 2877
71385 1 2877
71386 1 2880
71427 1 1053
71507 2 1967
71508 3 811
71546 1 662
71547 1 4635
71567 1 4513
71581 2 1913
71598 1 797
71599 1 307
71645 1 1199
71662 1 907
71699 3 616
71706 1 5275
71744 1 2609
71758 1 1068
71796 2 785
71809 1 1200
71813 1 1515
71814 1 413
71827 1 6203
71833 1 2056
71836 1 5188
71856 1 1198
71895 1 3069
71911 1 5060
71922 2 333
71925 1 175
71941 1 1460
71943 1 3979
71944 3 7115
71961 1 1227
71990 1 1101
72004 3 8626
72017 1 755
72039 1 5516
72047 1 1766
72048 1 5014
72057 1 794
72058 1 810
72059 1 830
72060 1 791
72061 1 833
72062 1 865
72067 1 9227
72079 4 753
72080 1 217
72085 1 1025
72087 3 1964
72124 2 1102
72158 1 891
72164 1 1004
72165 1 706
72189 1 712
72201 1 5125
72229 1 1439
72234 1 609
72240 2 790
72281 2 6411
72293 1 1975
72298 1 1959
72299 1 1853
72306 1 2081
72347 1 1722
72369 1 1408
72371 2 804
72380 1 3360
72387 1 2107
72410 1 4306
72431 2 771
72432 11 1377
72433 9 1492
72437 1 8964
72451 1 1218
72476 1 1214
72481 1 1701
72484 1 1254
72488 1 804
72490 1 536
72513 1 4800
72525 1 2404
72548 1 1534
72553 1 1561
72570 3 1189
72571 1 2681
72572 1 1253
72576 1 1282
72578 1 1935
72586 1 700
72591 1 2016
72609 1 1961
72614 1 622
72619 1 5216
72634 1 1027
72647 1 1477
72650 9 6445
72664 1 870
72675 4 8994
72741 1 6306
72760 1 729
72761 1 1533
72765 2 2690
72793 1 4219
72800 1 1808
72813 1 537
72817 6 1632
72821 1 855
72822 2 1397
72824 2 1931
72825 2 4050
72826 2 1996
72827 2 7031
72828 3 2935
72829 2 4528
72830 2 3747
72831 3 6567
72832 6 3890
72833 2 2038
72834 2 2774
72835 2 2083
72836 3 2346
72837 6 3948
72838 3 1838
72839 3 2764
72843 1 2753
72844 1 1589
72845 1 2164
72850 3 1161
72854 2 1357
72878 1 4492
72879 1 7089
72890 1 691
72895 1 1688
72899 7 20275
72906 3 2265
72913 1 1589
72919 10 5881
72920 5 5462
72927 1 883
72928 1 1440
72933 1 2224
72939 1 1415
72945 1 2766
72958 2 2627
72959 1 2654
72964 3 2090
72982 2 5401
73011 12 4054
73022 2 2763
73023 1 1400
73068 1 403
73082 2 819
73088 1 4779
73093 1 4058
73109 3 1129
73167 1 837
73182 1 1485
73183 1 2442
73204 1 1273
73212 1 2390
73219 1 1342
73220 1 4868
73221 1 4913
73222 2 3558
73277 2 1345
73280 1 1189
73287 1 2713
73291 2 988
73323 1 1574
73330 1 2222
73336 1 1013
73337 1 618
73350 2 2160
73351 1 812
73352 1 1355
73404 2 728
73420 3 2204
73425 1 932
73442 1 514
73445 3 664
73449 1 632
73464 1 997
73466 2 183
73506 1 1171
73516 1 906
73528 2 615
73533 1 732
73535 1 1850
73542 2 743
73644 2 2945
73727 1 322
73740 1 793
73751 1 718
73755 1 1019
73772 1 375
73799 14 6946
73877 1 1442
73886 2 1408
73890 1 333
73912 1 868
73917 1 613
73918 3 475
73920 1 2452
73925 1 722
73945 1 10857
73949 1 3890
73956 1 2798
73961 1 2232
73996 4 7920
73997 1 10376
74002 1 427
74022 1 2523
74040 1 732
74055 1 2435
74057 1 1205
74061 1 1106
74064 1 440
74067 1 6352
74080 1 266
74094 1 3820
74098 1 877
74100 1 947
74114 1 3421
74116 1 4873
74120 1 2512
74151 1 1393
74159 1 1009
74162 4 577
74176 1 4570
74197 1 1338
74198 1 1315
74199 1 1314
74200 1 676
74202 1 492
74203 1 11999
74214 1 1016
74293 2 271
74295 1 964
74296 1 3168
74297 1 1110
74298 2 2423
74373 2 1982
74375 1 1452
74378 1 897
74390 1 3030
74402 4 12340
74407 1 721
74410 1 315
74434 2 3996
74444 1 1117
74479 2 1275
74509 3 1437
74518 1 1309
74537 1 549
74541 1 991
74546 1 763
74571 1 1350
74572 1 8808
74581 2 1084
74583 1 1151
74591 1 3810
74609 1 3663
74610 1 604
74611 2 1155
74618 2 592
74619 2 1414
74655 2 858
74660 9 2184
74665 1 2881
74706 5 5592
74707 1 4337
74750 2 2927
74758 1 1530
74768 1 1044
74775 1 2772
74776 1 3788
74793 1 1712
74798 3 2970
74803 2 6144
74818 1 1409
74822 1 5130
74856 1 360
74858 1 1001
74877 1 3262
74886 1 3171
74887 2 7880
74914 1 387
74918 3 2041
74926 1 367
74931 1 2115
75069 1 55
75074 1 50
75094 1 767
75146 1 1593
75149 1 662
75162 1 2594
75169 1 9895
75210 2 3198
75221 3 6839
75224 1 534
75240 1 5462
75259 2 1890
75295 3 2546
75328 1 3938
75329 1 237
75331 1 3149
75421 1 645
75423 1 1748
75471 1 3184
75488 1 248
75504 1 564
75507 1 952
75529 2 8980
75534 3 9607
75544 1 730
75549 1 1112
75555 1 1273
75566 1 364
75569 1 502
75601 1 645
75602 1 1219
75613 2 492
75625 2 1046
75629 4 945
75669 1 724
75694 1 733
75695 7 1528
75704 4 936
75713 1 352
75752 1 1220
75775 1 197
75778 1 514
75831 3 807
75834 1 760
75865 1 239
75880 1 115
75917 1 1013
75920 1 4335
75930 4 4094
75932 1 498
75940 1 2480
75951 1 596
76008 1 1318
76030 1 1041
76038 1 3241
76057 1 646
76080 1 1124
76105 1 6146
76119 1 1349
76129 1 695
76132 1 1508
76134 3 904
76136 2 4953
76140 1 1136
76160 1 6409
76166 1 2068
76174 1 20998
76175 1 6943
76203 1 1000
76211 1 1215
76219 1 364
76223 1 1582
76233 3 1717
76246 2 6517
76247 1 4782
76252 1 2304
76261 1 3135
76304 2 5487
76305 3 1002
76310 1 4929
76313 1 1131
76314 1 579
76329 1 1364
76332 1 421
76353 1 3328
76364 1 1174
76391 2 1501
76405 1 5489
76413 1 1514
76448 3 5583
76477 1 693
76479 1 955
76491 1 1557
76502 1 1031
76507 1 2568
76516 1 5399
76529 8 10440
76571 1 2525
76585 2 1877
76592 1 1400
76690 1 2184
76697 1 447
76698 1 633
76721 9 2056
76726 1 2339
76747 1 450
76762 4 7340
76763 1 1702
76769 1 2417
76773 1 2532
76829 1 436
76843 1 576
76848 1 899
76868 3 1662
76869 1 1194
76870 1 1214
76871 1 919
76886 3 4302
76889 1 1635
76892 1 2271
76895 1 676
76898 2 1240
76910 5 881
76917 1 2139
76922 1 604
76925 1 638
76932 1 3132
76963 1 1460
76981 1 790
76995 3 1773
76997 1 1154
77002 1 962
77011 1 329
77018 1 437
77020 1 1328
77029 1 550
77054 1 1501
77055 2 1676
77057 1 1725
77059 1 1688
77070 1 2357
77073 1 1322
77076 3 3304
77082 2 5693
77083 2 3037
77084 2 2028
77085 2 2310
77086 2 5533
77088 1 4377
77091 1 1850
77103 1 1287
77124 1 3644
77135 1 801
77139 1 7313
77140 1 1726
77145 1 1172
77159 2 2784
77163 1 1994
77180 3 5716
77188 1 389
77196 2 1305
77199 1 3580
77208 2 4089
77209 2 4122
77210 2 4271
77231 2 2551
77237 1 1988
77242 1 1714
77245 1 2403
77246 1 6149
77247 3 1786
77249 1 3213
77263 3 1231
77264 1 706
77269 2 1124
77325 2 1130
77390 1 3306
77394 1 1254
77420 8 816
77422 1 626
77453 2 2217
77456 1 13066
77473 2 3580
77550 1 477
77553 1 3529
77563 1 320
77564 1 312
77579 3 621
77600 1 894
77610 3 2465
77627 1 927
77632 1 1321
77634 4 238
77804 1 659
77807 1 5880
77816 2 2167
77817 3 4230
77831 2 109
77834 1 3498
77877 2 3129
77878 2 3028
77890 1 467
77900 1 164
77916 2 230
77948 1 3393
77957 2 1907
77961 17 8551
78018 4 779
78022 1 624
78063 1 1360
78067 1 1940
78074 1 1554
78085 1 904
