born born 3869 65215343 
22 1 439
131 16 14882
132 4 13051
157 1 2070
248 1 5568
264 1 1210
276 1 1471
368 2 946
371 1 984
398 1 1083
412 1 288
423 3 1981
424 2 2481
430 2 3354
463 1 1357
556 1 3813
595 1 493
599 1 1086
606 1 1190
611 1 1629
613 1 3927
625 2 5869
660 1 680
710 1 958
716 1 1108
725 2 7096
759 2 1985
777 1 11416
800 2 987
890 1 1543
961 1 1879
986 1 2025
987 1 2023
988 1 2173
990 31 632
1102 1 1837
1104 1 4937
1120 1 463
1163 3 1777
1185 5 15836
1206 1 1304
1313 1 1940
1341 1 801
1348 1 958
1396 1 4255
1448 1 1058
1467 1 576
1469 1 2455
1484 1 6578
1520 3 1340
1584 1 1777
1634 1 30082
1644 2 1916
1652 1 1683
1659 1 2425
1730 1 1157
1737 7 4121
1744 1 667
1745 1 1756
1767 3 13095
1822 1 1972
1829 1 1201
1861 1 5589
1895 1 1092
1930 1 56
2169 1 1619
2257 1 2275
2339 1 1043
2366 1 2774
2391 1 625
2409 1 1038
2421 1 602
2441 2 7506
2474 10 1823
2491 3 1723
2622 1 2635
2756 1 278
2772 1 938
2972 1 1458
2981 2 1712
3007 1 909
3028 1 1955
3044 1 327
3109 2 3299
3149 1 1273
3196 2 2596
3217 1 2264
3281 1 3667
3282 1 963
3298 1 1620
3336 1 1048
3381 1 2093
3402 1 2468
3403 1 2172
3404 1 2168
3405 1 2857
3456 1 525
3531 1 1044
3537 1 1641
3570 1 549
3573 1 593
3574 1 867
3665 1 1640
3668 2 8976
3671 1 4789
3720 1 1051
3727 3 17097
3768 2 960
3776 1 1777
3780 1 1601
3807 1 276
3832 5 7941
3837 1 782
3838 1 1106
3847 1 27149
3883 1 1104
3890 1 1312
3922 1 4998
3941 1 294
3953 1 3340
3975 2 170
4016 1 4260
4067 1 3490
4187 2 7906
4256 1 2171
4263 1 1825
4296 8 6626
4326 1 852
4329 1 1355
4346 1 1650
4385 1 1633
4421 3 1667
4426 1 1533
4428 1 2072
4470 2 1463
4473 1 2419
4524 1 2046
4612 1 1244
4625 1 1120
4637 1 1404
4645 1 2574
4652 1 121
4671 3 1282
4674 2 1077
4689 1 545
4704 1 1493
4707 1 812
4753 2 5716
4755 1 1016
4775 2 1939
4807 1 545
4827 1 532
4833 1 2973
4840 1 5531
4844 1 1123
4857 1 2912
4858 1 604
4859 1 961
4873 1 660
4896 1 1508
4906 1 8000
4907 1 8001
4908 1 8001
4942 1 1955
5072 1 1057
5092 1 3536
5132 1 1537
5159 3 760
5162 1 1191
5181 1 694
5189 1 3419
5224 1 460
5291 2 1187
5321 1 1222
5438 1 1768
5457 1 359
5516 1 693
5518 1 2428
5525 1 1587
5527 1 2431
5534 1 728
5541 1 1278
5547 1 1154
5578 1 13045
5643 1 594
5660 1 667
5867 3 5884
5906 14 8444
5937 1 772
5989 1 983
5990 1 750
6003 1 1183
6004 1 1153
6048 1 4019
6077 4 2190
6078 1 1444
6093 1 2317
6124 1 396
6151 2 6692
6156 1 1167
6163 1 4318
6180 3 5070
6182 1 6597
6183 1 2719
6289 2 1534
6358 1 2724
6454 1 2665
6533 1 1057
6556 1 1029
6576 1 1635
6577 1 1930
6578 1 2792
6636 2 1118
6844 1 406
6872 1 63
6880 1 198
6910 1 107
6921 1 562
6940 1 326
6968 1 569
6969 1 1724
6973 1 826
7002 2 6389
7021 2 2137
7067 1 1340
7122 1 1098
7179 4 920
7268 1 51
7278 1 1716
7541 1 1707
7548 1 1489
7573 2 4835
7576 2 6690
7580 1 9484
7586 1 643
7648 1 770
7649 1 589
7705 3 4973
7706 1 3286
7713 1 1920
7720 1 1667
7722 1 1567
7727 1 2490
7728 1 1453
7763 1 2469
7775 1 3220
7778 1 425
7788 1 606
7906 2 1860
7963 1 3329
8029 1 807
8041 1 859
8057 1 751
8060 1 1283
8112 1 1014
8146 1 1848
8152 1 6009
8178 1 2357
8180 1 1237
8238 1 1131
8287 3 4172
8293 3 3686
8301 1 2361
8371 1 1170
8395 1 1291
8402 3 8226
8421 1 1142
8450 1 1198
8500 2 4697
8542 1 187
8546 1 2592
8596 1 600
8685 1 1005
8696 3 1842
8697 3 2450
8698 3 2529
8722 3 1681
8830 1 897
8850 1 3830
8867 1 2603
8903 2 1242
8904 1 1170
8929 1 425
8964 1 1138
9004 1 823
9071 5 6637
9106 2 1688
9159 1 987
9166 2 1429
9173 1 6443
9176 1 1666
9232 2 1398
9233 1 979
9302 1 3665
9311 1 1417
9332 1 3267
9344 1 1217
9413 2 1215
9414 2 1114
9415 2 1070
9416 2 1927
9417 2 1074
9418 2 1081
9419 2 1689
9430 1 2392
9431 3 3717
9463 1 3203
9489 1 6134
9490 4 2974
9491 1 6177
9492 3 6158
9578 1 120
9580 1 1345
9594 1 994
9633 1 408
9640 2 3873
9657 1 1060
9672 1 559
9676 1 994
9721 1 1652
9735 5 1420
9750 1 1343
9752 2 8096
9766 1 4331
9804 1 5129
9844 1 505
9867 1 1127
9874 3 1009
9927 1 637
9936 1 2878
9942 1 476
9944 1 1171
9948 1 2209
9970 1 1230
10001 1 1020
10009 1 1505
10015 1 1217
10081 1 2613
10101 1 12486
10107 1 1234
10112 1 593
10250 1 1105
10314 1 4681
10356 1 1443
10395 1 193
10403 1 1506
10405 1 808
10451 1 1088
10454 1 1185
10457 1 1648
10511 1 201
10522 1 1224
10580 1 1106
10628 1 1516
10638 1 341
10640 1 1072
10697 1 1237
10763 1 2030
10796 1 5414
10808 8 6608
10837 1 438
10861 1 3297
10864 1 2401
10890 1 700
10940 4 7910
10942 1 1886
10973 1 390
10979 1 1181
11075 1 1309
11077 1 1084
11089 1 1023
11093 1 134
11110 1 672
11143 1 1675
11194 1 1656
11208 1 2507
11222 1 673
11227 1 931
11235 1 496
11236 1 622
11237 1 600
11238 1 619
11248 2 11766
11255 1 490
11362 1 2542
11365 2 1363
11386 1 1182
11387 2 1357
11388 3 2085
11449 1 782
11450 1 1097
11484 1 1267
11497 1 1516
11562 1 1278
11602 1 109
11606 1 1638
11631 1 1115
11642 1 482
11678 1 815
11749 1 1983
11885 1 618
11967 2 4440
11980 1 750
11992 1 722
12052 1 392
12053 1 307
12083 1 90
12084 1 348
12100 2 1451
12116 2 3604
12179 1 132
12278 1 2692
12293 1 1151
12320 1 1771
12326 2 4527
12364 1 1534
12367 1 9446
12452 1 505
12458 1 3716
12466 1 1446
12501 1 927
12592 1 1277
12638 1 6177
12643 1 1624
12704 1 5255
12711 1 2227
12739 1 548
12769 1 1459
12786 1 7289
12814 8 46677
12885 2 6601
12906 1 2925
12907 1 2394
12924 1 1943
12925 2 2837
12931 1 1455
12941 1 587
13000 1 844
13003 1 4796
13014 1 178
13015 1 182
13016 1 182
13061 1 2559
13094 1 1335
13122 3 8864
13123 1 292
13138 2 986
13161 1 779
13204 1 1820
13205 2 2644
13208 1 2020
13214 2 1322
13229 4 3224
13230 3 1741
13315 1 1614
13332 1 14933
13336 1 2457
13342 1 1229
13344 1 5744
13381 1 4238
13427 2 2521
13449 1 2443
13475 1 2437
13479 1 5487
13480 1 2096
13486 4 7532
13487 1 833
13499 1 5895
13548 7 6866
13567 1 589
13617 1 2513
13618 1 28398
13640 1 4066
13641 1 769
13655 1 862
13659 1 3326
13663 1 1344
13679 1 278
13710 1 1819
13839 1 1437
13862 1 3335
13871 1 6056
13906 1 619
13940 1 1453
13985 1 11629
14000 1 859
14006 1 1552
14032 1 1220
14080 1 51830
14117 1 1112
14118 1 1090
14199 1 853
14207 1 954
14212 1 12149
14234 1 1454
14240 1 192
14251 1 317
14271 1 2963
14280 1 2667
14290 2 925
14318 1 743
14360 2 1012
14414 1 1128
14456 1 1069
14472 1 1594
14491 3 3791
14501 1 1641
14510 1 6161
14515 6 1354
14529 1 1219
14545 1 1107
14585 1 935
14721 1 4901
14727 1 1409
14736 4 1294
14740 4 1571
14747 1 1544
14797 2 2125
14830 1 8170
14831 1 8171
14832 1 8172
14858 1 3107
14867 1 1170
14880 1 1431
15028 1 4600
15099 1 5771
15114 1 1801
15224 1 1573
15239 1 442
15244 2 5618
15287 2 710
15548 1 400
15576 2 2773
15580 1 2165
15601 1 492
15711 2 1636
15808 2 695
15835 1 395
15862 7 791
15923 1 117
15957 2 8025
16027 1 907
16038 1 458
16044 1 3747
16108 2 489
16171 1 1004
16191 1 1319
16214 2 1149
16216 1 836
16270 1 2905
16294 1 2089
16310 1 1612
16323 2 1197
16464 1 3565
16480 1 1705
16534 1 1160
16562 1 1204
16591 1 6896
16705 1 3332
16738 1 336
16760 1 627
16765 1 1110
16818 5 10022
16843 2 15992
16849 1 6516
16852 1 1499
16869 1 3108
16932 1 4752
16936 1 3648
16943 7 10757
16968 1 2878
16984 2 5305
16989 1 971
17004 2 2316
17012 1 3524
17013 3 9772
17059 1 1292
17107 1 1950
17111 1 1220
17137 1 1349
17185 3 1163
17202 1 2274
17218 1 1541
17222 1 575
17236 1 458
17237 1 448
17241 2 880
17244 1 10025
17252 2 2637
17258 1 1211
17296 11 4348
17323 1 1419
17354 2 1123
17363 1 2096
17388 1 471
17390 1 3105
17407 1 987
17428 2 990
17458 1 10296
17497 1 1775
17501 3 2505
17550 2 72
17555 2 14925
17559 1 315
17568 1 1347
17589 4 12110
17660 1 591
17730 1 4474
17758 2 28986
17801 1 368
17802 1 818
17803 1 909
17804 2 2146
17810 1 1705
17826 1 448
17827 1 696
17909 5 479
17950 1 1113
17962 1 680
17987 1 662
18054 4 2177
18058 2 1082
18080 1 2638
18095 1 901
18104 1 1218
18116 1 867
18159 1 870
18169 9 3118
18262 1 1741
18264 1 3866
18276 1 1341
18278 2 1495
18296 1 913
18311 1 820
18325 4 1711
18367 2 1750
18388 1 1439
18414 1 1361
18420 1 1885
18432 1 1466
18433 1 415
18452 1 771
18594 1 200
18597 5 6498
18620 2 3943
18621 1 5046
18622 1 5539
18650 1 1648
18652 1 2264
18653 1 4815
18654 2 15696
18655 1 837
18656 1 1667
18657 1 2740
18658 1 1985
18659 2 1736
18670 1 1046
18678 1 1208
18701 1 2590
18748 2 1015
18802 1 1147
18821 1 805
18856 1 182
18857 1 182
18858 1 182
18859 1 182
18860 1 182
18890 1 532
18913 2 224
18933 2 6035
18939 1 1456
18945 1 6732
18965 1 20789
18967 1 13159
18995 1 1038
19002 1 1321
19008 3 1510
19027 1 291
19038 1 2622
19076 1 2622
19079 8 16454
19083 1 277
19088 1 938
19095 1 4478
19106 1 1080
19110 1 1343
19125 2 917
19131 1 3297
19180 1 2589
19186 2 6942
19194 1 5424
19371 1 1293
19375 1 4252
19379 3 4781
19384 1 5576
19390 6 3260
19397 1 1024
19415 1 968
19418 1 447
19554 1 749
19559 2 6375
19560 1 8071
19640 2 418
19651 3 2122
19653 1 1803
19685 1 4688
19686 1 4573
19701 1 1162
19708 1 613
19733 1 1292
19771 1 523
19772 1 746
19773 1 783
19774 1 725
19778 1 362
19899 1 6214
19901 1 1057
19932 1 1327
19934 1 984
19938 3 1181
19946 1 1413
19949 2 605
20006 1 2516
20016 2 3043
20117 1 56
20153 1 1172
20169 1 2907
20194 1 1431
20208 1 979
20249 9 1021
20253 1 1358
20260 2 1299
20265 2 1580
20323 1 694
20339 2 1011
20369 2 781
20425 1 3934
20575 1 4332
20577 2 1021
20677 1 8655
20678 1 4807
20679 2 6821
20680 1 2816
20681 1 935
20682 1 5585
20683 1 2155
20698 2 3736
20700 1 2481
20701 1 2408
20708 2 24696
20794 2 970
20823 3 1234
20830 1 2279
20833 2 5441
20868 1 3295
20879 2 1378
20926 1 938
20940 1 1860
20990 1 2056
20995 2 1840
20999 2 2745
21005 1 993
21064 1 674
21074 2 5552
21135 1 790
21292 2 1797
21318 2 7108
21324 3 1830
21325 1 1030
21359 2 13839
21378 1 356
21379 2 2870
21386 1 1881
21387 1 3030
21389 2 3999
21395 1 236
21414 1 1289
21418 1 1031
21420 1 4351
21460 1 877
21465 1 1283
21484 1 1764
21490 2 4936
21503 1 13267
21507 2 7373
21532 3 989
21552 4 3528
21559 1 1049
21571 1 1372
21574 1 1373
21637 2 10855
21652 1 1185
21656 1 904
21661 1 5628
21688 1 2146
21701 1 1549
21704 1 1215
21705 1 1432
21730 2 1984
21766 1 1815
21767 1 6211
21803 1 1062
21813 3 930
21840 2 6308
21943 1 2866
21964 2 1399
21969 1 4332
21981 1 3068
21996 2 2579
22092 1 8456
22093 1 10393
22094 1 65
22140 1 76
22163 1 2087
22198 1 2137
22216 1 13756
22454 1 507
22461 1 397
22487 1 1766
22491 3 507
22505 1 899
22520 1 918
22547 1 5064
22584 1 2300
22610 1 1706
22639 5 3403
22867 2 2220
22878 2 1217
22881 1 1554
22908 1 2390
22927 1 2118
22949 1 215
22976 4 1924
23000 1 100
23003 1 912
23014 1 3266
23026 1 625
23064 2 7447
23213 1 950
23353 2 695
23363 1 3369
23457 1 980
23469 2 500
23489 1 7818
23521 1 1803
23535 1 134
23558 1 1014
23559 1 2529
23583 1 3023
23644 4 2056
23747 2 2274
23756 1 269
23765 1 11324
23792 1 1958
23800 1 781
23829 2 8025
23898 1 871
23912 1 1243
23953 1 169
23985 1 659
24006 1 3059
24014 2 419
24119 1 14616
24190 1 1650
24268 1 1365
24269 2 1407
24357 1 1310
24438 1 3027
24460 1 1835
24462 1 8468
24472 2 2226
24475 1 2124
24488 1 1218
24502 2 2202
24503 2 924
24510 1 918
24524 1 131
24573 1 2513
24596 1 3667
24612 3 1430
24616 1 6643
24679 1 619
24747 1 5509
24765 2 1351
24790 1 2605
24803 3 5803
24811 1 715
24823 1 2274
24826 2 1650
24840 1 9627
24844 3 1882
24849 1 4735
24855 1 606
24863 1 1907
24864 5 3090
24879 1 557
24882 1 8171
24883 1 8171
24928 1 1142
25048 3 1625
25069 1 1507
25112 1 875
25113 2 819
25125 1 396
25150 1 1598
25182 3 528
25230 1 600
25232 1 2344
25235 1 7935
25317 1 684
25334 2 547
25492 6 3700
25494 1 807
25513 1 844
25523 1 1166
25537 1 199
25542 3 2369
25568 1 2008
25655 1 2371
25668 2 1796
25765 1 1150
25766 1 1160
25776 1 1136
25807 1 717
25891 1 2054
25961 1 1637
25992 1 559
26002 3 617
26059 1 1273
26063 1 947
26095 1 5070
26136 1 889
26161 1 14248
26191 1 456
26220 1 1669
26241 1 5926
26257 1 3709
26258 3 7349
26259 1 3718
26260 1 3718
26261 1 3710
26262 1 3711
26343 3 4639
26388 1 3682
26432 2 2149
26460 1 957
26478 2 820
26498 2 32423
26505 1 418
26507 3 4226
26518 1 1163
26534 3 3621
26693 1 1069
26696 1 931
26716 1 1488
26727 1 4405
26742 1 982
26816 3 2936
26825 1 2133
26832 1 1182
26873 1 775
26874 1 555
26906 1 494
26914 1 892
26979 1 787
27059 1 88
27096 2 110
27100 1 528
27114 1 869
27174 1 2438
27200 4 863
27201 1 865
27202 1 938
27206 1 561
27258 1 1835
27268 1 90
27291 2 3912
27300 1 2411
27301 1 984
27320 1 798
27321 3 7344
27322 1 3721
27323 1 2478
27324 1 3721
27391 3 4345
27392 3 4376
27431 1 2548
27467 1 879
27519 1 1928
27521 1 1461
27525 2 1284
27537 3 952
27574 1 1312
27585 1 1037
27602 1 927
27620 1 710
27663 1 543
27702 1 937
27763 1 642
27836 1 3088
27837 1 2547
27866 1 4412
27971 2 1073
28032 2 1700
28034 1 1005
28093 1 873
28103 1 5130
28115 1 2406
28190 2 345
28261 1 11790
28292 1 796
28477 1 3627
28490 1 1612
28491 2 4917
28627 1 752
28653 1 704
28691 1 1330
28727 1 670
28751 1 426
28804 1 884
28815 1 2670
28837 1 499
28840 1 12057
28858 1 1311
28984 1 728
29011 1 2920
29021 1 1122
29033 1 1701
29046 2 638
29081 1 1817
29119 1 1828
29130 1 188
29398 2 411
29399 1 1118
29404 1 644
29434 1 921
29456 1 447
29523 21 10213
29540 1 1456
29559 1 3217
29596 2 1432
29610 2 1172
29617 1 737
29625 1 10200
29628 1 3312
29641 1 354
29647 2 917
29648 3 8110
29650 1 2908
29651 1 519
29674 1 501
29700 2 645
29701 1 334
29721 1 6842
29727 1 1628
29805 2 1359
29806 2 1218
29813 1 1004
29896 1 1023
29991 3 10803
30017 1 520
30072 1 1276
30127 1 2006
30132 2 1913
30143 1 1666
30145 1 1077
30197 1 3083
30249 1 750
30286 1 895
30369 3 2927
30375 1 947
30393 1 442
30433 4 4735
30534 3 695
30554 1 3073
30605 1 1929
30639 1 8117
30693 1 403
30709 1 739
30748 1 1479
30750 1 1681
30757 1 1418
30769 1 1282
30778 1 614
30779 1 1137
30808 1 2494
30842 2 2081
30868 1 2055
30883 1 218
30885 1 660
30907 3 291
30923 1 1078
30947 1 1608
31045 1 24677
31085 4 2635
31105 1 989
31247 1 609
31274 1 1664
31320 1 2381
31329 1 3009
31355 1 5480
31387 2 1573
31406 1 3326
31444 2 3894
31464 2 750
31505 1 914
31559 2 402
31588 1 1119
31603 1 986
31604 1 966
31609 1 663
31612 1 724
31621 1 412
31686 2 1986
31688 2 2740
31703 2 1955
31723 1 9877
31767 2 1437
31829 11 14263
31859 1 1265
31927 2 1875
31945 1 2616
31981 1 620
32193 1 678
32210 1 456
32217 1 1083
32227 1 1465
32245 1 444
32248 1 886
32263 1 652
32295 2 3206
32297 2 3273
32298 2 3261
32343 3 868
32351 1 1416
32363 1 495
32388 2 24490
32389 1 857
32432 1 1300
32471 3 2840
32565 2 1204
32566 2 1495
32604 1 773
32613 2 625
32632 1 1721
32641 1 1814
32734 1 166
32752 1 2880
32796 1 280
32869 1 784
32884 1 458
32913 2 774
32975 2 2044
32989 1 1412
32990 1 1413
33034 1 440
33052 1 125
33060 1 676
33078 1 5728
33080 1 2203
33083 1 1262
33097 2 819
33124 1 2148
33188 2 10275
33206 3 858
33240 1 9576
33246 1 1782
33264 6 1136
33285 1 3524
33304 1 1326
33319 1 2701
33328 1 3420
33403 1 5506
33430 1 1572
33534 1 223
33544 1 2303
33601 1 995
33610 1 1314
33613 1 697
33695 1 3294
33703 1 18894
33710 1 1002
33755 1 694
33763 1 2200
33779 1 1792
33792 1 972
33798 1 1847
33859 1 7228
33949 1 537
33977 1 2001
33990 1 602
33993 1 845
34037 8 3652
34039 7 23394
34052 1 11789
34092 1 1599
34096 1 821
34175 1 2354
34192 2 1198
34197 1 2057
34273 1 708
34282 1 991
34286 1 590
34341 1 1060
34354 1 2232
34505 1 3691
34512 1 258
34544 1 1173
34548 1 2298
34562 1 813
34578 1 2374
34627 1 1130
34792 1 862
34843 1 983
34901 1 18201
34909 1 563
34949 1 1920
34957 2 667
34972 1 2699
34975 1 592
35103 1 158
35122 1 125
35150 1 619
35293 1 490
35314 1 237
35351 1 1416
35403 4 2961
35427 2 12574
35428 2 12657
35456 1 2136
35461 1 1748
35552 1 1138
35555 1 968
35720 1 4608
35721 1 515
35757 2 1109
35762 1 742
35773 1 1187
35774 1 3657
35790 1 1499
35854 1 1371
35895 1 1498
35930 1 908
35946 1 3409
36048 1 604
36051 1 3640
36082 1 1049
36091 1 2113
36100 1 3371
36109 2 12698
36270 1 1047
36281 1 1467
36290 1 1878
36291 1 4374
36304 1 1491
36311 1 2920
36343 2 1778
36364 1 2554
36378 2 462
36380 1 926
36397 1 8678
36398 1 8678
36417 1 2136
36551 9 896
36590 1 5680
36624 1 1412
36625 1 1412
36626 1 1412
36675 2 6019
36684 1 1952
36685 1 3543
36708 1 780
36720 2 619
36732 2 18263
36753 1 993
36796 1 1826
36797 1 6365
36828 1 1444
36945 1 21910
37011 1 2340
37046 1 995
37074 1 3457
37105 1 5309
37177 3 10680
37205 5 2953
37267 2 1801
37278 4 2964
37284 1 2087
37382 2 3256
37392 1 1220
37415 2 5377
37419 1 13883
37427 2 7481
37434 1 6835
37447 2 1838
37466 1 632
37505 1 759
37551 1 867
37579 2 4434
37600 1 1454
37617 1 1086
37625 1 2363
37661 3 5314
37671 1 2694
37672 1 1421
37676 1 747
37830 5 484
37831 3 250
37881 1 1592
37909 1 2154
37917 1 1025
37949 1 2150
37959 1 3028
38067 1 2040
38069 1 3382
38088 1 526
38091 2 294
38094 2 2311
38159 1 1705
38199 1 2577
38221 1 1823
38222 2 1936
38229 2 4034
38307 2 1626
38316 1 1756
38339 1 1676
38360 1 955
38407 1 1761
38412 1 2954
38413 2 6145
38433 1 2018
38434 1 2883
38441 1 3038
38520 1 1239
38557 3 10387
38564 2 4067
38584 1 728
38590 1 753
38627 2 1433
38628 2 1814
38666 2 1249
38689 1 1157
38772 1 961
38799 1 1503
38851 1 4217
38855 2 5137
38874 2 1562
38883 2 412
38901 1 944
38916 1 6621
38949 3 1160
38964 1 973
39083 1 2721
39084 2 4248
39085 1 4795
39121 1 2269
39139 1 280
39143 8 2279
39175 1 3064
39181 1 3063
39204 1 908
39239 1 819
39250 1 644
39331 1 512
39332 4 702
39487 1 910
39521 1 572
39559 1 522
39565 1 689
39590 2 969
39632 1 798
39690 2 2140
39699 2 3266
39825 1 519
39832 1 487
39885 1 197
39911 1 987
39940 1 1790
39958 1 1932
39978 2 30166
39980 1 1431
39986 1 880
39993 1 6188
39995 1 2204
40022 1 2312
40024 1 2366
40056 1 2607
40060 1 1447
40065 2 3427
40106 3 1533
40126 1 272
40198 5 5290
40227 1 865
40253 1 3705
40254 1 2478
40255 1 3713
40256 1 1952
40257 1 3718
40259 1 883
40287 1 10480
40320 2 7910
40336 1 1079
40397 1 1801
40438 2 4462
40481 2 1509
40498 2 1626
40512 1 2080
40541 4 4650
40552 2 4962
40555 2 779
40563 1 790
40630 2 5684
40636 1 3362
40637 2 7547
40638 3 835
40665 1 1612
40669 1 995
40675 1 119
40685 2 2772
40686 1 2486
40695 1 8337
40772 1 2487
40825 1 1760
40828 2 514
40877 1 37
40900 1 3388
40926 1 4236
40966 3 1237
40972 1 1481
40993 1 3833
41022 4 2587
41080 2 1531
41235 1 2506
41238 2 4035
41249 1 1422
41257 1 630
41296 1 657
41308 1 908
41538 1 840
41540 1 2878
41622 1 435
41672 1 1500
41688 1 1836
41698 2 3701
41708 1 699
41720 1 1655
41721 40 2315
41724 1 1426
41728 1 852
41754 1 1650
41778 2 1214
41826 1 2287
41828 1 764
41866 1 1666
41900 1 1156
42019 1 6660
42025 3 9933
42030 1 2922
42048 2 1192
42050 1 774
42113 1 765
42129 1 4735
42135 3 5733
42161 2 9423
42171 1 1306
42237 1 1264
42253 1 160
42266 1 1519
42276 1 537
42299 1 1013
42301 1 1173
42422 3 5724
42425 2 5948
42460 1 1971
42559 1 2800
42567 1 3374
42569 2 3491
42574 2 2003
42580 2 8665
42590 1 1040
42593 1 2229
42597 4 1554
42630 1 2369
42632 2 2515
42648 1 4779
42652 1 2519
42653 1 2753
42673 1 1898
42755 1 758
42919 1 443
43020 1 2004
43046 2 1122
43072 1 1152
43101 1 933
43103 1 506
43229 2 8025
43269 1 839
43270 2 256
43346 3 1387
43348 1 1318
43418 1 1353
43438 2 2070
43446 2 8554
43538 2 2943
43598 1 440
43693 1 1197
43735 1 161
43798 1 5617
43804 1 3750
43810 1 966
43843 1 878
43861 1 1888
43914 8 775
43935 2 3104
43942 1 2137
43943 1 2720
44014 1 2086
44056 1 2924
44057 2 3001
44059 1 1070
44116 1 4462
44129 1 1404
44148 1 986
44222 1 636
44247 1 2369
44287 1 3176
44289 1 611
44299 1 959
44333 1 2947
44370 1 4236
44372 2 5509
44394 1 2869
44446 2 568
44471 1 686
44479 1 5563
44569 1 1077
44578 1 375
44707 1 6048
44741 4 562
44758 1 2521
44790 5 1262
44796 1 207
44813 1 1238
45098 1 1554
45159 4 13537
45170 2 1514
45217 1 1038
45235 1 460
45296 1 813
45336 1 1599
45337 1 1434
45363 1 153
45427 1 771
45456 1 1098
45581 2 8025
45636 1 188
45662 1 135
45675 1 147
45687 1 459
45709 1 1143
45739 2 142
45797 1 420
45819 1 1265
45824 1 2571
45839 1 1004
45853 1 610
45895 1 213
45917 1 438
46004 1 798
46039 1 864
46128 1 1163
46147 1 2188
46166 1 621
46169 1 5011
46212 1 1331
46213 1 642
46289 1 4086
46314 1 562
46353 3 1094
46378 1 6175
46388 1 81863
46481 1 455
46525 1 984
46528 2 1148
46659 1 1042
46694 3 3602
46696 1 1298
46698 1 1272
46702 1 1312
46732 1 961
46735 2 1806
46748 1 1902
46823 1 817
46824 2 1526
46997 1 1325
47002 2 1260
47095 1 6494
47160 1 4319
47177 1 1679
47199 1 3686
47241 1 339
47245 2 6757
47270 1 2703
47398 2 5716
47453 1 504
47459 1 8496
47462 1 630
47474 1 5150
47528 1 4592
47536 1 2114
47576 2 2029
47625 2 907
47690 1 1185
47720 1 1789
47784 1 724
47800 1 10768
47812 1 582
47816 1 566
47891 1 1182
47910 1 1921
47935 1 54
48078 6 11919
48087 2 2749
48148 2 1709
48197 1 8238
48235 1 585
48262 1 1040
48269 3 11120
48285 1 1127
48330 1 1029
48341 1 811
48351 4 127
48381 1 692
48407 3 1657
48413 2 3524
48450 1 1295
48545 2 3140
48554 1 521
48566 1 3055
48598 1 412
48609 1 3196
48632 1 3473
48664 1 1021
48671 1 1680
48710 1 1101
48718 1 536
48751 1 1441
48752 1 1640
48835 1 872
48836 1 554
48863 1 749
48898 1 2208
48904 1 1475
48912 3 2452
48917 3 6627
48940 1 321
48941 3 290
48942 1 325
48960 1 2073
48963 1 927
49001 2 3445
49014 1 2884
49034 1 2025
49072 2 429
49182 1 1444
49184 5 2455
49204 1 850
49256 3 1312
49257 2 1855
49258 2 1049
49259 2 953
49260 2 1319
49261 2 1071
49272 1 951
49320 1 943
49347 1 1309
49348 2 2857
49366 1 5125
49381 2 2611
49443 1 1149
49455 1 2601
49489 1 101
49504 1 445
49522 1 6160
49543 1 1789
49662 1 2884
49663 1 489
49679 1 2751
49743 1 700
49787 1 1014
49870 1 1382
49871 1 763
49905 1 2350
49919 1 2203
49921 1 1842
49931 1 2794
49932 2 1098
49968 2 451
49984 1 1693
50002 1 1163
50012 1 3608
50014 1 1452
50040 1 6696
50060 1 2052
50131 1 1217
50142 1 2652
50186 1 5705
50192 1 1934
50196 2 3087
50208 1 795
50214 2 1560
50216 1 1284
50217 1 1971
50272 2 339
50285 1 4950
50307 1 1514
50355 1 3677
50371 2 1728
50377 1 2084
50386 1 695
50437 1 799
50438 1 1670
50458 4 1281
50490 2 530
50679 1 145
50790 2 915
50835 1 656
50861 1 652
50867 1 598
50868 1 670
50881 1 4909
50888 1 2791
50913 1 1817
50950 1 1239
50983 3 16660
50984 1 1008
51006 1 2540
51009 1 524
51011 1 1216
51051 1 1177
51069 1 243
51089 1 1317
51096 2 1043
51104 1 1340
51105 1 1220
51111 1 335
51116 1 927
51120 1 2116
51151 1 2830
51173 1 1055
51199 2 426
51233 1 1315
51234 1 1409
51323 4 1148
51324 1 2010
51356 1 903
51366 2 996
51370 1 773
51412 1 1567
51439 1 574
51495 1 928
51638 2 3650
51647 1 962
51655 1 595
51763 1 2149
51819 1 592
51828 1 2276
51839 5 9735
51899 2 12169
51925 1 674
51967 1 2148
51976 1 1263
52019 1 1451
52069 4 2292
52091 1 680
52156 1 522
52210 2 148
52243 1 359
52247 1 359
52248 1 702
52249 1 716
52250 1 701
52251 1 694
52266 2 5261
52377 6 1152
52394 1 897
52404 3 1285
52408 1 1385
52450 2 1698
52470 1 896
52475 1 1358
52479 2 407
52493 1 2748
52506 2 1015
52526 1 1430
52544 1 877
52605 1 656
52635 1 3805
52709 1 1796
52851 1 420
52856 1 233
52905 1 206
52924 2 605
52925 1 1018
52972 1 550
52975 1 550
52988 3 24350
53079 1 403
53126 1 859
53134 1 656
53138 1 1947
53139 1 3527
53236 4 3296
53242 3 4792
53248 3 5457
53249 1 556
53341 1 2371
53359 1 2051
53366 2 793
53430 9 48057
53479 4 1784
53508 1 1704
53514 1 935
53553 1 808
53563 2 236
53650 2 1107
53672 1 2063
53683 6 252
53708 4 2017
53762 1 444
53768 1 2855
53770 1 1540
53777 1 3202
53866 2 1764
53867 1 1992
54132 1 1427
54135 1 596
54211 1 1735
54214 1 738
54252 1 735
54279 4 1708
54289 1 1258
54355 1 10248
54363 1 547
54372 1 1111
54399 4 5059
54460 1 1195
54490 1 712
54525 1 1307
54527 1 1295
54550 1 2204
54570 3 883
54589 1 2333
54602 1 1759
54619 1 10647
54916 4 562
54917 4 562
54966 1 6126
54969 1 642
54974 1 1777
55002 1 802
55051 1 384
55054 3 4966
55056 1 1176
55066 2 3616
55068 2 3268
55080 1 613
55113 1 1550
55118 2 4304
55128 1 1409
55171 1 2177
55308 1 905
55333 1 1119
55421 1 489
55434 2 1232
55456 1 2236
55479 1 1040
55535 1 726
55538 3 7491
56103 1 245
56172 3 827
56194 2 1968
56223 1 5116
56224 1 1444
56235 1 443
56321 7 2422
56445 1 2121
56503 2 5900
56530 2 553
56543 1 890
56573 1 819
56581 1 2134
56600 1 1942
56607 1 2013
56680 1 1247
56689 1 1387
56706 1 1698
56717 1 2410
56724 1 634
56735 1 2263
56770 1 2972
56783 1 780
56802 1 8941
56821 2 6607
56854 1 965
56866 1 1626
56955 1 3738
56959 1 893
57014 1 207
57024 2 5130
57226 5 11510
57245 1 568
57256 1 1106
57299 2 1272
57319 1 1304
57363 1 1222
57372 2 2559
57393 1 1081
57395 1 481
57413 12 6376
57430 5 575
57471 1 1255
57511 1 2052
57519 2 774
57539 1 571
57546 1 1271
57548 1 1424
57551 2 1637
57660 6 6533
57666 1 1813
57724 2 861
57748 2 1258
57765 1 365
57771 11 179
57772 1 1177
57782 1 1036
57801 1 2633
57802 1 603
57803 2 1176
57809 1 1242
57846 1 2065
57923 1 2383
58116 1 42
58226 1 2030
58227 1 1972
58239 1 848
58294 1 230
58296 2 1436
58324 1 1125
58326 2 1893
58346 1 948
58378 1 2575
58467 1 4185
58546 1 999
58814 1 673
58836 1 2335
58837 2 3342
58847 1 2073
58858 1 1878
58869 1 5200
58897 1 1028
58936 2 1464
58964 1 5289
59072 1 10092
59164 2 1218
59165 1 969
59193 1 961
59267 1 1398
59347 4 9699
59348 1 10477
59350 3 8331
59387 1 1937
59420 1 1188
59423 4 13129
59434 1 2472
59442 2 1743
59447 2 836
59448 1 1068
59459 1 1393
59473 1 4291
59475 2 5201
59524 2 1325
59568 6 1774
59569 2 1463
59582 1 1698
59599 2 1077
59606 1 273
59617 1 1334
59629 1 2062
59633 1 4221
59648 1 938
59686 2 1195
59707 1 1267
59709 1 3880
59810 2 741
59813 1 1702
59867 3 342
59874 1 4939
59907 1 1288
59909 3 3894
59938 2 1265
59985 1 4522
59987 1 5303
59988 1 5229
60016 1 1377
60071 1 365
60099 2 828
60105 1 570
60151 1 423
60180 1 866
60184 1 998
60185 1 1405
60194 1 484
60198 2 395
60234 1 909
60235 1 821
60249 1 1398
60275 1 3073
60285 1 1744
60349 2 1057
60356 2 898
60364 1 1138
60369 1 1182
60370 1 1845
60371 1 3906
60379 1 1146
60446 1 1213
60483 1 648
60485 1 2859
60507 1 4075
60611 1 2420
60691 2 1244
60694 1 1114
60697 1 1552
60814 2 279
60822 1 5864
60827 1 2424
60953 1 2570
60957 2 3093
60963 3 3508
61020 2 13801
61048 1 1704
61131 1 2971
61152 2 782
61155 1 688
61157 2 783
61176 1 884
61177 1 2363
61178 1 2893
61179 1 2633
61188 6 29700
61258 1 3684
61268 1 2756
61269 1 8764
61335 1 1245
61379 1 1394
61381 1 1011
61383 2 843
61497 1 5567
61511 1 2320
61516 1 1071
61523 1 3940
61609 1 1119
61617 1 2377
61628 1 7244
61658 1 1813
61735 11 204
61736 1 3608
61822 3 5496
61824 1 4512
61833 1 7073
61861 1 2244
61867 1 1527
61892 1 3071
61938 1 6544
61939 1 10305
61949 1 1699
61992 1 754
62002 1 528
62013 5 1235
62064 1 591
62110 1 4274
62193 1 2441
62204 1 8201
62350 1 671
62369 1 1325
62379 1 926
62390 1 442
62404 1 5459
62416 1 2005
62432 1 5539
62453 1 307
62456 1 563
62484 1 712
62588 2 8596
62589 1 558
62610 1 459
62613 1 5274
62635 1 1315
62669 1 1183
62729 1 2162
62737 1 129
62780 1 1770
62866 1 1794
62928 2 709
62931 2 2235
63002 1 1007
63058 2 1372
63059 2 1717
63060 2 1082
63061 2 5120
63062 2 1067
63063 2 1595
63064 2 1202
63065 2 1209
63066 1 1695
63078 1 1839
63083 1 1965
63094 1 985
63095 1 433
63128 1 1024
63130 1 1449
63152 1 888
63168 1 2328
63184 1 2633
63197 1 7220
63206 1 1190
63254 1 388
63265 2 1866
63297 1 715
63319 1 301
63349 1 2002
63415 1 786
63504 1 4125
63507 2 1696
63572 1 3748
63578 1 874
63589 2 500
63621 1 312
63628 2 1675
63634 1 5269
63637 1 460
63640 1 481
63694 1 288
63701 3 2880
63765 1 1813
63803 1 2123
63842 1 2243
63933 1 426
63964 1 1764
63972 1 1998
63973 1 2472
64009 1 3743
64012 1 1614
64015 2 2612
64021 1 4309
64032 1 1854
64039 1 769
64070 2 1259
64094 1 3694
64097 2 997
64103 1 401
64295 1 1792
64363 1 894
64376 1 2975
64380 2 547
64459 1 783
64539 1 837
64653 1 1553
64666 1 1098
64951 1 1419
64952 1 1538
65031 1 3879
65099 1 2357
65107 1 3809
65108 1 1542
65129 5 15643
65250 5 1431
65271 1 2676
65354 1 1071
65361 1 193
65375 1 337
65376 1 1586
65394 1 1148
65410 1 1931
65425 3 2453
65479 1 841
65516 1 1590
65524 2 1206
65528 1 674
65537 1 3294
65539 1 628
65576 2 4667
65686 1 1470
65886 1 3075
65890 1 773
65899 6 3335
65944 2 4400
65955 2 885
65956 2 3157
65980 1 4583
65989 1 270
65999 5 7992
66001 1 1533
66010 1 955
66026 1 1362
66053 1 976
66109 1 1364
66162 3 3524
66242 2 1963
66249 1 579
66278 1 2126
66380 1 9761
66386 1 631
66390 1 642
66468 1 14
66497 1 2312
66499 1 844
66505 1 748
66506 1 500
66515 1 6274
66523 1 1015
66542 1 1829
66581 1 952
66619 1 2672
66640 11 1008
66645 1 379
66663 1 176
66677 1 1321
66682 1 897
66722 1 276701
66748 1 1830
66801 2 3195
66806 1 3247
66819 1 6321
66875 1 578
66882 1 1598
66884 5 3426
66886 15 3404
66911 1 742
66993 1 1773
67047 1 2295
67101 1 392
67191 1 798
67233 1 187
67266 1 4007
67293 1 419
67305 1 1420
67355 1 6043
67356 1 2111
67357 1 2331
67360 1 1780
67427 2 2019
67457 1 722
67458 1 1924
67574 1 2213
67584 1 3111
67611 1 626
67637 1 4061
67689 1 7619
67692 3 1120
67721 1 1030
67725 1 1884
67727 1 3367
67760 1 890
67770 1 1180
67772 1 1925
67803 1 932
67833 1 1022
67876 1 873
67890 1 3387
67916 1 1568
67987 2 2466
68060 1 1384
68091 1 10665
68176 4 2781
68210 1 1864
68217 1 5161
68228 1 6756
68231 1 1269
68261 1 1258
68262 1 891
68306 2 694
68379 1 1093
68402 2 1259
68403 2 1259
68436 1 2388
68437 1 2115
68440 1 2081
68442 2 971
68446 2 3669
68660 1 1533
68686 1 900
68693 1 1104
68737 1 3173
68778 1 432
68779 1 316
68787 1 1506
68802 1 1220
68812 1 10319
68856 1 917
68920 1 2788
68991 1 1084
69013 1 688
69038 1 1165
69081 2 838
69372 1 1567
69381 1 920
69387 1 1411
69425 1 1792
69484 1 684
69546 1 1049
69836 1 1161
69887 2 3269
69889 2 1917
69898 1 1027
69997 1 101
70022 1 894
70045 3 1086
70120 1 629
70165 1 1399
70169 2 8025
70207 1 10208
70218 1 1422
70222 1 950
70230 1 1801
70252 1 662
70271 1 623
70290 1 2102
70348 1 961
70365 1 1481
70409 1 1089
70431 1 2476
70534 1 5509
70583 1 837
70595 1 2506
70616 1 860
70701 2 2606
70702 1 2156
70841 4 8361
70912 2 1315
70929 2 6834
70951 1 917
70954 2 6095
70963 1 725
70978 3 606
71006 1 802
71043 4 4249
71107 1 783
71137 2 9411
71252 1 1357
71310 2 845
71327 2 1804
71329 2 1464
71338 2 2157
71354 1 687
71363 1 1914
71406 2 2956
71419 3 2738
71505 1 1058
71630 2 3469
71672 1 952
71705 1 10258
71706 3 5275
71757 1 2729
71790 1 2312
71822 3 1832
71838 1 910
71880 1 1247
71887 3 486
71897 1 2249
71941 1 1460
71943 1 3979
71967 1 239
71973 1 1640
71988 1 2427
72013 2 180
72021 2 240
72026 1 290
72038 3 3035
72039 2 5516
72064 1 913
72065 1 9229
72066 1 7004
72067 1 9227
72068 3 8137
72069 1 940
72098 1 19912
72117 1 476
72207 1 1776
72250 1 2657
72260 1 1541
72261 1 1341
72263 1 563
72284 1 6759
72295 2 2968
72296 1 621
72312 2 596
72366 2 1256
72437 2 8964
72441 1 3167
72617 2 5161
72675 2 8994
72691 1 1208
72705 1 657
72731 25 888
72738 1 1210
72797 1 2288
72821 1 855
72826 1 1996
72827 3 7031
72831 1 6567
72843 1 2753
72895 1 1688
72896 2 377
72919 1 5881
72950 1 1854
72982 1 5401
72999 1 3301
73022 2 2763
73023 1 1400
73084 1 2577
73148 3 5628
73175 1 803
73211 1 1314
73221 1 4913
73243 1 463
73285 1 861
73335 1 627
73358 2 1564
73372 1 662
73378 1 534
73380 1 97
73415 2 996
73421 1 444
73464 2 997
73516 1 906
73574 2 8025
73655 4 1423
73656 1 1671
73675 2 1104
73753 5 1851
73757 1 673
73836 1 473
73865 1 928
73906 1 1424
73912 1 868
73945 1 10857
74021 2 390
74055 2 2435
74061 1 1106
74116 1 4873
74147 1 752
74177 1 4268
74203 4 11999
74356 1 1589
74377 1 822
74390 2 3030
74466 1 863
74475 1 574
74519 1 5618
74533 1 1653
74552 3 1233
74572 1 8808
74592 1 599
74641 1 723
74644 1 1841
74645 1 6253
74646 1 2320
74650 1 878
74677 1 1481
74706 1 5592
74707 1 4337
74708 1 4408
74743 1 1598
74750 1 2927
74812 2 4167
74825 1 704
74827 1 468
74828 2 2265
74851 1 1682
74887 1 7880
74913 1 602
74929 1 1329
75127 2 1412
75199 3 1294
75248 1 1379
75258 1 1651
75306 1 2908
75328 1 3938
75408 1 3231
75505 1 1016
75517 1 987
75534 1 9607
75570 1 2022
75701 1 544
75705 1 3042
75745 1 262
75753 1 1935
75915 1 623
75920 1 4335
75924 2 306
75939 1 1207
75969 2 5873
76040 1 3213
76136 2 4953
76137 4 2520
76139 1 3319
76214 1 1592
76244 1 937
76245 1 6436
76260 1 1279
76304 2 5487
76325 1 1450
76354 1 3077
76390 1 692
76480 1 1099
76487 1 499
76522 2 1798
76529 1 10440
76577 1 2515
76585 2 1877
76593 1 1119
76626 3 4388
76665 1 344
76726 1 2339
76735 1 1120
76755 17 5294
76760 1 2589
76762 1 7340
76780 4 5196
76827 5 824
76851 1 1663
76933 2 1278
76947 1 71
76990 1 1902
77054 2 1501
77062 2 553
77063 4 616
77070 2 2357
77086 1 5533
77088 1 4377
77103 3 1287
77107 1 1115
77108 1 1362
77137 1 1799
77164 1 416
77186 1 1060
77202 1 8001
77223 3 562
77242 1 1714
77245 1 2403
77262 1 1031
77391 1 627
77411 2 3629
77470 5 2244
77600 1 894
77807 3 5880
77824 1 4856
77864 1 749
77872 2 550
77885 2 1785
77891 1 1621
77943 1 1110
78073 2 1288
78117 2 1978
