accident accid 3641 65215343 
36 1 307
39 1 1283
120 1 4128
247 1 1642
263 1 442
352 2 2404
360 1 1616
406 1 1543
420 1 1422
436 1 918
451 1 880
461 1 5431
471 1 3108
472 1 1175
474 1 3627
514 1 1954
533 1 1661
621 1 921
678 1 1380
765 1 534
782 1 2324
783 1 2303
814 1 752
856 4 1130
971 1 1729
975 1 538
1010 1 902
1049 1 2440
1050 15 992
1051 3 1264
1104 1 4937
1153 1 6533
1177 1 1685
1181 1 594
1182 3 648
1185 1 15836
1264 2 882
1346 1 605
1512 1 8417
1551 1 1402
1593 1 2577
1653 2 1086
1852 1 2619
1923 1 650
2023 1 152
2054 1 714
2086 2 3653
2096 1 1974
2159 1 1594
2322 1 1431
2382 4 1655
2387 1 1420
2391 1 625
2405 1 578
2420 2 2316
2480 1 1244
2574 5 780
2671 1 714
2679 1 938
2695 1 2852
2716 1 4798
2757 1 1573
2832 1 455
2995 1 2632
3014 1 1125
3026 1 1747
3053 1 1047
3059 1 261
3241 1 553
3279 3 888
3315 1 659
3396 6 927
3400 19 829
3409 1 3574
3429 1 2188
3439 1 831
3483 10 1094
3484 2 1416
3486 2 4565
3499 2 1513
3514 1 5186
3525 5 1046
3575 1 588
3578 4 818
3588 1 622
3622 1 561
3720 1 1051
3738 5 1039
3740 1 1184
3751 1 841
3780 1 1601
3832 1 7941
4010 1 1169
4073 25 769
4106 1 2006
4142 4 3987
4146 1 1296
4184 1 4232
4356 1 3544
4357 2 687
4373 2 4212
4417 1 4384
4426 1 1533
4450 1 6385
4523 1 2304
4527 1 3429
4560 1 796
4625 1 1120
4630 1 764
4631 1 555
4699 7 847
4752 1 5044
4766 3 700
4836 1 1272
4868 1 1260
4921 1 1991
4922 1 1947
5145 1 842
5165 3 820
5247 1 6498
5275 1 743
5313 1 1178
5318 3 469
5454 11 6641
5455 1 15074
5503 1 1464
5523 1 719
5530 13 1274
5843 1 2680
5941 1 593
5972 1 478
6063 4 1839
6077 1 2190
6164 1 2727
6176 2 1652
6336 3 3254
6337 3 3747
6338 3 1825
6339 3 2231
6358 2 2724
6573 1 1236
6646 2 1067
6826 1 785
6985 1 1013
6992 1 1337
7062 1 3124
7085 2 970
7123 1 1203
7132 1 556
7498 5 2754
7508 6 924
7587 5 632
7642 7 892
7679 1 564
7698 1 1482
7727 1 2490
7763 3 2469
7764 4 2460
7768 1 1818
7775 1 3220
7899 1 1265
7942 1 2590
7948 1 2839
7963 1 3329
8002 1 533
8015 1 1526
8152 1 6009
8182 1 810
8208 4 235
8230 1 537
8278 1 2385
8285 1 3377
8288 1 1533
8293 1 3686
8322 1 698
8336 1 1754
8380 1 2765
8409 1 3217
8551 5 1200
8705 1 292
8732 2 2463
8890 2 5449
8984 1 612
8995 2 523
9006 1 34059
9124 1 950
9176 1 1666
9234 1 1133
9307 1 1394
9316 1 4281
9340 1 927
9392 1 768
9489 1 6134
9491 1 6177
9604 1 2143
9605 1 2284
9659 5 10789
9660 2 3500
9679 1 1078
9761 1 2538
9799 1 3095
9800 1 3911
9824 1 988
9825 1 2926
9849 1 1030
9864 1 1138
9865 1 1205
9889 1 1688
9926 1 682
10073 1 1739
10075 2 786
10091 1 1323
10092 1 1363
10093 1 1326
10094 1 1357
10095 1 1392
10100 2 703
10219 1 3447
10240 1 816
10241 4 1011
10248 1 741
10308 1 1840
10347 4 275
10435 2 638
10660 1 2397
10804 33 795
10891 1 526
10941 1 764
10983 1 428
10991 3 1582
10996 5 1633
11001 1 7028
11033 2 1125
11106 13 713
11131 4 4066
11214 1 1706
11259 1 1202
11289 3 922
11371 1 1485
11442 3 1013
11461 1 706
11549 1 764
11577 1 1673
11722 1 1625
11853 1 375
11866 1 1990
12012 2 983
12138 1 18363
12156 2 13898
12181 3 360
12185 1 1349
12187 15 243
12222 2 2012
12223 1 6167
12236 1 1669
12319 1 277
12322 1 923
12327 2 728
12361 1 619
12384 1 4014
12471 1 194
12480 1 180
12496 8 1055
12520 4 6343
12621 1 829
12692 2 5477
12695 1 1648
12700 5 11926
12701 12 7084
12732 1 307
12762 5 5406
12814 5 46677
12950 1 2140
12972 1 671
13058 7 11569
13060 2 3460
13156 1 3209
13157 2 3217
13158 1 2677
13196 1 2057
13207 1 1202
13243 3 1319
13277 1 1667
13334 1 1410
13409 2 1130
13499 2 5895
13534 1 2009
13642 1 1397
13726 2 550
13948 4 270
14029 1 1120
14051 1 864
14185 2 2424
14211 1 1561
14217 1 2332
14280 1 2667
14310 1 2370
14311 1 1550
14420 2 919
14436 19 676
14510 1 6161
14522 4 1156
14558 1 877
14649 2 3074
14662 3 1844
14683 1 601
14727 2 1409
15099 1 5771
15104 1 520
15133 6 972
15137 1 2521
15186 1 547
15211 1 1131
15217 2 755
15261 5 817
15293 1 5587
15457 1 1030
15571 1 3116
15580 7 2165
15757 7 7636
15844 1 1278
15939 1 1110
16190 1 721
16288 1 1218
16294 1 2089
16297 1 1746
16323 2 1197
16375 1 389
16439 1 738
16446 2 2051
16542 1 1136
16545 1 929
16588 1 1592
16626 1 481
16628 6 1063
16632 3 1018
16635 1 7678
16671 1 1169
16707 1 2965
16748 1 3753
16810 4 2137
16813 1 4537
16869 1 3108
16943 1 10757
16945 1 901
16971 1 829
17013 1 9772
17155 1 1406
17159 1 1453
17194 3 1502
17235 17 1114
17244 2 10025
17341 1 1300
17407 1 987
17452 9 770
17455 1 1212
17473 2 897
17523 1 709
17556 2 519
17589 2 12110
17599 7 4342
17605 1 1687
17638 1 6007
17640 1 675
17644 1 1115
17668 3 1358
17671 1 3280
17718 1 1941
17806 1 868
17815 3 2708
17843 1 1862
17872 1 658
18020 1 351
18022 1 791
18041 3 387
18074 2 1263
18076 1 734
18122 3 1701
18154 1 347
18262 2 1741
18295 2 509
18331 1 3395
18470 1 849
18583 1 1790
18620 1 3943
18644 1 2789
18646 1 1083
18653 1 4815
18691 3 98
18879 1 3453
18905 1 3741
18926 1 1782
18959 2 905
18966 1 7427
19092 1 2849
19093 1 3292
19094 1 3568
19095 1 4478
19309 1 2189
19369 1 1689
19385 1 2378
19390 2 3260
19512 4 3132
19546 1 2366
19560 2 8071
19566 1 874
19645 1 945
19761 7 892
19825 1 643
19856 2 1292
19902 2 3107
19960 1 1151
19977 1 970
19984 1 3052
20000 3 2428
20001 3 2461
20002 4 2451
20003 2 2457
20004 9 2446
20005 5 2489
20006 2 2516
20161 1 1149
20200 6 30304
20271 1 1521
20421 3 12627
20425 1 3934
20654 1 1589
20758 1 1375
20779 1 1150
20820 1 528
20832 1 1914
20870 2 4517
20900 1 1355
20971 2 884
20972 1 2365
21002 2 922
21080 1 1500
21081 1 1093
21136 2 857
21196 2 879
21294 1 914
21339 1 4745
21363 1 3866
21420 1 4351
21503 1 13267
21530 3 2863
21597 1 813
21661 1 5628
21782 1 651
21805 1 611
21811 1 724
21943 1 2866
21960 15 7778
21981 1 3068
21990 1 1578
22092 2 8456
22137 1 4439
22138 1 4091
22195 1 752
22453 1 1650
22570 1 1844
22609 7 1445
22889 1 992
22935 1 1648
22976 1 1924
23070 2 1018
23211 2 1665
23413 1 1692
23452 1 519
23509 1 945
23543 1 2015
23584 4 894
23796 2 756
23813 1 516
23968 1 579
24096 2 3824
24098 1 2429
24119 1 14616
24153 2 1241
24157 2 10311
24186 1 1580
24265 1 3355
24267 1 1344
24308 1 1167
24545 1 973
24564 1 965
24593 1 1736
24602 1 591
24800 1 1161
24803 1 5803
24815 1 1122
24834 1 2002
24840 1 9627
24926 1 2341
25056 1 650
25474 1 3568
25492 1 3700
25547 2 3685
25557 1 1837
25752 3 841
25761 2 198
25804 1 2275
25821 1 721
25902 5 2698
25957 3 1091
25964 5 4294
26097 1 1412
26103 1 720
26337 1 1218
26343 1 4639
26364 2 1388
26499 2 831
26669 1 2034
26674 1 680
26781 2 578
26816 1 2936
26824 2 966
26863 2 1540
26900 1 711
26909 4 1645
26978 2 1136
27036 1 6909
27126 1 451
27168 1 1413
27169 15 227
27191 1 2750
27391 1 4345
27392 1 4376
27425 1 2871
27571 2 489
27581 3 901
27768 3 1009
27772 1 3134
27830 2 5835
27875 1 817
28032 1 1700
28039 2 1292
28040 1 4385
28075 2 2788
28076 1 1785
28089 1 1360
28101 1 883
28138 1 261
28211 1 335
28261 2 11790
28285 3 1038
28490 2 1612
28695 79 1876
28983 1 1151
29066 16 1322
29088 3 641
29162 1 174
29346 2 5736
29556 1 1585
29570 2 1177
29632 1 2000
29676 1 943
29720 1 808
29833 2 835
29857 1 731
29880 2 1752
29936 2 945
30137 1 5022
30244 1 459
30245 1 281
30599 1 924
30639 1 8117
30756 1 905
30758 1 898
30888 3 2250
31000 1 1154
31154 1 493
31241 1 487
31280 1 868
31288 1 2833
31329 1 3009
31439 1 972
31500 21 826
31647 1 1002
31681 2 211
31688 2 2740
31694 1 3337
31762 2 915
31784 2 817
31939 6 888
32022 1 463
32023 1 2558
32201 1 495
32226 2 3217
32280 1 932
32305 8 208
32365 1 3420
32376 3 3793
32411 1 218
32414 1 1665
32489 3 784
32570 2 1155
32574 1 2622
32641 1 1814
32701 4 249
32742 14 922
32753 2 1998
32897 1 1259
33078 1 5728
33136 1 375
33156 2 735
33217 1 1141
33240 1 9576
33249 1 753
33285 1 3524
33287 1 896
33354 3 1212
33494 1 11341
33499 1 590
33505 1 969
33582 2 1466
33648 1 819
33662 1 1270
33668 4 1612
33719 1 975
33765 1 4124
33769 1 975
33770 1 975
33782 1 907
33785 1 1393
33870 1 2415
33906 10 1561
33924 1 11847
33948 1 1368
33999 1 439
34048 1 922
34087 4 3646
34110 1 139
34170 1 771
34171 2 585
34304 1 1756
34328 1 556
34396 1 5213
34433 1 451
34467 1 838
34479 1 1119
34521 2 3172
34617 1 1251
34714 1 874
34776 1 2068
34781 1 4211
34848 9 878
34901 1 18201
34956 2 818
34964 1 1938
34992 1 359
35068 1 806
35146 6 1199
35149 2 9307
35155 1 589
35220 1 93
35450 1 309
35520 1 1193
35622 1 192
35629 2 162
35635 4 177
35643 14 451
35661 1 405
35724 1 2406
35770 1 1317
35771 2 5813
35850 1 2980
35857 1 1888
35976 12 616
36033 83 3256
36065 2 550
36100 1 3371
36219 1 722
36239 3 2990
36364 1 2554
36370 1 898
36372 1 1404
36384 1 1118
36387 1 3582
36391 1 7515
36394 1 5251
36395 1 5251
36396 1 5251
36415 1 4207
36460 1 778
36548 1 1059
36603 1 1068
36612 1 2808
36614 1 2919
36675 2 6019
36742 6 1373
36788 1 1941
36860 1 879
36912 1 1844
36935 1 867
36947 4 337
37028 3 1017
37177 2 10680
37193 1 4630
37205 2 2953
37324 1 5244
37419 4 13883
37547 2 1110
37616 1 8646
37714 1 2598
37723 2 2373
37724 4 2484
37725 3 2498
37735 1 1882
37925 11 689
37932 1 17484
38051 1 1733
38059 1 1549
38063 2 438
38123 1 2113
38159 1 1705
38221 1 1823
38243 1 1851
38253 2 1048
38260 6 1664
38382 1 1986
38457 13 1223
38459 3 335
38584 4 728
38611 1 5792
38647 2 686
38648 1 877
38689 1 1157
38731 1 818
38744 1 621
38976 1 3085
38978 1 446
38991 1 1489
39065 1 606
39149 1 2101
39151 1 1763
39174 6 2046
39194 1 764
39245 3 4290
39257 9 2445
39272 1 730
39280 1 2767
39351 2 550
39433 1 1508
39469 1 1674
39537 2 1083
39585 2 1891
39705 2 2975
39783 1 584
39808 1 1316
39939 1 2186
39958 1 1932
39978 2 30166
39995 1 2204
40007 2 1943
40082 1 1394
40144 3 1211
40292 1 1359
40293 1 446
40308 1 533
40346 3 1147
40368 1 1151
40388 1 1126
40414 1 3454
40438 1 4462
40499 1 2513
40511 1 1191
40686 1 2486
40695 1 8337
40747 9 5237
40748 8 865
41104 1 671
41112 1 922
41131 1 4182
41136 3 1043
41142 4 625
41154 1 1359
41180 1 763
41192 2 1154
41208 2 931
41222 1 537
41258 1 993
41368 1 1320
41426 1 4541
41523 1 643
41531 3 938
41614 1 92
41729 2 1363
41785 1 1619
41790 1 1242
41845 3 368
41857 1 1647
41891 1 1058
41936 2 2170
42025 1 9933
42114 2 5169
42161 14 9423
42179 1 1490
42303 95 1086
42304 5 1726
42335 2 550
42425 1 5948
42435 1 1158
42519 2 684
42550 3 2066
42573 1 1180
42583 1 653
42597 1 1554
42667 1 1132
42763 2 6680
42767 1 8035
42831 2 2086
42868 2 620
42880 1 826
42997 3 661
43321 1 654
43331 8 1364
43438 1 2070
43477 2 22611
43486 1 687
43490 1 1268
43546 1 1261
43547 1 1029
43564 1 1228
43659 1 1360
43724 32 3202
43727 1 428
43731 1 430
43778 1 649
43785 1 2976
43823 1 1325
43833 2 1028
43938 1 1026
43946 1 753
44054 3 128
44090 1 1267
44104 1 909
44143 1 3570
44210 1 1542
44229 1 615
44268 2 489
44374 1 490
44376 2 1032
44384 1 786
44443 2 1543
44451 1 786
44466 1 1110
44472 1 1241
44487 4 1650
44554 2 954
44748 1 758
44758 1 2521
44768 1 2523
44780 1 3261
44787 1 1714
44888 3 533
44971 1 278
45088 4 802
45164 3 342
45183 1 358
45213 1 1282
45236 1 735
45239 1 487
45300 1 570
45302 2 1230
45346 1 509
45388 1 1745
45477 3 795
45679 2 695
45689 1 582
45698 4 1045
45859 3 21421
45875 1 1388
45880 2 2642
45990 4 510
46039 2 864
46051 1 203
46064 1 191
46069 4 3643
46070 1 3987
46071 8 1693
46073 2 767
46106 7 1123
46153 1 3988
46291 8 2129
46302 1 1086
46416 19 957
46428 3 1866
46429 2 734
46431 28 746
46472 1 1725
46505 1 6279
46559 1 619
46565 1 787
46627 1 4426
46690 1 843
46694 1 3602
46744 2 1837
46909 2 2578
46931 1 556
46950 2 2171
46972 2 915
46989 1 824
47039 1 2061
47129 2 803
47160 1 4319
47257 1 1521
47265 1 1030
47289 1 600
47307 1 900
47398 1 5716
47422 2 932
47471 1 1640
47511 3 2170
47512 1 1268
47528 2 4592
47540 1 1013
47559 2 11224
47787 3 224
47874 5 1462
48002 17 2505
48043 1 422
48133 1 2192
48178 1 312
48208 1 828
48217 1 6375
48234 1 7467
48246 1 924
48281 1 702
48287 3 2481
48288 3 2866
48314 2 1603
48489 1 2490
48551 1 6659
48566 1 3055
48608 1 3133
48609 1 3196
48772 2 2396
49020 2 2150
49028 1 1058
49050 2 3091
49151 1 1897
49212 1 933
49269 1 803
49322 1 882
49348 1 2857
49372 1 893
49409 2 598
49432 3 181
49441 6 826
49461 1 2195
49525 2 1096
49572 2 876
49575 84 1035
49660 1 583
49680 1 5727
49701 1 596
49748 1 1118
49791 1 762
49799 1 1576
49884 2 798
49930 2 901
49931 1 2794
49997 7 711
50142 2 2652
50143 3 8454
50144 2 5084
50196 1 3087
50263 1 1162
50264 1 1178
50269 1 1701
50286 2 1612
50353 2 2913
50511 2 550
50529 1 4267
50556 1 1044
50765 1 589
50783 3 2276
50806 2 817
50854 1 3003
50895 1 2073
50918 1 2316
50919 1 1560
50921 1 3926
51021 5 772
51022 1 2835
51058 2 3191
51065 1 440
51141 1 1862
51147 2 3111
51175 1 1150
51193 1 1845
51201 1 1247
51204 1 1086
51229 2 1464
51334 1 882
51344 2 2554
51516 1 4186
51555 1 1381
51558 2 1195
51562 2 1186
51659 5 1205
51734 1 279
51763 1 2149
51777 1 1830
51790 2 1341
51817 2 643
51841 1 978
51842 1 971
51849 1 661
51855 3 1007
51885 1 844
51913 1 732
51914 5 949
51939 4 776
51958 2 1244
52020 2 5271
52028 1 5224
52109 2 3805
52112 1 942
52146 3 10691
52231 1 759
52271 1 8131
52290 2 3280
52318 24 1092
52408 2 1385
52561 4 52057
52652 3 1339
52799 3 524
52946 1 1982
52986 1 1447
52988 1 24350
53023 1 6088
53028 1 674
53032 1 739
53084 1 2127
53158 2 9225
53248 1 5457
53331 1 1135
53410 1 1196
53430 2 48057
53442 1 8599
53495 1 776
53558 1 5589
53637 1 420
53645 1 1386
53652 1 1858
53760 5 1772
53766 1 1364
53862 1 1177
53867 2 1992
53935 1 477
54090 1 1782
54138 1 2492
54140 1 1791
54249 1 1272
54355 1 10248
54377 1 888
54583 41 941
54589 1 2333
54661 1 699
54936 1 244
54944 1 464
54949 2 1656
54950 1 3726
54962 1 2551
55002 1 802
55066 2 3616
55126 3 3321
55146 1 2594
55160 9 652
55306 1 788
55418 1 884
55437 2 880
55513 1 409
55518 1 1128
55654 2 818
55699 2 1333
55701 1 1146
55723 6 367
55915 1 1378
55921 1 1012
56025 1 970
56178 4 700
56181 1 1977
56244 1 749
56276 1 1882
56426 2 1399
56463 2 1156
56498 1 2455
56520 1 1275
56558 2 757
56568 3 1095
56590 12 2070
56708 2 1319
56727 4 974
56792 1 1075
56801 1 5727
56837 1 485
56838 1 604
56842 2 550
56881 1 4650
56884 1 1443
56899 1 4490
56961 1 7535
57346 1 431
57364 5 602
57397 2 927
57441 1 2098
57448 1 1818
57660 1 6533
57743 2 2000
57801 1 2633
57830 1 1053
57834 1 4576
57923 1 2383
57945 2 2600
57978 1 943
58204 2 1235
58247 2 19391
58305 1 751
58326 2 1893
58390 1 1711
58467 1 4185
58486 9 1104
58505 1 300
58810 1 891
58836 1 2335
58852 2 3464
58866 2 1688
58898 7 2227
59046 1 942
59189 1 10518
59219 1 1647
59224 1 872
59259 3 220
59291 1 602
59337 2 549
59348 2 10477
59413 4 1448
59435 1 1065
59438 2 976
59463 4 2182
59524 1 1325
59525 1 1109
59575 1 864
59588 2 1547
59590 1 1196
59591 1 1374
59592 2 2574
59593 3 1584
59604 1 1752
59622 1 1137
59636 1 2251
59712 22 4670
59733 2 550
59777 2 6060
59820 3 1834
59824 1 1816
59827 1 1670
59864 1 625
59886 1 419
59910 1 456
59914 1 824
60043 1 314
60069 2 3188
60085 1 1113
60098 1 562
60180 1 866
60199 1 3044
60220 1 443
60278 1 3357
60285 1 1744
60310 1 1266
60311 1 2325
60312 1 2041
60313 1 2019
60538 2 2351
60574 1 128
60643 1 40
60750 11 12275
60760 1 1737
60791 1 3468
61007 2 1253
61020 1 13801
61043 4 4069
61053 3 1691
61212 2 954
61245 3 1084
61252 1 1332
61323 1 374
61389 3 4011
61570 1 1105
61634 1 850
61669 1 5944
61687 1 2218
61726 1 386
61802 1 1596
61816 1 1916
61823 2 3825
61856 1 2579
61923 1 722
61949 2 1699
62026 2 726
62036 1 689
62310 1 3144
62311 1 2373
62417 1 11638
62520 1 1457
62606 1 1424
62693 3 5347
62766 2 8596
62767 3 14162
62768 1 9553
62819 1 945
62822 1 802
62824 4 4199
62839 1 1047
62902 1 2612
62914 1 2398
63056 1 579
63079 2 1810
63088 1 714
63244 1 1224
63271 1 1472
63287 1 2749
63309 4 4077
63310 1 2477
63324 1 898
63340 4 1572
63372 3 1597
63504 1 4125
63516 7 644
63576 1 1249
63595 1 732
63610 1 1864
63691 1 2596
63709 1 2193
63712 10 835
63726 10 928
63728 2 1379
63740 1 1761
63765 1 1813
63795 1 1855
63961 1 1470
64030 1 809
64035 1 1186
64310 1 2705
64311 1 4060
64329 1 779
64330 2 842
64350 5 20899
64362 2 617
64392 1 897
64397 23 738
64427 1 96
64449 1 987
64453 4 10145
64506 4 1697
64529 5 3125
64559 1 4363
64570 1 1583
64881 1 1311
64993 1 2041
65084 1 2317
65086 3 1694
65449 7 607
65453 1 1772
65536 3 890
65576 1 4667
65708 1 335
65709 1 369
65799 7 4143
65866 1 1221
65951 2 1360
65956 1 3157
65968 1 1412
65976 2 2618
65991 1 95
65996 1 2800
66013 1 2760
66123 1 1344
66179 16 595
66310 1 8271
66329 1 484
66409 2 1827
66411 1 1865
66414 1 1699
66486 1 1876
66686 1 1271
66744 1 4068
66751 2 11896
66800 10 1512
66801 1 3195
66825 1 526
66838 1 1366
66854 3 1344
66871 1 1139
66968 1 867
66981 3 925
66983 1 2173
67071 3 692
67083 1 1010
67099 1 989
67197 4 490
67260 1 910
67312 1 1317
67460 1 791
67510 1 1379
67578 2 750
67616 1 694
67674 1 1995
67776 1 2260
67788 2 517
67895 1 1554
67997 1 94
68067 1 1176
68068 4 783
68072 7 1523
68073 1 3133
68085 1 281
68116 1 4818
68122 1 2437
68123 1 1190
68138 1 1799
68151 1 2465
68152 1 1752
68159 1 6709
68205 1 1021
68237 2 525
68263 1 5972
68305 1 3491
68348 1 2811
68389 1 7515
68390 1 7515
68391 1 7515
68438 1 2467
68699 1 763
68704 1 4902
68728 20 596
68731 1 1135
68740 2 887
68812 1 10319
68836 4 585
68957 1 1340
69055 82 3045
69423 1 1278
69515 1 3275
69707 1 668
69711 1 651
69857 4 608
69867 2 562
69868 2 614
69954 2 638
69965 4 225
70017 2 624
70018 1 371
70069 1 882
70227 1 1812
70279 1 12383
70286 1 806
70290 1 2102
70310 1 1005
70442 3 4263
70587 1 777
70960 10 2677
71057 1 412
71066 1 819
71088 2 592
71100 4 639
71103 10 804
71131 2 5992
71136 1 1173
71162 5 1237
71297 1 1361
71329 2 1464
71364 1 998
71371 27 715
71518 1 800
71567 1 4513
71630 1 3469
71658 1 1236
71674 3 174
71682 1 1169
71705 1 10258
71708 1 551
71717 1 874
71749 5 819
71797 1 2293
71806 1 1826
71827 1 6203
71833 4 2056
71836 2 5188
71877 1 7422
71893 1 1301
71896 1 3955
71897 1 2249
72008 4 499
72019 2 777
72029 1 1234
72030 3 582
72041 1 1544
72066 1 7004
72081 1 3204
72082 1 2593
72098 4 19912
72102 1 290
72299 5 1853
72348 1 1677
72382 1 4049
72552 6 1543
72553 7 1561
72556 1 1250
72617 1 5161
72629 1 542
72741 1 6306
72764 1 342
72797 1 2288
72853 1 548
72860 2 1570
72862 2 773
72863 1 907
72899 1 20275
72903 4 896
72919 1 5881
72921 2 2994
73032 1 1083
73035 1 451
73218 1 1865
73220 1 4868
73254 1 2203
73352 1 1355
73420 1 2204
73473 1 600
73483 5 1287
73865 1 928
73907 1 2638
73950 1 379
73952 1 1586
73963 4 6843
73977 1 855
73990 26 1201
73997 3 10376
74027 2 1756
74031 1 970
74053 1 2613
74061 1 1106
74094 1 3820
74119 4 11686
74129 1 1104
74142 1 3188
74275 2 1747
74559 1 849
74661 1 1665
74665 3 2881
74704 2 224
74712 10 955
74720 1 1158
74736 1 2126
74749 1 220
74784 1 915
74847 1 425
74887 1 7880
74959 8 922
75044 1 39
75169 1 9895
75295 2 2546
75307 1 1330
75512 2 736
75529 1 8980
75532 1 2113
75543 1 528
75548 2 953
75772 5 1151
75826 1 555
75872 1 578
75923 1 499
75940 1 2480
75951 1 596
76019 7 853
76084 1 648
76086 1 546
76087 1 627
76105 4 6146
76155 11 798
76237 1 1365
76262 1 3194
76357 1 2792
76429 7 449
76437 1 1295
76476 18 1242
76495 1 3655
76529 2 10440
76729 2 550
76800 1 677
76874 3 324
76878 1 829
76997 1 1154
77060 1 4150
77096 2 1129
77097 1 2699
77148 1 3628
77194 1 812
77215 1 1900
77246 1 6149
77258 1 1408
77263 3 1231
77386 1 241
77425 1 2873
77457 1 551
77639 4 610
77933 1 788
77954 1 4740
78099 2 1017
