perfect perfect 10703 65215343 
21 1 1980
28 1 2843
47 1 887
59 2 1451
61 1 1005
68 2 996
75 1 1037
86 1 1442
120 1 4128
131 1 14882
132 1 13051
139 1 733
140 1 394
147 1 3893
148 1 214
157 3 2070
203 2 5213
212 3 437
223 1 974
227 3 2869
248 2 5568
258 3 56657
297 1 370
328 1 753
340 1 2546
342 1 635
358 1 2199
361 1 5027
365 1 665
375 10 10166
377 1 713
384 1 1662
400 1 1208
427 1 907
436 1 918
447 1 431
461 1 5431
483 1 230
504 2 11283
522 9 1558
556 1 3813
557 1 3639
565 2 524
580 8 773
583 1 1948
606 1 1190
615 1 871
626 1 1140
653 1 710
654 1 1015
668 2 2059
676 2 640
683 1 928
701 1 457
705 2 1030
777 12 11416
783 1 2303
794 1 836
839 1 964
856 1 1130
862 1 241
863 1 1185
886 4 5811
888 1 3495
889 1 988
893 1 1259
894 1 1314
904 1 434
907 5 1133
915 8 981
961 1 1879
966 1 6046
976 4 863
982 1 2403
992 1 3872
1022 2 1773
1049 1 2440
1060 2 1104
1085 3 5635
1087 2 550
1097 1 953
1100 2 633
1102 1 1837
1116 1 990
1117 1 865
1118 1 2305
1121 2 962
1122 1 793
1125 1 513
1145 2 666
1147 1 1152
1153 1 6533
1160 1 1620
1172 1 644
1173 1 1598
1179 1 1708
1185 5 15836
1198 3 1535
1210 1 703
1213 1 3659
1228 1 756
1269 2 5091
1270 1 2273
1305 1 653
1314 1 547
1348 1 958
1361 1 1013
1367 3 4065
1372 1 798
1396 17 4255
1398 5 889
1450 1 1560
1454 1 680
1463 1 1594
1468 1 1121
1472 1 1329
1476 1 1049
1507 2 660
1566 1 3548
1569 1 830
1574 2 1436
1575 1 286
1594 2 988
1597 5 3184
1602 1 1577
1609 1 1543
1624 1 1327
1634 1 30082
1638 2 1745
1648 3 2206
1652 1 1683
1657 1 2153
1660 1 639
1666 1 1519
1667 1 894
1674 2 1844
1675 1 1220
1737 3 4121
1739 1 1214
1744 1 667
1746 1 954
1753 1 119
1762 1 1323
1791 3 708
1802 3 10218
1810 1 886
1816 2 5747
1823 5 667
1825 5 2370
1826 1 1011
1830 1 1777
1832 1 1266
1834 1 1298
1856 2 659
1880 1 861
1898 4 3856
1911 1 591
1923 2 650
1943 1 140
1947 2 1288
1948 1 5448
1962 1 482
1967 1 374
1973 1 16948
1975 1 935
1985 1 283
2003 1 419
2012 1 2745
2013 3 2143
2015 1 1644
2021 6 2089
2030 1 1619
2053 1 565
2058 2 377
2061 2 1075
2073 1 1294
2074 1 1047
2080 2 8786
2081 1 1053
2083 1 4561
2100 1 475
2108 3 617
2115 1 373
2121 1 4211
2124 1 1028
2128 1 1868
2142 1 955
2157 1 1453
2169 2 1619
2171 1 1919
2181 1 1278
2191 2 1582
2192 6 5833
2197 1 1493
2198 2 2369
2220 4 2126
2224 1 1658
2225 1 1659
2236 1 1793
2248 1 351
2274 1 1188
2323 1 713
2327 2 872
2329 1 1435
2331 1 225
2336 1 1341
2340 1 1182
2341 1 1394
2358 2 797
2361 1 119
2364 2 1034
2366 1 2774
2426 1 1027
2427 1 1375
2441 3 7506
2443 1 1069
2463 2 3258
2501 1 1452
2504 1 5375
2514 1 426
2530 1 727
2537 1 1224
2538 1 884
2539 1 484
2549 1 834
2562 1 2880
2563 1 1141
2565 1 2867
2568 1 4333
2572 2 627
2575 1 871
2584 1 1016
2637 1 995
2650 3 440
2670 2 1152
2672 1 421
2673 1 846
2676 1 477
2680 1 1224
2691 1 1661
2693 1 737
2695 1 2852
2727 1 4008
2733 2 1374
2745 1 273
2750 1 1082
2770 1 658
2795 1 398
2798 1 1289
2801 1 524
2809 1 8131
2821 2 1096
2822 1 891
2925 1 2056
2926 1 1956
2962 1 715
2991 1 2631
2995 1 2632
3003 2 3697
3007 1 909
3010 1 1261
3017 1 1056
3034 1 871
3053 1 1047
3061 1 935
3064 1 1121
3086 2 4139
3087 2 782
3088 1 621
3104 2 3172
3105 1 3023
3106 1 3092
3107 1 3008
3109 1 3299
3133 1 4214
3136 5 609
3202 1 6501
3204 3 1395
3214 1 1663
3215 1 1641
3228 5 1426
3233 1 697
3238 1 1320
3279 3 888
3281 11 3667
3287 8 1376
3302 2 4954
3304 1 1426
3305 1 1856
3316 3 1325
3317 1 1223
3329 1 677
3330 1 1137
3348 3 1094
3362 4 435
3373 1 667
3379 1 4900
3383 1 10722
3384 1 1216
3385 1 478
3391 1 1846
3410 1 11224
3421 1 954
3460 1 485
3476 1 199
3478 1 225
3485 1 1068
3486 4 4565
3511 1 320
3516 1 888
3549 1 286
3551 1 379
3559 1 983
3580 1 915
3590 1 1326
3591 1 1321
3594 1 1229
3599 12 11096
3604 2 2117
3642 1 74
3662 1 1695
3665 1 1640
3668 1 8976
3671 3 4789
3706 1 6639
3708 1 3154
3710 2 867
3716 1 1221
3727 4 17097
3730 1 1241
3747 3 1430
3764 1 803
3767 1 1085
3775 1 459
3783 1 1578
3791 5 6472
3816 1 1172
3829 1 1698
3832 4 7941
3838 1 1106
3841 2 1348
3863 1 4935
3893 1 1570
3938 3 1794
3954 1 1862
3955 1 1130
3986 1 180
4006 1 990
4011 1 1251
4015 1 1212
4016 4 4260
4030 1 1809
4047 1 814
4064 1 1206
4068 1 8611
4086 2 1508
4105 1 848
4110 3 2246
4130 1 373
4144 1 2194
4169 1 723
4202 1 2037
4217 1 692
4219 1 606
4236 1 549
4258 3 2240
4279 1 4524
4281 2 441
4286 3 1188
4287 1 903
4289 1 673
4308 2 2754
4335 1 520
4337 1 823
4339 1 500
4348 4 3712
4353 1 1851
4358 1 1491
4376 1 2069
4378 1 791
4392 2 1464
4393 2 1545
4394 1 783
4400 1 990
4426 1 1533
4428 2 2072
4449 3 1837
4450 1 6385
4459 1 4138
4460 2 3587
4462 4 6187
4470 3 1463
4483 1 732
4485 2 2100
4489 1 2853
4492 1 2351
4496 1 6061
4518 1 2481
4536 1 1087
4566 1 834
4587 1 2393
4606 1 638
4615 4 3920
4626 5 2742
4629 1 1080
4642 1 1398
4662 1 636
4668 1 929
4689 1 545
4701 1 859
4719 3 1062
4724 1 160
4728 1 1393
4742 1 419
4746 2 2258
4771 4 4349
4772 1 2116
4787 1 1159
4791 1 639
4796 2 566
4798 2 922
4802 1 845
4804 2 804
4813 1 220
4838 1 5657
4839 1 1862
4865 7 2104
4888 1 1826
4889 1 2095
4905 3 7440
4915 2 4855
4916 2 4839
4921 1 1991
4922 1 1947
4937 2 870
4948 1 3561
4972 1 783
5060 2 947
5064 4 910
5083 1 2915
5096 1 407
5105 1 473
5110 8 4935
5118 1 428
5128 2 1147
5170 2 2743
5195 1 1844
5226 2 1123
5238 1 1215
5246 2 1448
5249 1 1852
5259 1 6380
5281 1 1564
5292 1 1284
5319 1 1028
5320 2 736
5327 1 377
5331 1 1325
5340 1 569
5393 1 1000
5405 1 2643
5406 8 712
5411 1 1196
5421 1 377
5432 1 1749
5454 1 6641
5455 6 15074
5472 1 908
5499 1 44062
5502 1 977
5503 1 1464
5504 1 1390
5527 1 2431
5528 1 2535
5533 1 247
5543 1 747
5553 1 294
5574 1 679
5576 5 4592
5577 17 3747
5578 5 13045
5585 1 795
5596 3 4949
5614 1 568
5615 1 1194
5616 2 495
5620 1 829
5657 1 3480
5665 1 335
5789 2 2097
5790 1 2094
5839 3 928
5851 1 560
5857 1 779
5862 1 2267
5867 1 5884
5878 2 1401
5882 1 754
5894 1 4730
5906 5 8444
5911 1 1254
5916 4 1874
5918 1 500
5936 4 3330
5938 1 5865
5944 1 2113
5949 1 1365
5958 1 1664
5969 1 573
5986 1 984
5989 2 983
6000 1 1777
6010 3 3182
6011 1 3214
6020 1 568
6036 1 1526
6039 1 2773
6041 2 611
6044 3 2681
6048 1 4019
6057 1 1652
6093 1 2317
6127 1 1065
6149 1 777
6153 1 1222
6163 1 4318
6165 2 4900
6177 1 916
6182 2 6597
6304 3 3270
6315 1 1246
6316 1 3790
6325 1 1310
6336 1 3254
6337 1 3747
6344 1 608
6347 1 1459
6358 1 2724
6364 1 7210
6564 1 476
6581 1 721
6589 1 1306
6599 1 533
6602 1 729
6612 2 2092
6622 2 1147
6630 3 161
6641 2 727
6643 1 919
6644 2 1635
6656 1 737
6669 1 1845
6758 3 610
6794 1 143
6868 1 483
6890 1 855
6895 1 453
6904 1 1029
6923 2 378
6924 3 340
6937 1 670
6945 2 3654
6947 2 1049
6956 1 246
6967 1 837
6979 3 2188
6989 1 242
6997 3 1942
7002 2 6389
7012 1 611
7014 2 1878
7018 1 234
7023 1 994
7036 1 604
7050 1 1143
7059 1 671
7060 3 3208
7078 2 2260
7116 1 1032
7143 1 1502
7144 1 1209
7164 2 1104
7182 2 1128
7233 1 4878
7272 1 901
7274 2 1168
7276 1 1237
7284 1 3123
7287 1 4774
7289 1 1079
7413 1 644
7428 1 1550
7477 3 151
7491 1 7708
7498 3 2754
7505 1 4997
7511 1 2036
7512 2 2037
7541 1 1707
7551 1 757
7559 1 528
7569 1 2616
7571 1 5357
7576 1 6690
7605 1 780
7614 4 1058
7642 1 892
7651 1 1236
7664 2 521
7674 2 817
7686 1 1415
7688 1 1312
7704 1 3369
7720 1 1667
7723 3 4731
7728 2 1453
7740 1 1213
7755 1 2141
7767 1 3013
7772 4 1666
7773 2 7884
7775 2 3220
7786 1 2135
7802 1 1216
7885 2 2709
7892 2 1336
7918 1 357
7933 1 529
7937 4 1347
7944 1 4834
7948 2 2839
7949 2 4128
7953 1 2188
7961 1 412
7967 2 1641
7981 2 367
7985 3 460
7989 1 734
7992 1 770
7993 5 705
7996 1 306
8014 1 1956
8022 2 7719
8026 1 922
8037 1 498
8059 1 707
8062 3 2690
8072 7 5760
8077 1 1482
8080 1 875
8086 1 895
8089 7 20930
8092 1 3223
8093 1 20088
8116 1 677
8130 1 2237
8133 1 1113
8141 1 821
8145 1 1136
8146 1 1848
8154 1 708
8170 1 1492
8185 1 272
8191 1 1326
8197 1 72
8200 1 243
8201 1 284
8204 11 4600
8215 1 2073
8221 1 764
8228 6 1519
8238 1 1131
8251 2 3081
8263 12 2493
8270 1 1577
8273 2 562
8278 1 2385
8286 1 2044
8287 3 4172
8301 1 2361
8316 5 823
8325 1 1883
8326 1 972
8372 1 3639
8376 3 2007
8377 4 1377
8394 1 1250
8401 2 649
8408 3 5505
8432 1 724
8439 1 190
8445 1 823
8446 1 805
8460 1 2825
8462 1 3138
8500 3 4697
8506 1 403
8511 1 710
8517 1 1126
8550 1 1456
8551 1 1200
8557 1 436
8559 2 4026
8571 1 2786
8576 1 2461
8600 1 467
8606 1 914
8628 3 1693
8630 2 989
8668 1 1779
8669 1 861
8702 1 2609
8714 1 412
8734 1 646
8745 1 617
8748 1 476
8752 1 987
8759 2 2291
8763 1 1422
8818 1 456
8824 1 1091
8830 1 897
8836 2 1224
8850 1 3830
8854 1 494
8866 1 515
8893 1 758
8903 1 1242
8926 1 1609
8937 1 1958
8938 1 1527
8940 1 297
8959 1 608
8974 2 1453
8976 2 328
8981 1 342
8986 1 760
9005 4 45220
9006 2 34059
9009 1 472
9015 1 1015
9016 1 1181
9018 1 2158
9073 1 1275
9092 1 495
9098 1 774
9104 1 748
9106 1 1688
9147 1 1473
9148 1 477
9150 1 654
9182 2 1438
9200 1 1285
9203 2 3221
9204 1 3049
9205 7 2860
9223 2 669
9239 2 1961
9243 1 1282
9244 2 684
9268 1 380
9302 2 3665
9311 1 1417
9324 3 4421
9325 4 4336
9330 1 751
9337 1 1665
9339 1 2490
9364 2 1435
9371 1 1526
9387 1 693
9402 4 1283
9403 1 3133
9418 1 1081
9446 1 6689
9467 1 4306
9486 5 3118
9489 1 6134
9491 3 6177
9492 1 6158
9495 2 1007
9501 1 732
9503 1 6051
9505 3 3959
9506 1 451
9507 2 1557
9545 13 4422
9546 6 674
9548 1 3267
9552 1 1520
9559 1 937
9587 1 1796
9596 1 1486
9601 2 976
9602 1 946
9604 1 2143
9617 3 174
9618 3 176
9619 3 160
9620 3 185
9624 1 294
9646 3 948
9647 1 505
9657 1 1060
9663 1 2530
9668 1 1757
9679 1 1078
9682 1 3853
9696 1 977
9698 1 2152
9705 1 1643
9706 1 554
9707 1 554
9721 2 1652
9752 2 8096
9760 3 2142
9768 2 597
9772 1 1023
9776 3 3757
9795 1 6831
9800 2 3911
9804 1 5129
9805 2 5191
9806 4 6009
9809 1 635
9826 1 2248
9841 1 654
9845 1 1179
9858 1 1188
9868 1 2464
9885 2 2675
9886 2 3914
9891 2 2022
9931 1 188
9948 2 2209
10018 1 1420
10022 1 3292
10032 1 529
10039 1 2247
10054 3 1634
10068 1 1756
10091 1 1323
10092 1 1363
10093 1 1326
10094 1 1357
10095 1 1392
10099 1 447
10104 1 780
10129 1 1016
10135 1 778
10140 1 435
10144 2 3206
10145 1 697
10175 3 1616
10178 1 54
10207 1 878
10213 1 535
10271 5 930
10278 1 2690
10286 1 1058
10289 43 8941
10295 1 1044
10324 1 1557
10333 1 1574
10339 1 814
10344 3 2552
10363 1 907
10364 1 745
10377 3 2603
10397 1 655
10403 1 1506
10456 4 2992
10457 2 1648
10458 2 505
10462 1 610
10476 1 693
10482 1 809
10486 1 2750
10489 1 1420
10495 1 1223
10497 1 1517
10508 1 456
10515 1 241
10520 1 2057
10539 2 1985
10568 1 3196
10575 2 3815
10584 1 721
10612 1 1376
10626 1 1442
10654 4 3128
10665 1 3903
10670 3 1360
10679 4 1155
10693 3 1867
10713 2 2253
10755 1 1298
10762 1 1336
10862 2 1361
10940 1 7910
10942 2 1886
10958 1 603
10961 1 1006
10970 1 897
10978 1 1405
10983 1 428
10991 1 1582
11007 3 1008
11014 1 709
11015 1 548
11037 1 1092
11051 1 1555
11125 2 1227
11126 1 666
11127 1 1514
11141 2 2089
11142 1 1105
11143 1 1675
11202 2 3466
11208 1 2507
11209 1 1032
11227 1 931
11253 1 284
11257 1 842
11265 1 238
11275 1 452
11288 1 9962
11290 2 842
11293 1 724
11297 1 1192
11302 1 710
11305 1 1551
11363 1 8263
11403 2 2453
11438 1 1275
11439 1 307
11463 1 459
11480 1 1620
11489 1 635
11534 1 568
11539 3 1285
11542 1 558
11548 1 709
11576 1 664
11599 4 1132
11626 2 683
11629 1 1114
11631 1 1115
11642 1 482
11644 3 166
11645 3 184
11646 3 172
11647 1 941
11650 1 1881
11654 1 1757
11665 2 1141
11666 1 754
11672 1 739
11680 1 1050
11685 1 1102
11687 1 557
11698 1 750
11719 1 491
11735 1 1078
11751 1 2194
11754 1 1037
11757 2 1770
11759 1 2876
11761 1 1621
11849 1 351
11878 1 1334
11879 1 8814
11985 4 2269
11994 1 875
12004 3 431
12030 1 153
12043 1 93
12080 3 551
12092 2 97
12105 2 1448
12119 1 2327
12125 1 577
12138 1 18363
12152 1 412
12171 2 5724
12188 1 909
12196 1 864
12199 4 859
12201 1 1165
12206 1 885
12215 1 1073
12221 1 163
12223 1 6167
12232 1 1252
12233 2 1218
12247 2 2230
12248 1 1195
12257 2 3211
12260 2 746
12267 2 1100
12286 1 2100
12298 1 2322
12300 1 1761
12309 2 1530
12311 1 2392
12317 1 866
12318 1 867
12326 1 4527
12333 1 782
12342 1 221
12344 2 2265
12393 1 451
12398 1 582
12419 1 3083
12420 2 1755
12421 1 2680
12438 1 712
12456 1 4543
12463 1 956
12508 1 518
12519 1 614
12526 1 21005
12577 1 1545
12608 1 516
12612 2 1451
12625 3 647
12629 1 2039
12636 1 2613
12637 4 1065
12645 1 564
12654 1 1371
12663 1 1137
12666 1 462
12678 1 7529
12695 1 1648
12697 1 1979
12699 1 1939
12701 1 7084
12712 12 2391
12747 1 3912
12748 1 3182
12751 1 5083
12758 1 1074
12759 4 1866
12762 1 5406
12783 1 4316
12786 1 7289
12798 1 365
12801 2 1360
12807 2 2985
12809 1 1615
12811 3 838
12814 11 46677
12825 1 890
12854 1 473
12871 1 1331
12884 4 1122
12889 1 1525
12898 2 783
12900 1 1037
12905 1 874
12910 1 1490
12917 1 489
12918 1 2623
12925 3 2837
12934 4 2463
12935 4 2445
12944 1 2185
12968 7 652
12974 2 4586
12978 2 883
12992 1 1069
12997 2 699
12998 1 472
13004 3 2478
13009 1 343
13012 1 690
13013 1 953
13030 4 691
13036 1 676
13053 1 3052
13057 1 445
13058 3 11569
13084 1 1445
13085 1 548
13096 7 820
13104 1 1437
13105 1 2565
13121 1 564
13126 1 890
13131 1 1016
13146 2 135
13148 3 1862
13153 1 1159
13175 1 1506
13184 1 242
13201 4 1224
13204 8 1820
13210 2 1144
13214 1 1322
13224 1 3401
13226 4 4464
13242 2 2319
13245 1 1191
13248 1 767
13259 1 616
13267 1 1960
13268 1 2970
13273 2 977
13278 4 534
13279 1 832
13285 1 21
13300 1 427
13313 2 1497
13324 1 645
13330 2 640
13332 4 14933
13336 3 2457
13339 2 2880
13343 3 5631
13356 1 1677
13381 1 4238
13382 1 1460
13384 2 294
13400 1 2450
13403 1 1298
13427 1 2521
13434 2 4024
13449 3 2443
13455 1 1324
13457 1 706
13470 1 2696
13472 2 2549
13479 2 5487
13480 3 2096
13499 3 5895
13511 2 638
13518 3 16194
13524 1 621
13525 1 446
13534 3 2009
13535 1 2364
13539 1 1648
13548 1 6866
13574 1 1305
13577 4 805
13618 1 28398
13622 1 424
13628 1 1090
13640 1 4066
13667 1 873
13692 1 275
13698 1 2026
13699 1 1924
13706 1 1656
13708 1 1430
13711 1 4824
13803 1 1542
13804 1 923
13811 1 424
13814 1 675
13828 1 613
13829 2 1750
13830 2 968
13831 2 993
13832 2 1089
13841 5 4015
13847 1 2900
13861 1 3305
13882 1 1352
13885 1 2142
13888 1 502
13893 1 755
13896 1 1368
13897 1 1292
13906 2 619
13912 1 6746
13917 1 799
13924 1 865
13926 1 655
13928 1 4471
13937 1 1030
13957 1 947
13958 2 614
13982 1 3750
13985 2 11629
13996 1 1007
14004 3 1323
14006 1 1552
14014 3 3934
14024 1 358
14029 1 1120
14034 1 2239
14049 3 1439
14050 1 917
14064 1 209
14068 3 2470
14072 1 651
14075 1 1673
14080 22 51830
14081 1 1133
14105 1 9306
14115 2 900
14168 1 922
14177 1 791
14179 2 2772
14193 1 2538
14198 1 753
14199 1 853
14210 1 1997
14212 8 12149
14233 1 1003
14234 1 1454
14235 1 1311
14247 1 1300
14264 1 2175
14292 1 11958
14320 1 646
14337 2 2253
14363 1 751
14367 1 1792
14370 1 808
14373 12 6743
14374 4 3433
14456 2 1069
14459 1 871
14482 1 4658
14491 1 3791
14492 1 1007
14493 1 620
14495 1 266
14510 4 6161
14558 1 877
14561 3 3007
14650 1 1209
14655 1 846
14656 1 863
14663 3 637
14667 1 1206
14694 3 1912
14723 1 4899
14768 1 1208
14791 1 1301
14800 1 746
14830 1 8170
14831 1 8171
14832 1 8172
14833 3 7321
14867 2 1170
14879 1 218
14887 1 5014
14988 1 563
15007 1 555
15010 1 355
15019 1 635
15020 1 913
15028 1 4600
15036 10 885
15049 1 2266
15050 2 1758
15071 1 2697
15073 1 2133
15075 1 3631
15113 1 730
15120 2 1822
15141 1 647
15189 1 1006
15203 2 5461
15209 1 2739
15213 1 369
15244 1 5618
15245 1 7336
15282 1 400
15284 1 771
15290 1 638
15292 1 2070
15293 1 5587
15301 3 5730
15418 1 2104
15465 1 496
15470 1 794
15514 1 934
15517 1 2551
15569 11 3119
15586 4 3732
15587 2 2694
15590 1 3007
15662 1 2550
15731 1 1798
15732 1 1772
15747 1 869
15755 1 1292
15786 2 157
15820 1 530
15826 2 1438
15833 4 1583
15844 1 1278
15860 2 3929
15869 2 2413
15873 1 1328
15876 5 1725
15887 3 3518
15896 1 1143
15907 1 369
15936 1 933
15944 3 2753
15973 1 454
16008 3 6422
16015 1 393
16017 1 755
16020 1 1631
16024 1 1099
16044 1 3747
16052 1 781
16058 1 204
16086 2 778
16110 1 628
16126 2 2272
16128 1 987
16136 1 120
16155 1 195
16162 1 501
16164 2 498
16169 1 661
16183 1 2917
16185 3 2268
16204 1 3527
16213 1 1047
16214 1 1149
16218 1 1177
16219 1 1603
16220 1 1648
16238 1 11763
16241 1 1533
16257 2 6019
16258 1 7609
16260 2 4783
16281 1 3429
16297 1 1746
16308 1 216
16315 3 979
16316 1 3859
16322 2 2378
16328 2 447
16342 1 750
16353 2 1250
16359 2 486
16372 1 1589
16393 1 966
16396 1 367
16409 1 687
16421 1 956
16425 1 393
16428 1 2245
16433 4 2178
16437 2 2983
16449 1 823
16464 1 3565
16465 1 3291
16473 1 834
16475 2 2055
16486 2 3020
16489 4 4179
16491 7 6610
16492 2 3998
16493 1 484
16496 1 5161
16504 1 1199
16552 1 1230
16560 1 317
16569 3 481
16573 2 2315
16588 1 1592
16590 1 3144
16602 2 193
16624 1 1916
16634 3 1294
16635 2 7678
16649 1 4446
16651 1 1054
16652 1 1090
16654 1 933
16655 1 808
16662 3 954
16707 1 2965
16718 2 1664
16734 1 1316
16736 1 1860
16748 1 3753
16776 1 539
16797 1 2473
16798 1 2575
16800 2 2525
16803 2 1575
16805 3 638
16810 1 2137
16817 1 4292
16822 3 628
16824 3 743
16836 1 4094
16843 2 15992
16847 1 1048
16850 1 4537
16852 1 1499
16853 1 1372
16858 1 2375
16867 1 1515
16868 2 905
16888 1 1462
16912 1 1012
16918 1 1281
16925 1 1943
16935 1 3050
16950 1 1326
16958 7 5800
16993 1 1557
16995 3 4866
17005 1 2314
17006 1 1202
17013 1 9772
17027 1 6203
17033 2 452
17040 1 3349
17054 4 1596
17060 1 2388
17061 3 3094
17062 2 3596
17066 1 1101
17094 1 2308
17096 1 1504
17114 1 6140
17135 1 650
17136 1 779
17141 1 1634
17155 2 1406
17158 1 2334
17161 4 582
17168 1 3800
17178 1 4206
17184 2 4374
17198 1 2072
17202 2 2274
17216 1 1476
17239 1 2179
17242 1 2797
17253 1 903
17257 1 2138
17262 1 3246
17271 2 370
17275 1 368
17296 4 4348
17321 1 1749
17334 3 2470
17344 1 562
17351 2 4853
17358 1 650
17384 1 2933
17442 1 3953
17446 1 3664
17447 2 1361
17449 1 1065
17497 1 1775
17500 1 397
17503 2 1926
17506 1 1211
17507 1 992
17520 1 955
17521 1 3039
17524 1 645
17552 1 161
17555 8 14925
17570 1 5402
17573 1 1355
17589 3 12110
17590 1 6514
17593 1 783
17599 3 4342
17628 1 710
17635 1 663
17638 2 6007
17661 2 5100
17664 2 328
17669 1 5167
17688 1 386
17692 1 993
17730 1 4474
17754 1 1063
17757 1 303
17758 12 28986
17761 3 2572
17776 1 948
17783 2 1634
17790 4 2095
17793 1 2999
17804 1 2146
17810 11 1705
17816 1 2870
17843 1 1862
17850 1 559
17858 1 445
17901 1 1052
17904 1 6041
17908 1 643
17910 1 607
17919 4 803
17945 1 863
17963 4 337
17996 1 1106
18037 2 3117
18048 1 536
18051 2 1999
18055 1 1082
18070 2 1477
18071 1 723
18096 1 1110
18116 1 867
18117 3 2036
18124 1 993
18127 1 318
18138 1 967
18143 1 982
18144 2 857
18145 1 554
18146 1 5814
18153 2 3810
18172 1 1289
18173 1 1152
18228 1 4817
18262 2 1741
18302 6 716
18320 1 260
18322 1 1063
18327 3 1514
18355 1 1022
18365 5 249
18373 1 1926
18375 3 2129
18387 1 1206
18391 2 687
18395 1 6885
18396 5 12783
18416 2 1500
18417 1 970
18426 1 623
18452 1 771
18483 1 760
18530 1 2029
18562 1 1335
18571 1 542
18581 1 3194
18590 1 876
18597 3 6498
18620 1 3943
18621 1 5046
18622 2 5539
18654 1 15696
18664 1 2209
18665 1 960
18686 1 3449
18693 1 693
18702 1 2970
18712 1 781
18723 1 521
18761 1 466
18764 1 2816
18791 1 434
18793 2 3927
18798 5 4126
18802 1 1147
18818 1 696
18835 1 97
18836 1 1272
18849 2 2585
18892 2 2095
18893 3 852
18930 1 2682
18933 2 6035
18941 1 1110
18948 4 1178
18951 4 5208
18966 2 7427
18975 1 878
18987 2 2027
18996 1 600
18998 3 635
19000 2 1062
19001 2 1062
19040 1 717
19061 1 2713
19062 1 1391
19063 1 909
19070 1 1479
19079 5 16454
19085 1 1003
19105 1 1245
19110 2 1343
19115 3 1346
19122 4 823
19158 1 1770
19177 1 1161
19182 1 914
19188 1 737
19189 1 848
19194 4 5424
19225 1 326
19309 2 2189
19315 1 966
19372 16 1825
19375 4 4252
19391 2 3144
19413 1 1698
19415 1 968
19490 1 952
19502 2 2113
19545 7 9624
19546 3 2366
19559 4 6375
19560 6 8071
19562 4 7991
19563 2 5781
19570 1 2209
19576 1 767
19580 1 431
19600 1 3753
19629 1 923
19651 1 2122
19660 1 1299
19664 1 4781
19678 4 6792
19680 1 5229
19681 2 10198
19683 4 2480
19685 2 4688
19693 5 694
19705 1 614
19708 1 613
19761 1 892
19782 2 898
19792 1 3925
19804 1 453
19818 1 4232
19820 1 856
19821 1 646
19826 1 564
19835 1 1651
19843 1 516
19845 1 1231
19847 3 808
19876 1 1120
19878 1 1514
19889 1 7969
19897 1 3289
19899 2 6214
19905 2 862
19935 1 1523
19946 2 1413
19957 3 1260
19961 1 2081
19985 1 8977
20003 1 2457
20017 1 5287
20025 1 616
20026 2 1825
20027 3 1905
20030 1 4962
20032 2 742
20057 1 5239
20139 2 1612
20140 1 624
20141 1 928
20154 1 3393
20159 3 1013
20170 4 3948
20178 2 4163
20191 1 870
20193 2 1368
20194 2 1431
20200 24 30304
20234 1 1228
20240 1 910
20255 1 970
20257 1 501
20261 1 698
20266 1 555
20269 1 575
20275 1 1592
20313 2 803
20319 1 477
20355 1 911
20385 1 1007
20397 17 3730
20408 1 864
20409 1 1186
20422 1 12210
20425 4 3934
20429 1 591
20436 1 1915
20437 2 1969
20570 1 552
20571 1 457
20575 1 4332
20576 3 903
20607 2 4252
20614 1 267
20633 2 268
20641 1 2659
20653 2 6960
20663 1 2969
20672 1 1292
20679 1 6821
20703 2 3191
20706 1 8010
20707 1 35797
20708 1 24696
20709 1 1003
20739 1 319
20767 1 998
20769 1 1098
20770 1 1080
20777 1 1519
20778 2 4580
20797 1 650
20804 1 1029
20810 1 316
20831 1 5707
20835 1 1832
20856 1 1576
20857 1 666
20861 1 2236
20869 1 818
20870 1 4517
20875 2 801
20884 1 463
20910 1 565
20915 4 2042
20916 3 2792
20924 1 1135
20928 1 1673
20934 1 595
20940 2 1860
20977 1 2515
20982 2 1098
20988 1 1264
20989 1 2034
20990 2 2056
20995 2 1840
20997 1 6199
21025 1 171
21050 1 1359
21051 1 1656
21052 1 526
21053 1 1087
21066 1 426
21083 1 2413
21094 1 715
21102 1 3237
21106 2 901
21111 1 715
21114 2 1404
21130 1 1097
21163 1 842
21165 1 1080
21180 1 1918
21184 2 529
21186 2 1061
21187 2 992
21200 2 3347
21226 3 2663
21247 4 1482
21265 1 1264
21285 1 888
21289 2 3008
21299 1 9163
21300 1 1461
21317 3 2286
21328 3 2276
21339 1 4745
21342 1 1971
21353 1 1391
21361 1 1874
21363 2 3866
21368 1 756
21371 1 857
21372 2 553
21386 2 1881
21396 1 562
21405 1 580
21414 1 1289
21423 1 1871
21427 1 583
21432 1 1603
21459 1 817
21460 1 877
21463 1 2707
21465 1 1283
21490 2 4936
21496 2 1009
21503 1 13267
21504 1 2429
21507 1 7373
21512 1 519
21525 2 2178
21536 1 2487
21550 1 688
21574 5 1373
21575 1 4680
21601 1 256
21608 1 4754
21610 1 1218
21620 1 616
21635 1 520
21637 3 10855
21640 2 1328
21644 1 11884
21650 1 574
21654 2 1605
21655 1 1486
21658 1 1361
21661 2 5628
21668 1 1337
21669 2 1370
21687 4 796
21728 1 1259
21730 1 1984
21736 2 407
21758 1 2344
21765 1 1014
21770 2 4733
21771 1 1070
21780 2 286
21789 2 792
21814 1 4204
21840 1 6308
21852 1 6758
21853 2 999
21854 1 571
21857 11 1149
21860 1 2805
21862 2 3630
21885 1 1533
21887 1 893
21897 1 2020
21898 2 1312
21904 1 2015
21910 1 1846
21913 7 3148
21915 1 1773
21917 2 753
21922 2 2981
21935 1 937
21937 1 764
21950 1 1511
21953 1 1123
21976 1 3253
21995 1 2336
21996 1 2579
21997 1 2196
21998 1 2024
21999 1 744
22017 1 2683
22021 4 824
22030 1 663
22037 2 1338
22049 1 775
22053 4 977
22063 2 1399
22078 1 579
22079 1 5115
22080 6 697
22081 1 465
22093 1 10393
22097 1 1488
22103 1 5529
22139 1 1395
22143 1 2573
22161 2 6376
22166 3 1970
22186 4 1860
22190 1 1108
22198 2 2137
22201 1 696
22205 1 803
22216 1 13756
22262 1 42
22330 1 46
22383 1 306
22417 1 571
22426 1 661
22428 3 3769
22455 2 2770
22456 2 1938
22462 2 1151
22464 1 1400
22487 3 1766
22524 2 3107
22536 4 3918
22547 1 5064
22578 3 625
22584 3 2300
22588 1 1983
22591 2 2289
22598 1 1298
22606 1 253
22608 1 252
22611 1 992
22612 1 1303
22778 1 936
22781 3 1147
22878 1 1217
22881 3 1554
22883 2 848
22912 1 396
22914 1 431
22916 1 500
22922 1 2658
22924 2 3942
22939 2 678
22956 2 3079
22968 1 346
22986 2 1800
23014 2 3266
23015 2 1253
23030 2 1410
23038 1 807
23065 1 1447
23066 1 773
23071 1 644
23078 1 973
23134 1 2296
23205 1 722
23211 1 1665
23231 1 449
23232 2 1078
23236 2 246
23255 1 404
23260 2 382
23273 1 215
23283 1 4182
23296 1 404
23310 1 492
23331 1 935
23337 1 116
23346 1 348
23349 1 659
23357 4 798
23363 1 3369
23370 1 1836
23407 2 6338
23408 2 5715
23431 1 2002
23441 1 1238
23460 2 1670
23468 1 1323
23488 1 1149
23489 1 7818
23514 1 8145
23531 4 2398
23549 1 1477
23556 1 1763
23557 1 1303
23558 3 1014
23559 3 2529
23583 3 3023
23600 1 912
23637 1 2848
23667 1 366
23669 1 2196
23671 1 7612
23678 1 5285
23685 2 1613
23687 2 2530
23688 2 2643
23691 2 1646
23701 1 1110
23720 1 1499
23733 1 2720
23746 1 1757
23765 2 11324
23775 2 1008
23780 3 161
23798 1 176
23799 2 824
23805 1 590
23814 1 396
23821 1 733
23843 1 1535
23844 1 1535
23845 1 1535
23865 1 181
23894 1 206
23899 2 1117
24008 1 486
24031 1 426
24060 6 1066
24061 1 116
24074 1 995
24081 1 452
24119 4 14616
24138 2 724
24140 1 1533
24148 1 222
24150 1 238
24172 1 681
24173 1 643
24182 1 248
24186 1 1580
24193 1 875
24224 1 416
24227 1 1351
24235 1 1229
24251 1 1677
24252 1 634
24253 1 936
24254 1 4321
24267 1 1344
24268 1 1365
24366 1 875
24388 1 1686
24391 1 892
24397 1 1053
24420 1 1290
24438 1 3027
24452 2 2427
24456 4 508
24458 2 1043
24460 4 1835
24481 1 625
24502 2 2202
24506 2 7516
24511 1 755
24536 1 938
24539 1 3939
24548 2 1104
24559 1 1044
24580 3 1272
24586 1 294
24616 2 6643
24621 1 1848
24666 1 3571
24668 2 6702
24677 2 587
24687 3 453
24688 1 459
24713 1 3212
24725 1 980
24738 2 4416
24748 2 4627
24760 1 600
24784 2 1769
24826 3 1650
24840 1 9627
24882 1 8171
24883 1 8171
24884 3 7321
24885 3 7349
24896 2 4879
24937 1 330
25021 13 514
25041 1 947
25053 1 1722
25055 2 1036
25057 1 2293
25068 1 945
25069 1 1507
25072 1 587
25076 1 568
25087 2 1470
25090 3 6934
25104 2 465
25141 1 456
25143 1 1215
25153 2 3748
25155 1 381
25161 1 388
25167 2 736
25169 1 814
25170 1 1000
25175 1 4293
25178 1 1106
25183 1 551
25187 1 860
25191 1 1013
25202 1 698
25235 2 7935
25238 1 705
25242 3 2763
25243 1 3615
25248 1 1068
25249 1 1150
25265 1 2233
25267 1 2724
25310 3 1434
25311 1 1219
25324 2 2744
25348 1 2680
25380 3 931
25402 2 1389
25406 1 698
25413 1 1011
25421 2 1140
25423 1 676
25441 1 1222
25447 1 833
25488 4 346
25495 2 1308
25522 1 2549
25546 1 3100
25553 1 3595
25555 1 3167
25557 1 1837
25616 1 624
25621 3 754
25625 1 1216
25656 1 4885
25668 1 1796
25697 1 1111
25703 1 625
25707 1 1454
25711 2 350
25719 2 1177
25722 2 825
25724 1 502
25726 2 775
25727 1 726
25738 2 1011
25756 1 902
25787 1 1161
25791 7 558
25796 1 939
25813 3 212
25817 5 1059
25826 1 2414
25847 1 826
25851 2 1694
25852 1 698
25853 1 1173
25900 1 990
25959 1 731
25977 1 1118
25984 1 278
25995 1 227
26009 1 593
26022 1 707
26054 2 1978
26060 1 2133
26071 1 694
26075 1 3348
26087 1 1369
26095 1 5070
26098 1 859
26102 1 697
26109 2 2505
26117 1 213
26122 1 191
26138 2 2043
26147 1 924
26153 2 848
26161 1 14248
26169 1 2105
26200 2 767
26210 1 1293
26219 1 751
26220 1 1669
26235 2 3242
26238 1 1609
26239 1 1707
26265 1 739
26272 1 189
26322 3 805
26329 4 804
26343 1 4639
26358 1 830
26359 1 3794
26366 2 598
26407 1 1765
26411 2 2625
26423 1 3280
26433 1 793
26434 3 3200
26462 1 951
26468 1 543
26471 6 1612
26486 2 1259
26488 1 1436
26498 1 32423
26506 1 1001
26507 1 4226
26541 1 4809
26590 1 2388
26622 1 3312
26632 1 1338
26641 1 4691
26663 1 1859
26668 1 3364
26675 1 1056
26676 1 631
26699 1 582
26707 2 536
26716 2 1488
26733 1 381
26780 4 1264
26784 2 1465
26787 2 994
26796 3 2116
26797 1 1479
26799 1 606
26800 1 1401
26811 1 1172
26813 1 1462
26849 1 634
26860 2 575
26869 3 833
26880 1 1488
26906 1 494
26907 3 166
26914 1 892
26919 1 623
26937 1 1216
26939 3 763
26941 1 630
26944 3 2864
26945 1 2664
26946 3 2974
27035 1 1356
27039 5 1645
27045 1 488
27057 1 370
27067 1 474
27117 1 348
27131 3 1909
27152 1 1516
27180 3 552
27197 1 1655
27204 4 1300
27207 1 1176
27208 1 1202
27213 1 2166
27219 3 1024
27236 3 1397
27258 1 1835
27260 1 960
27264 1 750
27272 2 1722
27292 1 1239
27301 4 984
27320 1 798
27390 2 1355
27391 1 4345
27392 1 4376
27395 6 1232
27430 3 1623
27500 1 221
27520 1 3462
27524 3 2332
27535 1 1646
27538 1 957
27549 1 801
27575 4 1100
27587 1 1067
27589 1 1280
27623 1 2360
27626 1 1130
27676 1 813
27680 2 211
27734 1 209
27736 1 182
27742 1 1177
27747 2 1674
27769 1 1391
27774 2 2355
27778 1 1834
27779 1 4121
27782 1 1620
27811 2 1400
27812 1 3494
27813 1 1873
27827 1 2297
27831 2 1261
27832 1 1102
27848 5 1948
27853 4 3446
27855 2 855
27856 2 872
27857 1 868
27868 2 2792
27873 1 444
27880 1 1171
27883 1 4980
27971 4 1073
27978 1 1869
27984 1 361
28004 1 428
28032 2 1700
28034 1 1005
28043 1 1906
28057 8 737
28067 2 1569
28074 1 1848
28075 1 2788
28081 1 1204
28082 3 1956
28098 1 10589
28117 2 2403
28123 4 7111
28166 1 327
28193 1 2289
28225 1 2588
28285 1 1038
28296 17 3859
28309 2 847
28312 1 795
28315 1 755
28319 1 433
28333 1 485
28347 1 813
28349 1 788
28413 1 1726
28415 1 813
28419 1 3437
28420 1 573
28422 1 37
28427 2 936
28446 1 9326
28461 2 926
28472 1 3173
28486 1 1421
28491 1 4917
28566 2 474
28627 1 752
28631 2 670
28660 32 704
28678 2 502
28686 2 1805
28702 2 1503
28713 1 173
28740 1 2382
28748 1 836
28753 1 643
28781 1 2730
28796 7 2216
28802 1 952
28806 1 4379
28822 3 2051
28832 1 853
28840 1 12057
28846 1 1687
28850 1 583
28852 1 425
28856 1 1048
28866 3 1774
28879 1 773
28881 1 2326
28917 1 911
28942 2 331
28943 3 105
28953 7 1170
28978 1 1473
29046 1 638
29048 4 1451
29076 1 1924
29088 1 641
29089 2 4866
29103 1 554
29135 2 356
29136 1 1011
29143 1 507
29156 1 472
29166 2 383
29169 1 532
29180 1 3520
29183 1 929
29194 1 506
29287 1 1288
29310 1 60
29314 1 54
29328 1 2531
29354 1 696
29372 2 1389
29385 1 3769
29399 1 1118
29418 2 3556
29423 1 405
29436 1 1447
29459 1 647
29491 1 3124
29492 2 3204
29495 3 3137
29505 2 1967
29530 1 1631
29533 2 1384
29553 1 387
29557 1 7051
29571 2 1682
29596 1 1432
29604 1 237
29619 1 1879
29625 1 10200
29628 1 3312
29632 2 2000
29697 1 457
29704 1 278
29721 1 6842
29723 1 714
29806 1 1218
29821 1 906
29823 1 2631
29827 1 1467
29843 1 921
29848 1 1126
29853 1 1120
29867 1 948
29868 1 2187
29885 1 464
29887 1 3070
29899 2 815
29926 1 770
29930 1 405
29955 1 960
29991 6 10803
30000 1 1452
30019 1 1130
30026 1 402
30045 1 399
30055 1 2125
30073 1 2480
30077 1 3556
30081 1 1275
30113 1 537
30139 1 856
30187 1 646
30194 1 1245
30197 1 3083
30215 1 401
30274 1 234
30300 4 6017
30303 3 5165
30325 1 1728
30353 1 3848
30381 7 490
30406 1 1136
30438 2 1750
30447 1 186
30514 1 749
30519 4 5484
30526 3 4142
30535 1 976
30540 5 3125
30556 3 648
30560 1 884
30562 1 371
30573 1 2812
30584 1 678
30595 1 1820
30635 1 2140
30636 5 1957
30638 8 1053
30639 1 8117
30642 1 3081
30646 3 3639
30649 1 2455
30696 1 791
30702 4 1182
30703 1 863
30734 1 1176
30747 2 4167
30774 1 567
30799 1 2179
30802 1 2179
30804 2 10416
30808 1 2494
30810 1 1740
30821 5 1456
30852 1 984
30863 1 763
30920 2 911
30922 2 675
30923 5 1078
30955 1 1113
30997 3 957
31013 1 947
31045 9 24677
31052 2 3636
31056 3 434
31064 2 745
31085 2 2635
31097 1 653
31114 1 1306
31123 1 2317
31150 2 1257
31155 1 2064
31180 2 2360
31195 1 797
31196 2 756
31219 1 563
31225 1 753
31229 1 4414
31246 2 821
31252 1 521
31267 4 7536
31289 1 1482
31307 1 842
31311 1 3229
31313 1 795
31327 3 3711
31329 1 3009
31330 8 2751
31337 5 5832
31347 1 1893
31355 2 5480
31360 2 3008
31416 2 1544
31418 2 510
31444 1 3894
31455 1 1709
31456 1 1127
31465 1 1141
31492 1 641
31495 1 586
31505 2 914
31506 1 833
31508 1 3777
31509 1 619
31515 1 543
31516 1 1397
31517 1 1078
31606 1 2118
31607 1 1667
31608 1 1464
31612 1 724
31631 1 2970
31634 1 596
31635 1 644
31653 1 583
31667 2 648
31669 1 822
31674 1 668
31691 1 1773
31708 1 1052
31709 1 1133
31710 2 952
31723 1 9877
31728 1 1238
31731 1 3982
31735 1 1164
31736 1 1926
31744 1 7219
31749 1 1210
31777 1 773
31783 1 793
31787 1 764
31793 1 784
31826 1 564
31829 3 14263
31835 2 2763
31858 2 1811
31866 6 800
31894 1 1015
31930 1 4739
31931 1 1507
31933 1 1078
31945 5 2616
31957 1 1455
31972 1 788
31975 1 1903
31998 3 698
32013 2 487
32021 1 720
32027 1 1475
32031 1 202
32035 1 1660
32036 1 1099
32046 1 2058
32123 5 9539
32148 2 2042
32150 3 2832
32151 2 632
32155 1 545
32191 1 662
32212 1 271
32221 2 719
32233 1 974
32238 1 4115
32239 1 993
32241 1 5341
32242 1 1349
32247 1 2637
32277 1 1178
32288 1 3260
32291 3 3102
32299 1 3515
32302 2 3115
32304 2 2871
32319 1 598
32327 1 1141
32329 1 5073
32386 1 2500
32388 6 24490
32392 1 1641
32430 1 1546
32471 2 2840
32484 1 502
32491 1 6991
32553 1 811
32565 4 1204
32569 1 1631
32593 1 1078
32603 1 753
32632 1 1721
32633 1 767
32651 1 710
32653 1 5663
32657 2 867
32675 1 477
32706 1 1372
32727 1 1017
32728 1 981
32733 3 964
32753 1 1998
32757 1 502
32761 3 219
32762 3 181
32768 1 892
32770 4 710
32784 1 564
32795 1 587
32798 1 595
32807 1 710
32818 1 652
32822 1 2367
32824 1 2602
32829 1 572
32851 2 946
32878 1 330
32900 2 1072
32911 1 905
32913 1 774
32959 1 546
32971 1 506
32975 1 2044
32986 1 3067
33023 1 679
33037 1 754
33048 1 555
33053 1 511
33056 1 512
33070 1 764
33071 1 466
33079 1 3096
33082 2 997
33089 1 1038
33125 1 771
33127 1 235
33137 1 546
33168 1 810
33185 2 1186
33188 1 10275
33189 1 1759
33192 1 355
33203 5 357
33218 1 854
33220 1 1178
33227 1 221
33238 1 1011
33265 1 1309
33274 1 805
33286 1 1992
33312 1 2285
33328 2 3420
33351 1 178
33403 1 5506
33413 3 845
33419 1 691
33421 1 784
33456 1 957
33461 1 1567
33475 1 5068
33494 5 11341
33495 1 2452
33518 1 207
33521 1 744
33536 1 452
33544 2 2303
33566 3 462
33578 1 281
33588 1 990
33589 2 965
33590 2 3769
33607 3 1916
33615 1 228
33617 1 557
33618 1 509
33619 1 1176
33620 1 971
33621 1 468
33627 2 763
33642 1 677
33645 2 1102
33663 2 5738
33669 1 88
33671 1 1779
33673 3 1075
33692 1 738
33703 1 18894
33715 2 1183
33725 1 566
33728 1 874
33732 2 809
33748 1 855
33751 3 3258
33762 1 641
33778 1 1184
33786 6 3235
33787 1 3331
33865 1 4323
33870 1 2415
33874 1 987
33882 1 1010
33883 1 578
33900 1 574
33910 1 1095
33924 1 11847
33937 2 14231
33938 1 5544
33953 1 719
33977 1 2001
33982 1 3039
33985 1 1091
34029 2 3971
34039 2 23394
34045 1 581
34046 1 3718
34051 1 600
34052 1 11789
34069 2 1786
34087 1 3646
34098 1 432
34100 8 837
34117 1 1025
34126 1 948
34143 1 2404
34178 2 2529
34180 1 450
34184 1 342
34192 1 1198
34200 1 1477
34208 2 2130
34212 1 904
34217 1 587
34222 1 3470
34251 1 920
34266 2 3285
34283 1 715
34286 1 590
34289 2 2981
34298 3 6813
34309 1 975
34311 3 1306
34335 1 1518
34341 1 1060
34342 2 5941
34372 2 3359
34389 1 268
34392 1 3063
34421 1 894
34425 2 820
34429 1 1037
34437 1 989
34438 2 1066
34440 8 2290
34449 2 3565
34465 1 5422
34491 2 1903
34500 1 155
34503 4 1238
34526 1 2380
34537 1 2175
34562 1 813
34576 1 3903
34580 2 1336
34583 1 4980
34627 1 1130
34629 3 1322
34668 1 261
34672 3 942
34673 10 2293
34674 7 2253
34689 1 1908
34702 1 1354
34710 1 787
34715 1 489
34736 1 1326
34746 1 1014
34756 3 170
34774 3 1968
34776 1 2068
34780 1 1028
34781 4 4211
34782 1 740
34795 2 4142
34810 1 432
34814 1 261
34820 3 7148
34846 2 453
34861 2 4582
34875 1 522
34905 1 1534
34911 1 2148
34913 4 877
34917 1 1013
34923 1 2774
34933 2 555
34961 1 362
34973 1 1217
34974 2 931
34986 1 1778
35020 3 1589
35037 1 993
35041 1 7162
35069 1 3840
35071 1 1273
35074 2 656
35076 1 523
35096 1 139
35131 1 124
35149 4 9307
35151 3 4287
35162 7 1127
35176 2 743
35182 1 13213
35210 1 439
35248 1 430
35279 1 586
35298 1 564
35306 4 913
35317 1 1885
35324 2 373
35342 1 651
35344 2 1355
35350 1 633
35359 1 634
35387 2 4967
35391 1 624
35396 1 1669
35398 1 4556
35414 1 218
35415 1 1578
35427 1 12574
35428 2 12657
35434 1 1365
35444 1 1003
35461 3 1748
35481 1 1556
35503 1 784
35505 1 1052
35506 1 1079
35524 3 2484
35527 1 818
35533 1 442
35535 1 1007
35536 1 1509
35559 2 2826
35598 1 436
35599 1 1705
35638 1 168
35645 1 3206
35653 1 775
35662 2 3127
35677 1 2037
35683 1 1542
35709 1 1257
35712 1 1347
35724 1 2406
35729 1 796
35730 3 850
35731 2 931
35741 1 765
35743 1 4461
35750 1 1877
35760 1 5014
35764 1 1421
35799 1 2340
35820 1 1281
35824 2 3392
35825 3 3773
35826 1 838
35828 1 5244
35831 1 3206
35835 1 1430
35840 1 5256
35841 2 958
35847 1 965
35850 2 2980
35858 1 1063
35861 2 10960
35887 5 4260
35888 1 1614
35898 4 726
35902 3 147
35913 1 507
35925 2 179
35926 2 1322
35945 1 2222
35951 1 2034
35955 2 1580
35985 1 905
35989 3 5185
36008 1 418
36014 3 550
36028 1 1853
36033 4 3256
36035 1 695
36042 1 6053
36043 1 1885
36045 6 1120
36046 1 967
36051 1 3640
36084 3 1618
36107 1 846
36109 2 12698
36129 1 1661
36136 5 2452
36150 2 526
36196 6 1795
36203 1 842
36227 1 563
36242 1 1042
36243 1 395
36245 1 843
36249 5 2162
36271 1 587
36291 1 4374
36297 1 1282
36300 8 3570
36304 2 1491
36311 3 2920
36333 1 1086
36336 4 5447
36375 1 503
36380 1 926
36383 3 2040
36391 1 7515
36399 1 1236
36400 1 1236
36401 1 1236
36402 2 2671
36403 1 2989
36404 1 2989
36405 1 2989
36406 1 1238
36407 1 1238
36409 2 1169
36410 2 1169
36416 1 1685
36427 3 176
36428 3 165
36431 1 335
36432 3 744
36440 5 2527
36447 1 875
36464 1 889
36469 1 557
36472 1 868
36478 1 649
36489 1 962
36497 4 1543
36498 2 8241
36507 2 1910
36527 1 551
36548 1 1059
36559 4 2030
36566 1 773
36590 4 5680
36596 2 790
36604 1 1035
36616 2 806
36619 3 994
36636 1 519
36639 2 171
36642 2 388
36665 2 594
36675 2 6019
36680 1 1651
36681 1 2010
36685 1 3543
36689 2 1112
36697 1 754
36698 1 904
36699 2 902
36700 1 228
36714 1 654
36732 11 18263
36754 2 1714
36756 2 1035
36760 4 1102
36761 3 158
36770 2 2401
36775 1 4563
36785 3 1843
36797 8 6365
36800 2 994
36814 2 764
36852 1 2431
36855 1 1034
36856 1 885
36873 1 4539
36882 1 6259
36886 1 1100
36905 2 967
36913 1 3173
36944 1 1225
36945 2 21910
36956 1 4551
36967 1 138
36996 1 694
37002 1 467
37018 1 653
37028 1 1017
37040 5 2087
37053 1 2470
37066 1 767
37072 1 2165
37073 1 882
37074 1 3457
37093 1 1160
37102 1 1529
37105 2 5309
37106 1 3136
37126 4 1157
37165 2 1811
37172 1 2396
37173 1 856
37174 1 1808
37175 1 1376
37177 1 10680
37182 4 13117
37193 3 4630
37197 1 3237
37200 1 724
37201 1 616
37213 1 612
37232 2 658
37261 1 1582
37268 1 333
37271 1 2000
37282 1 2473
37303 1 36
37310 1 7113
37323 1 7159
37325 1 5474
37335 1 4505
37336 2 1229
37337 1 1916
37352 1 1354
37362 3 1647
37366 1 814
37382 1 3256
37400 1 1054
37401 1 1431
37415 1 5377
37419 1 13883
37423 1 13622
37428 1 810
37436 1 9722
37441 1 2218
37442 1 505
37454 1 8351
37461 4 656
37465 1 519
37470 1 972
37472 2 774
37474 3 732
37475 2 639
37483 1 823
37497 4 1658
37500 2 1043
37502 1 1948
37504 3 903
37509 4 1007
37521 4 3207
37550 1 1723
37558 1 517
37560 1 337
37565 4 1282
37566 2 1800
37571 1 569
37576 1 1478
37613 1 1538
37650 2 2418
37655 1 1979
37661 2 5314
37672 2 1421
37686 1 2096
37692 2 1697
37704 1 472
37712 1 8990
37713 1 1369
37724 1 2484
37732 1 1492
37747 1 4991
37833 2 916
37837 3 638
37845 4 1490
37858 1 698
37886 1 449
37924 1 698
37932 2 17484
37934 2 1480
37938 2 449
37949 1 2150
37960 1 158
37961 1 2110
37964 2 2710
37975 4 848
37979 1 826
37985 1 1036
38004 1 2166
38024 1 1239
38043 1 906
38089 1 3093
38094 1 2311
38133 1 490
38157 1 3920
38159 1 1705
38177 3 1445
38189 1 3745
38194 1 2925
38199 3 2577
38231 1 1012
38266 1 98
38267 1 892
38279 4 2423
38280 1 620
38294 1 1860
38309 1 1508
38317 1 1215
38318 1 1214
38323 1 425
38344 3 1209
38362 1 670
38366 1 781
38367 5 2157
38375 1 1735
38411 1 2671
38441 1 3038
38448 1 6071
38450 1 589
38458 1 482
38471 1 878
38473 2 931
38489 1 719
38497 1 228
38500 1 206
38522 1 306
38532 11 608
38533 1 1601
38556 3 767
38557 1 10387
38560 1 898
38572 1 909
38574 1 2305
38579 1 786
38594 1 739
38599 1 607
38600 2 721
38601 2 705
38611 1 5792
38619 2 453
38642 1 1372
38655 1 237
38658 1 671
38689 1 1157
38694 1 1649
38712 1 9962
38715 2 5564
38725 1 2848
38730 1 754
38738 1 768
38752 1 1447
38786 3 2614
38794 3 2594
38796 5 3677
38802 1 4212
38805 1 1522
38812 1 2023
38855 1 5137
38864 1 704
38875 1 1645
38889 1 779
38910 1 7766
38937 1 1185
38944 2 3052
38955 1 480
38979 1 1182
38985 1 1422
38999 1 4065
39015 1 2466
39020 1 827
39035 1 331
39038 1 1980
39049 1 1028
39050 1 813
39057 3 346
39073 1 552
39076 1 869
39083 2 2721
39084 1 4248
39097 1 1486
39099 3 926
39100 1 157
39108 2 485
39121 3 2269
39122 2 1147
39127 1 1657
39132 2 3874
39136 2 1787
39138 1 726
39143 5 2279
39148 2 4610
39150 3 877
39151 2 1763
39161 1 754
39175 1 3064
39178 2 1298
39181 4 3063
39183 1 4477
39193 1 3626
39198 1 2105
39241 2 7079
39245 1 4290
39251 4 2258
39252 4 1207
39253 1 495
39270 3 2484
39271 2 2225
39278 3 5705
39279 3 5440
39301 1 12335
39318 1 2523
39329 8 32477
39341 1 9083
39350 1 1856
39353 1 58
39402 1 1338
39403 1 599
39404 1 1054
39428 3 870
39430 1 1661
39448 1 3136
39467 2 976
39497 4 5496
39509 1 616
39523 1 852
39526 1 861
39532 1 2114
39536 1 1463
39537 2 1083
39539 2 1033
39553 2 1762
39554 3 189
39559 1 522
39565 1 689
39618 6 1328
39620 1 519
39627 1 1010
39628 1 978
39636 1 988
39649 1 781
39652 1 615
39654 1 776
39699 2 3266
39704 1 1282
39720 1 1188
39745 1 186
39758 4 148
39770 1 518
39799 1 994
39800 1 1463
39808 2 1316
39840 1 536
39905 1 485
39929 1 1959
39932 2 1136
39959 1 969
39978 7 30166
39999 1 4187
40010 1 634
40035 1 1005
40041 1 158
40043 1 1164
40047 1 1267
40051 1 1276
40053 1 3632
40060 1 1447
40065 2 3427
40074 1 278
40082 1 1394
40085 2 813
40087 3 1024
40088 3 1024
40089 3 1024
40093 1 4751
40094 1 963
40095 1 970
40100 1 2099
40107 1 1049
40109 4 902
40113 2 2948
40134 1 822
40135 1 938
40141 3 715
40142 1 488
40148 1 755
40150 3 347
40151 1 2200
40158 1 295
40161 1 941
40176 1 1287
40229 1 744
40232 1 724
40243 5 841
40250 1 933
40251 2 1196
40259 1 883
40261 2 1349
40277 1 189
40287 8 10480
40299 1 708
40309 1 678
40310 1 448
40315 1 577
40317 1 2400
40319 3 3414
40320 2 7910
40336 1 1079
40342 1 1617
40372 3 996
40373 2 953
40375 1 2147
40382 5 2344
40383 1 1006
40402 1 1116
40414 1 3454
40428 2 708
40444 1 1611
40448 2 3806
40471 1 1576
40479 1 1354
40495 1 2423
40496 1 3146
40499 2 2513
40502 2 2207
40504 1 758
40507 3 1527
40513 1 510
40521 1 1004
40534 1 4269
40549 1 1360
40563 1 790
40567 1 875
40574 2 1463
40579 1 4144
40586 2 8741
40605 1 1458
40625 1 980
40628 1 402
40640 1 1436
40648 2 7183
40695 1 8337
40700 1 455
40707 2 279
40712 1 319
40720 1 1380
40722 1 1210
40742 1 1167
40752 1 606
40761 1 819
40763 1 3495
40770 1 1680
40775 1 1455
40826 1 1717
40834 2 757
40849 1 677
40858 1 554
40899 1 5270
40900 1 3388
40911 1 619
40926 1 4236
40936 1 3129
40937 1 178
40941 1 406
40959 7 5445
40977 1 4178
40978 3 1189
40982 1 162
40985 1 2120
41008 1 525
41012 2 593
41042 1 494
41048 1 1925
41057 1 3871
41072 1 1072
41075 1 2253
41076 1 1472
41077 2 1806
41079 1 708
41085 1 1046
41102 1 1491
41103 3 2097
41108 1 333
41117 1 1658
41128 1 2539
41151 1 438
41152 2 1295
41160 1 907
41177 9 1084
41181 1 594
41187 2 1739
41215 2 277
41220 2 891
41238 2 4035
41243 2 725
41328 1 3986
41333 1 862
41341 1 1666
41342 2 635
41360 1 743
41363 1 744
41364 1 626
41368 1 1320
41371 1 662
41424 1 924
41426 1 4541
41439 2 2390
41450 1 1521
41455 1 647
41514 1 389
41527 3 666
41540 3 2878
41541 1 1241
41548 1 516
41557 4 491
41560 1 66
41567 1 363
41597 2 680
41599 6 458
41608 1 320
41629 1 462
41644 1 527
41677 1 2045
41686 1 1182
41708 2 699
41713 2 1310
41719 1 632
41727 2 534
41730 1 1912
41743 1 1028
41745 1 391
41750 1 181
41766 1 1995
41769 3 1186
41774 1 1107
41784 1 546
41821 1 904
41822 1 1997
41824 1 848
41826 3 2287
41828 1 764
41837 2 1734
41840 1 2915
41842 1 1367
41868 2 928
41870 2 1014
41888 1 1197
41903 1 415
41904 1 1303
41915 1 338
41936 2 2170
41940 1 2265
41942 1 2534
41948 1 183
41951 1 1203
41981 1 154
41988 3 1757
42001 1 1519
42007 2 689
42018 1 811
42019 6 6660
42025 1 9933
42030 3 2922
42031 1 1805
42035 2 3392
42047 1 818
42048 2 1192
42049 3 2797
42051 3 2366
42052 1 1735
42053 1 3174
42054 1 2132
42060 1 1283
42082 1 987
42115 1 810
42121 1 793
42126 1 1066
42135 1 5733
42139 1 827
42155 1 2406
42158 1 761
42164 1 645
42172 1 2686
42185 3 854
42192 1 209
42216 1 988
42219 1 724
42246 1 1979
42250 1 395
42261 1 6604
42262 1 732
42274 1 515
42284 3 1827
42287 10 435
42297 2 1946
42299 1 1013
42305 1 1661
42307 1 570
42308 1 904
42309 1 5367
42313 1 377
42330 1 6012
42331 2 4860
42355 2 5228
42356 3 4608
42362 1 10503
42375 1 2118
42392 1 880
42416 1 1931
42421 1 749
42424 1 6309
42426 1 663
42427 1 579
42430 1 727
42431 1 712
42437 1 602
42442 1 865
42447 2 819
42452 3 694
42466 1 597
42467 1 878
42484 3 311
42487 1 1735
42488 1 517
42503 4 757
42504 3 876
42511 1 1464
42512 4 1226
42531 1 1622
42538 4 1565
42540 1 1612
42545 1 732
42552 3 786
42565 2 1069
42566 1 214
42567 3 3374
42569 3 3491
42573 1 1180
42585 3 2844
42593 3 2229
42600 1 2138
42630 3 2369
42632 3 2515
42640 2 12636
42648 1 4779
42653 3 2753
42665 1 626
42763 1 6680
42764 3 1569
42767 4 8035
42769 4 8334
42774 1 5633
42818 1 1646
42819 1 605
42823 1 2264
42835 4 2837
42842 1 2027
42849 1 792
42855 1 3481
42912 1 1943
42948 1 807
42958 1 605
42968 1 2559
42969 1 2363
42981 1 614
42991 2 553
42996 1 532
43014 1 496
43021 1 983
43026 1 1259
43032 1 286
43036 1 612
43044 3 1869
43055 1 1798
43061 4 3075
43073 1 382
43089 3 183
43090 3 179
43093 2 440
43098 1 258
43099 3 850
43117 2 612
43120 1 815
43122 1 1078
43128 1 554
43150 2 9162
43157 1 498
43160 1 1940
43230 1 2504
43242 1 552
43245 4 2907
43257 1 1460
43322 1 1848
43332 1 994
43341 2 831
43345 1 519
43362 1 469
43388 1 576
43396 1 141
43438 1 2070
43444 1 2757
43446 3 8554
43449 1 357
43451 1 794
43456 1 1012
43471 1 1044
43475 1 553
43477 14 22611
43500 1 1001
43508 1 1409
43532 1 1790
43538 1 2943
43542 1 690
43545 1 709
43552 1 820
43558 3 709
43562 3 682
43594 1 983
43616 1 1304
43617 1 331
43631 1 1133
43640 2 634
43652 1 721
43656 1 4176
43659 1 1360
43676 1 776
43684 1 438
43698 3 182
43728 3 3240
43747 7 7125
43763 1 2590
43774 1 766
43777 1 3197
43785 3 2976
43796 2 5679
43804 1 3750
43810 1 966
43832 1 1187
43837 8 3115
43859 1 266
43861 1 1888
43882 1 51
43905 2 1196
43915 2 3241
43941 1 206
43946 1 753
43948 1 510
43999 2 5400
44012 7 2752
44022 1 1065
44026 1 833
44028 2 1537
44030 1 250
44050 2 4928
44056 4 2924
44063 1 772
44075 1 1304
44080 1 3596
44081 2 4117
44106 1 3394
44110 1 1335
44112 1 650
44115 1 4306
44116 1 4462
44117 1 411
44130 1 6601
44143 2 3570
44147 1 615
44212 1 1650
44217 1 3228
44218 1 6003
44222 1 636
44253 1 2425
44262 2 460
44269 6 271
44273 1 846
44276 1 730
44286 6 5425
44287 2 3176
44295 1 195
44306 1 1498
44333 1 2947
44362 2 3685
44389 5 1440
44418 1 682
44429 1 1727
44430 1 967
44442 2 1179
44451 1 786
44455 1 1628
44493 1 199
44494 3 3303
44506 1 1670
44520 17 3794
44529 2 874
44581 2 1194
44582 1 1156
44698 2 2666
44707 6 6048
44713 1 59
44731 1 922
44735 8 3497
44746 2 1422
44756 1 492
44758 2 2521
44766 1 239
44805 5 1254
44817 1 2611
44839 1 576
44843 1 558
44874 1 3594
44876 2 3240
44878 7 2602
44891 1 1753
44901 1 798
44915 1 385
44916 2 964
44923 1 1258
44951 1 349
44955 1 7733
44956 1 7041
44957 1 10010
44976 1 555
45067 1 948
45079 1 754
45081 5 774
45084 1 6555
45085 1 668
45096 1 6217
45159 3 13537
45180 1 838
45189 4 6148
45214 1 1097
45224 1 605
45226 1 390
45232 1 1922
45244 1 500
45245 1 1068
45263 1 414
45264 1 1437
45265 1 747
45266 1 754
45277 1 674
45282 2 935
45296 2 813
45308 1 437
45313 1 1019
45319 1 1413
45320 1 1520
45329 3 202
45332 1 1739
45355 1 912
45362 1 885
45380 2 4227
45391 1 485
45400 3 182
45401 3 170
45408 3 678
45418 1 453
45422 1 776
45428 1 609
45465 4 1142
45473 3 655
45476 1 548
45483 2 519
45603 2 1336
45611 1 1534
45612 2 425
45670 4 116
45676 1 11251
45680 1 405
45684 1 513
45700 2 855
45707 2 3610
45729 1 497
45741 1 438
45744 1 414
45799 2 56
45808 1 1186
45811 1 3205
45816 1 899
45820 1 1773
45824 1 2571
45826 5 8235
45827 1 658
45859 8 21421
45881 1 995
45895 1 213
45918 1 552
45928 1 842
45934 1 941
45935 1 4684
45948 2 397
45956 10 4392
45958 1 2336
45959 1 944
45960 1 2353
45971 1 1186
45978 3 2264
45997 1 647
46006 1 533
46017 3 725
46033 1 498
46034 1 865
46059 2 199
46087 1 1968
46089 3 844
46115 1 1300
46129 2 631
46133 1 1219
46136 1 984
46141 1 1036
46146 2 874
46153 1 3988
46168 1 2539
46174 2 2910
46175 3 1321
46176 1 1459
46240 1 1000
46244 1 3024
46282 4 4059
46286 1 1012
46298 1 3741
46306 2 4474
46308 1 491
46309 1 1589
46316 1 903
46346 1 1338
46367 2 535
46369 2 5238
46378 1 6175
46388 5 81863
46391 2 2268
46442 1 351
46445 2 438
46455 1 1168
46456 1 728
46474 1 517
46481 1 455
46482 1 1205
46484 1 573
46513 1 2610
46518 1 1475
46519 2 5448
46524 1 344
46525 1 984
46544 2 2693
46552 1 9921
46562 1 1020
46565 3 787
46614 1 752
46616 2 941
46627 6 4426
46639 1 4091
46646 1 1436
46647 2 1861
46653 1 784
46661 1 5001
46736 1 664
46742 1 1316
46749 3 6951
46754 1 1931
46782 1 1711
46783 1 2182
46784 1 2048
46814 1 2350
46821 1 1634
46822 1 746
46823 1 817
46838 1 431
46880 3 648
46891 3 5171
46895 1 1024
46904 1 698
46909 2 2578
46920 1 1431
46928 5 592
46942 1 1392
46966 1 824
46988 1 1340
46995 1 443
47000 1 191
47004 1 939
47014 1 148
47039 1 2061
47048 1 960
47050 1 1107
47075 1 1834
47077 1 1528
47085 1 661
47090 2 537
47092 2 1683
47095 1 6494
47097 2 690
47101 2 534
47128 1 1444
47137 1 1329
47150 1 303
47151 1 5857
47160 2 4319
47177 1 1679
47199 2 3686
47204 1 1502
47208 1 1552
47216 1 573
47226 1 671
47245 2 6757
47259 1 849
47279 2 617
47306 1 442
47364 1 752
47374 1 1188
47385 1 516
47388 1 532
47389 3 785
47398 1 5716
47447 2 3095
47471 1 1640
47474 1 5150
47476 6 2645
47491 1 2517
47514 1 407
47515 1 3985
47531 1 491
47559 4 11224
47562 1 1450
47607 1 436
47609 1 1519
47659 7 3727
47663 1 922
47725 3 737
47751 1 483
47760 1 1544
47773 4 661
47780 3 5199
47816 1 566
47851 1 388
47852 3 166
47864 4 852
47868 1 686
47880 1 571
47891 1 1182
47898 1 1891
47910 2 1921
47914 1 878
47922 1 1893
47977 1 1512
47997 1 544
48020 1 1218
48034 1 79
48059 1 471
48098 1 1123
48113 2 651
48130 1 978
48133 1 2192
48147 1 1291
48152 1 1035
48153 1 1188
48158 3 498
48159 2 849
48180 1 25164
48187 1 1085
48193 1 878
48202 3 2712
48205 2 3456
48212 1 840
48213 1 317
48232 1 847
48234 1 7467
48248 1 789
48267 6 4317
48268 2 5058
48269 9 11120
48277 2 1700
48279 1 1412
48283 1 619
48284 1 1198
48287 2 2481
48288 2 2866
48316 1 541
48320 2 720
48366 1 1222
48367 1 1869
48373 1 382
48375 1 759
48378 1 893
48379 5 6270
48416 4 1759
48444 2 1142
48451 2 595
48454 1 2048
48455 2 732
48463 2 1684
48466 1 528
48467 1 2133
48469 1 2316
48471 1 2563
48489 1 2490
48499 1 504
48507 2 1533
48520 3 906
48545 1 3140
48546 1 2386
48547 1 4836
48561 1 639
48566 3 3055
48588 1 235
48591 1 365
48598 1 412
48619 1 1429
48632 2 3473
48651 1 3561
48670 2 539
48694 2 779
48698 1 5259
48699 1 652
48706 1 1434
48713 1 199
48720 8 579
48722 1 1191
48739 1 611
48764 1 1470
48777 2 2052
48779 3 3569
48816 1 608
48854 1 621
48896 2 1621
48905 1 1954
48914 1 1166
48917 1 6627
48921 1 2787
48923 1 477
48951 3 6065
48952 1 1906
48953 1 1506
48954 3 4360
48955 1 2415
48956 1 1240
48960 1 2073
49001 2 3445
49014 2 2884
49015 1 2835
49023 1 1908
49035 1 1353
49064 1 304
49074 1 2567
49130 1 2701
49132 1 326
49140 1 1377
49150 1 4092
49161 1 876
49174 1 9273
49175 1 9938
49208 1 619
49212 1 933
49216 1 1081
49219 2 1069
49224 1 658
49235 1 2114
49252 1 971
49255 4 1301
49257 1 1855
49271 1 1100
49276 1 5599
49321 1 462
49323 2 5236
49329 2 470
49332 1 1151
49354 3 2334
49355 2 1068
49356 3 1233
49357 2 584
49366 3 5125
49367 1 2106
49371 1 753
49372 1 893
49389 1 665
49391 1 2970
49397 1 887
49400 1 507
49402 2 930
49412 1 1511
49417 2 575
49418 1 1568
49449 1 816
49461 2 2195
49474 1 3175
49507 1 934
49508 2 1329
49519 1 1422
49522 3 6160
49529 1 2335
49530 2 884
49531 1 692
49537 3 163
49538 3 172
49539 3 162
49549 2 1332
49558 1 628
49560 1 856
49577 1 2475
49579 1 624
49592 1 685
49614 1 305
49626 1 1327
49635 2 868
49650 1 927
49651 1 671
49652 1 837
49672 1 1575
49680 1 5727
49691 1 748
49696 1 2912
49706 2 1142
49714 1 1703
49715 1 599
49732 1 796
49748 1 1118
49752 3 1670
49782 1 2062
49796 1 1300
49804 1 2520
49807 1 338
49809 2 1482
49821 2 771
49822 1 498
49828 2 951
49833 1 2286
49835 3 731
49844 3 6972
49869 1 1403
49878 1 1027
49879 1 1402
49881 1 827
49884 2 798
49897 1 901
49956 1 115
49965 2 2813
49966 2 2862
49971 1 2684
49995 1 882
49998 1 1261
50015 1 1420
50016 1 11583
50017 2 2970
50022 1 1530
50026 1 969
50030 1 2358
50034 1 1651
50040 1 6696
50049 1 332
50132 2 1107
50149 1 578
50173 1 1992
50186 1 5705
50197 1 2113
50200 2 1454
50201 2 1131
50202 2 1056
50203 2 980
50214 2 1560
50236 4 1937
50241 2 2798
50246 4 1315
50249 1 735
50266 1 999
50300 1 436
50301 2 305
50312 3 1045
50328 1 1690
50344 1 2334
50347 1 616
50348 1 617
50349 1 616
50350 1 1319
50351 1 1270
50352 1 1013
50353 3 2913
50363 1 1043
50373 2 591
50386 1 695
50404 1 1746
50430 3 2601
50435 3 2397
50439 1 3976
50445 1 2439
50464 1 2946
50467 1 315
50478 1 3624
50479 1 482
50480 1 820
50486 1 1889
50500 1 813
50504 1 2431
50509 1 446
50528 1 614
50542 1 2306
50566 1 177
50567 1 193
50587 3 1902
50599 1 5431
50604 2 657
50607 1 926
50634 1 391
50636 1 674
50638 1 2138
50639 2 2175
50641 1 2091
50674 1 503
50677 1 794
50724 1 2101
50734 1 2167
50740 5 1885
50741 3 1509
50755 2 3965
50771 3 1277
50780 1 1361
50783 1 2276
50784 4 2392
50786 1 1972
50813 1 1092
50827 1 99
50828 1 138
50854 9 3003
50881 2 4909
50889 2 5625
50918 1 2316
50958 3 945
50983 2 16660
50994 1 1421
51006 1 2540
51015 2 337
51021 1 772
51030 1 2989
51057 2 1367
51066 1 2595
51082 2 1356
51087 6 2282
51100 1 2250
51103 1 478
51121 1 1534
51129 1 1097
51149 2 3086
51170 2 643
51173 1 1055
51181 1 434
51186 3 1345
51206 2 3478
51228 1 1596
51229 1 1464
51233 2 1315
51236 1 1936
51290 1 6381
51295 3 5729
51357 1 1190
51397 1 795
51403 1 487
51415 2 659
51426 1 3586
51491 3 295
51494 2 905
51523 1 1944
51534 1 94
51536 1 624
51540 1 654
51564 1 987
51571 1 1053
51585 1 3964
51638 1 3650
51642 2 471
51647 2 962
51655 1 595
51660 1 1249
51671 1 1120
51688 2 4314
51700 1 972
51738 1 209
51744 1 260
51797 1 962
51799 1 1021
51817 1 643
51827 3 2148
51828 1 2276
51858 3 3972
51859 1 1363
51862 1 958
51891 1 6407
51919 1 507
51967 1 2148
51971 2 398
51975 1 1186
51978 1 8282
51979 6 6703
51991 1 4229
51993 1 12689
52033 1 1709
52041 1 1139
52067 1 749
52105 1 1953
52140 1 3824
52147 1 691
52149 20 1612
52200 1 879
52223 1 1842
52226 1 671
52228 10 3809
52242 1 710
52252 1 1229
52255 1 1523
52271 1 8131
52285 2 976
52300 1 6036
52301 2 8406
52306 1 658
52340 1 335
52345 1 3783
52360 1 1402
52372 1 710
52374 1 237
52377 4 1152
52380 1 725
52382 1 1562
52393 4 1450
52395 2 1520
52396 1 4756
52397 4 4823
52410 1 1022
52424 2 1543
52426 2 1385
52440 1 6680
52445 1 482
52449 1 3942
52450 2 1698
52478 8 2078
52480 1 2295
52484 2 5765
52486 1 2426
52487 1 1464
52493 3 2748
52500 1 3237
52505 3 2436
52508 2 1279
52526 1 1430
52546 1 8264
52557 3 5509
52559 1 2209
52560 1 2179
52561 3 52057
52603 3 3071
52621 1 565
52631 1 4596
52635 17 3805
52711 1 325
52723 2 1320
52727 1 4203
52732 1 2006
52754 2 144
52792 1 1466
52800 1 1046
52804 1 4622
52839 1 112
52870 1 525
52896 1 303
52897 1 1089
52933 8 581
52938 1 1963
52941 3 3400
52974 1 1854
52977 1 1736
52992 1 333
52994 1 1183
53001 1 236
53006 1 220
53018 2 2688
53023 7 6088
53028 1 674
53030 5 816
53035 1 757
53044 3 1024
53047 4 1702
53074 1 940
53081 2 1072
53082 1 663
53083 1 538
53093 2 729
53099 1 3241
53165 1 600
53167 1 1157
53172 1 262
53215 1 600
53222 1 1412
53224 1 1319
53247 1 904
53252 1 743
53261 2 1586
53269 1 840
53274 1 1660
53307 1 1762
53332 2 2573
53335 1 2146
53347 3 549
53373 1 801
53397 1 392
53402 1 3120
53404 1 273
53410 2 1196
53425 1 881
53430 12 48057
53438 6 5686
53450 1 842
53453 1 110
53501 4 1069
53508 1 1704
53511 1 4733
53513 1 936
53515 1 1570
53536 3 1026
53537 1 2107
53544 2 1037
53558 1 5589
53602 1 1819
53607 1 559
53614 1 471
53621 1 968
53623 1 432
53638 1 969
53645 1 1386
53651 1 1909
53672 2 2063
53679 10 1230
53680 1 837
53686 3 959
53707 2 5088
53729 1 783
53740 2 835
53741 4 763
53742 2 1066
53767 1 1549
53768 1 2855
53770 1 1540
53773 2 1265
53779 1 246
53794 1 2430
53838 4 2228
53845 2 2571
53846 1 2470
53854 2 1693
53859 3 1138
53866 1 1764
53909 1 2366
53914 1 1079
53915 3 503
53919 1 1312
53933 3 633
54093 1 4103
54120 2 439
54123 1 2152
54131 1 570
54156 2 740
54157 4 5381
54171 1 1740
54179 1 626
54187 1 4739
54226 1 1236
54228 2 1079
54247 1 881
54248 2 789
54250 1 1352
54300 1 425
54306 1 2437
54312 1 1359
54327 1 1517
54349 2 12411
54350 1 8318
54355 1 10248
54357 1 730
54370 2 2398
54371 1 624
54374 1 203
54375 2 5885
54381 1 660
54386 1 606
54391 1 1246
54396 1 537
54439 2 2636
54441 1 4709
54445 1 950
54448 1 1195
54461 1 377
54464 1 364
54469 1 1075
54470 1 2185
54483 2 1091
54494 1 159
54501 2 622
54509 1 3235
54513 1 694
54514 1 1299
54515 1 1003
54516 1 629
54552 1 2960
54564 3 3322
54566 3 8702
54578 1 575
54581 2 753
54588 4 600
54593 1 892
54613 17 3856
54614 17 3684
54619 1 10647
54629 1 894
54659 1 5192
54676 1 807
54678 1 990
54686 1 557
54692 1 1956
54891 1 403
54893 7 3377
54910 1 1293
54918 2 1069
54922 1 172
54923 2 1418
54924 1 714
54949 1 1656
54950 1 3726
54963 1 501
54973 1 1697
54998 1 1411
55052 1 343
55053 1 216
55063 3 17333
55066 1 3616
55080 1 613
55081 1 549
55094 1 12123
55100 1 868
55117 1 1442
55133 1 1183
55302 1 1157
55312 1 747
55315 2 926
55327 1 6079
55329 7 1232
55412 1 574
55433 2 1983
55442 1 110
55453 1 933
55498 1 5155
55516 1 1474
55533 1 939
55544 2 2066
55547 2 806
55549 1 998
55550 2 2151
55562 1 680
55607 2 9422
55610 1 1063
55616 1 765
55628 1 2339
55651 2 336
55660 2 679
55670 3 185
55671 3 182
55711 1 827
55730 1 576
55738 1 1038
55753 3 4189
55886 2 5463
55906 2 1419
55914 1 956
55919 1 3288
55924 2 807
55934 1 742
56019 2 2130
56027 1 476
56029 3 4442
56040 4 962
56059 1 156
56072 1 215
56073 1 555
56091 1 485
56174 1 2845
56189 1 1843
56194 2 1968
56199 1 1698
56223 4 5116
56249 4 2126
56251 1 1666
56264 2 2223
56270 1 1574
56276 2 1882
56287 2 965
56395 1 256
56407 3 977
56408 2 589
56440 3 1858
56448 2 1074
56456 2 954
56463 1 1156
56477 3 4251
56478 1 395
56487 1 3333
56506 2 932
56512 1 1050
56521 5 5019
56524 1 4137
56543 2 890
56553 1 7598
56568 1 1095
56572 1 482
56581 1 2134
56583 1 1551
56605 1 433
56611 1 767
56618 1 1564
56634 1 744
56655 1 659
56673 1 1109
56674 1 701
56676 1 1161
56680 1 1247
56690 2 677
56698 1 1186
56699 1 1181
56705 1 2241
56710 1 374
56711 1 1301
56713 1 736
56715 1 1225
56727 2 974
56731 1 646
56733 1 333
56785 1 706
56792 1 1075
56796 2 443
56810 2 704
56813 1 436
56816 1 1923
56822 2 4110
56831 11 844
56839 3 8203
56852 2 1247
56880 2 575
56902 2 626
56903 1 636
56955 17 3738
56961 1 7535
56980 1 306
56995 2 1253
57001 1 7758
57009 2 1467
57010 1 873
57011 2 1023
57162 2 2315
57164 1 2492
57188 2 824
57190 1 1657
57191 1 158
57214 1 721
57215 3 843
57217 1 1984
57218 4 560
57223 1 578
57226 2 11510
57246 1 720
57255 1 2815
57286 3 2048
57309 1 315
57323 1 1349
57332 1 1029
57344 1 584
57361 1 876
57363 1 1222
57367 1 2359
57372 1 2559
57374 1 563
57382 1 3136
57394 1 2704
57407 2 2637
57416 1 384
57418 2 806
57436 1 3484
57438 1 1259
57441 1 2098
57445 2 944
57448 1 1818
57449 1 3288
57460 2 2888
57471 1 1255
57494 1 3677
57520 1 5772
57530 1 2185
57542 2 810
57616 1 1787
57617 1 1772
57618 1 1770
57629 1 723
57632 1 296
57643 1 8017
57646 1 834
57652 2 1616
57667 1 648
57733 1 443
57743 1 2000
57747 2 946
57772 1 1177
57774 1 582
57788 1 1324
57797 1 730
57799 1 1179
57800 1 1391
57803 2 1176
57820 2 3637
57821 1 4929
57825 1 207
57828 1 596
57834 1 4576
57890 2 2563
57891 1 323
57897 1 3276
57899 1 2146
57915 1 2190
57926 1 777
57927 1 448
57930 1 1080
57962 2 2722
57965 4 3015
57975 1 247
57997 1 4870
57999 1 269
58002 2 1518
58189 1 228
58204 1 1235
58215 2 1221
58238 2 1044
58241 1 105
58244 1 850
58247 4 19391
58264 3 476
58293 1 2164
58299 1 249
58311 1 723
58320 2 2273
58328 1 1060
58330 1 1851
58334 1 867
58346 1 948
58349 2 565
58352 1 704
58365 1 1275
58386 2 975
58416 1 224
58426 1 1265
58450 3 657
58470 1 640
58474 1 1482
58491 1 914
58506 1 623
58702 1 52
58715 1 787
58718 1 524
58720 1 862
58721 1 592
58730 1 720
58731 1 728
58737 1 903
58749 2 1397
58772 3 4810
58776 1 870
58794 1 518
58814 1 673
58838 2 3151
58840 2 3131
58845 1 2901
58853 1 2423
58857 1 994
58858 1 1878
58859 1 1547
58860 1 1359
58889 1 1343
58895 1 1062
58898 1 2227
58909 4 1264
58915 1 604
58934 1 2758
58936 1 1464
58940 1 4530
58965 1 5140
58967 1 3481
59064 2 2318
59072 2 10092
59164 1 1218
59168 2 1245
59169 1 2086
59170 2 677
59179 1 1184
59192 1 769
59210 2 1617
59223 1 726
59227 1 4022
59228 1 571
59236 1 513
59244 3 540
59246 2 1035
59250 2 752
59262 1 1268
59285 1 723
59304 1 1871
59309 1 1651
59333 1 868
59334 1 842
59348 1 10477
59349 1 8147
59356 1 1554
59357 1 1573
59358 2 836
59361 1 1086
59362 1 1290
59363 2 1746
59397 4 3596
59405 1 830
59408 1 1795
59418 2 9567
59434 1 2472
59471 2 4583
59472 1 2189
59474 1 3565
59495 1 2353
59496 2 1417
59500 1 671
59502 1 2133
59555 1 1177
59561 1 4211
59568 1 1774
59569 1 1463
59571 1 766
59580 4 1999
59581 4 1325
59610 1 699
59614 1 1217
59623 1 489
59627 3 4734
59630 3 5288
59633 1 4221
59638 1 3389
59646 1 1585
59648 1 938
59660 2 2783
59661 2 2342
59662 5 14951
59689 1 2525
59697 1 2431
59702 1 1311
59708 2 323
59717 1 4807
59722 1 847
59760 3 5506
59763 1 235
59774 1 1649
59784 1 736
59801 1 1104
59812 2 1458
59813 2 1702
59814 2 980
59869 1 1159
59870 5 1260
59880 1 305
59881 1 485
59882 1 806
59895 1 174
59902 1 1247
59904 1 858
59907 1 1288
59908 1 619
59918 3 9598
59937 2 860
59940 1 792
59946 1 1687
59975 1 1343
59982 2 4938
59983 1 2990
59984 1 2885
59985 1 4522
59986 2 4731
59987 1 5303
59988 23 5229
59989 1 783
59991 1 760
59995 1 537
60000 1 560
60015 1 581
60016 2 1377
60021 1 2368
60030 2 10533
60038 2 3448
60040 1 5727
60043 1 314
60062 1 928
60096 2 636
60102 2 987
60104 1 734
60133 1 1287
60149 1 441
60157 1 3863
60165 1 857
60172 1 1266
60179 1 867
60185 1 1405
60191 1 373
60198 1 395
60228 1 2197
60229 1 921
60238 1 1338
60239 1 1030
60240 1 1594
60242 1 1441
60249 1 1398
60255 1 788
60276 2 3089
60284 1 1802
60291 3 1433
60314 2 2506
60340 1 721
60362 3 3186
60366 1 3154
60398 1 1768
60436 1 253
60444 1 1326
60479 4 253
60506 1 4289
60507 3 4075
60519 2 1838
60525 1 1252
60573 1 607
60595 1 3346
60599 2 3625
60607 1 1057
60613 1 566
60614 3 732
60625 1 994
60662 1 6202
60672 1 802
60678 1 3884
60697 1 1552
60698 1 502
60741 1 3011
60771 1 4604
60772 1 517
60777 1 3095
60793 1 2201
60818 6 247
60833 1 979
60862 3 4275
60902 2 251
60935 1 2979
60936 1 5117
60964 2 3850
60992 1 2142
61006 1 1253
61020 1 13801
61042 2 749
61045 1 2390
61094 1 1747
61095 1 1306
61096 2 990
61099 1 340
61100 3 618
61139 1 405
61164 1 386
61172 1 427
61188 4 29700
61201 1 329
61211 2 1448
61212 2 954
61217 1 242
61241 1 1632
61287 1 2272
61294 2 796
61310 3 548
61317 2 1385
61326 4 2485
61331 1 2243
61342 1 1073
61349 1 976
61352 1 18809
61379 1 1394
61383 1 843
61418 1 2160
61428 1 8357
61438 1 1813
61440 2 448
61444 4 1534
61470 1 2495
61523 1 3940
61527 4 2751
61538 1 498
61543 1 1462
61560 1 1336
61569 2 1055
61610 1 1320
61620 1 1896
61628 2 7244
61629 1 1176
61640 1 850
61645 1 805
61670 1 597
61676 2 1974
61713 2 4885
61722 3 873
61731 1 1752
61736 3 3608
61786 1 849
61816 7 1916
61818 1 1458
61828 30 2374
61830 1 2081
61831 3 1756
61833 3 7073
61845 1 3591
61860 1 7381
61862 1 5528
61881 1 2444
61894 1 3336
61897 1 2680
61901 2 684
61917 1 5083
61945 1 264
61949 1 1699
61961 4 829
61976 2 4025
61978 2 561
61980 1 920
62011 1 1430
62014 1 6015
62028 1 6469
62062 3 6529
62063 1 624
62087 1 4114
62093 1 515
62102 1 676
62113 1 412
62124 1 1016
62143 1 2252
62153 1 2377
62161 1 167
62167 1 142
62170 1 161
62176 4 3929
62180 1 838
62192 1 937
62244 1 306
62249 2 877
62257 2 782
62259 1 1550
62267 1 526
62299 1 7136
62316 2 1602
62320 1 566
62340 4 4587
62344 1 1459
62353 1 325
62409 1 576
62413 4 976
62425 1 959
62434 1 1233
62476 1 290
62491 1 4559
62500 2 685
62513 1 2915
62553 1 1227
62588 6 8596
62593 3 2061
62615 1 1556
62642 1 7441
62689 1 1217
62717 1 860
62731 1 2944
62749 2 387
62760 1 189
62762 2 571
62774 2 1461
62791 1 2675
62888 2 1082
62890 2 1078
62893 1 618
62912 1 6714
62962 1 513
62972 2 330
62992 2 5430
62995 3 595
63034 1 473
63051 2 1657
63061 1 5120
63063 1 1595
63069 1 2009
63073 3 6062
63074 1 4609
63075 1 3050
63076 3 3881
63077 2 5251
63079 1 1810
63083 1 1965
63093 2 3111
63096 3 1260
63106 1 2332
63113 1 1057
63130 1 1449
63143 1 1109
63154 2 653
63156 1 1380
63160 1 1813
63162 1 1516
63183 1 1780
63203 1 3831
63215 1 884
63222 1 536
63239 1 882
63240 1 548
63252 1 483
63266 1 3285
63280 1 3788
63297 1 715
63308 1 1302
63310 2 2477
63312 1 891
63332 2 359
63333 3 175
63334 3 164
63335 3 192
63336 3 166
63337 3 171
63342 1 1326
63350 4 2253
63358 1 1133
63371 1 1573
63376 1 664
63385 1 486
63388 2 444
63393 2 737
63394 1 601
63412 4 2324
63417 1 748
63424 1 756
63427 4 4477
63433 1 618
63435 1 1477
63437 1 1058
63439 1 637
63489 1 329
63499 1 318
63504 2 4125
63510 1 562
63521 1 1186
63555 1 7057
63567 1 2685
63580 1 1896
63610 4 1864
63614 1 1640
63617 2 2218
63634 6 5269
63654 1 1086
63686 1 3010
63690 1 3198
63693 1 792
63695 1 2625
63701 1 2880
63709 1 2193
63718 2 631
63735 1 371
63736 1 1433
63782 2 1232
63786 1 898
63792 3 1726
63797 2 817
63803 3 2123
63827 1 1179
63836 2 3200
63837 1 6313
63838 2 3268
63845 1 550
63852 1 472
63859 1 803
63889 1 694
63892 1 1816
63900 1 979
63906 1 4261
63908 3 588
63909 3 628
63922 1 861
63929 1 1348
63931 1 256
63932 1 1211
63935 3 827
63945 1 639
63948 1 1435
63962 1 3096
63972 3 1998
64010 2 2508
64012 1 1614
64013 4 2220
64015 3 2612
64018 1 997
64021 3 4309
64022 2 1923
64032 3 1854
64050 1 3580
64051 1 3589
64052 1 2458
64053 1 2458
64066 1 1206
64067 1 1210
64068 1 1224
64072 1 1416
64077 1 1341
64078 1 1341
64079 1 1341
64087 1 1520
64094 3 3694
64271 1 4396
64287 10 998
64295 3 1792
64310 1 2705
64320 1 1816
64327 5 1214
64350 7 20899
64352 1 1020
64361 2 420
64371 1 1070
64373 1 546
64377 1 1147
64408 2 1707
64419 1 3930
64420 1 1908
64453 1 10145
64454 1 1155
64455 1 1106
64464 1 679
64513 1 418
64526 1 728
64564 1 1147
64565 1 452
64571 1 1943
64573 2 751
64596 1 820
64610 3 1012
64639 3 924
64666 2 1098
64667 1 728
64671 1 687
64845 1 276
64881 3 1311
64883 1 636
64884 1 785
64886 2 727
64888 2 627
64889 2 557
64892 1 614
64894 1 501
64937 3 2520
64959 1 1034
64962 1 919
64989 1 973
64997 2 864
65006 1 3064
65007 1 3159
65010 1 2912
65019 2 1067
65032 1 1400
65034 1 3956
65035 1 1584
65082 3 2417
65099 3 2357
65261 2 629
65262 1 683
65265 1 5510
65266 1 967
65384 1 917
65399 2 3181
65405 1 1056
65422 2 747
65429 1 789
65433 3 2178
65435 1 385
65470 1 570
65474 1 1571
65481 1 1071
65486 1 595
65531 2 1854
65556 1 2099
65557 1 603
65558 1 385
65579 1 744
65582 2 731
65602 1 342
65617 1 1340
65618 2 1810
65648 1 796
65660 5 1148
65672 2 1726
65684 4 17249
65701 1 1209
65713 1 1940
65722 1 567
65724 1 1237
65747 5 648
65760 2 443
65764 1 492
65766 1 558
65767 2 953
65771 2 799
65778 1 3404
65793 1 494
65799 2 4143
65812 1 832
65829 1 1093
65835 1 801
65836 2 1184
65837 3 1272
65852 1 807
65890 1 773
65911 1 948
65944 1 4400
65977 3 887
65979 1 4694
65980 2 4583
65984 2 2219
65995 4 6936
65996 1 2800
66010 2 955
66013 2 2760
66015 2 4361
66019 1 1342
66061 2 1219
66092 1 4332
66186 5 636
66191 1 452
66202 1 737
66221 2 1754
66235 2 743
66238 1 327
66277 1 1687
66321 1 691
66327 2 942
66332 1 901
66353 2 2965
66367 1 1530
66379 1 2917
66380 1 9761
66381 1 405
66423 1 598
66434 1 174
66454 2 1171
66455 1 1985
66478 1 1388
66496 1 657
66515 2 6274
66533 2 1245
66536 1 727
66547 1 1078
66557 1 415
66584 1 562
66593 1 1896
66598 1 1411
66599 1 1088
66609 1 980
66615 1 2064
66616 1 847
66618 1 599
66636 1 1536
66646 1 98
66657 1 1440
66668 1 1340
66720 1 1705
66722 217 276701
66738 2 1248
66739 1 1244
66748 1 1830
66751 2 11896
66755 2 889
66760 1 1083
66770 2 682
66771 1 3499
66772 2 652
66776 1 1404
66794 2 1303
66812 1 371
66835 2 845
66842 1 731
66844 1 1550
66888 1 789
66915 1 4319
66920 1 367
66928 1 886
66935 2 2042
66974 1 1255
66993 2 1773
67003 1 549
67011 1 714
67019 1 1107
67027 1 2379
67029 2 2546
67044 1 797
67054 1 2805
67072 2 1326
67074 1 9837
67101 1 392
67129 2 393
67188 1 519
67189 1 1207
67195 5 6824
67196 1 2129
67215 1 356
67223 1 1469
67266 1 4007
67273 1 1989
67275 1 1069
67288 1 478
67289 1 1131
67296 1 384
67312 1 1317
67313 2 1165
67321 1 2010
67324 1 2007
67326 1 2402
67333 1 2666
67335 2 4046
67339 1 3088
67344 1 2228
67347 1 1319
67359 1 3255
67371 1 3756
67375 1 994
67397 1 908
67403 2 3316
67409 3 5448
67415 2 10077
67416 1 2877
67432 1 609
67438 1 446
67457 2 722
67458 1 1924
67462 1 412
67476 1 195
67480 1 243
67482 1 212
67508 1 1345
67516 1 742
67518 1 2462
67519 2 10460
67528 1 682
67537 1 1492
67545 2 2013
67547 1 1341
67551 1 366
67557 1 529
67562 1 1286
67567 1 613
67573 2 2299
67574 1 2213
67584 1 3111
67586 1 831
67628 1 334
67641 1 403
67649 1 867
67656 3 1484
67666 2 463
67671 1 6735
67696 2 1147
67697 1 756
67706 1 1416
67722 1 1758
67725 1 1884
67727 1 3367
67728 1 2471
67734 1 820
67735 1 1959
67736 1 1959
67738 1 346
67750 1 1913
67752 1 918
67756 1 5291
67770 1 1180
67772 1 1925
67773 1 455
67784 1 2572
67808 3 1776
67817 4 603
67841 1 1637
67891 8 810
67893 1 4007
67896 1 819
67899 1 4652
67902 2 1015
67934 1 1831
67935 1 1837
67962 3 841
67965 1 716
67968 1 577
67972 1 460
67980 1 566
67991 1 2957
67996 1 1441
68008 1 1300
68025 2 2357
68030 1 857
68053 1 1448
68057 2 3416
68059 2 2106
68060 1 1384
68071 1 746
68091 1 10665
68115 1 3242
68116 1 4818
68118 1 3343
68119 1 6225
68120 3 7511
68139 3 598
68146 1 489
68159 2 6709
68160 1 6120
68168 1 627
68174 1 830
68192 3 2334
68217 1 5161
68237 1 525
68252 2 1260
68264 1 445
68296 1 468
68297 1 1033
68313 1 714
68321 1 1535
68330 1 8380
68346 1 2235
68348 1 2811
68369 3 11195
68374 2 390
68376 1 1833
68383 1 1172
68389 1 7515
68390 1 7515
68391 1 7515
68393 1 3580
68394 1 2458
68395 1 2458
68401 1 1206
68404 1 1415
68405 1 1416
68410 1 1341
68411 2 1167
68412 2 1167
68420 1 2517
68421 1 2923
68445 1 513
68446 1 3669
68447 1 403
68658 4 1438
68660 3 1533
68665 3 772
68676 1 404
68680 2 9381
68681 1 4179
68688 2 1133
68691 1 2365
68706 1 313
68726 1 875
68739 2 2373
68744 1 773
68755 1 934
68803 8 1117
68807 1 970
68812 1 10319
68816 1 1558
68823 1 2312
68835 1 642
68837 1 1538
68853 1 856
68860 2 2402
68890 1 455
68900 1 3607
68904 1 1018
68909 1 2457
68916 3 2291
68933 1 944
68955 1 1190
68964 5 11197
68978 1 617
69007 1 727
69014 1 806
69052 1 808
69063 1 479
69081 2 838
69099 1 2057
69283 1 642
69314 1 704
69315 4 587
69320 2 611
69328 2 515
69347 1 566
69366 1 335
69383 1 995
69431 1 3095
69432 3 3080
69443 1 878
69444 1 722
69454 1 544
69488 1 614
69506 2 1045
69522 3 2679
69529 1 761
69544 1 545
69546 1 1049
69710 1 5755
69714 1 2593
69716 1 7169
69717 1 4915
69721 1 6125
69830 1 485
69839 1 585
69851 2 2303
69852 2 1623
69855 2 1583
69868 1 614
69872 6 4385
69880 1 681
69887 3 3269
69895 1 1151
69906 1 676
69918 6 1583
69946 1 282
69967 1 2207
69971 1 1060
70014 1 285
70027 1 1101
70041 2 763
70067 2 2001
70076 1 833
70080 1 872
70091 2 678
70095 1 612
70096 1 699
70097 1 511
70118 2 820
70165 1 1399
70206 2 901
70207 1 10208
70211 2 1103
70224 1 656
70226 2 1436
70227 1 1812
70231 1 2953
70238 4 1571
70239 1 420
70259 2 1430
70263 1 7023
70269 1 2397
70273 1 3305
70275 1 2825
70277 1 1393
70279 3 12383
70300 1 1009
70305 1 1443
70308 1 1172
70324 1 232
70336 1 62
70360 1 785
70390 1 937
70394 1 1005
70406 1 1912
70419 1 116
70435 1 3103
70442 1 4263
70447 1 889
70448 1 2617
70456 3 954
70478 2 605
70534 1 5509
70574 1 2062
70586 2 2455
70588 2 1129
70591 1 4584
70601 1 2514
70638 2 1325
70745 1 1602
70749 1 6334
70838 1 1950
70854 1 675
70866 1 759
70881 1 1568
70890 2 2440
70912 6 1315
70918 2 618
70937 1 1008
70938 1 1184
70956 1 734
70977 1 1128
70987 1 1027
70991 1 2170
71001 1 688
71007 2 1032
71025 3 1448
71043 1 4249
71050 3 3333
71080 1 1970
71090 1 610
71092 2 613
71095 2 528
71100 1 639
71102 1 1497
71104 2 780
71106 2 732
71120 1 448
71137 1 9411
71152 1 1194
71157 1 1942
71161 2 610
71172 1 1858
71180 1 1271
71245 1 982
71247 1 1642
71257 1 2362
71258 1 1385
71274 1 908
71276 2 2862
71277 2 778
71305 5 2754
71315 3 6723
71334 1 2239
71338 3 2157
71341 1 1792
71378 1 558
71399 4 2126
71406 1 2956
71414 1 303
71419 1 2738
71507 1 1967
71512 1 858
71520 1 1281
71567 1 4513
71591 5 988
71622 1 2405
71637 1 789
71646 1 1815
71659 1 1216
71665 6 950
71686 1 842
71691 1 1602
71697 1 1008
71702 1 675
71705 1 10258
71721 5 911
71723 1 2839
71724 1 2839
71731 3 4830
71750 1 423
71757 2 2729
71813 2 1515
71820 1 329
71821 1 894
71854 2 4173
71857 1 596
71894 1 2159
71895 1 3069
71897 2 2249
71969 1 777
72011 1 1094
72015 2 804
72017 1 755
72019 1 777
72048 2 5014
72079 1 753
72088 22 2347
72093 1 927
72098 13 19912
72108 1 1166
72115 3 806
72134 1 212
72145 5 941
72146 2 1354
72156 2 1534
72159 1 906
72162 1 694
72163 2 1492
72174 1 315
72177 1 1078
72193 1 874
72194 1 1046
72195 1 1046
72196 1 846
72214 1 786
72237 2 1447
72260 1 1541
72277 2 1369
72284 2 6759
72286 1 1079
72293 1 1975
72298 1 1959
72303 1 271
72314 1 1495
72327 2 746
72347 1 1722
72349 2 788
72351 2 1344
72358 1 1752
72364 2 1286
72372 3 1766
72380 1 3360
72386 1 566
72387 1 2107
72394 2 753
72410 1 4306
72420 3 2515
72441 1 3167
72442 1 1934
72452 1 417
72496 1 3731
72503 1 514
72507 1 895
72513 1 4800
72525 8 2404
72548 1 1534
72571 1 2681
72576 1 1282
72581 2 1872
72583 1 1935
72613 1 1298
72619 1 5216
72634 1 1027
72642 1 1456
72650 1 6445
72667 1 275
72700 1 459
72713 1 2218
72717 1 714
72718 1 712
72719 1 718
72720 1 700
72721 1 708
72732 2 536
72736 2 1124
72750 1 698
72760 1 729
72765 2 2690
72768 5 894
72797 1 2288
72817 1 1632
72823 3 697
72825 1 4050
72834 1 2774
72838 1 1838
72849 1 2190
72850 2 1161
72856 2 1892
72862 1 773
72864 1 597
72873 1 3122
72878 3 4492
72879 3 7089
72899 3 20275
72905 1 631
72906 2 2265
72920 3 5462
72934 1 2319
72935 1 2042
72937 1 2290
72938 2 10696
72945 2 2766
72963 1 2184
72973 3 3325
72983 1 1336
72989 2 216
72991 1 445
72992 1 861
73006 1 1145
73035 1 451
73047 1 694
73064 1 285
73079 1 997
73089 1 890
73099 3 1820
73101 1 5854
73148 1 5628
73150 1 911
73155 3 3609
73157 1 702
73179 1 1607
73183 1 2442
73195 1 409
73211 5 1314
73212 1 2390
73220 1 4868
73221 6 4913
73222 3 3558
73247 1 871
73249 1 917
73280 1 1189
73286 1 2501
73287 1 2713
73301 1 802
73302 2 805
73315 2 466
73316 1 723
73323 3 1574
73327 1 882
73338 1 289
73348 1 1011
73350 1 2160
73373 1 5222
73374 1 1179
73381 1 770
73416 1 838
73440 3 169
73446 1 989
73478 2 691
73494 1 1046
73497 1 632
73519 2 380
73531 1 607
73538 1 926
73571 3 3969
73573 1 1075
73591 1 2230
73594 1 1535
73595 1 2131
73640 1 1044
73645 1 5683
73656 1 1671
73669 1 1440
73679 1 798
73728 1 354
73737 1 825
73745 1 996
73753 1 1851
73774 1 1177
73788 2 519
73798 1 388
73819 1 174
73879 1 901
73882 1 1565
73899 1 829
73921 1 1265
73932 1 2612
73947 1 495
73956 2 2798
73963 2 6843
73983 1 229
73995 1 1205
73996 4 7920
73997 2 10376
73998 1 2339
74001 1 474
74042 2 3503
74047 3 590
74048 1 938
74052 8 1551
74062 1 1079
74065 1 2514
74081 1 258
74083 1 664
74085 2 884
74090 1 1014
74093 1 704
74094 2 3820
74101 1 430
74106 2 855
74111 1 976
74121 1 2293
74122 1 1513
74125 1 2057
74173 1 330
74177 2 4268
74179 3 4036
74185 1 1316
74209 1 508
74285 1 286
74293 1 271
74340 2 889
74341 1 360
74349 2 2378
74353 1 1284
74361 4 1446
74368 5 3668
74372 1 1337
74374 1 1600
74401 1 1171
74419 1 1583
74432 3 3303
74433 4 1309
74434 3 3996
74437 2 6261
74438 3 1352
74440 2 1991
74449 1 1802
74450 1 1939
74465 1 1145
74479 1 1275
74490 1 51
74499 2 2239
74500 2 1059
74514 1 939
74515 1 1068
74517 1 1657
74518 1 1309
74519 3 5618
74522 1 1218
74527 1 1301
74530 2 711
74537 1 549
74545 1 1446
74552 5 1233
74569 1 985
74572 1 8808
74574 1 499
74575 1 2107
74591 4 3810
74605 1 6001
74607 1 831
74610 2 604
74634 3 1283
74635 1 2160
74657 2 2670
74658 1 855
74660 1 2184
74665 2 2881
74674 1 626
74703 1 769
74706 1 5592
74707 1 4337
74719 2 1319
74728 1 3896
74750 4 2927
74762 1 2031
74780 1 1098
74781 1 912
74796 1 473
74798 3 2970
74799 1 1061
74810 1 480
74822 1 5130
74823 3 891
74831 1 1285
74857 1 2102
74863 1 710
74868 1 1193
74871 1 1759
74904 1 543
74917 2 1213
74953 7 1089
75068 1 1333
75093 2 1237
75095 4 1238
75106 1 822
75111 1 2479
75116 1 890
75127 3 1412
75128 2 1475
75139 2 424
75142 1 931
75205 4 3189
75214 3 2338
75220 1 1738
75228 2 535
75313 1 1575
75317 3 1162
75323 1 468
75325 1 1661
75408 1 3231
75418 1 988
75420 1 5660
75427 5 752
75482 1 211
75529 2 8980
75532 1 2113
75534 3 9607
75537 4 772
75546 2 823
75551 1 2365
75552 4 3849
75557 1 893
75566 1 364
75631 1 1422
75639 3 212
75640 3 165
75641 3 205
75646 1 832
75658 1 1060
75668 1 724
75669 1 724
75685 1 1610
75690 1 894
75696 1 594
75717 1 2502
75828 1 458
75829 1 285
75836 1 992
75840 1 1024
75851 1 400
75881 1 421
75892 1 368
75916 1 815
75991 1 238
75997 1 122
76009 2 885
76025 1 1636
76031 2 1946
76034 1 1048
76035 1 1222
76037 1 833
76040 3 3213
76056 1 952
76066 1 3438
76101 1 1397
76109 2 1242
76112 1 801
76120 1 1477
76134 1 904
76136 3 4953
76137 1 2520
76138 3 3341
76152 1 176
76174 1 20998
76175 2 6943
76185 1 91
76228 1 2247
76233 1 1717
76241 1 836
76245 2 6436
76246 1 6517
76266 1 1340
76269 3 3998
76310 2 4929
76334 1 963
76349 1 2296
76353 1 3328
76354 8 3077
76368 1 1834
76391 2 1501
76413 1 1514
76424 2 240
76435 1 2179
76437 2 1295
76444 1 329
76448 1 5583
76449 2 6086
76473 2 683
76474 1 394
76480 1 1099
76486 3 376
76495 2 3655
76516 1 5399
76517 1 735
76521 2 1643
76529 7 10440
76577 2 2515
76582 1 1126
76595 1 1593
76596 1 536
76615 1 3913
76618 2 1560
76626 1 4388
76632 3 2372
76634 1 557
76659 1 651
76660 2 528
76662 1 498
76670 7 2879
76673 2 1000
76679 1 697
76699 1 431
76710 2 1056
76718 1 740
76719 2 1182
76736 1 1139
76752 1 709
76762 2 7340
76777 1 1440
76793 2 5567
76798 3 906
76805 1 1044
76826 1 1007
76838 2 587
76839 1 561
76841 1 709
76842 1 568
76856 1 1057
76859 1 1863
76875 1 4263
76888 1 1391
76923 2 1539
76963 1 1460
76987 1 1485
76991 2 445
76995 2 1773
77007 1 2330
77013 1 1170
77016 2 2119
77019 1 882
77021 1 896
77023 2 2768
77026 2 1272
77027 1 422
77033 2 881
77041 2 499
77046 1 463
77065 8 571
77067 1 1551
77068 1 2025
77071 3 1827
77075 1 2473
77076 1 3304
77078 2 689
77083 1 3037
77088 2 4377
77108 1 1362
77110 1 1799
77118 3 2646
77133 4 1304
77136 1 3236
77137 2 1799
77139 1 7313
77159 1 2784
77170 1 1984
77172 1 1401
77194 1 812
77196 1 1305
77197 4 1297
77207 2 4809
77208 1 4089
77209 1 4122
77210 1 4271
77211 4 3451
77212 4 3474
77213 4 3532
77214 2 3477
77215 1 1900
77222 1 1336
77227 2 2803
77233 6 4265
77237 1 1988
77248 2 1903
77266 1 607
77267 2 423
77325 1 1130
77338 1 58
77383 1 595
77414 2 870
77425 2 2873
77442 1 459
77446 1 635
77450 1 5940
77451 1 1266
77463 1 1315
77475 1 521
77487 1 916
77541 1 801
77572 1 1247
77576 6 4731
77622 1 1784
77629 1 247
77645 1 538
77652 4 3016
77668 1 373
77720 1 47
77805 2 2119
77807 1 5880
77809 1 360
77818 1 6471
77830 1 468
77834 5 3498
77840 1 1022
77852 1 521
77868 1 398
77884 1 1887
77886 1 496
77942 1 3229
77943 1 1110
77948 1 3393
77952 1 546
77961 3 8551
77962 2 3614
78070 1 702
78073 1 1288
78112 1 1269
78126 1 741
