exactli exactli 4800 65215343 
14 1 616
21 1 1980
117 4 6480
120 1 4128
130 1 4276
131 2 14882
132 5 13051
140 1 394
147 1 3893
203 1 5213
228 1 1439
258 1 56657
266 4 1509
276 1 1471
329 1 678
358 4 2199
366 1 1215
375 1 10166
429 1 3151
456 2 1051
464 2 2497
504 1 11283
529 4 6629
541 1 2599
625 1 5869
668 4 2059
672 1 2537
707 1 625
725 1 7096
736 1 2617
751 1 764
776 1 1163
876 3 4565
877 4 1236
907 1 1133
914 1 1067
915 1 981
961 1 1879
966 2 6046
967 2 4480
982 1 2403
993 1 10702
1048 1 1240
1049 1 2440
1052 2 3416
1060 2 1104
1080 1 1254
1128 1 2066
1147 2 1152
1178 1 1530
1185 2 15836
1200 1 636
1213 1 3659
1220 1 1617
1238 1 200
1255 1 184
1259 3 201
1270 1 2273
1367 1 4065
1398 2 889
1426 1 1867
1450 1 1560
1452 3 6140
1468 1 1121
1469 1 2455
1472 1 1329
1479 1 1207
1503 1 915
1551 1 1402
1558 1 635
1593 1 2577
1595 1 824
1597 2 3184
1613 1 784
1614 1 1216
1615 1 1056
1624 1 1327
1625 1 1302
1634 7 30082
1637 1 678
1647 1 10572
1674 1 1844
1676 1 823
1726 2 2436
1741 2 5895
1755 1 1202
1760 1 805
1767 1 13095
1806 1 911
1811 1 353
1818 1 621
1827 1 1488
1829 1 1201
1852 1 2619
1861 1 5589
1882 1 2462
1926 1 759
1948 1 5448
1973 2 16948
1983 3 5638
1991 1 835
2053 1 565
2113 2 864
2128 1 1868
2142 1 955
2191 1 1582
2214 1 1202
2217 1 1762
2237 1 1765
2272 1 2226
2322 1 1431
2338 1 1264
2363 2 3977
2375 1 3907
2389 4 3418
2392 1 273
2441 3 7506
2516 1 1602
2538 1 884
2545 1 278
2546 1 1042
2552 2 713
2565 1 2867
2574 2 780
2626 1 303
2629 1 3838
2632 2 1512
2708 1 1441
2748 1 2085
2771 1 3216
2798 1 1289
2809 1 8131
2845 1 2533
2942 1 1085
3003 1 3697
3086 2 4139
3108 1 2991
3147 1 1324
3195 3 2888
3202 1 6501
3213 1 1551
3238 1 1320
3249 2 10966
3267 2 3085
3281 1 3667
3287 1 1376
3295 1 2429
3297 1 860
3305 1 1856
3338 1 1856
3378 1 4137
3383 1 10722
3409 1 3574
3415 1 4495
3427 1 2078
3442 1 1041
3522 1 1240
3524 1 972
3525 1 1046
3539 1 1721
3542 1 1834
3574 1 867
3579 1 4684
3653 1 955
3668 3 8976
3671 1 4789
3672 2 2946
3677 1 646
3701 1 165
3705 1 1090
3706 3 6639
3707 1 2467
3708 1 3154
3721 1 1585
3727 2 17097
3738 2 1039
3751 1 841
3772 1 1147
3773 1 2479
3775 1 459
3776 1 1777
3791 1 6472
3832 1 7941
3833 1 1551
3840 1 881
3847 1 27149
3860 1 1204
3887 2 2632
3919 1 385
3921 1 3235
3939 1 800
4000 3 6980
4069 2 3379
4071 1 573
4073 1 769
4076 2 4324
4089 2 841
4137 1 1308
4196 2 6780
4204 2 3711
4215 1 664
4222 1 618
4226 1 770
4230 1 615
4248 1 1366
4258 1 2240
4286 1 1188
4356 1 3544
4368 1 4832
4373 2 4212
4417 1 4384
4419 1 920
4422 1 2597
4423 1 1170
4473 1 2419
4594 1 1355
4599 1 1293
4613 1 1374
4615 1 3920
4624 1 235
4630 1 764
4645 1 2574
4681 1 685
4695 1 458
4709 1 2954
4719 3 1062
4755 1 1016
4771 1 4349
4798 1 922
4802 1 845
4838 1 5657
4861 2 2242
4901 1 26
4905 2 7440
4906 5 8000
4907 5 8001
4908 5 8001
4909 2 4646
4910 2 4646
4911 2 4646
4912 3 7415
4915 2 4855
4916 2 4839
4917 5 4602
4918 4 2282
4919 4 2024
4948 1 3561
4950 1 3067
4969 1 1272
5066 1 521
5082 1 545
5127 1 1687
5171 2 897
5172 2 897
5189 1 3419
5201 1 934
5226 1 1123
5247 1 6498
5259 1 6380
5261 1 773
5272 1 1109
5277 1 1640
5289 1 660
5292 1 1284
5321 1 1222
5334 1 906
5386 1 1742
5393 1 1000
5396 1 6921
5399 1 383
5405 1 2643
5412 1 1515
5420 1 1911
5423 1 801
5432 2 1749
5437 1 2435
5454 3 6641
5465 1 1292
5499 5 44062
5502 1 977
5532 3 730
5543 1 747
5544 1 1382
5613 1 1513
5629 1 641
5654 4 1031
5658 1 1556
5789 1 2097
5799 1 1090
5816 1 886
5832 2 54
5847 1 551
5849 1 759
5867 3 5884
5910 1 1668
5936 1 3330
5944 1 2113
5952 1 642
5989 2 983
5993 1 1055
6014 1 3067
6071 2 1552
6119 1 489
6151 2 6692
6183 1 2719
6289 1 1534
6336 2 3254
6337 1 3747
6351 1 1596
6356 2 1705
6361 2 4951
6579 1 4887
6581 1 721
6583 3 7454
6638 1 1121
6748 1 533
6751 1 1332
6904 1 1029
6992 2 1337
7002 1 6389
7011 1 925
7017 6 423
7053 1 1076
7055 1 2879
7062 1 3124
7121 1 3511
7284 1 3123
7290 2 855
7429 1 1504
7483 1 416
7491 1 7708
7531 1 1102
7567 1 1218
7570 2 9650
7580 2 9484
7595 1 1030
7612 1 623
7673 1 4544
7701 1 1565
7740 2 1213
7745 1 1512
7757 1 2005
7761 1 1037
7767 1 3013
7768 1 1818
7771 1 1607
7773 2 7884
7786 1 2135
7802 1 1216
7885 1 2709
7942 1 2590
7946 3 403
7947 1 511
7953 2 2188
7972 2 2206
7982 1 1453
8022 2 7719
8089 5 20930
8093 1 20088
8109 1 2224
8139 1 4927
8146 1 1848
8188 1 1754
8204 1 4600
8238 1 1131
8248 1 1171
8263 1 2493
8277 1 1119
8278 1 2385
8293 2 3686
8297 3 12133
8306 1 1820
8312 1 3567
8382 8 19553
8393 1 3193
8409 1 3217
8418 1 501
8421 2 1142
8461 1 2678
8463 1 2137
8544 1 856
8550 2 1456
8571 1 2786
8575 1 1694
8608 2 971
8611 1 869
8625 1 1063
8642 2 1636
8650 2 9126
8735 1 882
8737 1 1659
8751 1 1100
8817 1 1005
8818 1 456
8827 1 6533
8834 1 782
8843 1 812
8896 1 1087
8906 1 1134
8913 2 12589
8938 1 1527
8983 1 1450
9006 1 34059
9009 1 472
9073 3 1275
9095 1 529
9203 1 3221
9206 1 3079
9296 1 1359
9305 1 977
9315 2 966
9316 2 4281
9322 1 259
9329 1 908
9330 1 751
9382 1 1609
9392 1 768
9403 1 3133
9425 1 1245
9446 1 6689
9463 1 3203
9471 1 2467
9513 1 2653
9545 2 4422
9546 1 674
9548 1 3267
9560 1 1447
9635 1 741
9638 1 310
9639 1 1016
9663 1 2530
9668 1 1757
9702 4 2473
9713 2 1813
9717 1 950
9741 1 1815
9789 1 4274
9795 3 6831
9796 3 6203
9798 1 2651
9800 1 3911
9806 1 6009
9840 1 1435
9870 1 1026
9891 1 2022
9921 1 637
9936 1 2878
9954 1 3197
9999 1 703
10067 1 2395
10082 1 931
10097 2 1553
10101 4 12486
10107 1 1234
10122 1 2093
10144 3 3206
10216 1 995
10231 3 9229
10246 1 1140
10248 1 741
10249 1 1601
10275 1 1016
10278 2 2690
10325 1 1466
10344 1 2552
10346 3 1363
10354 1 652
10359 1 970
10377 2 2603
10386 1 475
10387 1 297
10393 1 2415
10441 1 575
10457 1 1648
10489 1 1420
10507 1 730
10539 1 1985
10591 4 7784
10628 1 1516
10656 1 3117
10670 1 1360
10685 1 2839
10749 2 2979
10752 1 1467
10804 1 795
10808 1 6608
10864 1 2401
10894 3 1184
10906 1 7912
10940 5 7910
10949 3 4327
10952 1 966
10961 2 1006
10978 1 1405
11061 1 1473
11077 2 1084
11104 1 858
11106 2 713
11131 2 4066
11141 1 2089
11248 2 11766
11249 3 5195
11258 1 1346
11259 1 1202
11294 1 744
11298 1 749
11363 1 8263
11369 1 3826
11388 2 2085
11442 1 1013
11469 1 1277
11477 1 1672
11503 1 2514
11564 1 2793
11581 1 280
11590 1 1805
11604 1 1010
11606 2 1638
11627 1 1347
11629 1 1114
11661 1 1125
11703 1 666
11704 2 759
11720 2 571
11853 1 375
11854 1 3272
11864 7 823
11889 1 1623
11890 1 963
11949 1 3637
11967 2 4440
11985 1 2269
12109 2 5974
12171 2 5724
12173 1 716
12192 1 510
12211 1 4041
12222 3 2012
12252 1 987
12300 1 1761
12311 1 2392
12325 1 188
12326 1 4527
12337 1 444
12365 3 8585
12366 1 2385
12367 2 9446
12376 3 834
12398 1 582
12422 1 1571
12430 1 1737
12495 9 3368
12496 1 1055
12526 1 21005
12574 1 869
12601 1 3000
12620 1 610
12627 2 4932
12628 1 1841
12630 1 1046
12674 1 6435
12701 3 7084
12712 1 2391
12737 1 669
12747 1 3912
12751 1 5083
12753 1 3395
12757 1 1946
12765 2 2402
12783 1 4316
12786 1 7289
12814 5 46677
12827 1 1123
12871 1 1331
12906 1 2925
12936 1 885
12962 1 560
13058 3 11569
13060 2 3460
13122 1 8864
13153 1 1159
13156 1 3209
13157 1 3217
13158 1 2677
13172 1 1025
13226 1 4464
13229 1 3224
13238 1 877
13246 2 1368
13247 1 902
13254 1 564
13255 1 828
13266 1 1854
13313 1 1497
13315 2 1614
13334 1 1410
13336 2 2457
13340 1 1166
13343 5 5631
13374 1 2277
13375 1 3891
13378 1 224
13402 1 1313
13433 1 4168
13461 1 649
13463 1 3262
13470 1 2696
13475 1 2437
13479 1 5487
13486 4 7532
13508 1 6492
13518 8 16194
13520 2 4296
13565 1 2701
13566 1 649
13572 1 876
13575 1 2070
13577 2 805
13617 1 2513
13618 6 28398
13643 1 1259
13647 1 1776
13669 1 1253
13711 1 4824
13794 2 1111
13803 2 1542
13814 1 675
13817 2 1390
13826 1 1442
13830 1 968
13846 1 1850
13852 1 875
13860 1 460
13863 2 3445
13893 1 755
13901 2 4255
13927 1 817
13928 1 4471
13933 1 1767
13936 1 3277
13960 1 1096
13967 1 799
13994 4 844
14000 1 859
14005 2 5769
14029 1 1120
14051 1 864
14053 1 1354
14067 1 1216
14080 2 51830
14082 1 888
14083 1 507
14168 2 922
14212 3 12149
14262 1 844
14263 1 1981
14292 2 11958
14302 1 2269
14429 2 2422
14442 1 583
14447 1 406
14448 1 511
14456 1 1069
14472 1 1594
14474 1 3842
14482 1 4658
14488 1 599
14495 1 266
14500 2 1554
14510 2 6161
14512 5 2539
14520 1 7541
14536 1 1661
14561 1 3007
14596 1 2342
14610 1 1074
14650 1 1209
14657 1 603
14658 1 3354
14660 2 1279
14674 1 1627
14675 2 1701
14721 3 4901
14723 1 4899
14724 1 5113
14732 1 798
14766 1 964
14773 3 4394
14779 1 3250
14827 2 2870
14830 4 8170
14831 4 8171
14832 4 8172
14833 2 7321
14842 1 897
14843 1 896
14880 1 1431
14887 1 5014
14956 1 53
14994 1 1165
14995 1 1056
15020 1 913
15028 1 4600
15035 1 983
15039 1 1513
15050 1 1758
15102 3 1625
15129 1 1527
15130 1 537
15136 2 875
15277 1 1372
15293 1 5587
15301 1 5730
15310 1 3417
15468 2 1078
15494 1 809
15500 1 1215
15512 1 2017
15571 1 3116
15575 1 3094
15584 1 996
15604 1 727
15645 1 701
15658 1 2847
15662 1 2550
15736 1 3238
15807 1 772
15813 1 1072
15814 1 1001
15826 1 1438
15833 2 1583
15844 1 1278
15849 1 1972
15855 1 547
15871 1 677
15937 2 2165
15957 2 8025
16008 1 6422
16021 1 1876
16044 1 3747
16054 1 830
16084 1 842
16094 1 3553
16103 1 1875
16114 1 1601
16166 3 1359
16171 1 1004
16178 2 4155
16179 1 763
16197 1 2078
16207 1 640
16221 2 1793
16237 1 2746
16250 1 1198
16257 2 6019
16258 4 7609
16260 2 4783
16270 1 2905
16316 3 3859
16322 1 2378
16337 1 1008
16341 1 9421
16343 1 826
16403 1 2270
16433 1 2178
16486 2 3020
16489 2 4179
16490 1 4549
16492 1 3998
16496 1 5161
16499 1 1594
16540 2 2127
16562 2 1204
16588 1 1592
16590 1 3144
16592 1 2447
16616 3 203
16634 1 1294
16642 1 2366
16707 2 2965
16719 1 3541
16722 1 5137
16748 1 3753
16767 1 3326
16780 1 2693
16798 1 2575
16799 1 3514
16800 1 2525
16802 1 2436
16809 2 1881
16827 1 1151
16833 2 255
16836 1 4094
16843 4 15992
16844 1 2540
16845 1 8711
16847 1 1048
16850 1 4537
16887 2 2199
16893 6 5510
16897 1 1979
16932 2 4752
16942 1 12267
16945 1 901
16952 5 7998
16991 1 1092
17005 1 2314
17010 2 3499
17017 1 1106
17027 2 6203
17028 1 1380
17040 1 3349
17072 1 1836
17073 1 1801
17075 1 961
17100 1 3005
17108 1 2260
17113 1 4319
17114 3 6140
17138 1 2150
17161 1 582
17162 1 675
17178 1 4206
17195 1 2000
17205 1 1800
17216 1 1476
17248 1 2188
17252 1 2637
17262 1 3246
17284 1 1040
17285 2 1239
17326 1 951
17328 1 1138
17351 1 4853
17352 2 5098
17363 1 2096
17417 1 1434
17442 2 3953
17458 3 10296
17501 1 2505
17504 1 2199
17505 2 5120
17555 2 14925
17567 2 597
17570 4 5402
17574 1 904
17576 1 818
17579 1 471
17594 1 509
17595 1 963
17599 2 4342
17638 3 6007
17651 1 3602
17653 1 5954
17655 5 1980
17669 1 5167
17670 1 5050
17714 1 730
17731 1 800
17758 5 28986
17761 1 2572
17788 1 2252
17793 1 2999
17816 1 2870
17818 1 4410
17826 1 448
17848 1 2460
17849 1 1534
17869 1 7948
17875 1 507
17904 2 6041
17914 1 844
17918 2 604
18004 1 5488
18034 1 3151
18073 1 967
18104 1 1218
18132 1 1192
18133 1 835
18146 1 5814
18147 1 763
18153 1 3810
18164 1 1451
18288 1 4353
18321 1 326
18341 1 768
18342 1 973
18350 1 1610
18353 1 1350
18372 1 1808
18373 1 1926
18382 1 886
18384 1 1261
18385 2 6531
18420 1 1885
18423 1 616
18439 1 706
18453 1 845
18479 1 962
18486 1 1075
18525 1 867
18568 1 1372
18581 1 3194
18593 1 897
18629 1 860
18653 1 4815
18658 1 1985
18686 1 3449
18701 1 2590
18704 2 1305
18741 1 3106
18779 1 2121
18797 1 3696
18848 1 289
18852 1 640
18853 1 1536
18879 1 3453
18881 1 2780
18933 2 6035
18965 3 20789
18967 2 13159
18977 1 1536
18986 1 508
19004 2 7776
19021 1 1100
19023 1 2348
19045 1 3919
19059 1 838
19061 1 2713
19079 6 16454
19080 1 797
19086 3 2849
19088 1 938
19092 1 2849
19093 1 3292
19094 1 3568
19123 4 1226
19149 1 1238
19180 1 2589
19189 2 848
19194 1 5424
19227 1 757
19309 2 2189
19311 1 537
19372 1 1825
19377 1 1170
19404 1 1932
19495 2 3545
19501 1 1047
19502 1 2113
19504 1 6279
19545 1 9624
19559 1 6375
19560 1 8071
19563 1 5781
19570 2 2209
19583 1 769
19648 2 287
19656 1 5073
19664 3 4781
19669 1 1039
19676 1 1224
19678 3 6792
19680 1 5229
19685 3 4688
19698 1 1249
19700 1 609
19703 1 570
19707 1 1040
19723 1 809
19805 1 684
19818 1 4232
19820 1 856
19821 1 646
19831 1 1394
19836 1 719
19842 1 2475
19863 1 1885
19870 1 1995
19874 1 1603
19883 1 5667
19886 1 1995
19894 1 2667
19895 1 3842
19896 1 4758
19899 2 6214
19909 1 1003
19935 1 1523
19945 1 1525
19984 1 3052
19985 1 8977
20000 1 2428
20017 1 5287
20030 1 4962
20057 1 5239
20075 1 55
20076 1 61
20164 1 1062
20183 1 1575
20195 1 1396
20198 1 507
20200 7 30304
20253 1 1358
20263 1 3682
20310 2 4111
20416 2 1496
20422 1 12210
20432 1 2495
20434 1 2324
20576 1 903
20617 1 1245
20641 3 2659
20660 1 777
20663 1 2969
20677 2 8655
20678 1 4807
20680 1 2816
20684 1 12924
20706 1 8010
20707 5 35797
20708 1 24696
20710 2 6801
20733 1 593
20748 1 900
20758 2 1375
20789 1 916
20804 1 1029
20806 1 1566
20808 1 1960
20811 1 4558
20831 1 5707
20833 2 5441
20856 1 1576
20916 1 2792
20928 1 1673
20937 1 3666
20938 1 3851
20981 1 4198
21022 1 189
21035 3 207
21040 3 175
21047 1 798
21071 1 784
21081 1 1093
21084 1 1596
21092 1 1053
21100 1 1816
21101 1 2647
21111 1 715
21157 1 1251
21174 1 1423
21200 1 3347
21206 2 355
21236 1 1372
21261 1 1730
21266 2 4449
21283 1 1603
21296 1 476
21299 2 9163
21317 1 2286
21318 2 7108
21325 1 1030
21357 3 5683
21372 1 553
21391 3 4613
21394 1 258
21411 1 3667
21430 1 3084
21483 1 816
21484 1 1764
21492 2 1466
21503 6 13267
21527 1 6412
21533 1 1795
21536 1 2487
21542 1 37742
21550 1 688
21559 1 1049
21632 2 2786
21637 2 10855
21644 1 11884
21648 1 6487
21653 1 1859
21662 1 3618
21688 1 2146
21695 1 1941
21702 1 3125
21729 1 789
21734 1 245
21735 1 1028
21758 1 2344
21809 1 1129
21814 3 4204
21829 1 407
21836 1 762
21840 2 6308
21890 1 2113
21900 1 1945
21903 1 3153
21910 1 1846
21915 1 1773
21943 1 2866
21953 1 1123
21960 2 7778
21992 1 1844
22024 1 1137
22034 1 1880
22040 1 681
22052 1 1487
22060 1 1495
22063 3 1399
22079 1 5115
22092 1 8456
22093 2 10393
22115 1 2632
22170 1 534
22216 5 13756
22219 1 1236
22428 2 3769
22429 1 997
22453 3 1650
22456 2 1938
22469 1 912
22498 1 2128
22536 1 3918
22547 1 5064
22591 3 2289
22598 1 1298
22599 1 2198
22606 1 253
22626 1 843
22638 1 1125
22775 2 940
22908 1 2390
22922 1 2658
22924 1 3942
22945 1 2400
22946 1 2519
23015 1 1253
23019 1 726
23073 1 934
23126 1 2676
23146 1 825
23149 1 916
23191 4 169
23224 1 1079
23283 1 4182
23295 1 380
23373 1 1729
23408 1 5715
23468 2 1323
23489 1 7818
23514 2 8145
23520 1 442
23524 1 857
23525 2 3680
23588 2 2167
23644 1 2056
23671 2 7612
23688 1 2643
23696 1 4960
23720 1 1499
23733 1 2720
23765 2 11324
23829 2 8025
23908 1 854
23984 1 181
23989 1 421
24006 2 3059
24021 3 655
24093 2 4836
24097 1 3411
24119 2 14616
24133 1 411
24179 2 482
24186 1 1580
24228 1 1329
24244 1 1387
24245 1 346
24254 1 4321
24275 1 852
24308 2 1167
24358 1 710
24366 1 875
24458 1 1043
24462 1 8468
24463 1 1344
24506 2 7516
24535 1 180
24559 1 1044
24561 3 3084
24573 1 2513
24612 1 1430
24616 1 6643
24618 1 1160
24624 1 1145
24666 1 3571
24673 1 627
24678 1 547
24700 1 834
24707 1 2560
24717 2 1067
24747 2 5509
24750 1 6415
24789 1 4093
24803 2 5803
24807 1 3878
24840 1 9627
24849 1 4735
24882 4 8171
24883 4 8171
24884 2 7321
24885 2 7349
24886 3 7415
24887 3 7415
24888 3 7415
24896 2 4879
24897 5 4588
24898 5 4667
24899 3 3770
24900 4 2275
24901 4 2275
24902 4 2275
24927 1 1019
25062 1 1262
25113 1 819
25157 1 771
25160 1 3316
25177 1 1136
25195 1 1073
25238 1 705
25277 1 1839
25282 1 1395
25306 1 1017
25334 1 547
25430 1 1037
25459 1 1129
25487 1 2868
25490 1 4592
25520 1 986
25530 1 1188
25542 1 2369
25545 2 2403
25553 1 3595
25555 1 3167
25594 1 1893
25595 1 1880
25656 2 4885
25665 2 1741
25690 1 635
25773 1 358
25783 1 3260
25891 1 2054
25974 1 732
26071 1 694
26134 1 344
26161 1 14248
26195 1 1803
26212 2 890
26239 1 1707
26241 1 5926
26245 1 884
26289 1 435
26350 1 721
26353 2 1541
26358 1 830
26365 1 814
26375 1 791
26411 1 2625
26431 1 2088
26449 1 7560
26465 1 1529
26480 2 2573
26498 5 32423
26507 2 4226
26586 3 2458
26631 1 8025
26641 3 4691
26673 1 1184
26676 1 631
26688 1 4422
26716 1 1488
26781 1 578
26800 1 1401
26864 1 1066
26874 1 555
26876 1 281
26891 3 2493
26898 1 469
26901 1 1096
26917 1 1554
26944 1 2864
26980 1 1029
27036 2 6909
27135 1 1071
27180 1 552
27191 1 2750
27204 1 1300
27275 3 1290
27289 2 1901
27300 1 2411
27409 1 4419
27412 1 1992
27424 1 816
27520 1 3462
27567 1 1101
27586 1 2066
27597 1 404
27662 1 621
27677 1 765
27711 1 662
27808 2 2245
27851 2 5844
27852 1 5540
27853 3 3446
27859 1 1040
27860 1 1041
27861 1 1009
27876 1 1111
27883 1 4980
27937 1 893
28008 1 1268
28041 1 2090
28043 1 1906
28048 1 1522
28091 1 2614
28103 1 5130
28117 1 2403
28124 1 1275
28132 1 1353
28155 1 362
28202 1 1911
28203 1 1911
28204 1 1911
28257 2 3449
28259 2 6624
28261 2 11790
28266 1 1597
28272 1 1115
28314 1 1247
28446 4 9326
28457 2 5857
28458 2 5864
28459 1 5561
28460 1 5545
28462 1 1040
28463 1 1008
28464 1 1082
28465 1 1008
28471 3 1574
28480 3 1670
28486 1 1421
28491 1 4917
28639 2 2821
28640 1 1389
28698 1 2256
28739 1 1791
28772 1 1602
28788 1 419
28797 2 3851
28811 2 1831
28826 1 2041
28828 1 1306
28838 1 3316
28866 1 1774
28877 1 705
28879 1 773
28884 1 1347
28923 1 500
28951 4 4581
28959 1 1911
28960 1 1911
28961 1 1911
28962 1 1911
28963 1 1911
28964 1 1911
29048 1 1451
29079 1 486
29085 1 313
29132 1 1023
29138 1 673
29139 1 1025
29195 2 857
29349 2 2088
29387 1 2788
29402 1 1186
29416 1 1065
29418 1 3556
29429 1 1618
29508 1 2855
29529 1 4211
29557 7 7051
29602 1 764
29611 1 814
29625 3 10200
29629 1 1492
29648 1 8110
29684 2 1867
29716 1 971
29721 3 6842
29722 3 9450
29790 1 1023
29803 1 2905
29856 1 1766
29868 1 2187
29871 1 771
29883 1 1156
29884 1 3052
29887 1 3070
29890 1 438
29892 1 947
29967 1 953
29985 1 604
29991 35 10803
30045 1 399
30065 1 1794
30077 1 3556
30081 1 1275
30137 1 5022
30139 1 856
30176 1 416
30192 1 1145
30211 2 3859
30273 2 2533
30280 1 1400
30284 1 1020
30300 1 6017
30325 1 1728
30352 1 5973
30369 2 2927
30373 1 937
30483 3 2924
30519 3 5484
30573 1 2812
30606 2 2666
30619 1 948
30650 1 994
30702 1 1182
30709 1 739
30820 1 2711
30846 1 2865
30870 1 2859
30911 1 821
30920 2 911
30953 1 4469
30959 1 394
30964 1 1304
30973 2 7204
31045 6 24677
31058 1 3446
31069 1 735
31095 1 1243
31105 1 989
31147 1 1461
31181 1 234
31212 1 906
31222 1 644
31257 1 1242
31264 1 1761
31292 1 1061
31320 1 2381
31337 1 5832
31355 3 5480
31378 1 1060
31406 1 3326
31448 1 3221
31516 1 1397
31518 1 5634
31549 1 487
31560 1 2403
31621 1 412
31694 3 3337
31736 1 1926
31744 2 7219
31760 1 1909
31800 1 825
31821 1 4061
31827 1 344
31829 3 14263
31835 2 2763
31843 1 1841
31851 1 591
31859 1 1265
31868 1 1596
31930 1 4739
31949 2 6125
32022 1 463
32034 1 1185
32124 1 1277
32238 2 4115
32287 1 3033
32290 1 3009
32294 1 3074
32301 1 3186
32326 1 1541
32329 1 5073
32366 1 3530
32374 2 3413
32426 2 3386
32472 1 1402
32489 1 784
32491 1 6991
32565 1 1204
32570 1 1155
32581 1 1008
32654 1 45225
32659 2 1206
32661 1 244
32666 1 2788
32687 1 1255
32694 1 2647
32695 1 1641
32743 1 1903
32751 1 1482
32836 1 711
32886 1 425
32958 1 1960
32972 1 11367
32986 1 3067
33076 1 1741
33078 1 5728
33080 1 2203
33091 4 10334
33172 1 511
33188 4 10275
33206 1 858
33240 3 9576
33257 2 996
33277 1 2857
33283 1 621
33286 2 1992
33294 1 1429
33296 1 489
33329 1 2558
33334 1 2979
33335 1 9267
33343 1 165
33392 2 753
33447 1 975
33466 2 1113
33469 2 910
33470 1 1076
33475 2 5068
33489 1 1302
33494 1 11341
33495 1 2452
33506 2 364
33582 1 1466
33590 1 3769
33607 1 1916
33629 1 1200
33651 1 315
33706 3 872
33741 1 787
33751 1 3258
33752 1 1225
33755 1 694
33759 1 931
33760 1 616
33769 2 975
33770 2 975
33786 1 3235
33798 1 1847
33847 2 7078
33876 1 1623
33909 1 1260
33915 1 545
33917 1 1937
33939 2 3908
33951 1 1198
33953 1 719
33955 1 3773
33956 1 598
33977 1 2001
34016 2 1873
34018 1 792
34029 3 3971
34037 1 3652
34039 5 23394
34059 4 1599
34085 1 4021
34090 1 2456
34141 1 1487
34177 1 1899
34182 2 512
34222 2 3470
34289 1 2981
34291 1 1443
34298 1 6813
34311 1 1306
34317 1 360
34351 1 2425
34394 3 8616
34398 1 1634
34413 1 545
34432 1 512
34440 1 2290
34442 1 1260
34445 1 2643
34478 1 1361
34535 2 3465
34536 1 1429
34549 1 354
34551 1 992
34552 1 2327
34556 2 2148
34561 1 870
34583 1 4980
34633 2 1016
34634 2 1126
34661 1 22673
34682 1 1585
34696 3 2011
34749 3 1894
34779 1 2859
34781 3 4211
34792 1 862
34795 4 4142
34811 1 612
34861 1 4582
34901 1 18201
34905 1 1534
34938 1 5944
34986 2 1778
35037 1 993
35069 2 3840
35151 2 4287
35162 6 1127
35170 1 1948
35182 1 13213
35252 1 424
35313 3 100
35340 1 4545
35358 1 1042
35387 1 4967
35391 1 624
35398 1 4556
35399 1 6478
35421 1 591
35524 2 2484
35527 1 818
35528 2 954
35529 1 1080
35548 1 1681
35622 1 192
35625 3 190
35660 7 1256
35662 1 3127
35679 1 1197
35743 3 4461
35763 1 1308
35771 1 5813
35798 1 1407
35857 1 1888
35887 1 4260
35897 1 182
35904 1 1088
35909 1 3424
35929 1 1123
35945 1 2222
35967 1 1072
35971 1 1028
35985 1 905
36042 2 6053
36044 1 581
36051 2 3640
36090 1 1149
36100 2 3371
36109 1 12698
36135 2 1001
36151 1 442
36177 4 2374
36224 1 979
36238 1 1023
36280 1 708
36291 2 4374
36389 1 6107
36390 1 6107
36391 1 7515
36397 1 8678
36398 1 8678
36399 1 1236
36400 1 1236
36401 1 1236
36403 1 2989
36404 1 2989
36405 1 2989
36414 1 3031
36415 2 4207
36440 1 2527
36443 1 1970
36477 1 1527
36497 1 1543
36498 2 8241
36552 1 1625
36556 1 355
36559 1 2030
36603 1 1068
36614 1 2919
36732 5 18263
36753 1 993
36792 1 1806
36797 1 6365
36812 1 1385
36860 1 879
36882 1 6259
36926 2 888
36945 1 21910
36956 2 4551
36963 1 916
36965 1 189
37038 1 1290
37072 1 2165
37074 2 3457
37076 1 845
37124 1 815
37135 1 956
37187 1 3415
37216 1 1659
37284 2 2087
37325 3 5474
37335 2 4505
37368 1 1160
37388 1 936
37409 1 2886
37423 9 13622
37427 2 7481
37429 1 776
37432 1 1132
37436 1 9722
37454 4 8351
37474 1 732
37489 1 991
37502 2 1948
37565 1 1282
37567 1 2983
37607 1 1334
37657 1 1079
37661 1 5314
37686 1 2096
37687 1 753
37692 1 1697
37696 1 1183
37712 1 8990
37714 2 2598
37726 1 1722
37747 1 4991
37889 1 4249
37932 5 17484
37948 2 900
37964 1 2710
37986 2 3131
38012 1 1140
38019 1 1935
38059 4 1549
38071 1 743
38157 1 3920
38160 1 549
38171 1 1510
38189 2 3745
38199 1 2577
38200 2 3117
38201 1 1043
38210 1 1326
38231 2 1012
38294 1 1860
38384 1 314
38405 1 2475
38407 1 1761
38411 1 2671
38441 1 3038
38456 1 758
38532 1 608
38542 1 2357
38544 1 343
38557 1 10387
38564 1 4067
38578 1 870
38586 1 3019
38587 1 806
38604 1 707
38621 1 888
38634 1 738
38640 1 1038
38669 1 878
38685 1 2596
38712 7 9962
38765 1 616
38773 1 1344
38778 1 3309
38794 1 2594
38796 3 3677
38812 2 2023
38814 1 1811
38851 1 4217
38910 1 7766
38928 1 2507
38947 1 1466
38976 2 3085
38979 1 1182
39018 1 1936
39054 1 1497
39068 1 6017
39084 3 4248
39085 2 4795
39100 1 157
39124 1 490
39136 1 1787
39148 1 4610
39174 1 2046
39264 2 7187
39277 1 2053
39278 1 5705
39279 1 5440
39283 1 2198
39311 1 2070
39313 1 2054
39317 1 402
39318 1 2523
39321 1 1371
39329 5 32477
39341 5 9083
39401 1 3431
39427 1 377
39431 1 836
39456 1 1320
39467 1 976
39469 1 1674
39487 1 910
39501 2 2201
39537 1 1083
39588 2 6063
39615 1 1113
39695 1 3613
39790 1 720
39797 1 2288
39800 1 1463
39938 1 773
39941 1 545
39954 1 666
39978 6 30166
40039 1 653
40059 1 938
40082 1 1394
40094 2 963
40113 7 2948
40131 1 5534
40140 1 1076
40156 1 551
40161 2 941
40225 2 1682
40229 1 744
40287 3 10480
40296 1 1209
40320 1 7910
40334 1 965
40352 1 1634
40363 1 478
40382 2 2344
40392 3 1557
40400 1 2099
40401 1 2725
40407 1 2371
40447 1 3358
40478 1 377
40481 3 1509
40530 1 1636
40534 1 4269
40538 3 14088
40552 1 4962
40567 1 875
40579 1 4144
40580 7 1410
40586 1 8741
40630 1 5684
40637 1 7547
40648 1 7183
40657 1 850
40668 1 3116
40820 1 4100
40829 5 3054
40897 1 2888
40898 1 2825
40914 1 583
40924 1 666
40926 1 4236
40944 2 5673
40959 1 5445
40986 1 693
41090 1 911
41123 1 2499
41131 1 4182
41162 1 1960
41238 1 4035
41298 2 756
41308 1 908
41328 1 3986
41439 2 2390
41537 1 1041
41541 1 1241
41605 1 996
41645 2 348
41672 1 1500
41674 1 4187
41718 1 779
41759 1 1680
41853 1 4530
41861 1 496
41936 2 2170
42005 2 1442
42007 1 689
42009 1 3192
42020 1 2292
42025 1 9933
42027 1 465
42049 1 2797
42085 2 6194
42116 2 1185
42129 1 4735
42150 1 2706
42161 1 9423
42182 1 2436
42261 3 6604
42283 1 2025
42290 1 3287
42304 1 1726
42306 1 846
42309 1 5367
42372 3 915
42374 1 1702
42379 1 684
42427 1 579
42430 1 727
42435 2 1158
42469 1 1089
42477 1 1308
42488 1 517
42555 2 2440
42557 1 2920
42580 3 8665
42640 1 12636
42676 1 1415
42679 1 6107
42680 1 6107
42763 3 6680
42767 3 8035
42769 2 8334
42774 2 5633
42816 1 1087
42823 1 2264
42845 1 1246
42849 1 792
42860 1 1162
42884 1 1169
42912 3 1943
42922 1 1156
42930 1 608
42949 1 2799
42967 1 1104
43022 2 798
43026 1 1259
43037 1 1001
43120 1 815
43229 2 8025
43245 1 2907
43337 1 884
43358 1 372
43359 1 409
43388 1 576
43446 5 8554
43477 5 22611
43480 1 672
43485 4 271
43519 2 1593
43532 1 1790
43535 1 1147
43538 2 2943
43551 1 1826
43582 1 2029
43632 2 1125
43659 1 1360
43661 1 1148
43727 2 428
43730 1 1965
43785 1 2976
43789 2 1442
43804 1 3750
43921 2 9448
43943 2 2720
43965 1 555
43999 1 5400
44036 1 117
44059 1 1070
44061 1 796
44081 1 4117
44099 2 1566
44105 1 2359
44122 2 1272
44125 1 6435
44127 1 904
44129 1 1404
44130 1 6601
44157 1 2662
44168 1 1371
44218 3 6003
44247 1 2369
44253 1 2425
44286 3 5425
44317 1 1018
44330 1 696
44362 1 3685
44372 1 5509
44375 1 501
44423 3 2828
44430 1 967
44455 1 1628
44461 1 1688
44478 1 1098
44483 1 875
44543 2 691
44571 1 428
44580 1 936
44582 1 1156
44707 3 6048
44728 1 1580
44775 1 2616
44787 1 1714
44810 1 640
44812 1 1515
44830 3 458
44859 1 1784
44876 1 3240
44925 1 3438
44927 1 2922
44937 1 1292
44954 1 8549
45085 1 668
45096 4 6217
45159 1 13537
45163 1 1509
45166 1 2013
45208 1 1331
45232 3 1922
45251 1 2817
45269 1 995
45319 1 1413
45332 1 1739
45364 1 1314
45440 1 529
45461 1 892
45581 2 8025
45610 1 1452
45622 1 1477
45624 1 632
45676 1 11251
45701 1 743
45704 1 1557
45709 1 1143
45788 2 709
45826 3 8235
45846 1 1458
45859 4 21421
45937 1 465
45956 1 4392
45971 2 1186
45974 1 1051
45988 1 561
45998 3 1047
46034 1 865
46050 1 188
46076 1 1687
46085 1 745
46087 1 1968
46089 1 844
46109 1 1702
46129 1 631
46140 1 1373
46147 1 2188
46209 1 842
46277 1 4798
46289 1 4086
46307 2 833
46341 1 792
46378 1 6175
46388 14 81863
46432 2 3117
46433 1 595
46443 2 518
46486 1 741
46519 1 5448
46528 1 1148
46547 1 1295
46550 1 1512
46551 2 8597
46558 1 532
46560 1 1151
46564 1 1709
46565 1 787
46584 1 460
46591 2 1721
46613 1 649
46698 1 1272
46707 1 1302
46749 1 6951
46751 1 878
46777 1 3791
46780 1 1725
46794 1 1731
46807 1 977
46808 1 976
46809 1 883
46851 1 851
46893 3 1066
46902 1 604
46940 1 1893
46949 1 754
46983 2 4196
47004 2 939
47033 1 554
47065 2 1172
47075 1 1834
47095 1 6494
47119 1 729
47133 1 1102
47139 2 6464
47151 3 5857
47160 1 4319
47190 3 1899
47199 2 3686
47205 2 1857
47222 3 500
47259 1 849
47287 1 1282
47377 1 1217
47379 1 940
47400 1 953
47443 1 1833
47548 1 1393
47559 2 11224
47617 1 737
47651 1 3064
47659 1 3727
47681 2 611
47755 1 670
47770 1 929
47782 1 625
47783 1 327
47814 1 1518
48078 2 11919
48126 1 1791
48127 1 1809
48133 2 2192
48180 3 25164
48217 1 6375
48232 1 847
48247 4 2933
48259 1 1198
48268 2 5058
48269 2 11120
48281 1 702
48286 1 3883
48379 1 6270
48382 2 3039
48414 1 3926
48415 1 950
48420 1 299
48421 1 301
48422 1 309
48423 1 468
48424 1 456
48440 1 1635
48450 1 1295
48467 1 2133
48470 1 2310
48489 1 2490
48501 3 3845
48506 2 1340
48508 1 1328
48532 1 626
48543 2 1485
48551 1 6659
48564 1 1430
48566 1 3055
48615 1 1003
48619 1 1429
48637 1 1584
48701 1 802
48702 1 680
48733 2 652
48746 1 1274
48751 1 1441
48772 1 2396
48779 1 3569
48818 2 3023
48823 1 2098
48834 1 616
48905 1 1954
48914 1 1166
48917 1 6627
48924 1 3784
48935 1 1249
48936 1 1159
48954 2 4360
49009 1 1183
49034 1 2025
49132 1 326
49148 1 1740
49150 2 4092
49175 2 9938
49176 1 11069
49183 1 2240
49185 1 1503
49190 1 1204
49216 1 1081
49217 1 938
49222 1 822
49234 1 861
49235 1 2114
49276 2 5599
49286 1 2335
49312 1 791
49319 1 532
49321 1 462
49323 4 5236
49343 1 1496
49352 3 2586
49355 1 1068
49367 1 2106
49383 1 828
49442 1 1338
49454 3 2489
49458 1 1916
49459 2 3328
49473 1 585
49483 1 4047
49486 1 906
49521 1 1279
49522 1 6160
49530 1 884
49600 2 1153
49609 1 1639
49626 1 1327
49680 2 5727
49693 1 608
49716 1 1286
49747 1 512
49776 1 9407
49792 1 932
49814 1 1613
49819 2 736
49844 7 6972
49850 1 950
49932 1 1098
49966 1 2862
49988 1 2850
49991 1 1914
50012 1 3608
50016 1 11583
50040 1 6696
50120 1 1661
50122 4 1979
50127 4 917
50129 1 1730
50131 1 1217
50167 4 802
50204 2 2083
50210 1 2088
50211 1 1608
50213 1 1995
50223 1 6104
50235 1 1266
50238 1 974
50246 1 1315
50283 3 1595
50288 1 2416
50293 1 2189
50300 1 436
50308 1 1115
50330 1 933
50353 1 2913
50430 2 2601
50431 2 1740
50437 1 799
50443 1 391
50444 1 331
50447 1 1637
50452 1 1778
50486 2 1889
50488 1 1982
50503 1 2290
50515 1 3053
50556 1 1044
50598 1 5177
50599 1 5431
50639 1 2175
50641 1 2091
50670 1 1366
50672 1 2381
50722 1 3030
50747 1 1378
50755 1 3965
50766 1 1255
50771 1 1277
50777 1 1369
50813 1 1092
50852 2 3288
50866 1 2623
50878 1 923
50888 1 2791
50978 1 1544
50983 2 16660
50989 1 3307
50994 1 1421
51030 1 2989
51062 1 2206
51088 1 2484
51089 1 1317
51112 1 1214
51120 1 2116
51149 2 3086
51160 1 2041
51177 1 2704
51290 3 6381
51291 1 1801
51300 1 603
51428 1 327
51429 1 327
51494 1 905
51516 1 4186
51571 2 1053
51594 1 2007
51638 1 3650
51763 1 2149
51802 1 5283
51831 1 734
51832 1 1066
51839 3 9735
51841 2 978
51842 2 971
51843 3 6718
51858 2 3972
51878 1 714
51891 1 6407
51907 1 193
51913 1 732
51950 1 1782
51954 1 1366
51955 1 1040
51976 1 1263
51993 2 12689
52069 1 2292
52100 3 2791
52102 1 856
52146 1 10691
52183 2 1064
52199 1 2113
52213 1 3751
52223 1 1842
52228 1 3809
52284 1 1780
52290 1 3280
52301 2 8406
52326 2 3702
52332 1 432
52386 1 3359
52392 1 1061
52393 2 1450
52396 2 4756
52404 1 1285
52415 3 2114
52448 1 1816
52457 1 4403
52470 3 896
52480 2 2295
52486 2 2426
52493 1 2748
52582 1 2859
52587 1 916
52592 1 1343
52603 2 3071
52629 1 1444
52631 1 4596
52651 1 2028
52699 1 744
52709 1 1796
52720 1 2878
52727 3 4203
52792 1 1466
52804 1 4622
52913 1 193
52941 1 3400
52945 1 779
52980 2 791
53031 1 683
53034 2 2302
53036 1 1242
53090 1 791
53092 1 1626
53101 1 1846
53103 1 1051
53111 1 3883
53118 1 1138
53123 1 1339
53156 1 903
53158 5 9225
53161 1 1208
53170 1 2693
53231 1 857
53248 3 5457
53298 1 193
53337 1 3782
53346 1 1122
53350 1 1432
53359 1 2051
53425 1 881
53430 5 48057
53441 1 3363
53442 1 8599
53446 1 495
53451 2 845
53608 1 668
53621 1 968
53642 1 872
53645 1 1386
53646 1 2610
53707 1 5088
53736 2 737
53741 2 763
53766 2 1364
53778 1 4519
53780 1 3112
53839 1 1223
53888 1 5712
53890 1 3997
53891 1 3993
53892 1 3994
53895 3 1788
53896 3 1788
53897 1 1195
53898 1 1192
53899 1 1192
53900 1 1192
54093 1 4103
54095 1 1451
54106 1 1165
54157 3 5381
54160 1 1691
54177 3 672
54187 1 4739
54223 1 287
54224 2 579
54230 1 753
54244 2 1037
54291 1 1911
54292 1 1911
54293 1 1911
54306 1 2437
54349 1 12411
54375 3 5885
54399 1 5059
54405 1 981
54407 1 905
54439 1 2636
54440 1 366
54460 1 1195
54485 1 4555
54502 1 2792
54509 2 3235
54511 1 1251
54533 2 720
54549 1 1029
54564 2 3322
54572 1 1067
54619 1 10647
54636 1 1438
54645 1 908
54646 1 364
54682 1 1173
54861 1 1691
54949 1 1656
54962 2 2551
54981 1 910
55069 1 2948
55081 1 549
55094 3 12123
55099 1 1159
55116 1 1669
55122 1 4413
55157 1 1348
55316 1 951
55327 1 6079
55330 1 1014
55419 1 995
55443 1 1365
55496 2 5278
55593 1 833
55614 1 5399
55651 1 336
55673 1 1167
55698 1 730
55741 1 849
55742 2 1027
55892 1 46
55909 6 728
55919 2 3288
56014 1 1445
56038 1 1596
56046 1 800
56135 1 337
56174 3 2845
56175 1 8425
56223 1 5116
56244 1 749
56274 1 2124
56286 1 2036
56295 1 1017
56400 1 2072
56419 2 1590
56423 4 1323
56424 1 1256
56448 1 1074
56463 1 1156
56471 3 13098
56476 1 1966
56487 3 3333
56495 1 1972
56505 2 5118
56521 2 5019
56553 2 7598
56600 1 1942
56606 1 1356
56607 1 2013
56673 1 1109
56679 1 368
56703 1 2682
56735 1 2263
56778 1 340
56779 1 256
56780 1 345
56798 1 697
56802 2 8941
56807 1 780
56809 1 813
56810 1 704
56821 1 6607
56822 1 4110
56833 1 865
56839 3 8203
56884 1 1443
56895 1 3189
56961 5 7535
56969 1 1209
56975 1 1351
57188 1 824
57244 1 674
57323 1 1349
57394 1 2704
57434 1 1039
57469 1 965
57494 3 3677
57499 1 1034
57520 1 5772
57542 1 810
57620 1 3241
57621 1 3239
57622 1 3240
57643 3 8017
57652 1 1616
57653 1 697
57730 1 1998
57734 1 515
57758 1 2719
57800 1 1391
57819 1 2006
57821 1 4929
57838 1 1853
57846 3 2065
57901 1 1975
57914 1 2836
57946 1 5545
57947 1 5535
57948 1 5712
57949 1 5712
57954 1 4003
57957 3 1797
57958 3 1788
58199 3 4784
58202 2 1151
58207 1 3272
58243 1 1796
58247 8 19391
58348 1 1317
58356 1 993
58378 1 2575
58392 1 1911
58393 1 1911
58394 1 1911
58395 1 1911
58396 1 1911
58397 1 1911
58398 1 1911
58399 1 1911
58400 1 1911
58401 1 1911
58402 1 1911
58403 1 1911
58433 1 2227
58509 1 557
58747 3 1652
58756 1 680
58785 1 1085
58832 2 1304
58841 1 2975
58852 2 3464
58967 1 3481
59050 2 1865
59051 2 1868
59072 2 10092
59153 1 1086
59179 1 1184
59191 1 1085
59218 1 470
59223 1 726
59263 1 5357
59324 1 217
59348 1 10477
59395 1 1240
59414 1 1099
59416 2 2234
59418 4 9567
59423 2 13129
59430 2 3685
59452 1 1493
59478 1 1258
59479 1 2405
59574 1 1852
59627 1 4734
59630 1 5288
59632 1 2405
59633 1 4221
59636 1 2251
59642 2 3464
59647 1 1537
59655 1 1717
59658 1 572
59662 1 14951
59674 1 774
59689 1 2525
59698 1 2181
59717 1 4807
59815 1 947
59843 1 6525
59898 2 4986
59909 1 3894
59918 1 9598
59983 1 2990
59985 1 4522
59988 1 5229
60029 1 178
60030 1 10533
60031 1 2148
60066 1 4785
60116 2 1842
60118 1 1897
60133 1 1287
60185 1 1405
60200 1 1255
60234 1 909
60288 2 1474
60329 1 1634
60330 1 2281
60351 1 2113
60364 1 1138
60365 1 754
60371 1 3906
60375 1 1930
60398 1 1768
60403 2 2051
60404 1 760
60455 1 540
60477 1 1323
60505 1 2933
60507 2 4075
60515 1 924
60567 1 919
60571 1 400
60601 1 354
60678 1 3884
60705 1 410
60744 2 2509
60748 1 6845
60750 1 12275
60771 1 4604
60819 1 736
60822 2 5864
60829 1 3490
60847 1 1056
60862 1 4275
60865 1 523
60891 1 489
60990 1 968
61005 1 1679
61006 1 1253
61016 1 1771
61043 2 4069
61059 1 4559
61094 1 1747
61186 4 14302
61187 2 15707
61188 4 29700
61255 1 4815
61256 1 2242
61258 1 3684
61263 2 1798
61268 3 2756
61312 2 1301
61357 1 3441
61409 1 3387
61425 1 877
61428 2 8357
61471 1 2207
61497 2 5567
61501 1 1119
61506 1 3406
61523 1 3940
61543 1 1462
61550 1 1103
61623 1 1505
61628 1 7244
61634 1 850
61636 2 2406
61639 1 958
61664 1 3204
61668 1 11710
61694 1 3121
61717 1 765
61770 1 1373
61786 1 849
61815 1 1799
61816 1 1916
61818 1 1458
61821 1 3538
61823 1 3825
61834 3 2191
61861 1 2244
61917 1 5083
61939 1 10305
61995 1 1094
62001 1 806
62095 1 1686
62110 1 4274
62136 1 1682
62137 1 2894
62173 1 826
62204 1 8201
62217 2 1671
62229 1 7173
62243 1 3964
62258 1 2177
62293 1 2903
62299 2 7136
62304 1 1048
62310 2 3144
62311 1 2373
62318 1 2185
62417 1 11638
62425 1 959
62432 1 5539
62434 4 1233
62466 1 2353
62480 1 1959
62514 1 3635
62551 1 1119
62552 3 1225
62553 1 1227
62588 1 8596
62613 2 5274
62689 1 1217
62723 1 3363
62730 1 2960
62766 1 8596
62767 1 14162
62768 1 9553
62780 1 1770
62789 1 3394
62824 1 4199
62840 1 1377
62865 1 860
62866 1 1794
62888 1 1082
62902 2 2612
62914 1 2398
62999 1 1473
63051 2 1657
63057 1 1202
63069 1 2009
63081 1 393
63106 1 2332
63137 1 3259
63165 1 2124
63167 2 3539
63212 1 2663
63287 1 2749
63309 2 4077
63339 1 1381
63354 1 933
63356 1 1174
63380 1 689
63427 1 4477
63504 1 4125
63519 1 2160
63554 1 2850
63565 1 3099
63566 1 2589
63584 1 326
63602 2 1204
63614 1 1640
63628 1 1675
63634 2 5269
63639 1 496
63656 5 6872
63691 1 2596
63701 1 2880
63703 1 2027
63740 1 1761
63741 1 642
63788 1 3142
63836 1 3200
63848 1 504
63851 2 1757
63856 1 1512
63880 1 1289
63906 1 4261
63965 1 1353
63973 1 2472
64066 1 1206
64067 1 1210
64068 1 1224
64084 1 1486
64085 1 1615
64319 1 4532
64327 1 1214
64350 11 20899
64361 1 420
64362 1 617
64412 1 2859
64447 1 474
64507 1 1911
64508 1 1911
64509 1 1911
64539 1 837
64542 1 1329
64543 1 1339
64571 1 1943
64660 1 1433
64997 1 864
65010 2 2912
65035 1 1584
65067 2 1069
65082 1 2417
65104 1 8712
65106 1 1122
65110 2 981
65113 2 1073
65129 1 15643
65265 2 5510
65356 3 694
65399 2 3181
65403 1 1211
65405 1 1056
65421 1 3586
65422 1 747
65438 1 1287
65474 1 1571
65521 1 240
65536 1 890
65537 1 3294
65556 1 2099
65587 1 1146
65612 1 930
65650 1 702
65662 1 1443
65713 1 1940
65797 1 354
65799 1 4143
65872 1 5814
65886 1 3075
65896 1 3671
65904 1 1952
65943 1 1234
65944 1 4400
65956 1 3157
66015 1 4361
66026 2 1362
66103 2 1370
66177 1 2510
66199 1 1333
66225 1 658
66251 1 686
66310 2 8271
66321 1 691
66329 1 484
66380 3 9761
66394 1 685
66455 1 1985
66482 1 2199
66515 1 6274
66538 1 2914
66568 1 1368
66586 1 2141
66601 1 1937
66692 1 460
66729 1 821
66751 5 11896
66766 1 1240
66771 1 3499
66819 1 6321
66823 2 9403
66837 2 1559
66843 1 837
66847 1 2941
66896 1 519
66911 1 742
66915 1 4319
66972 1 3916
66994 1 2517
66999 1 1267
67028 2 2731
67047 1 2295
67063 1 817
67074 1 9837
67104 1 1228
67123 1 678
67140 3 1130
67195 2 6824
67219 1 8613
67251 1 407
67253 1 752
67266 1 4007
67268 1 915
67275 1 1069
67283 1 986
67296 1 384
67315 1 626
67317 1 930
67321 1 2010
67326 1 2402
67327 1 1861
67339 2 3088
67355 1 6043
67357 1 2331
67369 1 1336
67391 1 4824
67408 1 5567
67410 1 7180
67415 1 10077
67420 1 2247
67454 1 5854
67511 1 1130
67519 5 10460
67535 1 973
67537 1 1492
67543 3 975
67555 1 1084
67560 1 363
67614 2 1941
67619 1 2054
67623 2 1432
67626 1 1388
67632 1 1696
67636 1 811
67662 1 2616
67671 1 6735
67674 1 1995
67675 1 1974
67706 1 1416
67707 2 1942
67711 1 1600
67712 1 2699
67716 1 692
67717 1 781
67725 1 1884
67727 2 3367
67750 1 1913
67760 1 890
67803 1 932
67825 1 1677
67833 1 1022
67842 1 201
67864 1 1002
67871 1 1809
67893 1 4007
67894 1 1091
67917 3 768
67933 1 3340
67996 1 1441
68002 1 3149
68025 2 2357
68062 2 2785
68073 1 3133
68075 1 950
68091 3 10665
68092 4 8126
68116 2 4818
68117 1 4150
68118 4 3343
68119 1 6225
68120 2 7511
68135 1 361
68142 1 2271
68151 2 2465
68160 2 6120
68166 1 666
68172 1 1087
68179 1 1413
68189 2 1392
68208 1 1303
68253 1 687
68263 1 5972
68270 1 635
68288 1 630
68305 2 3491
68321 1 1535
68326 2 2529
68369 4 11195
68384 1 859
68389 1 7515
68390 1 7515
68391 1 7515
68401 1 1206
68426 1 806
68646 1 1168
68658 1 1438
68666 1 265
68695 1 562
68704 1 4902
68765 1 6394
68766 3 5324
68775 1 1181
68786 1 1076
68790 1 2859
68798 2 1805
68833 1 626
68847 1 2391
68854 1 5781
68862 1 2573
68880 1 376
68895 1 1911
68939 1 1221
68964 3 11197
69038 2 1165
69098 1 734
69296 1 66
69300 2 55
69358 1 481
69376 2 1668
69433 1 2935
69443 1 878
69509 2 5379
69699 1 810
69709 1 889
69710 2 5755
69714 1 2593
69721 1 6125
69722 1 1778
69823 1 983
69839 1 585
69862 2 937
69973 1 835
69990 2 3720
70092 1 2020
70169 2 8025
70207 1 10208
70231 2 2953
70247 1 832
70263 3 7023
70264 3 2207
70279 1 12383
70289 4 1270
70297 2 5416
70308 1 1172
70315 1 540
70349 1 1171
70377 1 5997
70380 1 6991
70406 2 1912
70435 1 3103
70442 1 4263
70458 1 611
70529 1 819
70635 1 846
70703 2 722
70749 2 6334
70838 1 1950
70855 1 5396
70870 1 2226
70877 1 1501
70881 1 1568
70890 2 2440
70929 2 6834
70936 1 1631
70954 1 6095
70987 1 1027
70991 1 2170
71008 1 1074
71050 2 3333
71078 3 9605
71085 1 623
71105 1 2599
71116 1 653
71131 2 5992
71137 1 9411
71157 1 1942
71226 1 1282
71251 1 1374
71257 1 2362
71261 1 1189
71315 1 6723
71392 1 1762
71393 1 1762
71394 1 1762
71418 1 946
71514 1 631
71520 1 1281
71547 1 4635
71548 2 2973
71576 1 374
71581 1 1913
71584 1 642
71614 1 517
71622 1 2405
71623 1 704
71663 2 998
71664 1 1342
71675 1 907
71683 1 1891
71723 1 2839
71724 1 2839
71738 1 1825
71749 1 819
71809 2 1200
71827 1 6203
71836 2 5188
71873 1 1004
71880 1 1247
71895 1 3069
71896 1 3955
71897 1 2249
71924 1 2521
71943 1 3979
71944 1 7115
71973 1 1640
71974 3 1496
71976 1 1089
71995 1 637
72023 1 772
72048 1 5014
72065 1 9229
72066 2 7004
72067 1 9227
72068 1 8137
72098 11 19912
72139 1 1020
72162 1 694
72189 1 712
72201 2 5125
72229 2 1439
72230 1 1290
72284 1 6759
72295 1 2968
72299 1 1853
72306 1 2081
72356 2 2591
72371 1 804
72382 1 4049
72411 1 3344
72432 2 1377
72437 3 8964
72455 1 1202
72498 5 11873
72519 1 1167
72549 2 1050
72550 1 1699
72575 1 929
72619 1 5216
72624 2 656
72625 1 717
72631 1 696
72650 1 6445
72682 2 1240
72736 1 1124
72768 2 894
72769 2 4944
72796 2 808
72825 2 4050
72827 1 7031
72832 1 3890
72863 1 907
72879 1 7089
72888 3 1768
72899 3 20275
72919 1 5881
72920 1 5462
72933 2 2224
72938 7 10696
72945 1 2766
72961 1 1521
72962 1 922
72973 3 3325
72982 2 5401
72992 1 861
73016 1 1141
73051 1 749
73067 1 566
73101 4 5854
73115 2 2759
73116 1 545
73159 1 907
73182 1 1485
73207 1 1418
73227 1 972
73244 1 3654
73298 1 685
73323 1 1574
73339 2 1168
73349 1 2244
73358 1 1564
73498 1 2553
73514 1 270
73516 1 906
73553 1 657
73574 2 8025
73591 1 2230
73645 1 5683
73648 1 985
73649 1 2033
73663 1 868
73773 2 1031
73799 1 6946
73907 1 2638
73931 1 2768
73933 1 1375
73934 1 820
73945 1 10857
73963 3 6843
73973 1 800
73991 1 1562
74016 2 3216
74045 3 1101
74052 1 1551
74067 1 6352
74094 1 3820
74118 1 710
74121 3 2293
74129 2 1104
74148 1 1271
74149 2 1131
74203 2 11999
74208 2 672
74222 1 1233
74266 1 839
74283 1 1036
74299 1 375
74340 1 889
74375 2 1452
74388 1 573
74401 1 1171
74435 2 2232
74517 1 1657
74519 1 5618
74572 1 8808
74575 2 2107
74584 1 1755
74590 1 1461
74605 1 6001
74645 4 6253
74665 1 2881
74679 1 1229
74707 2 4337
74708 1 4408
74736 2 2126
74746 3 5004
74774 1 725
74777 2 1991
74793 1 1712
74798 1 2970
74803 2 6144
74812 2 4167
74813 1 5631
74831 1 1285
74873 3 4014
74877 1 3262
74882 1 1151
74887 3 7880
74909 1 966
74929 1 1329
74931 1 2115
74933 1 1532
74953 1 1089
74960 1 615
75068 1 1333
75169 1 9895
75198 1 1269
75202 1 3010
75214 1 2338
75240 3 5462
75308 1 1471
75331 1 3149
75416 1 927
75417 1 594
75443 2 159
75529 3 8980
75547 2 972
75548 1 953
75549 1 1112
75571 1 867
75589 1 381
75631 1 1422
75683 2 577
75705 1 3042
75758 1 1348
75766 2 841
75769 1 1045
75839 1 1452
75917 2 1013
75927 1 4496
75933 1 1628
75935 1 965
75965 1 1326
75998 1 556
76017 2 1083
76033 1 406
76038 1 3241
76068 1 902
76126 1 1145
76136 1 4953
76137 1 2520
76174 1 20998
76175 1 6943
76176 1 1747
76199 1 1686
76243 1 713
76244 1 937
76245 1 6436
76366 1 542
76408 1 4367
76411 3 6346
76448 1 5583
76449 3 6086
76476 1 1242
76488 1 1071
76507 1 2568
76512 1 942
76526 1 4857
76529 1 10440
76570 2 1218
76615 1 3913
76616 1 908
76620 2 460
76639 2 790
76690 2 2184
76711 1 1349
76755 1 5294
76770 1 452
76780 2 5196
76805 1 1044
76838 1 587
76871 1 919
76881 1 2393
76886 1 4302
76892 1 2271
76913 1 1702
76923 1 1539
76995 1 1773
77007 1 2330
77015 1 1847
77016 2 2119
77017 1 589
77021 1 896
77057 1 1725
77082 2 5693
77127 1 1709
77148 1 3628
77157 1 1001
77159 2 2784
77174 1 951
77180 2 5716
77189 1 26
77202 5 8001
77203 2 4646
77204 2 4647
77207 1 4809
77211 3 3451
77212 2 3474
77213 2 3532
77214 2 3477
77215 1 1900
77249 1 3213
77253 1 1729
77325 1 1130
77359 1 2169
77367 1 658
77388 1 1700
77390 1 3306
77450 1 5940
77451 1 1266
77456 1 13066
77476 1 289
77555 1 1911
77556 1 1911
77610 1 2465
77807 3 5880
77818 1 6471
77860 1 2146
77948 1 3393
77949 1 2982
77950 2 1280
77954 2 4740
77957 2 1907
78013 1 1893
78014 1 1880
78030 1 745
78062 1 3649
78111 1 1861
78116 2 5040
78121 1 3206
78125 1 1056
