harder harder 1246 65215343 
147 1 3893
190 1 734
248 1 5568
316 1 57
361 1 5027
425 1 823
491 1 647
504 1 11283
541 1 2599
578 1 970
694 1 1606
700 2 433
769 1 1279
863 1 1185
933 1 470
964 1 3624
966 1 6046
992 1 3872
993 1 10702
1017 1 1666
1269 1 5091
1338 1 966
1423 1 1158
1516 1 2384
1573 5 2363
1741 1 5895
1816 1 5747
1871 1 1031
1881 1 1247
1983 2 5638
2122 2 1275
2166 1 945
2363 1 3977
2549 1 834
2565 1 2867
2569 2 652
2981 1 1712
3202 1 6501
3249 3 10966
3408 1 3212
3409 1 3574
3410 2 11224
3415 2 4495
3437 1 675
3471 4 4168
3484 1 1416
3662 1 1695
3686 1 1200
3847 1 27149
3887 1 2632
4000 1 6980
4184 1 4232
4229 1 1305
4236 1 549
4335 3 520
4492 2 2351
4507 1 272
4508 1 239
4527 2 3429
4753 1 5716
4838 1 5657
4912 1 7415
4948 1 3561
4951 1 1444
5076 1 1220
5083 1 2915
5142 1 1220
5217 1 566
5247 2 6498
5273 1 3302
5293 1 476
5396 1 6921
5424 1 697
5455 3 15074
5608 1 622
5645 1 1175
5656 3 1357
5867 1 5884
5882 1 754
6039 1 2773
6042 1 1836
6120 1 1179
6151 1 6692
6289 1 1534
6296 1 3125
6337 1 3747
6986 1 567
7003 1 1299
7077 1 1610
7123 1 1203
7491 1 7708
7504 1 5695
7569 1 2616
7570 1 9650
7575 2 1899
7577 1 2093
7637 1 237
7663 2 1465
7713 1 1920
7720 1 1667
8022 1 7719
8139 1 4927
8167 1 1117
8371 1 1170
8380 1 2765
8382 2 19553
8544 1 856
8559 1 4026
8827 1 6533
8890 1 5449
8965 1 721
9006 1 34059
9274 1 1686
9290 1 1716
9302 1 3665
9315 2 966
9346 1 1930
9545 1 4422
9563 1 1392
9692 1 4792
9713 1 1813
9754 1 636
9798 1 2651
9804 1 5129
9805 1 5191
9806 1 6009
9830 1 1997
9938 1 1161
10101 1 12486
10125 1 582
10135 1 778
10231 3 9229
10275 1 1016
10321 1 1516
10325 1 1466
10333 1 1574
10464 1 601
10504 1 1148
10612 1 1376
10626 2 1442
10714 1 1206
10818 1 695
10940 1 7910
10982 1 536
11001 1 7028
11019 3 1220
11042 2 624
11117 3 1143
11248 1 11766
11288 1 9962
11385 1 563
11466 1 2113
11958 2 1894
12107 1 924
12156 1 13898
12164 1 3148
12171 2 5724
12184 1 2062
12211 1 4041
12213 1 679
12228 1 1101
12286 1 2100
12309 2 1530
12367 1 9446
12379 1 663
12388 1 3483
12419 1 3083
12433 1 1282
12436 1 1371
12636 1 2613
12670 1 616
12673 1 6656
12701 1 7084
12751 1 5083
12769 1 1459
12772 1 1750
12902 1 1885
12914 1 1640
12934 1 2463
12935 1 2445
13003 1 4796
13081 1 734
13106 1 470
13332 3 14933
13343 1 5631
13363 1 1279
13375 1 3891
13381 2 4238
13412 1 1736
13434 1 4024
13441 1 871
13455 1 1324
13495 1 794
13518 1 16194
13706 1 1656
13886 2 3122
13912 4 6746
13932 1 2151
14194 1 2591
14210 1 1997
14266 1 617
14267 1 173
14325 1 1946
14350 1 2898
14460 1 834
14510 1 6161
14528 1 1229
14561 1 3007
14585 1 935
14649 1 3074
14808 1 1232
14878 1 3248
15094 1 480
15293 1 5587
15494 1 809
15514 1 934
15528 1 2844
15586 1 3732
15662 2 2550
15873 1 1328
15939 4 1110
16033 1 884
16094 1 3553
16178 1 4155
16209 1 1698
16393 1 966
16453 1 3149
16528 3 1436
16574 1 2535
16589 1 3703
16655 1 808
16784 2 2834
16809 1 1881
16836 3 4094
16887 1 2199
16943 1 10757
16952 1 7998
16958 1 5800
16975 1 736
16996 1 1017
17040 2 3349
17100 2 3005
17108 1 2260
17114 2 6140
17168 1 3800
17188 2 1771
17189 1 5992
17190 1 1264
17194 1 1502
17201 1 678
17448 1 422
17501 1 2505
17516 1 415
17638 1 6007
17651 1 3602
17669 1 5167
17672 3 4557
17682 1 1732
17683 1 2520
17684 1 2134
17804 2 2146
17870 1 2093
17879 1 786
17973 1 504
18004 2 5488
18092 1 1678
18146 1 5814
18160 1 779
18176 1 2271
18177 1 2271
18178 1 2270
18179 1 2271
18327 1 1514
18375 1 2129
18385 1 6531
18428 1 790
18597 1 6498
18617 1 1998
18622 1 5539
18650 1 1648
18654 3 15696
18656 2 1667
18659 1 1736
18769 1 2940
18796 1 694
18933 1 6035
18965 4 20789
19021 1 1100
19076 1 2622
19079 3 16454
19133 1 2181
19189 1 848
19194 1 5424
19227 1 757
19383 1 3259
19413 1 1698
19509 2 1523
19563 1 5781
19625 1 1321
19687 1 2998
19725 1 770
19896 1 4758
19902 2 3107
20179 1 1063
20308 1 1500
20409 1 1186
20621 1 2416
20677 1 8655
20678 1 4807
20683 1 2155
20684 5 12924
20708 1 24696
21006 1 1452
21285 1 888
21289 1 3008
21299 1 9163
21390 1 1750
21503 1 13267
21514 1 639
21525 1 2178
21532 1 989
21543 1 900
21568 2 3870
21575 1 4680
21600 1 2318
21608 4 4754
21849 1 110
21867 1 1612
21897 1 2020
21898 1 1312
21950 1 1511
21986 1 1177
22093 1 10393
22428 2 3769
22474 1 1110
22580 1 171
22599 1 2198
22639 1 3403
22887 1 4212
22999 1 1517
23014 2 3266
23126 2 2676
23514 4 8145
23714 1 766
23765 1 11324
24119 2 14616
24186 1 1580
24231 1 623
24420 1 1290
24567 1 1635
24573 1 2513
24666 1 3571
24840 3 9627
24886 1 7415
24887 1 7415
24888 1 7415
25057 2 2293
25238 1 705
25256 1 880
25475 1 3015
25477 1 3314
25478 1 3302
25518 1 395
25555 1 3167
25964 1 4294
26147 1 924
26244 1 764
26365 1 814
26449 1 7560
26461 1 830
26465 1 1529
26498 2 32423
26541 2 4809
26573 1 285
26797 1 1479
26827 1 2251
26888 1 1987
26890 1 1680
27170 1 1435
27308 1 7530
27309 1 2591
27388 1 1719
27774 1 2355
27830 1 5835
27838 1 2876
28006 2 1748
28048 1 1522
28119 1 777
28225 2 2588
28259 1 6624
28316 1 1269
28446 2 9326
28486 1 1421
28550 1 1171
28640 1 1389
28653 1 704
28739 1 1791
28797 1 3851
28838 1 3316
28878 1 774
29009 1 1308
29108 1 1272
29143 2 507
29380 1 1056
29418 1 3556
29489 1 1691
29626 1 1653
29632 1 2000
29693 1 1825
29720 1 808
29788 1 2365
29798 1 220
29826 1 625
29851 1 1758
29879 1 853
29883 1 1156
29991 1 10803
30000 1 1452
30077 1 3556
30195 2 1266
30197 2 3083
30255 1 2558
30286 1 895
30294 1 647
30308 1 140
30435 1 1206
30519 1 5484
30538 1 730
30573 1 2812
30605 1 1929
30639 3 8117
30964 2 1304
31045 1 24677
31078 1 895
31089 1 1949
31104 1 404
31250 1 1677
31320 1 2381
31409 1 716
31516 1 1397
31723 1 9877
31731 1 3982
31930 1 4739
31944 1 1454
32124 1 1277
32197 1 619
32230 1 1393
32326 3 1541
32584 2 2115
32659 1 1206
32822 1 2367
32977 1 895
33079 1 3096
33125 2 771
33191 1 368
33228 1 382
33262 1 744
33276 1 1090
33288 1 1410
33403 3 5506
33494 1 11341
33622 1 1668
33703 3 18894
33709 1 1690
33785 1 1393
33847 1 7078
33913 1 1278
33924 2 11847
33937 6 14231
33938 1 5544
33960 2 1013
33987 1 4548
33993 1 845
34143 1 2404
34240 1 743
34272 1 1076
34358 1 1007
34520 1 2339
34781 1 4211
34848 1 878
34860 2 3758
35069 2 3840
35149 2 9307
35205 2 164
35429 1 1003
35461 2 1748
35503 3 784
35639 1 273
35640 1 543
35743 1 4461
36027 2 7080
36109 1 12698
36286 1 1718
36364 1 2554
36553 1 1086
36932 1 1538
37055 1 297
37177 2 10680
37182 1 13117
37323 1 7159
37324 1 5244
37369 3 5846
37427 1 7481
37447 2 1838
37661 2 5314
37696 1 1183
37709 1 1372
37932 1 17484
37989 1 710
37990 1 443
38014 1 1335
38065 1 966
38199 1 2577
38331 1 133
38351 2 2567
38374 1 1606
38413 1 6145
38582 1 666
38814 1 1811
38884 1 2693
38964 1 973
38976 1 3085
39010 1 2843
39024 1 8349
39127 1 1657
39241 1 7079
39264 1 7187
39273 1 1081
39280 1 2767
39282 1 675
39341 2 9083
39692 1 1262
39704 1 1282
40056 1 2607
40083 1 1444
40094 1 963
40131 1 5534
40224 1 1671
40259 1 883
40281 1 206
40382 1 2344
40601 1 783
40603 1 752
40630 3 5684
40694 1 906
40695 1 8337
40696 1 6423
40918 1 1001
40926 1 4236
41033 1 2191
41123 2 2499
41240 1 2190
41426 2 4541
41430 1 1189
41521 1 689
41674 1 4187
41786 1 1169
41822 1 1997
42003 1 193
42025 3 9933
42222 1 1163
42261 1 6604
42301 3 1173
42362 1 10503
42391 2 608
42421 1 749
42447 1 819
42569 1 3491
42648 1 4779
42747 1 2556
42817 1 1368
42869 1 992
43252 1 1159
43260 1 1445
43347 1 1044
43410 1 215
43446 1 8554
43470 1 3949
43511 1 879
43533 1 903
43576 1 5522
43597 1 2088
43747 1 7125
43749 1 2541
43915 1 3241
43921 1 9448
43935 4 3104
44050 1 4928
44081 1 4117
44098 1 1844
44115 1 4306
44130 2 6601
44154 1 1236
44206 1 1686
44218 1 6003
44254 1 553
44286 2 5425
44372 1 5509
44475 1 1091
44524 1 961
44768 1 2523
44792 3 3157
44848 1 1841
44872 1 1054
44952 1 2567
45096 2 6217
45456 1 1098
45801 1 457
45814 2 3034
45826 1 8235
45998 1 1047
46068 2 689
46153 1 3988
46309 1 1589
46369 1 5238
46388 10 81863
46516 1 1910
46528 1 1148
46591 1 1721
46641 1 605
46681 1 893
46735 1 1806
46749 1 6951
46814 2 2350
46826 1 943
46913 2 1961
46943 1 1398
46952 1 2067
47139 1 6464
47167 1 470
47239 1 986
47350 1 2865
47403 1 878
47459 1 8496
47497 1 2515
47546 1 1613
47651 2 3064
47770 2 929
47800 1 10768
47895 1 564
47977 1 1512
47982 1 287
48032 1 521
48085 1 2386
48150 2 1299
48180 2 25164
48223 2 2573
48551 1 6659
48615 1 1003
48703 2 2166
48837 2 492
48858 1 3188
48951 1 6065
49009 1 1183
49074 1 2567
49130 1 2701
49214 1 699
49286 1 2335
49323 1 5236
49454 1 2489
49484 4 3481
49522 1 6160
49566 1 756
49680 2 5727
49752 1 1670
49814 1 1613
49844 2 6972
50030 1 2358
50142 1 2652
50144 1 5084
50196 1 3087
50328 1 1690
50503 1 2290
50613 1 2424
50776 2 2775
51129 1 1097
51290 1 6381
51292 1 1220
51356 2 903
51603 1 2317
52072 1 2361
52109 1 3805
52259 1 1440
52267 1 949
52271 2 8131
52281 1 1244
52326 1 3702
52384 1 3160
52397 1 4823
52406 1 4365
52455 1 1525
52500 1 3237
52561 1 52057
52651 1 2028
52988 1 24350
53031 1 683
53092 1 1626
53105 1 1782
53118 2 1138
53300 1 548
53343 1 2474
53405 1 783
53411 1 774
53442 3 8599
53549 1 1593
53641 1 776
53646 1 2610
53780 1 3112
53867 2 1992
53918 2 1250
54123 1 2152
54188 1 475
54209 1 1340
54225 1 998
54247 1 881
54312 1 1359
54379 1 1041
54478 2 147
54502 2 2792
54564 1 3322
54619 1 10647
54651 1 1877
54958 1 796
55062 1 1110
55063 2 17333
55327 1 6079
55498 1 5155
56208 1 48
56445 1 2121
56456 3 954
56497 1 2476
56624 1 281
56630 1 3641
56733 1 333
56798 1 697
56801 1 5727
56849 1 1501
56866 2 1626
56873 1 962
56915 1 4927
57011 1 1023
57243 1 783
57471 1 1255
57548 1 1424
57801 1 2633
58293 1 2164
58847 1 2073
58862 1 1318
58888 1 1058
58908 1 775
58929 1 1342
58964 1 5289
59153 1 1086
59167 1 1393
59211 1 3035
59292 1 1003
59348 1 10477
59455 1 2220
59511 1 1631
59584 1 2273
59635 1 4384
59640 1 5056
59662 1 14951
59691 1 2592
59793 2 665
59829 1 1756
59837 1 1240
59843 1 6525
59988 1 5229
60030 2 10533
60066 2 4785
60349 1 1057
60509 1 4010
60707 3 1099
60736 1 3344
60935 1 2979
60957 1 3093
60963 1 3508
60992 1 2142
60998 1 2178
61043 2 4069
61045 2 2390
61059 1 4559
61130 1 2655
61234 1 1412
61241 1 1632
61256 1 2242
61352 1 18809
61523 1 3940
61669 3 5944
61724 1 1491
61798 1 2257
61839 1 1782
61860 1 7381
61881 1 2444
61897 1 2680
61924 2 6503
61939 2 10305
62078 1 891
62093 1 515
62112 1 688
62205 1 1826
62234 1 481
62235 1 550
62318 1 2185
62344 1 1459
62450 1 725
62514 1 3635
62724 1 3090
62790 1 519
63057 1 1202
63076 1 3881
63266 1 3285
63309 2 4077
63371 1 1573
63506 1 1075
63564 1 3674
63859 1 803
63896 1 1174
63908 1 588
63912 1 601
63952 1 811
64050 1 3580
64051 1 3589
64084 1 1486
64348 1 390
64453 2 10145
65410 2 1931
65464 1 2107
65612 1 930
65685 1 1579
65874 1 930
65990 1 4364
66015 3 4361
66277 2 1687
66587 1 4790
66684 1 1462
66720 1 1705
67074 1 9837
67119 1 889
67195 1 6824
67325 1 2060
67345 1 1856
67355 3 6043
67372 1 2781
67395 1 2737
67434 1 736
67452 1 3036
67525 1 442
67574 1 2213
67627 3 2254
67675 1 1974
67681 1 1131
67708 1 1247
67741 1 2150
67746 1 731
67786 1 2340
68002 1 3149
68051 1 1335
68076 1 792
68082 1 1865
68091 13 10665
68163 1 514
68305 6 3491
68336 4 1920
68369 2 11195
68393 1 3580
68424 1 1934
68425 1 927
68664 1 3316
68737 1 3173
68764 1 2106
68783 1 1601
68956 1 2895
69383 1 995
69428 2 1154
69728 2 496
69886 1 2262
70091 1 678
70207 1 10208
70225 1 1695
70279 1 12383
70292 1 2365
70337 1 1085
70438 2 749
70442 1 4263
70596 1 770
70841 1 8361
70855 3 5396
70882 1 353
70890 1 2440
70977 1 1128
71022 1 2146
71078 1 9605
71085 2 623
71104 1 780
71137 2 9411
71249 1 1532
71315 1 6723
71327 1 1804
71567 1 4513
71582 1 1381
71651 1 741
71695 1 1178
71731 2 4830
71796 1 785
71895 2 3069
71896 2 3955
71943 1 3979
71999 1 874
72039 1 5516
72054 1 437
72065 1 9229
72079 1 753
72082 1 2593
72098 1 19912
72115 1 806
72402 1 1487
72403 1 734
72404 1 676
72406 1 548
72410 1 4306
72649 1 1028
72677 1 1203
72715 1 2456
72793 1 4219
72860 1 1570
72879 1 7089
72899 1 20275
73051 1 749
73069 2 2055
73109 1 1129
73324 1 733
73455 1 2168
73468 1 779
73933 1 1375
73945 1 10857
73996 1 7920
73997 1 10376
74065 1 2514
74278 1 1950
74298 1 2423
74407 1 721
74531 1 833
74590 1 1461
74666 1 1855
74675 1 1006
74746 1 5004
74788 1 1690
74798 1 2970
74813 1 5631
74863 1 710
75109 1 1277
75142 1 931
75333 3 1380
75424 2 1024
75471 1 3184
75529 3 8980
75551 1 2365
75965 1 1326
76038 1 3241
76136 1 4953
76175 1 6943
76218 1 422
76245 1 6436
76248 1 1680
76262 1 3194
76329 1 1364
76386 1 1594
76626 5 4388
76656 2 4057
76762 1 7340
76849 1 710
76856 1 1057
76952 2 554
77054 2 1501
77060 3 4150
77070 1 2357
77148 1 3628
77180 2 5716
77245 1 2403
77249 1 3213
77443 1 2709
77451 1 1266
77456 1 13066
77576 1 4731
77807 1 5880
78062 2 3649
78113 1 2136
