limelight limelight 148 65215343 
130 1 4276
131 1 14882
132 1 13051
372 1 811
735 1 837
1119 2 1874
1634 1 30082
1969 1 450
2192 1 5833
3041 1 1558
3051 1 860
3558 1 467
3687 1 3022
4421 1 1667
4873 1 660
5645 1 1175
5949 1 1365
6147 1 1885
6638 1 1121
7233 16 4878
7944 1 4834
8508 1 5791
9173 1 6443
10298 1 2030
10678 1 694
13059 1 1221
13188 6 2230
14005 1 5769
14365 1 1356
17261 1 4916
18228 1 4817
18268 1 504
19189 1 848
19887 1 3613
21460 1 877
23672 1 3661
24460 1 1835
25546 1 3100
26215 1 203
26864 1 1066
26904 1 421
28257 2 3449
28874 1 928
30639 1 8117
30852 1 984
31108 1 701
31441 1 1845
33739 2 1711
35507 2 1988
36555 1 1255
37550 1 1723
38576 2 1706
40320 1 7910
40525 1 471
41182 1 2196
41742 2 1669
41822 2 1997
42019 1 6660
42060 1 1283
42172 1 2686
42538 1 1565
44953 1 900
45161 2 1863
45416 1 786
45914 1 775
45960 2 2353
46388 1 81863
47544 1 1704
47780 1 5199
47800 1 10768
49049 2 1735
49052 1 3420
50552 1 2672
50880 1 487
51224 1 1011
51226 1 2481
51426 1 3586
52482 1 479
53373 1 801
55147 1 2912
58925 1 1726
59777 1 6060
60353 1 678
60354 1 837
60355 1 1074
61331 2 2243
61821 1 3538
65998 1 908
66124 1 1563
66636 1 1536
67667 5 1004
69523 1 630
70397 2 1331
70591 1 4584
71354 1 687
71835 1 563
72039 1 5516
72197 2 1837
72198 2 2050
72283 1 1448
73193 1 1571
74091 2 1923
74434 1 3996
74716 1 906
75321 1 225
76929 1 1278
77875 1 3223
77943 1 1110
78019 1 724
