lifestyl lifestyl 9079 65215343 
11 6 323
32 1 850
33 1 274
41 2 1471
43 4 671
155 1 1851
203 1 5213
228 2 1439
229 1 478
258 3 56657
327 3 2668
340 1 2546
342 1 635
374 2 1582
377 1 713
392 1 721
400 1 1208
422 1 1707
432 3 1624
437 1 480
468 1 1097
482 1 1039
496 1 1144
509 1 1165
512 1 1947
528 1 1240
530 2 1103
540 2 1077
571 1 663
573 1 2963
578 2 970
617 6 798
666 4 452
672 1 2537
763 1 1020
780 1 643
788 1 199
861 2 1211
894 1 1314
901 2 862
902 2 1246
904 8 434
958 1 778
959 2 1761
960 2 2769
961 2 1879
989 2 1444
995 3 3497
1000 1 2589
1001 1 1139
1020 2 637
1021 2 980
1064 1 793
1072 1 2029
1083 1 498
1093 1 784
1100 4 633
1121 1 962
1125 2 513
1164 1 621
1165 1 629
1176 1 992
1185 1 15836
1193 1 383
1210 1 703
1214 1 650
1231 1 4288
1267 1 1212
1283 2 1543
1300 1 809
1310 2 925
1321 5 3750
1326 1 1588
1359 1 937
1360 1 1401
1362 1 3521
1367 1 4065
1391 3 932
1433 1 1522
1450 2 1560
1459 4 1079
1570 2 1617
1583 1 4414
1606 1 190
1659 1 2425
1741 1 5895
1742 1 1543
1758 1 553
1763 1 1024
1795 1 858
1796 2 1148
1799 1 983
1816 1 5747
1852 1 2619
1886 2 1366
1983 2 5638
2008 1 584
2044 1 300
2051 1 233
2117 2 783
2121 2 4211
2124 4 1028
2125 1 937
2126 4 968
2138 2 1384
2144 2 1168
2145 2 1693
2146 2 560
2147 2 946
2151 5 1771
2156 1 1904
2157 2 1453
2159 4 1594
2161 1 1535
2163 2 2057
2166 1 945
2168 1 1638
2171 1 1919
2181 3 1278
2184 1 1827
2192 2 5833
2196 1 1234
2238 1 789
2242 3 1275
2245 2 580
2274 1 1188
2327 1 872
2335 2 1168
2336 2 1341
2344 3 1030
2366 1 2774
2372 1 909
2375 1 3907
2385 6 601
2399 2 1466
2402 3 1731
2406 3 796
2407 2 462
2408 2 1064
2409 3 1038
2439 1 790
2441 1 7506
2447 4 901
2448 2 338
2504 3 5375
2516 4 1602
2530 8 727
2543 1 525
2552 2 713
2565 1 2867
2568 3 4333
2626 1 303
2654 1 1868
2680 5 1224
2694 1 1346
2757 1 1573
2771 3 3216
2791 1 1385
2825 1 2998
2839 1 1144
2994 1 2004
3025 2 642
3026 2 1747
3027 3 3713
3028 2 1955
3033 3 1192
3096 2 1172
3105 1 3023
3106 1 3092
3128 1 1311
3136 1 609
3164 1 1088
3165 1 1306
3205 3 1426
3281 1 3667
3282 1 963
3295 1 2429
3304 4 1426
3305 3 1856
3306 2 776
3307 1 711
3326 3 544
3377 2 1482
3383 1 10722
3392 1 677
3415 4 4495
3444 1 1229
3464 1 261
3493 1 1047
3519 1 937
3527 1 799
3592 2 916
3593 2 1011
3594 2 1229
3597 1 624
3598 1 2141
3610 1 1186
3635 1 378
3660 1 272
3668 3 8976
3672 5 2946
3675 1 421
3680 1 637
3681 1 871
3730 1 1241
3749 1 665
3826 1 723
3829 1 1698
3835 2 1418
3838 2 1106
3848 1 1280
3850 2 96
3863 1 4935
3944 2 1863
4064 1 1206
4081 1 2482
4106 1 2006
4137 1 1308
4145 1 6518
4172 3 4084
4187 1 7906
4256 1 2171
4261 1 295
4271 1 156
4291 1 321
4294 1 633
4321 2 913
4333 1 791
4352 1 728
4357 1 687
4358 2 1491
4366 1 1654
4368 2 4832
4370 1 3314
4390 1 1399
4396 1 1447
4423 2 1170
4426 1 1533
4443 1 683
4454 2 1950
4455 2 1818
4456 2 1644
4457 1 1168
4515 1 1638
4516 1 1089
4517 1 1224
4521 2 1703
4528 1 1567
4579 1 1909
4608 1 2302
4615 1 3920
4637 1 1404
4639 3 826
4642 1 1398
4730 2 394
4749 1 1366
4768 9 996
4785 1 406
4820 2 1191
4825 1 760
4831 1 2521
4836 2 1272
4844 1 1123
4853 2 1774
4855 2 1500
4857 1 2912
4875 1 1364
4888 6 1826
4889 2 2095
4896 1 1508
4905 1 7440
4906 3 8000
4907 3 8001
4908 3 8001
4912 2 7415
4915 1 4855
4916 1 4839
4941 4 1955
4942 5 1955
4943 4 613
4944 4 604
4951 1 1444
4961 1 1198
5072 3 1057
5093 1 427
5105 1 473
5138 3 784
5149 3 1132
5159 1 760
5195 2 1844
5291 2 1187
5314 1 1103
5319 2 1028
5326 1 129
5344 2 333
5399 1 383
5400 2 1958
5402 4 1205
5454 1 6641
5523 1 719
5528 3 2535
5531 2 1561
5860 1 1573
5867 1 5884
5876 1 2035
5913 3 2199
5916 2 1874
5918 1 500
5921 1 1978
5940 1 1549
5949 1 1365
5967 1 529
6013 1 2929
6021 4 508
6047 3 978
6057 1 1652
6070 1 1556
6081 1 1357
6085 1 1538
6086 1 873
6121 2 184
6123 1 1295
6141 1 654
6147 2 1885
6156 1 1167
6163 1 4318
6169 1 857
6185 2 158
6186 2 155
6187 2 155
6188 1 154
6189 1 159
6190 2 159
6191 1 154
6192 2 158
6193 2 156
6194 1 158
6195 2 159
6196 2 164
6197 2 159
6198 1 159
6199 1 159
6200 2 158
6201 2 158
6202 1 159
6203 1 155
6204 2 154
6205 1 159
6206 1 155
6207 1 159
6208 2 154
6209 1 160
6210 2 158
6211 1 158
6212 1 165
6213 1 155
6214 2 159
6215 2 160
6216 2 160
6217 1 159
6218 2 165
6219 1 159
6220 1 158
6221 1 158
6222 2 158
6223 2 159
6224 1 158
6225 1 159
6226 1 164
6227 2 155
6228 1 159
6229 2 158
6230 1 159
6231 2 160
6232 1 155
6233 1 155
6234 1 155
6235 1 154
6236 1 159
6237 1 158
6238 2 160
6239 1 158
6240 1 156
6241 1 155
6242 1 164
6243 2 158
6244 1 164
6245 1 157
6246 2 155
6247 2 158
6248 1 155
6249 1 159
6250 2 165
6251 2 158
6252 1 165
6253 1 159
6254 1 158
6255 1 155
6256 1 159
6257 1 158
6258 2 159
6259 1 158
6260 2 159
6261 2 158
6262 1 156
6263 1 160
6264 1 155
6265 1 158
6266 2 154
6267 2 158
6268 1 158
6269 1 165
6270 2 157
6271 1 159
6272 2 158
6273 2 159
6274 1 156
6275 2 160
6276 2 158
6277 1 158
6278 1 159
6279 2 159
6280 2 161
6281 2 159
6282 2 158
6283 2 159
6284 1 158
6285 1 158
6286 1 156
6289 3 1534
6296 2 3125
6297 1 3321
6298 1 3012
6299 1 3048
6300 1 3029
6301 13 2972
6303 1 2969
6304 1 3270
6321 2 443
6328 2 1381
6337 3 3747
6339 1 2231
6361 2 4951
6363 1 4787
6364 2 7210
6367 2 154
6368 2 158
6369 1 153
6370 2 157
6371 2 154
6372 1 153
6373 1 158
6374 1 157
6375 1 163
6376 1 158
6377 1 154
6378 2 153
6379 1 157
6380 2 157
6381 2 158
6382 2 163
6383 1 155
6384 1 154
6385 1 157
6386 2 153
6387 1 153
6388 2 157
6389 1 157
6390 1 157
6391 2 154
6392 2 157
6393 1 163
6394 1 157
6395 1 157
6396 1 157
6397 1 158
6398 2 157
6399 2 158
6400 1 159
6401 2 156
6402 1 157
6403 1 164
6404 1 163
6405 2 159
6406 1 157
6407 1 153
6408 1 157
6409 1 158
6410 2 154
6411 1 157
6412 2 158
6413 1 163
6414 2 163
6415 2 158
6416 1 164
6417 1 158
6418 1 158
6419 2 163
6420 1 154
6421 2 158
6422 1 157
6423 2 153
6424 2 154
6425 2 155
6426 2 157
6427 2 157
6428 1 163
6429 2 155
6430 1 154
6431 1 158
6432 2 160
6433 2 158
6434 2 159
6435 1 155
6436 1 159
6437 1 164
6438 1 163
6439 2 170
6440 2 164
6441 2 161
6442 1 163
6443 2 165
6444 2 170
6445 1 164
6446 2 160
6447 1 160
6448 1 164
6451 4 808
6461 3 1503
6538 3 1248
6579 3 4887
6617 1 719
6620 5 1074
6656 1 737
6668 1 476
6673 1 623
6760 1 806
6830 2 822
6944 2 1564
6947 1 1049
6969 1 1724
6982 2 670
7042 1 722
7126 3 483
7145 2 1029
7169 1 1071
7174 1 580
7175 1 1156
7233 2 4878
7424 1 1087
7491 1 7708
7498 2 2754
7506 1 743
7528 1 987
7530 1 362
7531 1 1102
7537 1 1406
7541 1 1707
7640 1 139
7641 1 231
7647 2 1890
7671 1 286
7673 1 4544
7690 2 756
7698 4 1482
7700 1 637
7702 2 575
7711 2 1660
7715 1 2854
7723 2 4731
7729 2 1221
7769 1 958
7770 3 537
7783 1 2144
7884 2 1076
7898 2 656
7909 2 1230
7910 2 900
7922 2 2189
7929 1 1641
7932 3 938
7942 1 2590
7955 3 1555
7965 1 718
7969 2 1771
7974 3 2073
7976 3 764
7987 1 1204
7989 1 734
7998 2 1191
8056 1 878
8076 1 1663
8078 1 948
8089 1 20930
8109 1 2224
8110 1 1146
8137 4 540
8162 2 957
8173 1 961
8177 1 2272
8187 1 759
8236 1 73
8251 2 3081
8268 1 848
8292 1 917
8293 1 3686
8294 1 1249
8295 2 1426
8297 1 12133
8304 1 777
8326 1 972
8336 1 1754
8372 1 3639
8400 1 421
8401 1 649
8403 2 2102
8408 2 5505
8416 1 4562
8421 1 1142
8458 3 770
8459 2 2749
8460 1 2825
8461 1 2678
8466 1 2863
8467 3 873
8488 1 1443
8509 1 551
8567 3 1533
8576 2 2461
8583 3 792
8584 3 802
8585 3 819
8613 1 1556
8638 1 905
8642 2 1636
8643 1 284
8646 2 610
8684 1 837
8702 1 2609
8733 1 172
8766 1 51
8836 1 1224
8867 2 2603
8913 1 12589
8928 4 393
8958 5 289
8964 1 1138
8974 1 1453
9005 3 45220
9006 2 34059
9020 1 1016
9054 1 49
9072 1 185
9073 1 1275
9106 1 1688
9143 3 1856
9145 2 1263
9147 2 1473
9148 1 477
9149 1 278
9166 3 1429
9173 1 6443
9220 1 1037
9267 1 437
9286 1 163
9316 2 4281
9324 3 4421
9335 1 1057
9337 1 1665
9343 2 1266
9344 1 1217
9400 1 551
9407 1 979
9430 1 2392
9434 2 621
9435 1 225
9481 1 391
9496 1 878
9500 1 555
9542 1 410
9543 2 375
9544 1 1343
9568 3 885
9588 1 688
9602 1 946
9607 2 630
9614 1 1341
9638 1 310
9659 5 10789
9663 1 2530
9701 1 1587
9702 1 2473
9704 4 1126
9708 7 2371
9710 1 1429
9735 3 1420
9736 3 1415
9737 3 1320
9752 4 8096
9759 1 295
9765 1 908
9778 1 600
9796 4 6203
9804 1 5129
9805 2 5191
9806 2 6009
9885 1 2675
9886 1 3914
9909 1 537
9932 3 1087
9946 1 555
9955 1 576
10052 3 1469
10058 1 977
10073 2 1739
10075 2 786
10080 2 355
10086 2 953
10087 14 1266
10090 2 1086
10093 1 1326
10112 1 593
10212 1 916
10219 1 3447
10224 1 1087
10240 1 816
10289 1 8941
10301 2 799
10333 1 1574
10344 1 2552
10350 1 1251
10351 1 743
10352 1 318
10357 1 573
10386 1 475
10387 1 297
10397 1 655
10444 1 668
10476 1 693
10482 1 809
10488 1 1531
10494 2 832
10495 1 1223
10507 1 730
10601 1 2025
10616 1 773
10628 1 1516
10633 1 692
10647 2 808
10652 2 3224
10653 1 3190
10685 1 2839
10696 1 1520
10697 1 1237
10698 1 1255
10749 2 2979
10765 2 157
10766 2 163
10767 2 157
10768 2 154
10769 2 157
10770 2 156
10771 2 158
10772 2 157
10773 1 158
10774 2 158
10775 2 157
10776 1 157
10777 2 157
10778 1 156
10779 1 157
10780 1 158
10781 2 159
10782 2 157
10783 2 164
10784 2 165
10785 1 154
10786 2 154
10787 2 155
10788 1 157
10848 1 1696
10898 2 1274
10908 2 194
10911 1 1405
10957 1 482
10988 1 547
11003 1 636
11035 4 1021
11075 2 1309
11087 1 2013
11088 1 709
11104 1 858
11132 3 1530
11168 1 515
11200 3 1703
11214 1 1706
11228 1 1903
11245 1 1612
11250 2 1537
11252 3 262
11262 2 1739
11268 2 1582
11275 1 452
11288 1 9962
11291 1 2301
11393 4 250
11409 2 218
11464 3 801
11539 2 1285
11591 1 737
11608 1 433
11609 2 1245
11647 1 941
11670 5 662
11675 1 1703
11722 3 1625
11749 15 1983
11784 1 786
11878 1 1334
11890 1 963
11896 1 132
11899 1 132
11971 2 1187
11994 1 875
12112 2 673
12118 2 1794
12119 2 2327
12138 1 18363
12156 3 13898
12164 1 3148
12175 1 746
12194 2 652
12195 2 903
12203 1 722
12214 1 408
12223 1 6167
12229 1 2226
12232 1 1252
12275 2 707
12289 1 1759
12304 2 1066
12327 1 728
12331 1 3864
12335 2 564
12344 4 2265
12350 2 1687
12382 1 1023
12387 1 517
12393 9 451
12400 3 690
12436 1 1371
12455 1 2015
12458 1 3716
12501 1 927
12529 1 750
12588 1 750
12595 3 475
12601 4 3000
12605 2 771
12627 2 4932
12636 2 2613
12649 1 954
12655 1 4430
12661 3 897
12668 1 1012
12671 1 803
12689 1 750
12698 2 3392
12699 1 1939
12700 5 11926
12722 1 662
12728 1 1561
12742 1 235
12751 1 5083
12814 2 46677
12817 2 450
12820 1 1074
12830 4 484
12834 5 2681
12835 4 985
12843 3 788
12854 1 473
12859 4 764
12874 1 1470
12885 1 6601
12939 1 323
13005 2 304
13017 5 1307
13059 2 1221
13060 1 3460
13061 3 2559
13076 1 1120
13104 2 1437
13122 1 8864
13150 1 1345
13153 1 1159
13155 1 657
13159 1 586
13160 1 846
13161 1 779
13162 1 721
13163 1 523
13164 1 843
13170 1 1024
13171 1 703
13226 1 4464
13256 1 51
13279 1 832
13290 2 1648
13309 1 2136
13332 2 14933
13381 1 4238
13402 3 1313
13471 1 829
13479 1 5487
13498 1 587
13520 1 4296
13525 2 446
13529 2 119
13535 1 2364
13548 3 6866
13565 1 2701
13599 1 1426
13609 1 1456
13617 1 2513
13619 6 1734
13624 1 1236
13630 3 660
13633 2 1178
13634 2 1029
13649 1 1057
13653 4 907
13654 1 1262
13655 1 862
13659 3 3326
13679 1 278
13684 1 12301
13796 2 895
13829 1 1750
13830 1 968
13831 1 993
13832 1 1089
13840 3 1860
13862 1 3335
13924 1 865
13939 4 1157
13945 1 665
13951 1 1307
13953 1 886
13985 1 11629
13994 12 844
13996 1 1007
14007 1 466
14026 1 925
14046 1 1429
14055 1 671
14056 8 1205
14097 1 1755
14126 1 990
14177 1 791
14193 2 2538
14195 1 963
14210 2 1997
14211 4 1561
14212 1 12149
14221 2 283
14233 1 1003
14234 1 1454
14235 1 1311
14271 1 2963
14272 1 3020
14273 1 2924
14274 1 2909
14277 1 1582
14282 1 691
14285 1 647
14295 3 1069
14298 1 243
14315 1 3896
14319 1 1202
14320 1 646
14323 1 1990
14324 1 1130
14325 1 1946
14364 4 881
14377 5 1063
14383 1 302
14415 4 1577
14423 1 747
14482 4 4658
14502 4 989
14512 1 2539
14513 1 128
14518 3 1186
14520 4 7541
14529 1 1219
14561 1 3007
14564 2 709
14607 2 356
14623 2 551
14657 1 603
14686 1 1007
14692 2 3976
14707 1 937
14709 2 1785
14710 2 1341
14711 1 1117
14715 5 1357
14727 1 1409
14731 1 788
14732 1 798
14735 5 1483
14740 1 1571
14742 1 687
14744 1 721
14745 2 1156
14749 1 1050
14755 1 2245
14758 1 1080
14760 2 840
14761 2 470
14768 1 1208
14776 2 1585
14779 1 3250
14830 2 8170
14831 2 8171
14832 2 8172
14833 1 7321
14863 1 267
14877 1 826
14880 2 1431
14881 1 2726
14885 3 460
14889 1 1511
15031 3 820
15032 3 791
15070 3 1847
15072 2 604
15087 1 151
15114 2 1801
15120 1 1822
15133 2 972
15137 1 2521
15185 1 1316
15186 1 547
15217 1 755
15240 1 606
15277 2 1372
15281 1 1900
15293 1 5587
15301 2 5730
15303 1 1132
15488 1 352
15511 2 1482
15529 1 947
15561 1 481
15568 4 3032
15570 1 2982
15573 1 2920
15574 1 3007
15587 2 2694
15615 1 3882
15646 2 568
15661 4 1088
15664 3 1538
15667 2 354
15678 2 157
15679 2 158
15680 2 160
15681 1 165
15682 1 157
15683 2 164
15684 2 159
15685 2 158
15686 1 158
15687 2 158
15688 2 154
15689 1 159
15690 2 158
15691 2 160
15692 2 159
15693 1 156
15694 2 160
15695 2 165
15696 1 158
15697 1 159
15698 2 158
15699 2 159
15700 1 159
15701 1 158
15702 1 155
15703 1 158
15704 2 158
15705 1 159
15706 2 159
15707 2 154
15708 1 158
15709 2 154
15711 1 1636
15712 1 157
15713 2 152
15714 2 162
15715 2 153
15716 1 162
15717 1 157
15718 2 157
15719 1 157
15720 2 153
15721 2 156
15722 2 157
15723 2 156
15724 1 156
15725 1 156
15726 2 156
15727 2 156
15728 1 156
15729 2 163
15730 2 157
15731 2 1798
15732 2 1772
15807 2 772
15834 5 255
15844 1 1278
15869 2 2413
15907 1 369
15926 2 1584
15929 2 398
16003 1 580
16071 1 167
16120 1 1888
16128 1 987
16192 6 1427
16203 2 1469
16238 1 11763
16277 5 601
16310 2 1612
16311 1 2173
16313 1 466
16323 2 1197
16337 1 1008
16342 2 750
16344 2 681
16345 1 1095
16354 1 986
16360 2 855
16363 1 1461
16372 2 1589
16385 1 1811
16388 1 1730
16407 2 637
16427 1 1330
16428 1 2245
16433 4 2178
16435 1 1396
16440 1 1049
16455 2 1401
16464 2 3565
16465 4 3291
16488 1 817
16491 1 6610
16499 1 1594
16534 1 1160
16561 1 668
16562 1 1204
16579 1 1174
16632 1 1018
16660 1 745
16661 2 559
16662 1 954
16663 1 656
16711 1 2292
16760 1 627
16767 1 3326
16782 1 1420
16797 1 2473
16803 3 1575
16816 1 4136
16829 1 1094
16843 1 15992
16844 2 2540
16849 1 6516
16853 1 1372
16856 1 2460
16895 3 1762
16899 1 1633
16946 1 632
16952 2 7998
16968 1 2878
17002 4 968
17007 2 492
17013 1 9772
17019 2 1349
17033 2 452
17041 1 462
17045 1 478
17054 1 1596
17063 1 492
17076 2 520
17077 1 796
17078 2 783
17079 1 1250
17080 1 522
17081 1 1312
17082 1 374
17156 1 1346
17158 1 2334
17252 2 2637
17255 2 1594
17256 2 529
17257 4 2138
17258 3 1211
17259 2 702
17311 1 302
17321 1 1749
17338 1 612
17354 1 1123
17376 2 429
17391 1 2225
17392 1 1912
17393 1 1385
17394 1 1120
17415 1 578
17420 1 786
17424 1 2766
17528 1 996
17542 2 762
17572 1 938
17574 1 904
17575 1 193
17611 3 772
17613 1 2393
17638 1 6007
17659 1 360
17668 2 1358
17735 3 1588
17736 4 1309
17737 5 1122
17738 3 715
17755 11 405
17806 1 868
17821 2 615
17841 1 1098
17849 2 1534
17852 3 1403
17873 2 449
17888 1 637
17897 2 276
17930 2 980
17933 5 187
17978 1 471
17997 1 325
18004 2 5488
18009 1 577
18027 1 869
18033 1 3046
18035 1 2957
18036 1 3329
18054 1 2177
18058 2 1082
18072 1 729
18074 1 1263
18077 1 720
18087 1 2509
18088 1 1041
18089 3 1509
18090 1 1539
18091 1 1496
18092 1 1678
18095 2 901
18121 1 1538
18122 1 1701
18123 1 2594
18124 1 993
18127 1 318
18128 3 1604
18140 1 787
18149 1 1111
18180 1 156
18181 1 154
18182 1 157
18183 2 157
18184 1 158
18185 1 157
18186 1 157
18187 1 158
18188 1 153
18189 1 157
18190 1 158
18191 1 157
18192 1 158
18193 2 157
18194 2 157
18195 2 164
18196 1 154
18197 1 157
18198 2 163
18199 2 157
18200 1 157
18201 2 158
18202 2 157
18203 1 157
18204 1 163
18205 2 157
18206 2 158
18207 1 158
18208 1 154
18209 2 158
18210 1 160
18285 1 1990
18290 1 982
18293 2 273
18322 1 1063
18349 1 1057
18373 1 1926
18379 1 1166
18410 1 925
18414 1 1361
18416 1 1500
18479 1 962
18526 1 2537
18527 1 2923
18528 2 1827
18529 1 1805
18530 1 2029
18531 1 2147
18532 1 2296
18533 1 1991
18534 1 1729
18536 1 367
18567 1 1311
18573 1 306
18598 1 271
18616 2 1907
18646 4 1083
18653 1 4815
18656 1 1667
18678 1 1208
18697 1 783
18703 1 353
18706 1 478
18716 1 1408
18724 1 566
18728 2 2003
18774 4 816
18788 1 1109
18802 3 1147
18833 1 899
18847 1 603
18848 1 289
18883 1 1727
18897 1 233
18930 1 2682
18934 2 568
18946 1 1013
18981 1 944
19000 2 1062
19001 2 1062
19070 4 1479
19079 4 16454
19088 3 938
19091 3 1544
19096 1 636
19097 1 516
19133 1 2181
19142 1 1574
19175 1 519
19176 1 1330
19186 4 6942
19312 1 7
19490 4 952
19546 2 2366
19565 1 870
19600 1 3753
19613 1 1146
19615 1 1558
19619 1 1020
19646 1 974
19654 1 618
19681 1 10198
19685 1 4688
19758 1 317
19759 3 1457
19768 1 121
19792 1 3925
19810 1 536
19818 1 4232
19867 1 1332
19879 1 139
19885 1 1727
19890 1 2034
19892 1 2205
19897 1 3289
19904 2 1476
19912 4 1384
19928 1 2193
19934 2 984
19947 1 452
19961 2 2081
19993 1 664
20013 2 2102
20014 1 1053
20018 2 526
20023 2 336
20024 3 355
20025 1 616
20026 1 1825
20032 1 742
20054 1 630
20140 10 624
20142 1 598
20153 1 1172
20180 2 1773
20183 3 1575
20184 3 758
20208 1 979
20218 2 269
20258 1 1250
20259 1 1301
20260 1 1299
20265 2 1580
20319 1 477
20322 2 669
20423 1 5021
20425 3 3934
20428 2 1062
20575 1 4332
20621 2 2416
20653 2 6960
20715 4 802
20776 1 953
20791 1 919
20808 2 1960
20823 1 1234
20828 1 679
20832 1 1914
20850 1 892
20873 1 401
20876 1 1090
20897 1 1325
20921 1 983
20924 1 1135
20925 1 931
20945 1 855
20975 1 1229
20977 1 2515
20979 1 280
20981 1 4198
20992 2 636
20993 1 415
21006 5 1452
21048 1 914
21066 2 426
21093 1 1025
21101 1 2647
21116 1 824
21163 13 842
21166 1 681
21180 1 1918
21189 2 979
21191 1 323
21237 3 881
21261 1 1730
21288 1 1188
21310 1 1905
21357 2 5683
21359 1 13839
21377 2 1374
21421 1 1866
21456 1 1779
21464 1 658
21537 2 548
21556 1 709
21564 1 779
21569 1 1048
21608 3 4754
21614 1 379
21632 13 2786
21643 1 994
21648 1 6487
21649 1 2333
21662 1 3618
21670 2 1140
21688 2 2146
21704 1 1215
21779 1 1083
21803 3 1062
21814 1 4204
21826 1 1017
21832 15 2721
21833 1 1883
21857 1 1149
21861 1 1816
21873 1 630
21890 1 2113
21896 1 780
21897 1 2020
21927 1 1212
21936 1 564
21937 6 764
21939 1 541
21945 1 1790
21987 1 1422
21989 2 2096
21990 2 1578
21991 2 1915
21992 2 1844
21993 2 2572
21994 2 1872
21995 7 2336
21996 2 2579
21997 2 2196
21998 2 2024
22010 1 988
22021 1 824
22034 1 1880
22037 5 1338
22067 1 1179
22118 1 515
22141 1 2921
22195 1 752
22216 1 13756
22219 1 1236
22449 1 180
22509 1 1358
22518 3 320
22519 3 320
22520 3 918
22521 3 1379
22522 3 1218
22523 1 3123
22525 1 3022
22526 1 2933
22528 1 3156
22535 1 1608
22542 1 257
22554 6 875
22575 1 1360
22599 2 2198
22601 1 1004
22604 3 1011
22641 1 154
22642 2 152
22643 1 161
22644 2 151
22645 2 160
22646 2 151
22647 1 161
22648 2 155
22649 2 156
22650 1 155
22651 2 151
22652 2 155
22653 1 154
22654 1 160
22655 1 154
22656 2 155
22657 2 151
22658 2 160
22659 2 151
22660 1 154
22661 1 150
22662 1 150
22663 1 155
22664 1 155
22665 1 157
22666 1 152
22667 2 154
22668 1 156
22669 1 154
22670 1 151
22671 2 156
22672 2 150
22673 1 156
22674 2 154
22675 1 157
22676 1 152
22677 1 152
22678 1 157
22679 1 156
22680 1 162
22681 2 156
22682 2 153
22683 2 155
22684 2 152
22685 2 162
22686 1 163
22687 1 155
22688 1 156
22689 1 157
22690 1 157
22691 1 156
22692 2 159
22693 2 158
22694 2 157
22695 2 156
22696 2 155
22697 2 158
22698 2 155
22699 1 153
22700 1 156
22701 1 162
22702 2 157
22703 1 163
22704 2 154
22705 1 157
22706 2 156
22707 2 162
22708 1 156
22709 1 153
22710 2 157
22711 2 163
22712 2 157
22713 1 163
22714 1 165
22715 2 163
22716 2 163
22717 2 163
22718 1 164
22719 1 160
22720 1 164
22721 1 164
22722 1 166
22723 1 166
22724 1 166
22725 1 164
22726 1 171
22727 2 164
22728 2 164
22729 1 164
22730 1 164
22731 2 161
22732 1 164
22733 1 165
22734 2 160
22735 1 170
22736 1 165
22737 2 164
22738 1 163
22739 2 164
22740 2 164
22741 1 163
22742 2 166
22743 1 164
22744 1 165
22745 2 164
22746 1 163
22747 1 164
22748 2 161
22749 1 164
22750 1 162
22751 2 172
22752 2 166
22753 2 165
22754 2 162
22755 1 164
22756 1 165
22757 1 162
22758 1 160
22759 2 165
22778 1 936
22892 2 397
22922 4 2658
22923 6 2900
22924 2 3942
22927 1 2118
22976 2 1924
23008 1 718
23014 1 3266
23033 1 1939
23035 1 1061
23039 1 612
23061 1 455
23115 2 756
23211 2 1665
23216 2 946
23224 1 1079
23357 1 798
23367 2 1364
23368 2 2432
23419 2 1204
23420 2 1191
23421 2 633
23437 1 764
23464 2 3921
23514 2 8145
23547 1 539
23560 1 256
23637 1 2848
23649 1 509
23669 1 2196
23746 2 1757
23748 1 4770
23751 3 1862
23907 1 670
24017 3 221
24088 3 1581
24091 1 743
24119 7 14616
24121 1 1121
24123 1 1686
24124 1 2547
24136 2 1335
24143 1 781
24175 1 1777
24234 1 822
24256 3 1172
24257 3 1154
24265 2 3355
24374 1 3085
24383 1 1705
24388 1 1686
24418 1 126
24494 2 825
24513 1 1816
24533 7 1045
24556 2 2926
24580 4 1272
24584 1 483
24614 1 1048
24668 1 6702
24727 1 1692
24809 1 1190
24814 2 1629
24816 1 804
24823 1 2274
24834 2 2002
24837 1 1425
24844 1 1882
24855 2 606
24865 2 2318
24866 2 1558
24882 2 8171
24883 2 8171
24884 1 7321
24885 1 7349
24886 2 7415
24887 2 7415
24888 2 7415
24896 1 4879
24926 1 2341
24934 1 684
25026 3 1220
25054 1 1376
25055 1 1036
25063 3 814
25066 1 1878
25075 1 419
25088 1 260
25089 1 294
25112 1 875
25120 1 1142
25141 1 456
25146 5 1145
25175 3 4293
25190 1 1528
25240 2 1105
25286 1 470
25324 2 2744
25327 1 688
25392 1 964
25409 1 4429
25411 1 2077
25420 1 1176
25422 9 2424
25423 1 676
25441 1 1222
25475 1 3015
25476 1 3033
25479 1 3085
25530 1 1188
25545 2 2403
25547 2 3685
25552 1 483
25553 1 3595
25554 1 1688
25555 1 3167
25570 1 158
25571 2 156
25572 1 159
25573 1 159
25574 2 158
25575 2 154
25576 2 157
25577 2 158
25578 2 157
25579 2 158
25580 1 156
25581 1 154
25582 1 159
25583 2 155
25584 2 159
25585 1 158
25586 2 164
25587 2 158
25588 1 159
25589 2 158
25592 1 913
25593 1 909
25594 1 1893
25595 1 1880
25597 1 967
25598 2 1060
25599 2 1300
25600 2 1299
25615 1 920
25622 1 831
25781 1 1240
25847 1 826
25853 1 1173
25880 1 374
25900 1 990
25906 1 1166
26049 3 2989
26080 1 566
26082 1 1566
26087 1 1369
26103 2 720
26109 1 2505
26139 1 1202
26199 2 229
26200 1 767
26211 1 537
26216 1 887
26223 1 946
26241 1 5926
26257 1 3709
26259 1 3718
26260 1 3718
26261 1 3710
26262 1 3711
26296 1 1258
26341 2 436
26375 1 791
26434 3 3200
26463 3 563
26471 2 1612
26477 1 1705
26498 4 32423
26502 6 3975
26537 1 348
26569 3 895
26570 3 1069
26571 3 1195
26575 2 979
26584 1 1355
26604 2 621
26621 1 486
26663 3 1859
26666 1 204
26690 1 556
26714 1 1065
26748 2 618
26754 1 1464
26787 2 994
26805 1 1467
26820 1 5014
26822 1 1713
26824 1 966
26828 2 1420
26830 1 3419
26866 1 1580
26895 1 430
26900 1 711
26944 3 2864
26946 1 2974
27003 1 155
27035 2 1356
27086 1 126
27125 1 1153
27127 2 1556
27171 2 1261
27172 2 687
27180 1 552
27216 1 1262
27224 4 269
27272 4 1722
27279 1 1412
27280 1 399
27290 1 1365
27308 2 7530
27319 1 1266
27322 1 3721
27324 1 3721
27380 3 725
27404 1 539
27408 2 1001
27410 1 796
27414 1 870
27423 1 1599
27424 1 816
27430 1 1623
27519 1 1928
27567 1 1101
27574 1 1312
27613 1 3476
27623 1 2360
27710 2 812
27758 1 1663
27761 1 1167
27763 1 642
27771 1 696
27778 1 1834
27811 1 1400
27812 1 3494
27819 2 1332
27827 3 2297
27830 7 5835
27851 1 5844
27862 1 8511
27880 1 1171
27881 3 1142
27901 1 544
27983 2 1113
28001 2 886
28003 2 1375
28008 1 1268
28011 3 788
28012 3 784
28067 1 1569
28068 1 1208
28079 1 1167
28082 2 1956
28092 1 1582
28100 1 1191
28155 1 362
28257 1 3449
28259 2 6624
28311 1 734
28318 2 798
28326 2 761
28419 1 3437
28436 3 1926
28437 1 1135
28446 1 9326
28457 1 5857
28458 1 5864
28467 1 8583
28468 1 8583
28469 1 8615
28638 3 1123
28654 1 1104
28655 4 1313
28669 2 571
28686 1 1805
28695 1 1876
28699 3 795
28700 3 805
28707 2 606
28711 1 2834
28721 2 456
28773 1 2068
28823 1 758
28824 1 191
28834 1 1106
28845 1 1429
28846 2 1687
28847 2 1791
28881 1 2326
28923 1 500
28945 3 874
28983 1 1151
28993 2 559
29004 1 285
29040 1 477
29064 1 1128
29119 1 1828
29141 1 320
29142 2 1126
29146 1 1559
29149 1 556
29155 2 312
29180 1 3520
29195 1 857
29346 1 5736
29408 3 2208
29414 1 1661
29433 1 1359
29436 1 1447
29482 1 643
29486 5 1334
29491 1 3124
29494 2 3066
29497 1 2942
29568 1 819
29570 1 1177
29590 2 146
29626 2 1653
29628 1 3312
29629 1 1492
29655 1 158
29656 1 157
29657 1 157
29658 1 157
29659 2 163
29660 1 163
29661 2 156
29662 2 157
29663 2 158
29664 1 157
29665 2 157
29666 2 154
29669 1 447
29670 1 1640
29671 1 1645
29673 1 908
29676 3 943
29677 2 1300
29678 2 1181
29679 2 1182
29680 2 917
29727 2 1628
29783 1 180
29788 4 2365
29803 1 2905
29821 1 906
29828 27 1349
29876 1 1991
29878 1 1144
29892 1 947
29973 1 1093
29976 1 1058
30064 1 1072
30065 1 1794
30076 1 736
30077 1 3556
30078 2 923
30089 2 156
30090 1 163
30091 1 157
30092 2 157
30093 1 157
30094 1 158
30095 1 158
30096 1 157
30097 1 157
30098 1 153
30099 2 158
30100 2 154
30101 2 157
30102 2 158
30103 2 164
30104 2 158
30105 1 158
30106 2 154
30135 1 680
30137 4 5022
30166 2 953
30179 1 574
30180 1 993
30187 1 646
30255 2 2558
30257 1 1126
30261 1 977
30273 1 2533
30277 1 1384
30283 2 1092
30290 1 187
30300 1 6017
30301 1 1460
30303 2 5165
30330 1 444
30337 1 378
30354 1 582
30379 2 1010
30389 1 679
30457 2 177
30519 1 5484
30573 1 2812
30596 1 1172
30598 3 1152
30602 1 3594
30620 1 361
30635 2 2140
30693 2 403
30699 3 557
30707 3 932
30743 1 571
30752 1 1610
30765 3 1987
30767 3 794
30768 3 786
30808 1 2494
30816 1 398
30821 1 1456
30828 2 939
30847 1 189
30921 1 703
30926 2 1007
30959 1 394
30990 2 704
31004 1 1096
31024 1 913
31094 1 7803
31106 1 101
31229 1 4414
31250 4 1677
31267 1 7536
31289 2 1482
31328 1 3214
31329 1 3009
31331 2 2964
31332 1 3032
31355 2 5480
31378 1 1060
31387 1 1573
31398 1 896
31401 1 1892
31403 2 1003
31416 1 1544
31418 1 510
31438 1 1279
31441 2 1845
31446 3 1347
31447 3 1008
31449 2 1693
31466 2 154
31467 2 156
31468 2 158
31469 1 154
31470 1 157
31471 1 158
31472 2 157
31473 1 158
31474 2 158
31475 2 156
31476 2 157
31477 1 158
31478 2 158
31479 1 155
31480 1 155
31481 2 159
31482 2 158
31483 1 158
31490 1 827
31501 1 1067
31502 1 686
31518 2 5634
31540 2 1089
31559 2 402
31574 2 659
31624 1 671
31644 4 1272
31662 1 455
31688 1 2740
31694 1 3337
31735 1 1164
31751 1 1084
31755 1 1317
31767 2 1437
31827 1 344
31843 2 1841
31852 1 1764
31874 2 640
31957 2 1455
31974 2 846
32021 1 720
32022 1 463
32023 1 2558
32027 1 1475
32173 2 840
32216 2 1582
32241 1 5341
32242 1 1349
32248 1 886
32270 1 1127
32287 1 3033
32288 1 3260
32289 1 2992
32296 1 2955
32299 2 3515
32300 1 3026
32302 1 3115
32303 1 2974
32313 2 600
32318 1 296
32360 1 1518
32372 1 1632
32398 1 1410
32406 1 1010
32413 3 2301
32434 2 163
32435 1 157
32436 1 159
32437 2 157
32438 1 157
32439 2 153
32440 1 156
32441 1 158
32442 2 158
32443 1 153
32444 2 158
32445 2 158
32446 1 157
32447 2 153
32448 2 153
32449 1 154
32450 1 157
32451 1 157
32452 2 157
32453 1 156
32454 2 156
32455 1 157
32456 2 157
32457 2 154
32458 2 153
32459 1 154
32460 2 163
32461 1 163
32462 2 157
32463 2 156
32464 2 156
32465 1 164
32466 1 158
32467 2 158
32472 1 1402
32490 1 1063
32549 2 549
32561 1 832
32570 3 1155
32632 1 1721
32648 1 612
32742 1 922
32743 1 1903
32757 1 502
32823 1 277
32852 1 474
32958 1 1960
32977 2 895
32996 1 693
33067 1 257
33075 1 1601
33078 2 5728
33082 1 997
33091 1 10334
33148 2 713
33168 4 810
33179 1 2037
33189 1 1759
33190 1 1142
33195 4 626
33207 3 783
33208 1 1069
33215 2 1134
33237 2 751
33262 1 744
33268 3 3327
33294 1 1429
33328 1 3420
33333 2 6676
33334 6 2979
33370 1 898
33374 2 325
33377 1 1162
33394 1 836
33403 4 5506
33442 1 527
33457 1 1116
33470 1 1076
33505 1 969
33589 1 965
33590 1 3769
33594 3 893
33610 4 1314
33611 3 1184
33651 1 315
33652 1 264
33681 1 859
33690 4 825
33691 3 828
33695 1 3294
33703 4 18894
33711 3 830
33714 1 797
33728 1 874
33864 1 649
33872 2 1046
33901 1 1734
33920 1 220
33925 2 684
33929 1 409
33937 1 14231
33942 2 1795
33943 2 2181
33944 2 1449
33948 1 1368
33949 1 537
33965 2 530
33993 1 845
33996 1 4294
33997 1 341
34027 1 1328
34046 1 3718
34066 1 1148
34086 2 3765
34126 5 948
34151 1 1688
34169 1 890
34177 1 1899
34191 5 1190
34241 1 658
34249 1 274
34268 1 3482
34277 1 1189
34288 1 1049
34328 1 556
34351 1 2425
34394 2 8616
34421 1 894
34433 1 451
34440 1 2290
34455 2 1495
34460 1 1553
34463 1 620
34496 6 1346
34518 6 777
34520 2 2339
34525 2 1736
34526 2 2380
34537 1 2175
34551 1 992
34552 1 2327
34578 1 2374
34579 2 1171
34617 2 1251
34632 3 808
34654 1 770
34674 1 2253
34675 3 1999
34677 3 793
34678 3 758
34687 1 327
34694 2 658
34696 1 2011
34699 1 381
34711 1 280
34792 1 862
34804 1 3895
34845 1 228
34899 1 554
34932 1 731
34936 1 276
34938 1 5944
34949 2 1920
34954 1 779
35039 1 2773
35069 3 3840
35124 1 150
35148 1 1369
35260 1 157
35300 2 466
35336 1 1307
35337 2 1479
35343 2 1162
35344 1 1355
35345 1 1795
35369 1 1232
35393 2 970
35427 2 12574
35462 3 801
35475 2 12761
35504 2 1747
35524 4 2484
35581 1 388
35608 1 416
35613 1 447
35614 1 640
35642 1 741
35646 1 162
35653 1 775
35677 2 2037
35683 1 1542
35714 1 1619
35752 1 1226
35771 1 5813
35801 1 585
35850 4 2980
35852 1 3364
35853 3 722
35861 1 10960
35926 4 1322
35930 1 908
35937 1 4486
35960 1 1879
35985 1 905
36029 1 514
36054 2 189
36081 1 2438
36084 3 1618
36128 3 1319
36138 1 729
36178 3 4277
36229 1 1405
36236 2 485
36237 1 761
36240 1 963
36257 2 1362
36274 1 765
36286 1 1718
36310 2 1301
36312 2 1698
36338 1 405
36342 1 1083
36348 3 1204
36350 2 893
36358 2 1651
36359 1 1665
36363 3 2502
36364 2 2554
36376 1 304
36381 1 1502
36383 4 2040
36389 2 6107
36390 2 6107
36391 1 7515
36392 1 6574
36393 1 6574
36394 7 5251
36395 7 5251
36396 7 5251
36397 1 8678
36398 1 8678
36402 3 2671
36455 2 2503
36552 2 1625
36559 2 2030
36616 2 806
36684 2 1952
36688 1 1758
36689 1 1112
36692 5 1033
36696 3 816
36724 1 2272
36731 1 885
36750 1 1341
36754 1 1714
36775 4 4563
36778 1 759
36796 1 1826
36797 1 6365
36817 1 620
36828 1 1444
36832 1 4358
36891 1 450
36928 1 383
36935 2 867
36953 1 562
36963 2 916
37002 2 467
37005 2 1134
37006 1 421
37023 1 2246
37040 2 2087
37089 2 528
37091 2 1834
37093 1 1160
37193 1 4630
37208 2 358
37326 1 833
37343 1 852
37379 1 1264
37387 1 850
37411 5 375
37418 1 1786
37425 1 4184
37436 2 9722
37483 1 823
37492 1 208
37500 3 1043
37502 1 1948
37544 1 946
37550 6 1723
37560 1 337
37589 3 989
37593 2 2020
37599 1 1374
37615 1 2824
37616 2 8646
37621 1 648
37653 1 1054
37656 2 1075
37661 1 5314
37673 2 954
37678 6 1076
37685 3 2123
37686 2 2096
37694 1 3082
37736 3 1948
37745 2 353
37746 2 357
37839 1 507
37849 3 982
37893 1 7547
37895 1 1340
37897 1 1027
37915 3 778
37916 5 792
37920 1 1463
37930 2 681
37932 1 17484
37957 1 474
37959 1 3028
37974 4 1488
37994 1 558
38050 1 445
38054 1 1792
38065 2 966
38070 2 1509
38094 1 2311
38095 1 901
38102 12 939
38107 1 482
38152 1 524
38153 1 1194
38181 1 1301
38225 1 482
38242 1 1095
38276 2 632
38307 1 1626
38308 1 704
38316 1 1756
38317 2 1215
38318 3 1214
38341 1 1137
38358 2 951
38359 2 1335
38360 2 955
38362 10 670
38400 2 1879
38401 2 506
38402 2 678
38403 2 1800
38404 2 1515
38405 2 2475
38406 2 1770
38407 2 1761
38408 2 2338
38409 2 1711
38413 1 6145
38435 2 1582
38445 1 2338
38446 1 1008
38447 1 2944
38448 1 6071
38449 1 1891
38471 2 878
38472 2 1041
38506 1 725
38526 1 1143
38530 10 1502
38544 3 343
38550 1 806
38556 2 767
38584 1 728
38589 3 1121
38602 1 826
38613 2 842
38620 1 1203
38640 1 1038
38692 1 1658
38713 3 1687
38715 1 5564
38726 2 926
38758 1 1048
38786 2 2614
38787 1 1258
38788 1 863
38806 1 730
38807 1 2365
38815 1 1731
38816 1 920
38830 1 612
38844 1 447
38855 1 5137
38884 2 2693
38944 2 3052
38945 2 1483
38958 1 1370
38969 1 992
38972 1 883
38993 2 249
39053 1 1408
39055 1 288
39080 4 887
39084 1 4248
39085 1 4795
39127 2 1657
39130 1 361
39157 1 1476
39163 2 879
39164 3 2936
39170 1 1347
39187 1 715
39194 1 764
39195 2 2112
39196 4 1333
39240 1 1187
39241 1 7079
39249 1 1162
39253 1 495
39272 1 730
39278 2 5705
39279 2 5440
39290 1 5621
39301 1 12335
39307 1 2173
39321 4 1371
39341 1 9083
39429 2 657
39438 1 379
39467 1 976
39482 3 1937
39484 3 754
39488 1 1377
39494 2 867
39526 3 861
39561 1 896
39664 4 820
39670 1 202
39699 1 3266
39711 1 1160
39716 1 683
39792 4 1010
39797 1 2288
39806 1 1057
39923 4 964
39924 3 1284
39927 1 1251
39939 1 2186
39945 1 842
39954 1 666
39970 1 1979
39986 1 880
40000 3 398
40005 2 707
40033 1 2140
40056 1 2607
40065 1 3427
40070 1 1450
40079 3 1161
40085 1 813
40173 2 652
40177 1 412
40183 1 1540
40198 1 5290
40215 3 861
40218 1 93
40253 1 3705
40255 1 3713
40257 1 3718
40295 2 774
40297 1 915
40320 1 7910
40334 2 965
40369 1 479
40374 1 648
40397 1 1801
40401 1 2725
40416 1 463
40424 2 757
40425 2 620
40428 5 708
40481 2 1509
40516 4 426
40538 1 14088
40562 1 652
40574 2 1463
40585 1 1235
40595 2 1611
40625 1 980
40741 3 608
40742 3 1167
40743 3 1173
40744 3 1283
40748 1 865
40764 1 793
40804 3 281
40897 1 2888
40899 1 5270
40917 1 503
40930 1 357
40959 2 5445
40978 1 1189
41047 1 1994
41061 2 890
41073 1 631
41100 1 1368
41113 2 1884
41114 2 2690
41117 1 1658
41161 4 2501
41247 1 1335
41270 1 1544
41273 6 1001
41306 1 2294
41458 1 1078
41524 4 2455
41527 1 666
41531 1 938
41677 2 2045
41678 2 1464
41719 1 632
41735 2 659
41736 2 693
41780 1 732
41786 2 1169
41809 1 908
41826 1 2287
41828 1 764
41837 4 1734
41851 8 1458
41865 2 1487
41891 1 1058
41896 1 821
41913 1 123
41947 2 2133
41951 1 1203
42005 1 1442
42028 2 3931
42030 1 2922
42031 1 1805
42035 1 3392
42046 1 1022
42053 1 3174
42060 1 1283
42087 1 640
42168 1 707
42207 1 824
42251 1 908
42260 1 1936
42281 1 864
42301 1 1173
42309 3 5367
42349 6 527
42358 1 1430
42362 1 10503
42375 1 2118
42418 1 914
42425 3 5948
42436 1 871
42472 1 275
42515 1 405
42535 1 262
42559 1 2800
42571 1 844
42577 1 1608
42582 1 1649
42600 2 2138
42601 2 2101
42629 1 3606
42631 2 1557
42632 2 2515
42635 1 1088
42648 1 4779
42673 9 1898
42679 2 6107
42680 2 6107
42681 1 2570
42684 1 162
42685 2 156
42686 2 162
42687 1 156
42688 2 155
42689 1 152
42690 2 157
42691 1 156
42692 2 153
42693 2 156
42694 2 156
42695 1 156
42696 2 162
42697 2 152
42698 1 156
42699 1 156
42700 1 158
42701 2 153
42702 1 162
42703 1 155
42704 2 155
42705 2 162
42706 1 153
42707 2 152
42708 2 156
42709 2 157
42710 1 153
42711 2 153
42712 2 153
42713 1 157
42714 1 156
42715 2 152
42716 1 156
42717 1 156
42718 1 162
42719 1 156
42720 1 158
42721 2 156
42722 1 163
42723 2 153
42724 1 153
42725 2 157
42726 1 158
42727 1 163
42728 2 164
42729 2 158
42730 2 154
42731 1 157
42732 2 152
42733 1 163
42734 1 162
42735 2 154
42736 2 158
42737 2 158
42738 1 158
42739 1 159
42740 1 164
42741 2 159
42742 2 165
42743 1 156
42744 1 155
42745 1 155
42746 1 657
42761 1 1022
42764 1 1569
42773 1 741
42816 2 1087
42832 1 1721
42843 1 335
42844 1 332
42850 1 4255
42854 2 246
42855 1 3481
42884 1 1169
42929 1 395
42949 2 2799
43002 3 1109
43072 1 1152
43098 4 258
43099 2 850
43109 1 2284
43143 1 812
43161 2 1596
43265 1 1262
43327 1 1254
43442 2 2510
43474 1 2661
43481 1 1042
43551 2 1826
43560 1 548
43570 3 790
43583 2 569
43659 1 1360
43661 2 1148
43677 1 1436
43679 1 494
43693 2 1197
43731 1 430
43817 1 739
43832 1 1187
43843 2 878
43942 1 2137
43951 1 1398
43953 1 1000
43962 1 891
43978 1 1288
44027 1 352
44097 1 470
44098 1 1844
44113 1 1415
44115 6 4306
44116 6 4462
44122 1 1272
44127 1 904
44129 1 1404
44157 1 2662
44191 1 1020
44212 2 1650
44253 2 2425
44261 1 209
44278 1 306
44286 2 5425
44287 46 3176
44329 1 333
44378 1 179
44380 1 1907
44396 1 427
44407 1 1204
44421 1 832
44429 2 1727
44442 1 1179
44443 2 1543
44456 1 1155
44506 1 1670
44534 1 1427
44542 1 1169
44574 1 1177
44761 1 2510
44765 2 411
44777 3 358
44787 6 1714
44788 2 1806
44789 2 1330
44797 3 844
44813 1 1238
44825 2 967
44860 2 283
44870 1 1470
44871 1 771
44873 1 3136
44875 1 2970
44877 1 2904
44879 1 3172
44880 1 2983
44886 1 1038
44894 1 1132
44896 1 1132
44897 2 721
44903 1 570
44909 1 742
44916 1 964
44923 1 1258
44926 1 1352
44937 1 1292
44952 1 2567
44953 2 900
44956 1 7041
44962 3 1439
44982 1 155
44983 1 156
44984 2 157
44985 2 153
44986 1 156
44987 1 157
44988 1 157
44989 2 156
44990 1 157
44991 1 157
44992 1 156
44993 2 156
44994 1 157
44995 2 152
44996 2 162
44997 1 153
44998 2 156
44999 1 156
45000 1 153
45001 2 157
45002 1 153
45003 1 155
45004 2 156
45005 2 157
45006 1 153
45007 1 158
45008 2 156
45009 1 157
45010 2 152
45011 1 152
45012 2 158
45013 1 157
45014 1 159
45015 1 159
45016 1 158
45017 2 154
45018 1 159
45019 1 159
45020 1 158
45021 1 159
45022 1 156
45023 1 155
45024 1 157
45025 2 164
45026 2 158
45027 2 158
45028 1 155
45029 1 158
45030 2 157
45031 2 157
45032 2 157
45033 1 159
45034 1 158
45035 2 157
45036 2 154
45037 2 156
45038 2 161
45039 2 164
45040 1 156
45041 1 155
45042 1 159
45043 2 155
45044 1 158
45045 2 158
45046 1 166
45047 1 159
45048 2 159
45049 2 159
45050 2 159
45051 1 159
45052 2 164
45053 1 159
45054 1 160
45055 2 158
45056 1 163
45057 2 164
45058 2 160
45059 2 163
45060 1 161
45061 1 170
45062 1 164
45063 1 163
45064 2 161
45065 1 163
45094 1 848
45155 2 672
45162 2 989
45163 1 1509
45175 1 347
45181 1 1440
45208 1 1331
45251 2 2817
45260 1 899
45310 3 1152
45350 4 693
45356 1 680
45358 1 463
45376 1 1359
45380 1 4227
45386 2 159
45676 1 11251
45681 1 2190
45704 2 1557
45809 2 1675
45831 1 789
45859 1 21421
45864 6 869
45934 2 941
45948 2 397
45952 1 176
45960 1 2353
45978 5 2264
45981 1 1001
45984 1 629
45987 1 517
45990 1 510
46006 9 533
46034 1 865
46089 1 844
46139 1 980
46141 1 1036
46149 2 919
46154 3 1899
46165 1 498
46166 1 621
46289 1 4086
46318 3 2246
46349 1 578
46409 2 1262
46431 1 746
46467 1 1655
46470 4 862
46475 1 939
46484 2 573
46492 1 1037
46494 1 688
46519 1 5448
46528 10 1148
46543 5 615
46566 1 662
46570 3 533
46591 1 1721
46592 3 1676
46615 1 3442
46637 1 1010
46653 1 784
46662 3 558
46681 1 893
46695 1 1088
46696 2 1298
46726 2 1514
46729 2 1249
46744 6 1837
46748 1 1902
46755 1 753
46768 1 712
46774 9 2182
46779 2 1776
46780 2 1725
46781 2 3752
46782 2 1711
46783 2 2182
46784 2 2048
46793 1 169
46807 1 977
46808 1 976
46809 1 883
46828 1 845
46905 1 1128
46906 1 38
46942 1 1392
46943 1 1398
46952 1 2067
46971 1 72
46973 1 510
46987 2 378
47077 1 1528
47092 1 1683
47095 11 6494
47221 11 631
47227 1 1148
47230 1 1077
47284 1 781
47346 1 1159
47385 1 516
47435 2 138
47437 2 1517
47438 2 1445
47444 1 3470
47445 1 2962
47449 1 2847
47468 1 987
47505 1 1587
47506 1 1955
47526 4 967
47544 2 1704
47551 11 1447
47552 3 1137
47559 4 11224
47578 2 157
47579 1 153
47580 1 157
47581 1 158
47582 1 154
47583 1 163
47584 1 158
47585 1 155
47586 1 157
47587 1 158
47588 2 157
47589 2 158
47590 2 157
47591 2 164
47592 2 154
47593 2 157
47594 1 157
47595 2 153
47596 2 157
47597 1 157
47598 1 157
47599 1 153
47600 2 153
47601 1 154
47614 3 645
47646 2 490
47674 2 654
47725 3 737
47736 1 1046
47751 1 483
47780 37 5199
47829 1 666
47861 1 1318
47900 2 1530
48001 1 701
48020 2 1218
48033 1 661
48039 1 807
48099 3 773
48100 3 764
48102 3 1483
48132 1 1373
48133 2 2192
48134 4 1655
48135 5 1627
48164 2 599
48203 3 428
48212 1 840
48268 1 5058
48277 1 1700
48279 1 1412
48296 1 1337
48341 2 811
48379 2 6270
48383 2 1983
48420 1 299
48421 1 301
48422 1 309
48423 1 468
48424 1 456
48491 2 545
48507 1 1533
48528 1 794
48538 1 576
48604 1 869
48620 2 167
48632 1 3473
48647 1 1159
48650 4 6532
48651 12 3561
48664 1 1021
48668 1 536
48694 1 779
48710 1 1101
48736 1 1159
48741 1 1388
48781 1 806
48814 1 3174
48815 1 714
48863 2 749
48910 1 1372
48924 3 3784
48949 1 1128
48989 4 1067
48993 1 1384
49006 1 837
49031 1 1285
49033 1 481
49051 1 3490
49137 1 1559
49139 3 1280
49140 3 1377
49141 3 1639
49147 1 719
49148 1 1740
49149 1 3141
49150 1 4092
49151 1 1897
49163 1 1009
49175 1 9938
49187 2 1258
49212 1 933
49223 2 782
49243 2 817
49271 3 1100
49273 1 177
49275 1 356
49289 3 423
49323 1 5236
49332 1 1151
49348 2 2857
49351 1 1081
49352 1 2586
49368 2 1162
49369 5 512
49436 2 668
49479 3 1005
49480 3 988
49496 2 346
49549 1 1332
49690 1 634
49714 1 1703
49715 1 599
49718 2 833
49747 1 512
49768 2 1000
49780 2 860
49782 1 2062
49801 1 763
49806 1 1527
49844 3 6972
49845 1 1113
49871 1 763
49884 4 798
49895 2 652
49906 1 737
49922 1 1533
49923 1 738
49938 1 1229
49940 2 1997
49996 1 478
50014 1 1452
50021 1 900
50027 1 1114
50033 4 924
50045 1 1379
50046 1 708
50120 3 1661
50123 2 1225
50124 2 1198
50126 2 1046
50127 2 917
50128 2 1038
50129 2 1730
50131 3 1217
50132 2 1107
50134 1 619
50151 3 602
50165 2 929
50172 3 707
50194 3 1013
50200 1 1454
50201 1 1131
50202 1 1056
50203 1 980
50204 2 2083
50254 1 555
50260 2 1300
50265 1 956
50266 1 999
50267 1 865
50268 1 945
50269 1 1701
50270 1 962
50281 1 1237
50294 1 358
50297 1 616
50298 1 1458
50311 1 645
50328 1 1690
50341 2 968
50355 4 3677
50358 1 1712
50367 2 1807
50368 1 228
50371 2 1728
50376 1 1371
50393 1 777
50443 1 391
50444 1 331
50479 1 482
50503 3 2290
50508 2 635
50546 1 1843
50556 1 1044
50621 2 1050
50631 2 446
50632 4 1689
50719 3 2143
50723 1 3146
50755 1 3965
50757 2 699
50779 2 1410
50780 5 1361
50781 2 1384
50782 6 1453
50791 1 368
50808 1 623
50810 1 1115
50834 1 3519
50853 1 3547
50861 4 652
50891 1 243
50893 1 496
50916 1 4044
50917 1 5455
50931 4 1730
50963 1 985
50966 6 8029
50983 4 16660
51001 1 1402
51011 1 1216
51012 1 1432
51015 1 337
51061 2 595
51082 1 1356
51101 3 2052
51103 1 478
51121 1 1534
51142 2 838
51150 1 2908
51151 1 2830
51200 1 1152
51201 1 1247
51210 1 873
51231 17 1305
51232 3 1471
51233 2 1315
51241 1 743
51259 1 586
51260 1 157
51261 1 156
51262 1 164
51263 2 158
51264 1 156
51265 1 157
51266 1 157
51267 2 158
51268 1 154
51269 1 155
51270 1 158
51271 2 156
51272 1 153
51273 2 157
51274 2 153
51275 2 158
51276 1 163
51277 1 156
51278 1 157
51290 6 6381
51291 5 1801
51292 4 1220
51329 2 740
51344 6 2554
51385 1 1887
51426 35 3586
51443 2 510
51467 1 469
51476 1 2010
51494 1 905
51524 2 1734
51541 1 633
51562 1 1186
51657 1 1524
51658 1 1259
51666 1 1112
51699 1 1261
51722 2 1266
51729 1 529
51761 5 495
51763 2 2149
51764 2 2864
51765 2 539
51827 4 2148
51832 1 1066
51839 1 9735
51868 1 383
51939 2 776
51983 2 257
52000 2 1615
52017 1 975
52019 1 1451
52021 2 595
52109 2 3805
52167 1 2979
52183 1 1064
52211 1 730
52213 1 3751
52228 1 3809
52233 1 1302
52268 1 1097
52326 1 3702
52345 1 3783
52393 2 1450
52404 2 1285
52405 1 2273
52413 1 746
52423 1 1405
52426 1 1385
52442 1 1703
52449 1 3942
52457 1 4403
52463 1 556
52464 2 668
52465 1 543
52472 1 1216
52473 1 1195
52475 4 1358
52488 1 433
52491 1 501
52499 1 936
52502 1 6875
52515 3 322
52541 1 3260
52551 2 438
52592 2 1343
52638 1 1649
52718 1 2980
52719 1 2978
52721 1 2968
52722 1 2934
52798 1 746
52801 1 1168
52804 1 4622
52805 2 846
52894 1 382
52922 1 401
52946 1 1982
52988 4 24350
52990 2 638
52991 2 620
53009 2 1486
53032 5 739
53066 1 855
53097 1 642
53099 4 3241
53103 2 1051
53139 1 3527
53143 1 2969
53148 1 179
53158 1 9225
53240 1 154
53241 1 4057
53242 2 4792
53243 2 3386
53244 1 2636
53261 2 1586
53262 1 904
53263 1 715
53300 2 548
53308 2 2307
53369 1 223
53398 11 1658
53424 1 5193
53428 1 324
53430 1 48057
53431 2 288
53438 1 5686
53459 3 1126
53469 1 2932
53489 1 624
53504 1 1081
53508 1 1704
53534 1 1069
53562 1 649
53625 1 452
53679 1 1230
53707 1 5088
53726 1 2312
53742 2 1066
53780 1 3112
53784 2 1362
53794 2 2430
53839 1 1223
53888 1 5712
53911 2 833
53936 6 1821
54116 1 1186
54142 2 2860
54144 2 2965
54146 3 782
54154 7 195
54157 1 5381
54171 2 1740
54177 1 672
54206 1 1036
54211 2 1735
54212 1 1573
54213 1 616
54224 2 579
54225 1 998
54227 1 451
54239 1 342
54282 1 865
54327 1 1517
54396 1 537
54440 1 366
54515 1 1003
54519 1 458
54559 1 2260
54564 1 3322
54571 2 839
54588 1 600
54589 3 2333
54594 1 296
54612 1 803
54638 1 497
54661 1 699
54672 1 519
54673 1 1496
54863 1 507
54935 2 976
54945 1 2058
54949 1 1656
54962 1 2551
54973 2 1697
54974 2 1777
54992 1 722
54998 1 1411
55026 1 432
55045 1 1195
55051 1 384
55056 1 1176
55058 2 442
55069 1 2948
55070 1 2984
55071 1 3179
55109 2 693
55123 1 1027
55146 2 2594
55147 2 2912
55148 5 975
55151 3 1332
55172 1 154
55173 1 158
55174 2 153
55175 1 157
55176 1 157
55177 2 158
55178 2 163
55179 1 154
55180 1 164
55181 2 153
55182 2 157
55183 1 164
55184 2 158
55185 2 154
55186 2 160
55187 2 159
55188 2 159
55189 1 154
55190 2 155
55191 1 158
55192 1 158
55193 1 159
55194 1 158
55195 1 156
55196 2 160
55197 1 158
55198 1 160
55199 1 160
55200 1 155
55201 2 158
55202 1 157
55203 2 159
55204 2 160
55205 2 160
55206 2 155
55207 1 159
55208 2 158
55209 2 160
55210 2 159
55211 2 155
55212 2 159
55213 1 158
55214 2 160
55215 2 157
55216 2 158
55217 2 158
55218 2 159
55219 1 159
55220 1 157
55221 2 159
55222 1 158
55223 2 154
55224 1 158
55225 1 158
55226 1 154
55227 1 155
55228 2 160
55229 1 164
55230 1 155
55231 2 164
55232 1 158
55233 2 165
55234 1 158
55235 1 155
55236 2 159
55237 1 158
55238 2 157
55239 2 159
55240 1 159
55241 1 160
55242 1 156
55243 1 155
55244 2 159
55245 2 159
55246 1 160
55247 1 156
55248 2 159
55249 2 164
55250 1 161
55251 1 164
55252 1 164
55253 1 164
55254 2 163
55255 2 164
55256 2 164
55257 1 165
55258 2 161
55259 1 164
55260 2 164
55261 1 170
55262 1 164
55263 2 164
55264 2 165
55265 2 163
55266 1 160
55267 2 165
55268 2 164
55269 1 164
55270 1 161
55271 1 164
55272 1 164
55273 2 163
55274 2 165
55275 1 170
55276 2 163
55277 2 164
55278 1 164
55279 1 164
55280 1 164
55281 2 164
55282 2 164
55283 1 163
55284 2 164
55285 1 164
55286 1 160
55287 1 163
55288 2 164
55289 2 161
55290 1 160
55291 1 163
55292 2 164
55293 1 170
55294 2 164
55295 1 164
55296 1 164
55297 2 170
55298 2 160
55299 2 164
55300 2 164
55301 1 164
55332 2 742
55415 2 647
55433 1 1983
55441 1 718
55443 1 1365
55456 1 2236
55473 1 1030
55520 2 945
55604 1 381
55611 1 1071
55620 1 862
55621 1 933
55654 1 818
55668 1 780
55669 1 315
55731 1 2515
55754 1 634
55907 1 1063
55917 1 1178
55919 2 3288
55920 1 718
55925 3 701
56032 4 668
56038 1 1596
56179 1 517
56181 2 1977
56183 1 1942
56186 2 1104
56187 2 1455
56189 2 1843
56196 1 1404
56213 2 677
56223 2 5116
56227 1 1370
56286 2 2036
56416 3 803
56418 2 1368
56419 4 1590
56420 2 1446
56423 1 1323
56484 3 494
56500 2 2556
56503 7 5900
56508 3 768
56509 3 803
56510 3 797
56511 3 870
56512 2 1050
56522 1 3726
56527 1 1174
56538 3 427
56546 3 734
56561 2 535
56581 3 2134
56582 2 1624
56607 3 2013
56617 4 1131
56623 1 236
56653 1 337
56663 3 353
56689 2 1387
56695 1 1426
56706 3 1698
56778 1 340
56779 1 256
56780 1 345
56782 2 788
56794 2 620
56809 1 813
56879 1 507
56895 1 3189
56922 4 1234
56969 1 1209
56975 1 1351
56979 1 925
56998 1 583
57024 2 5130
57131 2 52
57226 1 11510
57255 1 2815
57287 2 1705
57288 2 2261
57323 1 1349
57365 2 268
57367 2 2359
57371 2 1247
57376 6 304
57381 1 2992
57382 2 3136
57385 1 2878
57387 1 2964
57388 3 3103
57401 1 1176
57404 1 298
57409 1 701
57433 1 990
57436 1 3484
57441 1 2098
57445 1 944
57449 2 3288
57461 1 1199
57462 1 1248
57471 1 1255
57474 1 747
57493 1 795
57495 1 1255
57517 2 1069
57523 3 1045
57551 1 1637
57552 1 153
57553 1 157
57554 2 156
57555 2 156
57556 2 156
57557 2 153
57558 2 155
57559 2 157
57560 2 158
57561 1 152
57562 2 156
57563 2 157
57564 2 153
57565 2 157
57566 1 156
57567 2 153
57568 2 155
57569 1 158
57570 2 162
57571 2 152
57572 2 156
57573 1 157
57574 1 157
57575 2 155
57576 1 153
57577 2 157
57578 2 156
57579 2 162
57580 2 156
57581 1 157
57582 1 157
57583 1 156
57584 1 162
57585 1 156
57586 2 156
57587 1 156
57588 1 156
57589 1 153
57590 2 156
57591 2 158
57592 2 156
57593 2 156
57594 1 159
57595 2 152
57596 1 156
57597 2 163
57598 1 152
57599 2 154
57600 2 155
57601 1 156
57602 2 157
57603 2 157
57604 2 156
57605 2 156
57606 1 156
57607 2 157
57608 2 163
57609 2 153
57610 2 157
57611 1 157
57612 1 157
57613 2 157
57614 1 154
57615 2 158
57616 2 1787
57617 2 1772
57618 2 1770
57630 1 888
57643 10 8017
57646 3 834
57660 1 6533
57663 3 1474
57722 2 1053
57723 2 578
57726 2 414
57730 2 1998
57762 1 445
57768 1 232
57776 2 574
57779 2 439
57781 1 1176
57782 1 1036
57797 6 730
57802 1 603
57812 1 446
57818 1 3557
57826 1 1708
57841 1 578
57843 2 1480
57846 5 2065
57847 2 1952
57878 1 3882
57880 1 956
57881 1 2310
57904 2 1443
57908 2 893
57915 2 2190
57916 1 1132
57943 4 793
57948 1 5712
57949 1 5712
57952 1 8583
57953 1 8583
57968 2 880
57974 1 1235
58199 1 4784
58206 2 505
58215 1 1221
58228 1 900
58251 1 4547
58281 1 567
58306 1 973
58307 1 461
58328 2 1060
58329 2 1243
58330 2 1851
58334 1 867
58365 1 1275
58377 1 549
58381 1 413
58383 1 1351
58385 3 342
58426 1 1265
58484 1 1130
58514 2 1385
58832 5 1304
58839 2 2933
58843 1 2916
58844 1 3246
58846 2 2959
58889 1 1343
58908 1 775
58924 1 550
58925 2 1726
58969 1 800
58970 1 799
58971 1 153
58972 2 158
58973 1 158
58974 2 154
58975 2 153
58976 1 157
58977 1 153
58978 1 157
58979 1 157
58980 2 158
58981 2 153
58982 1 158
58983 2 157
58986 2 151
58987 2 154
58988 2 154
58989 2 154
58990 1 155
58991 2 154
58992 2 154
58993 2 150
58994 1 155
58995 2 160
58996 1 153
58997 1 156
58998 1 155
58999 2 154
59000 2 151
59001 2 154
59002 1 154
59003 2 155
59004 2 155
59005 1 154
59006 1 155
59007 1 151
59008 1 154
59009 1 150
59010 1 154
59011 2 151
59012 1 154
59013 1 155
59014 2 150
59015 2 156
59016 1 161
59017 2 156
59018 2 154
59019 2 151
59020 2 153
59021 1 160
59022 1 155
59023 1 155
59024 2 156
59025 2 152
59026 2 156
59027 2 160
59028 1 154
59029 2 151
59030 2 155
59031 1 150
59032 2 161
59033 2 161
59034 1 151
59035 2 151
59036 2 153
59037 1 155
59038 2 152
59039 1 154
59040 2 155
59041 2 155
59042 1 155
59043 1 451
59044 1 1645
59045 1 1137
59046 3 942
59047 2 917
59048 2 919
59209 1 2825
59211 1 3035
59228 2 571
59250 3 752
59261 1 363
59287 1 827
59293 1 1254
59312 1 649
59338 2 700
59387 1 1937
59390 1 1152
59418 2 9567
59430 1 3685
59440 1 836
59464 1 1707
59468 1 4334
59472 1 2189
59473 1 4291
59479 1 2405
59480 1 2579
59481 1 1817
59486 2 1273
59487 2 1447
59490 4 1051
59501 1 962
59514 1 1322
59515 2 2280
59516 2 1925
59517 2 1125
59521 1 1931
59555 2 1177
59558 1 322
59567 1 1069
59569 2 1463
59574 6 1852
59575 2 864
59576 2 679
59579 5 1012
59590 3 1196
59603 2 1181
59618 2 1895
59619 2 3498
59620 3 2013
59621 2 2882
59627 2 4734
59630 2 5288
59647 1 1537
59691 1 2592
59695 3 2300
59696 3 2013
59697 3 2431
59698 3 2181
59713 1 1324
59723 1 233
59728 1 826
59772 3 792
59784 1 736
59790 1 514
59809 3 1442
59812 1 1458
59813 1 1702
59814 1 980
59824 2 1816
59828 1 882
59831 4 1069
59832 3 1496
59884 1 1934
59902 1 1247
59913 1 535
59930 1 140
59993 1 1856
59994 2 1825
60003 1 422
60011 1 486
60012 1 394
60030 3 10533
60066 1 4785
60165 1 857
60167 1 544
60170 5 925
60171 5 1344
60181 2 1881
60199 1 3044
60215 2 2296
60216 2 1578
60220 1 443
60234 1 909
60235 1 821
60236 1 760
60238 1 1338
60239 1 1030
60240 1 1594
60241 1 709
60242 1 1441
60269 2 278
60275 1 3073
60277 1 2988
60283 2 465
60316 1 3178
60328 1 1340
60329 1 1634
60330 1 2281
60356 4 898
60369 1 1182
60370 1 1845
60371 1 3906
60372 1 1505
60379 1 1146
60384 1 604
60421 1 2492
60425 4 929
60441 1 362
60486 1 1521
60507 1 4075
60525 1 1252
60570 1 921
60595 1 3346
60623 1 1555
60675 1 1688
60689 2 1198
60698 1 502
60715 1 1172
60737 1 3128
60738 1 3062
60739 3 3026
60748 4 6845
60756 1 636
60786 1 817
60787 1 1533
60788 1 1075
60791 1 3468
60792 1 3202
60793 2 2201
60794 1 1921
60827 1 2424
60828 1 3367
60829 1 3490
60837 2 321
60848 1 1052
60849 2 1785
60850 2 1791
60851 2 1784
60902 1 251
60963 5 3508
60982 1 1133
61043 1 4069
61074 1 668
61098 1 1594
61131 1 2971
61178 1 2893
61204 2 1714
61209 2 1298
61211 1 1448
61235 3 583
61248 1 1412
61250 1 346
61286 2 851
61294 1 796
61308 1 562
61310 1 548
61311 1 549
61312 1 1301
61313 1 409
61314 1 436
61340 1 383
61352 1 18809
61379 1 1394
61391 1 5684
61444 1 1534
61508 3 1333
61516 1 1071
61630 1 1422
61640 1 850
61644 1 248
61646 1 74
61658 3 1813
61666 1 1012
61668 2 11710
61676 1 1974
61687 1 2218
61688 1 1196
61689 1 941
61690 1 2512
61691 1 1496
61747 1 363
61765 1 2458
61798 2 2257
61799 2 1049
61800 1 1282
61801 1 1303
61802 2 1596
61806 1 592
61816 2 1916
61828 1 2374
61832 1 2493
61834 1 2191
61876 2 2252
61877 2 2841
61878 2 2819
61879 2 2166
61880 2 2723
61881 2 2444
61883 1 577
61891 1 987
61892 1 3071
61899 3 2006
61900 5 2025
61913 2 229
61914 7 972
61929 1 178
61939 6 10305
61989 2 618
62013 1 1235
62027 1 722
62029 3 840
62030 3 796
62052 3 2861
62058 1 842
62060 1 1090
62082 1 1641
62091 1 925
62092 1 1030
62111 1 6309
62137 5 2894
62174 1 821
62191 1 3053
62218 1 2462
62231 1 166
62255 1 587
62293 2 2903
62299 1 7136
62344 2 1459
62345 1 656
62350 1 671
62357 3 822
62377 1 984
62446 2 498
62483 1 826
62499 5 3759
62514 2 3635
62592 1 1475
62615 2 1556
62644 1 281
62691 1 1119
62722 4 812
62723 1 3363
62725 1 3245
62727 1 3232
62731 4 2944
62776 1 541
62845 1 1156
62846 3 1520
62847 1 1945
62848 1 1515
62849 4 1721
62850 2 849
62853 1 4078
62871 1 1931
62911 2 649
62925 1 612
62937 1 1048
62938 1 1036
62939 1 1044
62940 2 1750
62941 2 157
62942 2 1750
62943 2 1792
62944 1 158
62948 2 164
62949 1 164
62950 1 164
62952 2 161
62953 2 164
62954 1 163
62955 2 164
62956 1 164
62987 3 1559
62990 3 833
63040 1 1142
63066 1 1695
63072 3 618
63077 1 5251
63079 2 1810
63094 1 985
63137 1 3259
63155 2 1358
63170 1 1316
63171 1 1012
63172 1 1456
63173 1 1330
63174 1 1111
63187 5 629
63252 1 483
63253 1 1086
63261 2 1615
63281 1 1021
63285 1 1000
63308 1 1302
63309 1 4077
63310 1 2477
63323 1 549
63329 1 1339
63330 1 1372
63350 1 2253
63374 1 910
63441 2 877
63447 1 564
63462 1 3556
63517 2 613
63521 3 1186
63593 1 602
63595 1 732
63604 2 725
63632 1 298
63637 1 460
63654 2 1086
63656 3 6872
63709 2 2193
63718 1 631
63728 1 1379
63752 1 1290
63829 1 956
63830 1 939
63831 1 923
63843 1 567
63852 2 472
63882 3 1633
63900 1 979
63948 1 1435
63975 1 725
63978 2 1445
63986 2 1741
64009 1 3743
64011 5 1334
64015 2 2612
64030 1 809
64050 6 3580
64051 6 3589
64052 4 2458
64053 4 2458
64087 1 1520
64088 1 1712
64100 1 1352
64296 1 1405
64303 1 816
64311 1 4060
64324 2 454
64326 1 1704
64329 3 779
64330 3 842
64343 2 1275
64357 1 450
64409 1 159
64416 1 453
64453 3 10145
64454 1 1155
64493 1 956
64496 1 760
64506 3 1697
64522 1 528
64563 2 1239
64571 1 1943
64600 1 473
64614 1 194
64639 2 924
64658 1 3929
64990 2 783
64993 1 2041
64995 2 1355
65002 3 341
65003 3 519
65004 3 972
65006 3 3064
65007 1 3159
65008 1 3012
65010 2 2912
65023 1 914
65062 1 1719
65063 1 940
65075 2 128
65086 1 1694
65108 1 1542
65132 2 161
65133 2 155
65134 1 154
65135 2 151
65136 2 156
65137 2 156
65138 1 162
65139 1 156
65140 2 157
65141 2 154
65142 2 156
65143 1 162
65144 1 157
65145 1 156
65146 2 155
65147 1 152
65148 1 162
65149 2 156
65150 1 157
65151 1 156
65152 1 153
65153 2 156
65154 2 156
65155 2 156
65156 1 156
65157 1 156
65158 2 157
65159 1 152
65160 1 156
65161 2 156
65162 2 154
65163 2 157
65164 1 158
65165 2 156
65166 2 157
65167 1 156
65168 1 153
65169 1 162
65170 2 156
65171 2 157
65172 2 152
65173 2 157
65174 2 155
65175 1 155
65176 2 156
65177 2 162
65178 2 155
65179 1 156
65180 1 157
65181 2 156
65182 1 156
65183 2 153
65184 1 156
65185 2 156
65186 1 157
65187 2 156
65188 2 156
65189 1 156
65190 1 158
65191 1 157
65192 1 157
65193 1 153
65194 1 156
65195 2 162
65196 1 156
65197 2 158
65198 1 158
65199 2 157
65200 2 157
65201 2 156
65202 1 157
65203 1 153
65204 2 157
65205 2 156
65206 2 156
65207 1 156
65208 1 156
65209 1 164
65210 2 159
65211 2 158
65212 1 157
65213 1 156
65214 2 156
65215 2 154
65216 2 157
65217 1 158
65218 2 156
65219 1 156
65220 2 164
65221 1 164
65222 1 164
65223 1 161
65224 2 164
65225 1 164
65226 2 171
65227 1 165
65228 1 166
65229 2 165
65230 1 171
65231 2 161
65232 1 163
65233 1 161
65234 1 160
65235 2 161
65236 2 171
65237 1 164
65238 1 164
65239 2 161
65240 1 161
65241 2 166
65242 1 165
65243 1 171
65244 1 165
65245 2 163
65249 1 541
65253 1 349
65260 1 754
65265 1 5510
65352 2 663
65375 1 337
65424 1 438
65446 1 982
65521 1 240
65536 1 890
65612 2 930
65619 2 1364
65632 3 346
65641 1 717
65700 1 1274
65814 1 940
65818 3 1668
65828 2 555
65862 1 102
65870 2 732
65884 1 2980
65900 2 283
65943 2 1234
65976 3 2618
65996 1 2800
65998 2 908
66008 3 1142
66010 1 955
66015 1 4361
66028 2 157
66029 1 157
66030 2 155
66031 1 157
66032 2 157
66033 2 158
66034 1 160
66035 1 154
66036 1 157
66037 1 153
66038 1 163
66039 1 156
66040 1 163
66041 2 157
66042 1 157
66082 1 1232
66083 2 610
66086 1 2643
66098 2 418
66103 1 1370
66115 1 517
66116 1 812
66130 1 1341
66176 1 787
66187 2 563
66234 2 1935
66242 3 1963
66267 1 764
66277 1 1687
66285 2 496
66354 1 708
66376 1 1935
66378 1 1248
66384 1 150
66386 1 631
66388 2 474
66394 1 685
66404 1 1459
66405 1 1623
66406 1 617
66418 2 827
66425 1 943
66431 2 2939
66484 3 789
66486 1 1876
66527 1 611
66538 2 2914
66547 1 1078
66589 2 3260
66603 2 1110
66605 1 835
66606 1 979
66614 2 1103
66644 2 521
66664 5 2151
66666 4 979
66669 2 1314
66672 8 1215
66694 1 278
66695 9 483
66722 5 276701
66727 1 1513
66734 1 1280
66767 1 467
66772 1 652
66776 1 1404
66788 1 910
66797 1 1766
66832 2 1718
66833 2 1190
66837 1 1559
66838 1 1366
66870 1 2566
66895 7 1147
66912 1 871
66975 1 1249
66976 1 1294
66977 1 865
66978 1 739
66979 1 1596
66980 1 1011
66994 1 2517
66999 1 1267
67009 1 220
67021 2 6450
67057 2 494
67074 1 9837
67084 1 1137
67094 1 591
67188 2 519
67196 1 2129
67223 1 1469
67273 2 1989
67274 4 746
67275 2 1069
67276 2 1194
67277 2 831
67278 2 982
67285 1 513
67319 3 628
67320 2 631
67321 2 2010
67322 2 2602
67323 3 1622
67324 2 2007
67325 2 2060
67326 2 2402
67327 3 1861
67328 2 1541
67329 2 2207
67330 2 1983
67331 2 2083
67332 2 1624
67333 3 2666
67334 2 1465
67335 2 4046
67336 2 1641
67337 3 2444
67338 2 1942
67339 2 3088
67345 1 1856
67352 1 2080
67389 1 1731
67390 1 1665
67391 1 4824
67392 1 2594
67393 1 6324
67394 1 2122
67395 1 2737
67408 3 5567
67411 1 896
67433 2 666
67452 1 3036
67453 1 3053
67454 1 5854
67468 1 810
67474 1 220
67519 1 10460
67620 3 665
67627 2 2254
67631 1 448
67661 1 952
67706 1 1416
67712 2 2699
67721 1 1030
67728 1 2471
67765 2 304
67774 1 40
67799 1 657
67840 1 966
67888 1 1174
67934 1 1831
67994 1 499
68033 1 1042
68034 1 1526
68035 1 897
68036 1 1457
68037 1 1299
68064 2 712
68096 1 1075
68122 1 2437
68195 1 237
68210 1 1864
68217 1 5161
68227 1 432
68237 1 525
68242 2 591
68249 1 1054
68252 2 1260
68261 1 1258
68274 1 942
68278 2 1262
68321 1 1535
68329 2 1531
68330 2 8380
68345 1 373
68378 2 1880
68383 1 1172
68389 1 7515
68390 1 7515
68391 1 7515
68392 1 6574
68393 6 3580
68394 4 2458
68395 4 2458
68437 1 2115
68438 1 2467
68445 1 513
68658 3 1438
68659 1 784
68663 2 854
68680 1 9381
68685 2 1022
68686 6 900
68688 1 1133
68698 3 1633
68699 3 763
68700 3 787
68706 1 313
68740 2 887
68751 2 1427
68766 3 5324
68776 1 1328
68803 1 1117
68820 2 1468
68835 3 642
68837 1 1538
68880 1 376
68910 1 735
68921 1 697
69023 1 880
69031 1 475
69038 1 1165
69048 4 1367
69082 1 1410
69341 1 637
69363 1 1762
69406 1 912
69414 2 284
69421 2 1230
69423 2 1278
69427 1 894
69430 1 2889
69446 1 1634
69490 1 935
69498 2 1144
69528 3 1563
69550 1 155
69551 2 163
69552 1 162
69553 1 156
69554 2 157
69555 1 156
69556 1 162
69557 2 153
69558 2 152
69559 2 155
69560 1 157
69561 2 157
69562 2 154
69563 1 163
69564 2 157
69565 1 158
69566 1 154
69567 1 156
69568 1 157
69569 1 152
69570 2 158
69571 1 154
69572 1 152
69573 2 156
69574 1 157
69575 1 152
69576 2 157
69577 1 153
69578 2 156
69579 1 157
69580 2 156
69581 1 156
69582 2 152
69583 1 156
69584 2 157
69585 2 157
69586 2 158
69587 2 156
69588 2 156
69589 2 153
69590 2 153
69591 2 152
69592 2 154
69593 1 158
69594 2 157
69595 1 157
69596 2 153
69597 1 158
69598 1 154
69599 2 157
69600 2 156
69601 1 158
69602 1 155
69603 1 156
69604 2 153
69605 1 167
69606 2 161
69607 2 161
69608 2 162
69609 2 161
69610 1 162
69611 1 162
69612 1 161
69613 2 161
69614 2 157
69615 2 157
69616 2 161
69617 2 161
69618 1 161
69619 2 162
69620 2 161
69621 1 163
69622 2 160
69623 2 163
69624 2 161
69625 1 162
69626 1 163
69627 2 161
69628 2 161
69629 1 158
69630 2 163
69631 2 160
69632 1 163
69633 1 158
69634 1 161
69635 1 162
69636 2 161
69637 1 163
69638 2 159
69639 1 167
69640 1 162
69641 1 162
69642 2 156
69643 1 152
69644 1 156
69645 2 156
69646 2 157
69647 2 157
69648 2 157
69649 1 156
69650 2 154
69651 2 157
69652 2 156
69653 2 156
69654 1 157
69655 2 156
69656 2 156
69657 2 153
69658 2 152
69659 1 152
69660 1 163
69661 2 156
69662 1 156
69663 1 156
69664 1 157
69665 2 153
69666 2 156
69667 1 162
69668 1 158
69669 2 157
69670 2 152
69671 1 156
69672 1 156
69673 2 156
69674 1 155
69675 1 162
69676 1 156
69677 1 156
69678 1 157
69679 2 157
69680 2 158
69681 1 156
69682 1 157
69683 1 157
69684 2 154
69685 2 154
69686 2 157
69687 2 157
69688 1 158
69689 1 152
69709 1 889
69710 2 5755
69716 2 7169
69724 2 917
69725 3 1479
69823 2 983
69831 3 909
69846 2 522
69893 1 1325
69918 4 1583
69954 1 638
69970 1 1405
70059 2 944
70089 1 760
70130 1 769
70212 1 731
70213 1 1440
70218 1 1422
70219 1 767
70226 1 1436
70230 2 1801
70263 1 7023
70273 1 3305
70277 1 1393
70287 1 987
70301 2 633
70305 1 1443
70306 1 646
70333 6 1397
70363 1 785
70369 1 256
70382 1 1908
70395 2 1507
70398 1 575
70423 1 408
70444 1 861
70480 1 1306
70587 2 777
70625 1 1059
70701 2 2606
70737 4 2845
70915 1 641
70934 1 944
70960 1 2677
70967 1 494
70985 1 748
70989 2 845
70990 3 1168
71013 5 1564
71050 1 3333
71077 1 2876
71096 1 540
71106 1 732
71130 1 498
71157 1 1942
71158 1 42
71167 1 459
71195 1 407
71227 1 929
71229 3 887
71269 1 623
71283 1 234
71295 2 1603
71300 1 525
71306 2 1543
71307 1 869
71308 1 1324
71316 2 838
71317 2 1023
71324 2 1535
71326 1 599
71329 1 1464
71334 2 2239
71351 2 1055
71356 2 1035
71362 1 1353
71364 1 998
71365 1 1140
71374 1 1324
71380 1 1120
71406 4 2956
71414 1 303
71420 2 874
71423 3 447
71432 2 2398
71520 2 1281
71525 5 1462
71558 1 868
71559 1 712
71567 1 4513
71577 1 523
71589 3 866
71590 3 769
71620 1 306
71660 1 1283
71738 2 1825
71802 3 1017
71808 1 880
71824 1 1218
71827 1 6203
71894 1 2159
71895 1 3069
71896 1 3955
71897 1 2249
71898 1 1998
71901 2 750
71937 1 400
71943 2 3979
71969 1 777
71973 1 1640
71974 1 1496
71988 1 2427
72019 2 777
72039 2 5516
72043 1 1623
72044 1 1586
72066 2 7004
72077 1 897
72079 1 753
72094 3 714
72098 1 19912
72112 2 700
72145 1 941
72146 1 1354
72187 1 180
72208 1 1405
72228 1 1246
72236 1 483
72276 2 1201
72283 2 1448
72326 2 997
72366 1 1256
72396 1 2100
72436 4 1419
72437 1 8964
72452 1 417
72481 1 1701
72498 3 11873
72505 2 581
72551 1 1520
72558 1 612
72570 1 1189
72614 1 622
72621 1 656
72661 1 613
72662 3 376
72699 2 421
72704 5 1029
72723 1 904
72725 1 174
72776 5 1094
72794 1 1190
72795 1 705
72796 1 808
72797 1 2288
72799 2 1643
72800 1 1808
72801 1 972
72802 2 1368
72807 4 679
72813 1 537
72815 2 1450
72816 2 1634
72817 2 1632
72826 1 1996
72827 1 7031
72833 1 2038
72834 1 2774
72839 1 2764
72877 1 996
72886 3 1142
72894 1 522
72895 2 1688
72903 1 896
72907 2 826
72918 3 783
72919 2 5881
72920 2 5462
72926 1 742
72930 2 2073
72931 2 1959
72932 2 1652
72933 2 2224
72934 7 2319
72935 2 2042
72936 2 2099
72937 2 2290
72963 3 2184
72964 3 2090
73006 1 1145
73062 2 369
73146 1 811
73150 2 911
73155 1 3609
73174 1 680
73207 1 1418
73214 1 1029
73223 1 690
73251 2 1006
73316 1 723
73408 1 1378
73418 3 392
73445 1 664
73464 1 997
73555 1 1159
73571 1 3969
73666 2 317
73730 1 2237
73738 3 1220
73751 2 718
73775 2 162
73881 2 1228
73886 1 1408
73887 2 1505
73888 2 1605
73889 2 2079
73894 1 981
73898 1 724
73930 1 1679
73931 1 2768
73956 1 2798
73963 2 6843
74005 1 339
74033 1 618
74037 2 1036
74078 1 223
74098 1 877
74111 1 976
74125 1 2057
74128 1 773
74131 1 681
74146 1 423
74159 1 1009
74172 5 867
74180 3 1201
74196 1 390
74222 1 1233
74259 1 218
74357 3 644
74383 2 711
74432 1 3303
74433 1 1309
74440 2 1991
74532 2 437
74572 1 8808
74581 4 1084
74591 1 3810
74619 2 1414
74622 1 882
74623 2 720
74624 1 819
74634 2 1283
74679 3 1229
74702 1 728
74773 1 618
74783 1 1421
74787 1 351
74799 2 1061
74800 1 990
74809 1 695
74812 1 4167
74846 1 809
74889 1 223
74953 1 1089
75047 1 1177
75112 2 1120
75204 1 3081
75206 1 2994
75207 1 2937
75208 1 3202
75209 1 2934
75216 1 627
75295 3 2546
75312 3 429
75313 1 1575
75319 1 94
75334 1 159
75335 1 157
75336 2 155
75337 2 164
75338 1 159
75339 2 159
75340 2 165
75341 1 157
75342 1 159
75343 2 155
75344 2 155
75345 2 155
75346 2 156
75347 1 165
75348 2 159
75349 2 158
75350 1 159
75351 1 160
75352 1 159
75353 2 159
75354 1 157
75355 1 160
75356 2 156
75357 2 159
75358 1 160
75359 1 160
75360 1 159
75361 1 158
75362 1 157
75363 2 159
75364 1 158
75365 2 164
75366 2 165
75367 1 155
75368 1 164
75369 2 155
75370 2 159
75371 2 158
75372 1 159
75373 1 158
75374 1 158
75375 2 158
75376 2 158
75377 2 158
75378 2 156
75379 2 155
75380 1 156
75381 2 159
75382 1 158
75383 2 159
75384 2 156
75385 2 159
75386 2 166
75387 2 159
75388 1 159
75389 2 159
75390 2 158
75391 2 159
75392 1 159
75393 2 159
75394 2 159
75395 2 159
75396 1 158
75397 2 160
75408 1 3231
75572 1 645
75614 1 216
75659 1 744
75774 1 1079
75834 2 760
75864 1 114
75927 2 4496
75928 2 1554
75930 1 4094
75934 2 1639
75960 1 2012
75962 1 1323
75974 3 257
76012 1 1064
76018 1 1130
76034 1 1048
76042 1 1056
76061 1 3128
76111 3 841
76134 1 904
76177 1 883
76233 1 1717
76239 3 921
76244 1 937
76264 1 216
76266 1 1340
76267 1 1564
76303 5 1328
76325 1 1450
76354 1 3077
76361 4 666
76374 1 556
76375 1 1176
76413 1 1514
76425 1 352
76426 1 720
76427 1 908
76448 3 5583
76449 4 6086
76452 1 337
76461 1 679
76473 1 683
76476 1 1242
76480 1 1099
76519 2 3579
76521 3 1643
76522 2 1798
76620 1 460
76621 1 774
76622 1 540
76632 6 2372
76690 7 2184
76753 1 3309
76760 1 2589
76777 1 1440
76880 2 898
76892 1 2271
76908 1 451
76942 1 367
76945 1 240
76964 1 4663
76997 1 1154
77016 1 2119
77042 1 1420
77054 2 1501
77058 1 1110
77059 2 1688
77073 3 1322
77076 1 3304
77091 1 1850
77096 4 1129
77099 1 852
77106 2 1502
77118 1 2646
77122 1 543
77126 1 1012
77127 2 1709
77131 2 1057
77136 1 3236
77143 3 570
77147 2 987
77155 2 588
77163 2 1994
77164 1 416
77186 1 1060
77197 1 1297
77202 3 8001
77207 1 4809
77233 3 4265
77236 4 1989
77237 4 1988
77238 4 604
77239 4 604
77240 4 588
77258 1 1408
77390 2 3306
77393 3 790
77395 1 332
77399 1 337
77416 2 626
77435 1 804
77438 1 1254
77446 1 635
77486 1 1139
77550 1 477
77653 1 958
77807 1 5880
77826 2 1385
77835 1 857
77876 1 3309
77879 1 2977
77880 1 3027
77881 1 2924
77886 1 496
77913 1 1380
77937 1 1234
77942 1 3229
77948 1 3393
77949 1 2982
77950 1 1280
77954 1 4740
77963 1 164
77964 1 158
77965 2 164
77966 2 155
77967 2 159
77968 1 158
77969 1 157
77970 1 158
77971 2 158
77972 1 165
77973 2 158
77974 2 156
77975 2 166
77976 1 157
77977 1 165
77978 1 159
77979 2 155
77980 1 158
77981 1 159
77982 2 158
77983 2 158
77984 1 164
77985 2 158
77986 2 156
77987 2 164
77988 2 155
77989 2 154
77990 1 158
77991 2 159
77992 2 158
77993 2 155
77994 2 160
77995 2 155
77996 2 158
77997 1 156
77998 1 164
77999 1 158
78000 2 157
78001 1 159
78002 2 158
78003 1 158
78004 2 159
78005 2 159
78006 2 160
78007 1 157
78008 2 165
78009 2 161
78012 1 917
78013 1 1893
78014 1 1880
78015 2 1060
78016 2 1060
78119 3 1030
