pivot pivot 434 65215343 
504 1 11283
928 1 888
1049 1 2440
1185 1 15836
1246 1 201
1511 1 701
1516 1 2384
1717 4 1231
2197 2 1493
2198 4 2369
2218 1 1529
2363 2 3977
2843 1 5588
3028 1 1955
3305 1 1856
3394 1 1534
3691 1 200
3831 1 3725
3847 1 27149
3863 1 4935
4330 2 1163
4594 3 1355
4613 1 1374
4641 1 1322
4846 1 1404
5405 1 2643
5455 1 15074
5505 1 722
6124 1 396
6170 1 854
6361 1 4951
6602 1 729
6665 1 758
6829 1 834
6922 1 1455
7765 1 963
8301 1 2361
8912 1 1802
9013 1 754
9059 1 608
9371 1 1526
9413 1 1215
9414 1 1114
9415 1 1070
9416 1 1927
9417 1 1074
9418 1 1081
9419 1 1689
10940 3 7910
11387 1 1357
11388 1 2085
11466 1 2113
11546 17 577
11569 1 6434
11698 1 750
11754 1 1037
12747 2 3912
12813 3 1377
13219 1 541
13670 1 2094
14080 2 51830
14373 1 6743
14451 1 447
14462 1 710
14675 1 1701
14820 1 4854
15496 1 1821
15762 1 2141
15879 1 719
16193 1 1084
16238 4 11763
16700 2 3762
16891 1 1176
17027 1 6203
17383 3 907
18278 1 1495
18366 1 2921
18402 15 613
18486 1 1075
18516 1 892
18863 1 2559
19562 1 7991
19818 1 4232
19893 1 6194
20206 1 1631
20747 1 465
20773 1 261
21078 1 630
21293 1 878
21417 1 1547
21542 3 37742
21767 4 6211
21957 1 1265
22052 1 1487
22057 1 1390
22141 1 2921
22163 1 2087
22878 1 1217
23021 1 4030
23549 1 1477
23653 1 999
23824 2 556
24157 1 10311
24219 1 7326
24604 2 746
24672 2 625
24837 1 1425
24840 1 9627
25220 3 152
25235 1 7935
25447 1 833
25668 1 1796
25868 16 1808
26449 2 7560
26480 1 2573
26926 1 859
26939 2 763
27240 3 389
27270 1 2026
28111 1 943
29519 1 8686
29805 1 1359
29806 1 1218
29910 1 5908
30132 1 1913
30314 1 1766
30843 1 4224
30973 2 7204
31386 1 1455
31609 1 663
32019 1 4793
32388 3 24490
32565 1 1204
32566 1 1495
32752 1 2880
33310 1 9499
33550 1 1909
33976 1 978
34155 2 969
34937 1 1326
35152 1 814
35488 1 1679
35930 1 908
36153 1 414
36414 1 3031
36584 1 655
37164 2 3578
37725 1 2498
37734 2 3488
38175 1 521
38405 1 2475
38715 2 5564
38907 1 4305
39175 1 3064
39313 2 2054
39405 2 565
40435 1 2577
40630 1 5684
40819 1 10440
40963 1 804
41235 1 2506
41458 1 1078
42122 2 1063
42309 1 5367
42331 2 4860
42648 1 4779
43255 3 1777
44063 1 772
44891 2 1753
45170 1 1514
45246 1 2149
46388 8 81863
46552 1 9921
46578 2 92
46678 1 1390
48031 5 4280
48595 1 1795
48722 1 1191
49150 1 4092
49175 1 9938
49256 1 1312
49257 1 1855
49258 1 1049
49259 1 953
49260 1 1319
49261 1 1071
49282 2 4687
49656 1 704
49716 1 1286
49809 5 1482
49863 1 1748
49991 2 1914
50010 1 1235
50834 1 3519
50939 1 668
50956 1 769
51378 1 839
51788 2 720
51843 3 6718
52146 1 10691
52170 1 1404
52561 1 52057
52982 1 458
52988 3 24350
53511 1 4733
54148 1 4159
54553 1 2793
55118 1 4304
55434 1 1232
55494 1 380
55520 1 945
55555 4 999
55747 1 625
55753 1 4189
56400 1 2072
56445 3 2121
57748 1 1258
58853 1 2423
59164 1 1218
59423 2 13129
59434 1 2472
59513 2 940
59582 1 1698
59646 1 1585
60181 1 1881
60307 1 1114
60844 1 1584
60845 1 1534
60846 1 1322
60847 1 1056
61668 1 11710
62188 1 483
62243 6 3964
62459 1 666
62477 2 1158
62914 1 2398
62932 1 1598
63058 1 1372
63059 1 1717
63060 1 1082
63061 1 5120
63062 1 1067
63063 1 1595
63064 1 1202
63065 1 1209
63565 2 3099
63777 1 2978
63941 1 1650
65129 1 15643
65690 1 1167
65933 1 1896
66015 1 4361
66216 1 935
66332 3 901
66346 1 604
66380 3 9761
66578 2 742
66598 1 1411
67095 1 2223
67143 1 744
67266 1 4007
67273 1 1989
67711 1 1600
67728 1 2471
68173 1 958
68234 1 465
68376 1 1833
69043 1 1118
69421 1 1230
69721 1 6125
71217 1 2704
71351 1 1055
71395 1 1529
71396 1 1529
71397 1 1529
71398 1 1529
71547 1 4635
71854 1 4173
72097 1 1365
72675 1 8994
72852 1 1113
72964 2 2090
73297 2 933
73486 2 578
73537 1 620
73820 1 1771
74050 1 871
74114 1 3421
77383 1 595
77957 1 1907
77961 2 8551
78073 1 1288
