wild wild 4301 65215343 
8 1 67
28 1 2843
48 2 1265
50 1 2382
132 1 13051
147 1 3893
217 1 1753
219 4 519
247 1 1642
273 1 480
287 2 70
373 2 1409
388 1 1479
413 1 702
414 1 453
415 1 2105
428 2 2978
433 1 1676
455 1 3709
471 2 3108
476 2 1866
504 1 11283
506 1 1411
522 1 1558
599 1 1086
647 1 974
653 1 710
660 1 680
668 4 2059
725 14 7096
727 2 872
733 2 1616
774 1 31
786 1 307
876 1 4565
884 1 530
904 2 434
915 1 981
922 1 1765
952 1 1150
963 2 2981
966 1 6046
993 1 10702
1023 1 2468
1035 1 810
1052 1 3416
1072 1 2029
1104 6 4937
1120 1 463
1134 1 966
1153 2 6533
1163 1 1777
1173 3 1598
1302 2 729
1307 2 735
1321 2 3750
1353 2 942
1363 2 1368
1371 1 1930
1402 1 3038
1404 1 992
1435 1 3772
1469 1 2455
1514 1 1086
1554 2 3023
1570 1 1617
1587 1 673
1613 1 784
1634 1 30082
1666 2 1519
1684 1 1203
1745 1 1756
1824 1 714
1853 1 313
1877 4 2064
2021 1 2089
2022 1 1071
2046 1 13880
2073 1 1294
2080 1 8786
2137 3 1480
2139 2 1034
2170 1 720
2216 1 2877
2217 1 1762
2241 1 697
2256 1 611
2367 1 685
2375 1 3907
2399 1 1466
2498 1 780
2518 1 2175
2533 1 922
2568 1 4333
2575 1 871
2584 1 1016
2585 1 568
2586 1 490
2587 1 642
2590 1 1181
2629 1 3838
2799 1 539
2972 1 1458
3030 3 997
3034 1 871
3096 1 1172
3103 1 3185
3112 6 100
3211 5 709
3281 2 3667
3305 1 1856
3312 1 588
3364 1 1238
3383 1 10722
3394 2 1534
3419 1 1015
3444 1 1229
3505 1 490
3547 1 1585
3555 2 1239
3580 1 915
3599 1 11096
3612 2 1293
3659 1 538
3661 1 754
3670 1 602
3719 1 2258
3720 5 1051
3726 1 2061
3791 1 6472
3820 1 2163
3823 1 1623
3863 1 4935
3883 1 1104
3929 2 789
3954 1 1862
4010 2 1169
4015 2 1212
4022 1 603
4030 1 1809
4068 1 8611
4178 1 3149
4187 4 7906
4188 1 2646
4239 2 70
4256 1 2171
4302 1 3335
4355 2 1088
4356 1 3544
4368 2 4832
4377 3 1760
4401 1 729
4439 1 2516
4472 1 393
4485 1 2100
4509 1 1824
4522 1 2966
4530 1 1032
4620 1 2669
4645 1 2574
4667 1 3501
4771 1 4349
4799 1 563
4825 1 760
4831 1 2521
4840 33 5531
4846 1 1404
4855 1 1500
4865 1 2104
4874 1 765
4896 1 1508
4905 1 7440
4936 3 1505
4948 1 3561
4950 1 3067
4954 1 2921
5110 1 4935
5151 1 945
5170 1 2743
5195 4 1844
5224 1 460
5252 4 2357
5318 1 469
5319 1 1028
5320 2 736
5321 1 1222
5395 2 2444
5396 4 6921
5400 2 1958
5444 1 454
5513 1 184
5533 1 247
5541 1 1278
5572 1 618
5574 2 679
5598 1 667
5641 1 1037
5789 1 2097
5869 1 779
5908 1 614
5924 2 562
5936 3 3330
5990 1 750
5995 3 1761
6012 2 3069
6044 1 2681
6077 1 2190
6119 3 489
6139 1 2754
6147 3 1885
6151 2 6692
6176 8 1652
6180 1 5070
6181 1 5519
6293 2 980
6317 4 615
6452 1 1643
6556 1 1029
6583 5 7454
6592 2 697
6746 1 1117
6751 1 1332
6967 1 837
6969 1 1724
6983 1 2840
7059 1 671
7079 1 4960
7165 1 1623
7422 1 255
7424 1 1087
7433 1 1229
7541 1 1707
7580 2 9484
7606 1 721
7695 1 1547
7698 1 1482
7713 2 1920
7757 1 2005
7772 1 1666
7776 1 1456
7938 1 762
7941 1 441
7969 3 1771
7974 2 2073
8078 1 948
8083 1 607
8089 1 20930
8106 4 4128
8143 2 2289
8186 1 671
8286 1 2044
8296 1 1165
8372 1 3639
8376 2 2007
8384 1 1186
8385 1 2645
8386 1 2545
8402 1 8226
8410 1 1260
8427 1 609
8502 1 859
8567 1 1533
8571 2 2786
8630 1 989
8641 1 1541
8650 1 9126
8721 1 956
8748 1 476
8749 1 795
8750 1 589
8751 1 1100
8908 2 1392
8971 1 998
8983 1 1450
8993 1 2404
9110 1 650
9125 1 931
9152 1 213
9203 1 3221
9204 1 3049
9220 2 1037
9222 1 928
9232 1 1398
9296 1 1359
9334 1 238
9335 1 1057
9347 2 557
9403 1 3133
9450 1 1196
9451 1 988
9503 5 6051
9558 2 3824
9579 1 911
9596 1 1486
9640 2 3873
9742 1 91
9758 1 745
9799 1 3095
9807 1 982
9845 1 1179
9872 1 764
9935 3 18475
9981 2 1819
9982 2 1822
9986 1 864
9987 1 693
10018 1 1420
10086 1 953
10128 1 1019
10141 1 621
10144 33 3206
10231 1 9229
10287 2 596
10306 1 2363
10332 1 2802
10338 1 1672
10400 1 13
10406 2 839
10426 2 655
10460 1 875
10467 1 1457
10482 1 809
10489 3 1420
10490 3 1137
10494 1 832
10528 1 2643
10599 1 1369
10655 1 2947
10670 1 1360
10677 1 1048
10694 1 889
10709 1 344
10722 3 446
10723 1 514
10744 1 1273
10754 1 1057
10757 37 524
10862 1 1361
10868 2 1224
10906 5 7912
10920 1 941
10926 2 857
10935 1 1225
10968 1 698
10982 1 536
11051 1 1555
11076 2 634
11080 1 852
11103 1 931
11279 2 1595
11362 1 2542
11369 1 3826
11492 5 7197
11514 2 716
11556 5 304
11603 1 1444
11621 1 1133
11623 1 909
11635 1 396
11661 1 1125
11757 2 1770
11758 1 2000
11858 2 4134
11886 1 791
11908 1 170
11962 1 524
12007 2 381
12039 1 46
12047 4 436
12121 1 1787
12156 2 13898
12167 1 1026
12211 1 4041
12247 2 2230
12252 1 987
12284 3 491
12410 1 455
12414 1 1226
12436 1 1371
12455 1 2015
12456 1 4543
12465 1 1108
12468 1 93
12525 1 1269
12612 1 1451
12617 1 1750
12647 1 4896
12665 1 1942
12759 1 1866
12777 1 3961
12782 42 1849
12792 1 508
12814 1 46677
12818 1 3788
12828 1 482
12857 1 2354
12870 2 761
12885 3 6601
12900 1 1037
12925 1 2837
12992 1 1069
13008 1 999
13059 3 1221
13105 1 2565
13148 1 1862
13224 1 3401
13315 1 1614
13321 1 4863
13343 2 5631
13377 1 277
13449 1 2443
13450 1 1581
13451 1 975
13476 1 167
13480 1 2096
13486 8 7532
13498 1 587
13499 1 5895
13508 1 6492
13546 1 3149
13611 1 765
13615 1 976
13618 2 28398
13670 2 2094
13684 1 12301
13690 2 1229
13841 2 4015
13873 1 691
13877 1 1054
13899 2 236
13919 4 1031
13928 1 4471
13991 2 1803
14080 1 51830
14120 1 2870
14253 1 658
14254 1 458
14255 1 455
14264 1 2175
14292 1 11958
14295 1 1069
14310 1 2370
14311 3 1550
14373 3 6743
14374 3 3433
14382 1 662
14429 1 2422
14472 1 1594
14473 1 763
14476 3 650
14545 2 1107
14555 1 2701
14666 1 801
14671 2 784
14675 1 1701
14703 1 1446
14724 1 5113
14735 1 1483
14738 6 1827
14747 1 1544
14755 1 2245
14759 1 904
14772 3 1113
14779 2 3250
14797 2 2125
14820 10 4854
14833 1 7321
14836 1 2455
14999 1 2703
15103 1 1258
15120 1 1822
15130 1 537
15131 1 473
15132 1 467
15196 1 8919
15203 1 5461
15204 1 3771
15210 4 1215
15281 1 1900
15458 1 890
15492 2 680
15560 1 1729
15665 1 928
15672 1 1879
15813 1 1072
15847 1 942
15860 1 3929
15873 2 1328
15876 2 1725
15881 5 7036
15898 1 480
15904 1 2397
15957 1 8025
16030 1 422
16044 1 3747
16063 1 417
16094 1 3553
16127 1 483
16159 1 479
16174 1 997
16178 2 4155
16184 1 1312
16185 1 2268
16186 1 1342
16187 1 1638
16188 1 1274
16196 1 1661
16233 1 884
16259 1 1458
16284 1 1751
16285 1 2520
16294 2 2089
16339 3 825
16342 1 750
16344 1 681
16348 1 1020
16354 1 986
16418 1 726
16474 2 329
16491 1 6610
16502 1 561
16506 1 2246
16553 1 869
16653 1 1112
16666 1 1110
16674 1 2131
16705 1 3332
16709 1 564
16722 1 5137
16724 2 706
16802 1 2436
16815 1 1088
16835 2 3680
16845 2 8711
16918 1 1281
16936 1 3648
16937 1 793
16942 1 12267
16952 2 7998
16958 2 5800
16967 1 1212
16970 1 1181
16994 2 2449
17003 1 320
17061 1 3094
17110 1 430
17114 3 6140
17116 2 3516
17172 1 429
17209 1 818
17253 2 903
17286 1 1468
17297 1 1229
17354 1 1123
17361 2 1897
17409 1 1250
17413 1 494
17470 1 426
17520 1 955
17584 1 605
17669 1 5167
17675 2 833
17679 1 1875
17680 1 1913
17681 3 2190
17683 1 2520
17692 1 993
17693 1 868
17754 1 1063
17852 1 1403
17870 2 2093
17901 3 1052
17998 1 1218
18002 2 1495
18076 1 734
18077 2 720
18104 2 1218
18121 1 1538
18228 1 4817
18296 2 913
18317 12 2463
18331 5 3395
18395 3 6885
18443 1 184
18447 1 397
18452 2 771
18535 1 1291
18577 1 810
18588 1 1245
18669 2 633
18739 2 3057
18740 2 2994
18741 2 3106
18742 2 2981
18762 1 911
18790 1 554
18797 2 3696
18798 2 4126
18877 1 515
18898 1 824
18928 1 593
18930 1 2682
18945 1 6732
18951 1 5208
18975 2 878
19048 1 558
19049 1 3228
19060 1 334
19066 1 1990
19067 1 2040
19186 1 6942
19384 1 5576
19409 1 1342
19427 1 1218
19512 1 3132
19558 1 5943
19577 1 257
19589 1 1946
19610 2 1644
19643 1 3951
19664 1 4781
19676 1 1224
19702 15 701
19706 2 446
19868 1 593
19869 1 2203
19873 1 1291
19892 1 2205
19928 1 2193
19949 1 605
19951 1 677
19969 1 2159
19970 1 1209
19987 2 3502
20026 1 1825
20027 2 1905
20162 3 793
20180 3 1773
20227 1 2347
20253 2 1358
20255 3 970
20260 1 1299
20272 1 446
20309 2 603
20323 1 694
20330 1 636
20378 1 1896
20381 2 631
20575 1 4332
20635 26 863
20653 3 6960
20672 2 1292
20684 1 12924
20721 1 1038
20722 1 1712
20733 1 593
20785 2 3062
20788 1 814
20806 1 1566
20833 1 5441
20862 1 108
20863 1 1523
20899 5 3664
20940 1 1860
20948 2 690
20975 1 1229
20996 1 363
21038 1 182
21046 1 10160
21050 2 1359
21051 3 1656
21052 2 526
21053 2 1087
21083 1 2413
21084 1 1596
21140 1 880
21151 1 1904
21172 8 745
21180 3 1918
21182 1 1547
21185 1 969
21187 7 992
21252 1 747
21292 1 1797
21321 1 7104
21357 1 5683
21359 1 13839
21386 1 1881
21469 1 3531
21470 1 3587
21473 1 844
21504 1 2429
21534 7 1751
21568 1 3870
21631 1 1530
21637 2 10855
21644 3 11884
21738 1 742
21739 1 601
21740 1 358
21770 1 4733
21844 1 1026
21852 1 6758
21909 1 338
21945 6 1790
21958 1 1028
21961 1 1487
21970 3 683
21988 1 1084
22060 1 1495
22101 1 1132
22128 1 835
22143 1 2573
22190 1 1108
22204 1 532
22206 1 2514
22215 3 1991
22216 3 13756
22487 1 1766
22506 1 476
22507 1 857
22525 1 3022
22538 1 410
22547 1 5064
22570 1 1844
22584 1 2300
22638 1 1125
22881 1 1554
22905 1 280
22937 1 312
22938 1 451
22941 10 11549
22977 2 545
23289 1 407
23325 1 449
23333 2 465
23362 1 1820
23363 1 3369
23364 1 2776
23365 1 1070
23378 2 973
23397 1 1071
23422 1 1581
23432 1 769
23464 1 3921
23520 1 442
23558 1 1014
23559 1 2529
23583 1 3023
23587 1 162
23637 1 2848
23669 1 2196
23696 1 4960
23697 1 5047
23698 1 1290
23720 1 1499
23732 13 4739
23736 1 2381
23817 1 601
23829 1 8025
23896 2 3005
23906 1 439
24023 1 404
24027 1 74
24064 2 410
24093 1 4836
24157 2 10311
24222 1 3333
24250 1 417
24291 1 195
24457 3 5563
24460 4 1835
24488 1 1218
24509 4 628
24520 1 1701
24631 1 1078
24708 3 439
24727 1 1692
24841 1 1228
24843 1 705
24849 1 4735
24884 1 7321
24885 1 7349
24930 1 726
25017 1 816
25023 2 915
25057 1 2293
25100 4 552
25154 1 4423
25176 1 441
25181 1 420
25182 1 528
25183 3 551
25231 2 2410
25232 2 2344
25233 2 4985
25234 4 4341
25235 4 7935
25243 2 3615
25259 1 783
25267 1 2724
25317 6 684
25424 2 934
25443 1 248
25478 1 3302
25490 1 4592
25546 3 3100
25554 3 1688
25555 2 3167
25687 1 571
25714 1 1605
25718 2 3888
25728 5 5705
25732 1 939
25752 1 841
25764 1 2679
25817 1 1059
25900 1 990
25976 3 829
26002 5 617
26016 3 40
26044 1 1261
26050 1 1792
26077 3 2040
26087 1 1369
26128 1 744
26154 3 1382
26161 2 14248
26304 1 1055
26325 1 291
26332 1 1975
26368 2 918
26385 1 2163
26391 1 1837
26423 1 3280
26449 1 7560
26459 1 1563
26465 4 1529
26584 1 1355
26668 2 3364
26676 1 631
26693 1 1069
26796 1 2116
26820 2 5014
26821 1 4111
26822 1 1713
26832 1 1182
26833 1 804
26863 1 1540
26901 1 1096
26909 2 1645
26925 6 799
27173 3 3255
27174 1 2438
27182 1 3254
27235 4 2671
27285 1 808
27300 1 2411
27312 1 616
27408 1 1001
27477 21 621
27522 1 2865
27557 2 857
27606 2 919
27623 1 2360
27625 24 2383
27663 1 543
27695 1 304
27747 1 1674
27812 1 3494
27832 1 1102
27843 1 832
27853 1 3446
27995 2 493
28031 1 1140
28121 1 981
28122 1 1430
28193 2 2289
28259 4 6624
28294 1 651
28299 2 772
28419 1 3437
28446 1 9326
28566 2 474
28671 1 1093
28681 2 507
28696 1 3559
28713 1 173
28781 1 2730
28804 1 884
28815 2 2670
28860 1 652
28873 1 750
28874 1 928
28983 2 1151
29063 2 2116
29078 1 1124
29144 1 2485
29152 1 1988
29180 1 3520
29354 1 696
29377 1 593
29380 1 1056
29392 2 775
29473 1 473
29474 1 546
29492 1 3204
29496 1 2933
29498 2 2955
29581 1 108
29636 1 770
29710 1 721
29726 3 948
29733 2 166
29822 1 1623
29828 1 1349
29877 1 2973
29902 5 4620
29975 1 1410
29991 1 10803
29998 1 854
30016 1 1022
30017 1 520
30038 1 264
30055 2 2125
30056 2 1299
30235 1 369
30257 1 1126
30272 1 2352
30273 1 2533
30277 1 1384
30351 1 4754
30352 1 5973
30375 1 947
30383 1 1333
30390 2 1242
30444 1 731
30468 2 187
30520 1 1146
30521 1 1136
30523 1 918
30534 1 695
30579 1 1096
30583 1 302
30587 1 1782
30588 1 3696
30597 1 2235
30598 1 1152
30601 1 155
30605 2 1929
30606 1 2666
30639 1 8117
30645 2 2128
30891 2 2618
30918 1 556
30919 1 487
30953 1 4469
30967 1 828
31045 1 24677
31064 4 745
31076 1 654
31089 1 1949
31099 2 581
31141 2 742
31243 1 757
31247 1 609
31262 1 1180
31267 1 7536
31310 1 475
31327 3 3711
31438 1 1279
31441 5 1845
31490 1 827
31520 4 1038
31546 1 3809
31586 1 1305
31587 1 1215
31690 2 757
31744 1 7219
31787 1 764
31829 1 14263
31850 2 597
31935 1 2200
32043 1 943
32193 1 678
32215 1 1305
32219 1 908
32238 1 4115
32241 1 5341
32266 1 849
32328 2 1109
32358 3 1397
32365 1 3420
32376 1 3793
32386 1 2500
32406 1 1010
32472 1 1402
32605 1 1050
32630 1 138
32647 1 906
32653 5 5663
32654 50 45225
32743 1 1903
32760 1 433
32781 1 2000
32964 2 339
33055 1 568
33073 1 1212
33076 1 1741
33090 1 1529
33131 1 1235
33150 1 2622
33151 1 2303
33189 1 1759
33217 1 1141
33221 1 724
33246 1 1782
33435 2 698
33451 2 1239
33499 1 590
33525 1 489
33544 1 2303
33641 1 2126
33676 5 1188
33703 1 18894
33713 4 2328
33757 4 1989
33819 2 4941
33831 1 6374
33859 1 7228
33861 1 410
33928 2 774
33962 1 227
33983 1 392
34035 3 2575
34042 1 449
34052 1 11789
34086 1 3765
34132 1 686
34151 2 1688
34175 1 2354
34178 4 2529
34184 1 342
34210 2 1920
34222 2 3470
34223 1 1760
34269 24 1019
34285 1 1511
34298 2 6813
34300 1 1190
34303 1 4581
34311 1 1306
34333 1 842
34342 1 5941
34381 1 753
34401 3 529
34437 1 989
34460 1 1553
34490 5 1136
34502 1 586
34619 1 2069
34627 1 1130
34679 1 1212
34683 1 1171
34745 1 3957
34757 1 1160
34795 1 4142
34860 1 3758
34901 1 18201
34913 1 877
34923 1 2774
34941 1 1620
34954 1 779
35020 4 1589
35055 1 1150
35078 1 855
35135 1 182
35148 1 1369
35152 3 814
35173 1 406
35182 15 13213
35183 1 1577
35184 2 774
35188 1 576
35300 1 466
35306 2 913
35331 5 2132
35332 1 2865
35333 1 5425
35334 1 4418
35395 1 1776
35403 4 2961
35421 4 591
35454 1 2122
35475 1 12761
35728 1 571
35758 1 187
35762 1 742
35764 1 1421
35766 1 1100
35767 1 2251
35771 2 5813
35773 1 1187
35828 1 5244
35846 1 1532
35858 1 1063
35895 1 1498
35909 3 3424
35982 1 1258
35988 1 723
36136 1 2452
36178 1 4277
36224 1 979
36291 2 4374
36292 1 3895
36298 1 1028
36300 2 3570
36311 1 2920
36335 3 584
36342 1 1083
36391 1 7515
36425 1 435
36443 1 1970
36455 1 2503
36494 1 1299
36532 1 1001
36549 1 667
36604 2 1035
36614 1 2919
36671 1 1332
36680 1 1651
36681 1 2010
36682 1 2478
36689 1 1112
36703 1 369
36724 1 2272
36771 2 723
36792 1 1806
36796 2 1826
36817 5 620
36855 1 1034
36873 1 4539
36876 1 1168
36931 2 1745
36938 1 434
36942 1 727
36944 1 1225
36945 3 21910
36962 1 5960
36993 1 753
37035 1 1914
37039 1 1824
37054 1 1105
37102 1 1529
37104 1 1776
37105 4 5309
37106 1 3136
37111 2 873
37182 1 13117
37285 1 2205
37323 2 7159
37366 1 814
37377 5 630
37381 1 1394
37392 1 1220
37409 1 2886
37434 1 6835
37446 1 948
37465 2 519
37479 1 746
37489 1 991
37508 3 860
37521 1 3207
37557 1 985
37593 2 2020
37595 1 1332
37596 3 1780
37601 1 1897
37604 1 1897
37605 1 1281
37613 3 1538
37615 4 2824
37630 1 2027
37694 1 3082
37705 1 900
37717 2 382
37830 1 484
37928 1 3618
37964 1 2710
38001 2 978
38008 1 1010
38045 1 1369
38119 2 1233
38162 5 7201
38190 1 905
38234 1 914
38254 1 767
38282 2 289
38362 1 670
38381 1 981
38415 1 871
38435 1 1582
38542 2 2357
38611 2 5792
38637 6 990
38658 1 671
38676 1 584
38725 1 2848
38769 1 854
38782 2 1808
38789 1 1489
38793 2 1377
38796 1 3677
38804 1 1858
38812 1 2023
38840 1 2481
38905 1 1096
38907 1 4305
38936 1 1147
38942 1 3171
38958 1 1370
38987 2 559
39014 1 615
39015 2 2466
39024 6 8349
39038 2 1980
39083 1 2721
39085 1 4795
39092 1 2067
39180 2 1551
39200 2 1003
39243 1 1097
39244 1 1045
39251 2 2258
39258 1 1773
39278 1 5705
39301 1 12335
39388 1 2149
39458 1 1860
39482 2 1937
39494 1 867
39497 2 5496
39708 2 918
39816 2 840
39866 1 309
39883 1 130
39887 2 2182
39985 1 3132
39986 2 880
40007 1 1943
40022 2 2312
40093 1 4751
40159 1 959
40192 1 292
40237 1 1541
40287 1 10480
40301 7 1617
40340 2 794
40373 1 953
40380 6 339
40383 1 1006
40476 1 354
40541 1 4650
40561 4 1537
40562 6 652
40580 1 1410
40693 1 1541
40696 1 6423
40697 1 2727
40705 2 338
40747 1 5237
40764 1 793
40773 1 637
40834 1 757
40977 1 4178
40988 3 396
40993 1 3833
41048 1 1925
41057 10 3871
41078 1 1486
41080 2 1531
41101 1 750
41176 1 372
41183 5 4967
41184 5 7879
41197 2 723
41268 1 629
41282 1 1639
41290 1 1644
41298 1 756
41426 1 4541
41438 1 850
41538 1 840
41564 1 548
41582 2 184
41664 1 608
41674 1 4187
41675 3 1320
41719 1 632
41720 1 1655
41724 1 1426
41728 2 852
41738 3 1731
41822 1 1997
41826 1 2287
41861 1 496
41866 1 1666
41945 1 1262
41949 1 1257
42030 1 2922
42050 1 774
42054 4 2132
42058 1 1781
42114 10 5169
42165 1 1084
42220 1 1241
42280 1 372
42292 1 1752
42302 10 845
42312 2 2174
42323 1 478
42327 1 793
42347 1 848
42362 1 10503
42417 1 1718
42422 18 5724
42423 1 2011
42431 1 712
42461 1 734
42511 1 1464
42521 1 979
42537 2 504
42550 1 2066
42557 1 2920
42559 1 2800
42567 1 3374
42569 1 3491
42572 1 2840
42577 6 1608
42585 1 2844
42593 1 2229
42630 1 2369
42632 1 2515
42639 3 845
42652 6 2519
42653 1 2753
42818 1 1646
42893 1 1128
42901 1 516
42959 5 5863
42960 5 7453
42978 1 571
43092 5 1330
43160 1 1940
43229 1 8025
43337 1 884
43390 1 284
43422 1 812
43447 1 1494
43448 3 5826
43477 1 22611
43486 1 687
43487 1 680
43495 1 431
43496 1 2079
43497 1 1986
43501 1 322
43691 1 1413
43777 2 3197
43787 1 1288
43793 1 360
43830 1 948
43837 1 3115
43941 2 206
43943 1 2720
43957 3 342
43999 1 5400
44191 1 1020
44210 3 1542
44211 1 1230
44217 1 3228
44227 2 676
44287 2 3176
44302 1 194
44337 1 528
44362 1 3685
44394 2 2869
44407 1 1204
44419 2 1293
44428 1 1638
44561 1 661
44748 1 758
44774 1 2787
44791 3 1689
44792 3 3157
44855 1 361
44871 1 771
44874 3 3594
44881 1 3374
44886 2 1038
44953 3 900
45096 1 6217
45180 1 838
45190 2 219
45200 1 778
45217 2 1038
45261 5 7633
45262 5 6033
45293 4 757
45301 1 485
45377 1 559
45581 1 8025
45758 3 296
45809 2 1675
45826 1 8235
45869 1 834
45870 1 639
45871 1 789
45872 1 779
45880 1 2642
45882 1 1165
45935 1 4684
45958 1 2336
46169 2 5011
46320 1 1655
46388 2 81863
46409 2 1262
46426 1 3573
46455 4 1168
46509 1 2154
46524 1 344
46527 1 830
46532 1 2752
46547 1 1295
46551 1 8597
46589 2 1731
46611 1 2127
46617 2 393
46646 1 1436
46684 1 2323
46690 1 843
46692 2 2110
46735 5 1806
46745 3 692
46852 2 854
46909 1 2578
46980 4 584
47084 1 1448
47094 1 829
47095 1 6494
47363 1 609
47382 1 6307
47430 1 527
47431 1 402
47437 2 1517
47446 2 2943
47481 1 1797
47496 1 2373
47544 3 1704
47551 1 1447
47606 1 1497
47683 1 1475
47709 1 862
47711 1 928
47722 1 925
47732 2 922
47748 5 6961
47749 5 7411
47760 1 1544
47769 1 493
47781 2 725
47798 1 1074
47802 1 1203
47830 2 479
47848 1 2980
47865 1 1970
47898 2 1891
47984 7 2548
47987 1 594
48041 1 1145
48069 2 3129
48078 2 11919
48111 1 2300
48180 1 25164
48209 1 2047
48217 1 6375
48228 2 1672
48247 1 2933
48253 1 2008
48262 1 1040
48270 5 2441
48301 2 772
48312 2 1292
48329 8 913
48330 2 1029
48340 1 598
48368 1 585
48369 1 637
48370 1 575
48371 1 728
48372 1 672
48385 1 1169
48436 1 661
48471 1 2563
48481 1 776
48489 1 2490
48545 4 3140
48577 3 940
48673 1 6093
48705 3 767
48740 1 487
48781 2 806
48828 3 536
48837 1 492
48880 2 511
48910 1 1372
48948 1 1194
48963 1 927
49055 1 1309
49122 1 928
49139 1 1280
49187 2 1258
49192 2 853
49231 3 1134
49232 1 5655
49234 2 861
49296 1 985
49350 1 2540
49366 4 5125
49375 5 11530
49376 5 5243
49427 2 613
49443 1 1149
49454 1 2489
49455 1 2601
49456 1 2513
49457 1 2074
49458 1 1916
49459 1 3328
49460 1 810
49483 1 4047
49505 1 676
49552 1 1919
49572 1 876
49604 1 4772
49662 1 2884
49795 1 401
49799 1 1576
49957 1 375
49966 1 2862
50209 1 1735
50230 1 1104
50234 1 625
50261 4 649
50265 1 956
50266 1 999
50267 1 865
50268 1 945
50269 1 1701
50270 1 962
50285 1 4950
50329 3 886
50370 10 2048
50381 1 463
50382 1 1337
50383 1 995
50384 1 680
50385 1 413
50386 2 695
50387 1 427
50388 1 592
50389 1 685
50390 1 803
50391 1 703
50534 1 980
50546 1 1843
50597 1 2594
50598 5 5177
50677 1 794
50690 1 53
50724 1 2101
50824 1 714
50855 1 3129
50856 1 468
50864 1 1034
50865 1 1252
50881 1 4909
50895 1 2073
50918 2 2316
50919 2 1560
51001 1 1402
51019 1 1182
51053 2 332
51054 2 382
51055 2 316
51061 1 595
51086 1 607
51088 1 2484
51092 1 3069
51115 2 1600
51147 2 3111
51176 1 976
51177 1 2704
51193 1 1845
51208 2 859
51304 3 953
51336 1 974
51376 1 570
51441 1 885
51443 1 510
51466 1 1121
51495 1 928
51523 2 1944
51589 1 521
51635 1 516
51648 1 642
51668 10 812
51707 1 986
51708 1 994
51719 3 562
51734 1 279
51735 1 338
51756 1 978
51834 1 674
51891 1 6407
51892 1 4521
51899 1 12169
51957 1 615
51977 1 1239
51978 1 8282
51992 1 1395
52026 5 1300
52030 1 1803
52039 1 816
52145 1 1011
52146 1 10691
52192 1 239
52205 2 1233
52221 1 1170
52222 1 1753
52223 1 1842
52247 1 359
52248 1 702
52249 1 716
52250 1 701
52251 1 694
52283 1 2127
52284 1 1780
52373 1 1549
52396 1 4756
52412 1 766
52449 1 3942
52475 3 1358
52484 1 5765
52557 1 5509
52698 1 978
52701 1 1487
52717 4 3076
52727 1 4203
52800 2 1046
52801 1 1168
52926 1 841
52929 1 920
52973 1 1307
52988 4 24350
53045 1 1416
53099 1 3241
53109 1 770
53136 3 5288
53224 1 1319
53227 6 728
53228 2 760
53231 1 857
53236 1 3296
53270 1 413
53274 1 1660
53298 1 193
53338 4 1463
53349 1 708
53424 2 5193
53430 4 48057
53479 1 1784
53508 1 1704
53609 2 538
53712 1 539
53729 1 783
53769 1 2550
53777 1 3202
53789 1 777
53862 1 1177
54094 1 3257
54183 1 2128
54187 1 4739
54220 1 1087
54226 2 1236
54251 1 499
54252 1 735
54324 6 338
54349 6 12411
54355 3 10248
54387 1 430
54388 1 602
54389 1 756
54390 1 442
54399 1 5059
54480 1 438
54482 1 784
54487 1 750
54564 3 3322
54583 4 941
54584 1 478
54921 1 664
54927 1 1073
54928 1 700
54929 1 794
54975 1 1380
55001 1 193
55050 1 1233
55054 1 4966
55065 1 3081
55073 1 3312
55147 1 2912
55150 8 441
55455 2 823
55467 1 1056
55472 1 1061
55483 1 522
55532 1 367
55536 50 49965
55537 5 7693
55538 5 7491
55558 2 721
55574 2 824
55608 3 4052
55666 1 1316
55680 2 952
56108 5 428
56109 3 208
56135 1 337
56193 2 1208
56195 1 598
56254 1 2455
56255 1 2455
56273 2 2200
56461 2 755
56487 1 3333
56507 1 1042
56530 1 553
56555 1 1013
56581 1 2134
56620 1 1243
56623 2 236
56666 1 912
56721 1 480
56722 1 901
56723 1 1252
56724 2 634
56725 1 453
56726 1 517
56731 1 646
56802 1 8941
56827 1 3050
56849 1 1501
56867 1 776
56886 1 887
56961 1 7535
56987 1 833
56988 1 606
57026 1 408
57247 1 437
57249 1 648
57371 1 1247
57380 1 3371
57386 1 2865
57436 1 3484
57448 1 1818
57466 1 1951
57471 1 1255
57492 1 2215
57515 19 1112
57518 1 3333
57539 1 571
57548 1 1424
57639 1 1276
57801 1 2633
57817 1 4120
57819 1 2006
57820 1 3637
57821 1 4929
57834 4 4576
57903 2 623
57905 3 576
57906 6 1412
58231 1 4145
58240 1 711
58305 1 751
58319 1 719
58346 1 948
58378 1 2575
58391 1 973
58503 1 2202
58546 1 999
58711 1 1429
58758 2 733
58762 1 4573
58763 2 813
58798 1 534
58822 1 555
58823 1 454
58852 1 3464
58860 1 1359
58898 8 2227
58925 3 1726
59063 1 3059
59079 4 1045
59179 1 1184
59182 1 1241
59225 5 6473
59244 2 540
59251 1 6070
59263 1 5357
59290 1 261
59348 1 10477
59356 1 1554
59357 1 1573
59402 1 4509
59431 1 1353
59454 1 2821
59465 2 406
59496 1 1417
59524 1 1325
59580 2 1999
59589 1 1085
59599 3 1077
59622 2 1137
59633 1 4221
59635 1 4384
59639 3 3423
59641 1 4053
59646 2 1585
59662 1 14951
59671 1 422
59695 1 2300
59703 1 4221
59824 1 1816
59874 1 4939
59909 4 3894
59931 1 159
59937 1 860
59938 1 1265
59939 1 664
59940 1 792
59941 1 618
59942 1 838
59982 1 4938
59995 1 537
60018 1 2504
60040 2 5727
60042 1 969
60064 1 3872
60066 1 4785
60068 1 2246
60070 1 2663
60095 1 3074
60151 1 423
60179 1 867
60180 1 866
60185 3 1405
60265 1 891
60266 1 807
60267 1 598
60293 1 721
60297 1 923
60302 1 1119
60311 3 2325
60312 3 2041
60313 2 2019
60339 1 856
60345 1 484
60398 1 1768
60512 1 1242
60531 1 884
60538 1 2351
60691 1 1244
60750 1 12275
60792 1 3202
60825 2 2017
60828 1 3367
60863 3 974
60919 1 823
60963 1 3508
60999 1 520
61004 1 2305
61043 2 4069
61166 1 3006
61167 1 3616
61186 1 14302
61238 2 1279
61240 1 2043
61255 3 4815
61268 1 2756
61291 7 1645
61328 1 1075
61331 1 2243
61353 1 771
61354 1 732
61389 1 4011
61405 2 1936
61409 1 3387
61417 1 1310
61428 2 8357
61497 1 5567
61600 1 573
61653 1 527
61680 1 2168
61720 1 970
61738 1 523
61783 1 691
61788 2 1126
61834 2 2191
61836 1 807
61862 12 5528
61865 3 544
61867 3 1527
61870 2 3147
61948 8 1548
61967 1 548
61983 1 817
62014 1 6015
62036 1 689
62058 4 842
62062 1 6529
62124 1 1016
62176 1 3929
62180 1 838
62197 2 246
62215 2 1984
62241 2 6098
62335 2 994
62391 1 206
62441 1 429
62458 1 710
62480 1 1959
62571 1 618
62625 1 893
62626 1 917
62646 1 573
62691 1 1119
62724 1 3090
62728 2 3125
62732 1 2989
62749 2 387
62762 1 571
62853 1 4078
62912 1 6714
62916 2 572
62998 4 1031
63054 1 1936
63075 1 3050
63102 3 1074
63103 1 1213
63113 2 1057
63118 1 876
63128 1 1024
63147 1 1729
63170 1 1316
63197 5 7220
63262 1 1616
63265 1 1866
63281 1 1021
63309 2 4077
63353 1 892
63461 1 659
63507 3 1696
63516 1 644
63568 1 1949
63569 1 1387
63578 5 874
63628 4 1675
63641 1 211
63686 1 3010
63701 3 2880
63803 1 2123
63832 1 1265
63880 2 1289
63884 1 3456
63906 1 4261
63954 5 741
63956 9 958
63957 2 1067
63964 2 1764
63970 1 4043
63972 1 1998
64011 1 1334
64015 1 2612
64021 2 4309
64031 2 751
64032 1 1854
64070 1 1259
64077 1 1341
64078 1 1341
64079 1 1341
64094 1 3694
64103 1 401
64271 1 4396
64295 1 1792
64319 1 4532
64320 1 1816
64326 1 1704
64410 1 1829
64437 1 1636
64448 2 335
64453 3 10145
64458 1 652
64459 1 783
64476 1 704
64583 1 250
64595 1 534
64611 1 2134
64635 1 1256
64639 1 924
64657 1 1109
64847 1 611
64881 2 1311
64985 1 501
64986 1 609
64995 1 1355
65005 1 3081
65051 1 1455
65056 2 206
65079 1 1254
65091 3 2809
65092 1 2579
65093 1 2401
65094 2 2609
65099 1 2357
65106 2 1122
65270 3 943
65410 8 1931
65413 1 2296
65421 1 3586
65478 1 450
65479 1 841
65480 1 718
65481 1 1071
65579 1 744
65582 1 731
65748 2 1674
65792 1 886
65795 1 682
65796 2 347
65816 1 929
65864 1 680
65865 1 341
65944 1 4400
65958 1 1390
65990 1 4364
65998 3 908
65999 4 7992
66002 1 1623
66056 2 1412
66064 3 887
66110 3 401
66136 1 673
66142 2 1075
66144 1 868
66148 25 850
66159 1 587
66188 5 5739
66189 5 7316
66331 1 231
66409 1 1827
66442 1 841
66478 1 1388
66536 1 727
66564 2 2309
66586 1 2141
66596 1 463
66614 4 1103
66619 1 2672
66623 7 1360
66656 1 271
66657 2 1440
66680 1 251
66719 1 2207
66721 1 1376
66722 7 276701
66762 1 1134
66771 2 3499
66787 2 661
66804 1 577
66827 10 342
66868 1 2032
66878 1 750
66885 1 829
66916 1 188
66941 3 772
66973 1 1116
67002 5 6563
67027 2 2379
67076 1 528
67095 1 2223
67190 2 223
67258 1 584
67265 1 2055
67294 1 1338
67309 2 844
67316 1 2577
67394 1 2122
67451 1 2767
67485 1 785
67522 1 673
67636 1 811
67639 1 914
67671 1 6735
67672 1 2623
67673 1 1224
67674 1 1995
67675 1 1974
67676 1 1751
67756 7 5291
67758 1 2196
67775 1 1816
67784 1 2572
67799 3 657
67876 1 873
67886 1 554
67897 2 1662
67934 1 1831
67963 6 2024
68027 1 697
68058 1 1220
68060 1 1384
68119 1 6225
68149 1 2354
68157 1 1827
68176 1 2781
68187 1 592
68198 1 710
68217 1 5161
68228 1 6756
68252 1 1260
68282 1 1506
68322 2 1708
68348 1 2811
68360 2 541
68369 1 11195
68389 1 7515
68390 1 7515
68391 1 7515
68402 1 1259
68403 1 1259
68410 1 1341
68438 1 2467
68447 2 403
68572 1 1068
68648 1 609
68660 1 1533
68731 1 1135
68732 1 3543
68768 1 1022
68786 1 1076
68802 1 1220
68812 3 10319
68828 10 509
68846 1 1502
68847 1 2391
68848 1 459
68857 1 588
68863 1 110
68900 4 3607
68909 2 2457
68985 1 889
69091 1 1188
69358 1 481
69376 3 1668
69407 1 834
69408 1 368
69409 1 509
69431 2 3095
69463 1 208
69515 1 3275
69516 4 141
69522 2 2679
69526 1 116
69699 2 810
69701 2 1593
69723 3 871
69871 1 2129
69887 1 3269
69898 1 1027
69913 5 7379
69914 5 7296
69917 1 3612
69921 1 927
69971 1 1060
69982 1 992
70041 1 763
70045 3 1086
70110 1 710
70169 1 8025
70210 1 5060
70272 1 870
70302 1 1840
70303 1 1436
70363 5 785
70409 1 1089
70431 1 2476
70442 1 4263
70530 2 1122
70534 1 5509
70570 1 705
70609 1 881
70637 1 1177
70841 1 8361
70865 1 178
70881 1 1568
70922 1 2787
70936 1 1631
71013 1 1564
71044 4 591
71059 1 2012
71141 2 1124
71259 1 1522
71265 1 654
71277 1 778
71306 1 1543
71327 7 1804
71380 1 1120
71384 1 2877
71385 1 2877
71386 1 2880
71392 1 1762
71393 1 1762
71394 1 1762
71431 1 658
71534 1 2382
71553 1 1321
71558 1 868
71569 1 653
71591 2 988
71598 1 797
71657 8 654
71676 1 2168
71690 1 470
71705 3 10258
71740 1 674
71741 1 669
71742 1 541
71790 1 2312
71810 1 955
71838 1 910
71847 1 1603
71873 1 1004
71886 1 801
71887 1 486
71911 2 5060
71921 1 465
72038 1 3035
72039 1 5516
72045 1 2213
72046 2 2501
72047 1 1766
72048 1 5014
72079 6 753
72129 1 1048
72176 1 2898
72217 1 1342
72228 2 1246
72230 1 1290
72236 1 483
72256 1 1403
72257 1 1524
72258 1 1182
72259 1 1369
72283 1 1448
72295 1 2968
72320 1 1701
72321 1 1530
72344 2 815
72396 1 2100
72402 1 1487
72412 1 14176
72413 1 1983
72422 1 4394
72437 1 8964
72478 1 2348
72498 2 11873
72565 1 1130
72630 2 479
72681 1 559
72719 3 718
72741 1 6306
72805 1 684
72810 1 1218
72823 1 697
72833 2 2038
72868 1 1891
72896 1 377
72899 2 20275
72929 1 3019
72934 1 2319
73014 1 1378
73063 1 270
73084 1 2577
73117 1 1006
73167 1 837
73176 2 231
73195 1 409
73198 1 34
73211 1 1314
73228 1 570
73233 1 395
73266 2 808
73276 5 7711
73321 1 615
73358 4 1564
73382 1 473
73410 1 527
73462 1 693
73511 2 640
73525 2 516
73531 11 607
73570 1 1016
73574 1 8025
73676 1 2052
73702 1 158
73753 1 1851
73795 1 77
73858 1 2247
73956 1 2798
73961 1 2232
74008 1 1811
74041 1 707
74065 2 2514
74089 1 693
74108 1 642
74116 1 4873
74148 1 1271
74176 8 4570
74178 3 2150
74182 1 842
74203 2 11999
74212 1 649
74218 1 909
74284 1 1107
74348 2 745
74356 1 1589
74390 1 3030
74440 2 1991
74441 1 390
74446 1 1773
74543 2 5014
74590 1 1461
74655 11 858
74660 2 2184
74762 1 2031
74803 1 6144
74806 1 5040
74811 1 1038
74822 2 5130
74858 1 1001
74867 3 870
74945 1 330
75111 1 2479
75169 1 9895
75191 1 492
75203 2 2977
75221 1 6839
75248 1 1379
75326 1 2372
75497 3 1847
75526 1 1968
75534 1 9607
75643 1 1262
75646 4 832
75753 2 1935
75766 1 841
75773 1 1038
75842 1 761
75843 1 323
75850 1 41
75900 1 409
75903 4 440
75915 2 623
75985 1 1505
76015 2 793
76016 1 1243
76017 1 1083
76018 1 1130
76039 1 964
76097 1 1243
76101 2 1397
76104 1 2832
76105 1 6146
76169 8 661
76175 2 6943
76223 1 1582
76260 1 1279
76262 2 3194
76298 1 1324
76309 2 2573
76321 1 546
76340 1 3506
76344 1 2359
76354 1 3077
76405 3 5489
76423 1 1266
76428 2 518
76443 1 440
76450 16 287
76469 1 1291
76480 1 1099
76482 1 534
76522 1 1798
76535 1 720
76625 1 2143
76656 1 4057
76670 1 2879
76672 1 139
76722 3 2126
76735 1 1120
76736 1 1139
76777 1 1440
76798 1 906
76856 3 1057
76933 1 1278
76947 1 71
76971 2 1429
76986 2 1145
76989 1 738
76997 1 1154
77057 1 1725
77073 1 1322
77086 33 5533
77088 1 4377
77103 1 1287
77108 1 1362
77136 1 3236
77153 1 2521
77164 1 416
77172 1 1401
77211 1 3451
77212 1 3474
77213 1 3532
77222 1 1336
77223 3 562
77232 2 1018
77248 3 1903
77265 1 691
77398 1 3728
77452 4 2364
77486 1 1139
77487 1 916
77488 1 464
77491 1 363
77529 2 628
77535 2 317
77594 1 871
77629 1 247
77652 4 3016
77825 2 1157
77867 1 606
77874 1 3196
77875 1 3223
77915 1 302
77950 1 1280
78093 3 909
