sick sick 2451 65215343 
28 1 2843
32 1 850
59 2 1451
117 1 6480
132 1 13051
150 1 150
248 1 5568
258 1 56657
375 1 10166
378 1 868
424 1 2481
428 2 2978
430 2 3354
516 2 381
517 2 497
547 1 1844
556 5 3813
564 1 1452
623 3 515
672 6 2537
749 1 347
814 1 752
886 1 5811
944 1 502
964 2 3624
995 4 3497
1006 1 388
1023 1 2468
1070 1 592
1135 1 1188
1147 1 1152
1160 1 1620
1185 1 15836
1273 1 513
1346 1 605
1433 1 1522
1435 1 3772
1452 1 6140
1484 1 6578
1514 1 1086
1636 1 752
1647 1 10572
1658 1 1529
1793 1 350
1869 1 343
2050 1 2719
2151 1 1771
2166 2 945
2184 1 1827
2192 1 5833
2363 1 3977
2381 1 258
2440 1 503
2504 1 5375
2716 2 4798
2809 1 8131
2828 1 749
3096 1 1172
3104 1 3172
3109 2 3299
3133 1 4214
3299 1 1600
3301 1 4111
3330 1 1137
3372 1 940
3380 1 260
3415 2 4495
3513 2 2385
3514 1 5186
3525 1 1046
3539 1 1721
3719 1 2258
3727 2 17097
3728 1 815
3795 1 106
3835 1 1418
3853 1 987
3854 1 1132
3855 3 365
3887 1 2632
3902 1 2905
3917 8 918
3922 1 4998
4009 1 425
4050 1 4772
4069 1 3379
4146 1 1296
4179 1 2326
4180 1 1353
4186 1 423
4202 5 2037
4232 1 59
4297 2 7592
4328 1 695
4368 2 4832
4369 1 4444
4370 1 3314
4371 1 3866
4372 1 3440
4373 1 4212
4374 7 5584
4376 1 2069
4377 1 1760
4395 2 445
4485 5 2100
4540 1 1717
4612 1 1244
4692 1 533
4753 2 5716
4821 1 2178
4823 1 1869
4828 1 1756
4838 1 5657
4840 1 5531
4847 1 2281
5199 1 567
5225 1 1789
5242 1 1621
5247 4 6498
5257 1 579
5321 1 1222
5396 1 6921
5496 1 938
5499 5 44062
5608 1 622
5890 1 387
5905 1 700
6010 1 3182
6012 2 3069
6013 1 2929
6015 3 3323
6037 1 949
6180 2 5070
6183 1 2719
6289 1 1534
6296 1 3125
6298 1 3012
6299 1 3048
6300 1 3029
6301 1 2972
6303 1 2969
6304 1 3270
6364 1 7210
6557 1 1488
6576 2 1635
6577 2 1930
6578 2 2792
6579 6 4887
6953 1 633
6983 1 2840
7148 1 1172
7527 1 4859
7570 1 9650
7602 1 901
7647 1 1890
7704 1 3369
7705 1 4973
7706 1 3286
7707 1 1904
7708 1 1422
7710 1 4326
7723 1 4731
7927 1 748
8081 1 203
8093 2 20088
8120 1 1513
8126 1 1194
8218 1 747
8272 1 298
8297 2 12133
8306 1 1820
8310 1 4695
8311 1 4367
8312 1 3567
8313 1 3754
8318 1 1271
8325 1 1883
8382 3 19553
8402 3 8226
8408 1 5505
8820 1 865
8846 1 298
8867 2 2603
8877 1 1525
8890 2 5449
8913 3 12589
9005 5 45220
9167 1 1639
9173 1 6443
9188 1 1630
9234 1 1133
9237 2 1379
9297 1 1678
9316 1 4281
9317 2 2510
9339 2 2490
9344 1 1217
9379 1 884
9681 1 789
9750 2 1343
9804 1 5129
9805 1 5191
9806 1 6009
9906 2 1054
10047 1 1536
10073 3 1739
10088 1 933
10096 1 2420
10101 4 12486
10275 1 1016
10298 1 2030
10299 1 545
10366 1 2417
10409 4 1748
10598 1 501
10654 1 3128
10690 1 325
10843 1 1551
10862 1 1361
10952 2 966
10991 3 1582
10999 2 1962
11114 1 623
11248 3 11766
11289 2 922
11295 1 5148
11408 1 1192
11473 1 135
11570 1 631
11571 1 941
11620 1 211
11859 1 4320
11866 1 1990
11889 1 1623
11968 1 1385
11991 1 243
11997 4 257
12047 1 436
12137 1 752
12138 1 18363
12156 6 13898
12205 2 811
12257 1 3211
12284 1 491
12326 2 4527
12344 1 2265
12351 1 209
12367 7 9446
12388 1 3483
12526 1 21005
12589 1 768
12601 1 3000
12642 1 2067
12653 1 1822
12673 3 6656
12693 1 5024
12695 2 1648
12751 1 5083
12772 2 1750
12814 1 46677
12818 1 3788
12924 1 1943
12930 1 1053
12968 1 652
12974 1 4586
13017 1 1307
13044 1 1428
13058 4 11569
13069 1 797
13088 1 955
13117 1 1571
13138 1 986
13148 1 1862
13156 1 3209
13190 1 812
13224 1 3401
13268 1 2970
13427 1 2521
13460 1 169
13479 1 5487
13497 2 6632
13508 1 6492
13556 2 2449
13569 1 1241
13608 1 450
13640 1 4066
13651 1 840
13658 1 1095
13802 1 1437
13875 1 2890
13930 1 449
13961 1 931
13985 5 11629
14014 1 3934
14067 1 1216
14080 3 51830
14096 2 2291
14153 2 56
14226 1 681
14242 2 727
14271 1 2963
14272 1 3020
14273 1 2924
14274 1 2909
14359 2 505
14360 2 1012
14482 1 4658
14634 1 727
14674 1 1627
14714 1 5738
14722 1 6567
14723 1 4899
14724 1 5113
14797 1 2125
14868 1 1699
14881 4 2726
15008 4 303
15075 1 3631
15099 1 5771
15110 1 821
15147 1 1355
15245 1 7336
15252 1 1312
15268 1 628
15517 1 2551
15557 2 1027
15568 1 3032
15569 1 3119
15570 1 2982
15573 1 2920
15574 1 3007
15576 2 2773
15665 1 928
15734 1 2035
15735 1 2037
15737 7 3706
15757 1 7636
15832 2 2615
15885 1 312
15933 2 211
16004 1 1576
16144 1 798
16235 1 4462
16241 1 1533
16258 1 7609
16284 1 1751
16316 1 3859
16339 2 825
16454 1 727
16490 4 4549
16572 1 448
16575 2 2548
16577 1 1217
16718 3 1664
16836 1 4094
16845 3 8711
16849 1 6516
16893 1 5510
16935 2 3050
16943 2 10757
16989 1 971
17005 1 2314
17010 1 3499
17013 1 9772
17039 1 207
17040 2 3349
17060 2 2388
17070 1 1119
17071 1 2160
17072 1 1836
17073 1 1801
17075 1 961
17113 1 4319
17114 3 6140
17116 1 3516
17121 1 6700
17194 1 1502
17284 1 1040
17330 1 984
17419 1 1979
17428 1 990
17555 2 14925
17589 1 12110
17638 1 6007
17669 2 5167
17671 1 3280
17716 1 2066
17758 3 28986
17830 1 1229
17831 1 468
17847 1 1020
17904 1 6041
17958 1 1236
18010 1 776
18032 3 3246
18033 1 3046
18035 1 2957
18037 1 3117
18038 3 3203
18096 2 1110
18173 1 1152
18226 1 1550
18291 1 945
18373 1 1926
18383 2 1509
18414 1 1361
18429 1 2153
18489 1 726
18618 1 430
18648 1 1076
18653 2 4815
18695 1 896
18750 1 569
18753 1 2030
18855 1 1391
18864 3 263
18930 1 2682
18965 4 20789
18967 6 13159
18981 1 944
19021 2 1100
19042 1 3327
19045 1 3919
19050 1 1221
19078 2 2988
19079 1 16454
19110 1 1343
19375 2 4252
19390 1 3260
19544 1 1036
19625 1 1321
19643 3 3951
19681 4 10198
19685 1 4688
19828 1 689
19856 1 1292
19867 1 1332
19883 4 5667
19884 1 5873
19885 1 1727
19887 2 3613
19888 1 1794
19889 1 7969
19890 1 2034
19891 1 4302
19892 1 2205
19893 1 6194
19895 1 3842
19896 1 4758
19897 1 3289
19898 1 4338
19899 1 6214
20125 2 63
20200 1 30304
20214 1 406
20263 2 3682
20268 2 1431
20350 1 1183
20381 1 631
20408 1 864
20421 2 12627
20424 1 228
20427 1 605
20639 2 2734
20686 1 750
20699 1 1150
20701 1 2408
20702 1 1564
20711 1 6388
20730 1 3239
20804 1 1029
20819 1 1770
20868 1 3295
20989 2 2034
21200 1 3347
21266 4 4449
21292 1 1797
21300 2 1461
21318 1 7108
21321 1 7104
21345 1 2751
21389 4 3999
21424 1 839
21469 1 3531
21470 1 3587
21503 4 13267
21507 3 7373
21568 1 3870
21616 1 307
21637 12 10855
21656 1 904
21695 1 1941
21696 1 480
21704 1 1215
21854 1 571
21929 1 655
21953 1 1123
21969 5 4332
21976 3 3253
21980 1 907
22010 1 988
22038 1 1606
22057 1 1390
22087 1 1367
22092 1 8456
22093 3 10393
22137 2 4439
22138 2 4091
22185 1 476
22216 2 13756
22392 1 529
22498 1 2128
22523 1 3123
22524 1 3107
22525 2 3022
22526 1 2933
22547 1 5064
22575 1 1360
22621 1 340
22628 3 1515
22638 2 1125
22976 1 1924
22984 1 1974
23064 2 7447
23211 2 1665
23286 1 153
23466 1 2473
23498 1 654
23505 1 1415
23506 1 760
23507 1 1290
23526 1 2714
23556 1 1763
23588 1 2167
23655 1 746
23694 1 793
23756 1 269
23763 3 3449
23765 2 11324
23909 1 969
24074 1 995
24096 1 3824
24119 2 14616
24147 1 207
24157 1 10311
24291 1 195
24397 1 1053
24458 1 1043
24461 1 554
24478 1 170
24559 1 1044
24574 1 3225
24588 1 1540
24594 2 1258
24666 2 3571
24668 1 6702
24669 2 2087
24813 1 1576
24824 1 1881
24825 1 1588
24849 1 4735
24934 2 684
25049 1 918
25106 1 554
25121 5 1670
25154 2 4423
25175 2 4293
25405 1 730
25409 2 4429
25441 1 1222
25475 1 3015
25476 1 3033
25477 3 3314
25479 1 3085
25490 1 4592
25656 1 4885
25826 1 2414
25895 1 1814
26116 1 786
26147 4 924
26200 1 767
26329 1 804
26343 1 4639
26439 1 1615
26449 1 7560
26465 2 1529
26575 2 979
26577 1 971
26622 1 3312
26641 1 4691
26740 1 242
26816 2 2936
26820 1 5014
26856 1 1093
26871 1 662
26929 2 1247
26945 1 2664
27026 1 1215
27036 2 6909
27104 1 468
27173 1 3255
27391 1 4345
27392 1 4376
27456 2 1833
27474 1 1604
27521 2 1461
27527 1 621
27576 1 2018
27581 11 901
27771 1 696
27778 1 1834
27779 1 4121
27831 1 1261
27925 1 2804
28007 1 257
28041 2 2090
28138 1 261
28261 2 11790
28293 1 628
28434 1 1842
28640 1 1389
28750 2 4089
28770 1 777
28781 1 2730
28798 1 1425
28871 1 2000
28946 1 974
29089 1 4866
29103 1 554
29119 1 1828
29152 1 1988
29180 2 3520
29346 2 5736
29377 2 593
29379 1 653
29410 6 300
29492 1 3204
29494 1 3066
29495 1 3137
29497 1 2942
29498 2 2955
29508 2 2855
29545 2 2155
29557 2 7051
29625 1 10200
29631 1 1819
29648 2 8110
29668 1 664
29788 2 2365
29803 1 2905
29856 1 1766
29884 6 3052
29892 1 947
29991 2 10803
30006 2 597
30128 1 1329
30131 1 1922
30137 3 5022
30147 1 388
30192 1 1145
30257 1 1126
30266 2 665
30318 1 418
30435 1 1206
30436 2 827
30481 1 967
30510 2 2362
30526 1 4142
30542 1 612
30602 1 3594
30639 2 8117
30649 1 2455
30761 1 597
30952 1 3956
31192 1 1700
31241 1 487
31329 1 3009
31331 1 2964
31332 1 3032
31377 1 507
31391 2 2998
31436 1 149
31566 1 1244
31606 1 2118
31626 1 478
31749 1 1210
31902 5 1912
31956 2 1770
31992 1 980
32029 1 705
32042 1 828
32197 1 619
32240 2 3457
32287 1 3033
32291 1 3102
32292 3 3278
32295 2 3206
32296 1 2955
32297 2 3273
32298 2 3261
32300 1 3026
32303 1 2974
32304 1 2871
32345 7 1361
32362 1 560
32399 1 1839
32415 1 804
32473 1 833
32491 1 6991
32636 1 449
32641 2 1814
32659 1 1206
32824 1 2602
32878 1 330
32897 1 1259
32972 1 11367
33008 2 96
33095 1 1520
33179 1 2037
33240 1 9576
33255 1 946
33274 1 805
33287 1 896
33413 1 845
33475 1 5068
33515 1 951
33522 1 869
33585 3 3694
33712 1 518
33785 1 1393
33786 1 3235
33798 1 1847
33872 3 1046
33912 1 645
33944 1 1449
33982 1 3039
33996 1 4294
34039 1 23394
34052 3 11789
34094 1 1268
34179 1 1686
34270 1 870
34481 2 3475
34488 1 842
34660 2 1031
34796 2 674
34813 1 2197
34849 1 601
34850 1 636
34901 7 18201
34905 1 1534
34938 1 5944
35039 1 2773
35041 1 7162
35053 1 773
35146 2 1199
35341 1 814
35351 1 1416
35359 1 634
35387 5 4967
35429 1 1003
35560 1 295
35716 1 435
35798 1 1407
35799 1 2340
35909 2 3424
35983 1 2665
36012 1 1501
36051 1 3640
36187 5 4259
36219 1 722
36223 3 2477
36249 1 2162
36280 1 708
36294 1 3160
36387 1 3582
36392 1 6574
36393 1 6574
36397 2 8678
36398 2 8678
36423 1 718
36475 1 534
36498 1 8241
36535 1 539
36552 1 1625
36614 1 2919
36634 1 406
36697 1 754
36797 1 6365
36875 1 951
36881 1 1464
36882 1 6259
37023 1 2246
37127 1 1188
37177 1 10680
37202 1 876
37205 1 2953
37228 1 4061
37258 2 1019
37261 1 1582
37271 1 2000
37310 1 7113
37323 1 7159
37327 1 1007
37335 1 4505
37361 1 1594
37374 1 929
37389 1 921
37415 4 5377
37427 7 7481
37466 1 632
37545 2 2346
37559 1 667
37598 1 1621
37614 1 4640
37615 2 2824
37621 2 648
37819 1 60
38054 4 1792
38079 1 190
38089 1 3093
38177 1 1445
38195 3 2948
38229 1 4034
38235 1 679
38294 2 1860
38339 1 1676
38452 1 1545
38489 1 719
38542 2 2357
38557 2 10387
38569 1 928
38634 2 738
38648 1 877
38660 1 1365
38683 1 310
38687 1 2099
38690 1 994
38807 1 2365
38820 1 2102
38905 1 1096
38910 2 7766
38976 1 3085
39140 1 1160
39157 1 1476
39175 1 3064
39182 1 3168
39183 1 4477
39193 1 3626
39240 2 1187
39241 1 7079
39265 1 3702
39270 2 2484
39271 2 2225
39278 1 5705
39279 1 5440
39501 7 2201
39673 1 250
39705 1 2975
39774 1 1715
39797 1 2288
39800 1 1463
39806 2 1057
39901 1 420
40080 1 927
40098 1 1634
40409 1 787
40442 2 948
40445 3 1917
40495 1 2423
40541 1 4650
40585 2 1235
40602 1 744
40630 3 5684
40632 1 358
40747 1 5237
40803 1 486
40819 1 10440
40829 1 3054
40833 1 2965
40854 8 1256
40942 1 1831
41009 1 242
41049 2 2451
41067 1 949
41118 1 2966
41147 1 1261
41415 2 67
41698 1 3701
41699 1 589
41785 1 1619
41836 1 829
41843 1 778
41844 1 1013
41947 1 2133
42025 1 9933
42129 1 4735
42141 1 1064
42168 1 707
42210 1 776
42223 1 954
42249 1 95
42281 1 864
42375 2 2118
42422 2 5724
42438 1 506
42455 1 152
42525 1 1213
42536 1 1190
42574 1 2003
42580 1 8665
42597 1 1554
42747 1 2556
42764 3 1569
42855 1 3481
42894 2 1338
42949 6 2799
43021 1 983
43025 2 3087
43087 1 465
43122 1 1078
43279 1 126
43410 2 215
43477 1 22611
43485 1 271
43580 1 992
43702 1 168
43740 1 638
43774 1 766
43777 1 3197
43779 1 1159
43812 1 1091
43839 2 1259
43908 5 1405
43909 1 1568
43915 1 3241
43943 1 2720
43972 1 168
44014 2 2086
44109 1 1504
44143 1 3570
44286 3 5425
44287 1 3176
44384 1 786
44494 1 3303
44517 1 652
44524 1 961
44567 1 801
44586 1 926
44588 1 2135
44748 1 758
44865 1 581
44873 1 3136
44875 1 2970
44876 1 3240
44877 1 2904
44880 1 2983
44955 1 7733
45094 1 848
45154 1 888
45159 3 13537
45251 6 2817
45394 1 1505
45608 1 737
45779 1 502
45880 2 2642
45988 1 561
46105 1 945
46140 1 1373
46169 1 5011
46176 1 1459
46284 2 2305
46306 1 4474
46384 1 827
46390 1 248
46505 1 6279
46516 2 1910
46551 1 8597
46609 1 2149
46615 1 3442
46646 1 1436
46677 1 440
46725 1 1492
46726 1 1514
46749 1 6951
46753 1 1413
46754 1 1931
46791 1 889
46969 1 1145
46974 1 742
47065 3 1172
47137 1 1329
47139 1 6464
47199 1 3686
47362 1 931
47437 1 1517
47445 1 2962
47446 2 2943
47447 1 3095
47459 1 8496
47474 1 5150
47554 1 912
47561 1 3141
47577 1 1239
47724 1 480
47814 1 1518
48078 2 11919
48133 2 2192
48135 1 1627
48180 1 25164
48253 1 2008
48269 3 11120
48273 1 1388
48301 1 772
48413 1 3524
48414 1 3926
48437 1 805
48512 2 1124
48551 1 6659
48630 1 557
48672 1 378
48689 1 4283
48831 1 654
48833 1 679
48917 5 6627
48922 1 2935
48939 2 1135
48953 2 1506
49073 1 1915
49157 1 2034
49160 2 734
49173 2 10707
49174 1 9273
49175 1 9938
49176 1 11069
49214 1 699
49232 1 5655
49252 1 971
49323 1 5236
49328 2 1138
49332 1 1151
49490 1 834
49696 2 2912
49729 1 49
49776 1 9407
49844 1 6972
49896 1 1614
50020 1 1485
50025 1 5763
50029 1 1476
50186 1 5705
50287 1 2869
50298 1 1458
50312 1 1045
50370 1 2048
50386 1 695
50389 1 685
50438 1 1670
50445 1 2439
50504 2 2431
50524 2 1087
50527 1 1391
50529 2 4267
50542 1 2306
50597 1 2594
50755 1 3965
50858 1 1121
50867 1 598
50888 1 2791
50966 1 8029
50983 8 16660
51009 1 524
51022 1 2835
51030 3 2989
51057 1 1367
51147 2 3111
51149 1 3086
51150 1 2908
51151 1 2830
51237 2 2338
51290 1 6381
51305 1 1663
51495 1 928
51672 3 3436
51733 1 416
51763 1 2149
51780 1 1235
51818 1 552
51827 1 2148
51832 2 1066
51845 2 1135
51925 3 674
51928 3 1289
51969 1 1165
51991 1 4229
52014 1 25
52032 4 1614
52098 1 1384
52100 1 2791
52157 1 1660
52167 1 2979
52271 2 8131
52281 1 1244
52320 1 2961
52408 3 1385
52415 1 2114
52440 2 6680
52473 2 1195
52541 1 3260
52561 1 52057
52587 1 916
52605 1 656
52627 1 1261
52717 2 3076
52718 2 2980
52719 1 2978
52721 1 2968
52722 1 2934
52727 1 4203
52804 1 4622
53039 1 1539
53078 1 3327
53222 2 1412
53238 1 999
53248 1 5457
53350 1 1432
53359 1 2051
53386 6 3714
53392 1 958
53430 1 48057
53513 1 936
53542 2 401
53605 1 675
53620 2 473
54108 1 992
54169 1 1208
54200 1 3379
54214 1 738
54221 2 225
54314 1 2046
54327 1 1517
54333 6 1417
54475 1 396
54512 1 1202
54611 1 635
54619 1 10647
54673 1 1496
54680 1 636
54861 1 1691
54950 1 3726
55063 1 17333
55066 2 3616
55067 3 3184
55068 2 3268
55069 1 2948
55070 1 2984
55071 1 3179
55072 3 3317
55094 1 12123
55152 1 416
55454 4 585
55484 1 565
55607 3 9422
55608 2 4052
55656 1 605
55674 1 252
55912 1 468
56038 3 1596
56212 1 4266
56223 1 5116
56225 1 1378
56235 1 443
56477 1 4251
56505 1 5118
56524 2 4137
56557 1 1778
56574 1 902
56575 1 1164
56591 1 1805
56600 3 1942
56805 2 1441
56855 1 800
56881 2 4650
57226 1 11510
57263 1 974
57346 1 431
57353 1 469
57360 2 922
57371 1 1247
57381 1 2992
57384 3 3357
57385 1 2878
57387 1 2964
57388 1 3103
57396 6 1224
57410 2 2492
57431 1 3175
57510 1 2365
57623 7 3704
57624 7 3707
57625 7 3705
57659 1 917
57728 1 3152
57879 2 1521
57989 1 3603
58000 1 818
58199 1 4784
58232 1 1144
58251 2 4547
58290 1 982
58305 2 751
58389 1 334
58467 2 4185
58502 1 1134
58706 1 61
58837 2 3342
58838 1 3151
58839 1 2933
58840 1 3131
58842 3 3299
58843 1 2916
58846 1 2959
58857 1 994
58858 2 1878
58859 1 1547
58860 1 1359
58964 1 5289
59072 1 10092
59257 1 510
59347 1 9699
59350 2 8331
59398 1 1993
59453 1 5553
59454 1 2821
59455 1 2220
59466 1 4209
59467 1 4546
59469 1 4789
59471 1 4583
59472 2 2189
59474 1 3565
59475 1 5201
59507 1 1225
59508 1 1122
59521 2 1931
59562 1 820
59568 1 1774
59596 1 988
59598 1 1721
59627 1 4734
59630 5 5288
59673 1 1162
59691 1 2592
59875 1 1762
59931 1 159
59941 3 618
59987 2 5303
59988 1 5229
59999 1 931
60030 1 10533
60040 2 5727
60062 1 928
60180 1 866
60199 9 3044
60222 1 1082
60275 1 3073
60277 1 2988
60394 1 1136
60505 6 2933
60519 1 1838
60537 1 1343
60665 1 1611
60735 3 3139
60736 3 3344
60737 1 3128
60738 1 3062
60739 1 3026
60750 8 12275
60751 2 371
60758 1 909
60789 1 1758
60822 1 5864
60992 2 2142
61199 1 1761
61352 4 18809
61428 1 8357
61500 1 1204
61516 1 1071
61543 1 1462
61668 2 11710
61669 1 5944
61820 1 5698
61821 4 3538
61822 1 5496
61823 4 3825
61824 1 4512
61825 1 2161
61826 1 3738
61827 1 4204
61828 1 2374
61829 1 3211
61832 1 2493
61833 1 7073
61834 2 2191
61900 1 2025
61908 1 1579
61938 1 6544
61939 1 10305
61999 3 1306
62013 2 1235
62082 1 1641
62087 1 4114
62153 1 2377
62158 1 1281
62191 1 3053
62193 1 2441
62236 2 2326
62249 1 877
62293 1 2903
62316 1 1602
62324 1 788
62334 2 499
62471 1 843
62480 1 1959
62499 1 3759
62528 1 143
62529 2 176
62588 2 8596
62622 1 874
62635 1 1315
62692 1 1474
62700 1 517
62731 1 2944
62758 13 2293
62767 2 14162
62768 1 9553
62878 2 650
62912 1 6714
63083 1 1965
63114 2 1012
63157 1 3445
63166 1 2579
63187 1 629
63221 2 1689
63258 2 1486
63270 1 3034
63281 1 1021
63395 1 1032
63690 2 3198
63740 5 1761
63835 2 4072
63845 2 550
63849 1 454
63987 2 1321
64012 1 1614
64050 2 3580
64051 2 3589
64092 1 1393
64310 1 2705
64374 1 831
64381 1 1648
64559 2 4363
64575 1 539
64608 1 494
64658 1 3929
64879 1 915
64934 4 1579
64936 2 1450
64951 1 1419
65008 1 3012
65009 3 3343
65010 1 2912
65107 1 3809
65125 1 675
65376 4 1586
65399 1 3181
65551 1 1082
65568 1 1157
65576 2 4667
65637 1 563
65656 1 3685
65691 1 716
65778 3 3404
65790 1 5117
65799 1 4143
65820 2 635
65838 1 1936
65884 1 2980
65885 4 3324
65944 1 4400
65976 1 2618
65990 1 4364
66019 2 1342
66058 1 983
66065 1 2315
66088 1 1445
66094 1 518
66103 2 1370
66149 2 935
66162 1 3524
66201 1 1133
66272 1 234
66310 3 8271
66409 1 1827
66414 1 1699
66453 1 157
66494 1 1016
66587 3 4790
66615 2 2064
66686 1 1271
66751 1 11896
66758 1 242
66766 1 1240
66784 1 560
66823 1 9403
66894 1 794
66915 1 4319
66983 1 2173
66994 6 2517
67108 1 742
67223 1 1469
67286 1 1904
67326 2 2402
67330 2 1983
67427 1 2019
67585 2 2443
67627 1 2254
67655 1 1887
67671 4 6735
67862 1 922
68101 2 374
68115 1 3242
68116 1 4818
68119 1 6225
68120 2 7511
68135 1 361
68176 1 2781
68215 1 646
68334 2 2381
68392 1 6574
68393 2 3580
68690 1 1253
68713 2 3702
68737 1 3173
68748 1 404
68777 1 1669
68792 2 2291
68846 5 1502
68847 1 2391
68854 1 5781
68902 1 773
68924 1 1394
68964 1 11197
68969 1 746
69003 1 581
69014 1 806
69038 1 1165
69282 1 672
69360 1 903
69430 1 2889
69431 2 3095
69432 1 3080
69433 1 2935
69434 3 3213
69435 3 3178
69529 1 761
69532 2 2723
69825 1 2564
69973 1 835
70001 2 745
70004 1 683
70231 1 2953
70235 1 480
70308 1 1172
70333 6 1397
70368 1 777
70377 1 5997
70382 2 1908
70442 1 4263
70488 4 2098
70534 1 5509
70882 1 353
70929 1 6834
70930 1 602
70960 2 2677
71137 3 9411
71157 1 1942
71297 1 1361
71303 1 1741
71315 1 6723
71331 1 1104
71335 1 3121
71408 1 780
71416 1 462
71513 1 1824
71518 1 800
71558 1 868
71582 1 1381
71599 1 307
71660 1 1283
71661 1 164
71726 1 906
71741 3 669
71813 1 1515
71847 1 1603
71860 3 1550
71863 1 1159
71920 1 799
71932 2 549
71941 1 1460
72039 2 5516
72049 1 417
72050 1 1296
72096 1 1559
72156 1 1534
72176 1 2898
72206 2 2593
72207 4 1776
72208 1 1405
72305 2 1854
72348 1 1677
72412 1 14176
72416 6 1773
72437 1 8964
72478 1 2348
72498 1 11873
72539 2 1870
72556 2 1250
72703 2 824
72741 12 6306
72825 1 4050
72826 1 1996
72827 4 7031
72828 2 2935
72829 2 4528
72830 1 3747
72831 2 6567
72832 1 3890
72833 1 2038
72835 2 2083
72836 1 2346
72837 1 3948
72838 1 1838
72839 1 2764
72868 1 1891
72879 2 7089
72899 1 20275
72903 1 896
72906 1 2265
72919 1 5881
72920 2 5462
72975 1 2128
72982 2 5401
73101 1 5854
73159 1 907
73164 1 1192
73227 1 972
73235 1 1252
73400 3 216
73415 1 996
73438 1 467
73534 1 748
73956 1 2798
73963 1 6843
74067 1 6352
74116 2 4873
74147 1 752
74172 2 867
74184 2 1502
74188 2 471
74203 1 11999
74372 1 1337
74403 5 353
74444 1 1117
74519 1 5618
74559 1 849
74562 1 846
74591 1 3810
74604 1 5954
74665 1 2881
74671 1 919
74679 1 1229
74788 1 1690
74874 1 6108
74887 1 7880
75131 1 879
75203 2 2977
75204 1 3081
75205 1 3189
75206 1 2994
75207 1 2937
75209 1 2934
75210 3 3198
75214 1 2338
75221 1 6839
75240 4 5462
75295 1 2546
75305 3 2807
75306 1 2908
75398 1 2037
75408 1 3231
75493 1 1348
75497 2 1847
75619 1 1267
75772 2 1151
75778 2 514
75842 1 761
75970 1 137
75985 1 1505
76018 1 1130
76038 1 3241
76049 1 1651
76100 1 976
76105 2 6146
76136 1 4953
76162 1 3412
76174 1 20998
76228 1 2247
76320 2 908
76334 1 963
76338 1 1039
76340 1 3506
76405 1 5489
76448 1 5583
76495 1 3655
76573 2 1808
76690 1 2184
76707 1 3320
76755 1 5294
76772 1 413
76773 2 2532
76775 1 1080
76840 2 630
76989 1 738
77076 2 3304
77086 1 5533
77139 2 7313
77208 1 4089
77209 1 4122
77210 1 4271
77235 1 455
77242 1 1714
77246 1 6149
77249 1 3213
77253 3 1729
77263 1 1231
77411 2 3629
77443 1 2709
77610 1 2465
77659 1 1655
77767 1 488
77811 1 729
77816 1 2167
77834 2 3498
77860 1 2146
77877 3 3129
77879 1 2977
77880 1 3027
77881 1 2924
77948 1 3393
78121 6 3206
