broke broke 1546 65215343 
361 1 5027
430 1 3354
562 1 3293
610 1 945
715 1 237
769 1 1279
812 1 581
893 1 1259
1048 2 1240
1127 1 889
1153 1 6533
1185 1 15836
1231 2 4288
1254 1 182
1361 2 1013
1371 2 1930
1566 1 3548
1755 1 1202
1767 2 13095
1827 1 1488
1956 1 3792
2105 2 1500
2216 3 2877
2232 1 1628
2280 1 40
2307 1 58
2396 1 1417
2400 1 1305
2457 3 731
2980 1 735
2985 1 467
3086 2 4139
3109 1 3299
3113 1 195
3133 2 4214
3197 1 1690
3415 1 4495
3461 1 2177
3539 1 1721
3557 1 1042
3662 1 1695
3706 1 6639
3863 1 4935
4076 1 4324
4106 2 2006
4187 1 7906
4251 1 2307
4287 1 903
4357 1 687
4359 1 2427
4369 1 4444
4370 1 3314
4450 1 6385
4522 1 2966
4552 1 1468
4596 1 884
4643 1 649
4667 1 3501
4741 1 3450
4820 1 1191
4841 2 816
4858 2 604
4948 1 3561
5083 1 2915
5132 1 1537
5185 1 756
5319 2 1028
5455 1 15074
5503 1 1464
5507 2 3021
5587 1 2202
5675 1 611
5883 1 986
5936 1 3330
6073 1 1575
6151 1 6692
6165 1 4900
6182 1 6597
6297 1 3321
6361 1 4951
6548 1 930
6904 1 1029
6929 1 637
7022 1 670
7580 2 9484
7685 1 1390
7710 2 4326
7722 1 1567
7944 1 4834
8026 1 922
8054 1 482
8238 1 1131
8282 1 643
8300 1 889
8313 1 3754
8381 1 679
8382 1 19553
8422 1 5132
8578 1 1656
8751 1 1100
8899 1 1046
8982 1 1516
9127 1 1122
9144 1 1064
9242 1 1298
9490 1 2974
9596 1 1486
9690 1 2014
9828 1 2395
9868 1 2464
9970 1 1230
10033 2 8876
10125 1 582
10128 1 1019
10231 1 9229
10298 2 2030
10325 1 1466
10412 1 778
10497 2 1517
10568 1 3196
10574 3 1648
10623 1 1141
10624 1 1876
10862 1 1361
10871 1 848
10999 2 1962
11113 1 658
11242 1 738
11248 77 11766
11259 1 1202
11288 2 9962
11420 1 965
11448 1 970
11467 1 3152
11478 1 424
11480 1 1620
11633 1 2246
11665 1 1141
11745 1 1277
11862 1 888
11869 1 2608
11958 1 1894
12109 20 5974
12112 1 673
12156 1 13898
12236 1 1669
12320 2 1771
12364 2 1534
12384 3 4014
12601 1 3000
12614 1 458
12674 2 6435
12690 3 336
12804 1 323
12814 1 46677
12828 1 482
12832 1 1318
12835 4 985
12907 1 2394
12974 1 4586
13156 1 3209
13188 1 2230
13243 1 1319
13315 2 1614
13336 1 2457
13486 1 7532
13489 1 432
13573 1 766
13576 2 2787
13687 1 344
13803 1 1542
13848 1 1442
13861 1 3305
13862 1 3335
13871 2 6056
13885 1 2142
13894 1 326
13913 1 522
13936 1 3277
13985 1 11629
14006 1 1552
14077 1 774
14096 1 2291
14118 1 1090
14242 2 727
14300 3 445
14303 2 1086
14420 1 919
14488 1 599
14535 1 2058
14649 1 3074
14778 1 1208
14822 1 538
15061 2 904
15088 1 1087
15092 1 2742
15099 1 5771
15114 1 1801
15122 1 1151
15203 1 5461
15276 1 643
15284 1 771
15310 1 3417
15457 1 1030
15576 1 2773
15664 1 1538
15737 1 3706
15762 2 2141
15810 1 4391
15840 1 926
15846 1 2009
15926 1 1584
15937 1 2165
16098 1 1575
16231 1 2052
16260 1 4783
16261 1 2583
16412 1 845
16428 1 2245
16491 1 6610
16504 1 1199
16591 1 6896
16592 2 2447
16765 1 1110
16799 1 3514
16802 1 2436
16833 2 255
16835 2 3680
16849 1 6516
16869 1 3108
16995 1 4866
17012 1 3524
17013 1 9772
17071 1 2160
17121 1 6700
17161 1 582
17255 1 1594
17328 1 1138
17351 1 4853
17363 1 2096
17383 2 907
17424 1 2766
17426 1 7075
17458 1 10296
17555 2 14925
17561 1 498
17589 1 12110
17716 2 2066
17738 1 715
17790 1 2095
18036 1 3329
18081 1 1322
18082 1 1589
18123 4 2594
18138 1 967
18145 1 554
18151 1 354
18169 1 3118
18373 1 1926
18394 1 1853
18423 1 616
18479 1 962
18620 1 3943
18654 2 15696
18658 1 1985
18660 1 933
18661 1 1372
18662 1 1519
18744 1 775
18779 1 2121
18788 1 1109
18824 1 3146
18868 1 607
18951 1 5208
18965 1 20789
18981 1 944
18997 1 2415
19000 1 1062
19001 1 1062
19006 1 778
19095 2 4478
19133 2 2181
19160 1 1067
19194 1 5424
19294 1 66
19369 1 1689
19410 1 1119
19495 1 3545
19560 1 8071
19643 1 3951
19765 1 1024
19792 1 3925
19898 2 4338
19969 2 2159
20005 1 2489
20169 1 2907
20243 1 1017
20581 1 1771
20583 1 1743
20585 1 1770
20593 1 1768
20596 1 1769
20598 1 1777
20601 1 1785
20634 1 407
20641 3 2659
20678 1 4807
20684 3 12924
20710 3 6801
20722 1 1712
20833 1 5441
20866 1 1137
20868 1 3295
20870 1 4517
20915 1 2042
21056 1 1401
21100 1 1816
21310 1 1905
21321 3 7104
21324 1 1830
21329 1 1062
21336 1 4593
21359 2 13839
21503 2 13267
21507 1 7373
21514 1 639
21533 1 1795
21542 1 37742
21698 1 2267
21701 1 1549
21730 1 1984
21845 1 1139
21919 7 642
21955 1 2133
21976 2 3253
21993 1 2572
22415 2 1257
22464 2 1400
22556 2 1484
22618 1 2272
22910 2 164
23064 1 7447
23293 1 149
23371 1 1501
23464 1 3921
23526 1 2714
23543 1 2015
23982 1 1016
24006 1 3059
24094 1 3157
24118 1 2970
24119 4 14616
24157 1 10311
24212 1 4006
24213 1 481
24260 1 1070
24282 1 469
24357 2 1310
24616 1 6643
24696 1 905
24747 1 5509
24840 1 9627
24870 1 817
25024 1 989
25102 1 1292
25104 1 465
25121 1 1670
25409 1 4429
25601 3 618
25673 1 921
25772 1 2171
25902 1 2698
26037 1 510
26241 1 5926
26258 1 7349
26288 1 1399
26465 1 1529
26499 1 831
26590 1 2388
26614 1 3554
26812 1 1962
26831 1 353
26884 1 429
27036 1 6909
27039 1 1645
27102 4 268
27308 1 7530
27309 3 2591
27321 1 7344
27433 1 1079
27613 1 3476
27761 1 1167
27846 1 709
27866 3 4412
27872 1 3102
27901 1 544
28040 3 4385
28086 1 1091
28111 1 943
28261 1 11790
28266 1 1597
28430 1 2319
28434 1 1842
28446 1 9326
28452 1 808
28607 1 72
28639 1 2821
28777 1 646
28857 1 423
28866 1 1774
28883 1 1741
28983 1 1151
29071 1 748
29120 2 1210
29182 9 839
29349 1 2088
29380 2 1056
29446 1 2735
29557 1 7051
29578 1 197
29625 1 10200
29683 3 619
29707 1 578
29722 1 9450
29837 1 902
29883 1 1156
29982 1 1131
29991 1 10803
29998 1 854
29999 1 486
30017 1 520
30180 1 993
30245 1 281
30303 1 5165
30369 1 2927
30580 1 952
30691 1 407
30738 1 1986
30757 1 1418
30766 1 800
30808 1 2494
31017 1 781
31029 1 886
31229 1 4414
31288 1 2833
31439 1 972
31521 3 3875
31550 1 1019
31609 1 663
31611 1 741
31821 1 4061
31825 1 3867
31829 2 14263
31953 1 1038
32133 1 1043
32288 1 3260
32295 1 3206
32297 1 3273
32298 1 3261
32299 1 3515
32324 1 1109
32414 1 1665
32756 2 1374
32871 1 1078
32989 1 1412
32990 1 1413
33211 1 1214
33319 1 2701
33328 2 3420
33504 1 1979
33586 1 2998
33668 3 1612
33698 1 689
33709 2 1690
33859 1 7228
33938 1 5544
33977 1 2001
34004 1 5029
34037 1 3652
34090 1 2456
34096 1 821
34178 2 2529
34248 1 827
34250 2 1738
34303 1 4581
34493 2 905
34544 1 1173
34629 2 1322
34665 1 1365
35041 1 7162
35154 1 1597
35332 1 2865
35371 1 1620
35415 1 1578
35504 1 1747
35519 1 841
35635 1 177
35763 1 1308
35877 1 1096
35911 1 515
35930 1 908
36017 1 721
36263 2 1184
36311 1 2920
36343 2 1778
36353 1 807
36358 1 1651
36624 1 1412
36625 1 1412
36626 1 1412
36730 1 751
36859 1 1147
36897 1 1300
36944 1 1225
36945 1 21910
36981 1 772
37011 1 2340
37135 1 956
37164 1 3578
37177 1 10680
37182 1 13117
37196 2 1139
37216 1 1659
37278 1 2964
37335 2 4505
37369 1 5846
37501 1 4449
37546 1 2709
37576 1 1478
37577 1 806
37606 1 903
37614 1 4640
37630 1 2027
37657 1 1079
37698 1 5406
38122 1 1267
38189 1 3745
38427 1 441
38447 2 2944
38484 1 1425
38557 1 10387
38610 1 1389
38611 1 5792
38672 1 1650
38715 1 5564
38802 1 4212
38804 2 1858
39129 1 1061
39178 2 1298
39239 2 819
39258 1 1773
39292 1 4867
39303 1 218
39327 1 897
39329 1 32477
39350 1 1856
39388 2 2149
39432 1 458
39533 1 1603
39546 1 709
39782 1 1509
39790 1 720
40109 1 902
40224 2 1671
40287 1 10480
40319 1 3414
40477 1 957
40499 2 2513
40538 2 14088
40636 1 3362
40637 2 7547
40685 1 2772
40772 1 2487
40819 1 10440
41067 2 949
41089 1 2270
41144 1 486
41164 1 1123
41233 1 1484
41268 2 629
41424 1 924
41426 1 4541
41535 2 408
41672 1 1500
41714 1 984
41796 1 1342
41840 1 2915
41875 1 668
42001 1 1519
42025 1 9933
42058 2 1781
42156 1 844
42172 1 2686
42230 1 943
42234 1 2137
42321 1 1615
42425 1 5948
42526 1 189
42560 1 1179
42571 1 844
42573 1 1180
42574 3 2003
42584 1 1300
42589 1 1045
42596 1 802
42626 1 1450
42648 2 4779
42651 1 1581
42655 1 1535
42666 4 247
42763 1 6680
42778 1 2008
42868 1 620
42892 2 2540
42900 1 917
43027 1 1898
43251 1 788
43266 1 768
43414 1 54
43448 2 5826
43551 1 1826
43579 1 1057
43597 1 2088
43606 1 1561
43644 1 839
43680 1 1915
43730 1 1965
44057 1 3001
44059 1 1070
44219 1 1788
44255 1 1773
44303 1 2027
44446 1 568
44455 1 1628
44566 1 208
44590 1 3346
45098 1 1554
45159 3 13537
45189 1 6148
45199 1 853
45346 1 509
45430 1 399
45721 1 404
45770 1 161
45808 1 1186
45826 1 8235
46071 1 1693
46169 3 5011
46289 1 4086
46369 1 5238
46391 1 2268
46432 1 3117
46456 1 728
46505 1 6279
46551 1 8597
46552 3 9921
46606 1 365
46615 1 3442
46631 2 535
46661 1 5001
46694 1 3602
46726 1 1514
46752 1 345
46808 1 976
46825 1 1815
46830 1 501
46939 1 2178
46975 1 1653
47037 1 1110
47040 1 1605
47442 1 559
47444 1 3470
47449 1 2847
47545 1 1640
47659 1 3727
47720 1 1789
47800 2 10768
47802 1 1203
47848 1 2980
47894 9 349
47898 1 1891
48146 1 954
48164 2 599
48217 1 6375
48341 1 811
48416 1 1759
48462 1 258
48543 1 1485
48566 1 3055
48752 1 1640
48765 1 1857
48777 1 2052
48871 1 1061
48902 1 4234
49052 1 3420
49113 1 1472
49119 1 1455
49151 1 1897
49175 1 9938
49176 1 11069
49233 1 1231
49252 1 971
49356 1 1233
49524 1 866
49572 1 876
49734 1 2337
49863 1 1748
49895 1 652
49897 1 901
49904 1 1193
49970 1 1052
50028 1 1566
50030 1 2358
50143 2 8454
50144 1 5084
50186 1 5705
50191 1 1276
50228 1 701
50241 1 2798
50278 2 1086
50280 1 1252
50285 1 4950
50298 1 1458
50305 3 1201
50458 1 1281
50483 1 1973
50552 1 2672
50657 1 1955
50669 1 1789
50672 1 2381
50755 1 3965
50766 1 1255
50853 1 3547
50931 1 1730
50978 1 1544
50999 1 500
51026 1 1313
51208 2 859
51231 1 1305
51232 1 1471
51295 1 5729
51347 1 1073
51348 4 640
51437 1 456
51495 1 928
51523 1 1944
51667 1 859
51672 1 3436
51712 1 2167
51730 1 505
52030 2 1803
52071 1 2204
52146 1 10691
52281 1 1244
52377 1 1152
52406 1 4365
52425 2 898
52442 1 1703
52450 1 1698
52457 1 4403
52500 1 3237
52504 4 676
52652 1 1339
52791 1 766
52841 1 489
52901 1 225
52988 1 24350
53031 1 683
53077 1 1328
53209 1 1662
53346 1 1122
53430 6 48057
53432 1 1524
53487 1 1821
53549 1 1593
53602 1 1819
53782 1 1204
53788 1 391
53846 1 2470
53867 1 1992
53888 1 5712
53901 1 1141
53902 1 1141
53903 1 1141
54094 1 3257
54142 1 2860
54163 1 685
54200 1 3379
54213 1 616
54285 1 983
54400 1 1530
54439 2 2636
54559 1 2260
54566 1 8702
54602 1 1759
54685 1 263
54930 1 1003
55066 1 3616
55068 1 3268
55094 1 12123
55424 1 186
55443 1 1365
55468 1 941
55480 1 788
55513 1 409
55607 6 9422
55608 1 4052
55619 3 988
55958 1 128
56177 1 809
56181 1 1977
56194 2 1968
56244 1 749
56456 1 954
56495 1 1972
56507 1 1042
56658 1 1079
56770 1 2972
56915 1 4927
56973 1 1260
57022 1 536
57040 1 3492
57314 1 770
57350 1 838
57431 10 3175
57510 1 2365
57623 1 3704
57624 1 3707
57625 1 3705
57744 1 2807
57883 2 867
57893 1 876
57898 1 652
57923 1 2383
57948 1 5712
57949 1 5712
57985 2 522
57991 2 1504
58340 1 1736
58380 1 2008
58697 1 1823
58785 1 1085
58814 1 673
58837 1 3342
58844 1 3246
58886 2 1211
59186 2 819
59189 5 10518
59195 1 623
59209 1 2825
59301 1 700
59348 1 10477
59372 1 326
59406 1 1386
59439 1 1220
59503 1 664
59516 1 1925
59571 1 766
59640 2 5056
59662 1 14951
59801 1 1104
59816 2 862
59833 1 1248
59874 1 4939
59987 1 5303
59988 1 5229
60124 1 3277
60200 1 1255
60252 1 1550
60357 1 615
60366 1 3154
60371 1 3906
60378 1 1208
60429 2 5933
60607 1 1057
60686 1 1454
60748 1 6845
60750 4 12275
60806 2 672
60815 1 2171
60822 1 5864
60919 1 823
61004 1 2305
61020 1 13801
61187 1 15707
61196 1 1748
61227 1 3378
61240 1 2043
61289 1 964
61352 1 18809
61400 1 2056
61428 1 8357
61816 1 1916
61939 11 10305
61982 1 995
62022 1 1888
62109 1 4903
62116 1 949
62215 2 1984
62243 1 3964
62293 1 2903
62330 1 259
62349 1 2237
62407 2 859
62470 1 588
62480 1 1959
62538 1 1320
62588 1 8596
62696 1 510
62723 1 3363
62727 1 3232
62767 3 14162
62768 2 9553
62880 1 555
62931 1 2235
62999 1 1473
63066 1 1695
63111 1 905
63137 1 3259
63138 1 4006
63141 1 569
63168 2 2328
63203 2 3831
63274 1 1002
63306 1 1008
63407 9 600
63543 4 139
63555 1 7057
63621 1 312
63634 1 5269
63842 1 2243
63880 1 1289
63927 1 184
63936 1 584
63961 1 1470
64011 1 1334
64012 1 1614
64022 1 1923
64074 1 1141
64084 1 1486
64098 1 1021
64310 1 2705
64319 3 4532
64348 1 390
64423 1 623
64567 1 521
64625 1 1074
64681 1 3466
64919 1 1779
64974 1 1043
64993 1 2041
65071 1 1082
65084 1 2317
65094 1 2609
65104 5 8712
65105 1 718
65129 1 15643
65415 1 951
65438 1 1287
65457 1 1115
65536 7 890
65537 1 3294
65799 1 4143
65838 1 1936
65866 1 1221
65896 1 3671
65990 1 4364
66083 1 610
66101 1 742
66113 1 1368
66145 1 884
66179 1 595
66188 1 5739
66334 9 368
66380 1 9761
66719 1 2207
66720 1 1705
66734 1 1280
66748 1 1830
66755 1 889
66915 1 4319
66947 1 18231
66987 1 2394
67169 1 1155
67213 1 2231
67305 1 1420
67339 1 3088
67355 1 6043
67359 1 3255
67408 1 5567
67637 1 4061
67662 1 2616
67746 1 731
67833 1 1022
67888 1 1174
68120 1 7511
68159 1 6709
68333 1 633
68342 1 1263
68668 1 1127
68702 1 1708
68727 1 1593
68732 1 3543
68909 1 2457
68924 1 1394
68964 1 11197
69018 1 972
69065 1 536
69098 1 734
69352 1 834
69353 1 364
69358 1 481
69495 3 2757
69871 1 2129
69880 1 681
69973 3 835
69982 1 992
70017 1 624
70099 9 321
70351 1 1891
70401 1 525
70474 1 62
70534 1 5509
70628 1 1111
70637 1 1177
70701 1 2606
70881 1 1568
70938 1 1184
70991 1 2170
71009 1 1220
71035 1 774
71078 1 9605
71157 2 1942
71217 1 2704
71257 1 2362
71273 1 1606
71290 1 1120
71338 1 2157
71384 3 2877
71385 3 2877
71386 3 2880
71507 1 1967
71729 1 693
71762 1 1315
71875 2 1163
72058 1 810
72124 1 1102
72176 1 2898
72185 1 710
72215 1 2153
72230 1 1290
72353 1 1879
72358 1 1752
72413 2 1983
72455 3 1202
72570 1 1189
72619 1 5216
72775 1 2072
72797 1 2288
72843 1 2753
72889 1 1741
72922 1 1461
73103 1 285
73155 1 3609
73361 1 1411
73422 1 855
73426 2 1568
73737 1 825
73892 1 1020
73907 1 2638
73921 1 1265
73956 1 2798
73996 1 7920
74042 3 3503
74061 1 1106
74065 1 2514
74069 1 999
74098 1 877
74186 1 394
74203 2 11999
74294 1 1360
74296 1 3168
74355 1 1634
74373 1 1982
74446 2 1773
74517 1 1657
74563 1 923
74581 1 1084
74591 1 3810
74609 2 3663
74788 1 1690
74811 1 1038
74918 2 2041
74933 1 1532
75068 1 1333
75140 1 1565
75422 3 566
75469 1 1046
75471 1 3184
75499 1 808
75516 1 475
75562 1 740
75622 1 552
75629 1 945
75769 1 1045
75932 1 498
76104 2 2832
76105 2 6146
76106 1 4999
76129 1 695
76136 1 4953
76175 1 6943
76242 1 165
76246 2 6517
76326 1 2230
76411 1 6346
76421 1 865
76446 1 1112
76448 2 5583
76526 2 4857
76529 1 10440
76535 4 720
76593 1 1119
76635 1 1327
76748 1 801
76762 2 7340
76869 1 1194
77007 1 2330
77033 2 881
77078 2 689
77100 1 335
77137 2 1799
77159 1 2784
77236 1 1989
77325 1 1130
77450 1 5940
77489 1 656
77622 1 1784
77857 1 708
77876 1 3309
77942 2 3229
77943 1 1110
78031 1 1380
78032 1 1336
78121 1 3206
