inject inject 906 65215343 
228 1 1439
258 2 56657
365 1 665
426 1 611
500 1 1485
564 2 1452
570 1 196
886 1 5811
887 1 1074
966 1 6046
1086 1 1477
1096 1 3576
1428 2 1327
1668 1 735
2086 1 3653
2214 1 1202
2289 1 995
2363 2 3977
2518 1 2175
2568 2 4333
2697 1 1348
2838 2 636
2963 2 3763
3025 1 642
3311 1 156
3386 2 1245
3508 1 655
3509 1 1454
3851 1 441
3996 1 1340
4196 1 6780
4202 1 2037
4330 2 1163
4348 4 3712
4496 1 6061
4614 2 5323
4685 4 537
4833 1 2973
4840 1 5531
4892 2 609
4942 1 1955
5502 1 977
5580 1 6581
5584 1 687
6013 2 2929
6123 1 1295
6296 1 3125
6298 1 3012
6299 1 3048
6300 1 3029
6301 1 2972
6303 1 2969
6304 1 3270
7527 9 4859
7585 1 632
7885 1 2709
7961 1 412
8002 1 533
8060 1 1283
8116 1 677
8466 1 2863
8607 3 590
8683 9 643
8828 1 2492
9005 4 45220
9006 1 34059
9206 1 3079
9285 1 1179
9316 2 4281
9484 2 354
9698 1 2152
9752 1 8096
9835 1 774
9848 1 552
9921 3 637
10073 1 1739
10231 1 9229
10251 1 1893
10258 1 756
10377 1 2603
10422 1 2187
10803 1 844
11042 2 624
11161 1 292
11698 1 750
11722 1 1625
11858 1 4134
11971 2 1187
12182 1 2585
12358 7 1928
12459 9 1341
12497 1 314
12640 3 1178
12786 1 7289
12814 2 46677
13497 1 6632
13515 1 361
13532 1 1389
13618 1 28398
13648 1 1463
13871 1 6056
14042 1 1826
14232 1 1682
14271 1 2963
14272 1 3020
14273 1 2924
14274 3 2909
14285 1 647
14344 1 1260
14370 1 808
14639 16 710
14861 2 366
15023 1 1799
15568 1 3032
15570 1 2982
15573 1 2920
15574 1 3007
15586 1 3732
15757 2 7636
16185 1 2268
16475 1 2055
16476 1 664
16674 1 2131
16719 2 3541
16783 1 4266
16843 1 15992
16849 1 6516
16932 1 4752
16952 1 7998
17021 1 1973
17326 1 951
17327 1 1088
17328 1 1138
17329 2 1123
17330 4 984
17495 2 1540
17589 1 12110
17590 1 6514
17591 1 3099
17666 1 1434
17920 1 890
17953 5 4826
18033 1 3046
18035 1 2957
18304 1 677
18375 2 2129
18383 1 1509
18528 1 1827
18644 1 2789
18654 1 15696
18883 1 1727
18965 4 20789
18967 3 13159
19383 1 3259
19391 1 3144
19405 2 1541
19563 1 5781
19602 2 900
19970 1 1209
20022 2 985
20168 1 856
20185 4 1049
20397 1 3730
20663 1 2969
20684 1 12924
20776 1 953
20925 1 931
20972 1 2365
21082 1 2229
21100 1 1816
21424 1 839
21890 1 2113
22026 1 1430
22523 1 3123
22525 1 3022
22526 1 2933
23489 1 7818
23547 1 539
23554 1 475
23763 1 3449
23843 1 1535
23844 1 1535
23845 1 1535
24272 3 3323
24863 2 1907
25129 1 990
25146 1 1145
25193 1 1425
25420 1 1176
25474 1 3568
25475 1 3015
25476 1 3033
25479 1 3085
25656 1 4885
25713 2 3056
25911 4 863
26202 1 920
26210 1 1293
26498 2 32423
26688 2 4422
26715 1 1453
27284 1 1496
27290 1 1365
27409 1 4419
27525 1 1284
27741 1 733
28089 1 1360
28098 3 10589
28261 1 11790
28446 1 9326
28550 1 1171
28631 2 670
28709 1 590
28881 1 2326
28915 1 1324
29494 1 3066
29497 1 2942
29602 2 764
29623 1 963
29637 1 2315
29721 4 6842
29892 1 947
29910 1 5908
30382 1 1172
30759 1 1879
30909 1 470
31316 1 535
31329 1 3009
31331 1 2964
31332 1 3032
31559 2 402
31679 1 895
31696 1 521
31795 1 783
31988 4 1092
32287 1 3033
32296 3 2955
32300 1 3026
32303 1 2974
32365 1 3420
32800 1 684
32959 1 546
33335 1 9267
33370 1 898
33403 1 5506
33724 1 1476
34027 1 1328
34052 1 11789
34465 7 5422
34954 1 779
35489 1 1348
35831 1 3206
36069 1 2227
36597 1 669
36674 3 889
36685 2 3543
36832 1 4358
36912 1 1844
36998 1 864
36999 2 867
37228 2 4061
37260 1 344
37464 1 728
37544 1 946
38223 11 12647
38564 1 4067
38620 1 1203
38633 1 1558
38649 1 797
38660 1 1365
38713 2 1687
39278 3 5705
39456 4 1320
39544 2 1182
39718 1 892
39937 1 1427
39981 1 637
39993 1 6188
40147 1 224
40162 1 914
40176 1 1287
40243 1 841
40287 2 10480
40294 1 313
40624 1 1840
40747 2 5237
41067 3 949
41238 9 4035
41327 1 4020
41451 5 1150
41674 1 4187
41789 1 925
42025 1 9933
42149 2 9906
42161 1 9423
42208 3 1800
42230 2 943
42354 1 1506
42434 4 551
42558 1 1161
42758 1 1386
42835 20 2837
43422 1 812
43477 1 22611
43506 1 1014
43798 1 5617
43812 1 1091
43824 1 944
43915 2 3241
44081 1 4117
44225 2 593
44299 1 959
44439 4 2467
44758 1 2521
44873 1 3136
44875 1 2970
44877 1 2904
44880 1 2983
45187 1 658
45489 2 772
45676 2 11251
45700 1 855
45864 7 869
45914 1 775
45937 2 465
46388 4 81863
46513 1 2610
46627 2 4426
46841 1 949
46909 1 2578
46974 1 742
47378 1 589
47394 1 1036
47445 1 2962
47465 1 224
48159 1 849
48367 1 1869
48441 1 764
48463 1 1684
48917 4 6627
48951 1 6065
48954 2 4360
49215 1 836
49327 1 746
49522 6 6160
50044 2 999
50196 2 3087
50217 1 1971
50264 1 1178
50430 1 2601
50521 1 2941
50629 1 828
50671 5 580
50744 2 49
50772 1 848
50784 1 2392
50895 3 2073
51150 1 2908
51151 1 2830
51305 2 1663
51442 2 891
51469 1 1403
51498 1 509
51671 3 1120
51993 1 12689
52405 1 2273
52443 1 995
52502 1 6875
52561 2 52057
52718 1 2980
52719 1 2978
52721 1 2968
52722 1 2934
53039 1 1539
53329 2 3895
53386 1 3714
53430 21 48057
53503 1 349
53641 1 776
53688 1 2329
53726 1 2312
53931 2 1369
54288 2 993
54550 3 2204
54683 2 1304
54958 1 796
55069 1 2948
55070 1 2984
55071 1 3179
55551 1 964
55726 1 648
55746 1 702
55940 1 175
56224 1 1444
56487 1 3333
56701 1 2806
56816 1 1923
57381 1 2992
57385 1 2878
57387 1 2964
57388 1 3103
57546 1 1271
57643 2 8017
57659 2 917
57739 2 585
57747 1 946
57937 1 716
58408 11 4007
58839 1 2933
58843 1 2916
58846 1 2959
59072 1 10092
59211 1 3035
59602 1 886
59685 2 748
59712 3 4670
59875 1 1762
60065 1 3606
60252 1 1550
60275 1 3073
60277 1 2988
60278 1 3357
60673 12 16517
60737 1 3128
60738 1 3062
60739 1 3026
60757 1 988
60759 1 4854
61188 1 29700
61668 4 11710
61820 1 5698
61866 1 890
61890 1 2025
62069 3 536
62113 1 412
62114 1 939
62115 1 755
62116 1 949
62117 1 1347
62229 1 7173
62291 4 1311
62389 2 1286
62499 3 3759
62626 1 917
62669 1 1183
62731 1 2944
62750 1 1350
63138 1 4006
63255 3 2143
63329 1 1339
63667 1 725
63775 1 1020
63787 1 1499
63812 1 2413
63922 1 861
63955 1 1233
64050 2 3580
64051 2 3589
64099 2 1630
64303 1 816
65008 2 3012
65010 1 2912
65407 1 803
65474 1 1571
65529 1 670
65684 1 17249
65884 1 2980
66063 2 860
66287 2 651
66471 1 3798
66583 1 1396
66722 5 276701
66895 1 1147
66955 3 612
66963 1 1157
67312 1 1317
67353 3 750
67355 1 6043
67548 1 2750
67704 1 989
67848 6 691
67890 1 3387
68113 5 4826
68119 1 6225
68132 4 2295
68170 3 586
68249 4 1054
68260 1 1973
68393 2 3580
68446 3 3669
68779 1 316
69048 1 1367
69430 1 2889
69824 1 1647
69970 2 1405
69981 1 804
70231 3 2953
70263 1 7023
70931 1 1021
71016 1 1255
71050 1 3333
71417 1 757
71432 2 2398
71507 1 1967
71574 1 851
72039 1 5516
72049 1 417
72242 1 1531
72284 1 6759
72314 1 1495
72390 1 1313
72498 1 11873
72734 1 2436
73211 2 1314
73594 1 1535
73882 1 1565
73996 3 7920
74023 1 1244
74120 1 2512
74604 2 5954
74746 1 5004
74813 3 5631
75047 1 1177
75109 1 1277
75128 1 1475
75204 1 3081
75206 1 2994
75207 1 2937
75209 1 2934
75962 2 1323
75965 2 1326
76370 12 13094
76496 2 545
76935 1 1129
77086 1 5533
77248 1 1903
77253 1 1729
77417 1 460
77450 1 5940
77675 1 306
77791 1 467
77879 1 2977
77880 1 3027
77881 1 2924
77885 1 1785
77946 1 2824
