curs cur 169 65215343 
428 1 2978
2624 1 1168
3932 1 1367
5214 1 1588
6012 1 3069
6672 14 579
7540 1 13
7694 1 82
9628 1 7931
9734 1 13
13286 2 1437
15014 1 12
15872 1 383
17254 1 19
20317 1 19
20920 1 1439
21983 3 8628
25171 1 19
25363 1 2545
27119 1 12
27589 1 1280
29303 1 2173
29498 1 2955
30295 1 13
30340 1 13
30631 1 14
32671 1 1446
33804 20 6411
33883 1 578
36440 1 2527
38022 1 807
43050 1 787
44220 1 7927
44336 20 9286
45340 1 19
46956 1 19
47446 1 2943
47931 1 15
48328 1 19
50537 1 15
51147 1 3111
51545 3 10771
52417 1 15
52717 1 3076
53024 1 726
53424 1 5193
53493 2 8152
58932 1 15
60506 1 4289
60673 12 16517
61714 1 562
61771 3 11091
61773 1 12
61878 1 2819
63216 2 3807
64437 2 1636
66417 1 2862
66619 1 2672
66635 1 12
66947 1 18231
67358 1 18
67398 1 728
67984 1 13
68230 1 16
68280 1 16
68367 1 709
69431 1 3095
71242 3 11150
71993 1 21
72281 20 6411
72294 1 1227
74873 1 4014
75203 1 2977
76718 1 740
77052 1 61
77793 1 8
