prompt prompt 1460 65215343 
20 2 984
164 1 646
327 1 2668
398 1 1083
422 1 1707
425 1 823
490 1 919
670 1 821
713 1 191
791 1 830
885 1 309
915 1 981
964 1 3624
1060 2 1104
1086 1 1477
1134 1 966
1459 1 1079
1711 2 199
1741 1 5895
1813 1 1195
1927 1 397
1956 1 3792
1973 3 16948
1983 1 5638
1990 2 233
2050 1 2719
2073 1 1294
2075 1 1934
2131 1 1334
2194 5 2274
2395 1 1045
2441 1 7506
2564 1 309
2629 2 3838
2695 1 2852
2696 1 766
3105 1 3023
3204 7 1395
3207 1 737
3383 1 10722
3429 1 2188
3463 1 1003
3482 2 3281
3563 1 1688
3599 24 11096
3747 1 1430
3768 1 960
3885 1 1049
3921 1 3235
3932 1 1367
4352 1 728
4353 1 1851
4369 1 4444
4371 2 3866
4380 1 1204
4428 1 2072
4495 1 2849
4496 1 6061
4497 1 652
4631 1 555
4715 1 884
4823 2 1869
4837 3 2109
4969 1 1272
5141 2 1631
5396 2 6921
5463 1 882
5464 1 1205
5503 1 1464
5589 1 1188
5843 1 2680
5865 1 1706
6297 1 3321
6336 1 3254
6540 2 2261
6632 1 2264
7272 1 901
7273 1 519
7274 1 1168
7275 1 1286
7276 1 1237
7277 1 1309
7278 1 1716
7279 1 646
7280 1 758
7281 1 792
7282 1 1284
7283 1 2390
7284 1 3123
7286 1 2279
7287 1 4774
7288 1 1137
7289 1 1079
7290 1 855
7291 1 832
7420 1 715
7429 1 1504
7538 1 1221
7706 1 3286
8093 1 20088
8281 1 1224
8282 1 643
8311 1 4367
8312 1 3567
8382 1 19553
8650 1 9126
8737 1 1659
9234 3 1133
9238 1 2921
9242 1 1298
9371 1 1526
9392 1 768
9520 1 693
9681 1 789
9717 1 950
9718 1 922
9719 1 811
9720 1 1087
9721 1 1652
9808 1 1549
9828 1 2395
9938 1 1161
9958 2 601
10018 1 1420
10083 1 2180
10157 1 632
10259 1 1194
10260 1 1206
10624 1 1876
10749 1 2979
10864 1 2401
10905 1 448
10949 1 4327
11077 1 1084
11387 4 1357
11388 4 2085
11569 1 6434
11577 1 1673
12228 1 1101
12388 1 3483
12390 3 3720
12523 1 579
12643 1 1624
12729 2 216
12744 1 1046
12745 1 972
12746 1 1213
12747 1 3912
12748 1 3182
12750 1 1084
12751 2 5083
12752 1 743
12753 1 3395
12754 1 1143
12755 1 985
12757 1 1946
12758 1 1074
12759 1 1866
12760 2 1563
12761 1 877
12762 1 5406
12767 1 838
12863 1 1161
13042 1 280
13117 1 1571
13166 1 917
13201 1 1224
13203 1 697
13204 1 1820
13205 2 2644
13206 1 1206
13207 1 1202
13208 1 2020
13212 1 3298
13214 1 1322
13250 1 692
13345 2 772
13463 1 3262
13520 1 4296
13624 2 1236
13646 1 1438
13691 1 2873
13697 2 3718
13861 1 3305
13886 1 3122
14032 1 1220
14033 1 955
14034 1 2239
14046 1 1429
14174 1 684
14212 1 12149
14278 1 1192
14302 1 2269
14312 1 1988
14330 1 929
14500 1 1554
14563 1 595
14595 1 676
14620 1 1274
14694 1 1912
14714 2 5738
14854 1 2362
14855 2 2067
14856 2 2080
14858 1 3107
15203 1 5461
15218 1 2203
15219 1 1663
15280 1 361
15293 3 5587
15527 1 1161
15755 1 1292
15939 1 1110
16004 1 1576
16021 1 1876
16094 1 3553
16118 1 2119
16127 1 483
16258 1 7609
16270 1 2905
16292 1 2759
16341 1 9421
16365 1 1383
16495 3 667
16575 1 2548
16597 1 182
16718 1 1664
16830 2 227
16841 1 3185
16857 1 2221
16858 1 2375
16859 1 2243
16860 1 2032
16861 1 2164
16862 1 2184
16863 1 2074
16864 1 2089
17009 1 3115
17062 1 3596
17071 1 2160
17096 1 1504
17108 1 2260
17157 1 1062
17218 1 1541
17237 1 448
17248 1 2188
17317 1 1002
17322 1 966
17417 1 1434
17447 1 1361
17485 1 782
17567 2 597
17735 1 1588
17758 1 28986
17784 1 1003
17793 1 2999
18033 1 3046
18036 1 3329
18090 1 1539
18095 1 901
18213 3 2075
18228 1 4817
18355 1 1022
18413 1 795
18559 1 1226
18561 2 1135
18592 2 1762
18686 1 3449
18744 1 775
18967 2 13159
19000 1 1062
19001 1 1062
19079 5 16454
19307 1 983
19309 1 2189
19310 1 864
19400 1 611
19494 1 604
19499 1 364
19513 1 308
19558 2 5943
19561 1 5606
19613 1 1146
19681 6 10198
19713 1 537
19765 1 1024
19792 1 3925
19818 1 4232
19856 1 1292
19883 1 5667
19884 2 5873
19928 1 2193
20006 1 2516
20145 3 97
20275 1 1592
20278 1 1044
20325 1 646
20663 1 2969
20677 1 8655
20684 2 12924
20707 2 35797
20708 1 24696
20733 1 593
20921 1 983
20934 1 595
20989 1 2034
21114 1 1404
21133 1 986
21231 1 1035
21262 1 2285
21263 1 1339
21264 1 838
21265 1 1264
21266 1 4449
21292 1 1797
21483 3 816
21507 1 7373
21527 1 6412
21552 1 3528
21573 1 1590
21742 1 1069
21768 2 2946
21814 2 4204
21904 1 2015
22161 1 6376
22469 1 912
22478 1 1558
22529 2 556
22610 1 1706
22639 1 3403
22878 3 1217
22887 1 4212
22927 1 2118
22976 1 1924
23070 1 1018
23420 1 1191
23440 1 860
23498 1 654
23590 1 931
23732 1 4739
23733 1 2720
23734 1 1825
23735 1 1708
23736 1 2381
23737 1 648
23738 1 679
23739 1 907
23740 1 816
23741 1 633
23742 1 1052
23743 1 972
23744 1 1051
23745 1 2692
23746 1 1757
23765 1 11324
23782 1 1258
24088 1 1581
24298 1 438
24423 2 209
24430 1 779
24431 1 1396
24432 1 863
24433 1 2363
24435 1 559
24436 1 720
24437 1 3970
24438 1 3027
24486 1 628
24573 1 2513
24619 1 1922
24682 1 465
24722 1 1133
24750 1 6415
24784 1 1769
24798 3 824
24837 1 1425
25114 1 551
25139 2 514
25234 1 4341
25267 1 2724
25277 1 1839
25441 1 1222
25668 3 1796
25730 1 323
25802 1 1717
25902 2 2698
25966 2 2171
26049 1 2989
26089 1 675
26242 1 1535
26258 1 7349
26324 1 1329
26419 1 1113
26420 1 911
26421 1 995
26422 1 945
26423 1 3280
26424 1 743
26425 1 1535
26426 1 1023
26427 1 912
26428 1 1156
26430 1 984
26431 1 2088
26432 1 2149
26433 1 793
26434 1 3200
26688 1 4422
26698 1 492
26705 1 1443
26888 1 1987
26974 1 1029
27284 1 1496
27308 1 7530
27309 1 2591
27321 1 7344
27459 1 1123
27460 1 653
27461 1 4148
27462 1 809
27464 1 662
27465 1 648
27466 1 551
27467 1 879
27468 1 639
27469 1 1105
27524 1 2332
27990 1 1190
28065 1 3068
28234 1 1181
28454 1 5320
28478 1 634
28683 1 1939
28721 1 456
29011 1 2920
29152 2 1988
29395 1 670
29497 1 2942
29508 1 2855
29525 1 616
29648 1 8110
29805 3 1359
29806 3 1218
29951 3 2090
29980 1 1154
30026 1 402
30129 1 537
30131 10 1922
30132 1 1913
30303 1 5165
30639 1 8117
30653 2 884
30727 1 1425
30738 1 1986
30769 1 1282
30878 1 1359
31013 1 947
31045 1 24677
31102 1 988
31278 1 1259
31287 1 1268
31439 1 972
31461 1 4365
31543 1 2159
31587 1 1215
31876 1 600
31985 1 810
32288 1 3260
32299 1 3515
32366 2 3530
32388 4 24490
32565 2 1204
32566 2 1495
32579 1 442
32733 1 964
32750 1 830
32764 1 2272
32765 1 2291
32766 1 2278
33065 1 2052
33367 1 1062
33618 1 509
33703 1 18894
33895 1 1427
33917 1 1937
34029 1 3971
34039 2 23394
34052 1 11789
34268 1 3482
34397 4 1067
34419 1 509
34564 1 1271
34574 1 2252
34795 1 4142
34883 1 1692
34977 1 1179
35076 1 523
35173 1 406
35396 2 1669
35399 1 6478
35543 1 953
35816 1 836
35818 1 2401
35819 1 1617
35820 1 1281
35821 1 906
35822 1 834
35823 1 813
35824 1 3392
35825 1 3773
35826 1 838
35828 1 5244
35829 1 1300
35830 1 2280
35831 1 3206
35832 1 2158
35833 1 1394
35835 1 1430
35836 1 1061
35837 1 2391
35838 1 1185
35839 1 1075
35840 1 5256
35841 1 958
35842 1 1606
35843 1 742
35844 1 1135
35846 1 1532
35847 1 965
35848 1 849
35849 1 756
35850 1 2980
35851 1 845
36040 1 1563
36182 1 456
36210 1 1205
36216 2 962
36240 1 963
36373 1 2127
36391 1 7515
36394 1 5251
36395 1 5251
36396 1 5251
36397 1 8678
36398 1 8678
36440 1 2527
36462 1 293
36718 1 910
36737 1 707
36945 1 21910
36961 22 1431
36993 1 753
37057 1 5130
37133 1 686
37164 1 3578
37165 1 1811
37166 1 844
37310 1 7113
37520 1 1281
37592 1 1922
37604 1 1897
37930 1 681
37933 1 1338
37937 1 525
37979 1 826
38105 2 1881
38193 1 224
38543 1 1310
38564 1 4067
38659 1 752
38663 1 3825
38803 1 1055
38851 1 4217
38968 1 1028
38986 1 1668
38996 1 584
39128 1 1085
39148 1 4610
39173 1 713
39270 1 2484
39271 1 2225
39281 1 1733
39494 1 867
39544 1 1182
39644 1 1098
39940 1 1790
40019 1 659
40131 1 5534
40494 1 1017
40495 1 2423
40496 1 3146
40497 1 754
40498 1 1626
40501 1 764
40502 1 2207
40503 1 586
40504 1 758
40505 1 983
40506 1 1973
40507 1 1527
40509 1 2348
40510 1 1126
40511 1 1191
40538 1 14088
40652 1 1291
41048 1 1925
41089 1 2270
41106 1 1181
41278 1 1339
41538 1 840
41853 1 4530
41857 1 1647
41988 1 1757
42106 1 1024
42107 1 1958
42108 1 1305
42109 1 680
42110 1 893
42111 1 648
42112 1 1065
42113 1 765
42114 1 5169
42115 1 810
42116 1 1185
42117 1 946
42118 1 2292
42119 1 4002
42120 1 626
42121 1 793
42122 1 1063
42123 1 998
42124 1 1068
42149 1 9906
42424 1 6309
42511 1 1464
42630 1 2369
42817 1 1368
43060 1 818
43069 1 1058
43082 1 1328
43245 1 2907
43337 1 884
43555 1 256
43576 1 5522
43773 2 1247
43888 1 759
43889 1 983
43890 2 2794
43891 1 826
43892 1 829
43893 1 958
43894 1 764
43895 1 1163
43896 1 1645
43897 1 772
43898 1 2947
43899 1 865
43900 1 1267
43935 1 3104
43960 1 1986
43999 4 5400
44019 1 1542
44023 1 1497
44125 2 6435
44131 1 580
44190 1 1021
44206 1 1686
44824 1 226
45170 4 1514
45200 1 778
45217 1 1038
45813 2 909
45861 2 693
46027 4 719
46234 1 759
46235 1 872
46236 1 637
46237 1 1678
46239 1 914
46240 1 1000
46241 1 2498
46242 1 748
46243 1 817
46244 1 3024
46245 1 505
46246 1 778
46331 1 4197
46352 1 836
46369 1 5238
46388 6 81863
46391 1 2268
46428 1 1866
46502 2 1023
46591 1 1721
46592 1 1676
46646 1 1436
46661 1 5001
46694 1 3602
46759 1 2714
46784 1 2048
46817 1 2737
46845 2 878
46931 1 556
47087 3 880
47160 1 4319
47398 1 5716
47444 2 3470
47449 1 2847
47648 2 683
47720 1 1789
47800 1 10768
48078 2 11919
48086 1 1062
48098 1 1123
48162 1 1320
48175 3 703
48184 1 2004
48469 1 2316
48722 1 1191
48733 17 652
48904 1 1475
48934 1 1502
49000 1 3581
49020 2 2150
49149 1 3141
49232 1 5655
49298 1 880
49484 1 3481
49569 1 728
49734 1 2337
49893 1 1339
50008 1 1147
50197 1 2113
50209 1 1735
50262 1 420
50299 1 958
50305 4 1201
50343 1 3220
50370 1 2048
50519 1 1368
50520 1 3232
50521 1 2941
50522 1 757
50669 1 1789
50677 1 794
50717 1 669
50787 1 1313
50853 1 3547
50966 1 8029
51016 1 501
51052 1 871
51059 1 2082
51069 1 243
51104 3 1340
51141 1 1862
51160 1 2041
51161 1 51
51413 1 848
51474 1 822
51544 1 1056
51803 1 2141
51824 1 1527
51839 8 9735
51993 2 12689
51994 1 9298
52145 1 1011
52272 1 1620
52366 1 1215
52444 2 760
52561 2 52057
52727 1 4203
53011 1 2109
53329 1 3895
53330 1 1075
53331 1 1135
53332 1 2573
53333 1 1349
53334 1 1319
53335 1 2146
53336 1 1130
53337 1 3782
53338 1 1463
53339 1 837
53340 1 551
53341 1 2371
53342 1 3109
53343 1 2474
53430 2 48057
53493 1 8152
53558 1 5589
53688 1 2329
53703 1 951
53717 1 4413
53844 1 2218
53856 1 1385
53877 2 497
54116 1 1186
54144 1 2965
54250 1 1352
54326 1 3836
54485 1 4555
54509 1 3235
54617 1 1123
54942 1 567
55063 1 17333
55116 1 1669
55151 1 1332
55434 9 1232
55496 1 5278
56212 2 4266
56471 2 13098
56494 1 1522
56496 1 1274
56600 1 1942
56654 6 1006
56787 1 510
56793 1 1177
56802 1 8941
56839 1 8203
56849 1 1501
56857 1 2166
56858 1 2421
56922 1 1234
57241 1 1386
57319 1 1304
57320 1 1640
57413 1 6376
57436 1 3484
57469 1 965
57748 10 1258
57809 3 1242
57812 1 446
58213 1 518
58315 1 2480
58434 1 1166
58435 1 1168
58503 1 2202
58844 1 3246
58870 1 660
58889 1 1343
59081 1 1600
59164 3 1218
59253 1 1027
59349 1 8147
59418 2 9567
59420 1 1188
59431 1 1353
59441 1 1940
59453 3 5553
59455 1 2220
59463 1 2182
59466 1 4209
59474 1 3565
59475 1 5201
59480 1 2579
59484 1 1395
59514 1 1322
59561 1 4211
59639 1 3423
59695 1 2300
59699 1 1994
59900 1 3360
59918 1 9598
59988 1 5229
60120 1 1210
60121 1 851
60155 1 11169
60166 1 1269
60169 1 734
60217 1 2172
60270 5 1523
60284 1 1802
60288 1 1474
60313 1 2019
60319 3 4138
60438 1 304
60444 1 1326
60529 2 1952
60534 1 988
60542 1 1829
60576 1 396
60662 1 6202
60748 2 6845
60750 1 12275
60777 2 3095
60778 2 3600
60963 1 3508
61043 1 4069
61073 3 8875
61177 1 2363
61185 1 555
61186 1 14302
61188 1 29700
61263 1 1798
61269 1 8764
61337 1 783
61352 2 18809
61429 1 898
61467 1 1809
61468 1 2302
61469 1 1972
61470 1 2495
61471 1 2207
61472 1 2455
61500 1 1204
61543 1 1462
61724 1 1491
61827 2 4204
61838 1 1648
62026 1 726
62090 1 868
62187 1 9768
62233 1 487
62234 1 481
62235 2 550
62344 1 1459
62417 2 11638
62690 1 1289
62723 1 3363
62727 1 3232
62775 1 2968
62981 1 2414
62992 1 5430
63157 1 3445
63163 2 2048
63287 1 2749
63301 1 1043
63309 1 4077
63617 2 2218
63690 1 3198
63775 2 1020
63811 13 230
63812 1 2413
63837 1 6313
63936 1 584
63957 1 1067
64014 1 1052
64323 1 1309
64343 1 1275
64529 1 3125
64540 1 1507
64582 1 1481
64600 1 473
64942 1 731
64993 4 2041
65062 3 1719
65080 1 1255
65129 1 15643
65257 1 1601
65423 1 720
65837 1 1272
66065 1 2315
66125 1 1619
66147 1 842
66274 1 748
66289 1 694
66473 1 2015
66801 1 3195
66979 1 1596
67014 1 772
67045 1 805
67067 1 392
67138 1 492
67195 1 6824
67218 2 1147
67289 1 1131
67321 1 2010
67337 1 2444
67340 1 2960
67345 1 1856
67452 1 3036
67453 1 3053
67454 1 5854
67519 1 10460
67752 2 918
67826 1 562
67928 1 1081
68055 1 722
68114 2 2294
68140 1 827
68141 1 1527
68311 1 1492
68375 1 1502
68389 1 7515
68390 1 7515
68391 1 7515
68661 1 2157
68684 1 991
68708 1 6905
68765 3 6394
69018 1 972
69066 1 628
69367 1 1004
69381 1 920
69428 1 1154
69443 1 878
69477 2 463
69509 1 5379
69728 1 496
69914 1 7296
70381 4 591
70411 1 773
70416 1 1011
70583 1 837
70593 1 958
70731 1 925
70732 1 666
70733 1 1052
70734 1 771
70735 1 952
70737 1 2845
70738 1 3457
70739 1 2069
70740 1 545
70741 1 789
70742 1 761
70743 1 935
70744 1 720
70745 1 1602
70890 1 2440
71009 1 1220
71048 1 373
71105 1 2599
71190 2 636
71205 1 193
71297 1 1361
71313 1 520
71321 3 1012
71405 1 1668
71854 1 4173
71855 1 863
71893 1 1301
71967 9 239
71994 1 1432
72011 1 1094
72029 1 1234
72081 1 3204
72237 3 1447
72242 1 1531
72275 1 898
72304 1 2094
72322 1 2478
72397 1 512
72437 2 8964
72440 1 1314
72441 1 3167
72442 1 1934
72741 1 6306
72774 1 1680
72810 1 1218
72825 4 4050
72829 1 4528
72906 1 2265
72950 1 1854
73185 1 573
73501 2 724
73595 1 2131
73994 1 2096
74016 1 3216
74051 1 1259
74069 1 999
74095 1 807
74156 1 1504
74199 1 1314
74252 1 189
74284 1 1107
74385 2 827
74471 2 218
74498 1 670
74499 1 2239
74500 1 1059
74502 1 874
74503 1 861
74504 1 819
74506 1 1008
74507 1 688
74509 1 1437
74510 1 1467
74511 1 844
74512 1 1312
74513 1 623
74514 1 939
74517 1 1657
74565 1 1723
74666 1 1855
74707 1 4337
74781 1 912
74785 1 4399
75134 5 4335
75138 1 689
75198 1 1269
75212 1 1417
75248 2 1379
75534 1 9607
75684 4 221
75717 1 2502
75957 1 385
75969 1 5873
76037 1 833
76040 1 3213
76156 1 768
76160 1 6409
76304 1 5487
76305 1 1002
76306 1 688
76309 1 2573
76310 2 4929
76311 1 978
76394 1 2329
76529 1 10440
76992 1 538
77083 1 3037
77085 2 2310
77110 1 1799
77197 1 1297
77200 3 916
77390 1 3306
77416 1 626
77456 2 13066
77598 1 512
77876 1 3309
77913 1 1380
78032 1 1336
78065 1 690
78073 4 1288
