suicid suicid 1576 65215343 
16 1 1318
125 4 1436
178 1 842
509 1 1165
613 2 3927
621 1 921
672 2 2537
717 1 1260
963 1 2981
986 1 2025
987 1 2023
988 1 2173
1092 1 978
1119 1 1874
1134 3 966
1185 1 15836
1423 1 1158
1574 1 1436
1730 1 1157
2057 1 2940
2206 1 895
2483 17 4389
2487 2 1574
2565 1 2867
3096 1 1172
3195 12 2888
3322 1 6038
3383 1 10722
3386 1 1245
3402 1 2468
3403 1 2172
3404 1 2168
3405 1 2857
3450 2 1374
3599 1 11096
3751 1 841
4189 1 1298
4196 41 6780
4302 1 3335
4369 1 4444
4371 1 3866
4395 1 445
4481 1 306
4629 6 1080
4630 1 764
4753 1 5716
4940 1 713
5284 1 507
5477 1 1400
5493 1 794
5841 1 1235
5990 1 750
6009 1 1946
6013 1 2929
6120 1 1179
6296 1 3125
6297 1 3321
6298 1 3012
6299 1 3048
6300 1 3029
6301 1 2972
6302 1 2959
6303 1 2969
6304 1 3270
6305 1 2963
6351 1 1596
6361 1 4951
6454 1 2665
6573 1 1236
6579 2 4887
6838 1 380
6905 1 421
7053 1 1076
7085 1 970
7504 2 5695
7526 1 821
7551 1 757
7565 1 933
7571 1 5357
7576 2 6690
7579 1 1381
7701 1 1565
7706 1 3286
7722 1 1567
7898 1 656
8162 1 957
8177 1 2272
8178 1 2357
8241 1 462
8285 1 3377
8288 2 1533
8292 1 917
8312 1 3567
8408 1 5505
8409 1 3217
8567 4 1533
8880 2 859
8890 1 5449
8913 1 12589
8970 1 832
9204 1 3049
9220 2 1037
9316 1 4281
9430 1 2392
9431 1 3717
9432 1 1601
9660 1 3500
9799 1 3095
10018 1 1420
10073 1 1739
10078 1 921
10083 1 2180
10100 1 703
10102 1 1336
10248 1 741
10251 3 1893
10426 1 655
10429 1 666
10442 1 1664
10655 1 2947
10731 1 2189
10808 1 6608
10842 2 1865
11062 1 1457
11250 1 1537
11378 2 6044
11503 2 2514
11894 9 643
12028 2 651
12127 1 846
12223 1 6167
12326 1 4527
12374 1 814
12375 1 897
12384 1 4014
12589 15 768
12766 5 1423
12777 1 3961
12818 1 3788
12924 1 1943
12941 1 587
12974 1 4586
12975 1 2649
12976 1 1275
13122 1 8864
13138 1 986
13157 1 3217
13184 1 242
13190 1 812
13230 2 1741
13427 2 2521
13497 1 6632
13556 1 2449
13565 1 2701
13624 1 1236
13627 1 3259
13629 1 585
13708 1 1430
13985 10 11629
14006 3 1552
14236 2 1168
14271 1 2963
14272 2 3020
14273 1 2924
14274 1 2909
14357 3 927
14541 2 821
14565 1 1141
14604 1 1059
14649 1 3074
14730 1 997
14736 1 1294
14746 1 1733
14748 1 1244
14880 1 1431
15247 2 644
15252 1 1312
15568 1 3032
15570 1 2982
15573 1 2920
15574 1 3007
15849 2 1972
16091 1 591
16137 1 1657
16175 2 932
16273 1 1466
16354 1 986
16480 3 1705
16481 1 1327
16657 1 1834
16784 3 2834
16813 1 4537
16816 1 4136
16850 1 4537
16915 1 1177
16943 1 10757
16967 3 1212
17059 10 1292
17143 1 2987
17178 1 4206
17244 1 10025
17555 2 14925
17589 3 12110
17758 2 28986
17851 1 963
18005 1 666
18033 1 3046
18035 1 2957
18036 1 3329
18287 1 1632
18361 1 780
18579 1 1051
18745 1 641
18900 1 252
18994 1 567
19093 1 3292
19095 1 4478
19368 1 1125
19390 2 3260
19545 1 9624
19626 1 530
19664 1 4781
19668 2 887
19681 1 10198
19696 1 634
19737 1 501
19876 1 1120
19884 45 5873
19929 1 1291
19943 22 1820
20015 4 2199
20019 1 644
20211 1 1460
20617 1 1245
20679 1 6821
20776 1 953
20777 1 1519
20778 1 4580
20831 3 5707
20995 1 1840
21065 5 632
21119 1 861
21314 1 699
21339 1 4745
21345 1 2751
21412 1 421
21432 2 1603
21507 2 7373
21637 28 10855
21775 4 1217
21858 9 2839
21960 2 7778
21981 2 3068
21998 1 2024
22191 1 1914
22201 1 696
22206 1 2514
22216 1 13756
22523 1 3123
22525 1 3022
22526 1 2933
22976 2 1924
23332 3 475
23382 1 852
23444 1 438
23898 2 871
24088 2 1581
24107 1 909
24391 1 892
24472 1 2226
24520 1 1701
24616 1 6643
24632 4 815
24705 1 500
24706 1 253
24809 1 1190
24838 1 1751
25031 1 708
25233 1 4985
25415 4 397
25475 1 3015
25476 1 3033
25479 1 3085
25490 1 4592
25665 1 1741
25715 1 2184
25765 1 1150
26008 1 102
26050 1 1792
26054 1 1978
26139 1 1202
26216 2 887
26343 1 4639
26388 1 3682
26477 2 1705
26498 2 32423
26513 1 799
26541 1 4809
26715 3 1453
26716 2 1488
26812 1 1962
26856 1 1093
26972 5 932
27137 1 865
27191 4 2750
27391 1 4345
27392 1 4376
27393 1 643
27779 1 4121
27905 1 644
28015 1 214
28039 3 1292
28064 1 1150
28065 7 3068
28076 2 1785
28683 2 1939
28721 1 456
28799 1 4713
29144 1 2485
29414 3 1661
29418 3 3556
29475 1 2177
29494 1 3066
29496 1 2933
29497 1 2942
29601 3 707
29681 1 2182
29682 1 2183
29856 1 1766
29884 2 3052
30084 1 1077
30607 7 1263
30648 1 1003
30751 1 1190
30756 1 905
30758 2 898
30845 3 583
30880 1 574
30916 1 1435
31113 1 419
31246 1 821
31257 3 1242
31329 1 3009
31331 1 2964
31332 1 3032
31464 2 750
31604 1 966
31606 1 2118
31607 1 1667
31608 1 1464
32211 1 954
32238 1 4115
32287 1 3033
32288 1 3260
32289 1 2992
32296 1 2955
32299 1 3515
32300 1 3026
32303 1 2974
32345 1 1361
32366 1 3530
32398 1 1410
32413 1 2301
32611 1 1002
32612 1 530
32671 2 1446
33041 1 1089
33057 1 796
33240 2 9576
33634 1 1541
33689 1 2181
33802 1 1659
34039 1 23394
34052 1 11789
34092 1 1599
34093 1 1603
34094 1 1268
34455 1 1495
34465 1 5422
34480 4 2110
34489 2 1568
34524 1 879
34573 13 2200
34694 1 658
35182 2 13213
35334 1 4418
35504 1 1747
35852 1 3364
35906 2 1780
35948 1 838
36246 2 2302
36277 1 868
36373 1 2127
36657 6 288
36683 2 1069
36702 1 778
36770 1 2401
36799 1 1043
36800 1 994
36817 1 620
37172 3 2396
37182 1 13117
37188 1 599
37205 2 2953
37211 1 1200
37325 1 5474
37419 2 13883
37428 1 810
37579 1 4434
37593 1 2020
37617 1 1086
37620 2 1774
37659 1 628
37732 1 1492
37894 1 411
37895 1 1340
37930 1 681
38001 1 978
38027 1 1907
38118 2 846
38194 1 2925
38403 2 1800
38418 1 1491
38426 1 657
38433 1 2018
38434 1 2883
38486 2 535
38557 1 10387
38603 1 780
38726 2 926
38802 1 4212
38870 1 642
38874 1 1562
38999 1 4065
39016 1 1041
39164 4 2936
39170 1 1347
39241 4 7079
39279 1 5440
39286 1 1507
39329 2 32477
39494 1 867
39588 1 6063
39592 1 1058
39904 1 442
39913 1 400
39940 1 1790
39942 1 797
40078 1 863
40186 5 958
40236 1 793
40392 1 1557
40397 1 1801
40538 5 14088
40579 1 4144
40585 2 1235
40689 1 446
40694 1 906
40695 10 8337
40696 9 6423
40858 5 554
40971 2 1457
40972 2 1481
40993 1 3833
41172 2 1797
41527 3 666
41641 1 437
41681 3 566
41688 1 1836
41720 1 1655
41855 2 608
41891 2 1058
41988 1 1757
42125 2 1266
42161 1 9423
42281 14 864
42416 1 1931
42570 1 856
42583 2 653
42652 2 2519
42681 1 2570
42755 1 758
42949 2 2799
43002 1 1109
43025 1 3087
43150 1 9162
43397 3 358
43398 3 425
43935 3 3104
43942 2 2137
44175 1 865
44210 1 1542
44456 1 1155
44472 12 1241
44569 1 1077
44590 1 3346
44774 1 2787
44873 1 3136
44875 1 2970
44877 1 2904
44880 1 2983
44886 2 1038
45072 1 825
45200 4 778
45251 2 2817
45285 1 1078
45310 1 1152
45859 2 21421
45970 1 558
46147 1 2188
46545 2 1493
46599 1 1778
46627 1 4426
46836 1 990
46969 1 1145
47079 1 757
47376 1 842
47377 3 1217
47382 3 6307
47437 1 1517
47444 1 3470
47445 1 2962
47449 1 2847
47543 1 2250
47544 1 1704
47777 3 852
48359 1 3631
48379 1 6270
48560 2 550
48689 1 4283
48916 1 2862
48926 1 1147
49009 1 1183
49101 1 1412
49140 1 1377
49320 1 943
49340 1 2095
49341 1 2395
49344 1 2202
49345 1 2775
49346 1 1190
49347 1 1309
49348 1 2857
49349 1 2177
49350 1 2540
49354 1 2334
49782 1 2062
49906 18 737
49931 2 2794
49975 2 666
50005 1 982
50217 5 1971
50285 2 4950
50355 1 3677
50481 1 2364
50520 2 3232
50579 1 1575
50764 2 729
50776 1 2775
50853 1 3547
50855 1 3129
51022 3 2835
51060 1 1311
51141 1 1862
51150 1 2908
51151 1 2830
51345 1 2417
51498 2 509
51589 1 521
51647 1 962
51667 1 859
51839 1 9735
51891 1 6407
52100 2 2791
52119 1 1504
52271 1 8131
52443 1 995
52551 1 438
52561 1 52057
52718 1 2980
52719 1 2978
52721 1 2968
52722 1 2934
52848 1 170
52938 1 1963
52948 1 753
53010 1 1173
53130 2 979
53209 1 1662
53350 1 1432
53357 1 1058
53359 1 2051
53430 1 48057
53441 1 3363
53456 1 445
53463 1 630
53464 1 666
53467 1 2163
53726 1 2312
54218 1 612
54314 1 2046
54326 2 3836
54441 2 4709
54546 1 525
55065 1 3081
55069 1 2948
55070 1 2984
55071 1 3179
55113 1 1550
55147 1 2912
55518 1 1128
55689 1 846
55919 1 3288
56170 1 481
56172 2 827
56338 1 321
56503 3 5900
56524 1 4137
56549 1 1195
56598 5 671
56659 1 1655
56684 4 361
56770 1 2972
56854 1 965
57353 1 469
57367 1 2359
57371 1 1247
57381 1 2992
57385 5 2878
57387 6 2964
57388 1 3103
57745 1 595
57769 1 3472
57821 1 4929
58301 1 390
58326 7 1893
58770 12 847
58836 2 2335
58839 1 2933
58843 1 2916
58844 1 3246
58846 1 2959
58847 2 2073
58895 1 1062
59049 1 2182
59222 1 699
59348 1 10477
59395 1 1240
59483 2 1269
59501 1 962
59568 1 1774
59630 1 5288
59681 2 3350
59712 1 4670
59874 2 4939
60194 6 484
60213 1 6
60214 1 2899
60254 1 1078
60275 1 3073
60277 1 2988
60300 1 1826
60319 1 4138
60378 1 1208
60505 2 2933
60585 1 430
60591 2 494
60737 1 3128
60738 2 3062
60739 1 3026
60746 1 982
60778 1 3600
60824 1 150
60953 1 2570
60955 1 1899
60956 1 2287
60957 1 3093
60964 1 3850
60991 1 2309
61020 11 13801
61043 1 4069
61147 1 640
61255 1 4815
61428 1 8357
61500 1 1204
61628 1 7244
61668 1 11710
61669 2 5944
61832 3 2493
61833 1 7073
61898 2 2787
61994 1 535
62136 5 1682
62354 1 323
62410 1 622
62522 1 1976
62723 1 3363
62724 1 3090
62727 1 3232
62729 2 2162
62731 1 2944
62732 1 2989
62755 1 1796
62757 1 693
62758 1 2293
62759 4 1339
62931 2 2235
62997 1 1180
63078 4 1839
63083 1 1965
63093 1 3111
63161 1 1664
63162 1 1516
63163 1 2048
63164 1 2016
63165 1 2124
63166 1 2579
63167 1 3539
63172 1 1456
63309 1 4077
63319 1 301
63323 1 549
63597 1 1946
63836 1 3200
63926 1 1163
63987 8 1321
64092 1 1393
64302 1 2600
64329 1 779
64335 1 785
64343 1 1275
64376 2 2975
64576 2 87
64958 1 1118
64995 2 1355
65005 1 3081
65008 1 3012
65010 1 2912
65034 1 3956
65271 1 2676
65487 1 400
65536 1 890
65558 1 385
65664 1 413
65807 1 1381
65836 1 1184
65884 1 2980
65899 1 3335
65998 1 908
65999 1 7992
66083 1 610
66154 14 1614
66220 1 652
66226 1 1366
66274 2 748
66415 1 6038
66472 3 3818
66473 1 2015
66497 1 2312
66529 2 1423
66538 1 2914
66542 1 1829
66554 1 713
66598 1 1411
66606 1 979
66832 1 1718
66841 1 658
66994 2 2517
67083 1 1010
67269 1 1199
67321 16 2010
67340 1 2960
67345 1 1856
67360 1 1780
67361 1 1019
67406 1 1549
67420 1 2247
67421 1 1526
67453 1 3053
67687 1 948
67766 2 1019
68059 2 2106
68138 2 1799
68334 1 2381
68369 1 11195
68680 1 9381
68698 1 1633
68699 1 763
68713 1 3702
68775 1 1181
68960 1 1724
69090 1 505
69091 2 1188
69425 3 1792
69430 1 2889
69824 1 1647
69990 3 3720
70246 1 784
70302 3 1840
70345 1 930
70574 2 2062
70591 1 4584
70737 1 2845
70847 6 1069
70864 20 939
70886 1 959
71035 2 774
71044 1 591
71135 1 1033
71162 1 1237
71219 1 2884
71220 1 2841
71221 1 3179
71325 1 1098
71364 1 998
71502 1 56
71559 1 712
71790 1 2312
71833 2 2056
71896 4 3955
72007 2 1256
72045 1 2213
72050 1 1296
72070 1 1211
72071 1 1126
72082 1 2593
72146 1 1354
72165 1 706
72436 1 1419
72488 1 804
72609 2 1961
72858 12 1852
72874 1 688
72887 1 758
72920 1 5462
72937 1 2290
73023 2 1400
73807 1 721
73858 2 2247
73892 1 1020
74119 5 11686
74184 1 1502
74187 2 302
74533 1 1653
74572 1 8808
74591 1 3810
74743 1 1598
74877 1 3262
75166 1 1252
75195 1 508
75204 1 3081
75206 1 2994
75207 1 2937
75209 1 2934
75240 2 5462
75307 1 1330
75895 2 448
75902 1 460
75930 1 4094
75945 2 609
75954 2 3743
75985 1 1505
76105 2 6146
76106 1 4999
76136 1 4953
76159 1 4003
76303 2 1328
76304 4 5487
76393 1 1492
76465 1 2400
76510 1 631
76595 1 1593
76637 1 349
76796 1 1059
76920 1 750
77015 1 1847
77034 2 1338
77082 1 5693
77148 1 3628
77411 1 3629
77553 1 3529
77864 1 749
77876 1 3309
77879 1 2977
77880 1 3027
77881 1 2924
77942 1 3229
77957 1 1907
78121 3 3206
