withdraw withdraw 965 65215343 
73 1 759
127 1 877
429 1 3151
911 2 1508
974 1 638
996 1 3316
1001 1 1139
1185 1 15836
1188 1 770
1194 1 152
1640 1 4776
1657 1 2153
1882 1 2462
1940 9 848
1997 3 349
2012 1 2745
2046 2 13880
2086 2 3653
2138 1 1384
2160 1 2295
2175 1 784
2538 1 884
2568 1 4333
2656 1 750
2843 2 5588
3108 1 2991
3249 1 10966
3383 1 10722
3582 1 766
3768 1 960
4196 3 6780
4298 2 7423
4515 1 1638
4906 2 8000
4907 2 8001
4908 2 8001
5151 2 945
5437 1 2435
5493 1 794
5608 1 622
5668 5 1182
5841 1 1235
5843 1 2680
5881 1 504
6014 1 3067
6297 1 3321
6310 1 811
6339 1 2231
6361 1 4951
6579 2 4887
6607 2 1415
6983 1 2840
7058 1 408
7159 1 3906
7570 1 9650
7704 1 3369
7705 1 4973
7707 1 1904
7708 1 1422
7709 1 2370
7710 1 4326
7727 1 2490
7767 1 3013
7975 1 2578
8092 1 3223
8139 1 4927
8171 1 913
8299 1 1374
8382 1 19553
8442 1 1911
8461 1 2678
8587 1 1396
8890 1 5449
9162 1 1574
9206 1 3079
9316 7 4281
9771 1 1844
9874 1 1009
9885 3 2675
9886 4 3914
9961 1 612
10344 1 2552
10393 4 2415
10656 1 3117
10668 1 2803
10796 1 5414
10864 1 2401
10977 1 1721
11248 2 11766
11295 5 5148
11628 1 1714
11967 1 4440
11979 1 1755
11993 1 1874
12157 1 307
12243 2 1176
12315 1 445
12358 1 1928
12375 1 897
12396 1 1166
12409 1 268
12411 1 1615
12429 2 988
12495 2 3368
12503 1 558
12783 1 4316
13138 2 986
13410 1 1059
13495 1 794
13515 1 361
13605 1 692
13659 1 3326
14232 2 1682
14274 1 2909
14326 2 49
14429 1 2422
14488 1 599
14565 1 1141
14674 3 1627
14692 1 3976
14724 1 5113
14770 1 1069
14799 2 1859
14826 2 887
14877 1 826
15061 1 904
15310 1 3417
15560 1 1729
15571 1 3116
15575 1 3094
15580 1 2165
15602 1 279
15823 1 906
16137 1 1657
16260 2 4783
16393 4 966
16480 1 1705
16489 1 4179
16501 2 1040
16539 1 576
16561 2 668
16943 1 10757
17009 1 3115
17106 1 3919
17113 1 4319
17143 1 2987
17218 1 1541
17342 2 4836
17426 1 7075
17494 1 4778
17613 1 2393
17653 1 5954
17807 1 683
17923 1 1095
18034 1 3151
18036 1 3329
18264 1 3866
18338 3 403
18355 1 1022
18383 1 1509
18415 1 5822
18636 1 1655
18865 2 2334
19044 1 841
19093 1 3292
19229 1 1661
19401 3 683
19625 5 1321
19883 1 5667
19884 1 5873
19885 1 1727
19886 1 1995
19887 1 3613
19888 1 1794
19890 1 2034
19892 1 2205
19893 2 6194
19894 1 2667
19895 1 3842
19896 1 4758
19897 1 3289
19898 1 4338
19937 1 833
20013 3 2102
20191 1 870
20375 1 885
20432 1 2495
20661 1 1660
20706 2 8010
20707 1 35797
20981 1 4198
21076 1 1311
21225 1 4913
21417 1 1547
21481 1 1234
21515 1 1144
21559 4 1049
21575 1 4680
21858 3 2839
21892 1 383
21943 7 2866
21998 1 2024
22093 1 10393
22115 1 2632
22456 2 1938
22928 1 394
23219 1 1740
23407 1 6338
23408 1 5715
23487 1 796
24119 1 14616
24226 5 1365
24270 1 158
24669 1 2087
24747 3 5509
24748 4 4627
24864 1 3090
25054 3 1376
25180 3 1405
25235 1 7935
25967 1 1738
26088 3 1925
26205 1 1479
26234 1 143
26480 1 2573
26558 2 1102
26730 1 1483
26812 1 1962
26890 1 1680
27310 2 1076
27475 1 5550
27521 2 1461
27561 2 1102
27562 2 1089
27830 1 5835
27983 1 1113
28079 1 1167
28123 1 7111
28208 1 995
28249 1 426
28312 1 795
28433 4 1842
28436 1 1926
28550 1 1171
28654 1 1104
28878 2 774
29131 1 376
29394 1 404
29402 2 1186
29724 12 803
29802 1 4831
29978 3 1161
29981 1 1139
30982 1 1788
31295 2 265
31441 1 1845
31693 1 3857
31756 1 625
31793 1 784
31855 1 827
31929 3 15160
32288 1 3260
32290 1 3009
32294 1 3074
32299 1 3515
32301 1 3186
32413 1 2301
32426 1 3386
32907 1 1937
32972 3 11367
32992 1 835
33219 5 1021
33295 1 924
33307 1 154
33321 1 302
33494 1 11341
33586 1 2998
33791 1 684
33800 1 151
33802 1 1659
33849 1 1016
34197 1 2057
34465 4 5422
34481 1 3475
34497 2 1468
34617 1 1251
34768 1 1348
34781 1 4211
34976 1 435
34995 1 3471
35364 1 259
35502 1 452
35614 1 640
35991 1 1056
36027 3 7080
36109 1 12698
36197 2 521
36444 1 1023
36612 1 2808
36919 1 718
36930 1 171
36944 1 1225
36956 1 4551
37057 2 5130
37168 1 3059
37238 1 446
37419 1 13883
37620 1 1774
37660 1 1105
37778 1 1729
37932 1 17484
38027 1 1907
38186 1 1792
38412 1 2954
38449 1 1891
38570 1 526
38603 1 780
38651 1 794
38652 1 695
38691 1 1108
38755 1 1706
38797 1 1539
38897 1 1868
38916 1 6621
38969 1 992
39001 1 4864
39050 1 813
39148 1 4610
39180 1 1551
39329 2 32477
39489 2 1197
39970 1 1979
40149 1 1770
40214 1 284
40317 1 2400
40630 4 5684
40686 2 2486
41111 1 2649
41172 1 1797
41426 1 4541
41819 1 470
41830 1 434
41855 1 608
42025 1 9933
42260 1 1936
42294 1 577
42424 1 6309
42768 1 4939
43440 2 1860
43497 1 1986
43536 1 1487
43606 1 1561
43677 1 1436
43723 3 862
44125 1 6435
44359 1 365
44827 1 486
44955 1 7733
45084 1 6555
45095 2 1223
45096 1 6217
45606 3 1351
45609 2 1092
45758 2 296
45983 2 1070
45984 2 629
46008 2 1836
46033 1 498
46034 1 865
46090 3 839
46153 1 3988
46329 3 851
46354 2 818
46432 1 3117
46545 1 1493
46610 2 999
46698 8 1272
47042 1 431
47444 1 3470
47449 1 2847
47544 1 1704
47609 1 1519
47983 5 576
48100 2 764
48180 2 25164
48197 2 8238
48228 1 1672
48284 1 1198
48461 1 757
48551 7 6659
48710 1 1101
48858 1 3188
48919 3 5467
48920 2 1976
48955 1 2415
49008 1 1016
49119 1 1455
49120 1 1020
49209 1 797
49339 1 589
49350 2 2540
49679 1 2751
49690 3 634
50007 2 1150
50285 1 4950
50293 1 2189
50355 1 3677
50459 1 1672
50621 1 1050
50669 1 1789
50763 1 878
50852 1 3288
50853 1 3547
50999 3 500
51120 1 2116
51177 1 2704
51469 1 1403
51798 1 1509
51869 1 153
51891 2 6407
52146 1 10691
52271 1 8131
52338 7 2169
52709 1 1796
52720 1 2878
52988 3 24350
53040 1 1220
53111 2 3883
53424 1 5193
53430 1 48057
54547 2 822
54612 1 803
54683 3 1304
54979 3 380
54980 3 729
55118 1 4304
55607 6 9422
56026 1 2074
56170 1 481
56181 2 1977
56808 2 1411
56831 1 844
57292 3 1043
57359 1 1917
57660 1 6533
57769 1 3472
57800 1 1391
57881 2 2310
57989 2 3603
58409 1 780
58841 1 2975
58844 1 3246
59215 6 1368
59401 1 317
59432 1 696
59433 1 1186
59453 1 5553
59484 2 1395
59777 4 6060
59836 1 1097
59837 1 1240
59874 1 4939
59903 1 687
59906 4 889
60060 1 899
60183 2 651
60421 2 2492
60629 1 3596
60693 9 7521
60738 2 3062
60847 1 1056
61019 2 1394
61043 1 4069
61047 1 1709
61187 1 15707
61188 7 29700
61255 1 4815
61692 1 1993
61847 1 1464
62032 1 1096
62033 1 1470
62242 1 2867
62432 1 5539
62642 3 7441
62723 1 3363
62727 1 3232
62730 1 2960
62748 1 592
62785 1 1476
62845 2 1156
62866 1 1794
62991 1 1050
63258 1 1486
63309 1 4077
63495 1 1230
63555 1 7057
63614 1 1640
63810 1 1000
63837 1 6313
63928 1 755
63962 1 3096
63973 1 2472
64083 1 1054
64302 1 2600
64407 1 1172
64463 6 696
64502 3 680
64510 1 1839
64633 1 524
64654 4 980
64681 1 3466
64683 1 684
65129 1 15643
65269 3 671
65836 1 1184
65886 1 3075
65996 1 2800
65998 1 908
66197 1 871
66380 1 9761
66697 1 790
66751 3 11896
66794 1 1303
66801 1 3195
66915 1 4319
66947 4 18231
66969 1 1025
67327 2 1861
67345 1 1856
67627 21 2254
67680 1 693
67681 1 1131
67682 1 737
67683 1 765
67684 1 705
67996 1 1441
68048 1 1048
68330 5 8380
68680 7 9381
68776 1 1328
68901 1 846
68960 3 1724
69433 1 2935
69709 1 889
69856 1 1831
69908 1 420
70018 1 371
70207 2 10208
70230 1 1801
70393 1 890
70457 1 226
70481 10 2683
70847 4 1069
70890 1 2440
71009 2 1220
71308 1 1324
71334 2 2239
71343 1 1350
71352 1 1829
71545 1 6773
71634 1 2564
71748 2 679
71818 1 793
72271 3 1759
72272 3 1892
72524 1 1868
72620 1 1465
72937 1 2290
72938 1 10696
73032 1 1083
73033 1 1060
73164 1 1192
73212 1 2390
73408 1 1378
73660 18 2066
73906 1 1424
74029 1 1470
74055 1 2435
74070 1 814
74087 1 510
74119 2 11686
74120 2 2512
74264 1 682
74385 1 827
74466 1 863
74600 1 1183
74679 1 1229
74728 2 3896
74777 5 1991
74803 1 6144
74822 1 5130
75202 1 3010
75313 1 1575
75414 1 679
75534 2 9607
75679 1 4574
75960 1 2012
76028 1 534
76205 4 3668
76358 1 352
76587 1 1166
76723 1 813
77081 1 1905
77202 2 8001
77553 2 3529
77559 1 986
77818 1 6471
77876 1 3309
78115 1 1322
