academ academ 2516 65215343 
35 1 653
78 3 902
86 1 1442
103 1 1217
133 1 3237
222 1 673
223 1 974
224 1 670
254 2 344
255 2 422
361 1 5027
504 2 11283
557 1 3639
670 2 821
672 1 2537
674 1 1393
886 1 5811
900 1 654
967 1 4480
992 2 3872
1028 1 1298
1231 2 4288
1283 1 1543
1383 1 1380
1565 1 2063
1566 2 3548
1569 2 830
1658 1 1529
1730 1 1157
1764 1 1111
1796 1 1148
1913 5 556
1953 1 730
1954 1 671
1955 1 1191
1959 1 1196
2319 1 1162
2362 4 3506
2384 1 789
2441 2 7506
2467 1 877
2570 1 266
2654 1 1868
2674 1 654
2764 1 538
2765 1 687
2766 1 545
2767 1 411
2768 1 491
2769 1 898
2968 1 1115
3005 1 293
3134 1 1532
3159 1 210
3195 1 2888
3196 1 2596
3295 3 2429
3336 1 1048
3383 2 10722
3410 1 11224
3435 1 360
3471 1 4168
3544 1 591
3596 1 458
3690 1 167
3790 1 5889
3791 1 6472
3838 1 1106
3926 1 435
3957 4 783
4000 4 6980
4051 1 2046
4075 1 2561
4087 2 1383
4101 1 3929
4196 2 6780
4298 2 7423
4353 1 1851
4354 1 2037
4496 1 6061
4518 1 2481
4605 1 171
4614 1 5323
4615 1 3920
4617 1 196
4709 5 2954
4717 1 369
4741 1 3450
4753 1 5716
4935 1 2499
4942 1 1955
5066 2 521
5092 1 3536
5108 1 1101
5116 4 256
5125 1 462
5396 3 6921
5558 1 506
5563 1 542
5565 1 792
5566 1 588
5567 1 749
5568 1 379
5569 1 485
5571 1 876
5572 1 618
5573 1 603
5627 2 450
5649 1 625
5653 1 583
5654 1 1031
5812 1 1672
5866 1 660
6009 1 1946
6015 1 3323
6039 1 2773
6083 2 1394
6088 9 1753
6120 1 1179
6132 1 1010
6181 2 5519
6336 1 3254
6364 1 7210
6621 1 356
6973 1 826
7051 1 1111
7127 8 682
7491 3 7708
7504 9 5695
7505 2 4997
7575 1 1899
7578 3 5752
7765 2 963
7773 1 7884
7948 1 2839
7966 1 2772
7999 1 311
8043 1 1213
8045 2 2218
8138 1 526
8408 1 5505
8468 3 1615
8572 2 714
8716 1 843
8732 1 2463
8834 1 782
8946 1 445
8947 1 700
8948 1 601
8949 1 708
8950 1 513
8951 1 416
8952 1 482
8954 2 590
8955 1 987
9009 1 472
9014 1 216
9132 1 3040
9138 1 885
9173 4 6443
9231 1 279
9232 2 1398
9275 2 1311
9302 3 3665
9311 1 1417
9348 3 4125
9363 1 1874
9430 3 2392
9463 1 3203
9567 1 5360
9594 1 994
9737 1 1320
9761 3 2538
9858 1 1188
9910 6 453
10023 1 1926
10048 1 543
10079 3 746
10113 1 367
10238 1 800
10249 1 1601
10252 3 1476
10259 2 1194
10260 2 1206
10393 1 2415
10415 1 1163
10465 1 834
10502 2 700
10503 2 250
10504 2 1148
10518 1 410
10519 3 719
10599 1 1369
10640 4 1072
10668 1 2803
10800 1 734
10864 1 2401
10868 1 1224
10886 1 849
11200 1 1703
11208 2 2507
11240 5 564
11245 1 1612
11273 2 1150
11291 1 2301
11415 2 304
11472 1 4154
11565 6 501
11569 2 6434
11590 1 1805
11784 2 786
11859 1 4320
11970 2 253
12138 14 18363
12162 4 131
12222 1 2012
12254 1 399
12258 1 976
12346 1 1264
12354 1 1113
12389 1 4357
12610 4 994
12639 1 861
12674 1 6435
12700 1 11926
12729 1 216
12769 1 1459
12772 1 1750
12895 1 1232
12915 1 1083
12989 4 3076
13104 1 1437
13127 1 637
13150 1 1345
13175 2 1506
13239 2 2825
13282 2 1430
13433 13 4168
13434 2 4024
13435 1 1340
13463 1 3262
13465 2 827
13497 1 6632
13504 1 1033
13518 2 16194
13568 1 791
13617 1 2513
13686 1 343
13809 1 1143
13818 1 1042
13823 1 732
13844 3 2190
13845 1 656
13849 6 1566
13858 1 591
13901 3 4255
13982 1 3750
14073 1 615
14074 1 446
14102 2 1027
14103 2 235
14104 2 375
14115 1 900
14195 1 963
14217 1 2332
14218 1 376
14285 2 647
14474 11 3842
14596 2 2342
14650 1 1209
14818 1 1971
14993 1 1219
15015 1 203
15127 1 1201
15244 2 5618
15262 1 566
15266 1 538
15267 1 622
15268 1 628
15286 2 360
15310 1 3417
15528 1 2844
15587 3 2694
15658 1 2847
15672 2 1879
15926 1 1584
16094 9 3553
16110 1 628
16111 1 1166
16142 1 305
16235 2 4462
16238 2 11763
16243 1 2761
16273 1 1466
16410 1 195
16451 1 836
16458 1 393
16705 2 3332
16740 2 916
16741 2 1522
16742 3 1501
16743 3 1505
16744 3 970
16767 1 3326
16800 2 2525
16830 1 227
16904 1 1560
16952 1 7998
17074 1 721
17211 1 2036
17212 1 2040
17214 1 394
17217 1 1186
17244 1 10025
17329 1 1123
17342 2 4836
17353 1 1336
17410 1 1752
17417 6 1434
17555 2 14925
17589 3 12110
17590 1 6514
17591 1 3099
17652 1 557
17653 1 5954
17670 1 5050
17689 1 784
17758 1 28986
17796 4 673
17842 2 744
17860 1 1026
17866 1 454
17867 1 566
17868 1 521
17918 1 604
17919 1 803
17972 1 642
17973 1 504
17974 1 684
17975 1 382
18024 1 488
18101 1 674
18288 1 4353
18330 1 386
18331 2 3395
18409 1 1928
18415 1 5822
18489 2 726
18654 2 15696
18696 2 1646
18768 1 444
18823 4 3093
18824 4 3146
18825 4 3098
18826 4 3184
18827 1 1355
18933 1 6035
18941 15 1110
19000 1 1062
19001 1 1062
19036 1 1671
19038 1 2622
19082 2 502
19094 1 3568
19237 11 1885
19558 5 5943
19559 1 6375
19560 1 8071
19561 14 5606
19562 3 7991
19563 3 5781
19696 1 634
19704 1 582
19859 1 1222
19893 1 6194
19985 2 8977
20037 1 197
20166 1 1465
20235 1 915
20393 1 475
20395 2 651
20396 2 370
20412 5 689
20418 2 1937
20428 24 1062
20607 27 4252
20684 2 12924
20706 2 8010
20707 8 35797
20708 6 24696
20764 1 1304
20777 1 1519
20778 1 4580
20802 2 1887
20868 1 3295
20932 1 1475
20937 4 3666
20968 1 609
20999 1 2745
21209 1 839
21254 1 736
21293 1 878
21313 1 730
21339 1 4745
21359 6 13839
21480 2 1231
21527 1 6412
21540 1 2076
21541 1 2076
21667 1 284
21833 2 1883
21860 2 2805
21883 1 316
21885 2 1533
21913 1 3148
22115 2 2632
22121 1 958
22132 2 739
22159 1 2515
22172 1 401
22173 1 618
22177 1 885
22179 1 751
22180 1 641
22181 2 653
22182 1 505
22183 1 400
22184 1 842
22185 1 476
22186 1 1860
22477 3 2074
22546 3 1147
22991 1 868
23034 1 1221
23126 1 2676
23401 5 2739
23532 1 408
23651 2 712
23688 1 2643
23792 4 1958
23999 2 280
24100 2 262
24152 1 1364
24254 2 4321
24284 2 4091
24293 1 197
24423 1 209
24424 1 2471
24465 2 1100
24482 1 1427
24499 2 364
24514 2 13551
24707 5 2560
24717 8 1067
24748 2 4627
25064 2 1909
25117 1 1017
25124 12 1130
25189 2 1305
25233 2 4985
25363 1 2545
25407 1 3649
25428 8 2396
25487 1 2868
25492 2 3700
25531 1 530
25692 3 929
25968 1 814
26085 2 1188
26123 9 1139
26188 1 973
26239 1 1707
26365 1 814
26376 1 1314
26381 1 1479
26382 4 3521
26498 3 32423
26511 1 1621
26525 1 2013
26587 2 823
26614 5 3554
26877 2 1219
27036 2 6909
27039 1 1645
27162 1 1964
27206 1 561
27212 1 1430
27331 2 174
27411 6 1330
27510 7 1431
27535 1 1646
27586 1 2066
27609 2 974
27657 1 651
27830 1 5835
27836 1 3088
27838 1 2876
28027 1 843
28040 1 4385
28080 1 474
28131 7 1689
28261 3 11790
28286 1 785
28291 1 644
28293 1 628
28294 1 651
28324 2 397
28325 2 341
28632 1 513
28782 3 1807
28952 1 980
28988 1 821
29083 4 901
29090 1 430
29095 1 555
29096 3 764
29097 1 437
29098 1 715
29100 1 460
29101 1 423
29102 1 710
29103 1 554
29104 1 738
29108 1 1272
29146 1 1559
29151 2 913
29152 2 1988
29153 2 859
29303 1 2173
29396 10 8576
29419 1 2386
29523 1 10213
29558 1 3685
29967 1 953
29978 1 1161
30000 1 1452
30526 1 4142
30561 1 730
30591 1 1307
30595 1 1820
30602 4 3594
30725 1 112
30738 1 1986
30744 1 1162
30756 1 905
30761 1 597
30821 1 1456
31045 4 24677
31069 1 735
31072 1 667
31073 1 753
31074 1 511
31075 1 434
31076 1 654
31119 2 245
31120 2 1212
31121 2 289
31139 1 233
31267 2 7536
31344 1 406
31355 4 5480
31511 2 731
31625 2 692
31703 2 1955
31770 1 2138
31798 7 1484
31852 1 1764
31961 3 705
31962 1 497
31963 1 475
31966 1 522
31967 1 524
31968 1 573
31969 1 517
31970 1 562
31971 1 439
32009 2 354
32010 2 286
32011 2 275
32219 1 908
32308 1 1418
32372 1 1632
32486 2 2886
32573 1 734
32706 1 1372
32718 2 5437
32768 8 892
32961 1 846
32972 3 11367
32996 1 693
33091 3 10334
33131 1 1235
33140 1 646
33179 3 2037
33240 1 9576
33417 1 889
33561 3 716
33593 1 819
33619 2 1176
33634 1 1541
33657 1 1436
33692 1 738
33806 1 2866
33918 7 385
34042 1 449
34155 2 969
34156 2 602
34159 2 1830
34169 1 890
34214 2 1033
34222 1 3470
34268 1 3482
34287 2 2048
34354 1 2232
34372 2 3359
34375 6 1602
34380 1 1216
34418 1 294
34465 1 5422
34661 1 22673
34663 2 641
34695 1 697
34808 1 1397
34901 3 18201
34928 1 647
34929 1 712
34932 1 731
34937 2 1326
34966 2 238
34967 2 1254
35334 1 4418
35372 1 1115
35456 1 2136
35555 1 968
35571 1 616
35638 1 168
35699 1 633
35705 2 647
35717 2 818
35818 2 2401
35942 1 999
35946 1 3409
35962 1 29
36013 3 2981
36038 2 1018
36039 2 700
36040 2 1563
36100 1 3371
36109 1 12698
36200 1 425
36343 2 1778
36348 1 1204
36417 1 2136
36605 3 1696
36729 2 1013
36730 2 751
37032 1 1856
37033 1 744
37124 1 815
37319 1 2048
37323 2 7159
37325 2 5474
37419 2 13883
37584 1 1233
37589 1 989
37650 1 2418
37657 1 1079
37712 2 8990
37887 2 1454
37917 1 1025
37932 1 17484
37937 1 525
38013 1 340
38035 1 1861
38210 1 1326
38405 1 2475
38412 1 2954
38413 1 6145
38526 4 1143
38542 1 2357
38650 1 337
38656 3 1164
38715 1 5564
38781 2 2162
38866 1 1238
38867 2 710
38907 3 4305
38925 1 1372
38941 2 931
38964 4 973
39000 1 917
39001 7 4864
39054 1 1497
39249 1 1162
39290 2 5621
39448 3 3136
39449 1 3105
39456 1 1320
39464 8 552
39471 2 1340
39472 2 1541
39477 1 1465
39485 1 880
39519 1 1394
39561 3 896
39698 1 777
39975 4 1698
40053 2 3632
40076 2 1554
40149 2 1770
40224 1 1671
40225 2 1682
40226 1 1053
40350 1 624
40371 2 1103
40386 1 927
40498 2 1626
40538 1 14088
40586 10 8741
40634 1 766
40659 1 2127
40663 1 2472
40670 1 2018
40671 1 872
40697 1 2727
40722 1 1210
40819 2 10440
40820 1 4100
40891 1 1470
41029 1 1155
41035 1 972
41298 1 756
41714 1 984
41741 2 707
42001 3 1519
42035 1 3392
42107 3 1958
42136 1 1178
42165 2 1084
42188 3 1510
42381 6 1364
42382 3 705
42424 1 6309
42648 1 4779
42665 1 626
42682 1 3838
42770 1 823
42771 1 2420
42772 1 1367
42850 1 4255
42852 1 512
42853 1 598
42882 1 1324
42895 1 643
42915 1 1556
43076 1 534
43097 1 904
43150 6 9162
43444 1 2757
43481 1 1042
43483 1 2218
43576 1 5522
43706 2 187
43898 1 2947
43921 2 9448
43975 3 248
44057 1 3001
44080 2 3596
44130 2 6601
44206 1 1686
44258 1 2515
44263 1 624
44392 4 416
44395 1 1358
44455 1 1628
44508 1 595
44509 1 519
44513 1 497
44514 3 589
44515 1 636
44516 1 898
44517 1 652
44518 1 597
44547 2 319
44548 2 307
44549 2 308
44550 2 481
44568 22 824
44570 1 734
44590 1 3346
44780 1 3261
44897 1 721
44955 1 7733
45176 1 1533
45246 1 2149
45262 1 6033
45316 2 1121
45391 2 485
45461 1 892
45594 1 586
45889 1 1020
45898 1 550
46153 1 3988
46280 1 561
46331 1 4197
46334 1 891
46351 1 264
46413 2 747
46489 3 684
46499 2 2017
46516 1 1910
46609 1 2149
46634 1 2594
46699 1 1461
46750 1 978
46771 1 1801
46781 1 3752
46849 1 192
46921 2 854
46986 1 917
47219 1 665
47221 1 631
47257 1 1521
47264 2 240
47274 1 830
47279 1 617
47281 1 603
47282 1 766
47398 4 5716
47420 1 1161
47649 2 3343
47809 1 655
48041 1 1145
48069 3 3129
48076 2 773
48077 3 410
48081 2 693
48082 2 816
48083 2 876
48089 1 429
48095 1 490
48223 1 2573
48234 4 7467
48338 1 2760
48428 1 495
48472 3 910
48482 2 13125
48483 2 13114
48484 2 13248
48621 1 525
48627 1 497
48628 1 1740
48629 1 748
48630 1 557
48674 1 1144
48724 1 713
48733 1 652
48734 1 474
48735 21 645
48842 1 1231
48912 1 2452
48921 5 2787
48925 3 4731
49020 2 2150
49029 1 3596
49052 3 3420
49150 1 4092
49172 1 315
49173 10 10707
49175 4 9938
49176 1 11069
49208 1 619
49221 1 1018
49238 3 2254
49340 1 2095
49354 1 2334
49483 1 4047
49515 2 612
49642 1 149
49752 2 1670
49787 4 1014
49788 3 1140
49939 1 1882
50018 1 140
50042 1 1289
50053 1 540
50121 1 2247
50179 1 138
50180 3 428
50192 2 1934
50234 1 625
50247 1 1590
50308 1 1115
50367 1 1807
50389 1 685
50496 2 13128
50497 2 13268
50498 2 13445
50499 2 13093
50520 2 3232
50582 2 661
50583 1 484
50584 1 781
50587 1 1902
50627 1 611
50628 1 400
50776 1 2775
50780 1 1361
50950 3 1239
51058 1 3191
51088 1 2484
51089 2 1317
51121 1 1534
51234 1 1409
51235 4 332
51282 2 1479
51285 1 1356
51371 1 1268
51647 1 962
51650 1 757
51764 1 2864
51892 1 4521
51965 1 703
51994 1 9298
52069 1 2292
52167 1 2979
52169 1 1437
52341 5 1653
52361 1 770
52440 1 6680
52450 2 1698
52502 19 6875
52561 1 52057
52645 2 278
52988 36 24350
53144 1 566
53158 1 9225
53232 1 325
53367 1 1856
53370 3 662
53430 1 48057
53432 1 1524
53596 1 1721
53706 1 2705
53719 1 1519
53727 5 623
53767 1 1549
53856 1 1385
53911 1 833
53920 1 596
54131 2 570
54218 1 612
54241 3 1146
54245 1 567
54252 2 735
54253 1 736
54350 1 8318
54399 2 5059
54404 2 819
54441 1 4709
54471 1 211
54551 3 2055
54552 5 2960
54553 3 2793
54554 3 2063
54555 3 1171
54556 4 1505
54557 3 1040
54569 2 250
54603 1 435
54605 1 926
54606 1 855
54607 1 482
54608 1 531
54610 1 475
54611 1 635
54646 2 364
54647 2 239
54648 3 500
54649 2 419
54998 1 1411
55059 1 2098
55078 1 1284
55167 1 1518
55327 1 6079
55418 1 884
55423 1 1343
55496 5 5278
55497 1 4177
55498 4 5155
55619 1 988
55680 1 952
56175 1 8425
56194 2 1968
56291 1 259
56445 1 2121
56489 4 5171
56492 2 416
56493 1 1223
56503 1 5900
56512 1 1050
56617 1 1131
56801 1 5727
56849 1 1501
56888 1 2750
56909 1 1137
56936 1 962
56937 1 655
56938 1 699
56945 3 662
56946 1 734
56947 1 864
56948 1 599
56949 1 492
56950 1 610
56951 2 592
56952 1 621
56961 1 7535
56999 2 346
57000 2 1565
57021 2 501
57040 1 3492
57164 1 2492
57186 1 1678
57306 1 1072
57380 3 3371
57413 3 6376
57510 1 2365
57538 2 632
57642 1 1345
57774 1 582
57939 2 630
58314 2 717
58348 1 1317
58408 1 4007
58499 1 661
58500 1 557
58502 1 1134
58527 3 257
58528 2 247
58529 2 1928
58542 1 510
58774 1 695
58898 1 2227
59402 1 4509
59422 1 1540
59569 2 1463
59674 1 774
59686 2 1195
59687 3 1419
59689 1 2525
59807 2 546
59811 1 378
59831 1 1069
59987 1 5303
60063 2 3984
60065 1 3606
60066 2 4785
60119 1 894
60124 1 3277
60199 1 3044
60314 4 2506
60418 1 1082
60467 1 841
60505 1 2933
60551 2 844
60553 1 1266
60557 2 1915
60605 2 568
60610 1 948
60624 1 536
60662 2 6202
60741 3 3011
60748 2 6845
61016 1 1771
61043 1 4069
61104 1 1223
61137 2 208
61169 1 3257
61186 3 14302
61187 9 15707
61188 16 29700
61237 2 941
61238 2 1279
61239 2 1502
61240 2 2043
61241 2 1632
61255 1 4815
61263 1 1798
61269 2 8764
61511 1 2320
61573 4 474
61617 1 2377
61651 1 3956
61701 1 1679
61803 1 632
61817 1 533
61833 1 7073
61866 1 890
61870 1 3147
61891 1 987
61994 3 535
62109 2 4903
62110 1 4274
62217 1 1671
62237 3 918
62255 1 587
62404 1 5459
62432 3 5539
62459 1 666
62460 1 779
62465 1 904
62466 1 2353
62467 1 655
62468 2 2405
62469 1 525
62470 1 588
62544 1 572
62588 1 8596
62642 1 7441
62650 2 1065
62757 2 693
62758 2 2293
62759 2 1339
62775 1 2968
62824 1 4199
62858 3 984
62867 1 1739
62929 2 5384
63150 1 384
63183 2 1780
63184 6 2633
63309 1 4077
63314 2 596
63343 2 1651
63419 1 1505
63567 2 2685
63569 1 1387
63572 1 3748
63591 1 1197
63647 2 324
63708 1 2012
63796 1 555
63804 6 1156
63837 1 6313
63916 3 1072
64309 3 438
64335 1 785
64364 1 744
64467 2 1401
64596 1 820
64597 1 751
64604 1 540
64605 1 683
64606 1 583
64607 2 386
64608 1 494
64610 1 1012
64644 2 277
64645 2 275
64666 1 1098
64681 1 3466
65079 1 1254
65115 2 789
65129 6 15643
65130 5 3523
65537 1 3294
65623 1 510
65626 1 603
65627 1 552
65629 1 470
65630 1 385
65687 2 699
65692 1 340
65790 1 5117
65799 1 4143
65801 8 418
65899 1 3335
65907 1 1300
65980 1 4583
66367 3 1530
66587 1 4790
66744 2 4068
66751 3 11896
66926 1 877
66954 1 791
66983 1 2173
66994 1 2517
67029 1 2546
67031 1 5324
67033 2 794
67187 3 694
67294 4 1338
67324 1 2007
67342 1 6010
67355 1 6043
67415 5 10077
67425 1 828
67454 1 5854
67652 1 2159
67692 1 1120
67727 2 3367
67741 1 2150
67742 2 1745
67789 1 1357
67850 1 650
67899 1 4652
68026 10 1767
68040 2 2912
68047 3 1652
68048 2 1048
68075 1 950
68311 2 1492
68344 2 6836
68346 2 2235
68422 1 838
68440 3 2081
68664 1 3316
68683 1 1378
68684 1 991
68703 3 1281
68964 1 11197
69005 1 668
69010 1 641
69011 1 448
69012 1 568
69013 1 688
69014 1 806
69053 2 234
69054 2 406
69079 1 757
69081 1 838
69530 2 3436
69547 1 5735
69982 1 992
70245 1 1230
70581 4 1068
70587 2 777
70592 1 761
70626 1 1315
70958 1 1036
70989 1 845
70990 1 1168
71060 1 2450
71092 1 613
71135 1 1033
71249 2 1532
71338 2 2157
71545 34 6773
71645 1 1199
71757 3 2729
71878 3 1338
71908 1 1014
71992 2 1328
72059 1 830
72068 1 8137
72097 4 1365
72123 1 1031
72153 2 902
72154 2 1793
72184 1 393
72192 1 1685
72241 1 232
72388 1 1980
72437 1 8964
72498 1 11873
72537 6 1081
72633 4 623
72690 1 412
72777 1 1597
72778 1 1540
72779 1 1410
72780 1 1493
72781 1 1433
72782 1 2059
72783 1 1487
72784 1 2240
72785 1 1571
72786 1 1373
72787 1 1583
72788 1 1376
72807 1 679
72830 1 3747
72889 4 1741
72890 1 691
72974 4 2607
72999 2 3301
73008 2 5555
73220 1 4868
73444 1 223
73455 1 2168
73464 2 997
73934 1 820
73942 1 1013
73945 2 10857
73995 1 1205
74016 1 3216
74030 1 1672
74069 1 999
74140 1 1711
74167 1 1039
74270 1 1439
74471 1 218
74519 1 5618
74551 4 2061
74613 2 1209
74714 1 2557
74887 3 7880
74902 1 774
74905 2 493
74906 1 372
74938 2 331
74939 2 455
75258 1 1651
75259 2 1890
75293 1 756
75529 1 8980
75613 1 492
75839 1 1452
75935 1 965
75983 2 3426
76042 4 1056
76077 1 1366
76082 1 1055
76205 4 3668
76245 1 6436
76301 1 1532
76326 1 2230
76405 3 5489
76797 1 1960
76954 2 870
76984 1 1045
77010 1 6732
77071 1 1827
77088 1 4377
77143 1 570
77163 3 1994
77242 1 1714
77383 4 595
77391 2 627
77450 1 5940
77456 2 13066
77474 2 4717
77552 1 3565
77582 1 1227
77615 1 684
77640 1 512
77642 1 640
77643 1 644
77676 16 846
77874 1 3196
77934 1 459
78020 1 1072
78121 1 3206
