psoriasi psoriasi 378 65215343 
500 1 1485
672 3 2537
1209 14 570
2096 13 1974
2716 2 4798
3105 1 3023
6123 1 1295
6579 3 4887
7084 1 179
8261 11 539
8693 40 796
8890 2 5449
9792 1 1049
9818 1 872
9902 4 1223
11717 3 915
13069 2 797
13484 1 1236
14344 1 1260
14639 10 710
14675 4 1701
14861 1 366
16869 1 3108
17194 2 1502
18228 1 4817
20777 1 1519
20778 1 4580
22137 2 4439
22138 2 4091
22208 43 668
24152 1 1364
25900 1 990
26777 10 746
27160 2 828
27741 9 733
28750 1 4089
29592 2 1374
29884 3 3052
31415 2 1059
31517 23 1078
32201 1 495
33657 1 1436
35857 1 1888
36753 1 993
37356 10 336
38620 3 1203
39025 2 1374
39140 24 1160
39618 2 1328
40295 1 774
40805 1 695
41067 10 949
42281 1 864
42949 3 2799
44380 1 1907
45251 3 2817
46056 2 187
46615 3 3442
47794 1 2859
47848 1 2980
50529 2 4267
50894 3 1267
51562 1 1186
54355 1 10248
54368 4 1871
54962 7 2551
55504 1 179
56475 1 650
56522 1 3726
56831 1 844
56881 2 4650
58467 2 4185
59557 1 666
59712 1 4670
60304 3 1261
60505 3 2933
61391 1 5684
62085 1 734
62086 1 1048
62214 1 290
64376 1 2975
64559 2 4363
65576 2 4667
66849 1 340
66963 1 1157
66994 3 2517
67704 2 989
68367 1 709
68737 1 3173
68744 1 773
68812 1 10319
70518 1 174
71153 1 185
71705 1 10258
72752 9 352
72753 8 580
74694 1 646
75497 1 1847
78121 3 3206
