greenland greenland 517 65215343 
295 1 845
504 1 11283
646 2 836
837 22 632
906 1 1896
1104 3 4937
1198 1 1535
1318 4 2815
1951 1 407
2194 1 2274
2246 1 952
2370 1 1211
2654 1 1868
2664 1 1043
2776 1 1576
3034 1 871
3324 1 1792
3491 1 930
3541 1 551
3542 2 1834
3656 1 1437
3712 1 1548
3934 2 596
4610 1 1311
4741 1 3450
4754 1 687
5435 1 932
5914 1 1088
5923 9 1033
6020 1 568
6943 2 1969
6997 2 1942
7014 2 1878
7569 1 2616
7574 1 2115
7883 1 389
8218 1 747
8299 1 1374
8388 1 2999
9314 1 839
9442 1 1261
9923 1 424
9924 1 411
9988 1 320
10599 1 1369
10974 1 1151
12116 2 3604
12180 1 753
12298 1 2322
12302 2 1574
12492 1 1681
12507 1 2373
12943 2 1937
12945 2 2019
12949 2 2158
12950 1 2140
12951 2 2247
12957 2 1944
12959 2 1956
13210 1 1144
13286 1 1437
14021 1 426
14176 1 2211
14290 4 925
14355 1 554
14490 1 406
15080 1 525
15502 1 578
15516 1 990
15855 1 547
16107 1 852
16292 1 2759
16578 2 1137
16625 1 1578
16763 1 1331
17155 4 1406
17235 1 1114
17361 1 1897
17807 1 683
18030 1 984
18292 1 822
18294 1 2255
18401 1 1110
18490 1 1473
18574 1 1309
18636 1 1655
18650 1 1648
18813 2 1761
18814 2 1715
18815 1 1198
19680 1 5229
19683 1 2480
19684 1 2620
19687 1 2998
19801 1 1215
19865 1 1300
20651 1 764
20661 1 1660
20909 1 577
21056 1 1401
23014 1 3266
23448 2 1669
23449 2 1675
23450 2 2158
23473 2 1771
23474 2 1785
24090 2 1840
24164 1 1966
24165 2 2487
24666 1 3571
25391 1 2825
25428 1 2396
25698 1 1650
26048 2 1828
26131 2 1898
26132 2 2930
26169 2 2105
26206 1 1472
27196 2 1661
27198 2 2800
27235 2 2671
27343 1 2701
27654 1 2800
27774 1 2355
27865 1 1464
28056 1 1056
28915 1 1324
29903 2 1998
30310 1 2537
30554 1 3073
30812 1 517
31254 1 579
31267 2 7536
31321 1 710
31735 1 1164
31852 1 1764
32170 1 1811
32273 1 842
32632 1 1721
32709 1 977
33181 2 1712
33182 2 1778
33441 1 375
33671 2 1779
33672 2 1607
33675 2 2486
33726 2 1999
34062 1 2698
34347 1 1729
34396 2 5213
34421 1 894
34490 1 1136
34716 1 900
35430 2 2096
35432 2 1823
35433 2 1624
35483 2 1826
35487 2 1788
35939 1 941
35976 1 616
36088 1 1171
36137 1 2930
36173 1 449
36785 1 1843
36987 1 1333
37456 1 2083
37698 3 5406
38399 2 1953
38408 5 2338
38475 1 589
38508 2 2464
38510 2 1907
38512 1 1647
38686 1 2997
39186 1 2248
39292 1 4867
39518 1 1145
39534 1 710
39535 1 432
40048 2 1831
40049 2 1679
40082 1 1394
40110 1 1588
40112 2 2159
40113 2 2948
40200 1 2237
40301 1 1617
40898 1 2825
41410 1 646
41765 2 2363
41766 2 1995
41768 2 1829
41770 2 1891
41802 1 2461
41803 2 2074
41846 1 987
42188 2 1510
42460 1 1971
42463 1 424
42846 1 1285
42895 1 643
43062 1 379
43421 1 853
43440 2 1860
43524 1 932
43529 2 2195
43530 2 1721
43532 2 1790
43575 2 1608
44213 2 886
44217 1 3228
44419 1 1293
44771 1 578
44780 1 3261
44932 1 2141
45201 2 941
45904 1 932
45910 2 1479
45945 2 1539
46319 1 2904
46320 1 1655
46328 2 654
46416 1 957
46552 1 9921
46580 1 398
46742 1 1316
46901 1 732
46974 1 742
47373 1 578
48849 1 578
50331 2 1304
50491 1 915
50722 1 3030
50726 1 2071
50785 2 2063
50857 2 6468
50966 1 8029
51173 1 1055
51472 1 826
51543 2 1267
51664 2 1826
51746 1 709
51747 2 905
52303 1 1966
52935 2 2001
53015 2 1833
53018 2 2688
53020 2 2596
53021 2 1808
53053 2 2577
53054 2 2664
53159 1 2323
53601 1 2754
53603 1 2774
53707 1 5088
54165 1 402
54206 1 1036
54309 1 429
54983 1 1045
55109 1 693
55169 1 556
55576 2 639
55655 1 432
55676 2 2434
57228 1 1834
57258 1 2560
57267 1 578
57294 1 528
58419 1 386
59208 1 663
59934 1 1528
60217 1 2172
60297 4 923
60426 1 1355
60468 2 410
60496 1 1170
60607 1 1057
60676 1 763
60694 1 1114
60892 1 540
61043 1 4069
61044 1 702
61121 2 1876
62623 1 716
62636 1 578
62820 1 1547
63092 1 798
63308 1 1302
63309 1 4077
63310 1 2477
63585 1 1637
63586 1 1019
63587 1 988
63712 1 835
63834 1 3002
63896 1 1174
64089 1 809
64354 1 388
64398 1 703
64658 1 3929
64928 1 578
65257 1 1601
65402 1 275
65815 2 2003
65934 1 430
66277 1 1687
66338 3 678
66564 2 2309
66570 2 2510
66965 1 1054
67023 1 685
67451 1 2767
67496 2 1960
67502 2 2163
67513 2 1744
67520 1 1075
67761 1 1455
67762 1 1401
68049 1 2229
68159 1 6709
69351 1 578
69445 1 2697
69547 4 5735
69998 1 964
70334 1 932
70340 2 1983
70341 1 2434
70379 2 1981
71077 1 2876
71078 1 9605
71139 1 427
71894 1 2159
71895 1 3069
71896 1 3955
71897 1 2249
71919 2 2543
72002 2 1963
72036 2 1966
72294 1 1227
72510 1 1494
72590 4 2848
73513 2 663
73749 1 1593
74009 2 1857
74011 2 1947
74014 2 2062
74119 1 11686
74169 1 643
74275 1 1747
74613 1 1209
75151 1 1586
76165 1 1767
76568 1 439
76571 1 2525
76751 1 953
76833 1 1925
76944 1 850
77829 1 983
77942 2 3229
