trail trail 2663 65215343 
28 1 2843
104 1 1022
139 3 733
256 3 8243
264 1 1210
381 1 651
399 1 1548
400 1 1208
456 1 1051
557 1 3639
586 1 936
625 7 5869
626 2 1140
649 1 830
710 1 958
727 1 872
856 1 1130
860 1 3051
886 1 5811
1002 1 381
1025 1 1017
1029 1 1302
1032 1 1369
1072 1 2029
1160 1 1620
1172 2 644
1187 2 733
1216 1 188
1225 1 406
1229 1 920
1281 1 3123
1404 1 992
1465 1 830
1529 1 1094
1624 1 1327
1647 1 10572
1791 1 708
1793 1 350
1815 2 370
1823 10 667
1877 5 2064
1888 1 2450
1898 1 3856
2080 1 8786
2081 1 1053
2091 1 648
2139 1 1034
2147 1 946
2157 1 1453
2244 1 2544
2479 5 573
2500 1 796
2518 1 2175
2672 1 421
2762 1 669
2809 1 8131
2971 3 848
3037 1 1774
3050 1 506
3054 1 926
3100 18 2432
3129 2 724
3132 3 2453
3164 2 1088
3165 1 1306
3213 1 1551
3317 1 1223
3419 1 1015
3564 1 1154
3672 1 2946
3693 1 175
3710 4 867
3831 2 3725
3893 1 1570
3898 2 1858
4028 1 1523
4030 1 1809
4050 1 4772
4159 1 84
4178 2 3149
4207 1 1270
4229 2 1305
4266 1 662
4272 1 448
4357 1 687
4389 1 564
4392 1 1464
4393 1 1545
4459 1 4138
4495 1 2849
4518 2 2481
4584 1 633
4641 1 1322
4642 1 1398
4679 1 708
4709 1 2954
4746 1 2258
4748 7 642
4821 2 2178
4884 1 1052
4893 1 630
4941 1 1955
4942 1 1955
4948 1 3561
5141 1 1631
5176 1 238
5189 11 3419
5252 1 2357
5404 2 980
5499 13 44062
5576 1 4592
5591 1 1213
5944 1 2113
6036 1 1526
6085 1 1538
6086 1 873
6100 2 577
6123 1 1295
6140 1 2868
6151 6 6692
6344 2 608
6356 3 1705
6359 4 1489
6526 1 1191
6583 1 7454
6612 1 2092
6721 1 246
6760 1 806
6947 1 1049
7010 1 887
7178 5 810
7765 1 963
7974 1 2073
8002 1 533
8022 2 7719
8062 2 2690
8095 1 77
8152 1 6009
8188 1 1754
8237 1 726
8285 1 3377
8299 1 1374
8300 1 889
8310 2 4695
8318 1 1271
8370 1 2235
8382 1 19553
8383 1 1991
8423 2 1604
8442 1 1911
8460 2 2825
8465 1 1696
8500 1 4697
8508 2 5791
8563 1 870
8626 1 415
8722 1 1681
8761 2 1006
8850 1 3830
8906 1 1134
8983 24 1450
9085 1 621
9204 2 3049
9205 1 2860
9302 1 3665
9303 21 567
9440 1 650
9461 1 1464
9496 1 878
9503 2 6051
9530 2 859
9544 2 1343
9577 3 1476
9806 1 6009
9935 5 18475
9996 1 2093
10004 1 309
10005 1 430
10006 1 429
10007 1 444
10008 1 1778
10081 1 2613
10103 1 367
10256 16 1836
10285 2 1722
10308 1 1840
10332 1 2802
10433 3 120
10633 3 692
10655 1 2947
10678 3 694
10693 1 1867
10696 1 1520
10697 1 1237
10698 1 1255
10706 1 1237
10740 1 629
10750 1 1327
10808 1 6608
10864 1 2401
10906 1 7912
10983 1 428
10990 1 580
11120 4 1160
11203 1 1794
11279 1 1595
11288 1 9962
11420 1 965
11423 2 440
11442 1 1013
11492 1 7197
11590 1 1805
11627 1 1347
11662 2 1388
11663 2 1007
11664 2 1058
11665 1 1141
11854 1 3272
12156 1 13898
12232 1 1252
12247 4 2230
12268 1 1241
12336 2 3437
12338 1 1232
12391 2 726
12394 2 1962
12417 5 3309
12435 1 2066
12461 7 455
12467 1 372
12487 1 176
12501 1 927
12525 3 1269
12578 1 130
12633 1 256
12647 5 4896
12653 5 1822
12674 1 6435
12765 1 2402
12783 1 4316
12795 1 446
12814 3 46677
12900 3 1037
12905 1 874
12989 1 3076
13000 1 844
13038 1 854
13105 1 2565
13266 1 1854
13479 1 5487
13518 3 16194
13581 1 381
13606 1 1668
13607 1 814
13618 1 28398
13682 1 1174
13683 2 1116
13699 1 1924
13829 1 1750
13830 1 968
13831 1 993
13832 1 1089
13871 1 6056
13928 1 4471
13982 1 3750
14026 1 925
14105 3 9306
14214 3 2182
14232 1 1682
14233 1 1003
14234 1 1454
14235 1 1311
14285 1 647
14323 2 1990
14324 1 1130
14325 1 1946
14348 1 1551
14546 2 276
14585 1 935
14637 2 918
14707 1 937
14720 1 975
14792 4 1326
14798 1 1575
14822 1 538
14884 1 912
15033 1 1150
15039 1 1513
15244 2 5618
15293 1 5587
15523 1 874
15645 6 701
15665 1 928
15753 1 427
15760 4 2135
15823 1 906
15847 2 942
15849 1 1972
15850 3 860
15851 2 773
15881 1 7036
16004 1 1576
16006 1 1307
16007 1 6296
16008 1 6422
16009 1 1037
16098 2 1575
16178 1 4155
16199 1 1973
16233 1 884
16251 1 1023
16254 1 691
16258 1 7609
16294 1 2089
16312 1 792
16353 2 1250
16435 1 1396
16489 1 4179
16491 2 6610
16557 1 1683
16562 2 1204
16591 4 6896
16674 1 2131
16778 1 584
16779 1 575
16784 1 2834
16888 1 1462
16984 1 5305
16997 1 2630
17043 3 1433
17101 2 544
17122 1 9203
17133 2 1532
17361 1 1897
17504 1 2199
17505 1 5120
17589 1 12110
17605 1 1687
17693 1 868
17754 9 1063
17758 1 28986
17792 1 547
17813 4 501
17843 2 1862
18082 2 1589
18087 1 2509
18088 1 1041
18089 1 1509
18090 1 1539
18091 2 1496
18092 1 1678
18095 2 901
18156 1 1412
18226 1 1550
18381 11 1590
18395 2 6885
18416 4 1500
18468 1 1294
18477 1 721
18521 1 2145
18562 2 1335
18665 2 960
18705 8 535
18784 5 779
18876 4 339
18899 3 1411
18924 5 3309
18964 1 1035
19005 1 1076
19033 6 782
19076 1 2622
19110 2 1343
19184 5 773
19194 1 5424
19366 1 1507
19559 1 6375
19562 1 7991
19564 1 718
19570 1 2209
19580 1 431
19636 1 1326
19676 1 1224
19677 1 4468
19678 1 6792
19869 1 2203
19902 1 3107
19934 1 984
19961 2 2081
20007 1 631
20015 2 2199
20017 1 5287
20185 1 1049
20200 1 30304
20370 3 1259
20662 6 681
20711 1 6388
20717 5 751
20721 1 1038
20756 1 1009
20899 1 3664
20929 2 586
20971 1 884
20989 1 2034
20999 4 2745
21046 1 10160
21084 4 1596
21116 1 824
21290 1 930
21299 1 9163
21351 1 363
21362 1 2634
21410 1 1510
21484 1 1764
21495 5 1825
21525 1 2178
21527 1 6412
21533 1 1795
21534 1 1751
21608 1 4754
21631 1 1530
21666 1 970
21717 1 1108
21725 1 771
21964 1 1399
21970 1 683
21987 1 1422
21995 2 2336
22026 1 1430
22027 2 1931
22119 1 770
22144 7 1923
22475 1 30
22477 1 2074
22478 2 1558
22479 1 1300
22536 2 3918
22548 1 1429
22554 2 875
22562 2 1380
22575 2 1360
22592 1 2031
22602 1 1002
22604 1 1011
22927 1 2118
22941 2 11549
23027 1 1511
23028 1 1701
23066 1 773
23126 1 2676
23224 1 1079
23373 1 1729
23397 2 1071
23405 1 459
23447 2 1194
23488 1 1149
23637 2 2848
23733 1 2720
23765 2 11324
23774 1 575
23975 2 311
24249 2 302
24255 1 3586
24257 1 1154
24459 1 991
24514 5 13551
24540 1 4575
24621 2 1848
24669 1 2087
24803 1 5803
24833 1 1145
24879 1 557
24926 1 2341
24927 1 1019
25010 3 984
25045 1 881
25055 1 1036
25064 1 1909
25180 1 1405
25228 1 78
25241 1 256
25330 1 1134
25392 1 964
25435 1 1429
25436 1 1291
25502 2 705
25508 1 1364
25656 1 4885
25696 1 768
25718 1 3888
25720 2 2037
25728 2 5705
25756 1 902
25764 1 2679
25800 1 908
25806 1 404
25821 1 721
25826 1 2414
25835 1 1343
25913 1 1179
25970 1 335
26049 1 2989
26052 1 785
26204 1 363
26210 1 1293
26235 1 3242
26388 1 3682
26479 1 465
26498 1 32423
26523 1 1076
26552 1 269
26860 1 575
26880 1 1488
26901 2 1096
26917 2 1554
27117 1 348
27164 2 884
27256 1 710
27270 2 2026
27292 2 1239
27293 2 815
27308 1 7530
27427 1 1701
27524 1 2332
27579 1 1272
27591 1 866
27599 3 1628
27872 1 3102
27922 1 969
27983 1 1113
28006 1 1748
28013 1 1089
28110 1 1068
28123 1 7111
28194 1 274
28257 1 3449
28414 1 3568
28466 1 10312
28550 1 1171
28565 2 3391
28686 1 1805
28696 3 3559
28702 1 1503
28754 1 629
28815 1 2670
28822 5 2051
28840 1 12057
29329 2 726
29341 1 761
29364 1 859
29429 1 1618
29430 1 1287
29436 3 1447
29489 1 1691
29496 1 2933
29556 1 1585
29568 1 819
29599 2 1621
29818 1 1719
29888 1 3407
29902 1 4620
29910 1 5908
29975 1 1410
30042 1 897
30064 1 1072
30065 3 1794
30153 1 368
30284 1 1020
30324 9 729
30552 1 4502
30632 1 1052
30650 1 994
30744 1 1162
30769 1 1282
30804 1 10416
30955 1 1113
30973 4 7204
30982 1 1788
31025 1 178
31058 1 3446
31085 1 2635
31137 4 4691
31289 1 1482
31330 1 2751
31340 1 1091
31401 1 1892
31403 2 1003
31588 2 1119
31600 1 1053
31611 1 741
31616 1 346
31623 8 8156
31690 1 757
31695 1 1371
31733 1 858
31834 2 1157
31843 1 1841
31906 2 890
31930 1 4739
31949 2 6125
31958 1 1084
32207 5 368
32230 1 1393
32231 1 687
32242 1 1349
32248 1 886
32286 1 3201
32372 2 1632
32388 16 24490
32430 1 1546
32473 1 833
32498 4 2231
32592 1 1186
32605 1 1050
32653 2 5663
32654 11 45225
32878 2 330
32900 1 1072
33082 1 997
33211 4 1214
33312 2 2285
33317 1 1673
33319 1 2701
33394 1 836
33465 1 188
33472 6 650
33512 1 777
33589 1 965
33590 1 3769
33600 1 711
33637 4 750
33703 1 18894
33757 2 1989
33768 1 31
33877 1 708
33878 1 2517
34002 1 1052
34004 2 5029
34086 1 3765
34191 1 1190
34269 1 1019
34395 1 2479
34454 1 1630
34491 1 1903
34674 1 2253
34679 1 1212
34680 1 1201
34713 5 1199
34776 1 2068
34824 1 468
34832 6 582
35056 1 753
35151 2 4287
35182 1 13213
35344 1 1355
35373 1 1558
35427 1 12574
35428 1 12657
35461 2 1748
35504 2 1747
35683 1 1542
35720 1 4608
36012 1 1501
36018 2 1940
36051 1 3640
36081 1 2438
36129 1 1661
36144 3 632
36274 1 765
36287 3 1827
36296 1 489
36304 1 1491
36312 3 1698
36331 1 613
36402 1 2671
36552 1 1625
36592 1 459
36671 1 1332
36689 1 1112
36695 1 1231
36735 1 457
36808 1 1928
36873 1 4539
36927 2 436
36944 2 1225
36945 1 21910
36954 1 1023
36993 1 753
37211 1 1200
37335 1 4505
37336 1 1229
37392 1 1220
37419 1 13883
37423 1 13622
37436 2 9722
37454 1 8351
37540 2 1841
37588 1 1267
37595 1 1332
37596 1 1780
37602 1 1078
37627 1 1191
37628 1 1169
37648 1 1170
37658 1 788
37695 1 1123
37698 2 5406
37830 1 484
37833 1 916
37906 1 1709
37917 1 1025
37918 1 993
37919 1 409
37920 1 1463
37964 1 2710
38098 1 277
38162 1 7201
38177 1 1445
38190 1 905
38201 1 1043
38237 2 4950
38289 1 1007
38530 1 1502
38634 1 738
38749 2 291
38794 1 2594
39038 2 1980
39243 1 1097
39275 1 1055
39292 2 4867
39298 1 1479
39299 1 1321
39329 3 32477
39341 1 9083
39467 1 976
39510 1 1784
39532 2 2114
39556 1 1631
39632 1 798
39695 3 3613
39799 1 994
39986 1 880
39993 1 6188
40176 1 1287
40182 1 924
40201 3 1226
40271 1 184
40277 1 189
40375 1 2147
40406 1 822
40426 1 626
40435 1 2577
40444 1 1611
40738 1 1070
40772 1 2487
40774 1 1038
40801 1 436
40829 1 3054
40898 1 2825
40899 1 5270
40918 1 1001
40936 1 3129
41021 1 1682
41066 1 721
41078 1 1486
41109 1 561
41128 1 2539
41176 1 372
41183 1 4967
41184 1 7879
41266 3 1035
41290 1 1644
41306 1 2294
41413 1 942
41426 1 4541
41427 1 4567
41675 1 1320
41679 1 1631
41798 1 856
41822 1 1997
41839 1 1382
41870 1 1014
41922 1 173
42075 1 1237
42134 1 837
42150 1 2706
42155 1 2406
42161 1 9423
42312 1 2174
42313 1 377
42362 1 10503
42389 1 1357
42581 1 2953
42634 1 1644
42670 1 1290
42682 1 3838
42830 2 1716
42832 1 1721
42864 1 1279
42881 1 1052
42882 1 1324
42892 1 2540
42893 1 1128
42894 1 1338
42900 1 917
42929 1 395
42959 1 5863
42960 1 7453
43026 1 1259
43106 1 1668
43109 1 2284
43230 28 2504
43251 1 788
43331 1 1364
43416 1 1865
43432 1 919
43481 1 1042
43500 1 1001
43553 4 1438
43633 18 1373
43634 21 1505
43635 23 1334
43656 2 4176
43763 1 2590
43862 12 1314
43896 1 1645
44116 1 4462
44125 3 6435
44130 1 6601
44255 1 1773
44496 4 1260
44504 1 282
44533 4 1482
44698 1 2666
44810 1 640
44812 1 1515
44813 1 1238
44878 1 2602
44916 1 964
44923 1 1258
44927 1 2922
44928 1 1161
44955 1 7733
45096 1 6217
45206 1 1212
45213 1 1282
45214 1 1097
45215 1 764
45216 1 1285
45217 1 1038
45244 2 500
45246 1 2149
45247 2 1519
45261 1 7633
45262 2 6033
45337 1 1434
45383 1 1334
45406 2 1233
45418 2 453
45505 2 701
45826 1 8235
45862 1 480
45919 1 895
45965 1 724
46066 1 1672
46069 1 3643
46072 1 441
46141 5 1036
46154 2 1899
46174 2 2910
46277 1 4798
46388 2 81863
46419 1 2392
46509 1 2154
46518 1 1475
46525 7 984
46550 3 1512
46623 1 389
46739 2 1076
46754 1 1931
46817 1 2737
46824 1 1526
46825 2 1815
46839 1 1057
46853 3 942
46905 1 1128
46942 1 1392
46943 1 1398
46969 1 1145
47039 1 2061
47092 1 1683
47175 1 1171
47205 1 1857
47230 1 1077
47245 2 6757
47366 1 936
47505 1 1587
47506 2 1955
47515 1 3985
47528 1 4592
47540 3 1013
47543 1 2250
47573 1 1389
47690 1 1185
47745 1 773
47748 1 6961
47749 1 7411
47800 3 10768
47837 1 975
47839 1 1597
48022 1 541
48197 1 8238
48221 5 2217
48267 1 4317
48270 1 2441
48385 8 1169
48433 1 400
48475 1 4416
48597 1 514
48722 1 1191
48815 1 714
48895 1 237
48905 1 1954
48907 1 1902
48920 1 1976
48925 2 4731
49022 1 2746
49026 1 1774
49117 1 563
49118 1 618
49122 2 928
49184 1 2455
49280 4 703
49293 1 1190
49295 2 361
49302 1 1034
49314 1 1146
49350 2 2540
49375 2 11530
49376 1 5243
49394 2 989
49415 1 431
49518 1 715
49639 1 548
49662 1 2884
49681 1 3266
49699 1 561
49771 1 815
49921 1 1842
49938 1 1229
49980 1 684
50020 1 1485
50031 1 1861
50200 1 1454
50201 1 1131
50202 1 1056
50203 1 980
50204 1 2083
50213 1 1995
50223 2 6104
50230 1 1104
50233 1 702
50270 1 962
50277 3 1300
50518 1 812
50546 2 1843
50558 1 1035
50577 4 211
50610 1 1696
50733 1 1460
50834 1 3519
50854 1 3003
50855 1 3129
50889 1 5625
50913 1 1817
50931 1 1730
50933 1 507
50973 1 569
50974 1 589
50975 1 604
50976 1 634
50990 1 2134
51025 2 1508
51027 1 2454
51028 3 1520
51092 2 3069
51121 1 1534
51200 1 1152
51201 2 1247
51441 1 885
51600 44 1428
51674 1 1066
51925 1 674
51930 3 410
51933 1 2717
51974 1 1918
52096 1 284
52146 1 10691
52157 1 1660
52259 2 1440
52301 1 8406
52307 1 616
52332 1 432
52403 2 1953
52424 1 1543
52461 1 1052
52484 1 5765
52541 2 3260
52548 1 1684
52699 1 744
52700 3 1029
52706 1 102
52801 2 1168
52936 1 2566
52981 1 842
53009 1 1486
53082 1 663
53099 2 3241
53273 1 2039
53430 1 48057
53505 1 947
53596 2 1721
53652 1 1858
53653 1 2179
53654 1 2802
53655 1 2405
53733 1 1832
53842 1 2291
53854 1 1693
53867 1 1992
54048 1 784
54355 1 10248
54485 1 4555
54638 1 497
54914 1 1493
54926 1 898
54932 1 546
54962 1 2551
54995 1 1180
54996 1 1141
54998 1 1411
55065 1 3081
55123 1 1027
55151 3 1332
55163 1 1097
55473 2 1030
55478 1 1070
55481 1 867
55500 1 1640
55536 11 49965
55537 1 7693
55538 1 7491
55552 1 975
55585 1 660
55611 1 1071
55620 1 862
55651 1 336
55672 1 1335
55755 1 562
56030 7 581
56190 1 1477
56191 1 2260
56221 1 1051
56282 1 1567
56283 1 1928
56425 1 1074
56498 3 2455
56503 2 5900
56514 1 1583
56555 2 1013
56593 1 1203
56603 1 498
56620 2 1243
56794 1 620
56808 1 1411
56834 1 488
56884 1 1443
56887 5 386
56929 1 1002
56961 1 7535
57001 3 7758
57178 3 2026
57315 1 966
57319 2 1304
57323 1 1349
57383 1 3091
57411 2 655
57445 1 944
57461 1 1199
57462 2 1248
57492 6 2215
57518 1 3333
57535 1 1177
57642 1 1345
57731 1 1088
57821 2 4929
57886 2 1002
57914 1 2836
57915 2 2190
57950 1 10362
57951 1 10312
57979 1 223
58215 1 1221
58217 1 1075
58219 1 690
58231 1 4145
58247 1 19391
58312 5 809
58490 1 904
58675 2 2820
58751 1 473
58785 1 1085
58786 1 1487
58793 1 208
58874 1 1816
58898 3 2227
58912 1 496
58941 2 357
59165 1 969
59175 2 1913
59225 1 6473
59233 14 959
59307 1 1547
59402 1 4509
59404 1 1587
59406 1 1386
59409 1 1186
59423 2 13129
59430 4 3685
59441 2 1940
59464 1 1707
59481 1 1817
59494 1 2310
59603 1 1181
59624 1 1064
59629 1 2062
59651 1 1919
59662 2 14951
59695 2 2300
59697 1 2431
59812 1 1458
59813 1 1702
59814 1 980
60018 1 2504
60048 2 851
60091 2 976
60122 1 1146
60246 1 430
60276 1 3089
60328 1 1340
60329 2 1634
60330 2 2281
60357 1 615
60510 1 896
60525 1 1252
60531 1 884
60541 1 1488
60604 1 311
60678 1 3884
60779 1 1617
60786 1 817
60787 1 1533
60788 1 1075
60954 1 1837
60973 2 441
60999 1 520
61016 1 1771
61020 1 13801
61036 1 779
61091 1 1682
61096 4 990
61167 1 3616
61210 2 982
61380 1 1616
61500 1 1204
61704 1 386
61713 4 4885
61719 1 816
61768 1 485
61778 1 494
61799 1 1049
61872 3 1058
61890 1 2025
61900 1 2025
61903 1 361
61914 3 972
61948 1 1548
61993 1 294
62014 12 6015
62052 1 2861
62087 1 4114
62091 2 925
62092 1 1030
62204 1 8201
62324 1 788
62414 1 385
62417 6 11638
62553 4 1227
62646 1 573
62666 1 890
62724 1 3090
62728 1 3125
62732 1 2989
62767 4 14162
62781 1 1596
62845 1 1156
62846 1 1520
62847 1 1945
62848 1 1515
62849 1 1721
62850 2 849
62876 2 353
62902 2 2612
62951 1 2817
63073 1 6062
63113 1 1057
63115 1 1113
63125 26 850
63126 1 1393
63163 2 2048
63197 1 7220
63202 1 867
63217 1 491
63263 1 3119
63306 1 1008
63349 1 2002
63444 1 853
63519 1 2160
63592 1 1009
63773 1 76
63834 2 3002
63843 1 567
63871 2 196
63980 1 749
64027 2 505
64034 1 2927
64357 1 450
64410 1 1829
64510 1 1839
64568 1 453
64571 1 1943
64647 3 7320
64655 2 2422
64936 1 1450
64949 1 631
64953 1 1176
64958 3 1118
65005 5 3081
65062 1 1719
65063 1 940
65072 5 1170
65091 1 2809
65372 1 532
65449 1 607
65516 20 1590
65778 2 3404
65800 1 1457
65883 1 3190
65932 1 905
65958 11 1390
65978 4 3467
65979 1 4694
65980 2 4583
65990 1 4364
66082 1 1232
66086 2 2643
66133 1 1017
66183 1 711
66188 1 5739
66189 1 7316
66234 1 1935
66253 1 2409
66310 4 8271
66376 6 1935
66542 1 1829
66638 1 1055
66657 2 1440
66719 1 2207
66722 1 276701
66801 1 3195
66841 1 658
66873 4 585
66891 1 467
66941 1 772
66943 1 989
66956 1 1308
67002 3 6563
67062 3 943
67196 5 2129
67213 1 2231
67214 1 767
67286 12 1904
67389 1 1731
67453 1 3053
67468 2 810
67678 2 2911
67701 5 3309
67744 4 828
67784 1 2572
67825 3 1677
68008 3 1300
68064 1 712
68074 1 2212
68114 1 2294
68117 1 4150
68119 1 6225
68120 9 7511
68158 3 525
68199 1 1903
68274 1 942
68310 2 267
68329 2 1531
68371 1 952
68422 1 838
68429 1 863
68441 1 991
68443 1 551
68688 1 1133
68697 2 1133
68698 2 1633
68812 1 10319
69009 1 284
69173 2 45
69361 1 2957
69377 1 523
69387 1 1411
69490 1 935
69696 1 1490
69701 1 1593
69721 1 6125
69913 2 7379
69914 1 7296
69970 1 1405
70208 1 1316
70222 1 950
70272 1 870
70310 2 1005
70373 7 1473
70480 1 1306
70530 2 1122
70534 1 5509
70699 1 465
70830 1 995
70841 1 8361
70912 1 1315
70918 1 618
70971 6 271
70984 2 461
70985 1 748
71141 1 1124
71174 3 836
71189 11 1623
71200 4 2058
71334 1 2239
71351 6 1055
71569 7 653
71580 1 1716
71635 2 1924
71651 1 741
71658 1 1236
71665 4 950
71676 1 2168
71705 1 10258
71731 3 4830
71828 2 1069
71882 2 346
72011 1 1094
72137 1 900
72176 40 2898
72188 1 660
72204 1 870
72282 1 2243
72320 1 1701
72321 1 1530
72344 1 815
72410 1 4306
72457 1 831
72551 4 1520
72578 1 1935
72614 1 622
72790 1 693
72827 1 7031
72860 1 1570
72873 1 3122
72883 1 1574
72914 1 1062
72934 2 2319
72963 7 2184
72964 1 2090
72982 1 5401
73028 1 1012
73054 1 460
73084 1 2577
73195 2 409
73205 2 1376
73214 1 1029
73215 1 1228
73218 1 1865
73220 1 4868
73254 1 2203
73276 1 7711
73445 1 664
73452 1 1553
73474 1 628
73516 1 906
73644 1 2945
73660 1 2066
73706 1 119
73733 1 876
73877 2 1442
73996 1 7920
74028 1 648
74058 1 672
74065 2 2514
74067 1 6352
74096 5 1732
74150 27 1327
74176 1 4570
74177 1 4268
74178 1 2150
74182 2 842
74270 1 1439
74282 1 1215
74297 1 1110
74403 1 353
74431 1 386
74439 1 1488
74637 1 417
74645 2 6253
74666 1 1855
74806 1 5040
74827 3 468
74829 1 1083
74851 6 1682
74903 1 635
74921 1 1077
74922 1 859
75124 1 2419
75146 1 1593
75162 4 2594
75297 1 1533
75510 1 1060
75511 1 1086
75512 1 736
75513 1 784
75552 2 3849
75625 1 1046
75717 2 2502
75752 1 1220
75755 1 955
75838 1 410
75940 1 2480
75966 1 498
76063 1 614
76066 2 3438
76067 2 2476
76108 1 468
76111 4 841
76200 1 636
76223 1 1582
76247 1 4782
76271 1 354
76325 1 1450
76493 1 76
76583 12 1134
76655 1 2833
76752 3 709
76765 1 1053
76804 1 811
76826 2 1007
76834 1 739
76868 1 1662
76922 1 604
77029 1 550
77039 2 874
77074 1 1362
77082 2 5693
77153 13 2521
77236 1 1989
77237 1 1988
77390 1 3306
77394 1 1254
77452 1 2364
77610 2 2465
77614 1 630
77646 1 643
77652 1 3016
77836 1 808
77885 1 1785
77913 1 1380
77933 1 788
77962 2 3614
78074 1 1554
78099 1 1017
78100 1 767
