pig pig 881 65215343 
41 1 1471
226 3 49
375 1 10166
428 3 2978
583 1 1948
725 5 7096
844 1 867
966 1 6046
1222 1 1620
1362 1 3521
1367 1 4065
1545 1 1438
1802 3 10218
1824 1 714
1855 1 2208
1896 17 2074
1983 1 5638
2080 4 8786
3129 2 724
3153 1 832
3202 1 6501
3245 1 741
3314 1 2098
3718 4 950
3891 2 1661
3922 1 4998
3939 1 800
4051 2 2046
4069 1 3379
4142 2 3987
4170 1 3258
4390 1 1399
4463 1 4320
4495 1 2849
4496 1 6061
4497 1 652
4603 1 32
5247 1 6498
5528 1 2535
5548 2 260
5893 4 3259
6003 1 1183
6004 1 1153
6008 1 269
6012 3 3069
6037 1 949
6148 1 2770
6295 1 310
6357 1 1830
6361 1 4951
6983 2 2840
7405 1 1072
7571 5 5357
7572 1 1609
7576 1 6690
7922 1 2189
8052 1 655
8093 1 20088
8336 1 1754
8409 1 3217
8546 1 2592
8937 1 1958
9463 6 3203
9691 1 1887
10088 1 933
10649 1 611
10650 1 322
10651 1 500
10706 1 1237
10731 2 2189
10755 1 1298
10990 1 580
11062 1 1457
11131 1 4066
11859 1 4320
11889 1 1623
12156 1 13898
12171 1 5724
12259 2 606
12367 1 9446
12421 1 2680
12686 1 261
12691 1 64
12814 1 46677
12895 1 1232
12934 1 2463
12935 1 2445
13105 1 2565
13356 1 1677
13598 1 1521
13654 2 1262
13655 1 862
13684 1 12301
14268 1 573
14269 1 335
14358 2 402
14482 1 4658
14827 4 2870
15484 1 794
15493 1 817
15563 1 1219
15564 1 1140
15574 3 3007
15868 1 2468
16004 5 1576
16117 1 2540
16640 1 275
16707 1 2965
16817 1 4292
16844 1 2540
16995 1 4866
17013 1 9772
17199 1 1582
17200 1 619
17361 1 1897
17409 1 1250
17589 1 12110
17779 1 1349
17899 1 1710
18150 1 1485
18296 4 913
18756 1 1784
18930 1 2682
19157 1 3514
19176 1 1330
19384 1 5576
19385 2 2378
19506 2 526
19647 1 3406
19675 1 1016
20154 1 3393
20193 1 1368
20194 3 1431
20335 1 1141
20606 1 609
20868 1 3295
21048 1 914
21460 2 877
21601 1 256
21606 1 1264
21698 1 2267
21811 1 724
21852 1 6758
21887 1 893
21942 2 1543
21945 1 1790
22416 1 503
22428 1 3769
23126 1 2676
23211 1 1665
23349 2 659
23359 2 1250
23514 1 8145
23553 1 873
23685 1 1613
23697 1 5047
23732 1 4739
23748 1 4770
23750 1 964
24006 1 3059
24020 1 568
24048 1 565
24169 1 2066
24186 1 1580
24611 1 239
24750 1 6415
25056 1 650
25090 2 6934
25129 1 990
25248 1 1068
25249 1 1150
25319 3 569
25895 1 1814
26136 1 889
26242 1 1535
26498 1 32423
26525 2 2013
26590 2 2388
26594 1 907
26750 1 323
26822 2 1713
26927 1 729
26976 1 1105
27000 1 147
27080 2 721
27098 2 1974
27173 1 3255
27200 1 863
27201 1 865
27202 1 938
27210 1 707
27695 1 304
27811 1 1400
28243 1 1304
28309 1 847
29483 1 169
29490 1 622
29498 3 2955
29599 1 1621
29611 1 814
29637 1 2315
29799 1 321
29868 2 2187
29991 1 10803
30198 1 1213
30257 1 1126
30827 1 663
31223 1 552
31337 2 5832
31502 1 686
31518 1 5634
31541 1 163
32023 1 2558
32124 1 1277
32181 1 2305
32230 1 1393
32238 1 4115
32263 1 652
32285 1 440
32358 1 1397
32496 1 608
32569 1 1631
32737 2 1376
32752 1 2880
32972 1 11367
33150 1 2622
33169 1 721
33268 1 3327
33272 2 1656
33869 2 779
33904 1 1776
34052 9 11789
34054 2 1087
34150 1 1435
34244 1 323
34298 23 6813
34300 1 1190
34768 1 1348
34920 4 1576
34923 1 2774
34938 1 5944
35020 1 1589
35314 1 237
35345 1 1795
35438 1 1048
35774 1 3657
35795 1 1082
35852 8 3364
35967 1 1072
36137 1 2930
36714 1 654
36731 1 885
36818 1 1244
37091 1 1834
37175 1 1376
37177 1 10680
37182 1 13117
37381 1 1394
37400 1 1054
37419 1 13883
37427 1 7481
37629 2 287
37740 1 643
37741 1 1024
37934 1 1480
38307 1 1626
38529 2 1224
38658 7 671
38808 1 2666
39068 2 6017
39193 1 3626
39279 1 5440
39301 1 12335
39433 1 1508
39952 1 1363
40624 3 1840
40670 2 2018
40817 1 2302
41641 1 437
41672 2 1500
41947 1 2133
41985 1 752
42012 1 963
42161 1 9423
42208 1 1800
42359 1 2478
42424 1 6309
42506 1 420
43446 3 8554
43615 2 1591
43728 3 3240
43939 1 586
44043 1 604
44218 1 6003
44276 1 730
44420 1 805
44817 4 2611
44928 1 1161
44954 1 8549
44955 1 7733
44956 1 7041
44957 3 10010
45244 1 500
45612 1 425
45805 6 507
46116 6 5154
46388 2 81863
46490 1 2484
46512 1 4395
46748 1 1902
46775 1 537
46817 1 2737
46898 1 509
47151 1 5857
47173 1 967
47366 2 936
47442 1 559
47446 3 2943
47654 2 3047
47987 1 594
48257 2 517
48277 2 1700
48412 1 415
48441 4 764
48605 2 288
48921 1 2787
48963 1 927
48964 1 689
48966 1 971
49049 1 1735
49148 1 1740
49149 1 3141
49150 1 4092
49162 1 244
49173 1 10707
49286 2 2335
49355 2 1068
49356 2 1233
49604 4 4772
49696 3 2912
49935 1 757
50029 1 1476
50122 8 1979
50328 2 1690
50613 1 2424
50842 1 354
50843 1 351
50844 1 339
50845 1 570
50846 1 506
50847 1 472
50848 1 495
50908 3 154
51012 1 1432
51147 3 3111
51218 1 661
51555 1 1381
51672 3 3436
51674 1 1066
51732 1 1804
51966 1 593
51979 1 6703
52017 2 975
52025 1 712
52028 1 5224
52211 1 730
52275 3 1430
52411 1 563
52717 3 3076
53073 1 2274
53217 12 2450
53248 2 5457
53342 1 3109
53538 1 2024
53965 3 200
54097 1 621
54865 1 532
54910 1 1293
54930 1 1003
55082 1 985
55734 1 544
55886 1 5463
56175 1 8425
56190 1 1477
56441 1 678
56580 1 1537
56636 1 486
57024 1 5130
57362 1 411
57378 1 613
57411 1 655
57518 2 3333
57724 1 861
57788 1 1324
57994 2 1029
58277 1 1047
58314 1 717
58742 1 891
58835 1 594
58920 1 293
59211 1 3035
59296 2 177
59297 1 291
59298 1 267
59417 21 1841
59459 1 1393
59460 14 1795
59522 1 1856
59527 3 1590
59612 1 826
59672 1 3130
59697 4 2431
59986 1 4731
60065 1 3606
60302 2 1119
60522 1 1503
60665 10 1611
61016 4 1771
61043 1 4069
61506 2 3406
61526 1 1292
61867 1 1527
61924 1 6503
62512 1 1898
62514 1 3635
62774 2 1461
62791 2 2675
62902 1 2612
63202 1 867
63264 3 366
63296 1 538
63309 1 4077
63496 1 279
63497 6 1725
63520 1 1303
63708 2 2012
63791 1 1978
63836 2 3200
63837 1 6313
64050 2 3580
64051 2 3589
65000 1 422
65093 2 2401
65421 1 3586
65453 27 1772
65589 3 1568
65662 1 1443
65795 1 682
65816 20 929
65877 1 392
65878 1 403
66160 1 774
66689 1 615
66813 4 679
66823 3 9403
66848 1 565
67090 2 581
67498 1 1107
68037 2 1299
68115 1 3242
68210 1 1864
68348 1 2811
68393 2 3580
68427 1 441
68645 1 636
68656 1 1355
69431 3 3095
69971 1 1060
69999 2 1153
70382 1 1908
70414 1 104
70435 4 3103
70886 1 959
71043 1 4249
71268 2 1811
71276 1 2862
71306 1 1543
71315 1 6723
71319 1 1521
71330 1 1097
71534 2 2382
71635 1 1924
72304 1 2094
72372 1 1766
72412 1 14176
72422 1 4394
72853 1 548
73115 1 2759
73379 1 1014
73616 3 194
73746 1 335
74119 2 11686
74127 1 641
74519 1 5618
74645 1 6253
74745 1 1846
74750 1 2927
74805 1 558
74877 2 3262
75088 1 98
75137 1 628
75169 1 9895
75201 1 472
75203 3 2977
75411 2 1647
75682 1 496
75735 5 226
75758 1 1348
76216 1 188
76448 2 5583
76508 2 2897
76533 1 455
76755 1 5294
76756 1 4633
76769 1 2417
76951 1 383
76992 1 538
77483 1 560
77962 1 3614
