quietli quietli 414 65215343 
4 1 930
48 1 1265
355 1 872
428 1 2978
676 1 640
689 1 1358
964 1 3624
1163 1 1777
1221 1 1597
1231 1 4288
1234 1 1033
1236 1 1198
1953 1 730
2275 1 556
2942 1 1085
3217 1 2264
3281 1 3667
3286 1 199
3379 1 4900
3446 1 894
3683 1 1562
4016 1 4260
4752 1 5044
4915 1 4855
4916 1 4839
4917 1 4602
4918 1 2282
4919 1 2024
4935 1 2499
5092 2 3536
5426 1 570
5598 1 667
5867 1 5884
7002 1 6389
7045 1 2855
7079 1 4960
7152 2 370
7284 1 3123
7491 1 7708
7647 1 1890
7885 1 2709
8395 1 1291
9430 1 2392
9713 1 1813
10141 1 621
10286 1 1058
11578 1 1481
11715 1 1067
11967 1 4440
12100 1 1451
12366 1 2385
12367 1 9446
12638 1 6177
12665 1 1942
12690 6 336
12762 1 5406
12786 1 7289
13520 1 4296
13908 1 955
14234 1 1454
15099 1 5771
15138 1 1573
15209 1 2739
16395 1 1895
16499 1 1594
16545 1 929
16742 1 1501
16843 1 15992
16849 1 6516
16863 1 2074
16915 1 1177
16991 1 1092
17013 1 9772
17028 1 1380
17062 1 3596
17185 1 1163
17202 1 2274
17216 1 1476
17409 1 1250
17510 1 13439
17594 1 509
17758 1 28986
18148 1 989
18213 3 2075
18361 1 780
18396 1 12783
18484 1 804
18965 1 20789
19515 1 1607
19558 1 5943
19688 1 1268
19732 1 1155
19883 2 5667
20016 1 3043
20152 2 379
20654 1 1589
20710 1 6801
20903 1 2764
20937 1 3666
20972 1 2365
21490 1 4936
21632 1 2786
21637 1 10855
21768 1 2946
21852 1 6758
21887 1 893
23239 1 504
23370 1 1836
23671 1 7612
23909 1 969
24268 1 1365
24272 1 3323
24451 1 2059
24513 1 1816
24541 1 5645
24865 1 2318
24896 1 4879
24897 1 4588
24898 1 4667
24900 1 2275
24901 1 2275
24902 1 2275
25057 2 2293
25234 1 4341
25656 2 4885
25895 1 1814
26449 1 7560
26498 2 32423
26675 1 1056
26766 1 1561
26800 1 1401
27098 2 1974
27545 1 991
28261 1 11790
28696 3 3559
29074 1 769
29180 1 3520
29508 1 2855
29580 2 257
29710 1 721
29991 1 10803
30353 1 3848
30997 1 957
31045 1 24677
31651 1 843
31918 1 928
31921 1 1208
32148 2 2042
32196 1 620
32743 1 1903
33090 1 1529
33516 1 1170
33550 1 1909
33585 1 3694
33590 1 3769
33748 2 855
33782 1 907
33847 1 7078
33948 1 1368
34029 1 3971
34093 1 1603
34100 1 837
34395 1 2479
35172 1 618
35371 2 1620
35536 2 1509
35757 2 1109
35993 1 1442
36336 1 5447
36548 1 1059
36671 1 1332
36750 2 1341
36832 1 4358
36932 1 1538
37177 1 10680
37335 1 4505
37436 1 9722
37557 1 985
38224 1 2141
38384 1 314
38441 1 3038
38443 2 1740
38542 1 2357
39084 1 4248
39085 1 4795
39211 1 824
39241 2 7079
39276 1 3501
39298 1 1479
39475 3 1192
39693 1 994
39807 1 435
40320 1 7910
40552 1 4962
40606 1 813
41266 1 1035
41450 1 1521
41822 1 1997
41949 1 1257
42119 1 4002
42129 1 4735
42149 1 9906
42763 1 6680
42901 1 516
43005 1 721
43073 1 382
43127 1 769
43456 1 1012
43764 2 9601
44094 1 738
44125 1 6435
44956 1 7041
45093 1 856
45162 1 989
45449 2 659
45491 1 863
45971 2 1186
46077 1 576
46388 4 81863
46513 1 2610
46519 1 5448
46749 1 6951
47364 1 752
47606 1 1497
47869 1 387
48069 1 3129
48217 1 6375
48269 1 11120
48413 1 3524
48783 1 1440
49776 1 9407
50016 1 11583
50210 1 2088
50213 1 1995
50214 1 1560
50289 1 1659
50376 1 1371
50552 1 2672
50888 1 2791
51608 1 1170
51609 1 1170
51610 1 1170
51994 3 9298
52098 1 1384
52125 2 194
52167 1 2979
52402 1 1032
52988 1 24350
53048 1 452
53118 1 1138
53229 1 714
53411 1 774
53430 3 48057
54123 1 2152
54326 1 3836
54381 1 660
54933 1 542
55614 1 5399
56557 1 1778
56600 1 1942
57217 2 1984
57256 1 1106
57643 1 8017
57731 1 1088
57832 1 1094
57881 1 2310
57914 1 2836
58836 2 2335
58906 3 269
58930 1 1881
59245 1 519
59395 1 1240
59452 1 1493
59633 1 4221
60065 1 3606
60245 1 583
60339 1 856
60674 1 1471
60807 1 695
61021 2 5166
61043 1 4069
61240 1 2043
61255 1 4815
61257 1 838
61628 1 7244
61668 1 11710
61900 1 2025
61939 1 10305
62192 1 937
62292 1 1351
62768 1 9553
63309 1 4077
63359 1 765
63648 1 7209
63714 1 1284
63838 1 3268
64012 1 1614
64974 1 1043
65381 1 778
65588 1 1475
65665 1 496
65872 1 5814
65913 1 1357
65944 1 4400
66088 1 1445
66253 1 2409
66472 2 3818
66587 1 4790
66722 1 276701
66766 1 1240
66838 1 1366
67632 1 1696
68015 1 6966
68046 1 3345
68336 1 1920
68374 1 390
68448 1 254
68798 1 1805
69082 1 1410
69431 6 3095
69905 1 1489
70098 1 1411
70289 1 1270
70880 1 2104
70913 1 1388
71059 1 2012
71315 1 6723
71962 1 1178
72016 1 859
72065 1 9229
72068 1 8137
72081 1 3204
72617 1 5161
72879 1 7089
72929 1 3019
72945 1 2766
72958 1 2627
73071 1 175
73799 1 6946
73820 1 1771
74218 1 909
74551 1 2061
74605 1 6001
74877 1 3262
74917 1 1213
75068 1 1333
75129 1 711
75240 1 5462
75471 1 3184
75529 1 8980
75752 1 1220
76455 1 1356
76773 3 2532
76859 1 1863
76922 1 604
77196 1 1305
77207 1 4809
77422 1 626
77639 1 610
77807 1 5880
78067 1 1940
78116 1 5040
