biologi biologi 964 65215343 
104 1 1022
222 1 673
224 2 670
378 1 868
388 3 1479
504 2 11283
547 1 1844
672 1 2537
1005 1 683
1313 1 1940
1375 1 1253
1566 1 3548
1652 1 1683
1978 1 1775
2022 4 1071
2073 1 1294
2091 1 648
2384 1 789
2580 5 1032
2716 4 4798
2760 2 764
2765 2 687
2766 3 545
2767 2 411
3322 2 6038
3383 1 10722
3414 1 807
3421 1 954
3435 1 360
3596 1 458
3694 1 172
4067 3 3490
4068 2 8611
4296 2 6626
4964 1 930
5501 2 476
5558 1 506
5564 3 471
5565 2 792
5566 1 588
5567 3 749
5568 2 379
5894 1 4730
5895 1 1433
5986 5 984
6032 1 519
6175 1 1916
6302 1 2959
6305 1 2963
6328 1 1381
6362 1 2640
6579 1 4887
6945 1 3654
7504 2 5695
8060 1 1283
8122 1 5509
8382 2 19553
8468 1 1615
8658 1 338
8890 4 5449
8897 1 869
8903 1 1242
8946 1 445
8947 2 700
8948 4 601
8949 3 708
8950 2 513
8951 2 416
8955 1 987
9203 1 3221
9232 1 1398
9363 2 1874
9696 1 977
9936 1 2878
10018 1 1420
10409 1 1748
10463 1 396
11133 1 398
11575 1 481
11590 1 1805
11706 1 397
12138 2 18363
12156 1 13898
12492 1 1681
12694 1 787
12814 1 46677
12890 1 2391
13094 1 1335
13099 1 1594
13173 2 7475
13479 1 5487
13827 1 729
13986 1 1238
14073 1 615
14080 1 51830
14102 2 1027
14383 1 302
14456 1 1069
14562 1 890
14728 1 2287
14884 1 912
15113 1 730
15262 3 566
15266 1 538
15268 2 628
15284 2 771
15587 1 2694
16229 2 2303
16250 1 1198
16294 1 2089
16578 2 1137
16625 1 1578
16843 2 15992
16850 2 4537
17028 1 1380
17129 10 3146
17189 1 5992
17385 2 3998
17490 1 455
17588 2 389
17589 3 12110
17590 3 6514
17591 17 3099
17592 1 3800
17758 7 28986
17866 2 454
17867 2 566
17868 2 521
18716 2 1408
18868 1 607
19079 20 16454
19237 1 1885
19545 1 9624
19561 1 5606
19563 1 5781
19681 2 10198
19838 1 1452
19985 11 8977
20307 1 914
20393 2 475
20395 17 651
20663 1 2969
21266 1 4449
21339 1 4745
21389 1 3999
21568 1 3870
21844 1 1026
21845 1 1139
21910 1 1846
22040 1 681
22137 4 4439
22138 4 4091
22172 1 401
22173 1 618
22174 1 737
22178 6 634
22179 2 751
22180 1 641
22181 1 653
22182 3 505
22185 1 476
23511 1 1553
23644 2 2056
24752 4 1031
24820 1 1367
24847 1 1506
25235 1 7935
25428 2 2396
26218 1 3037
26434 1 3200
26498 1 32423
26972 1 932
27375 4 979
27473 1 520
27573 2 556
27614 1 1159
27846 1 709
27885 1 1416
28261 1 11790
28286 1 785
28287 1 483
28289 3 871
28291 4 644
28293 2 628
28632 1 513
28750 1 4089
28778 6 723
28915 1 1324
29054 1 761
29090 1 430
29091 1 451
29095 2 555
29096 2 764
29097 1 437
29098 3 715
29099 2 801
29103 1 554
29419 12 2386
29884 1 3052
30131 1 1922
31045 1 24677
31069 1 735
31072 2 667
31073 2 753
31355 1 5480
31359 2 664
31388 1 487
31389 1 337
31390 1 479
31688 2 2740
31765 1 1022
31785 1 1063
31829 1 14263
31961 1 705
31962 1 497
31963 1 475
31964 1 627
31966 1 522
31967 2 524
31968 2 573
32289 1 2992
32360 1 1518
32361 1 494
32362 1 560
32363 1 495
32424 1 1183
32569 4 1631
33079 1 3096
33188 4 10275
33349 3 179
33370 1 898
33723 1 1305
33844 2 162
33976 1 978
34026 1 1201
34052 1 11789
34208 1 2130
34214 2 1033
34929 1 712
34930 1 546
35170 1 1948
35399 1 6478
35436 1 923
35438 1 1048
35753 2 3277
35833 2 1394
37305 1 824
37310 1 7113
37366 10 814
37523 1 1077
37712 11 8990
38469 1 398
38564 1 4067
38699 2 1357
38851 1 4217
38894 1 828
38907 1 4305
38991 4 1489
39278 1 5705
39331 1 512
39456 1 1320
39465 1 984
39469 1 1674
39471 1 1340
39472 3 1541
40352 1 1634
40538 1 14088
40580 2 1410
40648 21 7183
40788 4 1583
40840 1 721
41048 1 1925
41167 1 664
41256 6 477
41519 1 741
41524 2 2455
41842 1 1367
42161 1 9423
42511 1 1464
42949 1 2799
43261 7 1175
43444 1 2757
43704 2 181
44056 1 2924
44508 1 595
44509 1 519
44510 1 447
44514 3 589
44515 2 636
44517 1 652
44782 1 655
44881 1 3374
45176 1 1533
45251 1 2817
45376 1 1359
45964 6 2279
46499 1 2017
46589 1 1731
46646 1 1436
46921 3 854
47216 1 573
47219 2 665
47220 1 631
47264 1 240
47398 1 5716
48065 1 1054
48069 1 3129
48078 2 11919
48621 1 525
48622 1 687
48623 1 700
48626 3 481
48627 2 497
48630 1 557
48652 1 567
49350 1 2540
49388 1 721
49985 1 901
50196 1 3087
50408 1 3892
50453 1 1051
50529 4 4267
50580 1 551
50581 1 492
51015 1 337
51043 1 1273
51558 1 1195
51650 3 757
51839 1 9735
52109 1 3805
52215 2 1222
52221 1 1170
52244 4 1659
52343 5 950
52502 1 6875
52609 1 155
52988 7 24350
53494 2 412
53519 4 1735
53727 1 623
54355 1 10248
54386 1 606
54598 1 629
54599 1 461
54604 4 450
54605 3 926
54606 2 855
54611 1 635
54983 2 1045
55073 1 3312
56038 1 1596
56396 1 1024
56489 5 5171
56881 4 4650
56936 1 962
56937 1 655
56938 1 699
56939 1 459
56945 2 662
56946 2 734
56947 3 864
56948 2 599
56993 2 1027
57380 1 3371
57945 2 2600
58467 4 4185
58485 1 383
58497 1 611
58499 2 661
58500 1 557
58501 23 916
58502 1 1134
58761 1 414
59063 2 3059
59462 1 1879
59467 1 4546
59672 1 3130
59810 1 741
59996 1 1482
60505 1 2933
60605 1 568
60690 1 403
61043 1 4069
61261 1 1071
61442 4 2563
61569 1 1055
61570 3 1105
61571 1 684
61620 1 1896
61816 1 1916
61845 3 3591
61939 1 10305
62014 2 6015
62459 1 666
62460 1 779
62465 3 904
62466 2 2353
62467 1 655
62468 3 2405
62469 2 525
62470 2 588
62471 1 843
62646 3 573
62650 1 1065
62697 1 1926
62824 1 4199
62929 1 5384
63082 1 248
63151 1 461
63184 1 2633
63309 1 4077
63358 1 1133
64455 1 1106
64559 4 4363
64596 1 820
64597 1 751
64598 1 441
64602 3 601
64604 1 540
64605 2 683
64608 1 494
64914 1 518
65104 1 8712
65108 1 1542
65265 1 5510
65378 1 138
65481 1 1071
65576 4 4667
65623 1 510
65624 1 629
65626 2 603
65627 3 552
65628 1 605
65699 1 956
65726 1 2684
65956 1 3157
66415 2 6038
66872 2 1492
66994 1 2517
67415 2 10077
67483 1 181
67548 5 2750
67562 1 1286
67623 1 1432
67716 1 692
67727 3 3367
67864 1 1002
68132 4 2295
68151 1 2465
68440 1 2081
68757 1 1151
68812 1 10319
68843 1 529
68920 3 2788
69005 1 668
69006 1 499
69011 2 448
69012 2 568
69014 1 806
69341 1 637
70595 2 2506
70936 2 1631
71545 4 6773
71705 1 10258
71738 1 1825
71822 1 1832
72011 1 1094
72093 1 927
72293 1 1975
72496 2 3731
72591 4 2016
72715 2 2456
72919 1 5881
72974 1 2607
73008 2 5555
73638 3 192
73992 5 3335
74253 2 187
74435 1 2232
74519 2 5618
74746 2 5004
74822 17 5130
74902 1 774
74905 3 493
74906 2 372
75258 1 1651
75259 1 1890
75529 2 8980
75532 1 2113
76303 1 1328
76353 1 3328
76491 4 1557
76517 1 735
76531 3 1613
76935 1 1129
77390 1 3306
77640 2 512
77642 3 640
77816 1 2167
77817 1 4230
77818 1 6471
77819 1 3260
77874 1 3196
77875 1 3223
77919 2 216
78121 1 3206
