newsstand newsstand 357 65215343 
340 6 2546
1478 1 386
1659 6 2425
1667 2 894
1810 1 886
1846 2 1054
2156 1 1904
2181 1 1278
3205 1 1426
4821 1 2178
4822 1 1411
4831 1 2521
4857 1 2912
5140 1 1465
5860 6 1573
6963 1 970
6964 1 1010
6965 1 977
6966 1 996
6973 1 826
7283 1 2390
7288 1 1137
7289 1 1079
7695 1 1547
8290 1 1567
8320 1 664
8383 1 1991
8937 1 1958
8938 1 1527
8993 1 2404
9106 6 1688
9721 1 1652
9986 1 864
9987 1 693
11757 1 1770
11758 1 2000
11759 1 2876
11760 1 1905
11761 1 1621
12366 1 2385
12748 1 3182
12750 1 1084
13149 1 2234
13204 1 1820
13205 1 2644
13206 1 1206
13207 1 1202
13208 1 2020
13503 2 986
13504 2 1033
13505 2 1133
13617 1 2513
13662 1 828
14199 1 853
14753 1 1017
15001 3 64
15611 2 880
15664 1 1538
16232 1 517
16335 1 156
16853 1 1372
17207 2 1171
17449 1 1065
17777 1 359
17901 1 1052
17930 2 980
18884 1 836
18996 1 600
19310 1 864
19928 1 2193
19943 1 1820
20575 6 4332
20719 1 500
20997 2 6199
21083 1 2413
21262 1 2285
21263 1 1339
21415 1 797
21728 1 1259
21956 1 1239
22206 1 2514
22604 1 1011
23745 1 2692
23746 1 1757
25170 1 1000
26161 2 14248
26419 1 1113
26422 1 945
26425 1 1535
26430 1 984
26812 1 1962
26944 1 2864
26945 1 2664
26946 1 2974
26947 1 1581
27308 2 7530
27469 1 1105
27504 1 650
28978 1 1473
29004 1 285
29144 1 2485
29346 6 5736
30618 1 763
30639 1 8117
31229 6 4414
32413 1 2301
33113 1 813
33114 1 955
33115 1 978
33116 1 927
33117 1 925
33118 1 971
33119 1 988
33120 1 978
33121 1 751
33263 1 532
33329 1 2558
34514 1 2438
35039 6 2773
35458 1 388
35830 1 2280
35832 1 2158
35835 1 1430
35836 1 1061
35837 1 2391
35848 1 849
35850 1 2980
36284 1 1599
36285 1 1329
36286 1 1718
36332 1 810
36498 3 8241
36716 1 1024
36717 1 1007
37165 1 1811
37182 2 13117
37407 2 1372
37594 1 1661
38443 1 1740
39039 2 809
39165 1 1217
39166 1 1097
39167 1 1736
40494 1 1017
40510 1 1126
40521 1 1004
42575 1 1157
43890 1 2794
43895 1 1163
43900 1 1267
43942 6 2137
43953 2 1000
44105 1 2359
44362 1 3685
44469 1 1847
44962 1 1439
45344 1 1588
46748 1 1902
46771 1 1801
47346 6 1159
47552 1 1137
48102 1 1483
48204 2 1943
48531 3 1863
48814 6 3174
49139 1 1280
49141 1 1639
49680 8 5727
50542 1 2306
50598 1 5177
50647 1 362
50723 6 3146
51684 1 959
51685 1 961
51686 1 1005
51687 1 996
52403 1 1953
52452 1 375
52983 1 738
53342 1 3109
53343 1 2474
53524 2 1461
53771 1 1481
53780 1 3112
55151 1 1332
57226 6 11510
57523 1 1045
57810 1 1482
57875 1 663
59420 1 1188
59421 1 1923
59479 1 2405
59480 1 2579
59481 1 1817
59485 1 745
60016 1 1377
60675 6 1688
61043 1 4069
61212 1 954
61470 1 2495
61471 1 2207
61619 1 1308
62911 1 649
63061 1 5120
63309 1 4077
63965 1 1353
63966 1 1281
65617 1 1340
65618 1 1810
65844 2 550
66008 1 1142
66719 1 2207
66922 1 1292
67620 1 665
67928 1 1081
68344 1 6836
68820 1 1468
69528 1 1563
69872 1 4385
70537 6 1013
70737 1 2845
70738 1 3457
70866 2 759
71303 1 1741
71896 1 3955
72325 1 616
72441 1 3167
72442 1 1934
72775 1 2072
72848 1 756
73095 1 3401
73211 2 1314
73355 2 225
73656 1 1671
73924 1 986
74148 1 1271
74368 1 3668
74499 1 2239
74517 1 1657
74518 1 1309
74522 1 1218
74804 2 1349
76309 1 2573
76311 1 978
77055 1 1676
77118 1 2646
77145 1 1172
