aim aim 3505 65215343 
16 2 1318
62 1 695
118 1 166
120 1 4128
186 2 774
256 1 8243
266 1 1509
276 1 1471
418 1 1732
422 1 1707
448 1 1045
449 2 555
471 1 3108
473 3 5126
474 5 3627
475 2 1753
476 1 1866
477 5 3143
497 1 469
527 1 978
606 1 1190
620 1 923
647 1 974
710 1 958
748 1 1209
763 2 1020
782 1 2324
797 3 1537
800 1 987
892 1 1418
901 1 862
902 1 1246
905 1 493
966 1 6046
967 1 4480
992 1 3872
993 3 10702
1000 1 2589
1003 1 2079
1028 1 1298
1035 2 810
1075 1 302
1104 1 4937
1139 1 428
1159 1 1368
1173 1 1598
1176 1 992
1213 1 3659
1242 3 174
1264 1 882
1281 1 3123
1310 1 925
1318 2 2815
1336 1 1616
1397 1 953
1448 1 1058
1554 1 3023
1564 1 809
1571 1 606
1583 1 4414
1592 1 249
1636 1 752
1640 3 4776
1653 1 1086
1657 1 2153
1667 1 894
1730 1 1157
1741 1 5895
1758 1 553
1796 1 1148
1802 1 10218
1816 1 5747
1852 1 2619
1861 3 5589
1877 2 2064
1897 1 2847
1911 1 591
1927 1 397
1959 1 1196
1973 4 16948
1981 1 1770
2001 1 2255
2008 1 584
2018 2 1080
2028 1 366
2042 1 934
2083 1 4561
2084 1 1228
2103 1 694
2128 1 1868
2132 1 118
2145 1 1693
2150 1 1809
2159 1 1594
2193 1 1999
2224 1 1658
2225 1 1659
2238 1 789
2257 3 2275
2343 1 1153
2352 1 1260
2384 1 789
2391 1 625
2414 1 1645
2492 1 300
2511 1 1460
2516 1 1602
2576 1 751
2629 1 3838
2691 1 1661
2767 1 411
2769 1 898
2809 1 8131
2822 1 891
2835 1 645
2839 1 1144
2987 1 932
3004 1 731
3014 1 1125
3050 1 506
3094 1 1813
3147 2 1324
3158 1 1946
3209 1 358
3215 1 1641
3313 1 2034
3314 1 2098
3322 1 6038
3383 1 10722
3409 1 3574
3410 1 11224
3450 1 1374
3514 1 5186
3516 1 888
3529 1 989
3581 1 1329
3643 2 1997
3668 1 8976
3720 1 1051
3831 2 3725
3835 1 1418
3917 1 918
3921 1 3235
4074 1 590
4142 2 3987
4144 1 2194
4189 1 1298
4196 2 6780
4197 1 1683
4199 1 820
4201 2 732
4246 1 447
4289 1 673
4298 1 7423
4368 1 4832
4425 1 1104
4429 2 723
4523 1 2304
4534 1 773
4550 1 3021
4579 1 1909
4594 1 1355
4614 1 5323
4652 1 121
4709 2 2954
4719 1 1062
4722 1 579
4725 1 423
4727 1 1147
4735 1 1217
4746 2 2258
4753 1 5716
4782 1 6257
4839 1 1862
4868 1 1260
4874 1 765
4909 1 4646
4910 1 4646
4911 1 4646
4912 1 7415
4935 1 2499
4937 1 870
4953 1 999
4967 1 794
5003 1 333
5076 1 1220
5108 1 1101
5127 1 1687
5128 1 1147
5129 1 1285
5145 1 842
5198 1 1050
5202 1 1878
5238 1 1215
5247 1 6498
5302 1 555
5307 1 821
5438 1 1768
5455 10 15074
5482 2 935
5493 1 794
5499 1 44062
5525 1 1587
5567 1 749
5587 1 2202
5650 4 2097
5844 1 788
5866 2 660
5867 1 5884
5897 1 872
5907 2 775
5934 1 1063
5935 2 2831
5938 2 5865
5958 1 1664
6076 1 3091
6078 1 1444
6151 1 6692
6181 1 5519
6316 1 3790
6329 5 3134
6338 1 1825
6359 1 1489
6364 2 7210
6457 1 801
6539 1 646
6579 1 4887
6598 1 502
6830 1 822
6954 1 1653
6969 2 1724
6983 3 2840
6992 2 1337
7003 2 1299
7012 1 611
7138 2 2191
7153 1 302
7162 1 1574
7511 4 2036
7515 1 746
7580 1 9484
7582 1 727
7596 3 495
7612 1 623
7637 1 237
7698 1 1482
7727 1 2490
7736 1 1605
7767 1 3013
7774 1 1136
7775 1 3220
7776 1 1456
7906 1 1860
7928 1 808
7963 1 3329
7974 2 2073
8016 2 748
8045 1 2218
8058 1 211
8089 1 20930
8090 1 1026
8131 3 1630
8146 2 1848
8167 1 1117
8169 2 1622
8177 1 2272
8212 2 1131
8231 2 1300
8234 1 369
8249 10 7006
8287 2 4172
8288 1 1533
8311 2 4367
8313 1 3754
8383 2 1991
8462 1 3138
8468 2 1615
8541 1 1364
8553 1 3414
8561 2 3145
8575 1 1694
8604 1 343
8635 1 578
8732 1 2463
8749 1 795
8822 1 569
8829 1 2495
8855 1 1546
8884 1 1640
8891 2 953
8896 1 1087
8929 1 425
8954 1 590
8994 1 944
9003 1 164
9013 1 754
9138 1 885
9173 2 6443
9175 1 1821
9186 1 380
9193 1 2601
9219 1 899
9234 1 1133
9238 1 2921
9292 2 3389
9293 2 1715
9294 5 3543
9302 2 3665
9400 1 551
9431 2 3717
9441 1 684
9460 2 1146
9471 1 2467
9489 3 6134
9491 4 6177
9503 2 6051
9577 1 1476
9621 1 1647
9682 1 3853
9695 1 2000
9713 2 1813
9752 3 8096
9785 1 953
9798 1 2651
9800 1 3911
9806 1 6009
9836 1 2482
9856 1 500
9864 1 1138
9921 2 637
9936 2 2878
9940 1 2247
9946 1 555
9961 2 612
9987 1 693
10052 3 1469
10061 1 525
10100 1 703
10137 1 658
10146 1 522
10147 1 1321
10231 1 9229
10280 1 1373
10289 3 8941
10314 1 4681
10321 3 1516
10353 1 839
10359 1 970
10377 1 2603
10386 1 475
10394 1 1163
10412 1 778
10486 2 2750
10508 1 456
10528 1 2643
10546 1 359
10591 1 7784
10597 1 557
10599 2 1369
10754 1 1057
10817 1 850
10842 1 1865
10845 1 2183
10898 1 1274
11001 4 7028
11103 3 931
11202 1 3466
11241 1 828
11242 1 738
11249 1 5195
11288 1 9962
11292 1 1815
11388 1 2085
11499 1 1089
11558 1 252
11604 1 1010
11619 1 329
11675 2 1703
11698 1 750
11722 2 1625
11854 1 3272
11855 2 749
11858 1 4134
11859 1 4320
11890 1 963
11951 1 803
11955 3 1189
11965 4 854
11967 2 4440
11971 1 1187
11973 1 1285
12028 1 651
12138 3 18363
12182 3 2585
12203 1 722
12224 1 1462
12228 1 1101
12229 1 2226
12230 2 2936
12311 1 2392
12330 1 918
12332 1 1098
12344 2 2265
12350 1 1687
12367 1 9446
12449 1 1233
12607 1 1153
12609 1 1268
12629 1 2039
12698 1 3392
12703 1 319
12753 1 3395
12783 1 4316
12814 1 46677
12834 1 2681
12838 1 2280
12885 1 6601
12892 1 973
12943 1 1937
12969 1 462
13031 1 1525
13083 1 3119
13149 1 2234
13156 1 3209
13157 1 3217
13183 2 73
13184 1 242
13189 1 1276
13207 1 1202
13239 1 2825
13403 1 1298
13426 2 1513
13431 1 613
13432 1 875
13486 1 7532
13530 4 849
13532 1 1389
13548 1 6866
13599 1 1426
13605 1 692
13640 1 4066
13643 2 1259
13644 1 1144
13657 2 1124
13658 2 1095
13659 2 3326
13704 3 1002
13818 1 1042
13830 1 968
13833 1 1191
13925 1 586
14007 1 466
14013 1 415
14018 1 165
14120 1 2870
14192 1 1494
14212 1 12149
14232 2 1682
14258 2 1857
14303 1 1086
14312 4 1988
14313 2 5288
14314 1 1929
14315 3 3896
14323 1 1990
14429 2 2422
14458 1 846
14474 2 3842
14482 3 4658
14498 3 1088
14500 2 1554
14515 1 1354
14518 3 1186
14520 12 7541
14522 1 1156
14544 1 501
14561 7 3007
14566 1 658
14621 1 247
14622 1 1462
14693 1 1549
14709 1 1785
14711 2 1117
14716 4 212
14722 1 6567
14757 1 1802
14768 2 1208
14769 2 2384
14771 1 643
14779 3 3250
14782 2 1191
14797 1 2125
14798 2 1575
14818 1 1971
14855 1 2067
14856 1 2080
14877 1 826
14878 1 3248
14998 1 1113
15025 1 507
15029 1 2103
15092 1 2742
15105 1 1198
15118 1 364
15123 1 797
15136 2 875
15245 6 7336
15457 1 1030
15500 2 1215
15511 1 1482
15614 4 3253
15646 1 568
15662 2 2550
15670 1 1155
15840 1 926
15844 1 1278
15849 2 1972
15861 2 290
15887 1 3518
15929 3 398
16084 3 842
16098 1 1575
16166 1 1359
16179 1 763
16183 1 2917
16192 1 1427
16198 1 953
16202 1 1892
16218 1 1177
16235 1 4462
16238 2 11763
16255 1 2187
16285 1 2520
16298 1 1534
16314 1 1260
16372 2 1589
16393 1 966
16433 2 2178
16480 1 1705
16489 1 4179
16490 1 4549
16492 1 3998
16497 2 988
16576 1 1066
16586 1 416
16700 2 3762
16743 1 1505
16767 2 3326
16813 1 4537
16843 1 15992
16850 2 4537
16967 2 1212
16989 1 971
17025 1 2138
17027 1 6203
17042 2 541
17050 1 1042
17051 1 1194
17062 1 3596
17064 2 763
17121 1 6700
17122 1 9203
17147 1 697
17190 1 1264
17246 1 726
17247 1 2453
17248 2 2188
17325 1 1320
17385 1 3998
17398 1 744
17410 1 1752
17423 1 382
17426 1 7075
17494 3 4778
17510 12 13439
17512 1 1383
17521 1 3039
17555 2 14925
17585 1 438
17589 1 12110
17590 3 6514
17605 2 1687
17615 1 740
17633 1 453
17634 1 450
17635 1 663
17636 1 428
17638 1 6007
17641 1 845
17653 5 5954
17667 1 1104
17784 5 1003
17818 1 4410
18029 2 801
18073 1 967
18090 1 1539
18091 1 1496
18092 1 1678
18140 1 787
18228 1 4817
18263 2 2623
18280 1 323
18281 1 953
18324 1 740
18378 1 1181
18381 1 1590
18385 1 6531
18386 3 1587
18387 1 1206
18390 1 1388
18395 1 6885
18422 2 238
18429 1 2153
18431 1 579
18486 4 1075
18490 1 1473
18619 1 1157
18650 1 1648
18652 1 2264
18653 1 4815
18654 2 15696
18660 1 933
18665 2 960
18685 1 4688
18686 1 3449
18708 1 1066
18713 1 1412
18787 1 1516
18845 1 772
18865 1 2334
18954 1 279
18971 1 621
18983 1 583
19080 1 797
19092 1 2849
19149 1 1238
19158 4 1770
19183 1 996
19237 3 1885
19379 1 4781
19383 1 3259
19384 1 5576
19509 1 1523
19558 3 5943
19560 2 8071
19562 2 7991
19610 1 1644
19633 1 217
19664 1 4781
19684 1 2620
19694 5 737
19696 1 634
19704 1 582
19787 1 958
19811 1 313
19859 1 1222
19901 1 1057
19908 1 991
19909 1 1003
19928 1 2193
19943 2 1820
19960 1 1151
19969 1 2159
20015 1 2199
20016 1 3043
20057 3 5239
20152 1 379
20194 1 1431
20225 1 385
20226 1 264
20233 4 3879
20274 1 794
20357 1 1306
20409 1 1186
20569 1 685
20576 1 903
20577 1 1021
20654 1 1589
20655 1 891
20677 1 8655
20684 1 12924
20685 1 959
20686 1 750
20695 1 1111
20705 1 379
20707 3 35797
20708 1 24696
20719 2 500
20730 1 3239
20746 1 2626
20747 1 465
20808 1 1960
20831 1 5707
20880 1 329
20904 1 4287
20907 1 2997
20936 1 2518
20969 2 1019
20981 1 4198
20993 3 415
21058 1 297
21082 1 2229
21101 1 2647
21170 1 744
21204 2 712
21225 1 4913
21280 2 1259
21287 1 982
21299 1 9163
21336 1 4593
21359 3 13839
21422 1 2156
21648 1 6487
21690 1 609
21730 1 1984
21750 1 1034
21833 1 1883
21839 1 4667
21844 1 1026
21845 2 1139
21853 1 999
21861 1 1816
21867 1 1612
21916 1 916
21922 1 2981
21932 1 659
21946 2 1327
21972 1 2236
21981 1 3068
21989 1 2096
21997 2 2196
21998 1 2024
22032 2 4462
22034 1 1880
22055 1 436
22079 1 5115
22087 1 1367
22093 1 10393
22105 2 2168
22115 1 2632
22117 1 381
22137 1 4439
22138 1 4091
22141 2 2921
22177 1 885
22216 1 13756
22224 2 754
22428 1 3769
22457 1 225
22516 1 1048
22528 16 3156
22529 1 556
22535 2 1608
22777 1 1813
22934 1 1223
23016 2 626
23029 2 1645
23125 1 1534
23145 1 1118
23213 1 950
23216 1 946
23357 1 798
23388 1 450
23408 1 5715
23422 1 1581
23459 1 764
23509 1 945
23567 1 2368
23568 1 1244
23588 1 2167
23734 1 1825
24124 1 2547
24203 1 1006
24224 1 416
24251 2 1677
24359 1 494
24374 1 3085
24457 4 5563
24488 1 1218
24518 1 1407
24556 1 2926
24596 1 3667
24668 4 6702
24669 1 2087
24707 1 2560
24716 1 277
24775 1 6446
24785 1 1066
24789 1 4093
24793 1 1676
24803 1 5803
24831 2 1440
24840 3 9627
24842 1 3916
24879 1 557
24886 1 7415
24887 1 7415
24888 1 7415
24914 1 1788
25043 1 1300
25057 1 2293
25060 4 1525
25096 1 734
25110 1 1590
25132 1 436
25175 1 4293
25185 1 794
25235 1 7935
25263 1 777
25300 1 726
25407 1 3649
25422 1 2424
25474 1 3568
25476 1 3033
25477 1 3314
25506 1 915
25507 1 1510
25606 1 776
25691 1 823
25713 3 3056
25804 1 2275
25817 1 1059
25832 1 1204
25882 15 1550
25952 2 729
25966 2 2171
26187 4 263
26220 2 1669
26235 1 3242
26241 2 5926
26319 2 895
26328 1 1245
26419 1 1113
26461 1 830
26498 7 32423
26516 2 2569
26522 3 1759
26624 2 1595
26696 1 931
26722 1 1894
26727 1 4405
26730 1 1483
26755 1 2434
26763 1 887
26767 1 514
26785 2 621
26825 1 2133
26870 1 3124
26904 1 421
26975 2 1997
27035 1 1356
27036 1 6909
27122 1 1117
27173 4 3255
27203 1 306
27270 2 2026
27272 2 1722
27286 1 1789
27287 1 1709
27288 3 1721
27292 1 1239
27308 1 7530
27346 1 401
27475 1 5550
27601 1 1888
27625 1 2383
27700 1 2268
27702 1 937
27704 3 1010
27754 2 521
27785 1 840
27813 1 1873
27827 1 2297
27847 1 942
27853 1 3446
27854 1 916
27862 1 8511
27922 1 969
27992 1 1645
28003 1 1375
28065 1 3068
28085 1 466
28261 1 11790
28266 1 1597
28281 1 1378
28446 1 9326
28466 2 10312
28467 1 8583
28468 1 8583
28469 1 8615
28477 2 3627
28480 1 1670
28565 2 3391
28671 1 1093
28672 1 783
28675 1 1685
28683 1 1939
28703 2 899
28772 1 1602
28822 1 2051
28834 1 1106
28838 2 3316
28918 1 1609
28969 1 546
28991 1 497
28996 1 844
29005 1 382
29011 1 2920
29054 1 761
29104 1 738
29146 1 1559
29396 1 8576
29419 2 2386
29510 1 780
29519 1 8686
29608 1 1950
29623 1 963
29715 1 4501
29721 3 6842
29722 1 9450
29803 1 2905
29970 1 249
29979 1 1172
29982 1 1131
29991 2 10803
30064 2 1072
30065 1 1794
30110 1 1249
30127 3 2006
30129 3 537
30137 1 5022
30182 1 1248
30183 1 405
30193 1 1249
30194 1 1245
30273 1 2533
30277 1 1384
30303 1 5165
30314 1 1766
30354 1 582
30406 1 1136
30452 1 512
30483 2 2924
30506 1 1016
30526 1 4142
30582 1 1273
30592 1 103
30597 1 2235
30649 1 2455
30655 1 535
30695 1 1342
30759 3 1879
30762 1 982
30784 1 319
30797 1 800
30900 1 489
30911 1 821
30975 1 1381
31005 1 423
31052 1 3636
31086 1 1136
31115 2 1682
31256 1 933
31272 1 586
31321 1 710
31325 1 343
31393 2 1881
31395 4 3700
31416 1 1544
31446 1 1347
31518 1 5634
31543 1 2159
31555 1 1195
31572 1 1379
31606 1 2118
31624 1 671
31686 1 1986
31695 2 1371
31703 4 1955
31732 1 400
31744 1 7219
31767 1 1437
31839 1 844
31841 1 1522
31848 1 642
31936 2 3664
31949 1 6125
31961 1 705
32009 1 354
32101 2 51
32121 1 2253
32148 1 2042
32172 2 801
32173 1 840
32193 1 678
32209 1 845
32216 1 1582
32226 2 3217
32231 1 687
32248 1 886
32275 1 856
32301 1 3186
32359 1 1514
32366 2 3530
32367 2 3181
32388 1 24490
32496 1 608
32647 2 906
32653 1 5663
32960 1 1227
32966 1 1131
32972 2 11367
32977 1 895
33069 1 3021
33087 1 797
33109 1 1341
33141 1 1413
33188 1 10275
33190 1 1142
33208 1 1069
33215 1 1134
33237 1 751
33240 1 9576
33249 1 753
33275 1 1122
33310 1 9499
33494 1 11341
33509 2 2659
33522 1 869
33571 1 1163
33625 1 218
33658 1 813
33681 1 859
33700 1 1557
33703 3 18894
33731 1 247
33763 1 2200
33797 1 1450
33811 1 107
33819 1 4941
33831 1 6374
33859 1 7228
33963 1 1093
33981 1 925
34006 1 1068
34018 1 792
34027 1 1328
34052 1 11789
34066 1 1148
34086 2 3765
34096 1 821
34223 1 1760
34246 1 159
34281 1 5326
34309 2 975
34310 2 993
34342 1 5941
34354 6 2232
34365 1 456
34381 1 753
34392 2 3063
34394 1 8616
34445 1 2643
34463 1 620
34464 1 664
34480 1 2110
34524 2 879
34574 3 2252
34575 1 2031
34578 1 2374
34619 1 2069
34645 1 1526
34662 2 1885
34670 1 1968
34673 1 2293
34745 1 3957
34781 2 4211
34784 2 1194
34804 1 3895
34842 1 675
34895 1 1257
34901 2 18201
34928 1 647
34958 1 719
34959 1 618
34972 1 2699
34974 1 931
35132 1 149
35154 1 1597
35345 3 1795
35399 1 6478
35407 1 196
35475 1 12761
35503 1 784
35512 1 414
35524 2 2484
35594 1 898
35660 1 1256
35768 1 1871
35841 2 958
35930 1 908
35932 1 660
35970 2 1846
35983 1 2665
36027 1 7080
36086 2 1084
36113 1 842
36139 1 1353
36149 1 429
36254 1 2032
36291 2 4374
36298 1 1028
36306 2 2219
36331 2 613
36337 1 364
36344 2 1190
36391 3 7515
36394 2 5251
36395 2 5251
36396 2 5251
36397 1 8678
36398 1 8678
36403 1 2989
36404 1 2989
36405 1 2989
36406 1 1238
36407 1 1238
36409 1 1169
36410 1 1169
36415 2 4207
36421 1 675
36429 2 1513
36533 1 1642
36555 1 1255
36600 1 1304
36639 1 171
36701 1 971
36742 1 1373
36774 1 1326
36832 1 4358
36882 1 6259
36945 1 21910
36962 1 5960
36998 1 864
37049 1 872
37067 1 1829
37070 1 2552
37129 1 1098
37182 1 13117
37206 2 2132
37219 1 418
37324 3 5244
37342 1 274
37407 1 1372
37419 4 13883
37423 5 13622
37434 1 6835
37436 1 9722
37454 2 8351
37474 3 732
37479 1 746
37521 2 3207
37523 1 1077
37550 1 1723
37554 1 662
37567 1 2983
37588 2 1267
37594 2 1661
37683 1 1248
37684 1 1530
37694 1 3082
37698 2 5406
37714 2 2598
37887 2 1454
37893 1 7547
37992 1 409
37993 1 461
38012 1 1140
38073 2 1947
38130 1 2260
38137 1 1766
38162 1 7201
38195 1 2948
38226 1 709
38243 1 1851
38258 1 334
38351 1 2567
38358 1 951
38359 1 1335
38360 1 955
38403 1 1800
38404 1 1515
38423 1 751
38445 1 2338
38447 1 2944
38448 1 6071
38452 1 1545
38457 1 1223
38489 1 719
38536 2 1157
38537 1 1111
38561 1 1357
38643 1 1335
38656 1 1164
38699 2 1357
38703 1 646
38715 1 5564
38798 1 1280
38802 1 4212
38812 2 2023
38884 1 2693
38894 1 828
38910 1 7766
38916 1 6621
38929 1 709
38947 1 1466
38999 1 4065
39065 1 606
39070 1 477
39127 2 1657
39149 1 2101
39179 1 2122
39196 1 1333
39238 1 1675
39256 1 1626
39257 1 2445
39264 1 7187
39277 2 2053
39279 1 5440
39283 2 2198
39292 2 4867
39320 1 906
39329 5 32477
39340 1 677
39456 1 1320
39457 1 1408
39474 1 1378
39477 1 1465
39482 6 1937
39524 1 2137
39561 1 896
39586 4 940
39614 1 841
39618 2 1328
39727 2 1539
39782 1 1509
39792 1 1010
39801 1 457
39916 5 1355
39917 1 932
39920 3 1039
39926 1 1489
39952 2 1363
39969 1 1086
39970 1 1979
39977 1 711
40053 1 3632
40097 1 541
40107 1 1049
40132 2 890
40151 2 2200
40193 1 448
40219 1 983
40235 1 194
40248 1 986
40319 1 3414
40320 2 7910
40340 1 794
40414 2 3454
40415 1 663
40435 2 2577
40440 1 977
40538 2 14088
40550 1 3684
40561 1 1537
40644 1 2413
40666 4 1754
40685 1 2772
40695 2 8337
40696 2 6423
40805 1 695
40819 1 10440
40882 1 34
40893 3 1136
40913 1 599
40916 1 529
40959 1 5445
40965 1 616
40993 1 3833
40997 1 1184
41022 1 2587
41032 1 2291
41038 1 877
41052 1 6547
41064 1 651
41101 1 750
41114 1 2690
41131 3 4182
41155 1 985
41159 3 816
41222 1 537
41234 1 1570
41254 2 547
41272 2 995
41679 1 1631
41724 1 1426
41738 1 1731
41746 1 940
41797 1 1275
41837 2 1734
41838 2 718
41842 4 1367
41884 1 964
41891 1 1058
41895 1 855
41945 1 1262
42025 1 9933
42118 2 2292
42129 1 4735
42149 1 9906
42165 1 1084
42185 2 854
42226 6 510
42236 1 1927
42261 2 6604
42309 1 5367
42378 1 623
42383 1 1102
42415 2 893
42424 1 6309
42427 1 579
42441 1 460
42460 1 1971
42473 2 3755
42487 1 1735
42597 3 1554
42601 3 2101
42640 5 12636
42653 1 2753
42676 1 1415
42769 1 8334
42823 3 2264
42870 1 1054
42883 2 997
42894 1 1338
42918 1 435
42921 5 2767
43060 1 818
43064 2 1014
43073 1 382
43076 1 534
43097 1 904
43101 1 933
43119 1 936
43150 1 9162
43174 2 629
43230 4 2504
43261 1 1175
43266 1 768
43268 1 144
43269 2 839
43440 2 1860
43444 2 2757
43446 1 8554
43448 10 5826
43476 1 2726
43477 1 22611
43490 1 1268
43492 1 1324
43494 1 355
43533 1 903
43583 1 569
43606 1 1561
43615 1 1591
43619 1 400
43656 1 4176
43679 1 494
43724 2 3202
43739 1 1071
43785 1 2976
43831 2 479
43918 1 628
43921 3 9448
43934 1 785
43953 1 1000
43961 2 636
43965 1 555
44008 1 787
44011 1 1934
44023 1 1497
44050 1 4928
44116 2 4462
44130 2 6601
44163 1 1618
44258 1 2515
44264 1 502
44289 1 611
44325 2 1073
44332 1 826
44352 1 1264
44353 1 415
44362 2 3685
44370 1 4236
44393 1 234
44429 1 1727
44460 1 709
44466 1 1110
44475 1 1091
44484 1 806
44491 1 1036
44554 1 954
44557 1 186
44749 2 849
44751 1 774
44766 1 239
44770 1 725
44774 1 2787
44775 1 2616
44792 1 3157
44813 1 1238
44873 1 3136
44898 1 618
44900 1 509
44918 4 2627
44925 1 3438
44955 1 7733
44956 4 7041
44957 1 10010
44960 1 1644
44967 1 3619
45072 2 825
45189 1 6148
45203 2 731
45213 1 1282
45216 1 1285
45233 2 1236
45245 1 1068
45249 1 1656
45361 1 707
45392 1 372
45406 1 1233
45409 2 1025
45676 1 11251
45819 1 1265
45858 1 2087
45868 2 965
45875 1 1388
45880 2 2642
45890 1 1518
45961 1 834
45978 2 2264
46046 2 3634
46050 1 188
46077 1 576
46079 2 1905
46083 1 1036
46087 1 1968
46115 1 1300
46153 2 3988
46160 1 1499
46171 1 2235
46331 1 4197
46388 7 81863
46426 1 3573
46461 1 1311
46502 1 1023
46509 3 2154
46609 1 2149
46611 1 2127
46628 1 994
46697 1 1569
46748 1 1902
46754 2 1931
46758 1 762
46773 4 1114
46778 1 838
46794 1 1731
46795 1 783
46827 1 830
46891 1 5171
46905 2 1128
46921 1 854
46977 1 759
47012 1 1990
47078 1 668
47079 1 757
47148 1 1482
47151 2 5857
47157 1 1234
47161 1 1358
47177 4 1679
47181 1 282
47199 1 3686
47239 2 986
47245 1 6757
47257 1 1521
47270 1 2703
47398 2 5716
47455 1 887
47496 1 2373
47498 5 3543
47512 1 1268
47535 1 558
47554 1 912
47557 1 284
47576 1 2029
47654 2 3047
47675 1 541
47681 1 611
47757 1 1609
47910 1 1921
47983 1 576
48002 1 2505
48031 1 4280
48032 1 521
48033 1 661
48078 3 11919
48083 1 876
48085 1 2386
48124 1 1276
48126 1 1791
48180 1 25164
48181 2 1551
48197 2 8238
48209 1 2047
48222 1 3062
48234 1 7467
48362 1 5057
48367 2 1869
48379 2 6270
48475 1 4416
48501 1 3845
48508 1 1328
48545 1 3140
48598 1 412
48601 1 848
48627 1 497
48650 2 6532
48698 1 5259
48720 1 579
48743 2 891
48779 1 3569
48782 1 1152
48818 1 3023
48842 1 1231
48852 1 775
48855 1 1420
48857 1 982
48858 1 3188
48898 1 2208
48914 2 1166
48919 2 5467
48920 3 1976
48951 2 6065
48954 2 4360
48955 2 2415
48969 1 542
49023 1 1908
49053 1 516
49061 1 1867
49062 1 1778
49115 1 400
49120 1 1020
49185 1 1503
49260 1 1319
49267 1 377
49281 1 1836
49283 1 648
49284 1 586
49285 1 634
49286 2 2335
49323 1 5236
49330 2 1076
49345 2 2775
49349 2 2177
49354 2 2334
49393 1 1075
49432 1 181
49469 1 521
49470 1 664
49490 1 834
49504 1 445
49519 1 1422
49613 1 907
49649 1 949
49680 1 5727
49681 1 3266
49768 1 1000
49776 1 9407
49784 1 740
49799 1 1576
49804 3 2520
49844 2 6972
49850 1 950
49906 2 737
49919 2 2203
49923 2 738
49927 1 1460
49931 1 2794
49935 1 757
49939 1 1882
49940 1 1997
49988 1 2850
50007 1 1150
50017 1 2970
50040 1 6696
50060 1 2052
50127 1 917
50144 1 5084
50150 1 407
50175 1 1279
50197 2 2113
50204 2 2083
50218 1 1089
50220 1 1015
50289 1 1659
50291 1 599
50331 1 1304
50404 1 1746
50409 1 2104
50429 1 2393
50430 1 2601
50479 1 482
50515 1 3053
50560 1 788
50645 8 939
50674 1 503
50719 1 2143
50748 1 221
50768 1 708
50774 1 724
50784 1 2392
50812 1 1028
50834 1 3519
50871 4 1144
50878 1 923
50882 1 1190
50916 1 4044
50920 1 1937
50921 2 3926
50922 1 2085
50923 1 2197
50924 1 1807
50925 1 2062
50949 1 1000
50989 1 3307
50995 2 1053
51017 1 3675
51051 1 1177
51052 1 871
51088 1 2484
51095 1 549
51099 1 1212
51140 1 1694
51141 1 1862
51159 1 950
51194 8 2656
51195 5 2015
51232 1 1471
51236 1 1936
51324 3 2010
51348 1 640
51374 4 1269
51435 1 776
51458 1 420
51493 2 1461
51560 1 1283
51621 1 840
51650 1 757
51669 1 931
51674 1 1066
51699 1 1261
51729 1 529
51816 1 4853
51827 2 2148
51993 1 12689
52020 1 5271
52021 1 595
52146 1 10691
52171 2 1538
52184 1 4601
52214 1 6634
52280 1 1474
52406 2 4365
52408 1 1385
52423 1 1405
52452 1 375
52502 11 6875
52548 1 1684
52561 1 52057
52571 1 508
52599 1 4808
52649 1 832
52722 1 2934
52787 1 127
52788 1 696
52801 1 1168
52803 1 1669
52805 1 846
52816 1 1004
52834 1 115
52841 1 489
52848 1 170
52978 1 713
52988 2 24350
53023 1 6088
53037 1 902
53158 1 9225
53164 4 1163
53208 1 935
53241 2 4057
53357 1 1058
53370 1 662
53371 1 2205
53442 3 8599
53452 1 1057
53493 1 8152
53498 1 1581
53543 2 2493
53547 7 898
53610 1 528
53619 1 564
53641 1 776
53647 1 688
53726 1 2312
53753 1 667
53772 1 1100
53780 1 3112
53836 1 1441
53861 1 635
53867 2 1992
53888 1 5712
54048 1 784
54119 1 553
54156 1 740
54183 2 2128
54208 1 1198
54215 1 1866
54279 2 1708
54448 1 1195
54471 1 211
54497 1 1589
54502 1 2792
54527 1 1295
54554 1 2063
54961 1 1281
54981 1 910
55064 1 1985
55082 1 985
55115 1 1111
55118 6 4304
55148 2 975
55321 1 804
55426 1 1303
55443 1 1365
55448 2 323
55496 4 5278
55498 3 5155
55501 1 2314
55502 1 1475
55528 1 1027
55536 1 49965
55614 1 5399
55628 2 2339
55643 1 1214
55656 1 605
55672 1 1335
55679 1 751
55731 2 2515
56102 1 349
56183 2 1942
56184 1 1126
56187 1 1455
56188 2 1498
56190 2 1477
56210 2 505
56212 2 4266
56225 2 1378
56251 1 1666
56267 5 1449
56268 2 612
56282 2 1567
56283 1 1928
56425 1 1074
56426 1 1399
56433 1 1099
56445 1 2121
56482 1 936
56487 1 3333
56489 2 5171
56495 1 1972
56498 2 2455
56503 1 5900
56574 2 902
56584 1 973
56604 2 2210
56607 1 2013
56615 1 324
56638 3 505
56658 1 1079
56702 1 683
56746 1 1394
56802 1 8941
56849 1 1501
56861 1 1250
56866 1 1626
56881 1 4650
56886 1 887
56895 1 3189
56936 1 962
56961 3 7535
56988 1 606
56993 1 1027
57024 1 5130
57217 1 1984
57220 1 1104
57228 1 1834
57231 2 3603
57247 1 437
57401 2 1176
57433 1 990
57450 5 3346
57451 4 3058
57493 3 795
57530 1 2185
57533 1 731
57642 1 1345
57650 1 524
57767 1 1708
57808 2 633
57878 1 3882
57881 1 2310
57892 2 1014
57904 1 1443
57913 2 1261
57914 1 2836
57922 1 480
57930 1 1080
57948 1 5712
57949 1 5712
57950 2 10362
57951 2 10312
57952 1 8583
57953 1 8583
57978 2 943
57989 1 3603
58202 1 1151
58212 1 689
58221 6 8233
58228 1 900
58247 2 19391
58493 1 958
58756 1 680
58772 1 4810
58782 1 2475
58793 1 208
58825 2 1206
58829 1 721
58830 1 2010
58846 2 2959
58889 1 1343
58930 4 1881
59165 1 969
59174 1 1244
59189 2 10518
59203 1 287
59227 1 4022
59275 1 667
59307 2 1547
59309 2 1651
59312 1 649
59348 1 10477
59349 1 8147
59400 24 1212
59404 2 1587
59415 1 902
59430 2 3685
59432 1 696
59433 1 1186
59435 2 1065
59453 4 5553
59469 4 4789
59473 1 4291
59490 1 1051
59505 1 751
59512 1 3204
59516 1 1925
59574 1 1852
59576 1 679
59582 1 1698
59583 1 2857
59584 1 2273
59585 1 1481
59592 1 2574
59594 1 1660
59597 2 1676
59598 2 1721
59600 3 794
59604 1 1752
59612 1 826
59620 1 2013
59621 1 2882
59628 1 1173
59647 1 1537
59665 1 1543
59774 1 1649
59813 1 1702
59831 1 1069
59838 1 432
59843 2 6525
59902 1 1247
59924 1 2257
59986 1 4731
60017 1 1734
60032 2 1691
60044 1 1309
60155 2 11169
60156 2 5280
60171 2 1344
60187 1 1606
60188 2 229
60203 1 539
60216 2 1578
60226 1 2054
60227 1 2086
60232 1 729
60242 1 1441
60266 1 807
60278 1 3357
60315 3 3263
60316 2 3178
60317 1 1935
60318 2 3852
60319 2 4138
60328 1 1340
60330 1 2281
60341 1 1265
60351 1 2113
60372 1 1505
60440 2 1116
60453 1 245
60483 1 648
60487 1 1120
60506 1 4289
60509 1 4010
60528 1 1837
60535 1 994
60537 1 1343
60541 1 1488
60542 1 1829
60562 3 2105
60582 1 1074
60662 2 6202
60708 1 1572
60750 1 12275
60751 1 371
60777 2 3095
60778 2 3600
60787 2 1533
60788 1 1075
60792 1 3202
60825 1 2017
60862 1 4275
60945 4 896
60953 1 2570
60957 1 3093
60963 1 3508
60998 1 2178
61004 1 2305
61017 3 2099
61020 2 13801
61073 3 8875
61156 1 286
61169 3 3257
61186 1 14302
61188 4 29700
61199 1 1761
61227 1 3378
61269 2 8764
61312 1 1301
61321 1 954
61363 2 211
61389 1 4011
61400 2 2056
61418 1 2160
61428 1 8357
61502 1 1871
61523 6 3940
61562 2 526
61628 2 7244
61629 3 1176
61666 1 1012
61669 2 5944
61690 1 2512
61766 2 3802
61802 1 1596
61812 1 476
61817 1 533
61862 1 5528
61867 1 1527
61980 1 920
62010 1 278
62014 1 6015
62044 1 751
62069 1 536
62116 1 949
62138 1 1745
62237 1 918
62238 1 427
62329 1 4513
62376 2 773
62377 1 984
62447 1 738
62484 1 712
62499 2 3759
62554 1 1366
62593 1 2061
62689 2 1217
62759 1 1339
62766 1 8596
62779 1 2483
62788 1 2229
62789 1 3394
62791 1 2675
62839 4 1047
62847 1 1945
62855 1 2001
62865 1 860
62871 2 1931
62981 2 2414
63061 1 5120
63084 1 810
63091 1 599
63121 2 718
63157 1 3445
63159 1 1363
63161 1 1664
63162 1 1516
63248 1 184
63263 1 3119
63266 1 3285
63280 1 3788
63320 1 201
63343 1 1651
63369 1 681
63374 1 910
63580 1 1896
63591 1 1197
63597 1 1946
63613 1 408
63663 1 1347
63737 3 2198
63834 1 3002
63837 1 6313
63856 1 1512
63973 1 2472
64033 1 1242
64052 1 2458
64053 1 2458
64083 1 1054
64294 1 2023
64302 1 2600
64352 2 1020
64447 1 474
64448 1 335
64452 1 1016
64453 1 10145
64462 1 843
64526 2 728
64529 1 3125
64559 1 4363
64562 1 950
64570 2 1583
64924 1 2526
64991 1 292
65008 1 3012
65009 1 3343
65034 1 3956
65063 1 940
65074 2 903
65091 1 2809
65092 2 2579
65093 1 2401
65094 1 2609
65129 1 15643
65265 1 5510
65393 2 534
65447 1 1309
65516 1 1590
65541 1 389
65582 1 731
65664 1 413
65665 1 496
65694 1 420
65719 1 1648
65749 1 2193
65911 1 948
65913 1 1357
65956 1 3157
65963 1 958
65973 1 1049
66053 1 976
66082 1 1232
66088 1 1445
66153 1 1730
66162 1 3524
66169 1 617
66242 2 1963
66253 1 2409
66310 1 8271
66403 2 759
66415 1 6038
66454 1 1171
66515 1 6274
66529 1 1423
66542 1 1829
66557 1 415
66561 1 1657
66570 2 2510
66601 1 1937
66629 1 244
66708 1 1409
66722 8 276701
66732 4 291
66751 3 11896
66805 1 721
66887 1 968
66902 1 955
66936 3 470
66948 1 604
66958 1 1720
66975 1 1249
66976 1 1294
67021 2 6450
67033 1 794
67070 1 1258
67074 1 9837
67090 1 581
67104 2 1228
67119 1 889
67269 1 1199
67273 1 1989
67274 1 746
67275 1 1069
67276 1 1194
67277 1 831
67278 1 982
67313 1 1165
67328 1 1541
67332 2 1624
67338 1 1942
67389 1 1731
67391 1 4824
67392 1 2594
67398 1 728
67402 1 736
67403 1 3316
67415 2 10077
67423 1 1104
67446 1 1396
67453 1 3053
67454 1 5854
67465 1 186
67537 1 1492
67544 1 880
67565 2 1675
67579 1 1444
67582 1 148
67584 4 3111
67595 1 699
67637 2 4061
67639 1 914
67645 1 1830
67763 1 670
67775 1 1816
67806 1 1454
67816 1 650
67836 1 686
67840 1 966
67841 1 1637
67850 1 650
67919 1 868
67959 1 669
67985 1 2304
67986 1 2479
67987 1 2466
67988 1 2356
67996 2 1441
68000 1 1263
68034 1 1526
68046 1 3345
68061 1 3322
68062 2 2785
68063 1 1721
68123 1 1190
68124 1 2400
68125 1 2444
68131 1 467
68141 1 1527
68160 2 6120
68179 1 1413
68199 1 1903
68200 1 422
68227 3 432
68237 1 525
68260 1 1973
68262 1 891
68274 2 942
68278 1 1262
68305 2 3491
68306 1 694
68307 2 1697
68326 2 2529
68327 1 255
68334 1 2381
68336 1 1920
68344 1 6836
68351 1 1158
68355 1 1716
68366 1 643
68368 1 1969
68369 1 11195
68389 3 7515
68390 3 7515
68391 3 7515
68394 1 2458
68395 1 2458
68411 1 1167
68412 1 1167
68440 1 2081
68681 1 4179
68691 1 2365
68708 4 6905
68726 1 875
68751 2 1427
68769 1 470
68776 2 1328
68921 1 697
68956 2 2895
69024 1 620
69065 1 536
69415 1 1152
69416 1 1167
69461 1 345
69515 1 3275
69703 1 550
69721 6 6125
69724 1 917
69823 1 983
69824 2 1647
69890 1 1178
69917 1 3612
70216 1 2736
70224 1 656
70249 1 743
70277 1 1393
70290 1 2102
70295 1 753
70363 1 785
70395 1 1507
70398 2 575
70442 1 4263
70480 1 1306
70615 1 2303
70626 1 1315
70707 1 644
70866 1 759
70886 1 959
70890 1 2440
71013 1 1564
71016 1 1255
71019 1 763
71060 1 2450
71080 1 1970
71137 1 9411
71162 1 1237
71178 1 1731
71189 1 1623
71200 5 2058
71217 1 2704
71225 1 145
71249 2 1532
71268 1 1811
71299 2 1364
71317 3 1023
71419 1 2738
71459 1 2233
71538 1 331
71543 1 2407
71562 1 835
71581 1 1913
71592 1 1183
71630 5 3469
71659 1 1216
71718 1 829
71748 1 679
71790 1 2312
71796 1 785
71806 1 1826
71822 2 1832
71833 1 2056
71847 1 1603
71873 1 1004
71907 1 481
71911 1 5060
71983 1 154
72005 1 1089
72028 1 1317
72039 1 5516
72054 1 437
72077 1 897
72088 1 2347
72096 1 1559
72164 1 1004
72234 1 609
72260 1 1541
72299 1 1853
72352 1 873
72377 1 1912
72379 1 1100
72409 2 511
72497 1 687
72502 2 319
72551 1 1520
72581 1 1872
72582 1 1345
72583 1 1935
72584 1 1934
72585 1 1118
72613 2 1298
72618 1 5500
72619 1 5216
72621 1 656
72633 1 623
72653 1 508
72664 2 870
72695 1 717
72730 1 1020
72731 1 888
72799 1 1643
72806 1 1383
72831 2 6567
72832 1 3890
72843 1 2753
72851 1 889
72878 1 4492
72880 1 1033
72919 1 5881
72958 1 2627
72960 1 3082
72964 1 2090
72983 3 1336
73003 1 903
73017 2 798
73018 1 2302
73019 1 1972
73023 1 1400
73027 3 772
73101 1 5854
73111 1 374
73212 1 2390
73214 1 1029
73242 1 426
73244 2 3654
73361 1 1411
73383 1 308
73387 1 281
73408 1 1378
73413 1 555
73420 1 2204
73473 1 600
73645 1 5683
73657 1 1439
73669 2 1440
73739 5 1045
73751 1 718
73877 1 1442
73945 1 10857
73952 1 1586
73996 1 7920
73998 1 2339
74016 1 3216
74053 2 2613
74105 1 702
74114 1 3421
74161 1 1031
74212 2 649
74232 1 2451
74280 2 582
74283 1 1036
74284 1 1107
74390 2 3030
74401 1 1171
74430 1 1251
74439 1 1488
74543 1 5014
74591 1 3810
74599 1 1187
74605 1 6001
74633 1 854
74635 2 2160
74641 1 723
74676 1 999
74776 2 3788
74780 1 1098
74786 1 879
74798 7 2970
74803 1 6144
74813 1 5631
74818 2 1409
74822 1 5130
74829 1 1083
74874 1 6108
74892 3 1290
75140 1 1565
75147 1 892
75247 1 1491
75306 1 2908
75313 1 1575
75325 1 1661
75414 1 679
75420 2 5660
75529 2 8980
75588 1 1080
75612 1 129
75627 1 424
75670 1 484
75762 2 1634
75763 1 1016
75772 1 1151
75834 1 760
75917 1 1013
75934 1 1639
75938 1 2373
75954 1 3743
76049 1 1651
76061 1 3128
76126 1 1145
76155 1 798
76205 1 3668
76208 1 947
76216 1 188
76223 1 1582
76233 1 1717
76253 3 1465
76259 1 509
76289 1 359
76357 2 2792
76409 1 2559
76435 1 2179
76448 1 5583
76640 1 1656
76751 1 953
76776 1 541
76793 1 5567
76859 2 1863
76869 1 1194
76870 4 1214
76875 1 4263
76910 1 881
76922 1 604
76924 1 239
76935 2 1129
76942 1 367
76964 1 4663
77010 1 6732
77058 1 1110
77074 2 1362
77091 2 1850
77096 1 1129
77124 1 3644
77126 1 1012
77161 2 812
77180 1 5716
77203 1 4646
77204 1 4647
77209 1 4122
77210 1 4271
77211 1 3451
77212 1 3474
77213 1 3532
77214 1 3477
77217 1 925
77218 1 916
77219 1 933
77231 1 2551
77248 1 1903
77388 1 1700
77422 2 626
77450 2 5940
77456 14 13066
77466 1 1607
77474 1 4717
77572 1 1247
77645 1 538
77672 1 434
77675 1 306
77807 1 5880
77817 1 4230
77820 1 878
77836 1 808
77871 1 1096
77961 5 8551
78018 1 779
78030 1 745
78034 1 2796
78063 1 1360
78077 1 662
78113 1 2136
