sensit sensit 2047 65215343 
258 168 56657
375 1 10166
428 2 2978
447 1 431
461 1 5431
500 1 1485
504 5 11283
514 1 1954
529 1 6629
538 1 888
690 1 3348
809 1 691
867 1 750
963 1 2981
1050 1 992
1084 1 1247
1104 1 4937
1118 1 2305
1153 2 6533
1185 4 15836
1210 2 703
1248 1 167
1269 1 5091
1397 1 953
1452 1 6140
1479 1 1207
1504 1 622
1821 1 2804
1991 1 835
2012 1 2745
2013 1 2143
2030 1 1619
2042 1 934
2121 1 4211
2169 1 1619
2233 1 1145
2244 1 2544
2343 1 1153
2352 1 1260
2504 1 5375
2555 1 407
2636 1 1393
2670 1 1152
2674 1 654
2716 1 4798
2754 1 757
2791 1 1385
2986 1 714
3105 2 3023
3134 1 1532
3144 1 1189
3153 1 832
3217 1 2264
3281 1 3667
3383 5 10722
3599 1 11096
3794 2 2141
3847 3 27149
3996 1 1340
4061 1 335
4103 1 264
4187 1 7906
4194 1 531
4279 1 4524
4389 3 564
4461 1 4244
4463 1 4320
4490 1 1394
4509 2 1824
4550 1 3021
4642 2 1398
4697 1 447
4700 1 839
4755 6 1016
4767 2 1552
4795 1 737
4798 1 922
4821 1 2178
4823 1 1869
4833 1 2973
4901 1 26
5109 1 190
5137 1 735
5150 3 1030
5268 2 584
5438 1 1768
5499 1 44062
5543 1 747
5554 1 210
5623 1 788
5895 1 1433
5937 2 772
6183 1 2719
6347 1 1459
6363 1 4787
6529 2 1619
6532 1 147
6558 1 2607
6644 1 1635
6758 1 610
6922 3 1455
7010 1 887
7055 1 2879
7074 1 651
7121 1 3511
7162 4 1574
7491 1 7708
7498 1 2754
7578 1 5752
7685 2 1390
7686 1 1415
7755 1 2141
7758 1 1880
7906 1 1860
7972 1 2206
7975 8 2578
8122 2 5509
8169 2 1622
8228 1 1519
8245 1 774
8289 2 386
8322 2 698
8382 9 19553
8540 1 1253
8559 2 4026
8671 1 1147
8913 2 12589
9005 129 45220
9006 84 34059
9109 1 669
9129 2 438
9182 1 1438
9502 2 860
9602 1 946
9609 1 1117
9670 1 1046
9771 22 1844
9806 2 6009
9814 2 350
9818 2 872
9902 2 1223
9959 2 205
9976 1 542
10001 1 1020
10036 1 3455
10102 1 1336
10105 1 8600
10289 1 8941
10320 1 1015
10457 1 1648
10496 1 1615
11029 3 833
11081 1 1920
11202 1 3466
11257 1 842
11287 5 541
11402 1 595
11403 1 2453
11449 1 782
11564 1 2793
11569 4 6434
11621 1 1133
11733 1 710
11854 1 3272
11858 1 4134
11894 2 643
11967 1 4440
12138 3 18363
12146 1 2689
12208 1 853
12289 1 1759
12309 2 1530
12416 1 1052
12417 1 3309
12418 1 1053
12520 1 6343
12589 1 768
12608 1 516
12628 1 1841
12701 2 7084
12722 1 662
12737 1 669
12760 1 1563
12814 1 46677
12907 1 2394
13058 1 11569
13139 1 685
13383 1 527
13386 1 415
13484 9 1236
13486 1 7532
13508 4 6492
13510 1 1138
13598 1 1521
13656 1 1364
13684 1 12301
13827 2 729
13839 1 1437
13846 1 1850
13897 3 1292
14004 1 1323
14191 1 1859
14281 1 322
14313 1 5288
14622 1 1462
14641 1 897
14658 1 3354
14675 9 1701
14861 1 366
14986 2 914
15075 1 3631
15196 1 8919
15253 1 1272
15277 1 1372
15293 1 5587
15512 1 2017
15869 1 2413
15874 1 673
16137 1 1657
16183 2 2917
16203 1 1469
16204 1 3527
16248 1 761
16257 1 6019
16258 1 7609
16282 2 579
16285 1 2520
16311 1 2173
16362 4 1214
16363 6 1461
16434 1 395
16441 1 138
16481 1 1327
16482 1 1003
16562 1 1204
16872 1 1005
17010 1 3499
17027 1 6203
17122 2 9203
17147 1 697
17167 3 1537
17168 1 3800
17295 1 3426
17350 3 466
17521 2 3039
17555 2 14925
17589 2 12110
17607 1 624
17638 1 6007
17653 2 5954
17661 3 5100
17670 1 5050
17758 24 28986
17784 1 1003
17964 1 1402
18104 1 1218
18116 2 867
18156 2 1412
18308 2 1341
18367 2 1750
18395 1 6885
18408 1 1359
18414 1 1361
18415 1 5822
18483 1 760
18592 1 1762
18654 1 15696
18725 2 1382
18799 3 2303
18850 1 802
18883 1 1727
18899 1 1411
18924 1 3309
18933 1 6035
18966 1 7427
19008 1 1510
19042 1 3327
19075 1 1178
19120 1 850
19133 1 2181
19546 1 2366
19560 1 8071
19632 1 1361
19681 1 10198
19824 1 605
19907 1 674
19961 1 2081
20139 1 1612
20211 1 1460
20310 1 4111
20313 1 803
20425 1 3934
20663 2 2969
20707 2 35797
20807 1 2241
20920 1 1439
20924 2 1135
20925 4 931
21118 1 1749
21164 2 905
21200 9 3347
21241 1 4794
21287 1 982
21363 1 3866
21389 4 3999
21411 2 3667
21475 1 700
21503 1 13267
21563 1 2416
21565 2 369
21770 2 4733
21840 1 6308
21927 1 1212
21934 2 368
21950 2 1511
21988 1 1084
22087 1 1367
22130 3 235
22450 1 867
22535 2 1608
23003 1 912
23126 1 2676
23134 1 2296
23211 1 1665
23453 1 1593
23489 1 7818
23491 2 580
23534 1 830
23752 1 2089
23763 1 3449
23897 1 606
24131 1 212
24222 1 3333
24278 1 651
24279 1 651
24475 1 2124
24506 1 7516
24616 1 6643
24621 1 1848
24674 1 626
24793 1 1676
24865 1 2318
25039 1 368
25062 1 1262
25072 1 587
25096 1 734
25352 1 661
25475 1 3015
25553 1 3595
25599 1 1300
25600 1 1299
25722 1 825
25726 1 775
25736 3 2577
25790 1 1549
25798 4 742
25964 1 4294
26124 1 597
26203 2 970
26248 1 1814
26385 1 2163
26498 1 32423
26687 1 624
26763 1 887
26780 1 1264
26787 2 994
26814 2 1736
26890 1 1680
26929 2 1247
27026 1 1215
27094 1 73
27207 1 1176
27323 1 2478
27461 1 4148
27623 1 2360
27663 1 543
27710 3 812
27847 3 942
27848 1 1948
27885 1 1416
27922 1 969
28005 1 912
28017 1 578
28019 1 1127
28020 1 1130
28022 1 1131
28024 1 1130
28048 1 1522
28261 1 11790
28280 1 2119
28312 2 795
28488 1 147
28695 1 1876
28748 1 836
28797 1 3851
28852 2 425
28881 2 2326
28921 1 1799
29031 2 1192
29141 1 320
29497 1 2942
29518 1 814
29529 3 4211
29631 1 1819
29677 1 1300
29712 1 603
29721 1 6842
29722 1 9450
29802 1 4831
29980 1 1154
30073 1 2480
30130 1 147
30300 1 6017
30577 1 1120
30936 1 2343
30982 2 1788
31065 1 266
31075 1 434
31319 1 308
31416 1 1544
31453 1 1030
31518 8 5634
31554 1 147
31702 1 2004
31793 1 784
31930 1 4739
31949 1 6125
32268 3 369
32271 2 1067
32302 3 3115
32364 1 538
32376 1 3793
32392 1 1641
32484 1 502
32563 1 147
32574 1 2622
32637 1 827
32973 1 594
33004 1 1703
33078 1 5728
33080 1 2203
33228 1 382
33272 1 1656
33514 1 782
33590 1 3769
33663 11 5738
33700 1 1557
33763 1 2200
33786 7 3235
33816 1 651
33817 1 651
33818 1 655
33859 1 7228
33924 2 11847
34052 2 11789
34143 1 2404
34209 1 1701
34331 1 772
34381 1 753
34442 1 1260
34551 1 992
34552 1 2327
34554 1 1390
34661 4 22673
34870 1 976
34922 2 900
34963 1 754
34972 1 2699
35039 1 2773
35149 1 9307
35324 1 373
35334 1 4418
35388 1 868
35461 1 1748
35489 1 1348
35520 1 1193
35592 1 826
35602 1 651
35721 1 515
35820 1 1281
35869 1 979
35937 1 4486
36033 1 3256
36082 1 1049
36096 1 914
36109 1 12698
36175 1 1254
36224 1 979
36249 1 2162
36376 1 304
36379 1 1733
36403 1 2989
36404 1 2989
36405 1 2989
36590 1 5680
36628 1 4247
36685 1 3543
36732 1 18263
36755 1 886
36797 5 6365
36826 1 657
36932 2 1538
36946 1 651
37066 1 767
37110 1 1233
37193 11 4630
37243 2 183
37267 1 1801
37319 3 2048
37325 1 5474
37419 1 13883
37426 1 1141
37427 1 7481
37482 3 1150
37566 1 1800
37567 2 2983
37610 3 1252
37660 2 1105
37684 1 1530
37695 1 1123
37698 1 5406
37833 1 916
37893 2 7547
37928 1 3618
37932 2 17484
37978 1 401
38001 1 978
38024 1 1239
38025 1 2248
38030 1 894
38105 2 1881
38166 1 1380
38309 4 1508
38328 1 776
38339 1 1676
38408 1 2338
38436 1 970
38571 1 823
38574 1 2305
38586 1 3019
38603 1 780
38608 12 4302
38611 2 5792
38634 1 738
38660 1 1365
38673 1 651
38699 1 1357
38712 1 9962
38731 1 818
38785 2 483
38786 1 2614
39002 1 1086
39129 1 1061
39139 1 280
39190 1 710
39264 1 7187
39273 1 1081
39292 1 4867
39301 1 12335
39329 1 32477
39432 1 458
39465 2 984
39473 1 461
39510 3 1784
39523 1 852
39529 1 877
39557 1 1481
39618 6 1328
39622 1 579
39625 3 755
39661 2 512
39702 1 949
39715 2 797
39797 1 2288
39978 1 30166
39999 1 4187
40164 2 886
40183 1 1540
40198 1 5290
40241 1 651
40242 1 375
40249 1 903
40254 1 2478
40287 1 10480
40298 2 1191
40301 2 1617
40304 1 397
40308 1 533
40320 6 7910
40412 2 2785
40435 1 2577
40541 1 4650
40550 1 3684
40595 2 1611
40630 1 5684
40695 1 8337
40901 2 712
40907 1 588
40921 1 811
40986 1 693
40993 2 3833
41013 1 2867
41067 1 949
41082 1 498
41103 1 2097
41110 2 381
41123 1 2499
41257 1 630
41273 1 1001
41337 2 735
41368 1 1320
41797 1 1275
41853 1 4530
41907 1 651
42112 1 1065
42149 1 9906
42277 1 1075
42312 2 2174
42422 1 5724
42438 2 506
42473 2 3755
42529 1 587
42769 1 8334
42774 1 5633
42835 1 2837
42926 1 1178
43022 1 798
43124 1 842
43160 2 1940
43332 1 994
43552 1 820
43681 1 651
43698 1 182
43703 8 168
43796 1 5679
43890 1 2794
43970 1 808
44012 1 2752
44107 1 1972
44116 1 4462
44253 1 2425
44269 1 271
44428 1 1638
44447 1 1998
44463 1 552
44534 1 1427
44542 1 1169
44780 1 3261
44877 1 2904
45079 1 754
45091 1 602
45322 2 682
45461 1 892
45484 1 564
45487 1 863
45494 1 928
45606 1 1351
45609 1 1092
45694 1 469
45824 1 2571
45891 2 1092
45924 2 1296
45951 1 762
45956 1 4392
46388 2 81863
46426 1 3573
46446 1 665
46469 1 702
46551 2 8597
46611 1 2127
46615 6 3442
46631 1 535
46644 1 773
46807 1 977
46808 1 976
46809 1 883
46942 2 1392
47012 1 1990
47148 1 1482
47257 1 1521
47270 1 2703
47514 1 407
47526 1 967
47559 1 11224
47767 2 392
47914 2 878
48031 1 4280
48086 1 1062
48124 1 1276
48249 1 444
48413 1 3524
48416 1 1759
48454 1 2048
48473 1 364
48701 1 802
48703 2 2166
48777 3 2052
48947 3 836
48966 1 971
49228 1 2111
49332 1 1151
49381 1 2611
49388 1 721
49392 1 4953
49393 1 1075
49827 1 721
49860 1 2471
49919 6 2203
49932 1 1098
49940 1 1997
50123 1 1225
50169 1 793
50196 2 3087
50207 3 2916
50208 1 795
50220 1 1015
50223 1 6104
50246 2 1315
50344 2 2334
50360 3 1096
50370 1 2048
50521 1 2941
50546 1 1843
50894 2 1267
51030 2 2989
51066 1 2595
51096 1 1043
51112 1 1214
51121 1 1534
51231 1 1305
51237 2 2338
51301 1 765
51305 1 1663
51494 1 905
51524 1 1734
51721 6 805
51799 2 1021
51816 1 4853
51862 3 958
51884 1 651
51993 1 12689
52026 1 1300
52100 1 2791
52212 2 782
52313 1 1351
52386 1 3359
52403 1 1953
52483 3 894
52502 1 6875
52585 1 777
52722 1 2934
52804 1 4622
53034 1 2302
53091 2 1258
53217 1 2450
53248 1 5457
53330 1 1075
53438 2 5686
53742 2 1066
53916 1 667
53927 1 147
53934 1 1246
54106 1 1165
54171 1 1740
54248 2 789
54375 1 5885
54376 1 664
54399 2 5059
54482 1 784
54509 1 3235
54553 1 2793
54556 1 1505
54566 1 8702
54935 1 976
54968 1 481
55063 3 17333
55122 3 4413
55317 1 1034
55318 1 977
55536 1 49965
55549 2 998
55628 2 2339
55660 1 679
55724 1 378
55737 1 590
55753 1 4189
55911 11 618
56019 1 2130
56181 2 1977
56187 1 1455
56227 2 1370
56232 1 1384
56293 1 457
56468 1 697
56489 2 5171
56630 1 3641
56691 4 459
56785 1 706
56831 1 844
56833 1 865
56885 1 1894
56975 1 1351
57009 1 1467
57032 2 1178
57226 1 11510
57243 1 783
57359 1 1917
57407 1 2637
57511 1 2052
57634 1 2122
57660 4 6533
57843 1 1480
57927 1 448
57945 1 2600
57965 2 3015
57974 1 1235
58001 1 608
58411 2 611
58716 1 512
58720 1 862
58724 1 679
58775 1 320
58786 1 1487
58874 1 1816
58927 7 599
58936 1 1464
59072 3 10092
59081 1 1600
59263 1 5357
59347 2 9699
59349 1 8147
59350 1 8331
59387 2 1937
59439 1 1220
59452 1 1493
59488 2 1183
59562 1 820
59583 1 2857
59590 1 1196
59611 2 1014
59662 2 14951
59685 1 748
59706 1 1415
59777 1 6060
59810 2 741
59814 1 980
59832 1 1496
59843 1 6525
60016 2 1377
60066 6 4785
60166 1 1269
60172 1 1266
60181 1 1881
60224 1 8194
60304 2 1261
60407 1 486
60466 1 1155
60661 1 4572
60804 1 1666
60893 1 172
60910 1 2877
61095 1 1306
61117 1 2465
61157 1 783
61186 1 14302
61188 4 29700
61263 1 1798
61269 1 8764
61354 2 732
61441 1 825
61556 1 3140
61639 1 958
61668 4 11710
61690 1 2512
61695 1 1456
61725 2 617
61783 1 691
61788 1 1126
61821 2 3538
61833 2 7073
61836 1 807
61845 1 3591
61924 1 6503
62048 1 389
62114 2 939
62115 1 755
62121 2 1683
62181 1 411
62187 3 9768
62223 1 576
62310 1 3144
62629 1 815
62789 1 3394
62848 2 1515
62929 3 5384
62988 1 1646
63076 1 3881
63092 1 798
63137 1 3259
63226 1 243
63303 1 1198
63310 1 2477
63555 1 7057
63648 2 7209
63654 1 1086
63690 1 3198
63709 1 2193
63861 1 591
64273 2 1659
64300 1 656
64325 1 1028
64434 2 870
64453 7 10145
64476 1 704
64590 1 2177
64677 1 558
65257 1 1601
65377 1 589
65470 1 570
65474 2 1571
65552 1 570
65576 1 4667
65684 42 17249
65818 1 1668
65933 1 1896
65944 1 4400
65945 1 2536
65948 2 397
65971 1 1398
66125 1 1619
66154 1 1614
66219 1 1200
66277 2 1687
66335 1 464
66344 2 619
66376 1 1935
66379 1 2917
66444 1 3410
66559 5 5776
66579 1 1543
66598 1 1411
66662 1 642
66742 1 3877
66751 1 11896
66794 1 1303
66797 3 1766
66801 2 3195
66844 2 1550
66953 1 1274
67047 1 2295
67189 2 1207
67263 1 1563
67451 1 2767
67655 2 1887
67657 1 1981
67692 1 1120
67701 1 3309
68000 1 1263
68025 1 2357
68049 1 2229
68116 1 4818
68119 1 6225
68132 3 2295
68138 1 1799
68159 1 6709
68278 1 1262
68305 1 3491
68321 1 1535
68446 1 3669
68661 1 2157
68690 1 1253
68698 1 1633
68708 1 6905
68748 1 404
68916 4 2291
68964 1 11197
69092 1 475
69331 1 1693
69538 1 1049
69709 1 889
69710 1 5755
69855 1 1583
69990 2 3720
70067 2 2001
70117 2 685
70223 1 2061
70277 1 1393
70313 10 2371
70385 1 218
70430 1 1501
70448 1 2617
70481 1 2683
70482 1 651
70591 1 4584
70841 2 8361
70994 1 761
71050 1 3333
71078 1 9605
71178 1 1731
71184 1 3046
71185 1 2946
71208 1 442
71211 2 1670
71256 1 1259
71343 2 1350
71443 1 486
71585 1 988
71794 1 812
71797 2 2293
71802 1 1017
71988 1 2427
71997 1 614
72019 1 777
72095 1 601
72141 3 834
72263 1 563
72279 1 1454
72280 1 1053
72284 1 6759
72290 1 651
72291 1 651
72294 1 1227
72353 1 1879
72382 1 4049
72402 1 1487
72407 1 589
72498 12 11873
72513 1 4800
72858 1 1852
72899 1 20275
73029 1 1248
73032 1 1083
73033 1 1060
73333 3 1006
73356 1 748
73536 1 850
73676 1 2052
73877 3 1442
73966 1 1422
73996 1 7920
73997 1 10376
74049 1 844
74065 1 2514
74158 1 1846
74224 1 571
74270 2 1439
74399 1 813
74403 1 353
74572 2 8808
74592 1 599
74642 1 586
74730 1 351
74769 1 281
74811 2 1038
75199 2 1294
75248 1 1379
75266 1 1325
75294 1 671
75420 2 5660
75534 1 9607
75552 1 3849
75676 1 656
75920 1 4335
75931 1 1439
75938 1 2373
76079 1 709
76081 1 1493
76083 1 84
76094 1 1404
76143 2 3616
76169 1 661
76217 1 3579
76357 1 2792
76411 2 6346
76448 1 5583
76449 3 6086
76455 1 1356
76594 3 1805
76615 1 3913
76656 1 4057
76670 8 2879
76793 2 5567
76858 1 723
77023 1 2768
77053 1 995
77058 1 1110
77189 1 26
77198 3 980
77243 1 355
77407 1 1130
77409 1 1148
77960 1 527
78121 2 3206
