sampl sampl 8835 65215343 
3 1 931
52 1 1874
78 1 902
79 1 1195
84 2 2015
86 1 1442
125 2 1436
131 1 14882
132 2 13051
147 1 3893
179 4 822
228 2 1439
239 1 147
242 8 2344
248 1 5568
256 8 8243
258 68 56657
327 1 2668
328 1 753
340 1 2546
359 1 1896
368 1 946
371 1 984
409 1 489
410 1 328
411 1 356
412 1 288
424 1 2481
429 2 3151
433 1 1676
437 2 480
473 1 5126
474 1 3627
475 2 1753
476 2 1866
477 1 3143
492 2 407
504 8 11283
557 1 3639
614 2 539
616 5 853
624 3 6440
647 1 974
670 1 821
687 5 329
726 2 1173
771 4 104
812 1 581
886 1 5811
895 1 1608
904 1 434
908 1 1287
982 1 2403
1000 31 2589
1085 1 5635
1094 1 705
1118 2 2305
1138 2 803
1153 1 6533
1212 1 352
1213 1 3659
1217 1 737
1250 1 161
1260 1 198
1262 1 1096
1320 1 2908
1342 1 275
1378 1 643
1433 1 1522
1476 1 1049
1556 5 151
1573 1 2363
1575 1 286
1577 1 224
1579 1 448
1580 1 318
1588 1 590
1590 1 87
1591 2 228
1607 2 840
1621 1 275
1647 1 10572
1659 1 2425
1769 2 241
1771 1 571
1773 2 342
1776 1 220
1787 1 184
1788 2 219
1820 1 740
1824 1 714
1895 1 1092
1936 1 892
1961 1 1096
1973 5 16948
1983 2 5638
2012 9 2745
2013 6 2143
2015 1 1644
2040 1 209
2047 1 132
2073 2 1294
2155 1 901
2164 1 1939
2186 1 747
2216 1 2877
2226 1 1993
2227 1 1993
2228 1 1993
2231 1 899
2236 2 1793
2330 1 113
2331 1 225
2332 1 101
2341 1 1394
2343 1 1153
2350 1 692
2401 2 8256
2414 3 1645
2436 1 474
2441 2 7506
2443 1 1069
2472 1 689
2474 2 1823
2476 9 842
2477 10 1144
2478 13 1268
2484 2 351
2509 1 772
2518 1 2175
2534 5 229
2552 1 713
2593 1 942
2594 1 1063
2595 1 1834
2597 2 1557
2598 4 1523
2636 1 1393
2637 1 995
2676 1 477
2695 1 2852
2714 7 1489
2769 1 898
2820 2 212
2989 1 2074
3007 1 909
3061 1 935
3076 1 253
3077 1 448
3078 1 401
3079 1 522
3080 1 411
3094 1 1813
3105 1 3023
3106 1 3092
3108 2 2991
3158 2 1946
3162 1 272
3171 2 1390
3217 1 2264
3274 1 339
3295 7 2429
3322 1 6038
3351 1 657
3366 1 313
3376 1 1139
3409 2 3574
3563 1 1688
3668 1 8976
3671 2 4789
3704 1 191
3727 3 17097
3748 1 990
3754 1 835
3767 1 1085
3794 1 2141
3843 4 369
3953 1 3340
4000 1 6980
4051 1 2046
4087 1 1383
4088 1 1023
4090 1 160
4093 2 511
4109 1 467
4348 1 3712
4367 1 1283
4422 1 2597
4459 4 4138
4460 3 3587
4461 4 4244
4462 3 6187
4463 7 4320
4479 1 2646
4485 3 2100
4560 4 796
4577 1 173
4578 1 130
4588 1 782
4589 1 716
4597 3 462
4610 1 1311
4636 1 1557
4657 1 864
4752 2 5044
4753 1 5716
4778 1 960
4900 2 1550
5066 1 521
5067 1 1224
5068 1 196
5069 1 128
5070 1 128
5071 1 99
5084 1 257
5162 1 1191
5195 1 1844
5222 1 1187
5230 1 913
5254 1 916
5273 3 3302
5284 2 507
5289 10 660
5312 1 583
5324 1 815
5331 4 1325
5332 1 717
5335 2 1367
5386 1 1742
5463 1 882
5518 2 2428
5534 26 728
5538 1 1629
5556 1 194
5565 1 792
5580 1 6581
5640 2 225
5653 1 583
5654 2 1031
5663 1 645
5789 1 2097
5819 3 1816
5842 1 1750
5843 1 2680
5860 1 1573
5862 1 2267
5894 1 4730
5901 1 866
5958 6 1664
5976 1 336
5977 1 344
5978 1 821
5979 1 317
5980 1 538
5986 1 984
5993 1 1055
6007 1 594
6014 2 3067
6019 1 820
6063 1 1839
6076 1 3091
6101 1 1241
6102 1 651
6164 1 2727
6165 1 4900
6169 1 857
6176 2 1652
6177 1 916
6185 1 158
6186 1 155
6187 1 155
6188 1 154
6189 1 159
6190 1 159
6191 1 154
6192 1 158
6193 1 156
6194 1 158
6195 1 159
6196 1 164
6197 1 159
6198 1 159
6199 1 159
6200 1 158
6201 1 158
6202 1 159
6203 1 155
6204 1 154
6205 1 159
6206 1 155
6207 1 159
6208 1 154
6209 1 160
6210 1 158
6211 1 158
6212 1 165
6213 1 155
6214 1 159
6215 1 160
6216 1 160
6217 1 159
6218 1 165
6219 1 159
6220 1 158
6221 1 158
6222 1 158
6223 1 159
6224 1 158
6225 1 159
6226 1 164
6227 1 155
6228 1 159
6229 1 158
6230 1 159
6231 1 160
6232 1 155
6233 1 155
6234 1 155
6235 1 154
6236 1 159
6237 1 158
6238 1 160
6239 1 158
6240 1 156
6241 1 155
6242 1 164
6243 1 158
6244 1 164
6245 1 157
6246 1 155
6247 1 158
6248 1 155
6249 1 159
6250 1 165
6251 1 158
6252 1 165
6253 1 159
6254 1 158
6255 1 155
6256 1 159
6257 1 158
6258 1 159
6259 1 158
6260 1 159
6261 1 158
6262 1 156
6263 1 160
6264 1 155
6265 1 158
6266 1 154
6267 1 158
6268 1 158
6269 1 165
6270 1 157
6271 1 159
6272 1 158
6273 1 159
6274 1 156
6275 1 160
6276 1 158
6277 1 158
6278 1 159
6279 1 159
6280 1 161
6281 1 159
6282 1 158
6283 1 159
6284 1 158
6285 1 158
6286 1 156
6321 1 443
6329 1 3134
6345 1 1508
6362 1 2640
6363 2 4787
6364 2 7210
6367 1 154
6368 1 158
6369 1 153
6370 1 157
6371 1 154
6372 1 153
6373 1 158
6374 1 157
6375 1 163
6376 1 158
6377 1 154
6378 1 153
6379 1 157
6380 1 157
6381 1 158
6382 1 163
6383 1 155
6384 1 154
6385 1 157
6386 1 153
6387 1 153
6388 1 157
6389 1 157
6390 1 157
6391 1 154
6392 1 157
6393 1 163
6394 1 157
6395 1 157
6396 1 157
6397 1 158
6398 1 157
6399 1 158
6400 1 159
6401 1 156
6402 1 157
6403 1 164
6404 1 163
6405 1 159
6406 1 157
6407 1 153
6408 1 157
6409 1 158
6410 1 154
6411 1 157
6412 1 158
6413 1 163
6414 1 163
6415 1 158
6416 1 164
6417 1 158
6418 1 158
6419 1 163
6420 1 154
6421 1 158
6422 1 157
6423 1 153
6424 1 154
6425 1 155
6426 1 157
6427 1 157
6428 1 163
6429 1 155
6430 1 154
6431 1 158
6432 1 160
6433 1 158
6434 1 159
6435 1 155
6436 1 159
6437 1 164
6438 1 163
6439 1 170
6440 1 164
6441 1 161
6442 1 163
6443 1 165
6444 1 170
6445 1 164
6446 1 160
6447 1 160
6448 1 164
6557 1 1488
6558 3 2607
6559 2 1745
6560 1 877
6583 1 7454
6829 1 834
6945 4 3654
6969 31 1724
6985 1 1013
7009 1 629
7011 2 925
7028 1 1722
7029 1 1173
7031 1 1107
7032 1 1787
7033 1 1085
7034 1 864
7067 1 1340
7156 6 761
7283 1 2390
7284 2 3123
7287 1 4774
7288 1 1137
7426 10 458
7509 1 1081
7510 2 1175
7511 1 2036
7512 1 2037
7516 1 267
7519 1 465
7523 1 238
7605 1 780
7679 1 564
7728 2 1453
7802 2 1216
7893 1 122
7894 1 182
7895 1 110
7896 1 157
7937 1 1347
7948 1 2839
7955 3 1555
7969 1 1771
7973 1 774
7975 1 2578
8001 1 566
8051 1 1966
8066 1 580
8078 2 948
8081 2 203
8146 1 1848
8167 1 1117
8234 1 369
8278 1 2385
8332 2 1567
8370 1 2235
8372 1 3639
8388 1 2999
8411 1 432
8412 1 445
8460 2 2825
8470 1 1947
8519 1 157
8520 1 135
8528 1 654
8529 1 661
8530 1 123
8531 1 745
8536 1 122
8537 1 122
8550 1 1456
8579 2 8222
8608 1 971
8609 2 173
8630 1 989
8658 1 338
8668 1 1779
8690 1 879
8709 1 510
8727 2 90
8765 1 1159
8825 1 689
8852 1 1447
8866 1 515
8884 2 1640
8929 1 425
8937 1 1958
8982 1 1516
8983 1 1450
8993 1 2404
9005 51 45220
9006 34 34059
9016 1 1181
9087 1 730
9089 1 732
9106 1 1688
9111 1 731
9134 2 337
9177 1 634
9178 1 266
9179 1 546
9201 1 1485
9206 2 3079
9275 1 1311
9289 2 1772
9292 1 3389
9293 2 1715
9294 1 3543
9316 1 4281
9324 3 4421
9325 3 4336
9346 1 1930
9359 13 1309
9364 1 1435
9375 3 509
9378 1 746
9403 1 3133
9421 1 508
9447 3 762
9498 1 662
9509 5 311
9552 3 1520
9561 1 26
9562 1 23
9590 2 659
9598 1 1062
9602 1 946
9641 4 525
9657 1 1060
9659 10 10789
9665 1 166
9673 1 700
9713 1 1813
9717 1 950
9718 1 922
9721 1 1652
9736 1 1415
9749 2 752
9806 1 6009
9814 2 350
9815 2 509
9832 1 2376
9886 1 3914
9908 1 673
9954 1 3197
10017 2 658
10018 2 1420
10048 2 543
10073 3 1739
10101 1 12486
10104 4 780
10122 1 2093
10152 2 2697
10214 1 129
10215 1 146
10220 1 689
10221 1 727
10222 1 122
10225 1 846
10233 1 111
10252 1 1476
10280 1 1373
10374 1 9128
10405 3 808
10456 3 2992
10460 1 875
10462 6 610
10475 2 747
10518 1 410
10639 1 293
10640 1 1072
10656 2 3117
10662 1 1275
10667 1 1994
10702 1 213
10728 1 1305
10763 1 2030
10765 1 157
10766 1 163
10767 1 157
10768 1 154
10769 1 157
10770 1 156
10771 1 158
10772 1 157
10773 1 158
10774 1 158
10775 1 157
10776 1 157
10777 1 157
10778 1 156
10779 1 157
10780 1 158
10781 1 159
10782 1 157
10783 1 164
10784 1 165
10785 1 154
10786 1 154
10787 1 155
10788 1 157
10796 4 5414
10851 2 1623
10861 1 3297
10888 1 331
10906 1 7912
10935 1 1225
10954 4 2770
10977 9 1721
10981 1 639
11034 3 474
11062 1 1457
11082 35 415
11090 5 1126
11119 1 1442
11131 1 4066
11141 1 2089
11142 1 1105
11215 2 270
11251 3 212
11284 1 883
11303 1 1172
11362 3 2542
11499 1 1089
11503 5 2514
11552 1 1095
11553 1 1065
11566 1 877
11579 1 30
11617 1 566
11628 9 1714
11660 5 126
11680 1 1050
11683 1 1104
11693 4 762
11704 1 759
11759 1 2876
11869 1 2608
12098 1 178
12138 4 18363
12156 1 13898
12164 31 3148
12165 2 1159
12171 1 5724
12192 1 510
12223 2 6167
12225 3 196
12244 1 393
12250 1 108
12266 2 187
12269 8 488
12270 2 393
12283 2 935
12324 1 980
12326 3 4527
12331 1 3864
12374 1 814
12378 3 835
12394 1 1962
12410 1 455
12436 1 1371
12456 2 4543
12461 1 455
12482 1 164
12492 1 1681
12498 7 3985
12499 5 3780
12526 1 21005
12607 1 1153
12647 3 4896
12665 1 1942
12668 1 1012
12680 54 1610
12697 1 1979
12699 1 1939
12700 10 11926
12726 1 651
12748 1 3182
12750 1 1084
12751 1 5083
12753 2 3395
12754 1 1143
12759 1 1866
12807 1 2985
12808 1 3060
12816 1 1426
12907 1 2394
12915 1 1083
12926 2 389
13038 1 854
13058 1 11569
13062 1 2827
13094 1 1335
13105 1 2565
13173 2 7475
13204 1 1820
13205 1 2644
13206 1 1206
13208 1 2020
13210 4 1144
13255 1 828
13343 1 5631
13380 1 1436
13382 1 1460
13384 2 294
13386 1 415
13388 5 1360
13392 1 617
13415 1 1087
13419 2 1910
13450 2 1581
13453 1 24
13457 1 706
13461 3 649
13463 2 3262
13498 1 587
13529 2 119
13535 5 2364
13568 2 791
13614 1 1453
13659 1 3326
13684 95 12301
13786 1 135
13825 4 1811
13844 1 2190
13884 1 109
13886 1 3122
13930 1 449
13965 1 3628
13978 1 784
13982 1 3750
14000 1 859
14030 1 733
14033 1 955
14034 1 2239
14068 2 2470
14072 12 651
14080 2 51830
14105 8 9306
14176 1 2211
14191 1 1859
14203 1 597
14204 1 525
14247 1 1300
14248 1 321
14249 1 318
14250 1 236
14251 1 317
14252 1 371
14282 2 691
14312 2 1988
14313 1 5288
14314 2 1929
14315 1 3896
14346 1 1278
14503 1 626
14585 1 935
14604 1 1059
14622 1 1462
14632 1 385
14649 2 3074
14719 4 769
14739 1 919
14763 1 1468
14991 1 320
14992 6 500
15000 1 677
15048 1 892
15079 1 78
15137 1 2521
15138 1 1573
15140 2 1513
15146 1 2156
15148 1 847
15149 1 846
15200 1 554
15209 1 2739
15216 1 707
15222 7 468
15244 3 5618
15246 1 1182
15264 2 675
15437 3 624
15496 1 1821
15548 1 400
15549 1 339
15550 1 454
15571 2 3116
15572 1 3411
15575 3 3094
15591 2 664
15614 1 3253
15615 1 3882
15624 1 1071
15678 1 157
15679 1 158
15680 1 160
15681 1 165
15682 1 157
15683 1 164
15684 1 159
15685 1 158
15686 1 158
15687 1 158
15688 1 154
15689 1 159
15690 1 158
15691 1 160
15692 1 159
15693 1 156
15694 1 160
15695 1 165
15696 1 158
15697 1 159
15698 1 158
15699 1 159
15700 1 159
15701 1 158
15702 1 155
15703 1 158
15704 1 158
15705 1 159
15706 1 159
15707 1 154
15708 1 158
15709 1 154
15710 1 1672
15711 1 1636
15712 1 157
15713 1 152
15714 1 162
15715 1 153
15716 1 162
15717 1 157
15718 1 157
15719 1 157
15720 1 153
15721 1 156
15722 1 157
15723 1 156
15724 1 156
15725 1 156
15726 1 156
15727 1 156
15728 1 156
15729 1 163
15730 1 157
15731 1 1798
15732 1 1772
15733 1 521
15734 1 2035
15735 1 2037
15736 1 3238
15737 1 3706
15738 1 1218
15739 1 1220
15740 1 1131
15741 1 1130
15742 1 2329
15743 1 2329
15744 1 2328
15746 1 1020
15820 2 530
15826 1 1438
15881 1 7036
15886 1 1047
15915 1 623
15973 1 454
16005 1 459
16020 1 1631
16036 2 684
16037 35 409
16088 1 1277
16092 2 1157
16100 1 1483
16117 1 2540
16126 17 2272
16127 1 483
16128 1 987
16183 1 2917
16201 1 3976
16212 2 494
16220 2 1648
16276 1 3744
16284 1 1751
16312 1 792
16317 1 857
16325 1 1100
16341 2 9421
16359 1 486
16364 1 183
16385 1 1811
16405 2 1015
16423 1 793
16440 1 1049
16475 1 2055
16476 2 664
16482 1 1003
16489 1 4179
16490 1 4549
16491 6 6610
16499 1 1594
16502 1 561
16509 1 1890
16529 1 559
16533 1 1331
16622 1 192
16624 1 1916
16625 1 1578
16632 1 1018
16635 1 7678
16722 2 5137
16733 1 1326
16780 1 2693
16810 1 2137
16845 1 8711
16865 1 1183
16895 2 1762
16925 1 1943
16958 3 5800
16966 1 809
16979 1 915
17004 1 2316
17005 1 2314
17006 1 1202
17009 1 3115
17016 1 813
17021 1 1973
17027 1 6203
17058 1 1516
17066 2 1101
17111 1 1220
17146 1 692
17157 1 1062
17158 16 2334
17165 1 379
17174 3 1157
17182 1 3085
17189 1 5992
17211 1 2036
17212 1 2040
17221 1 1117
17270 2 297
17271 1 370
17273 1 385
17275 1 368
17277 1 430
17287 1 160
17288 1 490
17290 1 167
17359 1 667
17402 2 3104
17441 1 2608
17518 2 444
17567 1 597
17569 1 514
17589 1 12110
17608 13 1036
17624 1 1483
17628 2 710
17648 7 1079
17682 1 1732
17683 1 2520
17684 2 2134
17736 1 1309
17758 9 28986
17794 1 278
17796 1 673
17817 5 6494
17849 2 1534
17876 1 1647
17943 1 1248
17961 1 1859
18034 2 3151
18036 2 3329
18070 1 1477
18083 1 608
18113 1 811
18116 1 867
18120 2 540
18132 1 1192
18149 1 1111
18155 1 339
18174 1 1018
18176 1 2271
18177 1 2271
18178 1 2270
18179 1 2271
18180 1 156
18181 1 154
18182 1 157
18183 1 157
18184 1 158
18185 1 157
18186 1 157
18187 1 158
18188 1 153
18189 1 157
18190 1 158
18191 1 157
18192 1 158
18193 1 157
18194 1 157
18195 1 164
18196 1 154
18197 1 157
18198 1 163
18199 1 157
18200 1 157
18201 1 158
18202 1 157
18203 1 157
18204 1 163
18205 1 157
18206 1 158
18207 1 158
18208 1 154
18209 1 158
18210 1 160
18225 1 843
18286 1 403
18287 1 1632
18318 12 434
18326 1 6203
18327 1 1514
18331 1 3395
18355 16 1022
18356 10 502
18357 18 824
18388 10 1439
18517 1 1038
18581 2 3194
18639 1 1434
18670 1 1046
18681 1 1069
18733 3 1012
18798 1 4126
18827 1 1355
18840 2 4890
18846 1 1136
18853 2 1536
18867 1 948
18886 1 1074
18930 1 2682
18984 6 393
19061 5 2713
19079 1 16454
19085 1 1003
19094 1 3568
19108 19 692
19139 1 1528
19234 1 518
19307 3 983
19413 1 1698
19504 7 6279
19545 2 9624
19559 1 6375
19563 1 5781
19572 1 351
19573 1 216
19574 1 643
19575 2 253
19576 1 767
19577 1 257
19578 1 394
19685 1 4688
19687 2 2998
19806 1 334
19852 1 252
19853 1 563
19889 1 7969
19933 1 1797
19946 2 1413
19966 1 798
19969 1 2159
19979 1 623
20027 2 1905
20145 1 97
20149 2 715
20150 1 682
20156 1 303
20180 1 1773
20193 1 1368
20195 1 1396
20199 1 653
20200 1 30304
20228 2 356
20279 1 1548
20310 1 4111
20376 1 1300
20404 1 1736
20417 1 930
20428 1 1062
20434 1 2324
20575 1 4332
20663 5 2969
20682 1 5585
20698 1 3736
20707 1 35797
20708 1 24696
20711 1 6388
20748 1 900
20775 1 1001
20811 1 4558
20825 2 1160
20832 1 1914
20835 3 1832
20850 1 892
20881 4 511
20908 6 1965
20916 1 2792
20928 2 1673
20932 2 1475
20935 1 1544
20964 1 362
20982 3 1098
20997 1 6199
21050 1 1359
21064 1 674
21118 1 1749
21137 1 658
21187 1 992
21261 1 1730
21262 1 2285
21263 1 1339
21264 3 838
21266 1 4449
21302 1 670
21308 1 465
21357 2 5683
21378 1 356
21459 1 817
21481 1 1234
21494 1 1060
21504 1 2429
21505 1 437
21540 1 2076
21541 1 2076
21569 4 1048
21571 1 1372
21572 1 1011
21578 1 885
21579 1 242
21583 1 783
21585 1 248
21586 1 323
21587 1 338
21602 1 226
21608 1 4754
21635 1 520
21640 1 1328
21644 3 11884
21648 2 6487
21702 2 3125
21749 1 1027
21767 3 6211
21852 1 6758
21861 2 1816
21882 1 1265
21927 1 1212
21938 1 578
21972 1 2236
21973 1 1276
21999 1 744
22010 1 988
22040 1 681
22087 2 1367
22161 5 6376
22166 3 1970
22184 1 842
22189 1 279
22206 1 2514
22214 1 1094
22456 1 1938
22458 1 505
22495 1 319
22496 1 412
22497 2 297
22498 1 2128
22499 1 511
22500 1 247
22572 1 1369
22641 1 154
22642 1 152
22643 1 161
22644 1 151
22645 1 160
22646 1 151
22647 1 161
22648 1 155
22649 1 156
22650 1 155
22651 1 151
22652 1 155
22653 1 154
22654 1 160
22655 1 154
22656 1 155
22657 1 151
22658 1 160
22659 1 151
22660 1 154
22661 1 150
22662 1 150
22663 1 155
22664 1 155
22665 1 157
22666 1 152
22667 1 154
22668 1 156
22669 1 154
22670 1 151
22671 1 156
22672 1 150
22673 1 156
22674 1 154
22675 1 157
22676 1 152
22677 1 152
22678 1 157
22679 1 156
22680 1 162
22681 1 156
22682 1 153
22683 1 155
22684 1 152
22685 1 162
22686 1 163
22687 1 155
22688 1 156
22689 1 157
22690 1 157
22691 1 156
22692 1 159
22693 1 158
22694 1 157
22695 1 156
22696 1 155
22697 1 158
22698 1 155
22699 1 153
22700 1 156
22701 1 162
22702 1 157
22703 1 163
22704 1 154
22705 1 157
22706 1 156
22707 1 162
22708 1 156
22709 1 153
22710 1 157
22711 1 163
22712 1 157
22713 1 163
22714 1 165
22715 1 163
22716 1 163
22717 1 163
22718 1 164
22719 1 160
22720 1 164
22721 1 164
22722 1 166
22723 1 166
22724 1 166
22725 1 164
22726 1 171
22727 1 164
22728 1 164
22729 1 164
22730 1 164
22731 1 161
22732 1 164
22733 1 165
22734 1 160
22735 1 170
22736 1 165
22737 1 164
22738 1 163
22739 1 164
22740 1 164
22741 1 163
22742 1 166
22743 1 164
22744 1 165
22745 1 164
22746 1 163
22747 1 164
22748 1 161
22749 1 164
22750 1 162
22751 1 172
22752 1 166
22753 1 165
22754 1 162
22755 1 164
22756 1 165
22757 1 162
22758 1 160
22759 1 165
22888 2 885
22945 5 2400
22946 5 2519
22956 2 3079
22973 1 1006
22986 1 1800
22996 1 834
23014 4 3266
23023 1 1334
23115 1 756
23141 35 1243
23142 35 1243
23143 35 1243
23416 1 750
23427 1 1196
23531 1 2398
23579 1 197
23644 1 2056
23746 1 1757
23763 1 3449
23765 7 11324
23797 1 968
23897 1 606
24075 1 347
24093 1 4836
24114 1 580
24119 3 14616
24123 31 1686
24124 31 2547
24126 1 1376
24131 1 212
24169 2 2066
24179 12 482
24180 29 545
24219 3 7326
24221 4 294
24229 2 631
24255 5 3586
24269 1 1407
24355 1 1305
24371 1 1319
24395 3 1099
24437 1 3970
24438 2 3027
24481 1 625
24518 1 1407
24523 5 337
24540 2 4575
24541 3 5645
24542 1 979
24548 1 1104
24552 1 311
24553 1 426
24562 1 102
24707 1 2560
24722 1 1133
24729 1 2591
24747 2 5509
24750 2 6415
24847 1 1506
25025 1 117
25080 1 555
25090 5 6934
25121 1 1670
25122 1 303
25127 2 360
25138 1 503
25153 8 3748
25154 8 4423
25163 1 338
25184 1 896
25189 1 1305
25193 1 1425
25202 1 698
25230 1 600
25232 1 2344
25235 1 7935
25242 1 2763
25276 2 1113
25299 1 454
25391 1 2825
25416 1 231
25428 1 2396
25458 1 246
25459 1 1129
25460 1 297
25492 2 3700
25509 2 1876
25555 4 3167
25560 1 1516
25570 1 158
25571 1 156
25572 1 159
25573 1 159
25574 1 158
25575 1 154
25576 1 157
25577 1 158
25578 1 157
25579 1 158
25580 1 156
25581 1 154
25582 1 159
25583 1 155
25584 1 159
25585 1 158
25586 1 164
25587 1 158
25588 1 159
25589 1 158
25590 1 1824
25591 1 1824
25592 1 913
25593 1 909
25594 1 1893
25595 1 1880
25596 1 962
25597 1 967
25598 1 1060
25599 1 1300
25600 1 1299
25601 1 618
25602 1 708
25603 1 852
25605 1 2072
25613 2 432
25687 1 571
25708 1 186
25729 1 254
25773 1 358
25790 1 1549
25811 1 1318
26082 31 1566
26154 1 1382
26161 2 14248
26241 1 5926
26246 3 803
26256 1 230
26291 1 500
26293 3 77
26351 1 1903
26358 1 830
26364 1 1388
26385 6 2163
26419 1 1113
26421 1 995
26422 1 945
26425 1 1535
26430 1 984
26471 5 1612
26502 1 3975
26507 1 4226
26525 1 2013
26542 1 1082
26551 1 279
26561 1 180
26688 5 4422
26693 1 1069
26712 1 501
26727 1 4405
26739 1 615
26746 1 568
26747 1 291
26755 1 2434
26757 1 513
26813 1 1462
26889 1 1805
26910 1 1469
27036 1 6909
27037 1 4999
27137 1 865
27177 1 75
27222 2 930
27258 5 1835
27299 1 291
27300 2 2411
27308 1 7530
27425 1 2871
27430 1 1623
27475 2 5550
27506 1 2292
27547 3 742
27548 3 1189
27556 1 640
27564 1 454
27623 1 2360
27667 2 605
27700 2 2268
27727 1 2086
27812 1 3494
27862 1 8511
27869 1 1042
27873 8 444
27881 3 1142
27885 2 1416
27905 2 644
27967 2 427
27972 1 125
27979 1 730
27981 1 678
28043 1 1906
28065 1 3068
28066 1 4454
28073 1 1069
28074 1 1848
28080 1 474
28082 1 1956
28086 2 1091
28131 3 1689
28132 1 1353
28152 1 148
28200 1 614
28234 1 1181
28261 2 11790
28295 1 476
28332 2 224
28346 1 620
28419 1 3437
28446 1 9326
28451 1 814
28456 1 264
28467 1 8583
28468 1 8583
28469 1 8615
28476 3 4667
28633 1 86
28634 1 180
28635 1 303
28636 1 143
28645 1 379
28702 1 1503
28758 1 755
28781 1 2730
28785 1 402
28790 1 387
28794 2 931
28797 3 3851
28799 1 4713
28814 1 1242
28816 2 2084
28822 1 2051
28829 1 1738
28840 3 12057
28841 2 131
28847 1 1791
28852 2 425
28864 1 490
28884 1 1347
28885 3 1833
28886 2 1271
28989 1 1744
29001 1 214
29011 1 2920
29022 1 507
29062 2 457
29144 1 2485
29156 1 472
29178 1 165
29185 1 798
29187 1 908
29346 1 5736
29351 1 2081
29354 8 696
29371 1 1059
29398 1 411
29399 1 1118
29404 1 644
29461 1 767
29462 1 274
29463 1 305
29464 1 522
29491 1 3124
29493 1 3306
29519 1 8686
29523 7 10213
29524 1 1209
29557 1 7051
29558 2 3685
29559 1 3217
29628 1 3312
29653 1 814
29654 1 374
29655 1 158
29656 1 157
29657 1 157
29658 1 157
29659 1 163
29660 1 163
29661 1 156
29662 1 157
29663 1 158
29664 1 157
29665 1 157
29666 1 154
29667 1 752
29668 1 664
29669 1 447
29670 1 1640
29671 1 1645
29672 1 1641
29673 1 908
29674 1 501
29675 1 963
29676 1 943
29677 1 1300
29678 1 1181
29679 1 1182
29680 1 917
29681 1 2182
29682 1 2183
29683 1 619
29684 2 1867
29685 1 853
29686 1 854
29687 1 2532
29688 1 2530
29689 1 852
29690 1 2211
29691 1 2211
29802 1 4831
29836 1 538
29851 2 1758
29973 2 1093
29987 1 1548
29993 1 30
29994 1 421
30016 1 1022
30038 1 264
30077 1 3556
30089 1 156
30090 1 163
30091 1 157
30092 1 157
30093 1 157
30094 1 158
30095 1 158
30096 1 157
30097 1 157
30098 1 153
30099 1 158
30100 1 154
30101 1 157
30102 1 158
30103 1 164
30104 1 158
30105 1 158
30106 1 154
30207 1 836
30273 31 2533
30325 1 1728
30369 1 2927
30389 1 679
30483 1 2924
30511 10 2112
30517 3 1817
30526 5 4142
30588 2 3696
30643 1 1318
30644 1 787
30649 3 2455
30661 1 2882
30705 1 109
30706 1 188
30717 1 247
30718 1 740
30719 1 701
30720 1 122
30727 1 1425
30756 1 905
30787 1 1028
30838 2 413
30852 1 984
30878 1 1359
30927 1 723
30973 9 7204
30975 1 1381
31003 1 534
31028 1 353
31040 1 1514
31041 1 1280
31045 4 24677
31115 1 1682
31117 1 853
31214 1 1032
31229 1 4414
31255 1 328
31258 1 860
31292 2 1061
31300 1 446
31301 1 425
31302 1 453
31311 38 3229
31326 1 410
31351 1 1654
31393 2 1881
31395 1 3700
31441 1 1845
31465 1 1141
31466 1 154
31467 1 156
31468 1 158
31469 1 154
31470 1 157
31471 1 158
31472 1 157
31473 1 158
31474 1 158
31475 1 156
31476 1 157
31477 1 158
31478 1 158
31479 1 155
31480 1 155
31481 1 159
31482 1 158
31483 1 158
31626 1 478
31631 1 2970
31675 1 1174
31735 4 1164
31736 1 1926
31741 2 589
31797 1 1376
31798 2 1484
31800 1 825
31829 4 14263
31921 1 1208
31935 2 2200
31964 1 627
31975 1 1903
32020 1 1581
32027 2 1475
32170 1 1811
32190 1 3358
32205 1 687
32210 1 456
32226 2 3217
32253 1 425
32254 1 324
32290 2 3009
32294 2 3074
32301 2 3186
32366 1 3530
32367 1 3181
32374 1 3413
32381 1 668
32434 1 163
32435 1 157
32436 1 159
32437 1 157
32438 1 157
32439 1 153
32440 1 156
32441 1 158
32442 1 158
32443 1 153
32444 1 158
32445 1 158
32446 1 157
32447 1 153
32448 1 153
32449 1 154
32450 1 157
32451 1 157
32452 1 157
32453 1 156
32454 1 156
32455 1 157
32456 1 157
32457 1 154
32458 1 153
32459 1 154
32460 1 163
32461 1 163
32462 1 157
32463 1 156
32464 1 156
32465 1 164
32466 1 158
32467 1 158
32482 1 441
32662 2 2165
32733 2 964
32768 4 892
32813 1 673
32815 1 395
32824 1 2602
32840 1 552
32899 35 415
32973 4 594
33069 1 3021
33073 1 1212
33079 3 3096
33125 1 771
33146 1 836
33156 1 735
33217 1 1141
33240 1 9576
33243 1 944
33265 1 1309
33288 4 1410
33289 1 309
33294 1 1429
33304 1 1326
33310 1 9499
33335 4 9267
33365 1 974
33410 1 380
33467 35 415
33590 1 3769
33628 1 209
33636 2 899
33648 1 819
33663 1 5738
33709 1 1690
33716 1 694
33720 1 336
33723 1 1305
33757 2 1989
33761 1 281
33802 1 1659
33858 1 199
33870 1 2415
33939 4 3908
33978 1 1552
34001 1 1517
34052 41 11789
34062 1 2698
34072 2 817
34081 1 3468
34098 1 432
34180 2 450
34181 2 274
34182 2 512
34232 1 734
34233 1 297
34263 1 358
34298 5 6813
34351 1 2425
34354 2 2232
34384 1 748
34408 1 1352
34449 3 3565
34461 1 673
34528 7 3693
34537 1 2175
34574 1 2252
34581 5 840
34630 1 211
34652 1 1004
34673 1 2293
34732 4 185
34743 2 439
34757 1 1160
34778 2 173
34804 1 3895
34826 1 1380
34827 1 1335
34829 1 1444
34839 1 399
34856 2 226
34866 2 412
34869 1 1137
34870 1 976
34883 1 1692
34889 1 478
34949 1 1920
34951 1 942
34974 2 931
34990 1 5418
35039 1 2773
35064 35 1243
35065 35 1243
35066 35 1243
35076 1 523
35077 1 753
35317 1 1885
35318 1 181
35389 1 1068
35409 3 412
35462 1 801
35466 1 728
35472 2 1008
35475 12 12761
35485 6 1364
35506 1 1079
35532 1 4534
35533 1 442
35538 2 1446
35679 4 1197
35680 2 322
35685 1 780
35768 2 1871
35769 1 242
35798 1 1407
35828 1 5244
35830 1 2280
35831 1 3206
35832 1 2158
35835 1 1430
35836 1 1061
35837 2 2391
35839 3 1075
35840 1 5256
35850 1 2980
35891 2 2019
35909 1 3424
35918 57 430
35926 1 1322
35956 4 618
35969 2 178
35988 1 723
35990 1 429
35993 1 1442
36000 1 330
36002 1 304
36014 1 550
36015 1 260
36016 1 405
36017 1 721
36052 2 614
36096 1 914
36134 4 19793
36156 1 766
36175 2 1254
36187 6 4259
36194 1 654
36253 1 509
36272 1 328
36274 1 765
36361 6 2132
36375 1 503
36379 4 1733
36392 2 6574
36393 2 6574
36397 1 8678
36398 1 8678
36444 1 1023
36494 1 1299
36515 1 622
36565 2 835
36614 3 2919
36702 1 778
36724 31 2272
36746 1 1073
36754 1 1714
36763 1 821
36797 3 6365
36825 2 894
36830 1 842
36832 1 4358
36834 1 1612
36858 1 370
36865 1 1497
36882 1 6259
36913 2 3173
36931 2 1745
36945 1 21910
36977 2 186
37038 1 1290
37105 2 5309
37164 1 3578
37216 1 1659
37319 1 2048
37338 1 145
37341 1 441
37342 1 274
37345 1 368
37354 1 334
37356 2 336
37381 1 1394
37419 1 13883
37436 1 9722
37463 2 651
37471 1 828
37472 1 774
37482 1 1150
37496 1 2380
37506 2 1377
37550 1 1723
37581 1 171
37583 2 1026
37613 1 1538
37648 1 1170
37655 1 1979
37672 2 1421
37694 1 3082
37696 2 1183
37708 1 894
37788 1 983
37847 1 132
37848 1 111
37858 1 698
37860 1 675
37901 1 311
37911 2 8246
37932 1 17484
37939 1 587
37940 1 665
37986 1 3131
37998 1 1440
38035 1 1861
38045 1 1369
38064 1 177
38077 1 968
38100 1 1085
38123 1 2113
38133 1 490
38155 1 709
38162 1 7201
38194 1 2925
38253 1 1048
38274 2 182
38289 8 1007
38292 1 557
38311 1 1043
38324 1 672
38328 1 776
38362 1 670
38380 1 976
38413 1 6145
38426 1 657
38445 31 2338
38448 31 6071
38449 31 1891
38465 1 110
38474 1 637
38476 1 1139
38482 1 1834
38560 1 898
38574 2 2305
38611 1 5792
38663 2 3825
38699 1 1357
38752 1 1447
38757 3 883
38778 1 3309
38788 4 863
38831 1 986
38939 1 1520
38947 1 1466
38968 2 1028
38984 1 268
39009 1 398
39094 17 270
39115 1 1536
39249 3 1162
39271 1 2225
39289 1 818
39301 95 12335
39411 1 160
39412 1 348
39413 1 162
39421 1 702
39422 1 122
39548 1 1379
39551 1 1323
39588 1 6063
39591 1 1013
39629 1 88
39727 1 1539
39887 1 2182
39909 1 173
39970 31 1979
39981 1 637
39999 1 4187
40034 1 811
40091 2 952
40097 1 541
40098 4 1634
40099 2 1540
40100 9 2099
40113 2 2948
40145 1 1180
40155 1 849
40174 2 665
40194 20 582
40195 12 521
40196 13 319
40199 1 1194
40201 1 1226
40238 1 1053
40243 1 841
40346 1 1147
40361 5 901
40390 1 1186
40398 1 739
40402 1 1116
40408 2 2400
40430 5 1721
40438 1 4462
40443 1 1853
40468 1 2719
40472 1 249
40477 1 957
40494 1 1017
40498 1 1626
40525 3 471
40534 3 4269
40538 1 14088
40547 12 1707
40574 5 1463
40627 1 1351
40670 1 2018
40673 1 425
40683 1 1321
40690 1 1709
40702 1 1044
40705 2 338
40706 1 377
40707 1 279
40710 1 172
40711 1 595
40712 1 319
40727 2 556
40728 4 454
40730 1 431
40747 1 5237
40751 3 1847
40816 1 1398
40819 1 10440
40923 1 602
40925 2 2385
40936 1 3129
40937 2 178
40938 1 1411
40956 1 530
40969 1 944
41000 3 308
41019 1 525
41048 2 1925
41103 1 2097
41239 1 24
41283 1 1427
41306 3 2294
41375 1 292
41439 1 2390
41440 35 1243
41441 35 1243
41442 35 1243
41443 35 1243
41444 35 1243
41445 35 1243
41446 35 1243
41449 1 820
41545 1 266
41688 1 1836
41732 1 1023
41756 1 439
41809 2 908
41836 1 829
41853 1 4530
41954 1 606
41989 6 494
41997 1 1167
42005 1 1442
42013 3 559
42035 1 3392
42049 2 2797
42053 1 3174
42083 1 1108
42107 1 1958
42114 1 5169
42118 1 2292
42149 1 9906
42161 4 9423
42169 2 789
42172 1 2686
42240 2 504
42266 1 1519
42268 1 206
42269 2 254
42274 1 515
42275 1 322
42276 1 537
42277 4 1075
42286 1 331
42287 1 435
42362 5 10503
42417 1 1718
42421 2 749
42428 1 655
42442 1 865
42474 2 1310
42476 1 2207
42490 1 1211
42511 2 1464
42552 1 786
42564 1 880
42668 1 984
42684 1 162
42685 1 156
42686 1 162
42687 1 156
42688 1 155
42689 1 152
42690 1 157
42691 1 156
42692 1 153
42693 1 156
42694 1 156
42695 1 156
42696 1 162
42697 1 152
42698 1 156
42699 1 156
42700 1 158
42701 1 153
42702 1 162
42703 1 155
42704 1 155
42705 1 162
42706 1 153
42707 1 152
42708 1 156
42709 1 157
42710 1 153
42711 1 153
42712 1 153
42713 1 157
42714 1 156
42715 1 152
42716 1 156
42717 1 156
42718 1 162
42719 1 156
42720 1 158
42721 1 156
42722 1 163
42723 1 153
42724 1 153
42725 1 157
42726 1 158
42727 1 163
42728 1 164
42729 1 158
42730 1 154
42731 1 157
42732 1 152
42733 1 163
42734 1 162
42735 1 154
42736 1 158
42737 1 158
42738 1 158
42739 1 159
42740 1 164
42741 1 159
42742 1 165
42743 1 156
42744 1 155
42745 1 155
42763 1 6680
42776 1 1111
42817 1 1368
42831 1 2086
42904 1 732
42907 1 734
42914 4 1101
42960 1 7453
43009 2 2498
43028 1 30
43058 9 438
43080 2 1369
43082 1 1328
43124 1 842
43161 1 1596
43257 9 1460
43261 1 1175
43264 35 415
43327 1 1254
43415 1 176
43447 1 1494
43474 31 2661
43565 1 368
43612 2 773
43656 2 4176
43705 1 175
43786 1 1882
43844 2 2408
43890 1 2794
43895 1 1163
43898 1 2947
43900 1 1267
43935 1 3104
43942 1 2137
44031 1 318
44052 8 741
44061 1 796
44062 1 994
44064 1 307
44066 1 196
44067 1 468
44068 2 420
44072 1 311
44073 1 576
44081 1 4117
44085 1 100
44125 8 6435
44129 1 1404
44259 2 776
44269 1 271
44320 2 151
44323 1 1224
44428 5 1638
44466 3 1110
44495 1 805
44500 2 680
44542 1 1169
44553 1 2254
44565 1 512
44581 1 1194
44644 2 42
44731 1 922
44735 1 3497
44772 2 608
44774 1 2787
44790 11 1262
44806 1 2433
44808 2 879
44821 4 536
44825 1 967
44847 1 329
44848 1 1841
44849 1 483
44900 19 509
44918 1 2627
44955 1 7733
44957 1 10010
44971 1 278
44982 1 155
44983 1 156
44984 1 157
44985 1 153
44986 1 156
44987 1 157
44988 1 157
44989 1 156
44990 1 157
44991 1 157
44992 1 156
44993 1 156
44994 1 157
44995 1 152
44996 1 162
44997 1 153
44998 1 156
44999 1 156
45000 1 153
45001 1 157
45002 1 153
45003 1 155
45004 1 156
45005 1 157
45006 1 153
45007 1 158
45008 1 156
45009 1 157
45010 1 152
45011 1 152
45012 1 158
45013 1 157
45014 1 159
45015 1 159
45016 1 158
45017 1 154
45018 1 159
45019 1 159
45020 1 158
45021 1 159
45022 1 156
45023 1 155
45024 1 157
45025 1 164
45026 1 158
45027 1 158
45028 1 155
45029 1 158
45030 1 157
45031 1 157
45032 1 157
45033 1 159
45034 1 158
45035 1 157
45036 1 154
45037 1 156
45038 1 161
45039 1 164
45040 1 156
45041 1 155
45042 1 159
45043 1 155
45044 1 158
45045 1 158
45046 1 166
45047 1 159
45048 1 159
45049 1 159
45050 1 159
45051 1 159
45052 1 164
45053 1 159
45054 1 160
45055 1 158
45056 1 163
45057 1 164
45058 1 160
45059 1 163
45060 1 161
45061 1 170
45062 1 164
45063 1 163
45064 1 161
45065 1 163
45177 2 674
45246 2 2149
45321 7 739
45472 4 228
45491 2 863
45604 1 345
45610 1 1452
45619 35 415
45676 1 11251
45822 1 1426
45824 2 2571
45846 1 1458
45878 1 1656
45887 6 382
45931 1 891
46003 5 313
46004 1 798
46061 7 161
46065 1 211
46076 1 1687
46085 1 745
46087 1 1968
46129 2 631
46168 1 2539
46236 2 637
46239 1 914
46241 2 2498
46291 1 2129
46319 1 2904
46346 1 1338
46347 1 1459
46388 1 81863
46442 1 351
46443 2 518
46444 1 187
46445 1 438
46466 1 371
46513 1 2610
46564 1 1709
46621 1 1413
46635 1 414
46646 2 1436
46647 1 1861
46683 1 3045
46753 4 1413
46873 1 999
46890 1 382
46900 1 728
46912 1 352
46913 1 1961
46938 2 8253
46941 1 1454
46954 2 5186
47003 1 55
47012 2 1990
47073 1 300
47095 1 6494
47119 1 729
47145 1 592
47188 1 1061
47208 2 1552
47243 3 770
47245 1 6757
47261 1 657
47265 1 1030
47279 1 617
47281 1 603
47282 1 766
47287 1 1282
47374 1 1188
47386 8 1400
47409 1 30
47420 1 1161
47421 1 299
47433 1 380
47470 1 516
47498 1 3543
47504 1 37
47506 1 1955
47533 1 563
47546 1 1613
47547 1 1528
47548 1 1393
47559 2 11224
47567 2 985
47578 1 157
47579 1 153
47580 1 157
47581 1 158
47582 1 154
47583 1 163
47584 1 158
47585 1 155
47586 1 157
47587 1 158
47588 1 157
47589 1 158
47590 1 157
47591 1 164
47592 1 154
47593 1 157
47594 1 157
47595 1 153
47596 1 157
47597 1 157
47598 1 157
47599 1 153
47600 1 153
47601 1 154
47607 2 436
47654 5 3047
47666 3 881
47749 1 7411
47780 1 5199
47786 1 862
47806 1 27
47846 1 1298
47860 12 155
47863 1 1267
47873 1 1264
47874 1 1462
47888 1 237
47900 1 1530
47922 1 1893
48007 1 139
48008 1 193
48009 1 110
48010 1 206
48011 1 828
48012 1 228
48014 1 160
48015 1 156
48016 1 85
48018 1 139
48027 1 716
48045 2 11481
48077 2 410
48078 1 11919
48112 5 1380
48146 1 954
48147 1 1291
48232 1 847
48269 1 11120
48279 1 1412
48301 2 772
48320 1 720
48383 1 1983
48416 1 1759
48475 2 4416
48490 1 1046
48496 1 1185
48545 2 3140
48598 1 412
48600 1 353
48611 1 515
48632 1 3473
48656 1 477
48676 3 1096
48698 2 5259
48700 1 357
48704 1 806
48706 1 1434
48723 1 863
48733 1 652
48734 1 474
48772 1 2396
48777 1 2052
48814 1 3174
48855 1 1420
48938 1 419
48939 1 1135
48940 1 321
48941 1 290
48942 1 325
48943 1 290
48948 2 1194
49017 1 1408
49020 2 2150
49037 2 3222
49061 2 1867
49062 2 1778
49093 1 901
49126 19 1326
49149 1 3141
49173 2 10707
49176 1 11069
49223 1 782
49304 1 622
49350 2 2540
49362 1 699
49366 2 5125
49368 4 1162
49428 3 272
49437 1 307
49474 1 3175
49534 1 1337
49540 1 892
49547 15 182
49571 1 1114
49575 1 1035
49714 2 1703
49748 1 1118
49776 1 9407
49806 1 1527
49817 2 614
49831 1 997
49833 2 2286
49842 1 2475
49843 1 728
49867 1 1046
49870 1 1382
49896 1 1614
49920 5 1231
49925 1 1955
49939 1 1882
49960 2 2195
49990 2 3509
50018 2 140
50119 1 144
50152 1 350
50155 1 472
50194 3 1013
50295 5 551
50328 2 1690
50354 2 2188
50400 1 2559
50401 2 1688
50406 1 2161
50407 1 510
50477 1 4990
50478 1 3624
50480 1 820
50491 1 915
50519 1 1368
50520 1 3232
50521 1 2941
50526 2 614
50554 1 1923
50571 4 990
50610 1 1696
50617 1 482
50677 1 794
50722 1 3030
50723 1 3146
50725 14 876
50726 1 2071
50729 3 670
50768 2 708
50800 4 183
50815 1 421
50816 1 303
50817 1 349
50818 1 353
50819 1 488
50820 1 392
50821 1 497
50822 1 477
50829 3 253
50852 2 3288
50858 2 1121
50859 1 683
50864 1 1034
50865 1 1252
50876 1 1330
50877 1 1428
50920 2 1937
50921 1 3926
50922 2 2085
50923 2 2197
50924 2 1807
50925 2 2062
50956 1 769
50959 1 922
50983 1 16660
50994 1 1421
50996 1 5411
51023 1 1980
51031 1 1136
51087 5 2282
51096 1 1043
51113 2 1849
51194 1 2656
51195 2 2015
51260 1 157
51261 1 156
51262 1 164
51263 1 158
51264 1 156
51265 1 157
51266 1 157
51267 1 158
51268 1 154
51269 1 155
51270 1 158
51271 1 156
51272 1 153
51273 1 157
51274 1 153
51275 1 158
51276 1 163
51277 1 156
51278 1 157
51445 1 27
51480 2 1345
51483 1 1357
51484 1 1340
51487 1 1378
51524 1 1734
51558 1 1195
51565 1 1885
51585 3 3964
51676 1 1078
51712 1 2167
51730 1 505
51788 1 720
51817 1 643
51867 1 4614
51895 1 2083
51899 1 12169
51925 1 674
51954 1 1366
52110 1 936
52190 1 1834
52201 1 315
52202 1 424
52204 1 729
52219 1 929
52261 1 3083
52280 2 1474
52304 1 1864
52395 2 1520
52397 2 4823
52410 5 1022
52449 1 3942
52466 7 3696
52484 2 5765
52529 1 122
52546 2 8264
52552 8 1311
52593 1 1184
52615 1 935
52627 1 1261
52628 1 1306
52629 1 1444
52720 2 2878
52819 1 530
52948 1 753
52988 1 24350
53023 2 6088
53027 2 1659
53046 1 6992
53047 2 1702
53050 1 635
53106 15 506
53107 19 470
53140 1 4214
53152 1 174
53161 1 1208
53209 1 1662
53265 1 1603
53269 1 840
53273 8 2039
53329 1 3895
53337 1 3782
53341 1 2371
53342 1 3109
53343 1 2474
53377 1 756
53424 1 5193
53471 2 310
53484 1 493
53486 2 338
53621 1 968
53727 1 623
53756 1 1177
53766 1 1364
53866 2 1764
54102 1 126
54103 1 104
54104 1 134
54171 1 1740
54186 11 4524
54187 6 4739
54188 1 475
54206 1 1036
54208 1 1198
54217 1 315
54218 1 612
54250 1 1352
54255 1 1127
54257 1 255
54262 3 930
54284 1 880
54307 1 358
54326 1 3836
54349 1 12411
54355 1 10248
54398 1 409
54399 2 5059
54402 1 972
54405 1 981
54407 1 905
54460 14 1195
54483 2 1091
54501 1 622
54509 1 3235
54551 1 2055
54552 3 2960
54584 1 478
54626 1 1166
54728 2 58
54893 1 3377
54946 1 617
55009 1 630
55050 1 1233
55063 1 17333
55106 3 712
55118 1 4304
55131 1 1109
55153 2 1633
55172 1 154
55173 1 158
55174 1 153
55175 1 157
55176 1 157
55177 1 158
55178 1 163
55179 1 154
55180 1 164
55181 1 153
55182 1 157
55183 1 164
55184 1 158
55185 1 154
55186 1 160
55187 1 159
55188 1 159
55189 1 154
55190 1 155
55191 1 158
55192 1 158
55193 1 159
55194 1 158
55195 1 156
55196 1 160
55197 1 158
55198 1 160
55199 1 160
55200 1 155
55201 1 158
55202 1 157
55203 1 159
55204 1 160
55205 1 160
55206 1 155
55207 1 159
55208 1 158
55209 1 160
55210 1 159
55211 1 155
55212 1 159
55213 1 158
55214 1 160
55215 1 157
55216 1 158
55217 1 158
55218 1 159
55219 1 159
55220 1 157
55221 1 159
55222 1 158
55223 1 154
55224 1 158
55225 1 158
55226 1 154
55227 1 155
55228 1 160
55229 1 164
55230 1 155
55231 1 164
55232 1 158
55233 1 165
55234 1 158
55235 1 155
55236 1 159
55237 1 158
55238 1 157
55239 1 159
55240 1 159
55241 1 160
55242 1 156
55243 1 155
55244 1 159
55245 1 159
55246 1 160
55247 1 156
55248 1 159
55249 1 164
55250 1 161
55251 1 164
55252 1 164
55253 1 164
55254 1 163
55255 1 164
55256 1 164
55257 1 165
55258 1 161
55259 1 164
55260 1 164
55261 1 170
55262 1 164
55263 1 164
55264 1 165
55265 1 163
55266 1 160
55267 1 165
55268 1 164
55269 1 164
55270 1 161
55271 1 164
55272 1 164
55273 1 163
55274 1 165
55275 1 170
55276 1 163
55277 1 164
55278 1 164
55279 1 164
55280 1 164
55281 1 164
55282 1 164
55283 1 163
55284 1 164
55285 1 164
55286 1 160
55287 1 163
55288 1 164
55289 1 161
55290 1 160
55291 1 163
55292 1 164
55293 1 170
55294 1 164
55295 1 164
55296 1 164
55297 1 170
55298 1 160
55299 1 164
55300 1 164
55301 1 164
55315 1 926
55485 3 1849
55538 1 7491
55539 1 288
55540 1 577
55547 1 806
55607 1 9422
55611 1 1071
55614 1 5399
55643 1 1214
55685 12 154
55913 1 1188
55926 1 650
55928 1 1167
55930 4 391
56038 2 1596
56154 1 135
56180 2 1457
56190 1 1477
56245 2 765
56247 1 967
56252 1 1993
56253 1 1993
56274 1 2124
56313 1 321
56399 1 1021
56411 1 169
56412 1 98
56413 1 152
56414 1 142
56435 1 678
56437 1 476
56453 1 380
56462 1 650
56468 5 697
56471 3 13098
56476 2 1966
56505 2 5118
56514 1 1583
56522 4 3726
56553 1 7598
56602 11 1212
56650 1 263
56652 1 5800
56658 1 1079
56659 3 1655
56669 1 2701
56692 1 1282
56734 1 1457
56735 1 2263
56793 1 1177
56813 1 436
56832 1 1352
56857 1 2166
56858 1 2421
56866 1 1626
56872 2 1066
56876 2 1055
56914 1 786
56956 1 1447
56969 2 1209
56991 1 854
56994 1 966
56995 1 1253
57001 8 7758
57021 1 501
57213 1 1593
57226 1 11510
57228 1 1834
57249 5 648
57269 1 255
57348 1 278
57349 1 277
57350 1 838
57351 1 284
57352 1 504
57353 1 469
57382 1 3136
57393 1 1081
57408 1 3005
57432 1 948
57444 2 927
57449 1 3288
57450 1 3346
57451 1 3058
57471 1 1255
57520 1 5772
57549 1 1672
57550 1 1672
57551 1 1637
57552 1 153
57553 1 157
57554 1 156
57555 1 156
57556 1 156
57557 1 153
57558 1 155
57559 1 157
57560 1 158
57561 1 152
57562 1 156
57563 1 157
57564 1 153
57565 1 157
57566 1 156
57567 1 153
57568 1 155
57569 1 158
57570 1 162
57571 1 152
57572 1 156
57573 1 157
57574 1 157
57575 1 155
57576 1 153
57577 1 157
57578 1 156
57579 1 162
57580 1 156
57581 1 157
57582 1 157
57583 1 156
57584 1 162
57585 1 156
57586 1 156
57587 1 156
57588 1 156
57589 1 153
57590 1 156
57591 1 158
57592 1 156
57593 1 156
57594 1 159
57595 1 152
57596 1 156
57597 1 163
57598 1 152
57599 1 154
57600 1 155
57601 1 156
57602 1 157
57603 1 157
57604 1 156
57605 1 156
57606 1 156
57607 1 157
57608 1 163
57609 1 153
57610 1 157
57611 1 157
57612 1 157
57613 1 157
57614 1 154
57615 1 158
57616 1 1787
57617 1 1772
57618 1 1770
57619 1 520
57620 1 3241
57621 1 3239
57622 1 3240
57623 1 3704
57624 1 3707
57625 1 3705
57626 1 1133
57646 1 834
57655 1 843
57662 1 1009
57823 1 833
57879 4 1521
57936 1 317
57952 1 8583
57953 1 8583
57983 1 100
58187 1 139
58221 2 8233
58245 1 1193
58284 2 631
58316 1 769
58341 1 573
58409 1 780
58434 1 1166
58453 2 564
58462 2 1526
58479 1 963
58518 1 1471
58531 2 751
58720 1 862
58762 1 4573
58763 1 813
58772 1 4810
58794 3 518
58811 1 1237
58812 1 476
58813 1 500
58814 1 673
58829 1 721
58830 1 2010
58841 2 2975
58852 1 3464
58909 1 1264
58965 1 5140
58967 1 3481
58968 1 815
58969 1 800
58970 1 799
58971 1 153
58972 1 158
58973 1 158
58974 1 154
58975 1 153
58976 1 157
58977 1 153
58978 1 157
58979 1 157
58980 1 158
58981 1 153
58982 1 158
58983 1 157
58984 1 754
58985 1 752
58986 1 151
58987 1 154
58988 1 154
58989 1 154
58990 1 155
58991 1 154
58992 1 154
58993 1 150
58994 1 155
58995 1 160
58996 1 153
58997 1 156
58998 1 155
58999 1 154
59000 1 151
59001 1 154
59002 1 154
59003 1 155
59004 1 155
59005 1 154
59006 1 155
59007 1 151
59008 1 154
59009 1 150
59010 1 154
59011 1 151
59012 1 154
59013 1 155
59014 1 150
59015 1 156
59016 1 161
59017 1 156
59018 1 154
59019 1 151
59020 1 153
59021 1 160
59022 1 155
59023 1 155
59024 1 156
59025 1 152
59026 1 156
59027 1 160
59028 1 154
59029 1 151
59030 1 155
59031 1 150
59032 1 161
59033 1 161
59034 1 151
59035 1 151
59036 1 153
59037 1 155
59038 1 152
59039 1 154
59040 1 155
59041 1 155
59042 1 155
59043 1 451
59044 1 1645
59045 1 1137
59046 1 942
59047 1 917
59048 1 919
59049 1 2182
59050 2 1865
59051 2 1868
59052 1 852
59053 1 2530
59054 1 2531
59055 1 510
59056 1 508
59057 1 2210
59058 1 2211
59071 1 435
59187 1 979
59246 1 1035
59290 1 261
59306 1 655
59338 1 700
59397 2 3596
59404 1 1587
59437 1 1226
59442 1 1743
59453 2 5553
59458 8 1053
59466 2 4209
59500 1 671
59507 6 1225
59508 7 1122
59511 1 1631
59559 1 883
59570 1 1256
59640 1 5056
59695 1 2300
59697 2 2431
59762 1 607
59779 1 670
59780 1 668
59782 1 122
59809 3 1442
59845 1 835
59862 1 1402
59924 2 2257
59947 1 1309
59954 1 1076
59975 1 1343
60066 1 4785
60070 2 2663
60071 1 365
60078 1 2528
60079 1 1270
60087 1 850
60095 6 3074
60106 2 179
60119 5 894
60120 1 1210
60121 1 851
60122 1 1146
60123 1 768
60134 1 1270
60166 1 1269
60196 1 468
60197 1 446
60198 1 395
60252 2 1550
60256 1 627
60258 1 285
60259 1 492
60310 1 1266
60314 1 2506
60315 1 3263
60316 1 3178
60317 2 1935
60318 1 3852
60319 1 4138
60362 1 3186
60371 4 3906
60388 13 978
60398 1 1768
60426 4 1355
60429 1 5933
60546 1 27
60611 1 2420
60623 2 1555
60665 1 1611
60675 1 1688
60678 3 3884
60721 1 476
60740 1 3274
60777 1 3095
60778 1 3600
60788 1 1075
60793 2 2201
60804 4 1666
60848 1 1052
60849 1 1785
60850 1 1791
60851 1 1784
60852 1 1600
60862 6 4275
60901 1 478
60934 1 1005
60995 9 1034
61008 1 27
61009 1 27
61016 3 1771
61019 1 1394
61043 4 4069
61047 9 1709
61071 1 311
61073 2 8875
61102 2 562
61104 1 1223
61134 5 294
61170 1 677
61211 1 1448
61235 1 583
61263 1 1798
61264 1 449
61291 1 1645
61326 2 2485
61341 1 405
61355 2 828
61379 2 1394
61395 1 263
61404 3 2003
61441 2 825
61442 1 2563
61464 1 703
61468 1 2302
61469 1 1972
61470 1 2495
61471 1 2207
61560 1 1336
61561 1 168
61632 1 81
61633 1 722
61654 1 530
61655 1 270
61660 2 1219
61661 2 1674
61668 1 11710
61685 1 363
61694 2 3121
61717 1 765
61777 1 1421
61796 2 12819
61872 1 1058
61877 1 2841
61905 1 1182
61907 1 3429
61939 1 10305
61962 1 141
61963 1 124
61964 1 162
61965 1 157
61966 1 150
61970 1 694
61971 1 707
61974 1 699
61980 3 920
61991 1 301
62005 1 2659
62014 1 6015
62061 7 1169
62062 3 6529
62082 1 1641
62112 1 688
62154 1 571
62192 1 937
62216 3 254
62236 1 2326
62261 2 594
62498 1 532
62567 1 404
62661 1 564
62693 1 5347
62730 2 2960
62750 1 1350
62760 1 189
62779 1 2483
62782 1 1115
62791 2 2675
62835 2 736
62922 2 2154
62927 1 170
62936 1 1651
62937 1 1048
62938 1 1036
62939 1 1044
62940 1 1750
62941 1 157
62942 1 1750
62943 1 1792
62944 1 158
62945 1 1603
62946 1 1601
62947 1 1604
62948 1 164
62949 1 164
62950 1 164
62951 1 2817
62952 1 161
62953 1 164
62954 1 163
62955 1 164
62956 1 164
62957 1 1820
62990 1 833
63074 1 4609
63083 7 1965
63173 12 1330
63263 1 3119
63272 1 23
63273 1 32
63281 1 1021
63288 4 419
63290 1 392
63308 4 1302
63309 4 4077
63310 4 2477
63330 3 1372
63331 2 1592
63357 10 1107
63371 1 1573
63411 1 1780
63568 1 1949
63593 3 602
63610 2 1864
63619 1 662
63653 1 758
63686 1 3010
63695 3 2625
63708 1 2012
63728 1 1379
63730 2 449
63739 1 289
63765 1 1813
63884 2 3456
63891 2 1095
63907 1 882
63938 8 2930
63962 19 3096
64016 1 1043
64087 1 1520
64088 1 1712
64270 6 541
64280 1 126
64281 1 144
64290 1 728
64320 1 1816
64347 2 706
64376 2 2975
64429 1 858
64467 2 1401
64469 1 1141
64491 1 1559
64523 1 544
64530 1 456
64586 1 832
64596 18 820
64647 8 7320
64654 1 980
64725 2 63
64884 2 785
64929 1 235
64951 1 1419
64956 1 35
64972 1 427
64973 1 433
64974 1 1043
64975 1 318
64976 1 295
65006 1 3064
65034 1 3956
65057 2 1925
65059 2 1706
65072 1 1170
65125 1 675
65132 1 161
65133 1 155
65134 1 154
65135 1 151
65136 1 156
65137 1 156
65138 1 162
65139 1 156
65140 1 157
65141 1 154
65142 1 156
65143 1 162
65144 1 157
65145 1 156
65146 1 155
65147 1 152
65148 1 162
65149 1 156
65150 1 157
65151 1 156
65152 1 153
65153 1 156
65154 1 156
65155 1 156
65156 1 156
65157 1 156
65158 1 157
65159 1 152
65160 1 156
65161 1 156
65162 1 154
65163 1 157
65164 1 158
65165 1 156
65166 1 157
65167 1 156
65168 1 153
65169 1 162
65170 1 156
65171 1 157
65172 1 152
65173 1 157
65174 1 155
65175 1 155
65176 1 156
65177 1 162
65178 1 155
65179 1 156
65180 1 157
65181 1 156
65182 1 156
65183 1 153
65184 1 156
65185 1 156
65186 1 157
65187 1 156
65188 1 156
65189 1 156
65190 1 158
65191 1 157
65192 1 157
65193 1 153
65194 1 156
65195 1 162
65196 1 156
65197 1 158
65198 1 158
65199 1 157
65200 1 157
65201 1 156
65202 1 157
65203 1 153
65204 1 157
65205 1 156
65206 1 156
65207 1 156
65208 1 156
65209 1 164
65210 1 159
65211 1 158
65212 1 157
65213 1 156
65214 1 156
65215 1 154
65216 1 157
65217 1 158
65218 1 156
65219 1 156
65220 1 164
65221 1 164
65222 1 164
65223 1 161
65224 1 164
65225 1 164
65226 1 171
65227 1 165
65228 1 166
65229 1 165
65230 1 171
65231 1 161
65232 1 163
65233 1 161
65234 1 160
65235 1 161
65236 1 171
65237 1 164
65238 1 164
65239 1 161
65240 1 161
65241 1 166
65242 1 165
65243 1 171
65244 1 165
65245 1 163
65403 1 1211
65568 1 1157
65632 1 346
65674 1 660
65684 17 17249
65685 1 1579
65692 1 340
65695 1 527
65724 2 1237
65726 1 2684
65798 1 1604
65829 1 1093
65847 1 859
65848 1 352
65849 1 258
65850 1 644
65851 1 483
65852 1 807
65876 1 394
65886 2 3075
65905 1 1164
65945 1 2536
65984 3 2219
66001 1 1533
66002 1 1623
66003 1 1673
66004 1 1492
66005 1 1390
66027 1 937
66028 1 157
66029 1 157
66030 1 155
66031 1 157
66032 1 157
66033 1 158
66034 1 160
66035 1 154
66036 1 157
66037 1 153
66038 1 163
66039 1 156
66040 1 163
66041 1 157
66042 1 157
66061 1 1219
66110 2 401
66118 1 6182
66137 1 761
66189 1 7316
66223 1 804
66226 1 1366
66240 1 1526
66271 1 666
66277 4 1687
66290 1 1342
66291 1 1544
66313 1 1270
66321 1 691
66340 1 1753
66365 1 1856
66387 35 415
66389 1 434
66415 1 6038
66432 2 615
66459 1 359
66482 1 2199
66515 1 6274
66559 12 5776
66592 1 289
66608 1 419
66652 1 496
66656 2 271
66657 2 1440
66665 1 3178
66696 1 286
66733 1 1217
66746 1 341
66749 1 268
66750 3 1405
66751 1 11896
66788 1 910
66789 1 1034
66812 1 371
66846 1 3482
66884 1 3426
66899 4 332
66900 1 366
66927 2 978
66935 3 2042
66936 1 470
66972 1 3916
66983 1 2173
66995 3 84
67006 1 1019
67024 1 450
67226 1 1126
67266 1 4007
67298 1 179
67299 1 180
67300 1 183
67318 1 1620
67360 1 1780
67361 1 1019
67370 1 788
67389 31 1731
67390 31 1665
67391 31 4824
67392 31 2594
67393 31 6324
67394 31 2122
67395 31 2737
67409 1 5448
67415 1 10077
67450 1 1510
67499 1 1293
67506 2 1322
67560 1 363
67561 2 368
67596 1 273
67664 12 771
67665 16 815
67671 1 6735
67672 1 2623
67704 2 989
67705 1 782
67756 1 5291
67758 1 2196
67764 1 920
67768 1 271
67778 30 858
67779 12 775
67801 1 1053
67811 1 686
67812 3 1753
67888 1 1174
67896 1 819
67927 7 210
67928 1 1081
67986 1 2479
68045 1 860
68085 2 281
68091 2 10665
68092 1 8126
68098 3 893
68099 2 812
68116 1 4818
68119 3 6225
68120 3 7511
68121 1 129
68124 1 2400
68138 1 1799
68146 1 489
68172 2 1087
68295 1 355
68305 2 3491
68307 1 1697
68310 1 267
68369 1 11195
68376 1 1833
68383 1 1172
68392 2 6574
68640 1 171
68641 1 156
68642 1 182
68650 1 524
68654 1 699
68681 1 4179
68686 3 900
68695 1 562
68696 2 8254
68712 1 335
68758 1 931
68761 1 567
68794 3 847
68812 1 10319
68855 1 507
68859 1 989
68860 12 2402
68862 3 2573
68882 2 260
68898 1 907
68920 1 2788
68934 4 765
68948 1 1019
68984 1 1210
68986 1 598
68992 1 631
69031 2 475
69046 1 439
69079 1 757
69081 2 838
69093 10 374
69282 2 672
69319 2 699
69352 1 834
69353 1 364
69356 2 588
69387 9 1411
69397 1 1106
69398 1 293
69399 1 753
69400 1 526
69433 2 2935
69442 1 197
69483 1 3191
69509 1 5379
69528 1 1563
69535 25 616
69545 13 711
69550 1 155
69551 1 163
69552 1 162
69553 1 156
69554 1 157
69555 1 156
69556 1 162
69557 1 153
69558 1 152
69559 1 155
69560 1 157
69561 1 157
69562 1 154
69563 1 163
69564 1 157
69565 1 158
69566 1 154
69567 1 156
69568 1 157
69569 1 152
69570 1 158
69571 1 154
69572 1 152
69573 1 156
69574 1 157
69575 1 152
69576 1 157
69577 1 153
69578 1 156
69579 1 157
69580 1 156
69581 1 156
69582 1 152
69583 1 156
69584 1 157
69585 1 157
69586 1 158
69587 1 156
69588 1 156
69589 1 153
69590 1 153
69591 1 152
69592 1 154
69593 1 158
69594 1 157
69595 1 157
69596 1 153
69597 1 158
69598 1 154
69599 1 157
69600 1 156
69601 1 158
69602 1 155
69603 1 156
69604 1 153
69605 1 167
69606 1 161
69607 1 161
69608 1 162
69609 1 161
69610 1 162
69611 1 162
69612 1 161
69613 1 161
69614 1 157
69615 1 157
69616 1 161
69617 1 161
69618 1 161
69619 1 162
69620 1 161
69621 1 163
69622 1 160
69623 1 163
69624 1 161
69625 1 162
69626 1 163
69627 1 161
69628 1 161
69629 1 158
69630 1 163
69631 1 160
69632 1 163
69633 1 158
69634 1 161
69635 1 162
69636 1 161
69637 1 163
69638 1 159
69639 1 167
69640 1 162
69641 1 162
69642 1 156
69643 1 152
69644 1 156
69645 1 156
69646 1 157
69647 1 157
69648 1 157
69649 1 156
69650 1 154
69651 1 157
69652 1 156
69653 1 156
69654 1 157
69655 1 156
69656 1 156
69657 1 153
69658 1 152
69659 1 152
69660 1 163
69661 1 156
69662 1 156
69663 1 156
69664 1 157
69665 1 153
69666 1 156
69667 1 162
69668 1 158
69669 1 157
69670 1 152
69671 1 156
69672 1 156
69673 1 156
69674 1 155
69675 1 162
69676 1 156
69677 1 156
69678 1 157
69679 1 157
69680 1 158
69681 1 156
69682 1 157
69683 1 157
69684 1 154
69685 1 154
69686 1 157
69687 1 157
69688 1 158
69689 1 152
69690 1 2102
69708 1 1216
69722 1 1778
69838 1 966
69914 1 7296
69918 1 1583
69948 1 901
69972 1 879
69978 1 32
69990 1 3720
70033 1 1365
70067 3 2001
70071 1 841
70210 1 5060
70269 1 2397
70273 31 3305
70279 1 12383
70297 1 5416
70298 1 1605
70305 1 1443
70308 1 1172
70316 7 357
70317 15 438
70360 1 785
70382 1 1908
70406 2 1912
70444 1 861
70478 1 605
70506 1 182
70529 1 819
70591 1 4584
70737 1 2845
70738 1 3457
70832 3 390
70865 1 178
70937 1 1008
70956 2 734
70964 1 174
70965 1 313
70966 1 338
70968 1 281
70982 1 330
71010 2 469
71020 1 780
71078 1 9605
71183 6 2921
71184 15 3046
71185 6 2946
71186 8 2649
71187 8 2267
71334 1 2239
71336 1 1531
71352 1 1829
71374 1 1324
71384 1 2877
71385 1 2877
71386 1 2880
71515 1 164
71516 1 159
71517 1 144
71519 2 2955
71586 2 8248
71603 2 692
71609 1 644
71634 1 2564
71705 1 10258
71706 1 5275
71731 1 4830
71746 2 665
71753 1 1100
71754 2 1287
71756 1 975
71757 2 2729
71807 1 3340
71809 1 1200
71827 1 6203
71835 1 563
71844 1 305
71855 1 863
71866 2 1152
71894 6 2159
71895 4 3069
71896 5 3955
71897 4 2249
71996 1 415
72011 1 1094
72022 1 827
72070 1 1211
72071 1 1126
72117 1 476
72153 1 902
72156 1 1534
72173 1 376
72204 1 870
72216 3 613
72231 1 1446
72250 1 2657
72254 13 564
72255 17 747
72316 21 973
72320 1 1701
72322 1 2478
72323 1 2321
72324 1 3100
72349 2 788
72387 6 2107
72396 1 2100
72416 3 1773
72441 1 3167
72442 2 1934
72554 1 897
72572 1 1253
72591 3 2016
72632 1 618
72691 13 1208
72712 1 1839
72763 1 1138
72805 2 684
72827 1 7031
72873 1 3122
72918 1 783
72929 1 3019
72958 1 2627
72975 1 2128
73030 2 8248
73040 1 511
73047 1 694
73080 1 2339
73089 1 890
73092 1 2999
73105 1 1321
73106 2 732
73167 1 837
73208 1 538
73212 1 2390
73230 1 743
73281 1 210
73285 2 861
73359 1 27
73360 1 682
73520 1 1589
73573 2 1075
73668 2 463
73745 3 996
73769 1 508
73770 1 775
73772 1 375
73861 1 183
73911 3 1008
73925 1 722
73930 31 1679
73931 31 2768
73960 1 502
73968 1 1524
73992 13 3335
74023 1 1244
74039 11 393
74040 14 732
74069 1 999
74085 1 884
74114 2 3421
74118 1 710
74125 1 2057
74157 1 1025
74167 1 1039
74176 10 4570
74177 6 4268
74178 1 2150
74207 1 779
74226 2 842
74291 7 482
74346 1 1835
74361 1 1446
74414 1 647
74432 1 3303
74449 1 1802
74499 1 2239
74509 1 1437
74517 1 1657
74543 2 5014
74661 1 1665
74705 8 703
74717 1 1115
74725 1 362
74726 1 313
74730 1 351
74733 1 419
74748 1 1518
74753 1 378
74755 1 323
74789 2 721
74857 1 2102
74874 1 6108
74877 1 3262
74955 1 660
75101 1 727
75134 1 4335
75138 1 689
75162 1 2594
75169 1 9895
75183 1 264
75184 1 259
75185 1 279
75186 1 748
75202 2 3010
75250 2 1780
75267 1 531
75268 14 592
75334 1 159
75335 1 157
75336 1 155
75337 1 164
75338 1 159
75339 1 159
75340 1 165
75341 1 157
75342 1 159
75343 1 155
75344 1 155
75345 1 155
75346 1 156
75347 1 165
75348 1 159
75349 1 158
75350 1 159
75351 1 160
75352 1 159
75353 1 159
75354 1 157
75355 1 160
75356 1 156
75357 1 159
75358 1 160
75359 1 160
75360 1 159
75361 1 158
75362 1 157
75363 1 159
75364 1 158
75365 1 164
75366 1 165
75367 1 155
75368 1 164
75369 1 155
75370 1 159
75371 1 158
75372 1 159
75373 1 158
75374 1 158
75375 1 158
75376 1 158
75377 1 158
75378 1 156
75379 1 155
75380 1 156
75381 1 159
75382 1 158
75383 1 159
75384 1 156
75385 1 159
75386 1 166
75387 1 159
75388 1 159
75389 1 159
75390 1 158
75391 1 159
75392 1 159
75393 1 159
75394 1 159
75395 1 159
75396 1 158
75397 1 160
75398 1 2037
75399 1 1219
75400 1 2330
75552 2 3849
75594 1 32
75658 1 1060
75767 4 1290
75829 3 285
75836 1 992
75848 2 1317
75960 31 2012
75973 1 661
75976 1 542
75983 1 3426
76073 2 782
76156 1 768
76158 8 3909
76159 5 4003
76160 5 6409
76174 1 20998
76240 2 808
76268 1 1592
76304 1 5487
76309 1 2573
76311 1 978
76366 2 542
76388 3 334
76412 1 1272
76448 1 5583
76454 1 531
76474 2 394
76529 1 10440
76612 3 424
76625 1 2143
76639 1 790
76642 1 226
76644 1 291
76646 1 468
76649 1 514
76661 1 379
76662 1 498
76663 2 380
76695 2 311
76709 1 1545
76723 1 813
76773 1 2532
76848 1 899
76857 1 356
76890 1 1606
76897 1 431
76900 1 800
76933 5 1278
76996 1 711
77028 1 969
77029 3 550
77088 1 4377
77095 1 1057
77136 1 3236
77236 1 1989
77248 2 1903
77355 6 433
77362 1 128
77368 1 361
77392 2 8245
77395 1 332
77420 3 816
77440 1 1548
77450 1 5940
77456 2 13066
77475 1 521
77494 2 976
77550 1 477
77577 1 751
77580 2 1337
77584 4 1387
77610 3 2465
77659 1 1655
77671 2 207
77680 1 604
77681 1 304
77683 1 217
77834 1 3498
77843 4 756
77856 1 320
77857 1 708
77858 1 335
77859 1 493
77860 1 2146
77872 1 550
77908 1 2693
77944 1 860
77954 2 4740
77962 2 3614
77963 1 164
77964 1 158
77965 1 164
77966 1 155
77967 1 159
77968 1 158
77969 1 157
77970 1 158
77971 1 158
77972 1 165
77973 1 158
77974 1 156
77975 1 166
77976 1 157
77977 1 165
77978 1 159
77979 1 155
77980 1 158
77981 1 159
77982 1 158
77983 1 158
77984 1 164
77985 1 158
77986 1 156
77987 1 164
77988 1 155
77989 1 154
77990 1 158
77991 1 159
77992 1 158
77993 1 155
77994 1 160
77995 1 155
77996 1 158
77997 1 156
77998 1 164
77999 1 158
78000 1 157
78001 1 159
78002 1 158
78003 1 158
78004 1 159
78005 1 159
78006 1 160
78007 1 157
78008 1 165
78009 1 161
78010 1 1823
78011 1 1824
78012 1 917
78013 1 1893
78014 1 1880
78015 1 1060
78016 1 1060
78074 1 1554
78077 1 662
