bookmark bookmark 7322 65215343 
4 1 930
12 1 1981
13 1 542
14 1 616
48 1 1265
50 1 2382
63 1 349
68 1 996
73 1 759
75 1 1037
78 1 902
79 1 1195
80 1 797
81 1 787
82 1 815
83 1 714
84 1 2015
85 1 1203
86 1 1442
87 1 854
88 1 846
89 1 1101
90 1 387
103 1 1217
123 10 1067
155 25 1851
161 1 1512
166 1 1370
213 1 495
221 1 304
238 1 1183
272 1 383
338 1 667
352 1 2404
358 1 2199
365 2 665
366 1 1215
367 1 618
377 1 713
383 1 719
384 2 1662
406 1 1543
417 1 1007
438 1 464
439 1 1320
504 2 11283
545 3 1351
546 1 133
549 2 1000
559 1 4273
599 1 1086
610 1 945
611 1 1629
622 1 614
623 1 515
625 1 5869
654 1 1015
681 1 752
682 1 457
683 1 928
698 1 428
700 1 433
710 1 958
736 3 2617
761 1 831
792 1 1601
794 1 836
796 1 1564
797 1 1537
833 2 933
850 1 328
870 1 537
896 1 338
904 1 434
915 1 981
969 1 1583
996 9 3316
1038 2 6757
1071 1 629
1076 2 457
1119 2 1874
1146 1 776
1147 1 1152
1148 1 890
1167 1 238
1171 1 236
1231 1 4288
1232 1 763
1237 1 1668
1339 2 619
1371 1 1930
1426 1 1867
1427 1 449
1428 1 1327
1437 1 546
1477 1 1403
1514 1 1086
1518 1 545
1528 1 1875
1552 1 1020
1568 1 399
1573 1 2363
1591 1 228
1602 1 1577
1618 2 966
1632 1 1365
1648 1 2206
1652 5 1683
1653 1 1086
1658 1 1529
1675 3 1220
1721 1 1229
1724 1 540
1726 2 2436
1731 1 1417
1735 1 626
1740 1 201
1743 1 841
1788 1 219
1791 2 708
1817 1 511
1818 1 621
1822 1 1972
1829 2 1201
1850 1 308
1851 1 1250
1860 1 492
1867 1 660
1877 1 2064
1882 1 2462
1891 1 474
1892 1 11383
1895 3 1092
1896 2 2074
1897 2 2847
1898 2 3856
1917 2 580
1928 2 595
1945 1 227
1952 1 363
1953 3 730
1954 3 671
1955 2 1191
1964 1 196
1969 1 450
1971 1 201
1987 1 434
1990 1 233
1995 1 410
2001 2 2255
2003 1 419
2010 1 429
2012 20 2745
2013 12 2143
2015 1 1644
2016 1 562
2033 1 1127
2040 1 209
2049 1 627
2063 3 2194
2066 1 837
2072 1 1175
2073 1 1294
2089 1 223
2097 1 348
2128 1 1868
2133 3 1238
2152 3 916
2153 3 777
2157 1 1453
2171 2 1919
2186 1 747
2196 11 1234
2204 1 824
2207 2 1446
2210 1 534
2232 1 1628
2233 1 1145
2320 1 533
2330 1 113
2331 1 225
2332 1 101
2345 2 131
2354 1 283
2357 1 485
2379 2 297
2389 3 3418
2393 2 451
2417 1 597
2421 1 602
2442 2 1034
2465 1 212
2468 1 439
2485 1 918
2540 1 187
2559 1 191
2565 4 2867
2570 1 266
2589 1 691
2593 1 942
2594 1 1063
2595 1 1834
2596 1 900
2597 1 1557
2598 1 1523
2628 1 534
2629 11 3838
2630 1 254
2631 6 918
2634 1 1560
2644 2 246
2664 2 1043
2673 1 846
2676 1 477
2692 5 590
2697 1 1348
2771 1 3216
2789 2 1479
2805 1 558
2818 1 1636
2821 1 1096
2835 1 645
2841 1 330
2842 1 380
2992 1 726
3012 1 1166
3025 1 642
3036 1 764
3046 1 1921
3048 1 491
3063 1 725
3075 1 409
3087 1 782
3089 2 1017
3107 1 3008
3119 4 633
3121 1 496
3146 1 289
3162 1 272
3169 1 1076
3173 2 303
3204 1 1395
3217 1 2264
3222 1 563
3229 1 2889
3297 1 860
3309 1 107
3310 1 178
3311 1 156
3322 1 6038
3331 2 1153
3344 3 1259
3407 1 801
3408 2 3212
3429 23 2188
3447 1 2791
3499 1 1513
3518 1 735
3574 1 867
3575 1 588
3581 1 1329
3582 1 766
3603 1 349
3621 1 1327
3668 1 8976
3672 2 2946
3686 1 1200
3687 1 3022
3718 2 950
3740 2 1184
3775 1 459
3777 1 511
3780 2 1601
3789 1 450
3797 1 352
3799 1 155
3859 1 375
3860 2 1204
3910 1 287
3912 1 417
3921 1 3235
3932 1 1367
3958 1 970
4000 1 6980
4004 1 2253
4012 1 330
4021 1 405
4023 1 926
4027 1 518
4074 1 590
4081 2 2482
4087 1 1383
4088 1 1023
4089 1 841
4126 4 235
4181 1 444
4182 1 762
4185 1 1839
4193 1 927
4199 1 820
4201 1 732
4211 2 6879
4212 2 1877
4245 1 739
4265 1 791
4273 1 272
4284 1 571
4321 1 913
4323 1 241
4341 1 391
4349 3 1071
4388 3 1065
4457 11 1168
4476 2 1761
4489 2 2853
4490 1 1394
4491 2 1897
4492 2 2351
4493 1 2130
4500 1 920
4504 1 553
4541 2 251
4550 20 3021
4577 1 173
4578 1 130
4637 1 1404
4647 1 1245
4656 2 666
4657 1 864
4704 2 1493
4715 1 884
4717 1 369
4740 2 2057
4741 1 3450
4742 1 419
4750 5 50
4762 1 1049
4788 1 1060
4790 1 207
4797 2 949
4836 3 1272
4844 4 1123
4897 2 1604
4930 1 1503
4931 1 1648
4932 1 1745
4954 1 2921
4957 1 1766
4969 2 1272
5067 1 1224
5068 1 196
5069 1 128
5070 1 128
5071 1 99
5082 1 545
5133 1 793
5140 1 1465
5144 1 3069
5149 1 1132
5152 1 981
5161 2 660
5165 1 820
5170 2 2743
5178 1 320
5188 1 886
5189 6 3419
5205 1 223
5222 1 1187
5228 1 231
5230 2 913
5232 1 449
5240 1 547
5260 1 302
5281 10 1564
5288 1 272
5296 1 631
5307 1 821
5315 1 929
5331 2 1325
5332 1 717
5333 2 1325
5334 1 906
5335 2 1367
5336 1 930
5337 1 957
5394 1 959
5409 1 816
5411 1 1196
5414 3 667
5415 3 3073
5416 1 925
5444 1 454
5452 1 288
5454 1 6641
5455 1 15074
5460 1 473
5465 1 1292
5466 1 1266
5531 1 1561
5542 1 746
5555 1 1187
5589 1 1188
5600 1 934
5613 1 1513
5641 1 1037
5656 1 1357
5658 1 1556
5665 1 335
5671 1 364
5677 1 1201
5799 2 1090
5863 1 909
5866 1 660
5905 2 700
5909 5 623
5917 1 431
5918 1 500
5938 1 5865
5960 1 1674
5975 1 365
6011 1 3214
6022 1 761
6023 1 880
6089 1 488
6091 2 2877
6093 1 2317
6133 1 287
6134 1 310
6156 1 1167
6162 2 303
6176 2 1652
6292 1 233
6344 1 608
6345 1 1508
6361 1 4951
6362 1 2640
6363 1 4787
6364 1 7210
6460 1 797
6542 1 808
6571 1 519
6574 1 1030
6582 1 418
6620 1 1074
6629 2 1414
6631 1 290
6632 1 2264
6648 1 612
6754 1 637
6824 1 452
6825 1 146
6836 1 629
6940 1 326
6986 1 567
6994 1 312
7011 1 925
7013 1 623
7040 1 1018
7042 1 722
7043 1 747
7127 1 682
7141 1 144
7272 1 901
7418 1 299
7424 1 1087
7425 3 1228
7429 1 1504
7487 1 559
7488 1 1408
7507 2 542
7530 1 362
7538 1 1221
7554 1 320
7565 1 933
7569 2 2616
7570 2 9650
7571 1 5357
7572 2 1609
7573 1 4835
7574 2 2115
7575 2 1899
7576 2 6690
7577 2 2093
7578 2 5752
7579 2 1381
7580 2 9484
7581 1 495
7636 1 153
7637 1 237
7673 2 4544
7740 1 1213
7742 2 1529
7743 2 2004
7756 1 2279
7757 1 2005
7758 1 1880
7893 1 122
7894 1 182
7895 1 110
7896 1 157
7926 1 721
7941 1 441
7962 1 362
7980 1 1193
7984 8 1215
7986 1 1034
7999 1 311
8036 1 706
8037 1 498
8054 1 482
8057 1 751
8083 1 607
8104 1 298
8105 1 348
8106 1 4128
8121 1 891
8123 1 444
8133 1 1113
8137 1 540
8141 1 821
8145 1 1136
8146 1 1848
8152 2 6009
8176 1 304
8188 1 1754
8205 1 524
8212 1 1131
8215 1 2073
8239 1 624
8244 1 607
8246 1 1319
8267 1 1357
8287 1 4172
8293 2 3686
8294 2 1249
8295 2 1426
8307 1 558
8327 3 1437
8376 1 2007
8421 1 1142
8425 1 770
8435 1 2734
8436 1 1685
8437 1 1413
8438 1 2090
8445 1 823
8450 1 1198
8452 50 7747
8500 1 4697
8519 1 157
8520 1 135
8560 1 1011
8577 1 2346
8590 2 364
8592 2 2003
8593 1 484
8616 1 474
8623 1 538
8633 1 312
8648 2 1264
8701 1 555
8728 1 631
8741 1 926
8762 1 984
8763 1 1422
8764 1 387
8765 1 1159
8827 1 6533
8838 2 352
8865 1 305
8866 1 515
8876 1 1372
8877 1 1525
8892 1 525
8926 1 1609
8959 1 608
8974 1 1453
8982 2 1516
9008 1 998
9015 1 1015
9018 1 2158
9025 1 383
9108 1 610
9135 1 875
9148 1 477
9175 1 1821
9180 1 153
9203 1 3221
9359 2 1309
9362 1 80
9428 1 1149
9444 1 507
9445 1 540
9447 1 762
9499 1 425
9500 1 555
9501 1 732
9502 1 860
9505 1 3959
9511 1 580
9525 1 307
9539 1 890
9549 1 560
9588 1 688
9611 2 1387
9612 2 1331
9613 2 1310
9614 2 1341
9615 2 1341
9643 1 755
9645 1 555
9646 1 948
9650 1 604
9653 1 1497
9694 2 1329
9731 1 2183
9732 1 363
9745 1 1624
9765 1 908
9766 1 4331
9808 1 1549
9814 1 350
9815 1 509
9820 2 394
9835 1 774
9838 1 195
9841 1 654
9844 1 505
9847 2 434
9848 1 552
9854 1 359
9862 1 617
9884 1 856
9887 1 608
9905 1 907
9909 1 537
9932 1 1087
9950 1 201
9970 1 1230
10018 1 1420
10021 1 274
10032 1 529
10035 2 667
10067 4 2395
10068 4 1756
10110 2 1421
10115 1 1153
10120 1 1997
10121 1 2683
10122 1 2093
10123 1 2079
10128 1 1019
10134 1 438
10214 1 129
10215 1 146
10229 1 158
10233 1 111
10252 1 1476
10266 1 378
10269 1 460
10274 2 660
10275 1 1016
10315 5 277
10328 1 698
10329 1 148
10332 1 2802
10333 3 1574
10363 2 907
10407 1 135
10435 1 638
10478 1 1312
10480 2 1599
10481 1 1483
10497 1 1517
10520 1 2057
10524 1 177
10542 1 3137
10618 2 408
10633 1 692
10638 1 341
10661 1 508
10662 2 1275
10723 1 514
10734 2 566
10738 1 955
10814 1 870
10869 1 902
10905 1 448
10907 2 1022
10917 1 179
10931 1 1408
10950 1 513
10954 1 2770
10956 1 353
10959 1 139
10961 1 1006
10972 1 673
10995 1 1588
10996 1 1633
10997 1 1555
10998 1 1691
11001 2 7028
11021 1 534
11028 1 970
11117 1 1143
11135 1 212
11214 1 1706
11216 1 533
11217 1 817
11230 1 457
11255 1 490
11256 1 595
11259 1 1202
11292 1 1815
11363 2 8263
11378 1 6044
11379 1 591
11385 1 563
11411 1 898
11420 1 965
11440 1 308
11485 1 483
11486 1 889
11487 1 651
11488 1 735
11489 1 635
11496 1 570
11555 1 454
11560 1 574
11567 4 1874
11574 2 523
11604 1 1010
11626 1 683
11633 2 2246
11639 2 1335
11640 2 1355
11641 2 1329
11650 1 1881
11651 1 344
11674 1 451
11680 1 1050
11687 1 557
11688 1 596
11703 1 666
11720 1 571
11721 1 3482
11751 10 2194
11757 1 1770
11758 1 2000
11759 1 2876
11760 1 1905
11761 1 1621
11780 2 340
11876 2 581
11878 1 1334
11961 1 168
11981 2 156
11985 1 2269
11993 1 1874
12098 1 178
12110 1 647
12151 1 821
12157 1 307
12181 1 360
12200 1 466
12224 5 1462
12244 1 393
12247 1 2230
12254 2 399
12257 1 3211
12271 1 692
12274 1 684
12283 1 935
12284 1 491
12294 3 921
12301 1 1096
12315 1 445
12321 1 704
12335 1 564
12345 1 1250
12349 1 710
12350 1 1687
12353 1 321
12365 4 8585
12378 2 835
12385 1 787
12431 1 281
12441 1 832
12453 1 550
12459 1 1341
12519 2 614
12577 1 1545
12644 1 135
12652 1 1023
12654 2 1371
12655 8 4430
12656 2 1368
12657 1 1597
12665 1 1942
12669 2 1147
12734 1 325
12740 1 1789
12764 1 1458
12771 1 2032
12772 1 1750
12777 1 3961
12790 1 1062
12791 1 355
12794 1 549
12802 1 501
12811 1 838
12812 1 728
12817 1 450
12834 4 2681
12843 1 788
12888 1 339
12900 1 1037
12905 1 874
12910 1 1490
12913 1 473
12921 1 1723
12932 2 598
12978 3 883
13006 1 800
13013 1 953
13070 1 1145
13077 1 588
13080 3 1459
13082 1 584
13099 1 1594
13117 1 1571
13127 1 637
13188 2 2230
13196 1 2057
13197 1 1674
13199 1 1429
13222 2 331
13225 1 620
13240 1 671
13243 1 1319
13245 1 1191
13258 1 631
13294 1 262
13302 1 591
13305 1 660
13309 1 2136
13340 1 1166
13341 1 1285
13342 1 1229
13378 1 224
13380 1 1436
13382 1 1460
13402 1 1313
13405 1 641
13407 1 3423
13455 1 1324
13472 1 2549
13473 1 849
13481 1 510
13482 1 1344
13492 1 404
13499 1 5895
13508 2 6492
13509 2 1700
13518 3 16194
13519 1 553
13521 1 1341
13530 1 849
13531 1 163
13558 1 282
13566 1 649
13614 4 1453
13641 3 769
13678 1 459
13681 1 89
13684 1 12301
13695 1 2748
13696 1 2538
13697 1 3718
13706 1 1656
13799 5 1501
13800 5 1238
13801 5 1533
13802 5 1437
13803 5 1542
13809 1 1143
13818 1 1042
13820 1 240
13826 1 1442
13827 1 729
13835 1 1581
13840 1 1860
13853 1 480
13860 1 460
13867 2 853
13908 1 955
13917 1 799
13940 1 1453
13961 1 931
13967 28 799
13972 1 663
13973 1 698
13974 1 872
13975 1 1041
13976 1 1984
13977 1 929
13978 1 784
13979 1 1974
13998 10 1149
13999 10 1051
14010 1 1649
14029 2 1120
14093 1 384
14099 2 1426
14100 2 675
14139 1 981
14185 1 2424
14189 1 716
14219 1 483
14220 2 2570
14237 1 246
14289 1 1413
14297 1 820
14332 2 892
14377 1 1063
14386 1 574
14391 1 237
14426 2 2114
14427 1 758
14428 2 2122
14429 2 2422
14430 1 759
14465 1 665
14472 1 1594
14484 1 269
14492 1 1007
14502 1 989
14535 2 2058
14536 2 1661
14539 1 585
14540 1 471
14557 1 460
14594 2 513
14614 1 747
14623 1 551
14625 1 176
14634 1 727
14719 3 769
14720 3 975
14728 4 2287
14760 2 840
14761 2 470
14814 1 706
14817 2 1340
14818 2 1971
14819 2 1444
14854 1 2362
14855 1 2067
14856 1 2080
14860 1 813
14874 1 420
14991 1 320
15006 3 923
15023 1 1799
15049 2 2266
15050 2 1758
15100 1 1367
15105 1 1198
15108 5 1429
15122 1 1151
15135 1 1562
15142 1 861
15143 2 959
15144 1 1533
15145 1 800
15146 2 2156
15147 2 1355
15148 1 847
15149 1 846
15191 1 470
15213 1 369
15220 1 1503
15278 2 799
15310 2 3417
15460 1 1105
15476 1 1151
15500 2 1215
15527 1 1161
15562 1 748
15581 1 500
15592 1 849
15644 1 1287
15652 1 296
15808 1 695
15816 1 475
15820 1 530
15836 1 413
15862 1 791
15880 1 691
15927 1 428
15973 1 454
16012 1 856
16016 1 802
16021 1 1876
16033 2 884
16040 3 827
16043 6 726
16096 1 148
16108 2 489
16112 1 720
16122 1 300
16127 1 483
16144 1 798
16215 1 821
16218 1 1177
16290 1 921
16297 1 1746
16317 1 857
16323 1 1197
16324 1 1543
16346 1 941
16351 1 1039
16353 2 1250
16364 1 183
16366 1 361
16374 3 976
16403 1 2270
16404 1 746
16426 2 1061
16432 1 505
16438 1 849
16439 1 738
16468 1 968
16470 1 229
16491 1 6610
16496 2 5161
16536 1 924
16552 1 1230
16654 1 933
16658 2 392
16668 2 260
16723 1 573
16748 1 3753
16772 1 105
16773 1 159
16776 1 539
16825 1 194
16827 1 1151
16835 4 3680
16839 1 568
16904 1 1560
16911 1 522
16934 1 763
16964 1 630
16979 1 915
16996 1 1017
17036 2 391
17085 1 1385
17086 1 843
17100 1 3005
17111 1 1220
17112 1 682
17127 1 426
17138 1 2150
17141 1 1634
17142 1 707
17148 1 894
17155 1 1406
17159 1 1453
17161 1 582
17162 1 675
17170 1 1231
17176 1 553
17182 1 3085
17202 1 2274
17216 1 1476
17217 1 1186
17218 1 1541
17242 1 2797
17244 1 10025
17249 1 716
17250 1 1492
17314 1 63
17338 1 612
17350 1 466
17386 1 119
17387 1 446
17399 1 844
17403 1 1207
17410 1 1752
17415 1 578
17428 1 990
17431 1 348
17455 1 1212
17477 1 375
17496 1 658
17520 1 955
17521 1 3039
17553 1 138
17570 1 5402
17596 3 360
17597 1 524
17622 2 339
17649 1 646
17652 1 557
17659 1 360
17665 1 841
17701 1 631
17704 5 2320
17817 2 6494
17836 1 578
17878 1 1062
17893 1 1832
17930 2 980
17968 1 426
17969 1 491
17970 1 299
17980 1 329
18024 1 488
18051 2 1999
18072 1 729
18103 1 729
18107 1 778
18125 1 1371
18132 2 1192
18148 1 989
18151 1 354
18152 1 502
18213 1 2075
18281 1 953
18291 1 945
18360 2 1158
18364 1 973
18391 2 687
18401 1 1110
18439 1 706
18456 2 1310
18457 2 1389
18458 2 1332
18463 1 1607
18464 1 1214
18465 1 1529
18470 1 849
18477 1 721
18479 1 962
18486 1 1075
18559 1 1226
18563 1 1099
18569 1 297
18631 1 340
18639 4 1434
18640 1 464
18719 2 2396
18720 1 673
18721 2 983
18728 2 2003
18744 1 775
18746 2 99
18752 1 520
18754 1 113
18759 1 2997
18769 1 2940
18784 1 779
18796 1 694
18806 1 272
18807 1 1099
18819 8 564
18846 1 1136
18849 1 2585
18864 1 263
18867 1 948
18868 2 607
18876 1 339
18901 2 307
18922 1 292
18964 1 1035
18971 1 621
18985 1 218
18986 1 508
19002 1 1321
19023 1 2348
19036 1 1671
19045 2 3919
19088 1 938
19089 1 440
19116 1 139
19120 1 850
19382 1 889
19389 1 338
19410 1 1119
19457 1 170
19458 1 175
19492 1 244
19501 1 1047
19502 1 2113
19510 1 1532
19513 1 308
19575 1 253
19594 1 245
19596 1 1001
19611 1 595
19615 2 1558
19639 1 1580
19641 1 321
19642 1 316
19643 1 3951
19680 2 5229
19681 2 10198
19682 1 1081
19683 2 2480
19684 2 2620
19685 2 4688
19686 2 4573
19687 2 2998
19688 2 1268
19689 2 2057
19690 2 2088
19691 2 1920
19764 1 173
19790 1 992
19794 1 390
19808 1 2160
19815 1 1176
19822 1 258
19823 1 320
19852 1 252
19859 3 1222
19865 1 1300
19897 2 3289
19902 4 3107
19907 3 674
19908 3 991
19936 1 829
19978 1 754
19983 1 2232
19984 1 3052
19985 1 8977
19986 1 1620
19987 1 3502
19988 1 1164
19989 1 1297
19990 1 1486
20145 1 97
20162 1 793
20195 1 1396
20196 1 455
20200 45 30304
20202 1 742
20203 1 283
20232 1 1085
20243 1 1017
20257 1 501
20264 1 376
20274 1 794
20276 1 904
20277 1 1485
20278 1 1044
20279 1 1548
20280 1 1019
20299 1 444
20303 1 856
20311 1 733
20404 2 1736
20416 2 1496
20610 1 577
20615 1 500
20764 1 1304
20782 1 495
20817 2 1910
20821 2 520
20825 1 1160
20832 1 1914
20879 1 1378
20880 1 329
20883 1 877
20912 1 360
20921 1 983
20940 1 1860
21007 1 373
21025 1 171
21071 2 784
21093 1 1025
21101 1 2647
21102 1 3237
21130 2 1097
21133 2 986
21166 1 681
21175 1 160
21176 1 150
21177 1 149
21195 1 1075
21196 1 879
21197 1 1044
21199 1 768
21297 1 1091
21299 1 9163
21302 1 670
21303 1 1520
21305 1 954
21308 1 465
21316 1 769
21324 1 1830
21343 1 810
21351 1 363
21352 1 1524
21353 1 1391
21378 2 356
21466 1 717
21504 1 2429
21512 1 519
21514 1 639
21537 1 548
21543 1 900
21557 1 543
21560 1 1658
21563 1 2416
21566 1 400
21571 1 1372
21572 1 1011
21573 1 1590
21596 2 394
21601 1 256
21602 1 226
21628 1 1456
21638 1 357
21670 1 1140
21691 1 541
21693 1 765
21696 1 480
21718 1 700
21720 1 969
21726 1 514
21729 1 789
21735 1 1028
21742 1 1069
21753 1 1168
21756 1 2820
21763 1 1527
21778 1 661
21780 1 286
21781 2 2594
21810 1 197
21819 1 568
21827 1 301
21828 1 678
21829 1 407
21865 1 2056
21877 1 1400
21883 1 316
21923 2 807
21937 1 764
21939 1 541
22011 1 1160
22022 1 916
22030 2 663
22040 1 681
22045 1 2727
22046 1 1341
22047 1 2622
22054 1 319
22059 1 821
22064 1 225
22078 2 579
22092 8 8456
22093 8 10393
22109 1 301
22134 1 821
22154 1 1123
22156 1 107
22186 1 1860
22198 1 2137
22209 1 915
22220 1 383
22231 2 1087
22414 1 1144
22429 1 997
22454 1 507
22517 1 376
22540 1 476
22571 1 456
22579 1 578
22595 1 311
22599 2 2198
22611 1 992
22614 1 126
22777 1 1813
22778 1 936
22883 1 848
22887 2 4212
22906 40 6036
22922 1 2658
22937 1 312
22938 1 451
22939 1 678
22940 1 455
22945 1 2400
22946 1 2519
22973 1 1006
22978 1 515
23001 1 6718
23023 2 1334
23024 2 1356
23025 2 1343
23027 1 1511
23028 1 1701
23029 1 1645
23040 1 296
23043 1 459
23044 1 953
23069 1 533
23115 2 756
23124 2 351
23146 2 825
23389 1 591
23411 1 2833
23431 3 2002
23442 1 1311
23463 1 445
23487 1 796
23495 1 1385
23501 1 127
23503 1 652
23511 1 1553
23517 1 1359
23528 1 183
23529 2 254
23534 1 830
23547 1 539
23565 1 387
23688 1 2643
23733 1 2720
23753 1 457
23760 1 1343
23775 11 1008
23777 2 1334
23782 1 1258
23783 1 1502
23799 1 824
23817 1 601
23842 2 428
23967 1 713
23970 1 297
23984 1 181
24121 1 1121
24141 1 143
24169 1 2066
24176 1 1121
24177 2 1040
24193 2 875
24218 1 733
24259 3 644
24282 3 469
24286 2 1402
24357 1 1310
24425 1 512
24440 1 1452
24461 1 554
24465 1 1100
24485 1 128
24511 1 755
24513 1 1816
24517 1 824
24519 1 202
24559 1 1044
24564 2 965
24588 2 1540
24606 1 314
24607 1 340
24608 1 327
24609 1 1188
24665 1 769
24666 2 3571
24667 2 2550
24668 4 6702
24669 2 2087
24710 1 184
24731 1 1332
24735 3 2767
24737 2 1993
24738 1 4416
24739 1 391
24773 1 1028
24782 1 173
24807 1 3878
24822 3 682
24831 1 1440
24844 2 1882
24871 1 376
24873 1 789
24874 2 1346
24875 2 1661
24876 2 2039
24877 1 291
24914 1 1788
24916 1 606
25025 1 117
25028 1 1149
25037 1 199
25047 1 1186
25056 2 650
25068 1 945
25077 1 553
25078 1 436
25079 1 484
25088 1 260
25114 1 551
25139 2 514
25157 1 771
25189 2 1305
25190 1 1528
25191 1 1013
25192 2 1525
25193 2 1425
25194 2 1545
25195 1 1073
25196 1 931
25202 1 698
25239 1 1019
25245 1 493
25276 1 1113
25282 1 1395
25307 1 758
25325 1 228
25389 1 689
25410 1 764
25413 1 1011
25423 1 676
25473 1 373
25482 1 462
25507 1 1510
25522 2 2549
25530 1 1188
25531 1 530
25539 1 282
25550 1 770
25558 1 170
25563 1 596
25569 1 223
25627 2 637
25687 1 571
25703 1 625
25722 1 825
25723 1 784
25724 1 502
25725 1 574
25726 1 775
25727 1 726
25773 2 358
25779 1 1124
25801 1 619
25809 2 1289
25810 1 1591
25811 2 1318
25815 1 1594
25816 1 1482
25833 1 754
25835 1 1343
25847 1 826
25906 1 1166
25953 1 427
25956 1 152
25964 1 4294
25968 2 814
26071 1 694
26073 1 874
26096 2 1094
26098 1 859
26112 1 972
26142 1 267
26158 1 139
26159 2 636
26194 1 814
26202 1 920
26205 10 1479
26292 1 776
26338 1 515
26359 4 3794
26377 1 813
26410 1 944
26439 1 1615
26445 1 1002
26454 1 1961
26459 1 1563
26477 2 1705
26488 1 1436
26505 1 418
26509 1 526
26513 1 799
26515 1 292
26520 1 460
26523 1 1076
26555 1 194
26608 1 1078
26609 1 323
26614 1 3554
26617 1 342
26628 1 556
26669 2 2034
26670 1 563
26695 1 918
26710 1 638
26722 2 1894
26723 2 1586
26724 1 529
26734 1 1445
26737 1 605
26741 1 777
26781 1 578
26805 2 1467
26816 4 2936
26825 4 2133
26849 1 634
26861 2 601
26867 1 133
26905 2 1309
26909 1 1645
26910 1 1469
26911 1 1477
26925 1 799
26944 1 2864
26945 1 2664
26946 1 2974
26947 1 1581
27131 1 1909
27258 1 1835
27261 2 1483
27274 1 716
27275 1 1290
27279 1 1412
27294 2 306
27328 1 1057
27341 1 906
27401 1 166
27409 9 4419
27412 1 1992
27455 1 331
27474 1 1604
27480 1 767
27526 1 375
27534 1 564
27548 1 1189
27559 1 665
27581 1 901
27588 1 190
27605 1 308
27607 1 1453
27654 2 2800
27655 1 624
27680 1 211
27700 3 2268
27706 2 1893
27714 4 400
27727 1 2086
27734 1 209
27753 1 353
27758 2 1663
27840 1 887
27851 2 5844
27866 1 4412
27867 1 1485
27868 1 2792
27869 1 1042
27872 4 3102
27905 1 644
27972 1 125
27996 1 1192
28017 4 578
28019 1 1127
28020 1 1130
28021 1 982
28022 1 1131
28023 1 983
28024 1 1130
28025 1 988
28026 1 704
28041 1 2090
28048 2 1522
28081 1 1204
28128 1 957
28129 1 1062
28130 1 1740
28131 1 1689
28132 1 1353
28152 1 148
28154 1 527
28166 1 327
28195 1 195
28196 1 954
28290 1 712
28342 1 374
28420 1 573
28437 11 1135
28447 2 1339
28457 2 5857
28458 2 5864
28466 4 10312
28472 2 3173
28473 1 1706
28571 1 768
28633 1 86
28634 1 180
28635 1 303
28636 1 143
28652 1 371
28653 1 704
28673 1 1086
28689 1 1875
28705 2 367
28722 2 848
28724 1 794
28726 1 332
28730 1 1156
28743 2 1455
28748 2 836
28775 1 393
28785 1 402
28796 1 2216
28861 1 1189
28863 1 622
28871 1 2000
28878 1 774
28881 1 2326
28882 1 177
28884 1 1347
28885 1 1833
28886 2 1271
28887 1 828
28888 1 748
28889 1 976
28951 1 4581
28952 1 980
29004 1 285
29009 1 1308
29081 1 1817
29110 1 675
29111 1 572
29132 1 1023
29186 1 618
29198 1 907
29388 1 443
29394 1 404
29404 1 644
29413 1 630
29417 1 739
29485 2 358
29505 1 1967
29506 1 409
29518 2 814
29533 1 1384
29545 1 2155
29583 4 360
29599 1 1621
29620 1 938
29643 1 86
29724 1 803
29812 1 962
29836 1 538
29894 1 489
29895 1 940
29896 1 1023
29897 1 647
29898 1 707
29899 1 815
29900 1 618
29901 1 757
29903 3 1998
29944 1 172
30020 1 501
30044 1 127
30055 1 2125
30078 1 923
30127 1 2006
30138 1 107
30179 1 574
30185 2 785
30186 1 1205
30196 2 385
30204 1 829
30272 3 2352
30280 1 1400
30331 1 1019
30335 2 386
30358 1 523
30373 1 937
30382 1 1172
30394 1 1246
30435 2 1206
30481 1 967
30485 1 187
30486 1 689
30514 10 749
30515 1 262
30526 1 4142
30531 1 295
30554 2 3073
30555 2 4027
30604 4 1396
30607 3 1263
30636 1 1957
30637 2 1514
30642 2 3081
30651 4 1026
30705 1 109
30706 1 188
30716 1 940
30726 1 481
30773 2 1925
30782 2 654
30784 1 319
30785 2 772
30797 1 800
30799 2 2179
30800 2 2230
30801 2 1675
30802 2 2179
30821 1 1456
30833 1 1063
30847 1 189
30864 1 440
30902 1 1476
30907 1 291
30915 1 710
30916 1 1435
30927 1 723
30928 1 1215
30929 1 1671
30930 1 1699
30968 1 464
31012 1 525
31060 2 309
31081 1 545
31090 2 1205
31132 1 407
31134 1 414
31213 1 325
31256 1 933
31295 1 265
31299 1 317
31312 3 684
31320 1 2381
31337 1 5832
31341 1 481
31405 2 669
31406 1 3326
31411 4 714
31420 3 725
31423 1 282
31550 1 1019
31563 1 728
31635 1 644
31636 1 631
31637 1 561
31675 1 1174
31679 1 895
31688 1 2740
31703 1 1955
31723 1 9877
31732 1 400
31739 2 977
31754 1 1235
31760 1 1909
31777 1 773
31778 1 709
31792 1 1389
31797 1 1376
31798 1 1484
31799 1 1487
31800 1 825
31801 1 985
31839 1 844
31859 1 1265
31860 1 1825
31878 1 719
31880 1 450
31884 1 396
31936 2 3664
31955 1 632
31974 1 846
31993 1 1186
32006 1 506
32024 1 416
32041 1 375
32190 1 3358
32204 1 379
32230 1 1393
32302 1 3115
32315 1 416
32347 2 824
32374 7 3413
32389 1 857
32426 1 3386
32427 1 122
32469 1 1242
32490 1 1063
32575 1 292
32584 3 2115
32595 1 709
32650 1 412
32651 1 710
32652 1 757
32708 2 669
32742 1 922
32758 2 1307
32759 2 1321
32763 1 295
32764 1 2272
32765 1 2291
32766 1 2278
32767 1 1580
32781 1 2000
32792 9 564
32799 1 531
32800 1 684
32807 1 710
32824 1 2602
32833 1 301
32834 1 752
32890 1 571
32896 1 563
32901 3 515
32967 1 164
32987 1 993
32989 3 1412
32990 3 1413
33067 1 257
33111 1 209
33122 1 1115
33125 1 771
33136 1 375
33154 3 340
33159 1 609
33209 2 573
33212 2 1506
33215 1 1134
33218 3 854
33234 1 832
33253 1 260
33257 1 996
33258 1 338
33261 1 726
33262 1 744
33269 1 453
33417 1 889
33425 1 548
33427 1 542
33430 2 1572
33434 2 620
33443 1 284
33468 3 537
33469 1 910
33489 1 1302
33506 2 364
33516 3 1170
33517 3 1259
33579 1 320
33627 1 763
33631 1 2116
33637 1 750
33651 1 315
33665 2 105
33704 2 462
33737 1 1077
33739 2 1711
33754 1 661
33756 1 1299
33759 1 931
33760 1 616
33761 2 281
33762 1 641
33765 1 4124
33799 1 390
33809 1 398
33821 1 253
33904 1 1776
33907 1 325
33912 1 645
33913 1 1278
33915 2 545
33926 1 953
34022 1 1978
34034 1 434
34052 2 11789
34067 1 1675
34103 1 907
34117 1 1025
34135 1 996
34137 1 974
34143 1 2404
34156 1 602
34177 1 1899
34181 1 274
34182 1 512
34190 2 394
34208 1 2130
34209 7 1701
34210 7 1920
34237 1 222
34259 1 320
34260 1 309
34261 1 329
34262 1 329
34263 1 358
34277 1 1189
34305 1 518
34309 1 975
34317 1 360
34319 1 188
34320 1 529
34321 1 506
34335 1 1518
34337 1 201
34365 1 456
34375 1 1602
34379 2 1659
34381 1 753
34384 1 748
34388 1 422
34408 1 1352
34413 1 545
34414 1 373
34417 1 213
34418 1 294
34425 1 820
34478 1 1361
34488 3 842
34536 1 1429
34545 1 1028
34553 1 1919
34554 1 1390
34555 1 1364
34556 1 2148
34570 1 384
34619 1 2069
34630 1 211
34671 1 390
34684 1 1140
34687 1 327
34689 1 1908
34695 1 697
34702 1 1354
34706 2 1801
34707 2 1676
34708 2 1716
34729 1 503
34742 1 355
34774 1 1968
34777 1 802
34781 1 4211
34813 3 2197
34825 1 778
34826 1 1380
34827 1 1335
34828 1 2867
34829 1 1444
34830 1 852
34837 1 1061
34843 1 983
34846 1 453
34863 1 280
34871 2 647
34878 2 2024
34905 1 1534
34906 1 481
34917 2 1013
34945 1 745
34954 1 779
34963 1 754
35043 2 155
35156 1 673
35168 1 775
35173 1 406
35317 2 1885
35318 1 181
35325 1 1767
35326 1 286
35341 1 814
35358 1 1042
35364 1 259
35387 1 4967
35394 1 538
35418 1 800
35420 1 1047
35421 1 591
35437 1 2276
35445 1 760
35454 1 2122
35455 1 554
35471 2 1247
35472 1 1008
35475 1 12761
35502 1 452
35507 2 1988
35527 1 818
35528 1 954
35529 1 1080
35531 1 967
35533 1 442
35561 2 326
35567 1 654
35613 1 447
35617 1 179
35653 1 775
35692 2 276
35699 1 633
35716 1 435
35721 1 515
35725 1 171
35740 1 1139
35743 1 4461
35794 1 510
35795 3 1082
35826 1 838
35847 1 965
35854 1 1371
35887 1 4260
35906 1 1780
35938 1 739
35941 1 1040
35942 1 999
35957 1 278
35993 1 1442
36019 2 852
36020 1 539
36043 2 1885
36046 1 967
36059 1 488
36061 1 213
36069 1 2227
36074 1 316
36075 1 325
36076 1 325
36077 1 325
36083 1 1627
36090 1 1149
36091 1 2113
36103 1 634
36113 1 842
36135 2 1001
36136 2 2452
36137 2 2930
36150 1 526
36159 2 579
36179 1 298
36193 1 449
36216 1 962
36222 1 1383
36230 1 191
36289 3 1392
36290 4 1878
36386 1 548
36414 1 3031
36415 1 4207
36416 1 1685
36417 1 2136
36424 2 1300
36429 1 1513
36443 1 1970
36450 1 487
36465 1 430
36466 1 679
36467 1 440
36490 1 397
36498 2 8241
36568 2 358
36591 1 766
36592 1 459
36596 1 790
36601 1 152
36614 1 2919
36624 3 1412
36625 3 1412
36626 3 1412
36676 1 327
36703 1 369
36713 1 851
36732 22 18263
36741 2 1127
36749 1 312
36755 2 886
36757 1 2134
36762 1 753
36801 3 2127
36811 2 873
36825 1 894
36828 1 1444
36830 1 842
36833 3 868
36852 1 2431
36853 1 322
36878 1 1195
36879 1 295
36884 1 1553
36910 1 499
36994 1 421
36996 2 694
37032 1 1856
37033 1 744
37038 1 1290
37046 2 995
37061 1 174
37066 1 767
37074 1 3457
37184 1 280
37192 1 921
37260 1 344
37268 1 333
37334 1 317
37353 1 496
37356 1 336
37358 2 995
37359 1 2181
37366 1 814
37385 1 1327
37389 3 921
37413 1 309
37414 1 312
37415 1 5377
37423 1 13622
37428 2 810
37437 1 595
37442 1 505
37456 2 2083
37457 2 3293
37458 2 1744
37471 1 828
37509 1 1007
37510 1 238
37514 1 866
37515 1 599
37543 1 574
37553 1 236
37581 1 171
37587 2 2098
37620 4 1774
37626 3 869
37692 1 1697
37702 2 1737
37705 1 900
37707 1 761
37709 1 1372
37712 1 8990
37713 1 1369
37714 1 2598
37715 1 1489
37721 2 1814
37744 2 1092
37847 1 132
37848 1 111
37852 1 155
37866 1 439
37893 1 7547
37903 1 357
37908 1 427
37927 2 380
37936 1 335
37944 1 940
37950 2 1675
37952 2 1675
37956 1 735
37971 1 1025
37974 1 1488
38002 1 678
38005 1 3590
38022 2 807
38038 3 1346
38072 1 763
38085 1 725
38089 10 3093
38153 3 1194
38160 1 549
38200 3 3117
38231 1 1012
38259 1 1539
38260 1 1664
38261 1 1243
38276 1 632
38286 1 546
38293 2 826
38294 2 1860
38312 2 320
38349 1 956
38372 1 477
38425 1 353
38443 2 1740
38459 1 335
38529 1 1224
38537 1 1111
38559 1 599
38566 1 325
38570 1 526
38576 2 1706
38590 1 753
38594 1 739
38602 1 826
38603 1 780
38604 1 707
38605 1 1076
38608 1 4302
38649 2 797
38657 2 1006
38661 1 618
38671 1 1330
38685 1 2596
38686 1 2997
38687 1 2099
38689 1 1157
38692 1 1658
38697 1 675
38707 1 415
38734 1 636
38741 1 543
38797 1 1539
38802 1 4212
38804 1 1858
38830 1 612
38838 1 1464
38843 1 1325
38856 1 466
38859 1 557
38864 1 704
38866 1 1238
38905 1 1096
38907 1 4305
38909 1 430
38913 1 596
38914 1 313
38925 1 1372
38947 1 1466
38954 1 2720
38961 2 1081
38975 1 912
38979 2 1182
38991 4 1489
38992 1 261
39005 1 620
39007 1 303
39008 1 311
39009 1 398
39012 1 1147
39023 1 663
39028 1 310
39030 1 612
39038 1 1980
39042 2 3251
39048 1 205
39058 1 334
39059 1 366
39071 1 460
39090 2 1090
39095 1 162
39097 1 1486
39121 2 2269
39126 1 1601
39185 2 236
39289 1 818
39296 2 1741
39301 1 12335
39312 1 1335
39313 1 2054
39314 1 1784
39320 1 906
39411 1 160
39412 1 348
39413 1 162
39416 1 301
39433 5 1508
39440 2 869
39452 1 543
39453 1 574
39465 1 984
39469 2 1674
39470 1 2520
39502 1 428
39503 1 311
39511 2 1178
39539 2 1033
39547 2 1316
39548 2 1379
39549 2 1321
39550 1 1569
39551 2 1323
39553 1 1762
39556 3 1631
39557 1 1481
39588 1 6063
39592 1 1058
39594 1 490
39617 1 698
39622 1 579
39623 1 508
39631 2 770
39641 1 1223
39686 2 404
39697 1 468
39705 6 2975
39711 1 1160
39713 1 849
39768 1 1331
39776 1 569
39797 1 2288
39804 1 538
39818 1 368
39909 1 173
39919 1 340
39922 1 1063
39939 1 2186
39954 1 666
39959 1 969
39963 1 452
39967 1 878
39978 33 30166
40060 1 1447
40063 1 357
40068 1 596
40076 2 1554
40080 1 927
40083 1 1444
40107 3 1049
40131 1 5534
40153 1 326
40158 1 295
40161 1 941
40162 1 914
40163 1 1175
40165 1 439
40167 1 1108
40168 4 919
40169 1 325
40192 1 292
40197 3 672
40199 2 1194
40215 2 861
40259 1 883
40309 2 678
40339 1 739
40378 1 480
40389 1 1995
40400 2 2099
40407 1 2371
40417 1 1051
40448 1 3806
40468 1 2719
40479 2 1354
40523 1 222
40550 1 3684
40553 1 577
40557 1 979
40561 1 1537
40585 2 1235
40622 1 541
40625 1 980
40627 1 1351
40636 1 3362
40640 1 1436
40642 1 298
40645 1 373
40656 1 434
40657 1 850
40672 1 714
40676 2 1343
40690 1 1709
40701 1 316
40702 1 1044
40727 1 556
40752 1 606
40756 1 269
40759 1 686
40760 1 488
40778 1 855
40788 4 1583
40803 1 486
40808 1 297
40809 1 310
40819 3 10440
40820 1 4100
40821 1 1252
40825 1 1760
40826 1 1717
40845 1 592
40852 1 1780
40854 1 1256
40865 1 1021
40898 2 2825
40899 2 5270
40900 2 3388
40926 10 4236
40949 1 291
40959 1 5445
40979 1 841
40985 2 2120
40987 1 356
40988 1 396
41005 1 1363
41012 1 593
41040 2 784
41047 1 1994
41048 1 1925
41057 1 3871
41061 1 890
41063 1 303
41077 1 1806
41099 2 967
41122 1 237
41176 1 372
41178 1 684
41179 1 771
41180 1 763
41181 1 594
41243 2 725
41278 2 1339
41279 2 1297
41280 2 1332
41281 2 1323
41282 1 1639
41283 2 1427
41284 1 1587
41290 1 1644
41291 1 1274
41297 1 441
41309 1 199
41327 1 4020
41375 1 292
41520 1 142
41524 2 2455
41531 1 938
41533 2 244
41538 1 840
41699 1 589
41713 1 1310
41726 1 2949
41734 1 1494
41743 1 1028
41759 1 1680
41777 1 1117
41783 1 365
41789 1 925
41791 2 1418
41797 3 1275
41818 1 3884
41819 1 470
41822 2 1997
41832 1 331
41838 1 718
41840 1 2915
41841 1 1074
41842 1 1367
41853 1 4530
41866 1 1666
41874 1 571
41877 2 1119
41893 1 345
41909 4 576
41944 1 160
41992 1 132
41998 1 845
42020 1 2292
42026 1 147
42051 1 2366
42058 1 1781
42147 1 515
42159 1 721
42205 1 451
42212 1 527
42214 1 434
42216 1 988
42263 1 401
42266 1 1519
42284 2 1827
42297 1 1946
42306 1 846
42349 1 527
42351 1 328
42352 1 322
42353 1 3727
42362 1 10503
42364 1 309
42365 1 825
42369 1 791
42372 1 915
42383 1 1102
42391 1 608
42393 1 1141
42394 1 473
42422 2 5724
42423 2 2011
42424 2 6309
42425 2 5948
42429 26 678
42465 1 321
42489 2 1484
42505 1 1014
42510 1 1487
42511 1 1464
42518 1 249
42519 1 684
42585 4 2844
42592 3 1042
42631 2 1557
42664 1 1406
42676 1 1415
42773 1 741
42777 1 1444
42824 1 1386
42827 1 817
42828 1 827
42839 1 314
42840 1 870
42865 1 148
42891 1 920
42915 1 1556
42930 2 608
42956 1 366
42957 1 640
42958 1 605
42961 1 548
42966 1 1895
42990 1 518
42991 1 553
43010 1 493
43044 3 1869
43047 1 405
43050 1 787
43080 2 1369
43081 2 1287
43082 2 1328
43083 2 1414
43084 2 1401
43086 1 1175
43118 1 649
43125 1 858
43129 1 509
43130 1 505
43143 1 812
43157 1 498
43161 1 1596
43245 1 2907
43252 1 1159
43315 1 377
43337 1 884
43343 1 447
43349 1 377
43415 1 176
43436 1 322
43477 28 22611
43489 2 1060
43533 1 903
43535 1 1147
43544 2 203
43553 1 1438
43554 1 292
43560 1 548
43562 1 682
43563 2 518
43583 1 569
43607 3 742
43614 1 194
43620 1 1150
43621 1 465
43637 5 1684
43644 1 839
43650 1 579
43651 2 267
43685 4 1014
43743 1 1070
43749 1 2541
43768 1 1020
43783 1 808
43785 1 2976
43789 1 1442
43809 2 159
43810 2 966
43811 1 208
43905 1 1196
43906 1 461
43908 1 1405
43911 1 678
43925 1 554
43938 1 1026
43960 1 1986
43964 1 1339
44011 1 1934
44022 1 1065
44028 1 1537
44055 1 139
44060 1 880
44061 1 796
44062 1 994
44079 1 356
44086 2 639
44117 1 411
44122 2 1272
44123 1 593
44126 4 215
44145 2 1893
44149 1 314
44150 1 310
44151 1 315
44152 1 329
44153 1 1288
44164 1 811
44175 1 865
44212 1 1650
44217 2 3228
44218 2 6003
44219 2 1788
44247 1 2369
44259 1 776
44263 2 624
44270 1 196
44286 1 5425
44300 1 310
44303 2 2027
44304 2 1936
44305 2 1936
44308 1 442
44332 1 826
44389 1 1440
44401 1 323
44405 1 586
44413 1 452
44417 1 1031
44472 3 1241
44497 1 839
44503 1 665
44528 1 120
44529 1 874
44530 1 442
44541 1 519
44546 1 664
44552 1 476
44561 1 661
44562 1 430
44578 1 375
44590 2 3346
44759 1 533
44760 1 441
44765 1 411
44766 1 239
44779 1 1194
44784 2 267
44810 1 640
44811 4 208
44846 1 375
44910 2 715
44930 1 290
44931 2 330
44950 1 532
44967 1 3619
45094 1 848
45095 1 1223
45166 1 2013
45174 1 892
45177 1 674
45239 1 487
45244 1 500
45257 1 368
45258 1 799
45259 1 611
45260 1 899
45295 1 700
45321 1 739
45331 3 1479
45334 1 365
45350 1 693
45365 1 500
45378 1 845
45394 1 1505
45397 2 1394
45406 1 1233
45435 2 1178
45436 1 399
45443 1 425
45444 1 502
45454 1 1087
45595 1 208
45603 1 1336
45604 2 345
45682 1 349
45685 1 150
45686 1 177
45690 1 374
45694 1 469
45695 1 928
45712 10 454
45713 5 545
45714 1 379
45818 1 309
45851 1 2388
45857 1 903
45859 24 21421
45874 2 989
45885 1 459
45888 1 628
45889 1 1020
45913 1 1708
45940 1 492
45941 1 616
45956 2 4392
45960 2 2353
45961 1 834
45970 1 558
45981 1 1001
45982 1 346
45986 1 366
45988 1 561
45994 1 993
46017 1 725
46045 1 199
46087 1 1968
46089 1 844
46135 2 1017
46151 1 537
46154 1 1899
46169 5 5011
46307 1 833
46348 2 770
46352 1 836
46368 1 224
46372 1 1372
46375 1 799
46376 1 1363
46377 1 731
46384 1 827
46393 1 1295
46411 1 452
46423 1 613
46443 1 518
46467 7 1655
46491 1 301
46516 1 1910
46525 1 984
46538 1 1327
46541 1 1240
46543 1 615
46544 1 2693
46551 2 8597
46552 2 9921
46602 1 143
46604 1 417
46612 1 2153
46616 1 941
46646 1 1436
46651 9 767
46652 1 376
46656 1 169
46658 2 1382
46663 1 1197
46730 4 1979
46736 1 664
46779 1 1776
46788 1 852
46791 1 889
46801 1 577
46803 1 1295
46811 1 2035
46812 2 3767
46813 1 1367
46814 2 2350
46821 1 1634
46826 2 943
46827 2 830
46890 1 382
46898 1 509
46934 1 857
46944 1 318
46953 1 323
46962 2 1676
46963 2 1830
46964 2 1676
46968 2 1661
46988 1 1340
47004 1 939
47007 1 834
47040 1 1605
47049 1 492
47060 1 717
47070 1 1023
47083 1 515
47098 1 869
47124 1 628
47125 1 781
47145 2 592
47148 1 1482
47150 1 303
47161 1 1358
47212 1 491
47229 1 384
47235 1 890
47241 1 339
47262 1 447
47291 1 193
47296 1 1535
47297 1 839
47308 1 1139
47337 1 337
47374 1 1188
47385 1 516
47387 1 279
47428 1 152
47432 2 756
47438 2 1445
47443 3 1833
47456 1 472
47492 1 591
47534 1 282
47620 1 1003
47672 1 816
47681 1 611
47685 1 428
47746 1 386
47747 1 757
47754 1 2467
47809 1 655
47829 1 666
47845 2 1535
47846 2 1298
47847 2 1388
47853 1 305
47865 1 1970
47873 1 1264
47874 1 1462
47887 1 211
47898 1 1891
47900 1 1530
47991 1 741
48007 1 139
48008 1 193
48009 1 110
48010 1 206
48012 1 228
48014 1 160
48015 1 156
48016 1 85
48018 1 139
48019 1 343
48025 1 169
48063 1 1398
48064 1 262
48091 1 849
48094 1 1182
48097 1 494
48102 1 1483
48108 1 1242
48113 1 651
48114 1 991
48115 1 628
48116 1 1532
48136 2 802
48137 2 809
48138 2 781
48139 2 671
48142 1 326
48149 1 949
48150 1 1299
48152 2 1035
48153 2 1188
48208 1 828
48210 1 741
48225 1 987
48232 2 847
48263 1 179
48265 1 895
48282 10 1204
48290 1 2106
48291 1 390
48294 2 1479
48298 1 431
48299 6 3767
48300 10 2019
48301 1 772
48312 3 1292
48322 2 338
48345 1 461
48367 1 1869
48372 1 672
48381 1 692
48407 1 1657
48412 1 415
48426 1 1005
48435 1 201
48436 1 661
48469 1 2316
48471 2 2563
48494 1 1187
48501 1 3845
48506 1 1340
48507 1 1533
48508 1 1328
48527 2 789
48529 1 473
48536 1 1211
48568 1 363
48574 7 1338
48577 1 940
48592 1 907
48638 1 1013
48639 1 2034
48642 1 420
48645 1 1419
48653 1 343
48658 1 425
48662 1 522
48664 1 1021
48674 1 1144
48677 1 425
48679 1 2017
48737 1 179
48743 1 891
48746 2 1274
48747 1 1809
48752 1 1640
48818 1 3023
48848 1 592
48863 1 749
48864 1 1135
48866 1 970
48868 1 950
48933 1 1238
48959 1 1293
48960 1 2073
48967 1 1372
48991 1 1977
48992 1 462
49068 1 663
49071 1 1361
49100 1 2086
49114 1 314
49179 1 653
49222 1 822
49229 1 532
49234 1 861
49254 1 610
49270 1 850
49283 1 648
49284 1 586
49285 1 634
49304 1 622
49330 1 1076
49354 1 2334
49361 1 393
49371 1 753
49372 1 893
49373 1 709
49381 2 2611
49383 2 828
49384 1 342
49385 3 1108
49447 1 742
49471 1 1921
49510 1 2250
49528 1 135
49532 2 1310
49533 2 1303
49534 2 1337
49535 2 1450
49552 1 1919
49568 1 909
49571 1 1114
49586 1 395
49587 1 480
49600 1 1153
49601 1 978
49619 1 575
49626 1 1327
49627 1 237
49676 1 756
49680 1 5727
49693 1 608
49694 1 217
49706 1 1142
49730 1 623
49736 1 660
49747 2 512
49750 1 597
49752 1 1670
49759 1 404
49764 6 690
49766 1 1245
49777 9 853
49778 8 881
49780 1 860
49783 1 306
49860 2 2471
49861 3 1351
49898 3 855
49899 3 812
49954 1 43
49956 1 115
49970 1 1052
49975 1 666
49980 1 684
49988 2 2850
49989 1 1751
49990 1 3509
49991 1 1914
49992 1 1485
50000 1 1686
50016 2 11583
50017 1 2970
50048 1 385
50119 1 144
50121 1 2247
50129 10 1730
50135 1 525
50163 2 4995
50172 2 707
50196 1 3087
50224 1 612
50241 1 2798
50243 1 657
50251 1 895
50252 1 981
50256 1 865
50260 1 1300
50276 1 230
50317 4 2395
50329 1 886
50331 1 1304
50377 1 2084
50396 2 1096
50397 1 1113
50398 1 717
50399 2 1367
50400 2 2559
50401 2 1688
50402 1 898
50403 2 1369
50404 3 1746
50405 1 1353
50406 1 2161
50445 1 2439
50448 1 1330
50453 1 1051
50458 2 1281
50533 1 911
50545 1 531
50556 1 1044
50557 1 395
50565 1 600
50597 10 2594
50598 10 5177
50599 10 5431
50618 1 410
50619 1 415
50733 1 1460
50734 1 2167
50735 1 2198
50800 1 183
50875 1 754
50876 2 1330
50877 2 1428
50881 2 4909
50895 1 2073
50982 1 375
51006 10 2540
51007 1 632
51013 1 1647
51017 1 3675
51043 1 1273
51044 2 740
51056 1 583
51059 2 2082
51062 1 2206
51078 1 334
51103 1 478
51112 1 1214
51126 1 863
51146 3 2691
51162 1 468
51221 1 240
51236 1 1936
51237 25 2338
51242 1 306
51298 1 773
51324 1 2010
51325 1 1021
51342 1 1149
51348 1 640
51397 1 795
51467 1 469
51476 2 2010
51477 1 605
51480 2 1345
51481 2 1345
51482 2 1341
51483 2 1357
51484 2 1340
51485 2 1335
51486 2 1336
51487 2 1378
51493 1 1461
51504 10 480
51509 1 1022
51515 1 518
51523 1 1944
51524 1 1734
51553 1 153
51565 3 1885
51566 1 149
51590 1 916
51608 3 1170
51609 3 1170
51610 3 1170
51719 1 562
51727 1 360
51729 2 529
51730 1 505
51753 1 183
51774 1 1467
51780 1 1235
51791 1 1688
51797 3 962
51823 2 741
51824 1 1527
51828 1 2276
51831 1 734
51832 1 1066
51838 1 226
51843 3 6718
51845 2 1135
51848 1 1167
51852 1 599
51854 2 393
51855 2 1007
51923 1 286
51965 1 703
51966 1 593
51967 1 2148
51974 1 1918
51976 1 1263
51990 1 189
51991 1 4229
52007 1 785
52030 1 1803
52051 1 553
52082 1 452
52092 1 1269
52095 1 768
52117 1 371
52140 1 3824
52149 1 1612
52155 1 587
52163 1 531
52164 1 734
52184 1 4601
52225 2 1690
52226 1 671
52244 4 1659
52263 1 298
52264 1 330
52265 1 328
52266 1 5261
52300 1 6036
52303 2 1966
52304 2 1864
52318 1 1092
52339 1 1963
52341 1 1653
52361 2 770
52370 1 317
52391 1 595
52400 3 1455
52404 2 1285
52406 3 4365
52422 3 969
52472 1 1216
52473 1 1195
52477 2 1598
52485 1 1304
52486 1 2426
52487 1 1464
52494 1 568
52497 1 320
52557 1 5509
52559 2 2209
52560 2 2179
52593 1 1184
52594 1 996
52636 1 215
52651 1 2028
52713 1 153
52723 1 1320
52789 1 1324
52797 4 2584
52816 2 1004
52946 1 1982
52968 1 814
52971 1 373
53027 1 1659
53029 1 217
53031 1 683
53034 1 2302
53036 1 1242
53037 1 902
53039 1 1539
53046 1 6992
53090 1 791
53112 1 342
53137 1 1658
53145 1 318
53165 2 600
53204 1 471
53219 1 358
53225 1 706
53245 1 157
53353 1 656
53358 1 529
53364 1 436
53370 1 662
53397 1 392
53425 1 881
53426 1 265
53430 1 48057
53436 1 354
53442 1 8599
53466 1 726
53469 2 2932
53482 2 1226
53493 3 8152
53497 1 1219
53500 1 760
53504 1 1081
53505 2 947
53519 4 1735
53531 1 309
53532 1 317
53533 1 1937
53541 1 1370
53542 1 401
53549 1 1593
53551 1 314
53598 1 800
53600 2 1756
53601 2 2754
53602 2 1819
53603 2 2774
53604 1 510
53666 1 305
53680 1 837
53682 2 1860
53688 2 2329
53690 1 426
53735 1 915
53758 2 358
53787 3 992
53839 2 1223
53870 1 410
53872 2 1631
53879 1 1297
53908 1 1337
53909 1 2366
53910 1 1481
53932 3 2291
53936 2 1821
54102 1 126
54103 1 104
54104 1 134
54118 1 405
54119 1 553
54150 1 661
54152 1 394
54157 4 5381
54160 1 1691
54199 1 533
54206 2 1036
54212 1 1573
54221 1 225
54224 1 579
54225 1 998
54228 2 1079
54242 1 419
54249 1 1272
54255 1 1127
54259 1 738
54260 1 1120
54261 1 808
54262 1 930
54285 1 983
54313 1 316
54327 1 1517
54361 1 244
54386 1 606
54391 1 1246
54397 1 877
54402 1 972
54403 1 997
54404 1 819
54405 1 981
54406 1 784
54407 1 905
54443 1 486
54444 1 588
54486 1 308
54506 1 383
54510 1 1065
54511 1 1251
54512 1 1202
54551 1 2055
54552 1 2960
54553 1 2793
54554 1 2063
54555 1 1171
54556 1 1505
54557 1 1040
54559 1 2260
54587 1 474
54624 1 1892
54644 1 427
54645 1 908
54658 1 507
54662 1 422
54677 1 641
54678 1 990
54858 1 307
54944 1 464
54961 1 1281
54980 1 729
55059 2 2098
55063 1 17333
55083 18 780
55085 1 476
55129 1 293
55152 1 416
55170 1 90
55317 3 1034
55411 1 830
55429 1 377
55497 1 4177
55498 1 5155
55532 1 367
55533 1 939
55534 1 599
55535 1 726
55547 1 806
55606 1 335
55612 3 642
55632 1 985
55665 2 1299
55666 2 1316
55667 2 1339
55673 1 1167
55675 1 1312
55695 1 462
55706 1 492
55716 1 1201
55739 1 960
55929 1 241
56022 1 150
56023 1 142
56033 2 143
56036 1 192
56196 2 1404
56238 2 1678
56239 2 1417
56240 2 1255
56245 1 765
56265 1 1324
56266 1 1037
56272 1 829
56291 2 259
56411 1 169
56412 1 98
56413 1 152
56414 1 142
56468 1 697
56487 2 3333
56517 1 1089
56537 1 290
56541 2 1812
56553 3 7598
56561 1 535
56562 1 239
56588 1 218
56590 1 2070
56602 1 1212
56610 1 679
56620 1 1243
56635 1 1373
56672 1 547
56681 1 639
56695 1 1426
56704 1 1297
56731 1 646
56737 1 1156
56738 1 1204
56739 1 1907
56740 2 1059
56741 1 928
56742 1 1393
56743 1 820
56788 7 2350
56791 1 600
56792 1 1075
56796 1 443
56797 1 231
56828 1 687
56839 2 8203
56856 1 427
56860 1 1462
56861 1 1250
56888 1 2750
56920 2 373
56929 1 1002
56956 1 1447
56991 1 854
57008 1 404
57011 1 1023
57028 1 895
57034 1 407
57040 2 3492
57164 2 2492
57213 1 1593
57220 1 1104
57238 1 2018
57254 1 1206
57260 1 463
57286 1 2048
57292 2 1043
57347 1 404
57372 1 2559
57375 4 432
57377 1 862
57394 1 2704
57395 1 481
57400 1 497
57408 3 3005
57417 1 435
57436 1 3484
57441 1 2098
57442 1 639
57459 1 1142
57467 1 669
57476 1 1805
57514 1 1041
57530 1 2185
57545 1 76
57659 1 917
57724 1 861
57754 1 764
57782 1 1036
57827 4 1465
57841 3 578
57880 2 956
57881 2 2310
57916 11 1132
57931 2 1340
57932 2 1447
57939 1 630
57941 1 636
57950 4 10362
57951 4 10312
57962 1 2722
57963 1 1707
57964 1 1922
57965 1 3015
57996 2 1452
58000 1 818
58187 1 139
58190 1 148
58198 1 879
58216 1 1715
58226 20 2030
58232 1 1144
58247 33 19391
58296 1 1436
58307 1 461
58319 1 719
58339 1 561
58347 1 656
58352 1 704
58353 1 732
58354 1 871
58355 1 1108
58356 1 993
58384 1 276
58469 1 130
58507 2 831
58711 1 1429
58725 1 443
58729 1 873
58782 2 2475
58810 2 891
58854 2 292
58886 1 1211
58888 1 1058
58903 2 1187
59151 1 714
59167 2 1393
59201 1 347
59221 1 414
59222 1 699
59223 1 726
59224 1 872
59230 1 780
59242 1 417
59243 1 182
59250 1 752
59268 1 191
59287 1 827
59302 2 1303
59307 1 1547
59308 1 1531
59309 1 1651
59310 1 1560
59324 1 217
59350 1 8331
59354 1 514
59385 2 342
59418 2 9567
59462 4 1879
59463 4 2182
59464 4 1707
59573 1 1577
59595 1 651
59664 2 1642
59665 2 1543
59666 2 1637
59667 2 1525
59668 2 1659
59671 1 422
59673 1 1162
59674 1 774
59678 1 1480
59679 1 2650
59680 1 2653
59681 1 3350
59699 1 1994
59732 1 921
59775 1 201
59810 1 741
59820 1 1834
59821 1 1475
59840 2 350
59913 2 535
59914 1 824
59921 1 418
59930 1 140
59945 1 941
59946 2 1687
59947 1 1309
59948 1 806
59949 1 974
59950 2 1036
59951 1 756
59952 1 1298
59953 1 686
59954 1 1076
59996 1 1482
60116 1 1842
60118 1 1897
60124 2 3277
60165 2 857
60170 1 925
60171 1 1344
60176 1 1953
60224 2 8194
60225 2 2094
60226 2 2054
60227 2 2086
60228 2 2197
60293 1 721
60300 1 1826
60334 4 298
60349 1 1057
60379 1 1146
60388 2 978
60424 1 555
60434 1 1031
60437 1 199
60451 2 2513
60486 4 1521
60518 1 425
60523 1 1348
60524 1 765
60529 1 1952
60625 10 994
60661 1 4572
60662 1 6202
60690 1 403
60696 1 834
60698 1 502
60701 2 1999
60702 2 1966
60703 2 1672
60741 1 3011
60747 1 1472
60841 1 83
60963 2 3508
60977 1 1191
61036 1 779
61049 2 243
61053 1 1691
61054 1 1507
61055 1 1513
61169 3 3257
61175 1 561
61206 2 1042
61214 1 535
61244 2 441
61247 1 993
61249 1 1001
61251 1 994
61260 1 1077
61265 1 186
61266 1 188
61292 1 314
61294 1 796
61390 2 1105
61417 1 1310
61423 1 1232
61424 1 797
61522 1 282
61528 13 599
61605 1 196
61610 1 1320
61612 1 640
61624 1 1565
61628 1 7244
61629 1 1176
61644 1 248
61663 1 771
61666 2 1012
61684 1 316
61685 1 363
61696 1 1162
61701 1 1679
61704 1 386
61713 2 4885
61738 1 523
61758 1 980
61767 1 436
61770 1 1373
61799 2 1049
61800 2 1282
61801 2 1303
61802 2 1596
61888 1 422
61889 2 1761
61894 1 3336
61895 1 1396
61919 1 785
61938 8 6544
61939 8 10305
61942 1 1229
61962 1 141
61963 1 124
61964 1 162
61965 1 157
61966 1 150
62009 1 1118
62050 1 841
62062 1 6529
62090 1 868
62125 4 597
62126 4 597
62132 1 564
62185 1 350
62190 1 838
62215 1 1984
62259 1 1550
62296 1 305
62305 1 669
62308 1 395
62358 1 1453
62359 1 1342
62360 1 1370
62447 1 738
62493 1 1022
62514 1 3635
62546 2 730
62565 1 364
62616 1 1362
62633 1 457
62669 1 1183
62750 2 1350
62753 1 484
62756 1 570
62775 2 2968
62776 2 541
62822 1 802
62825 1 437
62839 1 1047
62876 1 353
62888 1 1082
62935 1 1250
62963 1 1028
62983 1 789
63033 1 862
63057 1 1202
63071 1 823
63091 1 599
63169 1 1823
63176 1 446
63190 1 400
63191 1 374
63192 1 625
63193 1 686
63194 1 559
63245 1 991
63253 1 1086
63267 2 540
63274 1 1002
63290 1 392
63292 1 117
63303 1 1198
63326 2 1307
63327 2 1286
63328 2 1422
63329 2 1339
63330 2 1372
63331 1 1592
63332 1 359
63340 1 1572
63341 1 1591
63342 1 1326
63343 1 1651
63366 3 796
63369 1 681
63371 1 1573
63385 1 486
63386 1 505
63413 1 535
63462 1 3556
63492 1 675
63506 1 1075
63513 3 539
63518 1 192
63554 1 2850
63566 1 2589
63567 2 2685
63577 1 110
63589 2 500
63590 2 1793
63591 1 1197
63613 4 408
63617 3 2218
63619 1 662
63689 1 998
63703 1 2027
63728 1 1379
63752 1 1290
63755 1 295
63783 1 317
63784 1 307
63785 1 1430
63810 1 1000
63827 1 1179
63834 2 3002
63835 2 4072
63836 2 3200
63837 2 6313
63838 2 3268
63871 1 196
63873 1 195
63874 1 387
63878 1 307
63888 1 599
63899 1 679
63915 1 1055
63916 1 1072
63929 1 1348
63950 1 345
63973 4 2472
63980 3 749
64043 2 1623
64080 1 249
64081 1 1183
64085 1 1615
64272 2 723
64280 1 126
64281 1 144
64294 1 2023
64298 1 282
64331 20 3013
64339 1 437
64350 22 20899
64376 1 2975
64398 2 703
64437 2 1636
64447 1 474
64455 1 1106
64456 1 405
64463 1 696
64467 1 1401
64468 1 831
64469 1 1141
64470 1 387
64471 1 783
64498 1 397
64500 1 425
64502 1 680
64522 1 528
64530 1 456
64539 10 837
64542 1 1329
64543 1 1339
64565 1 452
64589 1 430
64603 1 838
64615 1 370
64628 4 1855
64643 1 1044
64654 1 980
64668 1 112
64674 2 936
64681 2 3466
64990 1 783
64996 1 354
65001 1 261
65020 1 571
65022 1 526
65030 1 437
65104 1 8712
65110 2 981
65115 1 789
65131 1 1018
65268 1 787
65309 1 337
65353 1 1202
65403 1 1211
65407 1 803
65438 1 1287
65481 1 1071
65485 1 578
65527 1 167
65532 1 349
65539 1 628
65553 1 415
65558 1 385
65565 1 1270
65651 2 1756
65668 1 993
65673 1 540
65676 1 437
65686 1 1470
65757 1 1393
65816 1 929
65820 2 635
65859 1 155
65866 2 1221
65870 1 732
65932 1 905
65943 1 1234
65952 1 298
65961 2 2405
65963 1 958
65985 1 307
66016 2 1106
66118 2 6182
66123 1 1344
66173 1 451
66184 1 373
66185 1 402
66186 1 636
66207 1 517
66220 1 652
66267 1 764
66290 2 1342
66291 1 1544
66298 1 1664
66313 1 1270
66317 1 781
66318 1 527
66330 1 642
66339 1 169
66351 1 901
66359 1 478
66399 1 697
66415 1 6038
66421 1 437
66426 2 673
66427 1 807
66436 3 1259
66437 3 1259
66438 1 298
66459 1 359
66465 1 344
66486 1 1876
66496 1 657
66515 1 6274
66536 1 727
66537 1 489
66547 1 1078
66550 3 513
66566 1 1220
66609 1 980
66618 1 599
66634 1 522
66651 1 700
66688 1 417
66694 1 278
66698 1 2058
66699 2 1497
66716 1 908
66724 1 909
66728 1 700
66748 1 1830
66751 1 11896
66758 1 242
66767 1 467
66812 4 371
66897 1 2315
66933 1 626
66950 80 10294
67028 3 2731
67058 1 302
67086 1 647
67089 1 1117
67106 2 1293
67128 1 630
67129 1 393
67134 1 498
67144 21 987
67168 1 2878
67169 1 1155
67191 2 798
67192 2 338
67195 1 6824
67223 1 1469
67227 1 1190
67263 1 1563
67298 1 179
67299 1 180
67300 1 183
67304 1 754
67352 1 2080
67373 1 883
67375 1 994
67415 6 10077
67424 1 777
67435 2 836
67436 1 336
67518 1 2462
67519 15 10460
67544 2 880
67558 1 1425
67561 1 368
67563 1 287
67596 1 273
67599 1 1087
67612 1 800
67613 1 899
67614 1 1941
67615 1 840
67616 1 694
67618 1 1465
67623 1 1432
67631 1 448
67640 1 808
67656 1 1484
67705 1 782
67743 1 210
67756 1 5291
67768 1 271
67773 2 455
67824 1 251
67837 1 223
67863 1 146
67865 1 877
67916 1 1568
67932 1 1483
67960 1 1066
68012 1 356
68047 1 1652
68048 1 1048
68064 1 712
68076 1 792
68077 1 933
68085 1 281
68100 1 650
68131 1 467
68132 4 2295
68133 1 220
68142 1 2271
68151 1 2465
68159 2 6709
68160 2 6120
68161 2 1742
68192 1 2334
68198 1 710
68202 1 326
68203 1 304
68210 1 1864
68225 2 679
68234 1 465
68262 1 891
68283 1 875
68302 1 753
68303 1 942
68304 1 1362
68305 1 3491
68311 1 1492
68318 3 312
68324 1 395
68325 1 668
68346 1 2235
68349 1 282
68357 1 205
68359 1 788
68374 1 390
68420 1 2517
68421 1 2923
68424 1 1934
68444 1 1026
68447 1 403
68640 1 171
68641 1 156
68642 1 182
68669 1 335
68684 1 991
68707 12 4537
68710 1 780
68720 1 778
68721 1 340
68770 1 757
68779 1 316
68786 3 1076
68795 1 1251
68803 1 1117
68811 1 1296
68843 1 529
68844 1 591
68859 1 989
68860 1 2402
68861 1 788
68862 1 2573
68883 1 472
68890 1 455
68938 1 1260
68939 1 1221
68952 1 1060
68957 2 1340
68961 3 1060
68994 2 293
69018 1 972
69019 1 1114
69023 2 880
69037 1 110
69049 1 485
69063 1 479
69064 1 1196
69069 1 396
69374 1 1453
69429 1 251
69447 1 485
69493 1 991
69510 1 278
69519 1 488
69544 1 545
69545 2 711
69703 2 550
69829 1 993
69837 1 747
69838 1 966
69857 1 608
69870 40 5850
69908 1 420
69909 1 816
69910 1 648
69911 1 666
69912 1 863
69964 1 556
69973 1 835
69983 1 1014
69999 1 1153
70001 1 745
70031 2 1376
70032 2 1290
70033 2 1365
70038 1 385
70050 1 1597
70051 1 825
70063 1 368
70077 1 495
70088 1 320
70089 1 760
70104 2 652
70120 1 629
70179 2 330
70181 1 308
70207 1 10208
70259 1 1430
70268 1 511
70275 1 2825
70279 6 12383
70286 1 806
70289 2 1270
70297 1 5416
70345 1 930
70350 1 1366
70354 1 282
70361 1 608
70375 3 1033
70376 3 1020
70396 1 394
70397 2 1331
70398 1 575
70401 1 525
70408 1 189
70411 1 773
70412 1 337
70416 1 1011
70417 1 765
70418 1 303
70424 1 752
70440 2 296
70456 1 954
70488 1 2098
70491 1 206
70493 1 198
70532 4 1139
70542 1 597
70543 1 923
70571 1 412
70580 4 634
70583 1 837
70586 1 2455
70595 1 2506
70598 1 202
70599 1 147
70601 10 2514
70605 1 1064
70606 1 193
70700 1 756
70838 1 1950
70841 1 8361
70848 1 793
70849 1 1487
70850 1 356
70851 1 914
70884 1 612
70888 1 746
70920 1 569
70930 1 602
70947 1 1439
70960 2 2677
70987 2 1027
70994 1 761
71001 1 688
71007 1 1032
71013 2 1564
71022 3 2146
71036 2 352
71038 2 257
71039 1 306
71053 1 498
71065 1 881
71074 1 229
71075 1 213
71077 2 2876
71078 2 9605
71079 2 1485
71080 2 1970
71131 1 5992
71133 1 220
71172 2 1858
71173 1 244
71183 20 2921
71184 20 3046
71185 20 2946
71186 20 2649
71187 18 2267
71191 1 14
71222 1 220
71229 4 887
71230 1 509
71245 1 982
71253 1 217
71254 1 296
71299 3 1364
71306 2 1543
71307 2 869
71308 2 1324
71321 3 1012
71365 11 1140
71375 2 1370
71406 1 2956
71515 1 164
71516 1 159
71517 1 144
71527 2 173
71531 2 676
71541 1 394
71596 1 1056
71597 1 849
71598 1 797
71604 1 774
71607 1 317
71608 1 458
71616 1 89
71618 1 1274
71639 1 222
71664 1 1342
71674 1 174
71675 1 907
71701 1 1266
71710 1 476
71718 1 829
71727 1 256
71738 1 1825
71745 1 667
71749 1 819
71753 1 1100
71754 1 1287
71755 1 1099
71756 1 975
71757 1 2729
71758 1 1068
71856 1 1198
71878 1 1338
71897 1 2249
71904 5 1084
71916 1 1640
71931 2 1875
71936 1 1197
71965 1 242
71966 1 746
71972 1 722
71994 1 1432
72011 1 1094
72095 1 601
72098 33 19912
72102 1 290
72108 1 1166
72156 1 1534
72157 1 995
72158 1 891
72161 1 729
72173 1 376
72197 2 1837
72198 2 2050
72215 3 2153
72218 1 431
72236 1 483
72260 1 1541
72325 1 616
72355 2 259
72361 3 553
72371 1 804
72385 1 1087
72413 1 1983
72435 1 49
72476 1 1214
72490 1 536
72537 1 1081
72573 1 1791
72575 2 929
72589 1 691
72591 4 2016
72598 1 313
72599 1 307
72600 1 318
72601 1 325
72602 1 12545
72612 1 2177
72617 2 5161
72618 2 5500
72619 2 5216
72620 2 1465
72663 1 1320
72671 1 1591
72677 1 1203
72697 1 1378
72700 1 459
72704 2 1029
72749 1 497
72751 1 636
72756 2 1222
72797 2 2288
72798 1 249
72799 2 1643
72800 2 1808
72801 2 972
72802 2 1368
72938 4 10696
72940 1 994
72946 2 1541
72948 2 1879
72954 1 1348
72955 1 1468
72956 1 1194
72962 1 922
72967 2 602
72972 1 453
72982 1 5401
73016 1 1141
73090 2 2159
73091 1 483
73103 1 285
73111 1 374
73152 1 481
73161 1 649
73164 4 1192
73187 1 1091
73211 1 1314
73233 1 395
73274 1 634
73275 1 590
73277 1 1345
73283 1 1921
73315 1 466
73349 1 2244
73361 1 1411
73378 2 534
73381 3 770
73405 1 2119
73432 2 1327
73433 2 1294
73434 2 1396
73435 2 1288
73436 2 1351
73437 1 1405
73474 1 628
73478 1 691
73479 1 554
73494 13 1046
73495 1 934
73509 1 382
73514 1 270
73531 1 607
73571 1 3969
73592 2 425
73595 1 2131
73645 12 5683
73675 1 1104
73733 1 876
73734 1 605
73756 1 962
73764 1 288
73769 1 508
73861 1 183
73894 1 981
73898 1 724
73926 1 444
73932 1 2612
73941 1 986
73951 2 1097
73969 1 784
73971 1 264
74002 1 427
74016 1 3216
74025 1 96
74042 1 3503
74047 1 590
74063 3 1184
74070 1 814
74091 2 1923
74104 1 697
74109 1 680
74127 1 641
74128 1 773
74135 1 1169
74151 5 1393
74163 2 1043
74170 2 274
74184 1 1502
74222 1 1233
74230 1 521
74282 1 1215
74346 5 1835
74366 1 550
74375 1 1452
74388 1 573
74446 1 1773
74467 1 900
74475 1 574
74478 1 412
74480 11 3260
74500 1 1059
74545 2 1446
74546 1 763
74556 1 325
74562 1 846
74565 1 1723
74600 2 1183
74606 1 664
74608 1 228
74610 1 604
74633 4 854
74637 1 417
74645 1 6253
74650 1 878
74660 1 2184
74664 1 858
74666 1 1855
74703 1 769
74760 2 1118
74768 1 1044
74772 1 792
74789 1 721
74796 1 473
74797 1 671
74800 1 990
74802 1 552
74805 1 558
74822 2 5130
74823 1 891
74836 1 320
74837 1 304
74838 1 326
74839 1 321
74840 1 314
74841 1 313
74842 1 325
74843 1 325
74844 1 1805
74852 1 792
74853 1 665
74854 1 195
74861 1 397
74866 1 1680
74876 1 923
74891 1 549
74909 1 966
74925 2 536
74929 1 1329
74935 2 716
74944 1 879
74953 1 1089
75110 1 915
75137 1 628
75143 1 807
75214 8 2338
75265 1 1224
75293 1 756
75299 1 304
75311 3 917
75317 1 1162
75328 5 3938
75486 1 815
75490 2 2840
75492 1 931
75527 1 241
75543 1 528
75544 1 730
75546 1 823
75578 1 707
75609 1 515
75619 1 1267
75632 2 1327
75633 2 1312
75634 2 1358
75635 1 1633
75636 2 1309
75637 2 1362
75642 1 1571
75643 1 1262
75654 1 545
75658 1 1060
75659 1 744
75660 1 592
75662 1 463
75672 1 587
75683 1 577
75717 1 2502
75765 1 1306
75821 1 814
75824 1 141
75836 1 992
75837 2 766
75924 1 306
75933 1 1628
75954 1 3743
75962 1 1323
75983 1 3426
75999 1 654
76013 2 482
76021 1 295
76023 1 523
76025 1 1636
76031 1 1946
76034 1 1048
76041 1 531
76047 1 1489
76068 1 902
76079 1 709
76080 1 1124
76094 2 1404
76101 2 1397
76107 2 294
76108 1 468
76132 22 1508
76140 1 1136
76231 2 260
76235 1 991
76302 1 1858
76320 1 908
76338 1 1039
76350 1 516
76383 1 436
76390 1 692
76392 1 909
76399 1 737
76400 1 308
76440 1 406
76491 4 1557
76498 1 309
76499 1 308
76500 1 312
76511 1 561
76512 1 942
76513 1 935
76521 1 1643
76528 1 1175
76570 1 1218
76571 2 2525
76572 2 1429
76573 2 1808
76577 3 2515
76581 1 623
76582 1 1126
76625 1 2143
76641 1 380
76657 1 415
76663 1 380
76683 1 1619
76690 1 2184
76697 1 447
76702 2 1073
76715 1 339
76738 1 337
76739 1 296
76740 1 324
76741 1 321
76742 1 1479
76761 1 475
76767 1 637
76785 1 581
76804 1 811
76805 1 1044
76830 1 733
76833 2 1925
76834 1 739
76851 2 1663
76874 1 324
76880 1 898
76885 1 205
76898 2 1240
76905 1 286
76917 2 2139
76918 2 1833
76919 2 1352
76921 1 384
76924 1 239
76948 2 2304
76989 1 738
76998 1 2076
76999 1 301
77002 2 962
77058 2 1110
77059 2 1688
77091 4 1850
77095 1 1057
77127 2 1709
77139 1 7313
77157 1 1001
77176 1 177
77178 1 182
77180 1 5716
77184 2 1290
77185 2 1959
77186 1 1060
77225 1 2945
77226 1 1491
77227 1 2803
77232 1 1018
77249 1 3213
77251 1 418
77252 1 270
77273 20 974
77362 1 128
77367 1 658
77381 1 582
77398 1 3728
77399 1 337
77400 1 924
77401 1 927
77402 1 922
77403 1 986
77404 1 925
77405 1 919
77406 1 984
77407 1 1130
77408 1 983
77409 1 1148
77422 1 626
77441 1 360
77466 10 1607
77471 1 1687
77479 1 201
77485 1 666
77489 1 656
77490 2 359
77494 1 976
77495 1 1382
77496 1 856
77497 2 1890
77528 1 320
77529 1 628
77553 4 3529
77580 1 1337
77652 1 3016
77659 2 1655
77660 1 246
77665 1 496
77678 1 627
77681 1 304
77873 1 1455
77934 1 459
77940 1 294
77942 1 3229
77959 1 106
78034 1 2796
78067 1 1940
78069 1 1230
78113 1 2136
78125 1 1056
78126 1 741
