awesom awesom 6017 65215343 
17 3 1148
39 1 1283
50 2 2382
132 3 13051
157 2 2070
160 3 266
177 1 1508
178 1 842
190 1 734
227 2 2869
229 1 478
263 1 442
276 2 1471
339 1 663
346 1 1457
351 1 908
373 1 1409
388 1 1479
391 1 200
420 1 1422
506 1 1411
556 1 3813
620 3 923
634 1 883
698 2 428
725 1 7096
777 3 11416
807 3 1677
810 1 408
815 1 807
847 1 599
860 5 3051
872 1 1329
876 1 4565
888 1 3495
889 3 988
901 2 862
919 2 197
922 2 1765
924 1 1181
929 1 432
1007 1 1576
1015 1 360
1019 1 558
1060 2 1104
1081 1 980
1085 1 5635
1089 1 226
1092 1 978
1104 2 4937
1116 1 990
1118 2 2305
1147 1 1152
1177 1 1685
1214 1 650
1231 1 4288
1232 1 763
1237 1 1668
1283 1 1543
1305 1 653
1307 1 735
1312 2 1931
1321 1 3750
1360 1 1401
1361 1 1013
1362 1 3521
1397 1 953
1430 3 625
1437 1 546
1470 1 960
1477 1 1403
1523 1 330
1528 1 1875
1545 1 1438
1552 1 1020
1571 2 606
1584 2 1777
1585 1 1512
1597 2 3184
1600 1 478
1609 1 1543
1632 1 1365
1634 1 30082
1638 2 1745
1647 2 10572
1648 1 2206
1650 1 692
1653 1 1086
1664 1 598
1717 1 1231
1741 1 5895
1743 3 841
1744 1 667
1745 1 1756
1784 1 1533
1793 1 350
1803 1 1628
1816 1 5747
1817 1 511
1819 1 878
1983 1 5638
1991 1 835
2003 1 419
2054 1 714
2105 1 1500
2168 1 1638
2184 1 1827
2217 1 1762
2230 1 1380
2256 1 611
2272 2 2226
2354 1 283
2453 1 510
2480 1 1244
2482 3 1146
2491 2 1723
2501 1 1452
2536 3 2222
2565 1 2867
2571 1 712
2584 1 1016
2622 4 2635
2632 2 1512
2633 1 1505
2683 1 899
2688 1 744
2690 1 972
2721 1 586
2731 1 1874
2771 1 3216
2772 1 938
2799 3 539
2820 1 212
2823 1 353
2824 1 316
2832 1 455
3017 2 1056
3030 2 997
3034 2 871
3041 1 1558
3086 1 4139
3133 2 4214
3149 1 1273
3200 1 1236
3204 1 1395
3215 1 1641
3281 1 3667
3296 1 1494
3313 1 2034
3314 1 2098
3348 1 1094
3349 1 767
3357 1 1191
3361 1 116
3396 1 927
3401 10 1261
3429 2 2188
3456 1 525
3466 2 679
3497 3 3011
3516 1 888
3548 1 371
3553 1 732
3555 1 1239
3557 1 1042
3559 1 983
3575 1 588
3579 1 4684
3584 1 833
3604 1 2117
3614 5 1689
3671 2 4789
3681 1 871
3682 1 687
3683 1 1562
3686 1 1200
3687 1 3022
3708 1 3154
3717 1 251
3727 1 17097
3747 1 1430
3749 3 665
3783 1 1578
3804 1 1022
3832 3 7941
3833 6 1551
3834 5 2458
3839 1 390
3841 2 1348
3938 7 1794
3953 1 3340
3957 1 783
4004 1 2253
4012 1 330
4015 1 1212
4030 1 1809
4045 1 1533
4050 13 4772
4062 1 526
4110 2 2246
4115 1 502
4154 1 716
4179 1 2326
4204 2 3711
4258 1 2240
4329 1 1355
4332 1 1645
4339 1 500
4370 2 3314
4375 2 1815
4423 1 1170
4450 3 6385
4459 2 4138
4460 2 3587
4463 1 4320
4468 1 3425
4474 1 401
4485 3 2100
4500 1 920
4509 1 1824
4517 1 1224
4535 2 713
4536 2 1087
4544 3 336
4561 1 320
4576 1 1096
4582 2 1235
4656 3 666
4660 1 465
4674 5 1077
4680 1 643
4725 1 423
4752 1 5044
4753 1 5716
4803 1 594
4827 3 532
4838 2 5657
4839 3 1862
4847 2 2281
4849 2 639
4855 1 1500
4896 1 1508
4905 1 7440
4912 1 7415
4932 1 1745
4945 1 194
4949 1 2219
4950 1 3067
5057 1 310
5148 1 976
5161 3 660
5189 1 3419
5201 1 934
5215 1 333
5219 16 531
5241 1 1153
5243 1 876
5259 1 6380
5264 1 2502
5266 1 766
5277 1 1640
5307 1 821
5309 1 550
5386 1 1742
5400 1 1958
5418 2 1906
5437 1 2435
5472 1 908
5475 1 642
5499 4 44062
5501 2 476
5502 3 977
5518 2 2428
5528 1 2535
5537 1 796
5544 1 1382
5545 1 1706
5578 1 13045
5631 1 1323
5646 1 312
5647 1 326
5657 1 3480
5696 2 45
5792 3 2530
5796 1 90
5857 1 779
5858 1 816
5864 1 722
5865 1 1706
5899 2 207
5910 1 1668
5911 1 1254
5926 1 891
5932 1 2282
5936 1 3330
5938 3 5865
5994 2 1504
6018 4 1253
6030 2 363
6042 2 1836
6048 2 4019
6081 1 1357
6102 1 651
6127 1 1065
6139 3 2754
6140 3 2868
6153 1 1222
6169 2 857
6176 1 1652
6312 2 279
6364 1 7210
6459 1 912
6529 1 1619
6561 1 350
6564 1 476
6589 1 1306
6606 2 760
6829 2 834
6841 1 494
6873 1 279
6887 1 68
6929 1 637
6954 2 1653
6976 1 808
6979 1 2188
6992 1 1337
7002 1 6389
7004 1 187
7012 2 611
7042 1 722
7043 1 747
7060 3 3208
7077 1 1610
7120 2 2039
7142 1 575
7144 1 1209
7162 2 1574
7487 1 559
7488 2 1408
7491 3 7708
7498 2 2754
7503 3 597
7536 1 1263
7647 1 1890
7744 4 2378
7754 1 1350
7756 1 2279
7757 1 2005
7761 1 1037
7773 5 7884
7783 1 2144
7820 1 74
7885 2 2709
7902 1 1082
7928 2 808
7944 2 4834
7966 1 2772
7967 4 1641
7986 2 1034
8022 2 7719
8026 1 922
8028 1 291
8101 1 4863
8111 6 712
8126 1 1194
8139 1 4927
8178 1 2357
8204 2 4600
8251 1 3081
8297 1 12133
8308 1 971
8382 1 19553
8397 2 479
8402 1 8226
8423 1 1604
8425 1 770
8435 1 2734
8436 2 1685
8445 1 823
8447 2 2081
8471 1 727
8488 1 1443
8503 1 523
8504 2 570
8506 1 403
8594 1 673
8595 3 691
8609 1 173
8613 1 1556
8630 1 989
8641 1 1541
8668 1 1779
8697 1 2450
8698 1 2529
8702 1 2609
8721 1 956
8750 1 589
8760 5 668
8827 2 6533
8828 1 2492
8835 6 676
8850 1 3830
8867 2 2603
8869 1 605
8896 1 1087
8913 2 12589
8919 1 1123
8927 1 2370
8939 1 168
8963 3 1411
8964 7 1138
8983 2 1450
8986 1 760
8988 1 205
8992 1 2708
9006 1 34059
9058 1 563
9099 1 766
9103 1 780
9104 1 748
9144 1 1064
9222 1 928
9281 1 1465
9287 1 1027
9305 1 977
9336 1 1530
9339 2 2490
9436 2 52
9486 1 3118
9528 2 1711
9548 3 3267
9573 1 1012
9581 2 2040
9587 2 1796
9601 2 976
9633 1 408
9635 1 741
9639 1 1016
9641 1 525
9653 1 1497
9663 1 2530
9668 2 1757
9669 2 794
9673 1 700
9676 1 994
9677 1 632
9678 1 1073
9697 1 1369
9712 2 736
9760 3 2142
9767 1 905
9805 1 5191
9830 1 1997
9833 1 831
9840 3 1435
9875 2 179
9889 1 1688
9905 2 907
9906 1 1054
10073 1 1739
10091 1 1323
10120 2 1997
10123 1 2079
10144 1 3206
10145 1 697
10147 1 1321
10270 1 908
10274 3 660
10278 5 2690
10306 3 2363
10324 2 1557
10346 1 1363
10356 1 1443
10366 1 2417
10376 1 1058
10377 1 2603
10393 1 2415
10439 1 1699
10442 1 1664
10456 1 2992
10496 1 1615
10497 2 1517
10502 1 700
10511 1 201
10512 1 188
10513 1 192
10514 1 203
10515 1 241
10589 1 232
10610 1 705
10617 2 1222
10623 1 1141
10664 1 207
10667 1 1994
10669 1 505
10670 1 1360
10677 1 1048
10684 2 1501
10685 1 2839
10706 1 1237
10728 1 1305
10762 1 1336
10816 2 707
10851 1 1623
10861 1 3297
10862 2 1361
10872 1 478
10906 1 7912
10933 1 840
10942 1 1886
10949 1 4327
10952 1 966
10974 1 1151
10990 1 580
11035 1 1021
11062 2 1457
11067 1 210
11140 1 265
11143 1 1675
11156 1 114
11191 2 83
11207 1 1893
11214 1 1706
11229 1 1795
11248 1 11766
11261 1 479
11305 1 1551
11362 1 2542
11363 6 8263
11378 3 6044
11389 1 198
11397 1 2289
11436 1 860
11455 1 906
11477 1 1672
11484 1 1267
11518 3 1129
11532 1 412
11607 2 241
11675 2 1703
11736 1 544
11745 1 1277
11759 1 2876
11866 1 1990
11879 1 8814
11890 2 963
11910 4 143
11914 1 373
11937 1 113
11949 1 3637
11973 8 1285
11978 2 250
12032 1 372
12035 1 47
12036 1 143
12045 1 389
12063 1 1221
12091 1 361
12121 1 1787
12138 1 18363
12140 2 1102
12152 1 412
12153 1 1001
12156 1 13898
12171 1 5724
12203 1 722
12211 2 4041
12232 4 1252
12242 1 321
12286 1 2100
12309 1 1530
12319 1 277
12338 1 1232
12365 2 8585
12420 1 1755
12442 1 826
12526 1 21005
12527 1 1751
12575 1 1843
12583 1 941
12594 2 1691
12607 2 1153
12609 1 1268
12612 1 1451
12620 1 610
12633 2 256
12634 1 264
12637 1 1065
12639 1 861
12647 9 4896
12653 1 1822
12668 1 1012
12669 2 1147
12697 4 1979
12702 3 776
12704 2 5255
12712 1 2391
12747 1 3912
12783 5 4316
12786 2 7289
12790 1 1062
12799 1 633
12814 1 46677
12815 1 1045
12821 2 1412
12828 1 482
12853 2 547
12857 1 2354
12861 1 396
12905 1 874
12906 2 2925
12907 1 2394
12933 1 645
12934 2 2463
12935 3 2445
12940 1 639
12963 1 1118
12967 1 941
12993 4 1184
12996 1 2315
13090 1 171
13096 1 820
13121 1 564
13129 3 1017
13148 2 1862
13175 1 1506
13178 1 2291
13201 1 1224
13205 1 2644
13226 2 4464
13236 1 937
13254 1 564
13313 1 1497
13339 1 2880
13340 1 1166
13343 1 5631
13344 1 5744
13367 3 586
13381 1 4238
13411 1 2036
13450 1 1581
13463 1 3262
13479 1 5487
13480 1 2096
13495 1 794
13533 1 1585
13534 1 2009
13548 1 6866
13618 5 28398
13635 2 1237
13651 1 840
13659 1 3326
13668 1 699
13684 16 12301
13693 2 789
13695 2 2748
13696 1 2538
13697 1 3718
13698 1 2026
13711 5 4824
13769 1 57
13780 1 685
13799 1 1501
13800 1 1238
13801 2 1533
13802 2 1437
13803 1 1542
13832 1 1089
13847 2 2900
13857 1 1902
13858 2 591
13861 2 3305
13862 20 3335
13863 7 3445
13864 3 867
13874 2 747
13912 1 6746
13926 2 655
13960 1 1096
13961 1 931
13985 3 11629
14004 1 1323
14030 1 733
14067 1 1216
14068 1 2470
14080 14 51830
14085 1 1012
14124 3 621
14214 1 2182
14223 1 1023
14282 1 691
14292 2 11958
14350 1 2898
14353 1 189
14485 1 2125
14489 1 721
14518 2 1186
14520 1 7541
14540 1 471
14616 1 789
14658 2 3354
14662 1 1844
14675 1 1701
14682 1 1418
14696 1 473
14721 1 4901
14821 2 1040
14822 1 538
14833 1 7321
14840 1 1378
14845 1 961
14846 1 852
14847 1 840
14855 1 2067
14856 1 2080
14887 5 5014
14983 1 339
15006 5 923
15009 2 697
15020 1 913
15048 1 892
15052 1 731
15063 1 486
15064 1 579
15073 1 2133
15092 8 2742
15099 1 5771
15120 2 1822
15147 1 1355
15193 3 1214
15195 1 644
15204 2 3771
15209 2 2739
15216 1 707
15245 1 7336
15257 1 501
15258 1 1167
15275 1 509
15293 1 5587
15294 1 218
15295 1 203
15296 1 246
15436 2 542
15457 2 1030
15476 2 1151
15517 1 2551
15522 1 498
15539 2 383
15614 1 3253
15644 1 1287
15659 1 763
15662 1 2550
15746 1 1020
15761 1 778
15811 1 1369
15813 1 1072
15814 1 1001
15883 1 1124
15944 4 2753
15951 3 453
16008 2 6422
16022 1 1155
16029 1 756
16084 2 842
16101 1 2125
16108 1 489
16120 2 1888
16138 1 278
16169 1 661
16197 2 2078
16209 8 1698
16219 4 1603
16270 5 2905
16282 1 579
16288 1 1218
16294 1 2089
16296 1 449
16316 1 3859
16322 1 2378
16338 1 359
16341 2 9421
16351 1 1039
16357 1 260
16379 1 636
16384 1 354
16399 1 314
16403 1 2270
16417 1 1733
16496 9 5161
16552 1 1230
16581 1 1859
16589 1 3703
16590 2 3144
16591 1 6896
16594 1 483
16631 1 928
16634 3 1294
16635 2 7678
16667 1 234
16713 1 737
16722 2 5137
16753 2 607
16784 2 2834
16789 3 877
16819 1 1658
16832 2 690
16857 1 2221
16858 1 2375
16859 1 2243
16860 1 2032
16861 1 2164
16862 1 2184
16863 1 2074
16864 1 2089
16893 1 5510
16973 1 1399
16986 1 1767
16991 1 1092
16998 3 794
17004 1 2316
17005 1 2314
17006 1 1202
17016 1 813
17017 2 1106
17018 11 1528
17065 1 907
17066 1 1101
17070 1 1119
17071 1 2160
17072 1 1836
17073 1 1801
17075 1 961
17085 3 1385
17104 1 920
17108 1 2260
17112 2 682
17133 1 1532
17178 2 4206
17182 1 3085
17184 1 4374
17216 1 1476
17285 3 1239
17295 1 3426
17321 1 1749
17346 6 1254
17352 2 5098
17364 2 168
17384 1 2933
17402 1 3104
17403 1 1207
17404 1 1257
17407 3 987
17411 1 441
17419 1 1979
17454 1 2094
17458 5 10296
17467 1 6562
17481 1 1474
17497 2 1775
17504 3 2199
17505 1 5120
17568 1 1347
17570 4 5402
17585 2 438
17588 1 389
17626 2 202
17648 2 1079
17679 2 1875
17680 2 1913
17681 2 2190
17684 1 2134
17699 2 529
17721 1 839
17758 2 28986
17761 1 2572
17780 1 1209
17816 3 2870
17817 7 6494
17830 1 1229
17846 1 1416
17877 1 344
17899 1 1710
17904 5 6041
17906 1 502
17970 3 299
17986 1 1122
17993 1 398
17994 1 385
17995 1 458
17996 1 1106
18070 1 1477
18102 1 1712
18117 8 2036
18136 1 1353
18144 1 857
18145 1 554
18159 2 870
18171 1 727
18228 2 4817
18263 1 2623
18345 3 1603
18385 1 6531
18399 1 1090
18426 1 623
18438 2 452
18439 1 706
18469 2 489
18478 1 619
18514 1 993
18517 1 1038
18525 2 867
18526 1 2537
18567 3 1311
18590 1 876
18597 2 6498
18598 1 271
18622 2 5539
18642 1 616
18645 1 1794
18681 2 1069
18685 1 4688
18686 1 3449
18701 1 2590
18702 1 2970
18720 1 673
18739 2 3057
18740 2 2994
18741 2 3106
18742 2 2981
18747 1 1056
18781 2 1692
18788 3 1109
18798 2 4126
18800 1 967
18802 3 1147
18813 1 1761
18872 1 1474
18899 1 1411
18930 1 2682
18932 1 659
18933 3 6035
18945 4 6732
18952 1 1218
18955 1 1036
18956 1 1036
18975 2 878
18976 3 1679
19004 1 7776
19023 1 2348
19043 5 4707
19053 1 1540
19054 1 1357
19056 1 810
19058 1 377
19061 2 2713
19073 1 315
19078 1 2988
19079 2 16454
19110 2 1343
19119 1 907
19121 1 1022
19122 1 823
19158 2 1770
19178 1 49
19194 2 5424
19382 1 889
19385 3 2378
19391 1 3144
19495 1 3545
19508 1 972
19511 1 1547
19546 3 2366
19560 1 8071
19563 1 5781
19596 1 1001
19628 1 1346
19677 6 4468
19678 6 6792
19697 2 2330
19701 1 1162
19738 1 444
19758 2 317
19840 1 890
19865 11 1300
19886 1 1995
19904 1 1476
19969 2 2159
19983 2 2232
19985 1 8977
19987 3 3502
19995 1 736
20012 1 509
20017 1 5287
20030 5 4962
20139 1 1612
20149 1 715
20192 1 1513
20200 3 30304
20206 1 1631
20212 1 588
20324 1 1362
20365 1 1261
20376 1 1300
20385 1 1007
20426 1 206
20572 2 820
20575 1 4332
20620 3 1047
20698 1 3736
20710 1 6801
20711 1 6388
20722 1 1712
20785 2 3062
20806 2 1566
20811 1 4558
20831 1 5707
20835 2 1832
20852 1 358
20882 1 495
20901 1 186
20905 1 596
20906 1 1642
20907 3 2997
20914 1 1215
20915 1 2042
20916 2 2792
20940 3 1860
20998 1 606
20999 1 2745
21012 1 171
21046 1 10160
21050 3 1359
21051 1 1656
21052 1 526
21053 2 1087
21071 1 784
21074 1 5552
21081 1 1093
21100 1 1816
21106 1 901
21108 2 767
21118 1 1749
21186 1 1061
21198 1 361
21208 1 1438
21223 1 793
21224 1 221
21226 2 2663
21251 1 1022
21289 1 3008
21292 1 1797
21311 1 1560
21357 3 5683
21371 1 857
21381 1 1086
21390 1 1750
21394 1 258
21406 1 304
21490 1 4936
21503 8 13267
21516 1 762
21521 2 523
21531 1 670
21533 1 1795
21534 1 1751
21536 10 2487
21542 12 37742
21608 1 4754
21637 1 10855
21649 2 2333
21669 1 1370
21671 1 1413
21694 1 752
21725 1 771
21766 3 1815
21770 2 4733
21812 2 1909
21821 2 2616
21828 1 678
21829 1 407
21852 1 6758
21867 1 1612
21873 1 630
21922 1 2981
21937 1 764
21940 1 962
21945 2 1790
21969 1 4332
22010 1 988
22038 1 1606
22045 1 2727
22076 2 1006
22079 5 5115
22097 1 1488
22112 1 1097
22143 2 2573
22161 2 6376
22198 3 2137
22206 1 2514
22216 1 13756
22221 1 326
22222 1 255
22417 1 571
22426 1 661
22462 2 1151
22469 1 912
22536 1 3918
22537 1 1035
22539 1 482
22586 1 627
22588 1 1983
22618 2 2272
22620 1 345
22623 2 403
22772 1 679
22877 1 1527
22892 1 397
22899 1 1555
22926 1 1353
22984 6 1974
23030 4 1410
23122 2 216
23211 2 1665
23274 1 257
23276 1 360
23277 1 364
23298 1 459
23305 1 132
23312 1 106
23338 1 386
23343 3 533
23347 1 436
23377 1 430
23392 1 73
23408 1 5715
23453 4 1593
23472 1 907
23492 1 1618
23501 1 127
23513 1 440
23514 3 8145
23563 1 936
23567 1 2368
23644 1 2056
23673 2 552
23678 1 5285
23685 1 1613
23686 1 382
23687 1 2530
23688 1 2643
23691 2 1646
23696 3 4960
23697 1 5047
23734 1 1825
23765 1 11324
23769 1 1738
23792 1 1958
23841 1 227
23900 1 937
23903 1 1291
23908 1 854
23936 1 151
23985 1 659
23997 1 155
24004 1 793
24007 1 344
24010 1 169
24021 1 655
24052 2 414
24057 1 330
24097 1 3411
24119 6 14616
24124 1 2547
24143 1 781
24233 6 1108
24355 2 1305
24380 1 865
24393 1 1654
24442 1 665
24451 1 2059
24454 1 2201
24461 2 554
24462 11 8468
24502 1 2202
24510 1 918
24521 1 1321
24522 1 802
24533 1 1045
24539 4 3939
24540 2 4575
24541 4 5645
24556 1 2926
24596 1 3667
24600 1 194
24618 1 1160
24619 1 1922
24747 1 5509
24748 1 4627
24749 4 4668
24750 1 6415
24787 4 437
24823 1 2274
24825 1 1588
24863 2 1907
24884 1 7321
24885 1 7349
24886 1 7415
24887 1 7415
24888 1 7415
24907 1 892
24908 1 867
24914 1 1788
24918 1 194
24919 1 194
25041 2 947
25077 2 553
25084 1 731
25089 1 294
25090 2 6934
25110 4 1590
25120 2 1142
25141 1 456
25146 2 1145
25153 5 3748
25246 1 2093
25314 3 76
25348 1 2680
25390 1 753
25426 2 468
25429 1 2282
25488 2 346
25508 1 1364
25519 1 420
25522 1 2549
25541 1 561
25545 3 2403
25550 1 770
25560 1 1516
25592 2 913
25593 2 909
25605 1 2072
25655 1 2371
25675 1 769
25710 1 937
25730 1 323
25755 1 613
25764 2 2679
25779 1 1124
25783 1 3260
25784 1 277
25796 1 939
25812 2 548
25826 2 2414
25853 2 1173
25889 2 214
25903 2 1948
25904 1 1133
25906 1 1166
25961 1 1637
25968 2 814
25969 1 1852
25971 2 1539
25972 1 1249
25988 1 551
26020 1 535
26039 1 292
26052 1 785
26075 2 3348
26077 2 2040
26078 3 996
26137 1 682
26140 1 1008
26144 1 765
26161 1 14248
26163 6 8177
26168 1 1153
26171 1 454
26194 1 814
26242 1 1535
26265 1 739
26324 1 1329
26337 1 1218
26338 1 515
26343 3 4639
26349 1 1236
26356 1 527
26375 1 791
26387 2 775
26439 1 1615
26449 1 7560
26465 1 1529
26507 2 4226
26541 1 4809
26568 1 208
26584 2 1355
26614 1 3554
26622 2 3312
26631 1 8025
26641 1 4691
26668 5 3364
26709 2 2025
26716 1 1488
26717 1 641
26736 1 2134
26791 1 4660
26795 1 849
26799 1 606
26811 1 1172
26817 1 1868
26870 1 3124
26893 1 2171
26918 2 278
26928 1 578
26949 1 1156
26953 1 240
26990 2 363
27051 2 346
27084 1 96
27098 2 1974
27104 1 468
27127 1 1556
27137 1 865
27141 1 963
27209 2 800
27219 1 1024
27284 1 1496
27285 2 808
27328 1 1057
27344 2 2977
27387 2 697
27390 2 1355
27391 3 4345
27392 3 4376
27396 1 2172
27424 1 816
27430 7 1623
27456 1 1833
27474 1 1604
27493 1 726
27504 1 650
27520 2 3462
27521 1 1461
27524 2 2332
27532 2 1268
27548 1 1189
27567 3 1101
27568 1 2345
27569 1 969
27603 1 1299
27811 2 1400
27817 2 86
27848 1 1948
27858 1 1075
27859 1 1040
27860 1 1041
27866 1 4412
27876 3 1111
27883 5 4980
27884 1 829
27901 1 544
27978 1 1869
28035 1 440
28040 4 4385
28046 2 931
28074 1 1848
28075 1 2788
28093 1 873
28094 1 2585
28101 4 883
28123 1 7111
28208 1 995
28214 3 488
28225 4 2588
28248 2 849
28255 1 103
28257 1 3449
28280 1 2119
28298 1 437
28311 1 734
28332 1 224
28335 1 194
28336 2 353
28421 1 891
28445 1 429
28462 1 1040
28466 1 10312
28471 5 1574
28473 1 1706
28481 2 771
28491 5 4917
28538 1 345
28619 1 66
28622 1 314
28639 1 2821
28651 1 138
28675 1 1685
28754 1 629
28777 1 646
28781 1 2730
28782 1 1807
28797 1 3851
28807 3 876
28811 2 1831
28828 1 1306
28838 2 3316
28844 1 477
28845 1 1429
28846 1 1687
28871 1 2000
28883 1 1741
28913 1 1073
28932 1 349
28935 2 317
28977 1 244
29059 1 158
29089 1 4866
29144 1 2485
29151 1 913
29172 1 312
29173 1 191
29174 1 202
29175 1 265
29183 2 929
29186 1 618
29199 1 1213
29283 3 1840
29295 1 1818
29306 1 813
29346 4 5736
29416 1 1065
29447 1 335
29453 1 370
29471 2 1106
29474 1 546
29503 1 865
29533 1 1384
29557 3 7051
29600 1 569
29610 1 1172
29624 1 1181
29627 4 967
29673 2 908
29694 1 1689
29728 1 655
29788 1 2365
29817 1 2179
29826 2 625
29834 1 591
29873 3 2458
29888 1 3407
29951 1 2090
30077 1 3556
30158 1 1827
30172 1 834
30192 2 1145
30197 2 3083
30207 3 836
30214 1 249
30225 1 219
30232 1 299
30263 3 761
30300 1 6017
30307 1 3452
30375 1 947
30379 11 1010
30380 1 1089
30392 1 188
30393 1 442
30408 1 471
30511 2 2112
30519 1 5484
30552 5 4502
30575 1 253
30642 1 3081
30690 1 313
30709 1 739
30748 11 1479
30782 3 654
30800 1 2230
30828 1 939
30870 3 2859
30907 2 291
30947 2 1608
31010 1 775
31037 1 53
31045 4 24677
31058 1 3446
31064 1 745
31080 1 940
31089 1 1949
31096 1 771
31101 1 1004
31107 1 547
31114 1 1306
31115 1 1682
31117 1 853
31120 2 1212
31135 1 246
31136 1 280
31225 1 753
31227 1 927
31229 1 4414
31268 1 797
31269 1 1094
31279 1 1233
31322 1 1237
31337 5 5832
31351 1 1654
31387 4 1573
31391 2 2998
31418 1 510
31487 1 1278
31489 1 623
31560 2 2403
31665 1 594
31675 1 1174
31689 1 2682
31692 1 1527
31694 2 3337
31766 1 532
31774 1 1024
31794 1 820
31806 1 93
31848 2 642
31913 1 1930
31933 1 1078
31935 1 2200
31945 1 2616
31981 1 620
32004 1 1026
32025 1 254
32026 1 182
32032 1 405
32042 1 828
32121 2 2253
32150 3 2832
32163 1 634
32164 3 796
32184 1 2319
32230 1 1393
32238 1 4115
32314 1 2456
32374 1 3413
32388 1 24490
32391 2 365
32398 1 1410
32412 1 1195
32433 1 1327
32471 1 2840
32472 1 1402
32481 1 965
32491 1 6991
32551 1 1569
32565 1 1204
32574 1 2622
32581 1 1008
32593 1 1078
32632 1 1721
32695 1 1641
32704 2 2103
32713 1 1212
32716 1 477
32733 2 964
32745 1 1022
32824 2 2602
32879 1 217
32890 2 571
32894 1 348
32898 2 1475
32904 1 1247
32975 1 2044
32981 3 1223
33007 1 495
33040 1 410
33041 1 1089
33089 1 1038
33091 1 10334
33217 1 1141
33219 1 1021
33220 3 1178
33261 1 726
33262 1 744
33264 1 1136
33271 1 1800
33286 2 1992
33291 1 895
33305 1 773
33325 1 657
33331 1 622
33333 4 6676
33375 1 2483
33377 1 1162
33403 18 5506
33406 2 555
33446 1 1897
33456 1 957
33494 2 11341
33504 2 1979
33544 1 2303
33584 1 1680
33585 1 3694
33607 1 1916
33617 1 557
33624 1 964
33629 1 1200
33655 1 334
33686 1 2000
33687 2 1874
33703 2 18894
33763 1 2200
33766 1 1101
33778 1 1184
33807 1 599
33819 1 4941
33830 3 1857
33832 1 1015
33904 1 1776
33924 1 11847
33942 12 1795
33943 15 2181
33944 10 1449
33951 1 1198
33960 2 1013
33978 1 1552
33985 1 1091
33987 7 4548
34001 1 1517
34002 1 1052
34039 1 23394
34042 1 449
34045 2 581
34069 1 1786
34085 2 4021
34115 1 1103
34126 2 948
34135 1 996
34143 1 2404
34150 1 1435
34170 1 771
34208 1 2130
34222 1 3470
34240 1 743
34250 1 1738
34251 1 920
34258 1 909
34298 10 6813
34361 2 664
34388 1 422
34396 1 5213
34415 1 3854
34436 1 511
34449 1 3565
34453 3 908
34484 2 1718
34518 1 777
34535 1 3465
34541 1 789
34548 1 2298
34556 1 2148
34560 1 101
34561 1 870
34572 2 579
34583 5 4980
34614 1 347
34682 1 1585
34683 1 1171
34696 1 2011
34709 3 727
34724 1 1355
34736 3 1326
34745 1 3957
34746 1 1014
34758 1 349
34778 1 173
34779 3 2859
34781 1 4211
34795 1 4142
34812 2 498
34837 2 1061
34890 3 1453
34911 1 2148
34920 1 1576
34946 1 1109
34960 2 2476
34978 1 330
34988 1 272
34990 7 5418
35037 2 993
35047 1 1718
35071 1 1273
35085 1 333
35093 1 170
35148 2 1369
35149 9 9307
35154 1 1597
35182 1 13213
35196 1 106
35243 2 384
35300 2 466
35333 1 5425
35341 2 814
35369 1 1232
35390 1 716
35432 1 1823
35441 1 1097
35444 1 1003
35481 1 1556
35487 1 1788
35516 1 503
35523 1 203
35524 1 2484
35543 1 953
35560 1 295
35610 1 530
35645 4 3206
35677 1 2037
35717 1 818
35724 1 2406
35732 1 981
35743 6 4461
35754 1 1157
35756 1 353
35758 1 187
35760 5 5014
35767 2 2251
35770 2 1317
35771 3 5813
35799 1 2340
35846 1 1532
35850 1 2980
35854 3 1371
35887 1 4260
35888 2 1614
35893 1 1446
35895 1 1498
35932 4 660
35937 1 4486
35945 1 2222
35988 1 723
36012 1 1501
36018 1 1940
36022 1 513
36042 1 6053
36043 1 1885
36046 1 967
36060 1 1765
36064 1 194
36087 1 210
36090 1 1149
36091 1 2113
36100 1 3371
36101 1 984
36109 1 12698
36129 3 1661
36165 1 580
36178 2 4277
36214 1 2240
36215 1 2448
36224 1 979
36239 1 2990
36247 1 418
36254 1 2032
36258 1 582
36260 1 199
36264 3 1039
36269 1 457
36277 1 868
36291 1 4374
36392 1 6574
36393 1 6574
36415 2 4207
36433 1 940
36460 1 778
36542 1 220
36642 1 388
36675 6 6019
36697 3 754
36732 8 18263
36785 1 1843
36792 1 1806
36798 1 823
36801 1 2127
36835 1 415
36854 2 622
36878 1 1195
36895 1 891
36945 1 21910
36961 1 1431
36995 3 1643
37053 1 2470
37054 1 1105
37067 1 1829
37078 4 2030
37079 3 1003
37084 1 886
37091 1 1834
37095 2 1446
37100 1 718
37102 1 1529
37107 1 1068
37130 1 2162
37164 1 3578
37174 1 1808
37182 5 13117
37204 1 552
37267 1 1801
37278 1 2964
37310 3 7113
37321 1 1056
37352 1 1354
37366 1 814
37379 1 1264
37381 1 1394
37382 1 3256
37384 1 1980
37419 1 13883
37454 13 8351
37489 3 991
37515 1 599
37537 1 266
37547 3 1110
37576 1 1478
37588 2 1267
37614 1 4640
37662 5 2053
37677 1 486
37694 2 3082
37712 1 8990
37714 1 2598
37726 1 1722
37731 1 692
37733 1 1162
37735 1 1882
37747 5 4991
37763 1 217
37830 1 484
37857 1 311
37860 1 675
37899 1 352
37907 1 454
37928 1 3618
37932 3 17484
37966 1 625
37975 1 848
37984 1 1580
38000 1 1429
38004 1 2166
38014 1 1335
38022 2 807
38024 2 1239
38094 2 2311
38101 1 2682
38189 4 3745
38209 1 807
38220 1 450
38274 1 182
38294 1 1860
38344 1 1209
38345 1 573
38365 4 774
38367 4 2157
38375 1 1735
38393 1 987
38465 1 110
38474 1 637
38484 2 1425
38487 1 396
38488 1 1063
38494 1 191
38520 1 1239
38542 1 2357
38552 1 473
38564 3 4067
38571 1 823
38574 2 2305
38633 1 1558
38636 1 869
38683 1 310
38685 1 2596
38686 1 2997
38687 1 2099
38692 1 1658
38701 1 1080
38725 1 2848
38737 1 1277
38738 3 768
38748 1 2192
38778 1 3309
38782 1 1808
38785 4 483
38789 1 1489
38794 6 2594
38796 2 3677
38800 1 691
38802 5 4212
38803 1 1055
38808 1 2666
38812 1 2023
38820 1 2102
38832 1 474
38842 1 1088
38866 3 1238
38891 1 3038
38937 1 1185
38953 1 2359
38954 1 2720
38970 1 774
39010 3 2843
39024 1 8349
39033 1 423
39038 3 1980
39066 1 632
39068 3 6017
39085 1 4795
39115 3 1536
39121 1 2269
39127 1 1657
39192 1 1347
39210 1 1517
39251 1 2258
39265 3 3702
39294 4 1948
39301 16 12335
39307 1 2173
39313 1 2054
39314 1 1784
39320 1 906
39341 1 9083
39342 1 486
39415 1 1211
39433 1 1508
39448 1 3136
39449 1 3105
39492 5 2059
39496 1 897
39497 7 5496
39507 1 572
39539 1 1033
39573 5 1738
39587 1 384
39631 1 770
39674 1 334
39711 1 1160
39712 1 1190
39730 2 237
39782 1 1509
39787 2 379
39802 1 1853
39818 1 368
39833 1 472
39851 1 186
39877 1 501
39886 1 167
39959 1 969
39978 9 30166
39999 1 4187
40001 1 1577
40022 1 2312
40033 2 2140
40059 1 938
40061 4 993
40065 3 3427
40084 1 688
40085 1 813
40109 1 902
40158 1 295
40244 2 234
40248 2 986
40261 1 1349
40296 1 1209
40373 2 953
40382 3 2344
40388 1 1126
40400 11 2099
40438 10 4462
40446 1 1492
40448 1 3806
40451 3 1598
40479 9 1354
40499 1 2513
40509 1 2348
40530 1 1636
40538 4 14088
40550 13 3684
40555 4 779
40581 1 152
40601 1 783
40632 1 358
40695 2 8337
40723 1 367
40758 1 1107
40764 2 793
40767 1 412
40770 2 1680
40781 1 1183
40782 1 731
40819 3 10440
40841 1 2352
40853 1 576
40936 2 3129
40959 1 5445
40962 2 1247
40964 2 558
41029 1 1155
41085 2 1046
41088 1 1045
41103 1 2097
41117 1 1658
41118 1 2966
41123 1 2499
41182 2 2196
41252 2 1169
41259 2 862
41286 2 632
41296 1 657
41306 2 2294
41341 1 1666
41439 1 2390
41448 1 700
41450 1 1521
41457 1 705
41463 5 124
41476 4 158
41513 2 774
41524 1 2455
41541 1 1241
41546 1 918
41560 1 66
41567 1 363
41586 1 426
41593 1 364
41594 1 268
41615 1 437
41617 1 366
41634 1 373
41637 1 527
41657 2 563
41682 1 2132
41692 1 920
41698 1 3701
41743 2 1028
41772 2 1868
41786 1 1169
41828 3 764
41836 1 829
41849 1 450
41853 1 4530
41877 1 1119
41885 1 1027
41896 1 821
41935 2 1302
41936 1 2170
42016 1 866
42019 4 6660
42028 10 3931
42047 1 818
42051 1 2366
42052 1 1735
42053 1 3174
42060 3 1283
42063 1 1105
42085 1 6194
42086 1 754
42088 2 1078
42119 1 4002
42143 3 770
42150 1 2706
42208 2 1800
42239 3 1971
42283 2 2025
42284 3 1827
42290 1 3287
42295 1 714
42321 1 1615
42327 1 793
42362 2 10503
42379 1 684
42385 1 1348
42392 1 880
42415 1 893
42429 1 678
42447 1 819
42460 2 1971
42472 1 275
42488 9 517
42507 1 297
42517 3 1959
42537 1 504
42545 1 732
42546 1 73
42554 1 513
42564 2 880
42565 1 1069
42599 2 1553
42640 1 12636
42763 1 6680
42777 1 1444
42870 1 1054
42948 1 807
42968 3 2559
43011 1 1189
43024 1 805
43044 1 1869
43061 3 3075
43125 1 858
43245 2 2907
43277 1 226
43349 2 377
43387 1 55
43394 2 406
43463 1 1072
43471 1 1044
43477 2 22611
43501 1 322
43507 1 1101
43508 1 1409
43546 3 1261
43547 2 1029
43611 4 1321
43678 2 956
43684 1 438
43687 1 228
43747 1 7125
43749 2 2541
43785 5 2976
43798 1 5617
43820 1 830
43837 4 3115
43840 1 1167
43849 1 648
43914 1 775
43935 1 3104
43938 1 1026
43946 1 753
43955 1 984
44003 1 363
44024 1 1787
44092 5 720
44118 1 1063
44122 1 1272
44134 1 831
44155 2 1605
44253 1 2425
44286 4 5425
44296 1 493
44306 1 1498
44372 1 5509
44407 1 1204
44419 1 1293
44423 1 2828
44439 2 2467
44501 1 179
44544 4 1123
44564 1 295
44588 4 2135
44786 1 951
44791 1 1689
44792 1 3157
44801 3 874
44805 3 1254
44841 1 416
44901 2 798
44915 1 385
44928 1 1161
44960 1 1644
44963 3 274
44981 1 1515
45069 1 483
45096 1 6217
45098 1 1554
45154 1 888
45211 4 426
45234 2 1222
45242 1 784
45264 1 1437
45321 1 739
45332 1 1739
45334 1 365
45335 2 2586
45341 1 834
45345 4 503
45376 1 1359
45636 1 188
45662 1 135
45712 1 454
45713 1 545
45714 1 379
45719 1 404
45731 1 582
45763 2 138
45766 2 47
45808 1 1186
45859 10 21421
45877 1 683
45963 1 888
45976 1 1351
45982 1 346
45983 1 1070
45984 1 629
46031 1 1240
46046 1 3634
46069 1 3643
46105 1 945
46146 1 874
46147 1 2188
46168 1 2539
46169 3 5011
46174 2 2910
46215 2 484
46241 2 2498
46244 1 3024
46297 1 737
46306 2 4474
46322 1 1537
46355 1 372
46369 2 5238
46419 1 2392
46486 1 741
46504 1 730
46507 1 583
46513 1 2610
46519 3 5448
46525 1 984
46527 1 830
46536 1 1419
46538 1 1327
46553 2 1252
46589 1 1731
46604 1 417
46638 2 1102
46663 1 1197
46688 2 618
46707 4 1302
46714 1 39
46762 1 774
46777 1 3791
46792 1 511
46798 2 1028
46811 2 2035
46812 1 3767
46822 1 746
46828 1 845
46851 1 851
46891 2 5171
46961 2 1408
46966 1 824
46968 2 1661
46983 1 4196
46984 5 764
46989 1 824
46990 1 569
46998 1 1512
47084 2 1448
47087 2 880
47100 1 623
47111 1 966
47115 1 1920
47122 1 512
47133 1 1102
47173 1 967
47199 2 3686
47245 2 6757
47255 1 704
47275 1 299
47276 1 263
47277 1 364
47278 1 309
47283 1 525
47344 1 1280
47414 1 293
47463 6 201
47467 1 376
47469 2 1680
47476 2 2645
47496 1 2373
47565 1 1185
47623 1 1677
47659 1 3727
47663 2 922
47664 1 2616
47666 1 881
47678 1 908
47802 1 1203
47805 1 1031
47841 1 968
47891 1 1182
47894 1 349
48122 1 996
48130 2 978
48136 3 802
48137 3 809
48138 3 781
48139 3 671
48148 1 1709
48178 1 312
48202 7 2712
48258 4 1163
48260 1 1199
48267 3 4317
48268 3 5058
48269 2 11120
48290 1 2106
48294 1 1479
48377 1 560
48440 1 1635
48449 1 841
48467 2 2133
48470 3 2310
48471 2 2563
48475 3 4416
48481 1 776
48502 1 719
48532 1 626
48555 1 535
48559 1 667
48562 1 447
48563 1 509
48564 1 1430
48565 1 702
48619 9 1429
48640 1 425
48660 1 978
48668 3 536
48671 1 1680
48675 2 2669
48679 1 2017
48683 1 1360
48689 5 4283
48699 1 652
48728 1 2201
48747 8 1809
48752 1 1640
48779 2 3569
48783 1 1440
48791 1 1334
48875 1 773
48916 1 2862
48954 2 4360
48959 1 1293
48960 1 2073
48996 1 315
49014 1 2884
49021 1 2436
49023 1 1908
49053 1 516
49109 1 431
49119 4 1455
49120 4 1020
49149 1 3141
49235 5 2114
49276 1 5599
49301 1 835
49323 1 5236
49366 1 5125
49367 1 2106
49382 1 213
49394 2 989
49423 1 1014
49428 1 272
49449 1 816
49517 1 1671
49677 2 991
49681 2 3266
49695 2 726
49730 1 623
49743 1 700
49749 1 802
49782 1 2062
49797 1 732
49798 1 852
49803 1 785
49827 1 721
49834 1 904
49842 1 2475
49847 1 1395
49848 3 1148
49849 2 1035
49863 1 1748
49869 1 1403
49876 1 1037
49880 1 865
49919 1 2203
49984 1 1693
49989 1 1751
49990 1 3509
49991 1 1914
50016 2 11583
50017 2 2970
50040 5 6696
50047 1 1726
50116 2 423
50117 1 695
50173 1 1992
50241 3 2798
50297 1 616
50307 1 1514
50322 1 337
50339 2 1054
50355 1 3677
50361 1 843
50362 1 1063
50363 1 1043
50364 2 1047
50393 1 777
50428 1 1275
50429 2 2393
50430 1 2601
50431 1 1740
50435 2 2397
50464 1 2946
50492 3 3702
50502 1 891
50524 1 1087
50545 1 531
50572 1 501
50578 1 385
50579 2 1575
50593 1 608
50598 1 5177
50601 1 937
50613 15 2424
50616 1 843
50632 2 1689
50720 1 705
50724 1 2101
50727 1 1144
50747 2 1378
50814 1 2147
50857 1 6468
50872 2 299
50880 1 487
50883 1 1879
50977 4 187
50982 1 375
51010 2 1165
51016 1 501
51022 1 2835
51040 3 2089
51041 1 328
51043 1 1273
51049 1 2306
51082 2 1356
51109 2 864
51142 1 838
51171 1 743
51206 1 3478
51212 2 877
51217 1 702
51236 1 1936
51237 4 2338
51290 2 6381
51291 2 1801
51292 2 1220
51326 3 2077
51344 1 2554
51345 1 2417
51355 1 860
51386 1 2055
51399 1 253
51443 1 510
51457 1 465
51477 2 605
51562 1 1186
51589 2 521
51597 1 846
51613 1 1134
51642 2 471
51644 2 289
51712 1 2167
51721 1 805
51776 1 612
51780 1 1235
51799 1 1021
51802 2 5283
51803 1 2141
51818 1 552
51843 3 6718
51856 1 495
51921 2 820
51950 2 1782
51954 2 1366
51955 1 1040
52010 1 1541
52011 2 678
52019 2 1451
52025 1 712
52028 1 5224
52032 2 1614
52047 1 1194
52072 2 2361
52105 1 1953
52166 2 894
52170 1 1404
52183 1 1064
52191 1 640
52199 1 2113
52222 1 1753
52233 1 1302
52273 1 926
52301 8 8406
52345 1 3783
52386 2 3359
52397 2 4823
52440 1 6680
52442 1 1703
52478 4 2078
52480 2 2295
52493 3 2748
52557 4 5509
52561 2 52057
52582 3 2859
52696 1 1151
52701 1 1487
52727 1 4203
52807 2 293
52845 1 159
52916 3 135
52922 1 401
52964 1 376
52968 1 814
52975 1 550
52987 2 1151
52995 1 283
53011 2 2109
53014 4 1208
53023 1 6088
53031 1 683
53047 1 1702
53066 1 855
53074 2 940
53078 1 3327
53101 1 1846
53132 1 1846
53137 2 1658
53208 1 935
53230 1 1357
53251 1 307
53261 4 1586
53265 1 1603
53273 1 2039
53335 2 2146
53342 2 3109
53343 1 2474
53359 2 2051
53366 4 793
53367 2 1856
53373 1 801
53386 1 3714
53389 1 72
53405 1 783
53420 2 181
53430 6 48057
53440 1 883
53492 3 606
53497 1 1219
53520 1 179
53539 1 1387
53546 1 2364
53558 4 5589
53633 1 948
53674 1 1401
53732 2 1332
53756 2 1177
53778 2 4519
53843 2 1483
53859 1 1138
53860 1 1071
53890 1 3997
53891 1 3993
53892 1 3994
53897 2 1195
53898 2 1192
53899 2 1192
53900 2 1192
53901 1 1141
53902 1 1141
53903 1 1141
53904 1 1250
53923 1 2605
53930 1 1054
54034 1 213
54089 1 323
54093 1 4103
54094 1 3257
54157 2 5381
54167 1 423
54184 1 291
54196 1 1353
54207 1 935
54209 1 1340
54281 1 197
54288 1 993
54306 1 2437
54333 2 1417
54372 1 1111
54375 1 5885
54483 1 1091
54485 1 4555
54497 1 1589
54504 1 725
54525 1 1307
54534 1 1649
54584 1 478
54593 2 892
54615 2 2552
54624 4 1892
54626 2 1166
54665 1 210
54857 2 484
54918 1 1069
54985 3 1289
55005 1 223
55008 1 470
55031 1 456
55081 1 549
55083 2 780
55089 2 262
55133 1 1183
55140 1 1485
55146 2 2594
55153 1 1633
55162 1 1219
55311 1 738
55333 1 1119
55411 1 830
55412 1 574
55413 1 691
55433 1 1983
55474 2 826
55512 1 695
55579 1 423
55607 3 9422
55608 1 4052
55612 1 642
55722 1 48
55882 1 209
55902 1 216
55906 1 1419
55919 5 3288
56037 1 280
56038 1 1596
56045 1 1527
56061 1 440
56092 1 550
56098 1 92
56142 1 393
56162 2 59
56169 2 167
56204 1 1621
56215 1 1081
56243 2 1170
56247 1 967
56256 1 1380
56257 1 1380
56258 1 1380
56270 1 1574
56272 1 829
56287 3 965
56295 3 1017
56400 1 2072
56438 2 864
56444 1 186
56446 1 1314
56461 1 755
56488 1 872
56497 2 2476
56503 1 5900
56523 2 856
56539 1 409
56565 1 504
56575 1 1164
56576 1 732
56580 1 1537
56591 2 1805
56593 1 1203
56607 1 2013
56622 1 810
56656 1 546
56700 4 2072
56711 1 1301
56771 2 2565
56792 1 1075
56802 2 8941
56806 1 2202
56816 1 1923
56839 6 8203
56851 1 778
56852 1 1247
56853 1 915
56890 1 933
56900 1 1808
56901 1 51
56924 1 202
56934 1 1064
56961 2 7535
56962 2 422
56969 2 1209
56987 5 833
56994 1 966
57014 1 207
57015 1 297
57164 3 2492
57213 2 1593
57226 1 11510
57251 2 520
57295 1 581
57301 1 742
57302 1 815
57340 1 604
57369 1 1953
57429 2 937
57471 1 1255
57512 1 1680
57513 2 1139
57530 1 2185
57537 1 924
57544 1 265
57548 1 1424
57639 2 1276
57654 1 592
57667 1 648
57747 2 946
57779 1 439
57789 2 806
57794 6 859
57799 1 1179
57817 1 4120
57818 2 3557
57819 1 2006
57827 1 1465
57833 2 2030
57835 1 642
57844 1 1815
57887 2 1483
57909 1 1075
57911 1 1835
57929 1 435
57940 4 284
57950 1 10362
57951 1 10312
57954 1 4003
57964 1 1922
57965 1 3015
57981 6 1528
57997 5 4870
57998 1 863
58177 5 390
58178 1 430
58201 1 1355
58231 2 4145
58232 2 1144
58234 2 651
58238 1 1044
58247 7 19391
58251 3 4547
58290 1 982
58293 1 2164
58316 1 769
58318 2 718
58336 1 440
58378 2 2575
58390 1 1711
58420 6 8658
58448 1 1131
58462 1 1526
58491 1 914
58531 1 751
58539 1 304
58540 1 187
58544 2 752
58728 1 827
58731 2 728
58734 1 847
58737 1 903
58776 2 870
58778 1 2282
58863 2 176
58888 1 1058
58899 1 1039
58909 1 1264
58940 6 4530
58951 1 1996
58962 1 383
59064 1 2318
59168 1 1245
59169 1 2086
59209 1 2825
59230 1 780
59305 3 1145
59308 1 1531
59378 1 357
59414 1 1099
59441 1 1940
59467 1 4546
59470 2 3154
59480 1 2579
59527 3 1590
59590 3 1196
59628 1 1173
59646 1 1585
59651 1 1919
59679 1 2650
59681 1 3350
59699 1 1994
59704 2 922
59717 5 4807
59728 1 826
59760 9 5506
59763 1 235
59764 1 421
59830 2 881
59843 1 6525
59859 1 642
59920 1 478
59922 2 3476
59923 3 1326
59982 1 4938
59984 1 2885
60016 1 1377
60031 1 2148
60037 1 4344
60044 3 1309
60046 1 858
60068 1 2246
60070 1 2663
60079 1 1270
60082 6 1247
60091 1 976
60106 1 179
60110 1 306
60112 1 350
60113 1 306
60121 1 851
60122 1 1146
60165 1 857
60172 1 1266
60249 1 1398
60284 1 1802
60297 1 923
60305 2 1305
60337 1 662
60362 1 3186
60366 1 3154
60377 1 2105
60445 1 1364
60451 1 2513
60495 7 417
60497 2 201
60498 2 437
60499 3 329
60500 2 369
60507 1 4075
60512 2 1242
60522 3 1503
60530 1 382
60562 3 2105
60564 1 660
60588 1 3135
60593 1 637
60611 6 2420
60661 4 4572
60671 2 3451
60682 1 472
60747 1 1472
60803 1 578
60818 2 247
60832 1 882
60910 1 2877
60959 4 422
60967 1 2534
60968 1 1740
60997 1 3263
61017 3 2099
61046 2 660
61059 9 4559
61105 2 527
61142 1 421
61169 4 3257
61204 2 1714
61213 1 1171
61255 1 4815
61256 1 2242
61268 1 2756
61326 2 2485
61339 1 1085
61342 1 1073
61352 3 18809
61368 1 1197
61423 2 1232
61428 2 8357
61441 2 825
61443 1 1702
61449 1 1279
61466 1 850
61470 3 2495
61472 1 2455
61516 2 1071
61527 2 2751
61532 1 452
61613 1 1024
61617 1 2377
61635 1 2149
61666 1 1012
61676 1 1974
61693 4 1481
61731 1 1752
61804 1 677
61810 3 890
61820 1 5698
61831 1 1756
61837 1 1035
61838 1 1648
61839 1 1782
61893 1 1205
61894 2 3336
61907 1 3429
61917 5 5083
61942 1 1229
62014 1 6015
62028 3 6469
62060 1 1090
62062 1 6529
62124 1 1016
62127 1 223
62142 1 2600
62143 3 2252
62144 2 2188
62145 2 1137
62205 2 1826
62211 1 1096
62216 1 254
62229 1 7173
62236 2 2326
62259 1 1550
62293 2 2903
62355 2 1114
62369 1 1325
62374 1 620
62396 2 1733
62413 3 976
62415 1 646
62416 2 2005
62417 1 11638
62472 1 837
62494 1 1040
62513 1 2915
62514 1 3635
62522 1 1976
62588 1 8596
62592 3 1475
62593 2 2061
62633 1 457
62700 1 517
62840 1 1377
62862 1 1130
62871 1 1931
62872 1 831
62906 2 1723
62932 1 1598
62951 1 2817
62958 1 1187
62982 1 151
63060 2 1082
63076 1 3881
63077 1 5251
63079 1 1810
63155 1 1358
63172 2 1456
63188 1 182
63205 1 339
63206 2 1190
63215 1 884
63239 2 882
63266 2 3285
63279 1 1413
63287 1 2749
63339 1 1381
63376 2 664
63401 1 588
63507 1 1696
63510 1 562
63519 3 2160
63521 1 1186
63555 6 7057
63557 1 474
63582 1 643
63589 1 500
63592 1 1009
63610 1 1864
63628 1 1675
63634 3 5269
63686 1 3010
63689 1 998
63703 1 2027
63709 2 2193
63736 2 1433
63737 1 2198
63791 2 1978
63792 1 1726
63793 1 663
63797 1 817
63806 1 564
63812 5 2413
63827 1 1179
63929 3 1348
63936 2 584
63938 1 2930
63954 1 741
63956 3 958
64009 1 3743
64074 1 1141
64075 1 1250
64076 1 1250
64141 1 168
64268 1 622
64271 1 4396
64272 1 723
64301 10 942
64350 5 20899
64381 2 1648
64412 3 2859
64419 2 3930
64429 2 858
64438 4 1078
64466 2 748
64491 1 1559
64564 2 1147
64590 1 2177
64612 1 1382
64629 1 537
64638 1 1553
64657 2 1109
64661 1 228
64662 1 216
64895 1 1024
64900 1 380
64907 1 489
64934 1 1579
64936 1 1450
64941 1 283
64942 1 731
64946 1 2282
65026 2 304
65035 1 1584
65068 1 2208
65081 1 721
65094 1 2609
65104 6 8712
65131 1 1018
65271 1 2676
65297 2 159
65399 1 3181
65421 2 3586
65429 1 789
65433 2 2178
65439 2 667
65453 1 1772
65515 1 1671
65516 1 1590
65556 4 2099
65574 1 1775
65578 1 451
65597 1 303
65601 1 1045
65639 1 1444
65648 1 796
65650 1 702
65656 1 3685
65661 3 883
65667 1 525
65688 1 297
65726 3 2684
65770 1 665
65771 2 799
65772 2 969
65774 1 617
65779 1 651
65810 1 689
65826 1 295
65866 1 1221
65880 2 1390
65889 1 1013
65905 1 1164
65913 6 1357
65947 2 662
65976 1 2618
65977 2 887
65981 1 495
66011 1 1162
66026 1 1362
66047 1 1117
66056 1 1412
66094 1 518
66130 1 1341
66174 1 806
66182 1 1751
66187 5 563
66234 1 1935
66244 5 804
66326 1 683
66334 1 368
66361 3 392
66396 1 681
66425 1 943
66454 2 1171
66486 1 1876
66511 1 1322
66515 1 6274
66518 1 709
66533 1 1245
66588 1 281
66615 1 2064
66619 1 2672
66636 1 1536
66648 2 1645
66652 1 496
66662 2 642
66706 2 684
66712 3 757
66722 9 276701
66723 3 1267
66733 1 1217
66735 2 936
66751 1 11896
66773 1 1006
66786 1 915
66790 2 929
66795 1 970
66805 1 721
66816 1 790
66823 3 9403
66832 10 1718
66833 11 1190
66835 1 845
66875 1 578
66878 1 750
66882 1 1598
66883 1 607
66886 4 3404
66901 1 1242
66904 3 476
66912 1 871
66965 1 1054
67001 1 1320
67004 3 710
67021 8 6450
67054 4 2805
67074 1 9837
67095 1 2223
67108 1 742
67140 1 1130
67176 1 339
67195 1 6824
67213 1 2231
67225 1 1254
67261 2 1409
67263 1 1563
67265 1 2055
67315 1 626
67333 2 2666
67364 1 1105
67371 2 3756
67375 3 994
67396 1 613
67415 15 10077
67435 1 836
67442 1 716
67460 3 791
67518 1 2462
67519 4 10460
67536 1 943
67537 1 1492
67552 1 741
67554 1 645
67560 1 363
67578 1 750
67598 1 984
67602 1 612
67603 1 612
67604 1 612
67605 1 614
67606 1 612
67612 1 800
67626 1 1388
67634 1 792
67655 3 1887
67656 1 1484
67689 5 7619
67723 1 449
67746 1 731
67757 1 684
67772 1 1925
67776 1 2260
67783 1 827
67784 1 2572
67858 1 1482
67864 1 1002
67872 5 409
67873 1 326
67884 1 954
67892 2 1691
67893 3 4007
67894 3 1091
67897 1 1662
67899 1 4652
67900 2 1945
67902 2 1015
67903 1 1428
67931 4 1269
67933 1 3340
67934 1 1831
68002 1 3149
68037 2 1299
68044 1 855
68057 4 3416
68077 1 933
68082 1 1865
68117 1 4150
68118 3 3343
68119 7 6225
68120 3 7511
68190 1 1318
68339 1 997
68368 1 1969
68369 1 11195
68388 9 2572
68392 1 6574
68409 1 1250
68424 1 1934
68425 1 927
68603 1 57
68628 1 340
68661 1 2157
68668 1 1127
68680 1 9381
68693 1 1104
68707 3 4537
68727 1 1593
68752 2 1201
68753 1 669
68756 1 2028
68790 3 2859
68813 1 544
68823 4 2312
68843 1 529
68876 1 1494
68893 1 1871
68916 2 2291
68934 1 765
68956 1 2895
68961 1 1060
68964 2 11197
68969 1 746
68991 1 1084
69019 1 1114
69021 2 861
69033 2 718
69043 1 1118
69071 1 325
69072 1 368
69073 1 332
69074 1 294
69082 2 1410
69325 1 606
69328 1 515
69334 1 764
69335 1 503
69359 1 789
69360 1 903
69367 1 1004
69374 1 1453
69424 2 631
69436 3 1123
69451 3 293
69455 1 942
69495 1 2757
69509 1 5379
69710 2 5755
69716 1 7169
69842 2 886
69851 1 2303
69904 3 392
69905 6 1489
69916 1 97
69917 5 3612
70050 1 1597
70052 4 292
70178 1 229
70208 1 1316
70210 1 5060
70211 1 1103
70236 2 3474
70279 4 12383
70288 5 1765
70297 3 5416
70307 1 703
70350 1 1366
70375 1 1033
70376 1 1020
70377 1 5997
70420 1 452
70424 2 752
70429 3 856
70473 2 1081
70490 1 449
70492 1 315
70534 1 5509
70584 1 65
70586 4 2455
70597 2 600
70601 1 2514
70609 1 881
70632 1 1096
70633 1 938
70638 1 1325
70702 2 2156
70839 1 3633
70842 1 1321
70855 1 5396
70873 1 1758
70947 1 1439
70979 1 1611
71152 2 1194
71185 1 2946
71215 1 913
71252 1 1357
71264 1 708
71352 2 1829
71354 1 687
71382 1 196
71392 1 1762
71393 1 1762
71394 1 1762
71406 3 2956
71419 1 2738
71432 1 2398
71454 1 40
71506 1 328
71516 3 159
71553 1 1321
71567 1 4513
71604 1 774
71611 1 169
71630 2 3469
71635 2 1924
71643 1 602
71691 1 1602
71697 1 1008
71702 1 675
71716 1 1104
71738 1 1825
71739 1 933
71818 4 793
71820 1 329
71836 4 5188
71847 1 1603
71849 1 1027
71850 1 642
71852 2 998
71860 3 1550
71884 3 436
71905 1 1340
71923 1 631
71930 1 926
71931 1 1875
71936 2 1197
71949 1 489
71976 1 1089
71987 1 1438
72004 6 8626
72005 1 1089
72011 1 1094
72066 1 7004
72068 1 8137
72083 1 1040
72098 4 19912
72145 1 941
72158 1 891
72168 2 1859
72217 2 1342
72232 1 1430
72242 2 1531
72245 4 1330
72256 1 1403
72276 1 1201
72277 1 1369
72284 1 6759
72296 1 621
72304 1 2094
72319 3 945
72322 2 2478
72324 1 3100
72351 1 1344
72352 1 873
72356 1 2591
72364 1 1286
72380 1 3360
72382 1 4049
72394 1 753
72412 6 14176
72414 3 1956
72418 1 432
72422 1 4394
72436 1 1419
72437 1 8964
72478 1 2348
72498 1 11873
72573 1 1791
72574 2 425
72612 1 2177
72633 1 623
72650 1 6445
72654 2 469
72675 1 8994
72691 1 1208
72704 1 1029
72710 1 490
72714 1 1957
72744 1 708
72769 2 4944
72837 2 3948
72871 1 828
72883 1 1574
72899 2 20275
72923 1 1527
72938 5 10696
72954 1 1348
72955 2 1468
72962 1 922
72987 1 428
72992 1 861
73053 1 544
73068 1 403
73088 1 4779
73089 1 890
73090 1 2159
73093 2 4058
73115 1 2759
73143 2 150
73146 2 811
73154 1 337
73155 5 3609
73164 1 1192
73277 2 1345
73286 3 2501
73298 1 685
73345 1 784
73347 2 2316
73349 4 2244
73354 3 876
73426 2 1568
73446 1 989
73497 3 632
73498 1 2553
73504 1 219
73516 1 906
73641 1 387
73644 1 2945
73655 1 1423
73656 1 1671
73657 1 1439
73658 1 906
73675 2 1104
73676 2 2052
73749 1 1593
73787 1 141
73791 1 179
73793 3 378
73799 2 6946
73931 1 2768
73963 1 6843
73967 1 291
73973 1 800
73994 2 2096
73997 1 10376
74016 2 3216
74031 2 970
74065 1 2514
74105 1 702
74122 1 1513
74124 1 85
74129 1 1104
74148 1 1271
74156 1 1504
74179 1 4036
74187 1 302
74232 2 2451
74349 1 2378
74353 3 1284
74405 1 1483
74415 1 2117
74417 1 865
74426 1 945
74428 1 1716
74432 5 3303
74434 1 3996
74435 1 2232
74437 1 6261
74439 1 1488
74448 1 1084
74449 1 1802
74475 1 574
74543 1 5014
74545 1 1446
74562 1 846
74575 21 2107
74580 1 557
74603 1 508
74608 1 228
74642 1 586
74645 1 6253
74657 1 2670
74665 1 2881
74706 4 5592
74707 2 4337
74708 2 4408
74746 3 5004
74758 2 1530
74794 1 1782
74831 2 1285
74857 1 2102
74868 2 1193
74872 1 1224
74876 1 923
74877 1 3262
74887 10 7880
74911 1 916
74914 2 387
74923 1 474
74933 1 1532
74947 1 303
74949 1 421
75093 1 1237
75106 2 822
75125 2 1224
75142 1 931
75155 1 2282
75180 1 416
75186 1 748
75220 3 1738
75221 3 6839
75224 1 534
75295 1 2546
75303 3 2682
75304 4 2880
75305 4 2807
75306 4 2908
75311 1 917
75315 2 251
75325 1 1661
75526 2 1968
75537 2 772
75540 1 3756
75544 1 730
75601 2 645
75703 1 420
75714 1 208
75740 1 492
75753 2 1935
75767 1 1290
75825 1 1663
75840 1 1024
75842 2 761
75884 1 433
75949 2 980
75954 1 3743
75960 1 2012
75998 1 556
76013 1 482
76031 1 1946
76038 1 3241
76050 1 4066
76061 1 3128
76073 1 782
76106 1 4999
76112 1 801
76120 1 1477
76138 3 3341
76143 1 3616
76174 1 20998
76199 2 1686
76201 1 981
76245 1 6436
76246 1 6517
76247 2 4782
76262 3 3194
76266 1 1340
76269 3 3998
76344 1 2359
76349 5 2296
76350 1 516
76354 1 3077
76391 1 1501
76410 1 1311
76411 2 6346
76448 1 5583
76489 1 1295
76512 1 942
76516 1 5399
76582 3 1126
76585 1 1877
76592 1 1400
76607 1 845
76666 1 366
76674 1 823
76690 1 2184
76706 1 765
76719 1 1182
76767 1 637
76770 1 452
76775 4 1080
76786 1 1262
76801 1 1258
76804 1 811
76886 8 4302
76913 2 1702
76992 1 538
76997 1 1154
76998 4 2076
77019 1 882
77023 1 2768
77031 1 73
77061 1 999
77082 1 5693
77084 1 2028
77103 1 1287
77107 1 1115
77139 2 7313
77144 1 3383
77157 1 1001
77180 5 5716
77181 2 1816
77253 1 1729
77355 1 433
77356 1 608
77365 1 368
77371 5 683
77435 1 804
77451 1 1266
77458 1 1185
77459 1 920
77474 2 4717
77596 1 563
77610 1 2465
77621 3 1859
77622 3 1784
77647 1 1135
77648 1 1212
77649 1 232
77661 4 918
77663 1 449
77673 1 335
77674 1 339
77712 2 52
77800 1 853
77824 2 4856
77825 1 1157
77834 3 3498
77847 1 500
77865 1 230
77887 1 1637
77888 3 320
77892 1 1122
77901 1 683
77942 1 3229
77952 1 546
77956 1 423
78012 2 917
78019 1 724
78033 1 397
78034 1 2796
78077 1 662
