mysteri mysteri 4142 65215343 
4 1 930
10 1 246
15 1 399
103 1 1217
132 1 13051
190 1 734
224 1 670
233 1 1974
242 1 2344
247 4 1642
258 1 56657
327 2 2668
340 3 2546
352 1 2404
388 1 1479
399 2 1548
415 2 2105
424 1 2481
465 1 1411
509 1 1165
542 1 647
557 4 3639
576 1 755
613 3 3927
694 1 1606
733 1 1616
748 3 1209
787 1 311
788 2 199
789 1 178
790 1 396
799 1 845
834 3 372
915 1 981
918 1 511
959 1 1761
960 1 2769
961 1 1879
966 2 6046
1023 1 2468
1025 1 1017
1032 1 1369
1183 1 555
1185 10 15836
1200 1 636
1226 1 481
1351 3 540
1359 1 937
1360 1 1401
1366 1 326
1422 2 950
1423 1 1158
1426 2 1867
1463 1 1594
1634 1 30082
1659 3 2425
1666 2 1519
1721 1 1229
1726 1 2436
1733 2 458
1767 1 13095
1799 1 983
1855 1 2208
1895 1 1092
1896 3 2074
2003 6 419
2064 2 309
2080 1 8786
2099 1 579
2111 1 416
2132 1 118
2139 3 1034
2158 1 524
2163 2 2057
2192 1 5833
2218 3 1529
2237 1 1765
2244 1 2544
2358 6 797
2360 1 485
2407 1 462
2408 1 1064
2409 1 1038
2415 1 269
2420 1 2316
2427 1 1375
2447 1 901
2482 1 1146
2487 4 1574
2500 2 796
2523 1 216
2567 1 477
2624 1 1168
2666 11 6601
2727 1 4008
2761 1 588
2762 2 669
2763 1 580
2813 1 34
2971 1 848
3006 1 834
3031 1 1586
3132 1 2453
3152 1 1444
3217 2 2264
3230 1 1502
3238 2 1320
3331 1 1153
3377 1 1482
3407 1 801
3433 1 553
3527 1 799
3536 1 1404
3539 1 1721
3599 2 11096
3606 3 924
3690 1 167
3826 1 723
3829 1 1698
3832 1 7941
3833 1 1551
3887 1 2632
3917 1 918
3921 1 3235
3922 2 4998
4013 2 493
4025 1 1200
4029 3 1276
4061 1 335
4068 1 8611
4160 1 218
4178 3 3149
4260 1 485
4305 2 1625
4306 2 1994
4307 2 2386
4308 2 2754
4310 1 303
4346 1 1650
4368 1 4832
4369 1 4444
4370 1 3314
4371 1 3866
4372 1 3440
4373 1 4212
4374 1 5584
4376 1 2069
4377 1 1760
4421 1 1667
4425 1 1104
4446 1 1214
4496 1 6061
4514 1 542
4550 1 3021
4608 1 2302
4663 1 290
4667 1 3501
4690 1 532
4823 1 1869
4849 1 639
4861 1 2242
4873 1 660
4898 1 352
4909 2 4646
4910 2 4646
4911 2 4646
4931 1 1648
4932 2 1745
5110 1 4935
5136 1 141
5151 1 945
5224 1 460
5225 1 1789
5243 3 876
5251 1 309
5444 1 454
5463 1 882
5497 1 992
5499 1 44062
5538 3 1629
5539 6 1043
5542 1 746
5559 1 436
5560 2 528
5561 1 425
5562 1 718
5598 1 667
5633 1 181
5658 2 1556
5677 3 1201
5803 1 1752
5860 3 1573
5881 1 504
5882 1 754
5884 1 870
5888 1 941
6015 1 3323
6066 1 1297
6151 1 6692
6176 4 1652
6304 2 3270
6324 1 1468
6334 2 1066
6343 1 567
6361 1 4951
6599 1 533
6612 5 2092
6836 3 629
6936 2 207
6944 1 1564
6947 1 1049
6983 1 2840
6988 4 2056
7174 1 580
7175 1 1156
7287 2 4774
7405 1 1072
7409 1 732
7488 2 1408
7523 4 238
7570 1 9650
7572 3 1609
7576 1 6690
7656 1 1143
7706 1 3286
7723 1 4731
7727 2 2490
7728 1 1453
7758 1 1880
7767 1 3013
7773 2 7884
7898 1 656
7967 1 1641
8026 1 922
8029 1 807
8046 1 785
8056 2 878
8062 1 2690
8078 1 948
8116 1 677
8122 1 5509
8128 3 545
8145 1 1136
8186 1 671
8193 2 1008
8230 2 537
8248 1 1171
8272 1 298
8286 1 2044
8297 2 12133
8306 1 1820
8310 1 4695
8311 1 4367
8312 1 3567
8313 1 3754
8372 1 3639
8380 1 2765
8382 1 19553
8388 1 2999
8402 1 8226
8408 1 5505
8409 1 3217
8410 1 1260
8423 1 1604
8435 1 2734
8437 3 1413
8559 1 4026
8585 1 819
8586 3 2999
8638 1 905
8696 1 1842
8697 1 2450
8698 1 2529
8704 1 177
8751 2 1100
8759 1 2291
8850 1 3830
8897 1 869
8963 1 1411
8993 1 2404
9000 1 180
9002 1 16
9106 3 1688
9110 1 650
9138 2 885
9168 1 538
9169 1 2306
9175 1 1821
9176 1 1666
9201 1 1485
9205 1 2860
9220 1 1037
9234 1 1133
9275 1 1311
9283 1 1422
9334 1 238
9489 2 6134
9490 1 2974
9491 1 6177
9492 1 6158
9607 2 630
9610 1 110
9640 1 3873
9659 12 10789
9666 1 786
9684 1 1163
9690 1 2014
9742 1 91
9750 2 1343
9754 1 636
9778 1 600
9830 1 1997
9911 1 1621
9954 1 3197
10020 1 922
10036 1 3455
10042 3 782
10067 1 2395
10068 1 1756
10087 1 1266
10097 1 1553
10104 1 780
10122 1 2093
10125 2 582
10251 2 1893
10262 1 523
10268 1 846
10271 1 930
10338 1 1672
10442 1 1664
10453 1 350
10462 1 610
10464 1 601
10465 2 834
10481 1 1483
10661 1 508
10748 1 493
10750 3 1327
10796 1 5414
10808 1 6608
10842 1 1865
10931 1 1408
10983 2 428
10984 1 137
10985 1 140
10986 1 264
10987 1 211
10988 1 547
10989 1 434
10990 1 580
10991 1 1582
10997 4 1555
10999 3 1962
11198 5 771
11282 2 695
11286 1 742
11288 2 9962
11371 1 1485
11380 1 579
11382 1 1292
11397 5 2289
11448 1 970
11497 1 1516
11560 1 574
11562 3 1278
11603 2 1444
11707 1 752
11721 1 3482
11751 1 2194
11852 3 178
11876 5 581
11981 1 156
12118 1 1794
12119 1 2327
12156 1 13898
12206 1 885
12231 1 887
12247 1 2230
12286 1 2100
12331 1 3864
12359 1 1241
12364 3 1534
12499 1 3780
12586 2 730
12621 1 829
12665 4 1942
12689 1 750
12700 15 11926
12708 1 1605
12748 3 3182
12769 1 1459
12771 2 2032
12786 1 7289
12814 3 46677
12827 1 1123
12874 1 1470
12889 1 1525
12912 7 1229
12921 10 1723
12931 1 1455
12951 2 2247
12952 1 1158
12982 1 1294
12984 1 307
13059 1 1221
13126 2 890
13170 1 1024
13171 1 703
13196 1 2057
13205 6 2644
13207 1 1202
13224 2 3401
13226 17 4464
13236 1 937
13261 1 2305
13262 2 707
13267 5 1960
13279 2 832
13290 1 1648
13356 1 1677
13420 1 1976
13479 2 5487
13480 1 2096
13546 1 3149
13577 2 805
13614 4 1453
13635 1 1237
13657 3 1124
13669 1 1253
13711 2 4824
13713 2 1764
13829 1 1750
13830 1 968
13831 1 993
13832 1 1089
13846 1 1850
13855 1 1396
13862 2 3335
13875 2 2890
13879 1 581
13880 1 1368
13985 3 11629
14032 1 1220
14056 2 1205
14067 1 1216
14105 1 9306
14185 1 2424
14207 1 954
14265 2 2579
14315 1 3896
14373 1 6743
14387 4 1368
14502 1 989
14512 2 2539
14606 2 276
14630 1 557
14650 1 1209
14660 1 1279
14666 1 801
14714 3 5738
14728 1 2287
14781 3 661
14797 3 2125
14864 2 2862
14887 2 5014
15033 1 1150
15042 1 583
15196 1 8919
15197 1 546
15256 2 1068
15263 1 562
15264 1 675
15265 1 380
15302 1 1004
15482 1 791
15511 3 1482
15607 1 1413
15672 9 1879
15840 2 926
15868 1 2468
15914 1 843
16004 1 1576
16005 8 459
16011 2 769
16023 1 810
16044 1 3747
16051 1 931
16122 1 300
16127 1 483
16178 1 4155
16179 1 763
16198 1 953
16257 1 6019
16261 1 2583
16284 1 1751
16285 1 2520
16324 3 1543
16579 1 1174
16590 1 3144
16593 1 1551
16719 1 3541
16780 3 2693
16829 1 1094
16836 3 4094
16837 2 548
16843 3 15992
16845 5 8711
16915 1 1177
16937 5 793
16994 3 2449
17013 2 9772
17014 4 149
17028 1 1380
17076 1 520
17077 1 796
17078 1 783
17079 1 1250
17080 1 522
17081 1 1312
17082 1 374
17083 3 1481
17085 1 1385
17121 4 6700
17179 1 401
17183 3 2046
17184 4 4374
17186 1 2741
17188 1 1771
17199 1 1582
17200 1 619
17201 1 678
17248 1 2188
17252 2 2637
17274 1 738
17340 2 1067
17385 10 3998
17403 1 1207
17404 2 1257
17419 1 1979
17424 2 2766
17442 3 3953
17456 1 1175
17481 1 1474
17506 1 1211
17507 1 992
17589 1 12110
17590 1 6514
17591 1 3099
17629 1 496
17638 1 6007
17666 1 1434
17672 5 4557
17679 1 1875
17684 1 2134
17708 1 746
17758 2 28986
17765 1 279
17768 1 1274
17769 1 1270
17770 1 1270
17771 1 1274
17772 1 1266
17773 1 1267
17774 1 1267
17815 1 2708
17890 3 335
17893 1 1832
18004 1 5488
18032 1 3246
18038 1 3203
18069 1 147
18074 2 1263
18137 1 1301
18148 1 989
18303 1 362
18350 1 1610
18423 1 616
18443 1 184
18444 1 133
18445 1 282
18446 1 148
18447 1 397
18448 1 135
18449 1 105
18450 1 176
18451 1 222
18452 3 771
18453 2 845
18463 4 1607
18464 1 1214
18521 1 2145
18620 2 3943
18628 1 1564
18654 1 15696
18657 1 2740
18784 1 779
18878 1 502
18879 1 3453
18880 1 2491
18881 2 2780
18933 1 6035
18963 1 1279
18994 1 567
19036 1 1671
19038 1 2622
19042 3 3327
19048 1 558
19049 1 3228
19053 2 1540
19061 54 2713
19062 60 1391
19063 33 909
19076 1 2622
19095 1 4478
19120 1 850
19131 1 3297
19175 1 519
19176 1 1330
19186 1 6942
19194 1 5424
19236 1 1530
19367 1 1627
19376 1 392
19383 1 3259
19413 1 1698
19425 1 570
19495 6 3545
19545 10 9624
19546 1 2366
19588 1 1105
19596 1 1001
19601 1 409
19604 1 511
19647 1 3406
19664 1 4781
19677 1 4468
19678 2 6792
19681 2 10198
19683 1 2480
19697 3 2330
19740 1 61
19801 1 1215
19812 1 297
19835 1 1651
19842 1 2475
19847 2 808
19849 2 684
19877 2 1239
19891 1 4302
19897 1 3289
19902 1 3107
19929 1 1291
19931 1 425
19953 1 683
20002 1 2451
20013 2 2102
20016 2 3043
20030 2 4962
20087 1 60
20192 4 1513
20304 1 735
20370 1 1259
20375 1 885
20394 1 601
20421 1 12627
20422 1 12210
20423 1 5021
20575 8 4332
20587 1 999
20597 1 1712
20639 3 2734
20660 1 777
20682 1 5585
20698 1 3736
20701 1 2408
20756 2 1009
20776 1 953
20820 1 528
20824 2 794
20857 1 666
20874 4 543
20885 1 294
20903 2 2764
20908 1 1965
20949 1 1116
20969 2 1019
20978 1 1565
20996 1 363
21046 1 10160
21051 1 1656
21053 1 1087
21248 1 585
21258 5 495
21263 8 1339
21266 1 4449
21284 1 1012
21294 1 914
21314 1 699
21316 1 769
21324 1 1830
21357 1 5683
21374 1 986
21386 3 1881
21414 7 1289
21463 2 2707
21479 3 1262
21481 1 1234
21490 3 4936
21506 1 981
21509 1 1773
21532 1 989
21550 1 688
21560 1 1658
21581 2 368
21594 1 322
21619 1 336
21637 1 10855
21658 1 1361
21693 1 765
21698 1 2267
21736 2 407
21765 1 1014
21770 2 4733
21771 1 1070
21802 1 142
21813 1 930
21833 1 1883
21852 3 6758
21871 1 287
21885 1 1533
21981 2 3068
22017 1 2683
22045 1 2727
22079 2 5115
22103 10 5529
22159 1 2515
22175 1 468
22176 2 372
22177 1 885
22206 1 2514
22213 1 415
22216 1 13756
22219 1 1236
22419 1 748
22473 2 432
22555 1 1437
22558 1 1404
22560 1 606
22565 1 484
22566 1 1385
22572 1 1369
22619 1 854
22865 1 480
22867 1 2220
22907 1 934
22908 1 2390
22909 1 1035
22923 1 2900
23031 1 119
23038 1 807
23115 3 756
23126 1 2676
23422 1 1581
23460 2 1670
23480 7 194
23495 1 1385
23531 2 2398
23671 9 7612
23745 23 2692
23746 12 1757
23765 8 11324
23772 1 631
24022 1 364
24074 1 995
24080 3 1052
24097 1 3411
24105 1 569
24156 3 1837
24190 1 1650
24209 1 687
24251 2 1677
24254 1 4321
24368 1 1647
24437 3 3970
24457 1 5563
24494 1 825
24506 1 7516
24539 1 3939
24542 2 979
24554 1 557
24573 1 2513
24575 1 1205
24596 5 3667
24610 1 923
24619 2 1922
24631 1 1078
24778 1 852
24803 2 5803
24812 4 1148
24827 2 1654
24830 2 1147
24849 1 4735
24852 2 44
25121 1 1670
25143 1 1215
25232 1 2344
25233 1 4985
25234 1 4341
25235 2 7935
25270 1 778
25275 1 2035
25307 2 758
25329 2 1614
25330 3 1134
25331 9 1132
25332 4 874
25363 1 2545
25477 1 3314
25491 1 2382
25504 1 1376
25505 1 1316
25550 1 770
25562 2 3195
25668 1 1796
25696 1 768
25713 1 3056
25765 1 1150
25815 1 1594
25880 1 374
25902 2 2698
25968 1 814
26049 1 2989
26087 1 1369
26108 1 1030
26116 1 786
26152 1 843
26153 3 848
26154 1 1382
26161 1 14248
26193 1 164
26202 1 920
26349 1 1236
26375 1 791
26388 2 3682
26411 1 2625
26425 1 1535
26431 1 2088
26439 2 1615
26445 1 1002
26498 4 32423
26532 3 1485
26631 4 8025
26736 1 2134
26756 2 2627
26769 2 426
26831 1 353
26832 1 1182
26837 1 978
26861 1 601
26914 1 892
26919 1 623
26972 3 932
27039 3 1645
27068 1 419
27117 1 348
27121 1 845
27122 1 1117
27127 1 1556
27173 2 3255
27174 1 2438
27197 1 1655
27207 1 1176
27326 1 916
27396 1 2172
27406 2 1609
27407 1 603
27412 1 1992
27413 1 1577
27423 2 1599
27424 1 816
27428 1 330
27474 2 1604
27551 1 842
27693 1 678
27702 1 937
27747 1 1674
27778 2 1834
27784 2 550
27808 1 2245
27823 1 1303
27836 1 3088
27837 1 2547
27838 1 2876
27868 2 2792
27883 2 4980
27990 1 1190
28076 1 1785
28089 3 1360
28101 1 883
28120 1 662
28192 1 2315
28207 3 1363
28261 1 11790
28277 1 2560
28288 1 349
28290 1 712
28299 1 772
28414 5 3568
28444 1 1003
28466 1 10312
28491 2 4917
28639 1 2821
28649 1 516
28673 1 1086
28683 1 1939
28759 5 1090
28806 6 4379
28951 1 4581
28983 1 1151
29054 1 761
29083 3 901
29092 1 437
29093 1 315
29094 1 737
29132 1 1023
29140 5 1340
29144 1 2485
29151 1 913
29283 1 1840
29303 1 2173
29346 5 5736
29356 1 857
29373 1 701
29414 1 1661
29429 1 1618
29446 1 2735
29508 1 2855
29547 1 1675
29548 1 1483
29549 1 1282
29589 1 788
29602 1 764
29812 1 962
29817 2 2179
29850 1 801
29854 1 819
30049 1 962
30057 1 1443
30249 1 750
30255 1 2558
30257 1 1126
30283 1 1092
30284 1 1020
30329 1 1008
30374 1 400
30379 1 1010
30383 1 1333
30389 1 679
30459 1 1537
30520 2 1146
30521 2 1136
30523 2 918
30526 2 4142
30552 1 4502
30595 1 1820
30649 1 2455
30756 1 905
30778 1 614
30779 2 1137
30836 1 13
31045 3 24677
31070 1 440
31071 1 325
31113 1 419
31146 1 1006
31229 3 4414
31288 1 2833
31292 2 1061
31330 1 2751
31381 1 766
31389 1 337
31411 2 714
31441 2 1845
31604 1 966
31626 2 478
31688 1 2740
31711 1 834
31946 6 2395
31951 1 962
31952 1 1105
31958 2 1084
31965 1 728
31967 1 524
31973 1 1614
31984 2 33
32020 1 1581
32168 1 738
32197 1 619
32240 2 3457
32241 1 5341
32248 1 886
32292 1 3278
32347 1 824
32348 1 1430
32350 1 1382
32353 1 1385
32354 1 1471
32357 1 1452
32392 1 1641
32633 1 767
32711 1 4218
32752 1 2880
32755 1 590
32822 2 2367
32824 1 2602
33078 1 5728
33082 1 997
33150 1 2622
33151 17 2303
33168 1 810
33189 1 1759
33275 1 1122
33285 3 3524
33302 1 870
33363 1 678
33466 1 1113
33494 15 11341
33506 1 364
33567 1 349
33626 1 991
33641 1 2126
33647 1 1671
33662 1 1270
33668 1 1612
33691 1 828
33710 1 1002
33751 1 3258
33765 2 4124
33793 1 826
33847 1 7078
33863 1 534
33928 2 774
33942 1 1795
33943 1 2181
33944 1 1449
34006 1 1068
34019 1 1391
34037 6 3652
34137 1 974
34208 1 2130
34223 2 1760
34279 1 468
34287 1 2048
34304 3 1756
34400 2 1529
34438 11 1066
34443 1 225
34462 1 1693
34466 2 817
34477 1 1168
34494 2 1658
34514 1 2438
34535 1 3465
34544 1 1173
34548 1 2298
34555 1 1364
34583 2 4980
34615 3 464
34702 2 1354
34787 2 510
34883 1 1692
34901 1 18201
34922 1 900
34928 1 647
34947 3 557
35039 3 2773
35056 1 753
35173 1 406
35217 1 589
35350 1 633
35395 1 1776
35530 1 533
35532 6 4534
35534 2 2007
35552 1 1138
35724 1 2406
35752 1 1226
35760 1 5014
35770 1 1317
35828 1 5244
35840 3 5256
35850 3 2980
35855 1 820
35861 3 10960
35909 1 3424
35936 2 2025
35988 1 723
36015 1 260
36131 1 1273
36135 1 1001
36142 1 732
36178 2 4277
36246 6 2302
36274 1 765
36290 1 1878
36291 2 4374
36350 1 893
36370 1 898
36498 1 8241
36553 1 1086
36590 1 5680
36684 1 1952
36689 1 1112
36731 1 885
36792 2 1806
36848 1 328
36895 1 891
36935 1 867
36956 5 4551
36993 1 753
37028 3 1017
37054 1 1105
37074 3 3457
37090 1 548
37091 1 1834
37102 1 1529
37164 2 3578
37167 1 1085
37172 3 2396
37175 1 1376
37182 1 13117
37187 2 3415
37228 1 4061
37282 1 2473
37357 1 917
37361 5 1594
37366 1 814
37374 1 929
37381 2 1394
37419 1 13883
37434 2 6835
37436 3 9722
37441 1 2218
37454 3 8351
37560 1 337
37578 3 945
37600 1 1454
37603 1 558
37614 1 4640
37615 1 2824
37630 1 2027
37652 1 339
37683 1 1248
37694 1 3082
37747 2 4991
37785 1 1446
37907 1 454
37930 1 681
37931 6 508
38035 1 1861
38089 2 3093
38102 3 939
38140 1 1404
38157 2 3920
38177 2 1445
38199 2 2577
38245 1 142
38246 1 165
38247 1 98
38248 1 484
38249 1 188
38250 1 277
38251 2 523
38252 1 544
38308 3 704
38317 2 1215
38403 1 1800
38404 1 1515
38405 1 2475
38406 1 1770
38407 1 1761
38408 1 2338
38409 1 1711
38413 3 6145
38440 3 603
38543 2 1310
38557 2 10387
38638 1 617
38701 3 1080
38778 6 3309
38781 1 2162
38786 1 2614
38787 1 1258
38788 1 863
38790 1 382
38802 3 4212
38807 1 2365
38830 1 612
38839 1 905
38842 1 1088
38874 2 1562
38907 1 4305
38972 2 883
38977 1 610
38997 1 492
39015 1 2466
39025 1 1374
39084 1 4248
39142 1 518
39182 1 3168
39183 1 4477
39243 2 1097
39247 1 836
39278 1 5705
39279 1 5440
39280 1 2767
39282 1 675
39312 1 1335
39313 1 2054
39314 2 1784
39329 4 32477
39456 1 1320
39467 1 976
39469 10 1674
39543 1 476
39570 1 1301
39632 1 798
39692 1 1262
39800 1 1463
39890 1 581
39924 1 1284
39927 15 1251
39986 3 880
39993 1 6188
40007 1 1943
40009 3 504
40019 1 659
40022 3 2312
40078 2 863
40086 1 1548
40161 1 941
40162 1 914
40163 1 1175
40199 3 1194
40319 1 3414
40320 2 7910
40363 1 478
40402 1 1116
40409 5 787
40412 4 2785
40424 1 757
40425 1 620
40434 1 333
40436 1 948
40448 1 3806
40468 1 2719
40474 5 246
40538 1 14088
40579 3 4144
40636 1 3362
40659 2 2127
40692 1 1154
40695 1 8337
40709 1 288
40740 2 354
40745 1 776
40787 1 597
40817 1 2302
40865 1 1021
40899 1 5270
41090 2 911
41145 1 1347
41162 3 1960
41497 1 130
41519 1 741
41524 2 2455
41533 1 244
41538 1 840
41540 1 2878
41558 1 191
41568 1 397
41626 1 504
41641 1 437
41664 1 608
41738 1 1731
41765 2 2363
41810 1 311
41816 1 262
41842 1 1367
41940 7 2265
41951 3 1203
42025 1 9933
42028 1 3931
42046 1 1022
42050 1 774
42075 1 1237
42087 1 640
42125 1 1266
42129 2 4735
42136 8 1178
42145 1 1077
42149 1 9906
42158 1 761
42220 2 1241
42223 1 954
42290 2 3287
42312 1 2174
42354 2 1506
42359 1 2478
42362 1 10503
42372 5 915
42383 4 1102
42388 1 518
42424 1 6309
42427 1 579
42445 1 420
42487 1 1735
42507 1 297
42544 2 2256
42640 2 12636
42648 1 4779
42681 1 2570
42820 1 2822
42924 1 1158
42957 3 640
42996 1 532
43025 7 3087
43027 1 1898
43122 1 1078
43260 1 1445
43337 1 884
43442 1 2510
43496 1 2079
43497 1 1986
43507 1 1101
43508 1 1409
43511 2 879
43633 2 1373
43641 1 1904
43670 2 3188
43718 1 1052
43787 1 1288
43798 1 5617
43837 1 3115
43905 2 1196
43942 4 2137
43978 1 1288
44106 3 3394
44154 2 1236
44184 1 367
44190 1 1021
44324 1 1220
44333 1 2947
44337 1 528
44370 2 4236
44416 1 1701
44419 1 1293
44424 1 1183
44434 2 680
44450 2 546
44451 4 786
44468 1 369
44484 1 806
44511 1 352
44512 1 443
44588 1 2135
44749 1 849
44789 1 1330
44790 1 1262
44817 1 2611
44878 1 2602
44886 1 1038
44912 1 1423
44913 1 1392
44916 1 964
44953 2 900
45159 8 13537
45214 1 1097
45259 2 611
45285 1 1078
45391 1 485
45409 2 1025
45427 1 771
45468 2 357
45478 1 476
45676 1 11251
45681 1 2190
45816 2 899
45880 1 2642
45897 2 354
45999 1 1220
46043 1 359
46114 1 499
46126 1 1522
46165 1 498
46166 1 621
46169 1 5011
46179 5 500
46282 2 4059
46283 1 821
46316 3 903
46388 1 81863
46426 1 3573
46428 2 1866
46481 1 455
46512 1 4395
46529 1 350
46544 1 2693
46638 2 1102
46639 2 4091
46668 1 2331
46678 1 1390
46697 1 1569
46726 1 1514
46731 1 1668
46752 1 345
46760 1 528
46779 2 1776
46813 1 1367
46950 1 2171
46966 1 824
47002 3 1260
47007 1 834
47077 1 1528
47094 2 829
47095 1 6494
47100 1 623
47149 2 2044
47160 1 4319
47190 1 1899
47199 1 3686
47205 1 1857
47217 1 634
47218 1 385
47223 3 696
47266 5 201
47296 1 1535
47338 1 641
47346 5 1159
47382 1 6307
47474 1 5150
47484 1 1343
47488 1 1495
47515 8 3985
47518 5 552
47521 6 163
47524 1 817
47543 1 2250
47544 2 1704
47548 1 1393
47577 1 1239
47606 4 1497
47715 1 649
47718 1 1045
47743 1 304
47773 1 661
47780 1 5199
47802 1 1203
47868 1 686
48078 1 11919
48081 1 693
48127 1 1809
48154 1 2396
48267 1 4317
48273 4 1388
48388 1 1006
48547 3 4836
48558 1 622
48599 1 2082
48608 1 3133
48609 1 3196
48624 1 404
48650 1 6532
48651 1 3561
48655 2 29
48691 1 535
48709 3 790
48713 1 199
48814 3 3174
48896 1 1621
48907 2 1902
48917 3 6627
48923 1 477
48924 1 3784
48935 2 1249
48936 2 1159
48963 1 927
49049 1 1735
49084 2 1244
49112 2 1134
49132 3 326
49150 2 4092
49183 1 2240
49184 3 2455
49252 2 971
49322 1 882
49323 1 5236
49366 1 5125
49443 1 1149
49445 1 1014
49474 1 3175
49486 1 906
49496 1 346
49505 1 676
49626 4 1327
49679 1 2751
49696 1 2912
49702 1 351
49713 1 735
49756 1 278
49776 2 9407
49788 1 1140
49799 1 1576
49848 1 1148
49880 1 865
49884 1 798
49896 1 1614
49919 1 2203
49921 1 1842
49931 2 2794
49932 1 1098
49934 1 3099
49989 1 1751
49991 1 1914
50011 1 1208
50015 1 1420
50016 2 11583
50021 1 900
50034 3 1651
50040 2 6696
50043 1 1102
50047 1 1726
50055 2 653
50117 1 695
50158 2 404
50196 1 3087
50201 1 1131
50217 1 1971
50226 5 126
50265 3 956
50266 4 999
50267 3 865
50268 3 945
50269 4 1701
50270 4 962
50317 3 2395
50319 1 552
50343 1 3220
50429 1 2393
50492 1 3702
50519 10 1368
50521 17 2941
50542 2 2306
50543 1 455
50550 2 887
50562 1 400
50598 1 5177
50723 3 3146
50781 1 1384
50783 2 2276
50784 3 2392
50805 1 872
50854 1 3003
50881 3 4909
50902 1 1707
50904 1 1387
50905 1 1545
50917 3 5455
50961 1 498
51006 6 2540
51007 1 632
51022 1 2835
51040 1 2089
51045 3 1182
51093 1 935
51121 2 1534
51184 1 1372
51185 1 1302
51187 1 1399
51188 1 1359
51223 1 1143
51305 2 1663
51345 1 2417
51372 1 789
51479 1 731
51494 3 905
51526 1 992
51555 1 1381
51640 3 488
51652 1 500
51721 1 805
51839 3 9735
51867 1 4614
51976 2 1263
51994 1 9298
52017 1 975
52072 1 2361
52098 1 1384
52120 2 639
52145 4 1011
52158 1 1149
52206 1 645
52221 2 1170
52222 4 1753
52223 2 1842
52227 2 801
52244 1 1659
52271 4 8131
52283 1 2127
52300 2 6036
52301 2 8406
52326 4 3702
52360 2 1402
52363 1 286
52377 1 1152
52384 1 3160
52449 1 3942
52486 1 2426
52505 1 2436
52557 2 5509
52561 1 52057
52568 1 838
52804 1 4622
52924 1 605
53036 1 1242
53066 1 855
53090 1 791
53113 1 1040
53161 6 1208
53261 1 1586
53262 1 904
53263 1 715
53329 1 3895
53342 1 3109
53345 2 972
53430 1 48057
53432 1 1524
53441 2 3363
53505 1 947
53538 1 2024
53545 5 1625
53549 1 1593
53550 1 1181
53558 4 5589
53729 1 783
53741 2 763
53748 2 972
53770 1 1540
53788 1 391
53843 1 1483
53862 3 1177
53866 1 1764
53909 1 2366
53918 1 1250
53936 6 1821
54175 1 2289
54207 1 935
54285 9 983
54294 1 530
54301 4 239
54326 2 3836
54400 3 1530
54456 2 1473
54509 1 3235
54523 1 1390
54552 1 2960
54558 1 1040
54589 1 2333
54600 1 428
54601 1 413
54602 7 1759
54619 1 10647
54644 1 427
54659 1 5192
54927 2 1073
54983 1 1045
54984 4 342
55023 1 570
55050 1 1233
55054 2 4966
55067 1 3184
55072 1 3317
55084 1 1403
55111 1 1486
55112 1 1429
55113 1 1550
55134 1 511
55146 2 2594
55147 2 2912
55663 1 283
55678 1 916
55681 1 940
55914 2 956
55937 1 791
56030 4 581
56033 1 143
56172 1 827
56201 1 1323
56215 1 1081
56223 1 5116
56235 1 443
56448 2 1074
56468 1 697
56477 1 4251
56482 1 936
56504 1 152
56511 1 870
56512 1 1050
56521 3 5019
56524 1 4137
56648 1 471
56658 1 1079
56771 1 2565
56803 1 740
56833 1 865
56857 1 2166
56858 12 2421
56940 1 408
56941 1 721
56942 1 715
56943 1 499
56944 1 441
57187 1 1332
57226 3 11510
57322 1 412
57346 1 431
57384 1 3357
57397 1 927
57429 2 937
57439 1 1505
57539 1 571
57548 4 1424
57630 2 888
57639 3 1276
57652 1 1616
57731 1 1088
57772 1 1177
57789 1 806
57817 5 4120
57818 4 3557
57823 1 833
57827 1 1465
57887 1 1483
57906 2 1412
57950 1 10362
57951 1 10312
57990 1 1694
57995 1 2088
58199 5 4784
58202 1 1151
58231 5 4145
58240 2 711
58283 1 644
58326 1 1893
58365 1 1275
58426 1 1265
58485 5 383
58498 1 607
58521 5 596
58541 1 642
58672 1 17
58711 1 1429
58747 1 1652
58791 1 462
58836 3 2335
58842 1 3299
58847 3 2073
58857 1 994
58858 1 1878
58859 1 1547
58860 1 1359
58889 1 1343
58890 1 1405
58891 1 1447
58892 1 1567
58910 1 544
58922 1 536
58924 1 550
59064 2 2318
59072 1 10092
59074 1 644
59165 1 969
59209 1 2825
59215 1 1368
59222 2 699
59271 1 832
59277 1 268
59299 1 485
59304 1 1871
59308 1 1531
59361 2 1086
59387 8 1937
59412 2 875
59416 1 2234
59435 1 1065
59442 2 1743
59452 1 1493
59453 1 5553
59454 1 2821
59455 1 2220
59462 2 1879
59463 2 2182
59464 1 1707
59466 1 4209
59467 1 4546
59468 2 4334
59469 1 4789
59471 1 4583
59472 1 2189
59473 1 4291
59474 1 3565
59475 1 5201
59503 1 664
59522 1 1856
59523 1 1877
59526 1 1089
59556 2 2338
59565 1 1703
59576 1 679
59626 1 2003
59627 1 4734
59630 1 5288
59632 1 2405
59633 3 4221
59634 1 2585
59635 1 4384
59636 1 2251
59637 1 2484
59638 1 3389
59639 1 3423
59640 1 5056
59641 1 4053
59642 1 3464
59648 1 938
59654 1 468
59717 2 4807
59721 1 557
59815 1 947
59833 1 1248
59843 1 6525
59893 1 392
59897 1 241
59938 1 1265
59988 6 5229
60003 1 422
60060 1 899
60069 1 3188
60096 1 636
60150 2 701
60338 2 2635
60339 9 856
60351 1 2113
60370 3 1845
60371 2 3906
60393 1 511
60399 1 382
60421 1 2492
60506 1 4289
60507 1 4075
60508 1 699
60509 1 4010
60512 1 1242
60559 1 976
60562 1 2105
60569 1 580
60596 1 438
60675 4 1688
60735 1 3139
60736 1 3344
60750 2 12275
60760 2 1737
60774 1 1280
60788 1 1075
60791 1 3468
60833 1 979
60845 1 1534
60934 1 1005
60956 1 2287
60963 1 3508
60964 1 3850
60992 1 2142
61017 1 2099
61020 3 13801
61021 1 5166
61043 1 4069
61054 4 1507
61055 4 1513
61152 2 782
61153 1 863
61157 1 783
61186 1 14302
61188 1 29700
61209 1 1298
61256 2 2242
61262 1 1081
61291 6 1645
61321 1 954
61344 2 3189
61399 2 743
61403 1 1969
61404 1 2003
61405 1 1936
61406 1 1881
61407 1 2034
61408 1 2023
61442 1 2563
61466 1 850
61471 9 2207
61472 5 2455
61526 2 1292
61626 1 1747
61655 1 270
61668 2 11710
61669 1 5944
61677 1 1365
61693 2 1481
61713 1 4885
61732 1 169
61756 1 553
61820 1 5698
61821 1 3538
61822 1 5496
61823 1 3825
61824 1 4512
61825 1 2161
61826 1 3738
61827 1 4204
61828 1 2374
61829 1 3211
61832 1 2493
61833 1 7073
61834 1 2191
61867 1 1527
61873 2 756
61882 1 454
61894 1 3336
61895 1 1396
61900 2 2025
61905 1 1182
61917 2 5083
61923 1 722
61928 1 964
62027 1 722
62107 1 541
62123 1 379
62142 1 2600
62144 1 2188
62159 1 1095
62160 1 2269
62250 1 936
62272 1 1274
62322 1 918
62349 1 2237
62356 1 532
62389 1 1286
62390 1 442
62425 2 959
62455 1 513
62461 1 624
62462 1 825
62463 3 1381
62464 1 719
62497 2 986
62557 2 910
62592 1 1475
62613 1 5274
62646 3 573
62693 1 5347
62694 1 2218
62729 3 2162
62774 2 1461
62780 1 1770
62824 1 4199
62827 1 1510
62828 1 1541
62829 1 1348
62859 1 510
62868 1 1757
62874 1 12417
62931 3 2235
62933 1 987
63078 1 1839
63080 1 666
63132 1 1565
63156 2 1380
63171 1 1012
63215 2 884
63289 2 3069
63309 1 4077
63319 1 301
63320 1 201
63321 1 241
63322 1 137
63323 1 549
63324 2 898
63353 1 892
63411 3 1780
63504 1 4125
63576 1 1249
63580 3 1896
63604 1 725
63634 1 5269
63638 1 842
63688 1 897
63701 3 2880
63718 1 631
63741 1 642
63787 2 1499
63812 1 2413
63837 1 6313
63838 1 3268
63882 1 1633
63900 1 979
63913 1 331
63928 1 755
63932 2 1211
63939 1 225
63942 5 743
63944 2 818
64009 1 3743
64031 1 751
64102 2 701
64327 1 1214
64352 1 1020
64595 1 534
64599 1 409
64600 1 473
64601 1 518
64670 1 260
64711 1 40
64903 1 538
64949 1 631
65009 1 3343
65041 1 1469
65043 1 1343
65047 1 1509
65048 1 1262
65050 1 1333
65052 1 1530
65067 2 1069
65249 4 541
65266 1 967
65386 1 1013
65422 2 747
65425 1 2453
65515 1 1671
65528 1 674
65609 1 667
65625 1 679
65672 1 1726
65679 1 17
65823 1 609
65885 1 3324
65936 1 1413
65937 1 1474
65938 1 1482
65941 1 1299
65974 1 657
65998 2 908
65999 10 7992
66019 1 1342
66113 4 1368
66145 2 884
66151 1 1614
66158 1 608
66230 1 1223
66255 2 1414
66287 1 651
66302 1 372
66340 3 1753
66401 1 1007
66426 1 673
66431 1 2939
66479 1 1154
66506 1 500
66538 1 2914
66560 1 673
66564 1 2309
66605 1 835
66606 1 979
66623 1 1360
66652 1 496
66660 1 1633
66759 1 536
66768 1 1929
66771 1 3499
66795 1 970
66823 1 9403
66832 1 1718
66833 1 1190
66876 1 318
66885 1 829
66886 5 3404
66950 8 10294
66953 1 1274
66955 1 612
66965 1 1054
66997 1 314
67010 1 1017
67027 2 2379
67051 1 423
67052 1 419
67073 1 693
67218 1 1147
67219 1 8613
67316 1 2577
67321 1 2010
67322 1 2602
67323 1 1622
67324 1 2007
67325 1 2060
67326 1 2402
67327 1 1861
67328 1 1541
67329 1 2207
67330 1 1983
67331 1 2083
67332 1 1624
67333 1 2666
67334 1 1465
67335 1 4046
67336 1 1641
67337 1 2444
67338 1 1942
67339 1 3088
67355 2 6043
67359 2 3255
67391 1 4824
67451 1 2767
67556 1 753
67584 1 3111
67597 3 293
67632 1 1696
67710 1 1293
67711 1 1600
67712 2 2699
67729 2 390
67743 1 210
67756 4 5291
67846 1 562
67862 1 922
67869 1 1785
67876 1 873
67892 1 1691
67897 1 1662
67903 2 1428
67921 1 1368
67958 3 997
67960 2 1066
67988 2 2356
68033 1 1042
68034 1 1526
68035 1 897
68036 1 1457
68037 1 1299
68040 1 2912
68057 7 3416
68090 2 5122
68091 2 10665
68092 1 8126
68108 4 1275
68119 1 6225
68148 1 801
68151 1 2465
68176 1 2781
68272 1 631
68304 1 1362
68355 1 1716
68427 1 441
68713 1 3702
68732 1 3543
68740 1 887
68765 1 6394
68784 1 1803
68788 1 2193
68792 1 2291
68793 1 322
68803 1 1117
68820 1 1468
68876 1 1494
68900 1 3607
68953 1 711
69007 1 727
69008 1 348
69009 1 284
69024 1 620
69045 1 373
69313 1 348
69387 2 1411
69434 1 3213
69435 1 3178
69463 1 208
69471 1 979
69472 1 1422
69473 1 1366
69474 1 1458
69476 1 1519
69509 1 5379
69515 1 3275
69529 1 761
69717 2 4915
69836 1 1161
69871 1 2129
69887 3 3269
69917 3 3612
69928 20 901
69964 1 556
69990 1 3720
70018 1 371
70025 2 463
70099 1 321
70222 1 950
70230 1 1801
70263 1 7023
70302 1 1840
70303 2 1436
70351 1 1891
70365 1 1481
70377 2 5997
70395 1 1507
70481 1 2683
70534 3 5509
70576 2 2157
70581 1 1068
70583 1 837
70588 5 1129
70616 1 860
70625 1 1059
70636 1 1691
70703 1 722
70733 1 1052
70836 1 1948
70856 1 1075
70881 1 1568
70886 1 959
70912 1 1315
70938 1 1184
70954 2 6095
71034 1 223
71043 1 4249
71059 8 2012
71077 1 2876
71165 1 840
71208 1 442
71252 1 1357
71283 1 234
71314 1 983
71325 2 1098
71354 1 687
71395 3 1529
71396 3 1529
71397 3 1529
71398 3 1529
71406 3 2956
71418 2 946
71420 1 874
71588 1 925
71592 1 1183
71606 1 4481
71657 1 654
71679 1 333
71744 8 2609
71790 2 2312
71854 5 4173
71855 8 863
71877 1 7422
71921 3 465
71932 5 549
71967 3 239
71988 5 2427
72004 3 8626
72015 1 804
72046 2 2501
72048 1 5014
72057 1 794
72081 1 3204
72083 1 1040
72198 2 2050
72230 1 1290
72237 2 1447
72272 2 1892
72287 1 355
72293 3 1975
72400 1 1090
72412 1 14176
72441 25 3167
72442 3 1934
72447 1 497
72476 2 1214
72498 1 11873
72565 1 1130
72705 1 657
72712 2 1839
72825 1 4050
72826 1 1996
72827 1 7031
72828 1 2935
72829 1 4528
72830 1 3747
72831 1 6567
72832 1 3890
72833 1 2038
72834 1 2774
72835 1 2083
72836 1 2346
72837 1 3948
72838 2 1838
72839 1 2764
72873 1 3122
72878 1 4492
72919 1 5881
72920 1 5462
72956 1 1194
72973 2 3325
72975 1 2128
73020 1 968
73023 1 1400
73029 1 1248
73224 1 558
73247 2 871
73347 1 2316
73356 1 748
73373 4 5222
73730 1 2237
73793 1 378
73865 1 928
73879 1 901
73887 1 1505
73888 1 1605
73889 1 2079
73956 1 2798
73961 1 2232
73966 1 1422
73968 1 1524
74022 1 2523
74053 10 2613
74055 2 2435
74056 3 1960
74063 2 1184
74083 1 664
74151 1 1393
74203 4 11999
74212 1 649
74282 8 1215
74437 1 6261
74468 1 1344
74543 3 5014
74622 1 882
74623 1 720
74624 1 819
74645 1 6253
74665 1 2881
74675 1 1006
74775 2 2772
74791 1 630
74822 3 5130
74851 2 1682
74866 1 1680
74872 1 1224
74876 1 923
74877 8 3262
74893 15 778
74903 2 635
74904 1 543
74961 1 602
75130 1 946
75158 1 685
75210 1 3198
75245 1 1375
75303 2 2682
75313 1 1575
75425 1 773
75471 2 3184
75515 1 204
75534 1 9607
75827 3 182
75837 1 766
75915 2 623
75928 1 1554
75962 1 1323
76038 1 3241
76039 1 964
76040 1 3213
76074 1 521
76104 1 2832
76105 1 6146
76175 1 6943
76260 1 1279
76309 12 2573
76349 1 2296
76354 1 3077
76374 1 556
76375 1 1176
76408 1 4367
76442 1 312
76465 2 2400
76469 1 1291
76485 1 580
76508 1 2897
76529 1 10440
76569 1 1058
76572 3 1429
76582 1 1126
76648 1 306
76684 1 704
76709 1 1545
76755 1 5294
76756 1 4633
76856 4 1057
76876 1 999
76902 1 416
76912 1 821
76976 1 389
76990 1 1902
77029 1 550
77061 1 999
77100 1 335
77125 1 387
77174 1 951
77180 1 5716
77181 1 1816
77203 2 4646
77204 2 4647
77227 2 2803
77248 1 1903
77258 1 1408
77411 1 3629
77431 1 665
77446 1 635
77458 1 1185
77486 2 1139
77529 1 628
77609 1 556
77622 1 1784
77639 1 610
77654 1 1454
77678 1 627
77804 1 659
77811 1 729
77824 1 4856
77840 1 1022
77876 1 3309
77877 1 3129
77885 2 1785
77887 1 1637
77902 1 1655
77904 1 1498
77948 3 3393
77954 1 4740
78100 1 767
