dawkin dawkin 133 65215343 
777 8 11416
1037 3 1009
1185 1 15836
1312 1 1931
1313 1 1940
2073 1 1294
2400 2 1305
2442 1 1034
2845 1 2533
4067 8 3490
4297 2 7592
4302 4 3335
4509 1 1824
4540 1 1717
7569 1 2616
8409 1 3217
10018 1 1420
10594 1 729
11431 2 1008
11854 3 3272
13082 4 584
14590 2 124
14596 3 2342
16899 5 1633
18644 1 2789
18868 1 607
18904 1 1338
19042 1 3327
19589 1 1946
19680 1 5229
21118 1 1749
25235 1 7935
25718 1 3888
26695 2 918
28154 1 527
30597 2 2235
31763 1 2057
35334 15 4418
35595 1 934
37025 1 811
38137 1 1766
38938 2 2006
40663 4 2472
40898 1 2825
41048 1 1925
41628 1 432
42390 1 1124
42511 1 1464
42921 1 2767
44217 1 3228
46552 1 9921
46627 1 4426
46646 1 1436
50606 1 5596
52382 2 1562
54357 1 730
56802 2 8941
57216 1 921
57417 1 435
57844 1 1815
57877 1 488
58485 1 383
58899 1 1039
60064 1 3872
60114 1 998
61043 1 4069
62840 1 1377
63093 5 3111
63309 1 4077
63834 1 3002
71077 1 2876
75090 1 927
76247 1 4782
