profession profess 1045 65215343 
210 1 1251
541 1 2599
583 1 1948
674 1 1393
734 1 1711
759 1 1985
886 2 5811
906 1 1896
1023 1 2468
1072 1 2029
1075 3 302
1131 1 978
1168 1 880
1431 7 3318
1634 3 30082
1639 2 2238
1897 1 2847
2030 3 1619
2237 1 1765
2441 4 7506
2467 1 877
2499 1 781
3007 1 909
3012 1 1166
3169 2 1076
3195 1 2888
3284 1 214
3336 1 1048
3383 3 10722
3486 1 4565
3547 1 1585
3634 5 379
3688 1 191
3780 1 1601
3838 1 1106
3848 1 1280
3984 2 189
4187 4 7906
4197 4 1683
4508 1 239
4522 1 2966
4615 1 3920
4678 1 614
4755 2 1016
4798 6 922
4837 1 2109
4915 2 4855
4916 2 4839
4917 1 4602
4922 1 1947
4935 1 2499
4940 1 713
5074 6 1241
5190 2 1414
5261 1 773
5329 2 972
5530 3 1274
5937 1 772
6005 1 634
6015 1 3323
6037 1 949
6088 3 1753
6620 1 1074
6743 1 532
6928 1 356
6983 1 2840
7121 1 3511
7123 1 1203
7532 2 685
7547 1 1609
7562 1 468
7598 2 453
7663 1 1465
7672 1 1731
7699 1 997
7774 1 1136
7776 1 1456
8043 1 1213
8051 1 1966
8072 1 5760
8093 1 20088
8152 1 6009
8559 2 4026
8568 1 552
9003 1 164
9476 1 22
9568 1 885
9588 1 688
9732 2 363
9762 3 1626
9799 1 3095
9831 1 1501
9926 2 682
10081 1 2613
10259 1 1194
10454 1 1185
10486 1 2750
10595 1 491
10640 1 1072
10673 2 1504
10942 1 1886
11258 2 1346
11271 1 1726
11458 1 22
11633 1 2246
11654 1 1757
12129 2 1202
12153 2 1001
12205 1 811
12212 2 1344
12344 1 2265
12367 5 9446
12390 1 3720
12446 1 1227
12642 7 2067
12673 1 6656
12751 1 5083
12766 1 1423
12907 1 2394
12951 1 2247
12956 1 1280
13224 1 3401
13229 1 3224
13434 1 4024
13535 1 2364
13653 1 907
13693 1 789
13901 1 4255
13936 1 3277
13976 2 1984
14033 1 955
14075 1 1673
14080 1 51830
14105 1 9306
14172 1 928
14709 1 1785
14714 1 5738
14744 1 721
14860 3 813
15133 2 972
15646 1 568
15757 6 7636
15821 1 1007
15863 1 20
15869 1 2413
16020 2 1631
16077 1 115
16120 1 1888
16172 2 1029
16194 4 700
16221 2 1793
16281 2 3429
16284 1 1751
16285 1 2520
16286 1 1123
16319 1 746
16341 1 9421
16433 1 2178
16649 2 4446
16722 3 5137
16843 1 15992
16952 1 7998
17037 1 2492
17055 1 965
17102 2 1387
17122 1 9203
17297 1 1229
17384 1 2933
17442 1 3953
17467 1 6562
17589 4 12110
17627 1 176
17653 2 5954
17815 4 2708
17818 1 4410
17849 1 1534
17899 1 1710
17972 1 642
17973 1 504
17974 1 684
17975 1 382
18032 1 3246
18038 1 3203
18265 1 4164
18703 1 353
18739 1 3057
18740 1 2994
18741 1 3106
18742 1 2981
18849 1 2585
18890 1 532
18965 1 20789
18967 1 13159
19079 1 16454
19120 1 850
19123 1 1226
19563 1 5781
19603 1 636
19653 3 1803
19661 1 457
19681 8 10198
20200 1 30304
20263 3 3682
20294 2 3768
20677 1 8655
20684 1 12924
20715 1 802
20730 1 3239
20758 1 1375
20785 1 3062
20949 2 1116
21058 1 297
21259 1 1196
21266 2 4449
21274 1 53
21306 1 1358
21321 1 7104
21336 1 4593
21388 1 377
21563 2 2416
21768 1 2946
21805 3 611
21840 3 6308
21860 1 2805
21950 1 1511
22070 1 1420
22104 1 413
22105 1 2168
22120 2 714
22455 1 2770
22558 1 1404
22579 1 578
22640 2 703
22867 1 2220
22887 2 4212
23064 6 7447
23131 1 661
23138 1 952
23140 1 609
23370 1 1836
23422 1 1581
23427 1 1196
23543 1 2015
24359 4 494
24360 1 267
24457 1 5563
24554 1 557
24580 2 1272
24686 1 1154
24750 1 6415
24876 6 2039
24896 2 4879
24897 1 4588
24898 1 4667
25049 1 918
25477 1 3314
26058 1 720
26382 1 3521
26449 1 7560
26477 1 1705
26587 1 823
26742 2 982
26785 2 621
26827 1 2251
26832 1 1182
26930 1 467
27112 1 586
27173 1 3255
27174 1 2438
27272 1 1722
27309 2 2591
27393 1 643
27510 1 1431
27653 1 348
27836 1 3088
27837 1 2547
27838 1 2876
27851 1 5844
28079 1 1167
28099 1 1068
28281 1 1378
28426 1 911
28444 1 1003
28446 1 9326
28457 1 5857
28458 1 5864
28878 1 774
29000 1 1382
29077 1 1084
29419 2 2386
29460 1 538
29528 1 656
29722 1 9450
29870 1 21
29910 1 5908
30137 2 5022
30155 1 21
30179 1 574
30303 1 5165
30555 1 4027
30622 1 2448
30842 1 2081
30905 1 1442
30952 1 3956
30953 1 4469
31135 1 246
31357 1 1173
31606 1 2118
31740 2 555
31963 1 475
31975 1 1903
32217 1 1083
32292 1 3278
32294 1 3074
32399 1 1839
32400 1 1264
32489 1 784
32711 1 4218
32742 1 922
32745 1 1022
32893 1 512
32962 1 611
32972 2 11367
33086 1 719
33150 1 2622
33151 1 2303
33161 1 1338
33246 1 1782
33294 1 1429
33446 1 1897
33594 1 893
33641 1 2126
33683 1 952
33719 3 975
33951 1 1198
34166 1 1251
34216 1 929
34287 1 2048
34438 1 1066
34465 2 5422
34584 1 973
34757 1 1160
34901 1 18201
35152 1 814
35395 1 1776
35441 1 1097
35524 1 2484
35647 1 522
35743 2 4461
35943 1 583
36080 1 449
36149 1 429
36299 1 2612
36397 1 8678
36398 1 8678
36403 1 2989
36404 1 2989
36405 1 2989
36605 8 1696
36732 1 18263
37000 1 1244
37001 1 909
37066 1 767
37182 1 13117
37381 1 1394
37436 1 9722
37445 1 1889
37739 1 3012
37881 1 1592
37889 1 4249
37925 5 689
37949 2 2150
37974 1 1488
38103 1 371
38133 1 490
38224 2 2141
38441 2 3038
38489 1 719
38631 1 1317
38637 1 990
38656 1 1164
39001 1 4864
39051 1 1231
39056 1 564
39148 1 4610
39183 1 4477
39318 1 2523
39469 1 1674
39492 1 2059
39524 1 2137
39627 1 1010
39778 1 266
39986 1 880
40007 1 1943
40014 1 1723
40037 2 3833
40092 4 1501
40157 1 647
40320 3 7910
40541 1 4650
40579 1 4144
40627 1 1351
40630 1 5684
40636 1 3362
40654 1 2946
40944 1 5673
40972 1 1481
41032 1 2291
41048 1 1925
41156 1 20
41235 1 2506
41434 1 1152
41438 1 850
41738 1 1731
41837 1 1734
41851 1 1458
41908 3 516
42025 1 9933
42309 1 5367
42509 1 563
42533 1 653
42541 11 901
42580 1 8665
42764 1 1569
42769 1 8334
42924 2 1158
43057 2 756
43071 4 864
43337 4 884
43496 1 2079
43497 1 1986
43533 1 903
43624 1 1564
43794 1 733
43804 1 3750
43810 1 966
43921 1 9448
44130 1 6601
44157 1 2662
44212 1 1650
44389 1 1440
44445 1 659
44569 1 1077
44919 1 482
44925 8 3438
45096 1 6217
45235 1 460
45240 1 21
45319 1 1413
45376 1 1359
45676 1 11251
45880 1 2642
45942 1 1251
45978 1 2264
46076 1 1687
46306 1 4474
46388 1 81863
46418 1 1254
46426 1 3573
46489 1 684
46730 1 1979
46794 1 1731
46819 3 895
46891 1 5171
47067 1 706
47139 1 6464
47205 1 1857
47308 1 1139
47398 1 5716
47459 1 8496
47512 1 1268
47649 1 3343
47650 1 1540
47651 1 3064
47829 1 666
47986 1 459
48114 2 991
48167 1 1425
48180 2 25164
48507 2 1533
48615 1 1003
48672 1 378
48861 1 789
48918 1 1061
49018 1 2181
49030 1 1393
49175 2 9938
49367 1 2106
49388 2 721
49459 1 3328
49490 1 834
49683 1 761
49714 1 1703
49736 1 660
49787 1 1014
49952 1 662
49999 1 826
50016 1 11583
50025 1 5763
50184 1 515
50504 1 2431
50519 2 1368
50550 1 887
50884 1 597
50983 1 16660
51516 1 4186
51559 1 1206
51765 1 539
51790 1 1341
51827 1 2148
51994 1 9298
51997 1 1007
52217 1 1695
52336 1 1219
52502 2 6875
52610 1 243
52732 1 2006
52811 1 856
52988 1 24350
53023 1 6088
53036 4 1242
53158 1 9225
53467 1 2163
53504 2 1081
53645 1 1386
53777 2 3202
53878 1 623
54106 1 1165
54640 1 1444
54674 1 1298
55067 1 3184
55072 1 3317
55126 1 3321
55506 1 20
55546 1 781
55731 2 2515
56038 1 1596
56224 1 1444
56425 1 1074
56429 1 1448
56480 1 1143
56711 1 1301
56941 1 721
57007 1 459
57243 1 783
57384 1 3357
57406 1 758
57442 1 639
57634 2 2122
57643 2 8017
57935 1 740
58240 1 711
58255 2 619
58486 1 1104
58751 1 473
58842 1 3299
58875 2 957
59205 1 20
59287 1 827
59324 2 217
59347 1 9699
59349 1 8147
59404 1 1587
59469 1 4789
59474 1 3565
59477 1 343
59574 1 1852
59918 1 9598
60066 1 4785
60480 1 22
60481 1 14
60482 1 14
60509 1 4010
60621 1 198
60662 4 6202
60672 4 802
60678 1 3884
60713 2 3384
60735 1 3139
60736 1 3344
60750 1 12275
60910 1 2877
61094 1 1747
61182 3 699
61188 1 29700
61241 1 1632
61255 1 4815
61335 1 1245
61428 2 8357
61469 1 1972
61628 1 7244
61668 1 11710
61679 5 291
61832 2 2493
61845 5 3591
61860 1 7381
61939 1 10305
61993 1 294
62005 3 2659
62069 1 536
62236 1 2326
62311 1 2373
62360 1 1370
62459 2 666
62483 1 826
62778 1 1898
62789 1 3394
62992 1 5430
63182 1 1489
63183 1 1780
63184 3 2633
63504 1 4125
63505 1 959
63592 1 1009
63663 1 1347
63736 1 1433
63835 2 4072
63947 1 1160
64084 2 1486
64302 1 2600
64311 1 4060
64453 3 10145
64469 1 1141
64529 1 3125
65009 1 3343
65130 1 3523
65553 1 415
65885 1 3324
65904 1 1952
66009 1 1040
66267 1 764
66367 1 1530
66460 2 1178
66555 1 217
66601 1 1937
66617 1 420
66717 5 632
66751 3 11896
66806 1 3247
66819 2 6321
66947 2 18231
66971 1 21
67042 2 1358
67074 2 9837
67233 1 187
67324 1 2007
67332 1 1624
67357 1 2331
67544 2 880
67556 1 753
67716 1 692
67844 2 2522
68026 1 1767
68073 1 3133
68092 1 8126
68144 1 289
68159 1 6709
68176 1 2781
68297 1 1033
68314 1 685
68656 1 1355
68671 1 648
68681 1 4179
68793 1 322
68800 10 854
68935 1 517
69056 1 2064
69434 1 3213
69435 1 3178
69492 1 980
69696 1 1490
69710 1 5755
69881 1 22
69887 1 3269
70302 1 1840
70303 1 1436
70444 1 861
70448 1 2617
70870 4 2226
70916 1 1228
70997 3 1088
71013 1 1564
71176 1 1463
71582 5 1381
71645 1 1199
71706 1 5275
71753 2 1100
71840 1 1004
71880 1 1247
71971 1 1213
72015 1 804
72063 2 880
72156 1 1534
72260 1 1541
72354 1 632
72419 1 753
72495 1 356
72498 1 11873
72649 1 1028
72739 1 735
72825 1 4050
72830 1 3747
72999 2 3301
73160 1 1243
73187 1 1091
73240 1 22
73399 4 701
73483 1 1287
73961 1 2232
73963 1 6843
73990 1 1201
73996 1 7920
74030 1 1672
74074 1 859
74129 2 1104
74236 3 161
74479 1 1275
74551 1 2061
74572 1 8808
74746 2 5004
74760 1 1118
74821 1 1520
74887 2 7880
75146 2 1593
75210 1 3198
75328 4 3938
75638 1 560
75705 2 3042
76143 1 3616
76160 3 6409
76326 1 2230
76583 1 1134
76690 1 2184
76710 1 1056
76769 1 2417
76801 2 1258
77175 1 1008
77180 1 5716
77181 1 1816
77207 2 4809
77208 1 4089
77209 1 4122
77210 1 4271
77215 1 1900
77364 1 1225
77450 1 5940
77456 1 13066
77621 1 1859
77792 1 1395
77877 1 3129
78027 1 659
78114 1 20
