section section 8306 65215343 
7 1 523
48 1 1265
68 5 996
69 1 1167
117 1 6480
132 2 13051
136 1 442
137 1 480
141 1 222
142 2 5418
143 2 5521
144 2 5538
145 3 5371
203 1 5213
217 2 1753
227 1 2869
248 2 5568
261 1 818
300 1 1935
327 1 2668
333 1 427
338 1 667
359 1 1896
361 1 5027
370 3 921
374 1 1582
375 1 10166
384 2 1662
388 1 1479
389 1 665
392 1 721
397 8 1583
399 2 1548
400 1 1208
410 1 328
422 1 1707
430 1 3354
432 2 1624
433 2 1676
436 1 918
451 2 880
461 1 5431
463 2 1357
464 2 2497
471 1 3108
489 1 950
529 1 6629
551 4 1767
553 1 466
556 2 3813
562 4 3293
573 1 2963
579 1 846
608 1 646
609 1 1086
651 1 645
658 1 477
672 1 2537
717 1 1260
765 1 534
770 2 944
781 1 725
782 1 2324
783 2 2303
812 1 581
860 1 3051
872 1 1329
881 5 381
896 1 338
922 1 1765
967 1 4480
971 2 1729
991 1 457
993 1 10702
995 1 3497
996 1 3316
1002 1 381
1003 4 2079
1023 1 2468
1028 1 1298
1029 1 1302
1030 1 598
1038 2 6757
1052 1 3416
1070 1 592
1072 1 2029
1078 5 401
1118 2 2305
1119 1 1874
1127 1 889
1148 1 890
1185 3 15836
1215 2 822
1217 1 737
1231 2 4288
1234 1 1033
1235 1 1164
1236 1 1198
1237 1 1668
1272 9 2455
1280 1 1350
1296 1 554
1318 1 2815
1320 1 2908
1321 1 3750
1327 1 767
1371 1 1930
1420 1 409
1428 1 1327
1433 1 1522
1459 1 1079
1460 1 678
1471 1 738
1484 1 6578
1512 2 8417
1527 1 551
1547 1 577
1583 1 4414
1609 1 1543
1620 1 577
1624 1 1327
1647 1 10572
1663 1 889
1672 1 631
1695 2 200
1721 1 1229
1767 1 13095
1797 6 5684
1802 2 10218
1803 1 1628
1816 3 5747
1821 1 2804
1822 1 1972
1846 2 1054
1861 2 5589
1897 2 2847
1898 1 3856
1903 3 860
1934 2 685
1935 1 782
1956 1 3792
1962 1 482
1973 36 16948
1988 1 1267
2001 3 2255
2015 1 1644
2045 1 924
2046 6 13880
2049 1 627
2050 1 2719
2057 1 2940
2073 1 1294
2111 1 416
2128 1 1868
2137 3 1480
2144 1 1168
2151 1 1771
2153 1 777
2159 1 1594
2160 1 2295
2162 1 1205
2164 1 1939
2170 1 720
2184 1 1827
2194 1 2274
2195 1 838
2203 1 663
2217 1 1762
2237 1 1765
2243 1 2003
2247 1 1040
2256 1 611
2362 1 3506
2368 1 989
2374 1 1286
2401 1 8256
2441 1 7506
2442 1 1034
2483 2 4389
2490 3 1764
2526 1 779
2533 1 922
2538 1 884
2580 1 1032
2590 1 1181
2595 1 1834
2646 1 1971
2655 1 227
2664 3 1043
2666 5 6601
2714 1 1489
2716 3 4798
2754 1 757
2764 1 538
2843 49 5588
2845 1 2533
2964 1 585
2989 1 2074
3009 1 608
3010 3 1261
3032 1 532
3033 1 1192
3041 1 1558
3053 1 1047
3092 2 1098
3097 9 1399
3103 1 3185
3109 1 3299
3148 1 947
3182 2 1068
3192 1 324
3195 1 2888
3196 2 2596
3205 1 1426
3213 1 1551
3282 1 963
3307 2 711
3312 1 588
3322 1 6038
3326 1 544
3335 1 752
3338 1 1856
3379 2 4900
3394 1 1534
3401 1 1261
3410 2 11224
3411 1 12
3415 5 4495
3428 1 29
3434 1 567
3446 1 894
3450 1 1374
3505 1 490
3517 1 654
3536 1 1404
3556 1 1110
3558 1 467
3658 2 174
3661 3 754
3668 1 8976
3686 1 1200
3687 1 3022
3714 11 1777
3715 2 704
3726 1 2061
3727 2 17097
3790 1 5889
3847 5 27149
3863 1 4935
3902 1 2905
3921 2 3235
3925 1 333
3928 2 1658
4000 2 6980
4024 1 670
4050 1 4772
4053 2 3172
4116 6 5941
4117 6 5825
4118 6 5861
4120 1 239
4133 2 1153
4145 1 6518
4183 1 661
4196 1 6780
4212 4 1877
4249 1 2710
4278 1 839
4297 4 7592
4324 1 469
4333 1 791
4342 1 1391
4359 3 2427
4362 1 1166
4367 1 1283
4368 1 4832
4369 1 4444
4370 1 3314
4371 1 3866
4372 1 3440
4373 1 4212
4374 1 5584
4375 1 1815
4376 1 2069
4377 1 1760
4379 1 1474
4380 1 1204
4381 1 665
4385 1 1633
4392 12 1464
4393 12 1545
4394 11 783
4417 1 4384
4422 1 2597
4426 2 1533
4429 1 723
4454 1 1950
4455 1 1818
4456 1 1644
4461 1 4244
4462 1 6187
4476 1 1761
4506 1 1210
4520 1 1588
4527 1 3429
4540 1 1717
4566 53 834
4622 1 172
4624 1 235
4626 1 2742
4627 1 489
4628 1 992
4636 1 1557
4638 1 663
4658 2 441
4712 1 213
4727 1 1147
4740 2 2057
4741 2 3450
4746 5 2258
4752 2 5044
4767 1 1552
4817 1 606
4831 1 2521
4836 1 1272
4838 1 5657
4839 1 1862
4840 1 5531
4861 1 2242
4866 1 980
4867 1 1035
4868 1 1260
4874 1 765
4875 4 1364
4887 1 1082
4888 1 1826
4889 1 2095
4906 2 8000
4907 2 8001
4908 2 8001
4969 1 1272
5080 1 334
5102 1 1341
5118 2 428
5127 1 1687
5139 1 660
5151 1 945
5159 1 760
5170 1 2743
5188 1 886
5189 3 3419
5210 1 448
5212 1 1240
5225 1 1789
5244 1 381
5247 1 6498
5259 10 6380
5264 3 2502
5273 1 3302
5313 2 1178
5385 1 679
5391 1 3146
5396 1 6921
5400 1 1958
5436 1 456
5441 1 1058
5499 2 44062
5502 1 977
5518 1 2428
5542 1 746
5565 1 792
5577 1 3747
5578 2 13045
5582 1 1321
5586 1 504
5657 3 3480
5660 1 667
5841 2 1235
5843 2 2680
5849 2 759
5856 1 732
5865 1 1706
5866 6 660
5867 1 5884
5887 1 1156
5888 1 941
5906 2 8444
5914 1 1088
5916 2 1874
5926 1 891
5933 1 571
5940 1 1549
5949 1 1365
5994 1 1504
6006 1 935
6013 1 2929
6021 2 508
6023 1 880
6040 1 1266
6045 1 1842
6047 1 978
6057 1 1652
6063 1 1839
6077 2 2190
6083 8 1394
6088 1 1753
6091 2 2877
6123 1 1295
6135 1 331
6136 1 329
6137 1 575
6182 1 6597
6296 1 3125
6297 1 3321
6298 1 3012
6299 1 3048
6300 1 3029
6301 1 2972
6303 1 2969
6304 1 3270
6341 2 549
6349 1 319
6360 2 6957
6526 1 1191
6531 1 788
6538 1 1248
6558 8 2607
6560 3 877
6577 1 1930
6579 1 4887
6632 1 2264
6638 1 1121
6670 1 539
6742 1 478
6922 1 1455
6973 1 826
7029 1 1173
7047 1 753
7048 1 518
7056 1 1035
7067 1 1340
7073 1 920
7088 9 2350
7123 1 1203
7287 1 4774
7290 2 855
7527 1 4859
7529 6 5927
7534 3 491
7569 4 2616
7570 4 9650
7572 4 1609
7573 1 4835
7575 2 1899
7576 2 6690
7578 4 5752
7580 2 9484
7673 1 4544
7676 1 686
7691 1 8794
7696 1 842
7700 1 637
7704 1 3369
7705 1 4973
7706 1 3286
7707 1 1904
7708 1 1422
7709 1 2370
7710 1 4326
7727 1 2490
7736 1 1605
7802 3 1216
7888 9 1022
7892 1 1336
7903 1 638
7905 2 321
7933 1 529
7938 1 762
7948 1 2839
7966 1 2772
7973 1 774
7975 1 2578
7982 2 1453
7984 1 1215
7987 2 1204
7992 1 770
8065 1 1277
8072 1 5760
8089 19 20930
8093 1 20088
8152 5 6009
8170 1 1492
8204 1 4600
8215 1 2073
8251 1 3081
8268 1 848
8270 2 1577
8288 1 1533
8293 1 3686
8303 1 427
8304 1 777
8306 1 1820
8310 1 4695
8311 1 4367
8312 1 3567
8313 1 3754
8316 1 823
8317 1 1157
8318 1 1271
8321 1 786
8323 2 1446
8336 1 1754
8374 1 748
8389 1 1392
8390 1 1041
8391 1 2171
8394 1 1250
8403 1 2102
8405 1 941
8422 3 5132
8430 1 1338
8484 3 658
8513 1 513
8541 1 1364
8543 1 235
8560 1 1011
8562 1 218
8575 2 1694
8576 1 2461
8579 1 8222
8592 2 2003
8614 1 1436
8639 1 2193
8650 1 9126
8663 1 1004
8740 1 1067
8753 2 927
8817 1 1005
8828 1 2492
8832 1 915
8836 1 1224
8852 1 1447
8862 1 728
8884 2 1640
8890 1 5449
8896 1 1087
8913 3 12589
8922 1 1176
8963 1 1411
8992 1 2708
9086 1 653
9093 1 607
9097 1 956
9135 2 875
9155 1 432
9161 1 1129
9169 6 2306
9191 1 287
9193 1 2601
9205 1 2860
9226 1 160
9236 2 788
9275 1 1311
9296 2 1359
9297 3 1678
9302 3 3665
9303 1 567
9323 1 1192
9348 6 4125
9354 1 725
9363 1 1874
9385 1 897
9424 1 1274
9425 1 1245
9426 1 1273
9427 1 1180
9431 1 3717
9463 1 3203
9469 1 656
9507 1 1557
9528 1 1711
9556 1 1878
9560 1 1447
9567 1 5360
9603 1 708
9604 1 2143
9605 1 2284
9639 1 1016
9710 1 1429
9752 3 8096
9784 3 535
9789 1 4274
9796 3 6203
9801 2 3599
9805 1 5191
9836 1 2482
9851 1 675
9858 1 1188
9860 1 891
9929 1 506
9932 1 1087
9952 2 495
9954 8 3197
9981 1 1819
9982 1 1822
10009 1 1505
10032 1 529
10034 5 940
10039 2 2247
10045 1 834
10063 1 298
10072 1 681
10081 1 2613
10088 1 933
10101 2 12486
10141 1 621
10147 1 1321
10158 1 513
10219 1 3447
10231 1 9229
10235 1 400
10249 4 1601
10257 2 639
10270 1 908
10289 4 8941
10298 1 2030
10374 3 9128
10377 1 2603
10403 1 1506
10426 1 655
10453 1 350
10456 1 2992
10542 1 3137
10570 1 506
10585 1 915
10591 4 7784
10617 1 1222
10626 2 1442
10662 1 1275
10693 1 1867
10714 2 1206
10739 2 104
10796 1 5414
10816 1 707
10842 1 1865
10852 1 582
10896 1 932
10910 1 477
10913 5 503
10932 1 570
10941 2 764
10999 1 1962
11014 1 709
11037 1 1092
11052 2 452
11061 2 1473
11077 1 1084
11104 1 858
11200 1 1703
11209 1 1032
11227 1 931
11248 1 11766
11250 1 1537
11258 1 1346
11282 1 695
11288 3 9962
11295 2 5148
11304 29 1593
11363 1 8263
11364 1 2608
11365 1 1363
11403 2 2453
11451 1 920
11487 1 651
11505 1 700
11577 1 1673
11604 2 1010
11629 1 1114
11706 1 397
11722 1 1625
11749 8 1983
11854 1 3272
11857 1 1251
11858 1 4134
11950 1 417
11962 1 524
11994 1 875
12112 1 673
12121 1 1787
12125 2 577
12127 1 846
12133 1 953
12136 1 1656
12138 3 18363
12147 1 523
12153 1 1001
12185 1 1349
12205 1 811
12228 2 1101
12230 11 2936
12233 1 1218
12235 1 991
12266 4 187
12268 1 1241
12269 2 488
12289 1 1759
12298 1 2322
12321 1 704
12327 2 728
12350 1 1687
12359 1 1241
12365 9 8585
12378 3 835
12379 1 663
12390 1 3720
12420 1 1755
12432 1 282
12436 1 1371
12458 5 3716
12495 2 3368
12510 10 1894
12526 2 21005
12527 1 1751
12589 1 768
12630 1 1046
12633 1 256
12636 1 2613
12647 1 4896
12648 1 1081
12649 1 954
12692 1 5477
12693 3 5024
12742 2 235
12753 1 3395
12766 1 1423
12771 1 2032
12777 1 3961
12785 1 979
12834 1 2681
12835 1 985
12842 1 520
12871 1 1331
12885 1 6601
12890 1 2391
12915 2 1083
12945 1 2019
12957 1 1944
13042 1 280
13067 2 283
13086 3 1942
13130 1 1432
13131 2 1016
13150 1 1345
13173 2 7475
13196 2 2057
13197 1 1674
13199 1 1429
13221 1 2420
13229 5 3224
13267 1 1960
13272 2 1049
13346 1 1043
13375 1 3891
13393 1 3068
13413 1 561
13420 1 1976
13427 1 2521
13436 1 898
13459 3 1269
13468 1 1400
13470 4 2696
13476 1 167
13480 1 2096
13486 3 7532
13499 1 5895
13503 4 986
13504 3 1033
13505 3 1133
13509 4 1700
13518 55 16194
13535 1 2364
13539 1 1648
13548 4 6866
13557 2 760
13573 1 766
13597 1 1011
13598 1 1521
13599 1 1426
13600 1 1135
13601 1 1798
13607 1 814
13608 1 450
13618 1 28398
13628 1 1090
13635 1 1237
13636 1 1160
13637 1 1271
13638 1 1679
13639 1 1946
13650 1 407
13651 1 840
13664 1 307
13665 1 224
13666 1 196
13684 1 12301
13692 1 275
13710 10 1819
13782 2 438
13783 3 616
13785 1 1464
13801 1 1533
13806 1 779
13828 2 613
13854 1 835
13863 1 3445
13879 1 581
13880 1 1368
13891 1 2917
13892 1 814
13928 2 4471
13931 1 289
13939 1 1157
13942 1 1276
13944 1 786
13965 1 3628
13981 1 708
14008 1 472
14009 1 482
14026 3 925
14053 1 1354
14080 2 51830
14112 1 793
14125 2 720
14127 1 1249
14176 1 2211
14183 1 1196
14189 1 716
14190 1 1152
14191 1 1859
14206 3 703
14212 1 12149
14220 2 2570
14223 1 1023
14233 1 1003
14234 1 1454
14235 1 1311
14248 1 321
14264 1 2175
14265 2 2579
14271 1 2963
14272 1 3020
14273 1 2924
14274 1 2909
14280 1 2667
14285 2 647
14301 2 2773
14318 1 743
14329 1 1391
14332 2 892
14344 1 1260
14429 1 2422
14444 2 1070
14458 1 846
14498 1 1088
14502 2 989
14503 1 626
14510 1 6161
14515 1 1354
14516 1 752
14521 1 248
14535 2 2058
14536 2 1661
14537 2 853
14550 1 3417
14589 1 121
14632 1 385
14644 1 228
14655 1 846
14664 1 344
14691 1 802
14692 1 3976
14694 6 1912
14707 1 937
14712 1 914
14713 1 863
14714 1 5738
14719 1 769
14720 1 975
14722 1 6567
14723 1 4899
14724 1 5113
14738 3 1827
14746 1 1733
14747 1 1544
14748 1 1244
14753 1 1017
14759 1 904
14763 1 1468
14778 1 1208
14779 1 3250
14797 2 2125
14820 1 4854
14867 2 1170
14880 1 1431
14992 1 500
14998 1 1113
15028 2 4600
15051 1 857
15102 1 1625
15115 3 602
15133 1 972
15185 1 1316
15203 2 5461
15204 1 3771
15236 2 951
15245 2 7336
15257 2 501
15263 2 562
15458 1 890
15460 1 1105
15462 2 674
15464 1 649
15468 1 1078
15469 1 1058
15491 1 758
15496 1 1821
15500 2 1215
15511 1 1482
15512 1 2017
15517 1 2551
15529 1 947
15562 1 748
15568 1 3032
15570 1 2982
15573 1 2920
15574 2 3007
15576 1 2773
15580 1 2165
15587 1 2694
15589 1 1222
15590 4 3007
15603 1 430
15604 1 727
15609 1 1362
15617 2 2380
15659 5 763
15673 2 886
15833 1 1583
15865 1 1031
15909 1 750
15926 1 1584
15937 1 2165
15982 1 4744
16006 1 1307
16007 1 6296
16008 2 6422
16009 1 1037
16016 1 802
16043 1 726
16044 1 3747
16087 1 433
16110 1 628
16111 1 1166
16135 1 342
16166 1 1359
16178 1 4155
16183 1 2917
16196 1 1661
16200 1 269
16202 1 1892
16221 1 1793
16224 1 1417
16230 3 648
16232 1 517
16236 1 5204
16250 4 1198
16255 1 2187
16257 3 6019
16263 1 4858
16273 1 1466
16285 1 2520
16323 1 1197
16334 1 1709
16340 1 238
16341 3 9421
16365 1 1383
16412 1 845
16419 1 464
16421 1 956
16427 1 1330
16551 1 818
16563 3 1207
16564 1 1007
16566 2 936
16567 1 228
16635 1 7678
16641 9 2049
16642 9 2366
16643 9 2232
16733 1 1326
16734 1 1316
16746 1 476
16767 1 3326
16787 1 509
16816 1 4136
16822 3 628
16825 1 194
16849 1 6516
16855 1 637
16865 1 1183
16905 1 634
16942 2 12267
16958 1 5800
16965 3 517
16971 1 829
16981 1 1907
16984 1 5305
16993 1 1557
16995 3 4866
17002 1 968
17009 1 3115
17010 1 3499
17021 1 1973
17027 1 6203
17041 2 462
17055 2 965
17106 4 3919
17108 1 2260
17121 2 6700
17129 1 3146
17141 1 1634
17143 2 2987
17155 1 1406
17173 1 1072
17186 1 2741
17193 1 708
17201 1 678
17204 1 955
17205 1 1800
17210 1 264
17219 1 1500
17244 2 10025
17304 6 5827
17341 1 1300
17342 2 4836
17351 1 4853
17353 4 1336
17361 1 1897
17378 3 3128
17389 1 1790
17391 1 2225
17402 1 3104
17408 3 1487
17409 3 1250
17423 1 382
17446 2 3664
17449 1 1065
17475 1 496
17504 1 2199
17555 4 14925
17556 2 519
17569 1 514
17588 1 389
17589 1 12110
17596 1 360
17603 2 1031
17608 62 1036
17647 1 1549
17651 1 3602
17653 1 5954
17682 1 1732
17683 1 2520
17684 2 2134
17717 1 3139
17730 3 4474
17758 1 28986
17842 1 744
17844 2 5452
17845 1 1053
17860 1 1026
17869 1 7948
17900 4 786
17904 3 6041
17929 2 880
17945 3 863
17950 2 1113
17961 1 1859
17974 1 684
17982 1 338
18004 4 5488
18026 1 937
18027 1 869
18028 2 1889
18033 1 3046
18035 1 2957
18036 1 3329
18074 2 1263
18096 1 1110
18135 1 919
18138 1 967
18140 1 787
18147 1 763
18153 2 3810
18213 1 2075
18262 1 1741
18278 1 1495
18289 1 797
18300 1 299
18317 1 2463
18326 2 6203
18368 1 846
18373 2 1926
18374 2 1442
18375 2 2129
18376 2 1166
18378 2 1181
18379 2 1166
18381 2 1590
18393 7 262
18422 3 238
18428 3 790
18434 1 768
18435 1 1115
18475 1 2196
18486 1 1075
18526 8 2537
18527 8 2923
18528 8 1827
18529 8 1805
18530 8 2029
18531 8 2147
18532 9 2296
18533 8 1991
18534 2 1729
18599 1 449
18639 2 1434
18648 1 1076
18659 2 1736
18685 2 4688
18713 1 1412
18721 4 983
18729 1 928
18746 1 99
18764 1 2816
18769 1 2940
18772 1 316
18822 1 445
18830 1 1272
18840 1 4890
18871 2 1347
18879 1 3453
18905 1 3741
18906 3 3883
18907 1 3535
18919 1 764
18965 1 20789
18989 1 312
18994 1 567
19003 1 2796
19004 1 7776
19005 1 1076
19023 1 2348
19043 1 4707
19075 1 1178
19079 1 16454
19111 7 4980
19118 1 1358
19121 1 1022
19144 2 2063
19176 1 1330
19379 1 4781
19404 1 1932
19495 1 3545
19510 1 1532
19545 1 9624
19558 1 5943
19563 5 5781
19595 1 875
19600 1 3753
19623 1 390
19647 1 3406
19664 1 4781
19680 2 5229
19684 2 2620
19685 2 4688
19686 2 4573
19687 4 2998
19688 4 1268
19690 4 2088
19710 2 616
19724 1 883
19737 3 501
19815 2 1176
19832 2 4109
19838 2 1452
19864 1 1262
19866 1 940
19874 1 1603
19875 1 826
19878 1 1514
19883 1 5667
19884 1 5873
19885 1 1727
19886 1 1995
19887 1 3613
19888 1 1794
19889 1 7969
19890 1 2034
19891 1 4302
19892 1 2205
19893 1 6194
19894 1 2667
19895 1 3842
19896 1 4758
19897 1 3289
19898 1 4338
19907 1 674
19908 1 991
19909 1 1003
19935 1 1523
19938 3 1181
19945 14 1525
19949 1 605
19960 1 1151
19961 1 2081
20002 2 2451
20003 1 2457
20022 1 985
20154 2 3393
20161 1 1149
20178 1 4163
20185 1 1049
20200 4 30304
20236 1 1252
20339 2 1011
20376 1 1300
20397 1 3730
20405 1 1411
20427 1 605
20572 1 820
20617 2 1245
20621 1 2416
20629 1 855
20658 3 821
20679 3 6821
20680 1 2816
20684 1 12924
20698 1 3736
20706 2 8010
20707 4 35797
20708 4 24696
20711 1 6388
20713 1 3777
20715 1 802
20746 1 2626
20783 1 151
20808 1 1960
20818 1 728
20819 1 1770
20828 3 679
20833 1 5441
20861 2 2236
20866 1 1137
20906 1 1642
20936 1 2518
20937 1 3666
20940 1 1860
20949 1 1116
20982 1 1098
20994 1 1080
20995 1 1840
20996 1 363
21006 7 1452
21058 1 297
21059 9 2178
21060 9 2143
21061 10 2416
21062 9 2438
21063 11 1794
21082 2 2229
21100 1 1816
21119 2 861
21165 2 1080
21185 1 969
21186 1 1061
21187 1 992
21188 1 1794
21222 1 483
21225 1 4913
21227 1 1161
21253 1 897
21261 1 1730
21295 3 645
21302 1 670
21310 1 1905
21318 1 7108
21368 2 756
21369 1 655
21370 1 538
21377 2 1374
21386 1 1881
21398 1 919
21430 1 3084
21503 1 13267
21528 1 893
21532 11 989
21535 1 1207
21542 11 37742
21602 2 226
21606 1 1264
21608 1 4754
21610 1 1218
21625 1 688
21644 3 11884
21648 2 6487
21661 1 5628
21670 1 1140
21672 1 1580
21728 1 1259
21767 1 6211
21813 1 930
21821 2 2616
21839 1 4667
21858 1 2839
21870 2 315
21882 1 1265
21889 1 228
21913 1 3148
21925 3 1122
21932 1 659
21948 1 2447
21950 1 1511
21951 1 1086
21952 1 983
21963 14 2029
21973 1 1276
21976 1 3253
21981 1 3068
21986 1 1177
21988 1 1084
21989 1 2096
21990 1 1578
21991 1 1915
21992 1 1844
21993 1 2572
21994 1 1872
21995 1 2336
21996 1 2579
21997 2 2196
21998 1 2024
22043 1 956
22068 1 204
22104 1 413
22105 1 2168
22115 1 2632
22120 1 714
22124 1 1782
22125 1 1410
22127 1 494
22137 1 4439
22138 1 4091
22166 3 1970
22214 1 1094
22216 2 13756
22225 1 665
22418 1 555
22423 1 507
22428 1 3769
22478 2 1558
22523 1 3123
22525 1 3022
22526 1 2933
22545 2 845
22547 1 5064
22570 1 1844
22584 1 2300
22596 1 359
22624 1 1920
22777 1 1813
22867 1 2220
22876 1 979
22888 1 885
22922 3 2658
22923 1 2900
22999 1 1517
23001 12 6718
23052 1 663
23283 1 4182
23362 2 1820
23363 1 3369
23364 1 2776
23365 1 1070
23370 1 1836
23402 1 566
23413 1 1692
23457 1 980
23474 1 1785
23486 1 284
23547 1 539
23555 2 158
23558 1 1014
23559 1 2529
23594 4 860
23601 1 1486
23637 1 2848
23673 1 552
23685 1 1613
23688 1 2643
23696 1 4960
23754 1 1131
23779 1 825
23787 1 804
23807 1 488
23903 1 1291
23908 1 854
23977 10 995
23978 1 639
24080 1 1052
24088 1 1581
24105 1 569
24119 1 14616
24127 1 1281
24153 1 1241
24166 1 1006
24169 1 2066
24185 1 699
24200 1 347
24219 2 7326
24225 1 1419
24226 1 1365
24227 1 1351
24228 1 1329
24229 1 631
24265 1 3355
24276 1 12
24281 1 203
24282 1 469
24284 2 4091
24299 1 1073
24309 1 1144
24346 3 525
24469 1 715
24472 1 2226
24506 1 7516
24509 1 628
24514 1 13551
24540 3 4575
24568 6 5820
24579 2 834
24594 1 1258
24596 20 3667
24631 3 1078
24660 2 1090
24666 2 3571
24667 2 2550
24668 1 6702
24670 1 730
24705 3 500
24721 1 414
24731 1 1332
24737 2 1993
24738 2 4416
24807 3 3878
24808 1 1607
24815 1 1122
24817 1 476
24822 1 682
24823 1 2274
24824 1 1881
24825 1 1588
24827 2 1654
24834 1 2002
24838 1 1751
24839 1 1127
24841 2 1228
24843 1 705
24847 1 1506
24848 1 1701
24849 1 4735
24865 1 2318
24866 1 1558
25029 1 746
25043 1 1300
25057 3 2293
25059 1 38
25066 1 1878
25079 1 484
25128 1 3351
25141 2 456
25176 1 441
25232 1 2344
25262 2 5430
25265 1 2233
25310 1 1434
25388 1 457
25392 2 964
25404 1 721
25407 1 3649
25420 3 1176
25422 1 2424
25441 2 1222
25470 9 1437
25475 1 3015
25476 1 3033
25478 1 3302
25479 1 3085
25490 2 4592
25522 1 2549
25540 1 578
25553 1 3595
25554 1 1688
25654 4 766
25712 1 2401
25713 1 3056
25759 3 1058
25781 1 1240
25783 1 3260
25795 2 353
25802 1 1717
25804 1 2275
25891 1 2054
25903 1 1948
25904 1 1133
25953 1 427
25964 2 4294
26043 1 570
26047 1 57
26048 1 1828
26059 1 1273
26073 1 874
26094 1 413
26097 1 1412
26161 3 14248
26162 1 241
26212 1 890
26235 1 3242
26238 1 1609
26241 2 5926
26249 1 1432
26257 5 3709
26258 1 7349
26259 5 3718
26260 5 3718
26261 5 3710
26262 5 3711
26295 10 1958
26304 1 1055
26305 1 1140
26324 3 1329
26343 1 4639
26351 1 1903
26358 1 830
26381 3 1479
26421 2 995
26436 1 1206
26438 1 643
26454 1 1961
26498 2 32423
26499 1 831
26541 1 4809
26586 1 2458
26590 1 2388
26592 1 2640
26604 1 621
26606 1 1164
26628 5 556
26641 1 4691
26668 25 3364
26669 2 2034
26688 1 4422
26722 2 1894
26723 2 1586
26730 1 1483
26737 1 605
26773 1 833
26782 1 459
26796 1 2116
26800 1 1401
26803 1 810
26820 1 5014
26821 1 4111
26822 1 1713
26826 1 484
26832 1 1182
26835 1 65
26893 4 2171
26996 4 140
27098 4 1974
27125 1 1153
27168 1 1413
27173 1 3255
27192 1 653
27207 1 1176
27219 1 1024
27238 4 1588
27261 2 1483
27264 1 750
27308 2 7530
27311 1 1044
27313 1 613
27321 1 7344
27322 5 3721
27323 1 2478
27324 5 3721
27325 1 325
27328 1 1057
27339 2 681
27350 1 799
27376 1 1008
27391 1 4345
27392 1 4376
27406 1 1609
27407 1 603
27409 1 4419
27461 3 4148
27493 2 726
27520 1 3462
27538 1 957
27585 1 1037
27600 1 1271
27601 1 1888
27602 1 927
27603 1 1299
27654 2 2800
27665 1 870
27693 1 678
27706 2 1893
27717 1 1159
27719 1 513
27737 2 675
27761 1 1167
27771 1 696
27772 1 3134
27777 1 2817
27778 1 1834
27779 1 4121
27782 1 1620
27783 1 1105
27808 1 2245
27809 1 1060
27819 4 1332
27821 1 981
27826 1 942
27827 2 2297
27830 1 5835
27841 3 1689
27843 1 832
27845 1 821
27853 1 3446
27868 1 2792
27878 1 1265
27882 1 918
27886 1 24
27905 1 644
27977 1 548
27991 1 1463
27995 1 493
28016 1 682
28035 2 440
28036 1 1608
28048 1 1522
28098 2 10589
28131 5 1689
28219 2 5367
28223 1 1145
28231 1 88
28257 2 3449
28281 1 1378
28289 1 871
28296 1 3859
28345 3 732
28418 1 2121
28427 1 936
28428 1 1134
28429 1 1748
28435 1 922
28446 1 9326
28565 1 3391
28627 1 752
28641 2 451
28643 1 324
28666 1 880
28671 1 1093
28701 1 291
28719 1 446
28733 1 135
28768 1 734
28778 6 723
28796 1 2216
28797 4 3851
28813 1 1461
28827 4 237
28834 1 1106
28885 1 1833
28980 1 1423
28985 1 622
29081 2 1817
29117 2 928
29148 12 1192
29185 1 798
29287 1 1288
29341 2 761
29351 1 2081
29369 3 420
29383 1 1087
29397 1 885
29416 1 1065
29420 1 439
29422 1 461
29436 1 1447
29456 1 447
29475 1 2177
29494 1 3066
29497 1 2942
29508 5 2855
29519 1 8686
29523 1 10213
29524 2 1209
29545 6 2155
29557 2 7051
29560 3 1313
29572 3 2781
29584 1 1507
29592 1 1374
29608 1 1950
29623 1 963
29628 2 3312
29629 2 1492
29632 1 2000
29637 1 2315
29650 1 2908
29709 1 1886
29722 3 9450
29813 2 1004
29820 3 861
29848 1 1126
29884 1 3052
29976 1 1058
30005 1 496
30042 1 897
30043 1 1000
30055 1 2125
30087 1 666
30165 1 252
30177 1 958
30186 1 1205
30193 1 1249
30204 2 829
30274 1 234
30285 3 1934
30293 6 6059
30300 1 6017
30307 1 3452
30325 1 1728
30332 1 1157
30405 1 1071
30511 1 2112
30514 4 749
30515 1 262
30517 1 1817
30519 4 5484
30537 1 581
30541 1 584
30555 4 4027
30577 1 1120
30591 1 1307
30599 1 924
30602 1 3594
30635 1 2140
30646 1 3639
30661 1 2882
30692 1 820
30699 3 557
30704 4 389
30711 2 448
30714 1 333
30752 1 1610
30759 1 1879
30824 3 896
30832 1 578
30837 1 406
30888 1 2250
30891 1 2618
30902 1 1476
30936 3 2343
30973 1 7204
31040 2 1514
31041 2 1280
31045 1 24677
31051 1 1618
31056 1 434
31095 1 1243
31216 3 793
31223 1 552
31224 3 950
31243 1 757
31250 1 1677
31257 2 1242
31268 1 797
31269 1 1094
31286 1 845
31288 4 2833
31289 1 1482
31321 2 710
31329 1 3009
31331 1 2964
31332 1 3032
31350 1 1047
31355 1 5480
31358 4 1730
31360 1 3008
31379 1 410
31405 1 669
31407 1 229
31409 1 716
31415 1 1059
31416 3 1544
31425 1 562
31441 1 1845
31461 114 4365
31498 1 355
31513 4 1104
31543 1 2159
31544 1 2626
31566 3 1244
31653 1 583
31654 1 327
31661 1 566
31687 1 1427
31691 1 1773
31731 1 3982
31821 2 4061
31822 1 3213
31825 1 3867
31836 1 347
31875 1 270
31878 8 719
31918 2 928
31920 1 487
31935 1 2200
31936 1 3664
31946 1 2395
31948 1 571
31964 1 627
31965 1 728
31987 1 450
31999 2 1430
32008 48 626
32047 1 2055
32124 2 1277
32125 1 1327
32149 5 625
32152 1 521
32154 3 633
32158 2 832
32159 1 588
32160 1 745
32161 1 679
32170 1 1811
32211 3 954
32214 1 700
32216 5 1582
32217 1 1083
32241 4 5341
32242 1 1349
32287 1 3033
32288 1 3260
32295 1 3206
32296 1 2955
32297 1 3273
32298 1 3261
32299 2 3515
32300 1 3026
32303 1 2974
32329 1 5073
32344 1 1543
32359 3 1514
32381 5 668
32394 1 314
32399 2 1839
32481 1 965
32566 1 1495
32643 2 1238
32644 1 1032
32663 2 3914
32671 1 1446
32675 2 477
32683 1 492
32712 2 1799
32718 1 5437
32719 1 5014
32750 1 830
32752 1 2880
32764 1 2272
32765 1 2291
32766 1 2278
32847 13 2340
32848 2 541
32869 1 784
32904 1 1247
33066 1 169
33072 1 829
33073 1 1212
33076 3 1741
33127 1 235
33141 1 1413
33176 1 315
33177 2 5478
33188 1 10275
33196 1 955
33206 1 858
33236 2 1830
33240 1 9576
33288 2 1410
33296 2 489
33304 1 1326
33309 1 657
33312 1 2285
33320 1 221
33335 4 9267
33451 2 1239
33475 1 5068
33494 3 11341
33497 1 364
33509 5 2659
33585 1 3694
33608 1 12
33610 1 1314
33615 1 228
33646 1 1788
33647 1 1671
33662 1 1270
33665 1 105
33666 2 5443
33667 2 5472
33708 1 1605
33715 2 1183
33726 1 1999
33732 1 809
33737 1 1077
33739 1 1711
33751 5 3258
33766 2 1101
33778 1 1184
33798 1 1847
33810 2 158
33812 1 1095
33821 1 253
33856 2 533
33859 1 7228
33876 1 1623
33877 1 708
33895 3 1427
33901 1 1734
33915 1 545
33921 1 614
33928 4 774
33948 1 1368
33958 1 852
33987 1 4548
34004 1 5029
34019 1 1391
34024 2 651
34039 6 23394
34059 4 1599
34066 2 1148
34067 1 1675
34102 1 839
34151 1 1688
34159 1 1830
34164 4 1224
34165 3 1237
34166 3 1251
34171 2 585
34243 1 1382
34251 1 920
34257 5 442
34295 1 838
34298 3 6813
34345 1 454
34351 1 2425
34354 1 2232
34381 1 753
34393 1 1308
34410 1 1478
34449 1 3565
34454 2 1630
34455 1 1495
34457 16 1594
34459 1 76
34462 1 1693
34463 1 620
34464 1 664
34477 2 1168
34478 1 1361
34488 1 842
34489 1 1568
34491 12 1903
34494 1 1658
34497 1 1468
34500 1 155
34504 1 617
34520 1 2339
34525 1 1736
34526 1 2380
34528 1 3693
34537 2 2175
34563 1 2401
34564 1 1271
34615 1 464
34621 3 898
34636 4 450
34638 3 574
34656 1 25
34663 1 641
34670 1 1968
34688 2 493
34693 3 480
34714 1 874
34723 1 966
34737 1 1449
34749 1 1894
34780 1 1028
34791 1 1079
34792 1 862
34793 1 953
34795 1 4142
34804 1 3895
34808 1 1397
34813 1 2197
34814 2 261
34820 2 7148
34824 5 468
34840 1 591
34860 1 3758
34901 12 18201
34922 2 900
34938 3 5944
34942 5 1517
34949 1 1920
34972 1 2699
34987 1 1168
35041 2 7162
35071 1 1273
35156 1 673
35182 1 13213
35325 3 1767
35332 1 2865
35333 2 5425
35334 1 4418
35336 5 1307
35340 2 4545
35346 1 1294
35351 1 1416
35368 1 2496
35385 1 1452
35422 2 5435
35445 1 760
35481 1 1556
35507 1 1988
35535 1 1007
35597 2 173
35600 1 1057
35603 1 790
35642 1 741
35662 1 3127
35694 1 244
35730 1 850
35732 1 981
35768 1 1871
35771 1 5813
35774 1 3657
35831 2 3206
35834 1 756
35837 1 2391
35854 2 1371
35888 1 1614
35891 2 2019
35993 2 1442
36023 6 5721
36038 1 1018
36042 1 6053
36053 2 1200
36057 2 2918
36081 1 2438
36082 1 1049
36088 3 1171
36100 4 3371
36134 4 19793
36136 4 2452
36137 4 2930
36150 1 526
36175 1 1254
36236 1 485
36249 1 2162
36263 1 1184
36266 2 678
36272 1 328
36282 1 821
36289 1 1392
36291 1 4374
36292 1 3895
36293 1 3644
36294 1 3160
36298 2 1028
36305 1 731
36306 1 2219
36308 1 781
36311 1 2920
36312 2 1698
36331 1 613
36335 1 584
36339 1 205
36341 1 828
36342 1 1083
36353 1 807
36358 1 1651
36364 1 2554
36383 1 2040
36385 1 928
36386 1 548
36387 1 3582
36389 2 6107
36390 2 6107
36392 2 6574
36393 2 6574
36432 1 744
36486 1 278
36512 1 596
36520 2 712
36525 16 544
36526 3 786
36535 1 539
36664 2 1214
36669 3 691
36680 3 1651
36681 3 2010
36682 3 2478
36683 3 1069
36729 3 1013
36732 2 18263
36742 1 1373
36745 13 3421
36757 1 2134
36770 2 2401
36780 2 5418
36801 3 2127
36811 1 873
36832 1 4358
36834 2 1612
36912 1 1844
36918 7 1129
36935 1 867
36940 2 306
36942 3 727
36945 1 21910
36954 1 1023
36956 1 4551
36958 1 285
37003 1 774
37025 1 811
37046 1 995
37057 7 5130
37062 1 484
37064 1 743
37091 1 1834
37108 1 908
37133 1 686
37204 2 552
37206 5 2132
37224 3 1689
37258 1 1019
37306 1 910
37322 1 695
37331 1 551
37335 1 4505
37336 1 1229
37365 1 871
37369 1 5846
37388 1 936
37402 1 282
37407 2 1372
37423 14 13622
37436 2 9722
37450 1 672
37454 1 8351
37456 2 2083
37461 2 656
37471 3 828
37472 1 774
37502 3 1948
37504 1 903
37515 1 599
37531 4 355
37550 1 1723
37592 2 1922
37593 1 2020
37597 1 824
37601 1 1897
37603 1 558
37606 1 903
37607 1 1334
37613 1 1538
37614 1 4640
37615 1 2824
37616 1 8646
37617 1 1086
37618 1 744
37622 2 248
37626 1 869
37628 1 1169
37671 1 2694
37675 1 1057
37678 1 1076
37684 1 1530
37686 1 2096
37687 1 753
37704 1 472
37720 3 910
37846 1 304
37855 8 377
37856 1 3403
37911 1 8246
37932 2 17484
37974 1 1488
38008 3 1010
38019 1 1935
38021 1 1068
38025 1 2248
38035 1 1861
38049 1 511
38062 1 2930
38066 1 948
38075 1 70
38076 5 1627
38094 1 2311
38099 7 1239
38199 1 2577
38223 1 12647
38243 1 1851
38268 2 380
38344 2 1209
38363 2 956
38397 1 744
38413 1 6145
38416 1 701
38435 1 1582
38458 1 482
38478 1 1991
38479 1 1418
38480 1 1546
38481 1 2169
38488 1 1063
38525 1 467
38530 1 1502
38537 1 1111
38553 1 1138
38567 1 628
38574 2 2305
38576 1 1706
38582 4 666
38584 1 728
38643 1 1335
38665 2 376
38690 1 994
38691 1 1108
38692 1 1658
38709 1 1586
38710 1 1030
38711 3 2289
38715 2 5564
38726 2 926
38744 1 621
38747 1 989
38748 1 2192
38753 1 663
38772 2 961
38797 1 1539
38804 1 1858
38836 1 1881
38838 2 1464
38845 1 413
38846 1 403
38847 1 1344
38866 1 1238
38875 2 1645
38880 1 1528
38894 3 828
38923 1 896
38926 2 1938
38981 1 753
38991 1 1489
39016 1 1041
39039 3 809
39042 4 3251
39071 1 460
39083 1 2721
39097 1 1486
39115 2 1536
39163 2 879
39164 1 2936
39165 1 1217
39169 1 982
39173 2 713
39174 2 2046
39180 1 1551
39182 1 3168
39183 1 4477
39192 1 1347
39196 1 1333
39200 1 1003
39202 2 2039
39238 1 1675
39244 1 1045
39247 2 836
39249 1 1162
39256 1 1626
39257 1 2445
39263 1 1191
39265 1 3702
39270 1 2484
39271 1 2225
39273 1 1081
39276 1 3501
39284 1 476
39285 1 3325
39286 1 1507
39301 1 12335
39307 1 2173
39341 2 9083
39417 3 622
39446 1 26
39448 1 3136
39449 2 3105
39452 1 543
39453 1 574
39471 2 1340
39474 2 1378
39475 2 1192
39479 1 301
39491 3 650
39527 1 520
39614 1 841
39617 1 698
39642 2 690
39664 1 820
39666 2 736
39773 5 1598
39911 1 987
39915 1 894
39934 1 1007
39937 1 1427
39940 1 1790
39962 1 182
39978 4 30166
39986 1 880
39993 1 6188
39995 1 2204
40052 1 2623
40085 4 813
40100 4 2099
40143 1 576
40144 1 1211
40163 1 1175
40193 1 448
40217 2 241
40238 1 1053
40249 2 903
40253 5 3705
40254 1 2478
40255 5 3713
40256 1 1952
40257 5 3718
40287 3 10480
40298 1 1191
40303 9 1983
40318 1 1714
40382 2 2344
40394 1 481
40415 1 663
40429 1 566
40430 1 1721
40444 1 1611
40503 1 586
40517 1 413
40521 1 1004
40534 1 4269
40538 3 14088
40561 2 1537
40567 2 875
40623 1 465
40636 1 3362
40637 1 7547
40662 4 1447
40690 1 1709
40693 1 1541
40695 2 8337
40720 1 1380
40739 6 5778
40750 1 961
40751 1 1847
40753 1 611
40788 1 1583
40801 1 436
40819 2 10440
40828 1 514
40833 1 2965
40898 2 2825
40899 1 5270
40900 2 3388
40908 1 574
40956 2 530
40965 1 616
40966 1 1237
40985 2 2120
41004 1 493
41005 1 1363
41013 4 2867
41023 1 1296
41025 3 902
41066 1 721
41071 1 228
41075 1 2253
41076 2 1472
41086 1 1327
41099 1 967
41109 1 561
41111 3 2649
41112 1 922
41114 1 2690
41117 1 1658
41131 1 4182
41152 1 1295
41154 1 1359
41182 1 2196
41187 1 1739
41226 2 661
41233 1 1484
41247 1 1335
41325 1 196
41350 1 450
41426 1 4541
41427 2 4567
41450 1 1521
41528 2 451
41536 1 322
41662 1 551
41674 1 4187
41675 1 1320
41681 1 566
41729 1 1363
41730 1 1912
41734 1 1494
41761 1 244
41784 1 546
41786 1 1169
41822 1 1997
41826 1 2287
41841 2 1074
41850 1 382
41853 3 4530
41855 1 608
41856 2 773
41877 1 1119
41891 1 1058
41905 1 1777
41912 2 772
41955 2 1272
41956 1 1616
41957 1 1028
41997 1 1167
42009 2 3192
42019 1 6660
42029 1 766
42030 1 2922
42058 1 1781
42085 1 6194
42087 1 640
42088 1 1078
42146 1 1940
42150 3 2706
42170 1 4262
42179 2 1490
42229 1 695
42261 3 6604
42286 1 331
42312 2 2174
42349 1 527
42362 1 10503
42367 1 441
42385 1 1348
42389 2 1357
42415 1 893
42417 5 1718
42423 2 2011
42424 2 6309
42425 2 5948
42433 1 459
42460 1 1971
42483 1 242
42500 1 393
42533 1 653
42558 1 1161
42564 1 880
42571 1 844
42572 1 2840
42573 2 1180
42577 1 1608
42580 1 8665
42581 1 2953
42582 1 1649
42583 1 653
42591 1 1191
42600 1 2138
42601 1 2101
42632 1 2515
42635 1 1088
42648 1 4779
42653 1 2753
42654 1 923
42655 1 1535
42679 2 6107
42680 2 6107
42681 1 2570
42763 1 6680
42777 1 1444
42778 1 2008
42837 4 2818
42845 1 1246
42850 4 4255
42892 2 2540
42911 1 1221
42912 1 1943
42949 2 2799
43009 2 2498
43020 1 2004
43026 1 1259
43036 1 612
43037 2 1001
43048 2 245
43121 1 284
43187 19 668
43230 1 2504
43245 1 2907
43251 1 788
43278 1 600
43313 1 2168
43329 1 260
43333 1 504
43376 1 190
43421 1 853
43438 1 2070
43446 4 8554
43465 4 1139
43477 1 22611
43482 1 918
43483 14 2218
43490 1 1268
43492 1 1324
43522 3 1077
43523 2 5434
43570 4 790
43634 1 1505
43649 2 4774
43657 1 1637
43736 9 2026
43791 1 895
43792 1 904
43798 1 5617
43909 1 1568
43918 1 628
43935 1 3104
43960 4 1986
43987 1 213
44054 1 128
44081 1 4117
44089 3 473
44091 6 5768
44097 1 470
44116 2 4462
44118 3 1063
44130 4 6601
44216 1 619
44219 4 1788
44221 1 611
44253 1 2425
44276 1 730
44286 1 5425
44289 1 611
44303 2 2027
44304 2 1936
44305 2 1936
44396 1 427
44407 1 1204
44424 2 1183
44441 1 860
44465 1 1702
44467 2 980
44472 1 1241
44479 1 5563
44497 1 839
44520 1 3794
44579 1 228
44581 1 1194
44736 4 725
44767 1 382
44774 1 2787
44780 1 3261
44781 1 494
44801 1 874
44871 1 771
44873 1 3136
44875 1 2970
44877 1 2904
44880 1 2983
44916 1 964
44927 1 2922
44946 1 315
44947 1 505
44954 1 8549
44957 2 10010
44961 1 1596
44980 1 591
45067 2 948
45088 1 802
45215 1 764
45232 1 1922
45249 2 1656
45251 2 2817
45255 1 323
45296 5 813
45332 1 1739
45335 1 2586
45344 2 1588
45346 2 509
45377 1 559
45388 1 1745
45404 1 1086
45408 2 678
45467 1 569
45607 1 454
45690 2 374
45819 1 1265
45820 1 1773
45859 3 21421
45861 1 693
45862 1 480
45875 1 1388
45884 1 1710
45906 1 1209
45912 1 1084
45913 2 1708
45956 1 4392
45960 1 2353
45965 1 724
46020 1 609
46031 3 1240
46069 13 3643
46075 1 1119
46092 1 692
46146 1 874
46152 1 907
46290 3 641
46306 2 4474
46315 2 857
46316 1 903
46318 1 2246
46329 1 851
46340 1 882
46377 2 731
46409 1 1262
46419 2 2392
46420 3 1091
46423 1 613
46502 2 1023
46505 2 6279
46509 1 2154
46511 1 3336
46513 4 2610
46519 1 5448
46520 5 538
46552 1 9921
46558 1 532
46593 1 770
46599 1 1778
46670 1 1475
46689 2 1372
46695 1 1088
46697 1 1569
46701 1 566
46703 1 941
46704 1 2665
46726 1 1514
46739 1 1076
46740 1 1167
46753 1 1413
46759 1 2714
46768 1 712
46771 1 1801
46774 1 2182
46775 1 537
46779 1 1776
46780 1 1725
46781 1 3752
46782 1 1711
46783 2 2182
46784 1 2048
46805 1 163
46824 1 1526
46825 1 1815
46841 1 949
46852 3 854
46896 1 343
46910 1 1422
46915 1 343
46929 1 325
46932 1 957
46938 1 8253
46954 4 5186
46995 1 443
47009 1 479
47056 1 414
47057 1 997
47058 1 892
47084 1 1448
47094 1 829
47095 1 6494
47102 1 725
47115 2 1920
47148 1 1482
47157 1 1234
47177 1 1679
47205 2 1857
47231 5 2125
47232 5 1498
47233 5 1651
47243 1 770
47258 1 2107
47270 1 2703
47282 2 766
47308 1 1139
47312 1 299
47313 2 288
47350 2 2865
47369 1 791
47376 3 842
47377 2 1217
47386 1 1400
47443 1 1833
47444 1 3470
47445 1 2962
47446 1 2943
47447 1 3095
47449 1 2847
47459 1 8496
47471 9 1640
47499 3 1307
47511 1 2170
47515 1 3985
47528 1 4592
47533 2 563
47535 1 558
47536 1 2114
47550 6 1068
47559 2 11224
47565 2 1185
47602 2 1013
47625 1 907
47659 1 3727
47722 1 925
47728 1 831
47740 1 269
47758 1 1263
47866 3 462
47916 15 574
47970 2 569
47989 1 750
47993 1 620
47998 1 842
48022 2 541
48037 1 1203
48078 1 11919
48085 2 2386
48087 1 2749
48094 12 1182
48102 1 1483
48122 3 996
48131 1 637
48132 2 1373
48141 1 632
48179 1 1000
48180 1 25164
48194 1 1229
48197 1 8238
48224 2 3121
48230 1 607
48247 9 2933
48253 1 2008
48278 1 572
48314 1 1603
48321 1 554
48365 1 1031
48371 1 728
48377 1 560
48383 1 1983
48407 1 1657
48416 1 1759
48440 2 1635
48452 1 943
48457 1 358
48470 1 2310
48471 2 2563
48477 1 641
48493 1 652
48494 8 1187
48530 2 937
48543 1 1485
48547 1 4836
48574 2 1338
48596 1 938
48599 1 2082
48604 1 869
48618 1 1867
48626 1 481
48628 1 1740
48632 1 3473
48641 1 762
48662 1 522
48675 1 2669
48738 1 1001
48741 1 1388
48767 2 559
48783 1 1440
48815 2 714
48819 1 538
48855 1 1420
48875 1 773
48879 1 546
48898 9 2208
48907 2 1902
48912 1 2452
48916 3 2862
48921 1 2787
48924 4 3784
48934 1 1502
48945 2 294
48952 1 1906
48954 1 4360
48967 2 1372
48989 2 1067
48993 1 1384
49000 3 3581
49002 1 1155
49007 1 545
49016 2 869
49037 2 3222
49058 1 1664
49063 3 1301
49070 1 951
49078 1 523
49092 2 39956
49100 2 2086
49113 1 1472
49116 1 301
49117 1 563
49150 1 4092
49155 1 288
49164 1 1298
49232 1 5655
49242 1 1558
49267 1 377
49276 1 5599
49323 2 5236
49326 1 1671
49331 1 1081
49340 2 2095
49343 1 1496
49353 1 269
49358 1 759
49366 1 5125
49368 1 1162
49369 1 512
49456 1 2513
49508 1 1329
49516 1 1481
49522 2 6160
49540 3 892
49543 1 1789
49573 1 866
49594 1 586
49626 1 1327
49658 17 698
49698 1 1736
49748 1 1118
49769 2 799
49770 2 759
49771 1 815
49776 1 9407
49804 1 2520
49806 1 1527
49831 1 997
49832 3 2018
49848 2 1148
49860 1 2471
49867 2 1046
49895 1 652
49898 1 855
49899 1 812
49901 14 1363
49931 1 2794
49933 1 772
49935 1 757
49940 3 1997
49958 1 1831
49965 1 2813
49966 1 2862
49970 2 1052
49971 2 2684
49985 3 901
49988 4 2850
49990 2 3509
50029 1 1476
50031 1 1861
50052 3 277
50053 3 540
50137 1 1039
50138 1 718
50140 1 323
50141 1 423
50143 9 8454
50144 1 5084
50158 1 404
50180 1 428
50188 1 1166
50205 10 7146
50245 1 460
50289 1 1659
50298 1 1458
50355 1 3677
50360 2 1096
50367 2 1807
50377 1 2084
50408 1 3892
50427 1 702
50430 1 2601
50431 1 1740
50439 1 3976
50449 1 1878
50480 2 820
50492 1 3702
50529 1 4267
50540 1 2734
50541 1 2524
50544 1 791
50625 2 656
50714 3 1566
50719 1 2143
50737 1 666
50753 16 1998
50764 3 729
50765 3 589
50766 2 1255
50768 1 708
50784 1 2392
50786 1 1972
50790 1 915
50814 1 2147
50826 1 122
50853 1 3547
50857 1 6468
50861 2 652
50877 2 1428
50882 2 1190
50886 3 1179
50888 1 2791
50895 1 2073
50896 1 31
50900 3 1783
50901 1 1284
50906 6 1447
50918 2 2316
50924 2 1807
50966 1 8029
50971 1 318
50983 3 16660
50985 1 662
50997 1 1017
51023 1 1980
51031 1 1136
51045 1 1182
51064 1 907
51065 1 440
51072 5 778
51088 1 2484
51091 1 1943
51109 1 864
51121 1 1534
51141 1 1862
51146 1 2691
51150 1 2908
51151 1 2830
51159 1 950
51174 2 1037
51235 1 332
51237 1 2338
51285 1 1356
51385 1 1887
51453 1 670
51459 1 1193
51460 1 1604
51474 1 822
51476 1 2010
51564 2 987
51592 1 217
51600 1 1428
51605 2 822
51639 2 235
51672 1 3436
51682 1 547
51701 1 443
51702 1 686
51712 1 2167
51748 2 5468
51749 2 5454
51764 1 2864
51782 1 389
51793 1 737
51802 2 5283
51803 2 2141
51816 1 4853
51874 1 445
51881 1 4113
51882 1 926
51886 2 1112
51891 1 6407
51899 1 12169
51915 2 627
51921 1 820
51933 1 2717
51934 1 1088
51939 2 776
51969 1 1165
51987 7 4909
51988 7 6522
52018 28 3486
52020 1 5271
52030 1 1803
52048 1 4112
52049 7 3857
52071 2 2204
52140 1 3824
52141 1 451
52145 1 1011
52157 2 1660
52167 1 2979
52180 3 1192
52187 1 1536
52189 1 228
52219 5 929
52223 1 1842
52225 1 1690
52231 1 759
52233 3 1302
52244 1 1659
52276 1 101
52326 2 3702
52339 1 1963
52340 1 335
52388 1 341
52406 2 4365
52408 1 1385
52409 5 1665
52415 1 2114
52418 1 685
52422 2 969
52423 1 1405
52424 12 1543
52426 1 1385
52455 1 1525
52456 2 611
52464 1 668
52466 1 3696
52502 1 6875
52545 1 2822
52546 1 8264
52613 1 1549
52627 2 1261
52628 3 1306
52629 2 1444
52635 1 3805
52694 1 407
52701 1 1487
52702 1 455
52718 1 2980
52719 1 2978
52721 1 2968
52722 1 2934
52936 14 2566
52938 1 1963
52941 1 3400
52947 1 3634
52968 1 814
52974 1 1854
52986 1 1447
52988 5 24350
53011 1 2109
53023 1 6088
53104 1 959
53105 2 1782
53128 2 165
53130 1 979
53137 1 1658
53138 1 1947
53139 5 3527
53144 1 566
53156 1 903
53158 1 9225
53159 2 2323
53170 1 2693
53198 1 450
53199 1 493
53200 1 354
53201 1 527
53226 1 516
53232 1 325
53242 1 4792
53247 1 904
53269 1 840
53347 1 549
53402 1 3120
53430 1 48057
53438 1 5686
53442 3 8599
53449 1 1037
53459 1 1126
53484 2 493
53491 6 5993
53494 1 412
53501 1 1069
53511 1 4733
53519 1 1735
53524 2 1461
53543 1 2493
53601 2 2754
53602 4 1819
53610 1 528
53618 2 887
53652 2 1858
53655 1 2405
53674 1 1401
53682 2 1860
53712 1 539
53731 1 761
53756 2 1177
53760 1 1772
53761 1 1331
53776 1 2483
53777 3 3202
53778 1 4519
53779 2 246
53787 1 992
53794 1 2430
53854 12 1693
53897 1 1195
53898 1 1192
53899 1 1192
53900 1 1192
53918 2 1250
53919 1 1312
53931 1 1369
54116 1 1186
54132 1 1427
54134 2 2948
54144 1 2965
54188 1 475
54200 1 3379
54210 2 838
54244 2 1037
54289 1 1258
54308 2 5441
54349 2 12411
54350 1 8318
54399 3 5059
54439 1 2636
54444 1 588
54496 1 1147
54566 4 8702
54586 1 1015
54605 2 926
54613 1 3856
54614 1 3684
54616 1 1314
54619 1 10647
54624 1 1892
54671 1 510
54856 1 556
54887 3 783
54888 1 1182
54894 1 374
54935 1 976
54946 3 617
54960 3 830
54968 1 481
54976 2 558
54985 1 1289
54992 1 722
54998 1 1411
55020 1 405
55054 1 4966
55060 1 798
55066 1 3616
55068 1 3268
55069 1 2948
55070 1 2984
55071 1 3179
55109 1 693
55110 2 1197
55143 1 513
55144 1 386
55149 2 729
55161 1 978
55334 1 941
55432 1 461
55485 1 1849
55497 1 4177
55529 1 309
55540 5 577
55546 1 781
55550 2 2151
55607 1 9422
55610 2 1063
55613 2 2946
55679 1 751
55706 1 492
55730 1 576
55753 1 4189
55754 16 634
55909 8 728
56020 1 624
56032 1 668
56042 3 1034
56177 1 809
56178 1 700
56180 2 1457
56181 1 1977
56188 1 1498
56189 1 1843
56195 1 598
56199 1 1698
56212 1 4266
56232 1 1384
56266 1 1037
56296 2 983
56338 1 321
56340 1 242
56429 1 1448
56439 1 705
56441 1 678
56443 1 618
56446 2 1314
56463 1 1156
56471 19 13098
56476 1 1966
56484 1 494
56489 1 5171
56496 1 1274
56519 10 7799
56520 2 1275
56521 1 5019
56522 1 3726
56531 7 577
56544 1 579
56555 1 1013
56568 1 1095
56582 3 1624
56621 1 1096
56666 1 912
56711 1 1301
56803 1 740
56809 1 813
56881 1 4650
56883 1 713
56885 5 1894
56890 1 933
56904 1 1550
56909 1 1137
56914 1 786
56922 1 1234
56938 1 699
56949 1 492
56955 1 3738
56961 2 7535
56985 1 1012
56986 1 569
57010 1 873
57032 2 1178
57222 1 503
57223 1 578
57228 1 1834
57272 3 889
57273 2 1248
57283 1 1207
57294 1 528
57301 1 742
57302 1 815
57311 1 436
57319 1 1304
57323 1 1349
57372 1 2559
57374 1 563
57381 1 2992
57383 6 3091
57385 1 2878
57387 1 2964
57388 1 3103
57397 1 927
57413 2 6376
57434 1 1039
57435 1 533
57436 1 3484
57473 1 455
57475 1 693
57490 2 1202
57502 1 320
57522 2 267
57532 1 1727
57547 1 503
57723 1 578
57725 1 1668
57817 1 4120
57818 2 3557
57819 1 2006
57820 1 3637
57823 1 833
57825 1 207
57832 4 1094
57834 1 4576
57838 1 1853
57845 1 1225
57847 1 1952
57879 1 1521
57886 2 1002
57899 11 2146
57903 1 623
57905 1 576
57915 1 2190
57962 1 2722
58001 1 608
58191 2 372
58221 1 8233
58237 19 1040
58247 2 19391
58279 1 651
58299 1 249
58305 1 751
58307 2 461
58315 4 2480
58353 1 732
58377 1 549
58378 1 2575
58408 2 4007
58420 1 8658
58435 1 1168
58462 2 1526
58467 1 4185
58479 2 963
58483 1 711
58485 4 383
58698 1 1423
58715 1 787
58725 2 443
58726 1 316
58747 1 1652
58748 3 1214
58774 1 695
58776 1 870
58779 1 437
58837 1 3342
58839 1 2933
58843 1 2916
58844 1 3246
58846 2 2959
58889 2 1343
58929 1 1342
58940 1 4530
58966 1 5767
58967 12 3481
59072 2 10092
59170 1 677
59172 1 177
59216 1 451
59227 4 4022
59237 19 492
59294 1 661
59304 1 1871
59347 14 9699
59350 7 8331
59366 1 1084
59403 2 989
59404 2 1587
59406 1 1386
59407 1 569
59408 1 1795
59409 1 1186
59410 1 623
59411 1 501
59418 1 9567
59420 8 1188
59425 1 969
59427 2 1336
59430 1 3685
59442 1 1743
59453 1 5553
59454 1 2821
59455 1 2220
59458 1 1053
59467 1 4546
59468 1 4334
59469 1 4789
59470 1 3154
59471 1 4583
59472 1 2189
59473 1 4291
59474 1 3565
59475 1 5201
59476 1 2145
59477 1 343
59478 1 1258
59481 1 1817
59484 1 1395
59490 1 1051
59493 1 684
59494 1 2310
59495 1 2353
59508 1 1122
59511 1 1631
59512 1 3204
59521 1 1931
59522 1 1856
59523 1 1877
59524 1 1325
59525 1 1109
59526 1 1089
59562 1 820
59570 1 1256
59571 1 766
59577 1 949
59591 1 1374
59592 1 2574
59593 4 1584
59594 2 1660
59596 3 988
59602 2 886
59604 1 1752
59611 1 1014
59612 1 826
59613 1 1032
59618 1 1895
59619 1 3498
59620 1 2013
59621 2 2882
59629 1 2062
59633 4 4221
59644 1 683
59660 1 2783
59661 1 2342
59662 1 14951
59672 1 3130
59729 2 1041
59801 1 1104
59808 3 1147
59828 3 882
59835 1 490
59847 3 917
59848 3 1216
59862 1 1402
59885 1 1086
59887 1 959
59901 5 10800
59908 3 619
59909 2 3894
59913 1 535
59952 1 1298
59975 1 1343
59976 1 732
59988 1 5229
59991 1 760
59996 1 1482
60015 1 581
60022 1 1635
60030 1 10533
60031 1 2148
60032 1 1691
60033 1 767
60038 2 3448
60039 1 4322
60040 1 5727
60042 1 969
60044 3 1309
60064 2 3872
60066 1 4785
60070 1 2663
60078 3 2528
60085 1 1113
60090 1 295
60102 1 987
60115 1 586
60121 1 851
60151 1 423
60155 25 11169
60156 26 5280
60181 1 1881
60185 1 1405
60186 1 880
60187 1 1606
60200 2 1255
60203 1 539
60215 5 2296
60217 1 2172
60225 2 2094
60226 2 2054
60227 2 2086
60228 2 2197
60229 1 921
60235 1 821
60236 1 760
60238 1 1338
60239 1 1030
60240 1 1594
60241 1 709
60242 1 1441
60275 1 3073
60277 1 2988
60280 1 377
60283 3 465
60285 1 1744
60289 2 480
60301 1 767
60337 3 662
60343 2 1358
60357 1 615
60406 1 873
60422 5 1453
60453 2 245
60483 1 648
60485 2 2859
60486 1 1521
60501 1 224
60505 1 2933
60509 1 4010
60532 2 3124
60542 1 1829
60543 2 1510
60552 1 967
60576 1 396
60595 2 3346
60598 8 2552
60603 1 787
60605 1 568
60618 1 668
60673 1 16517
60678 1 3884
60686 1 1454
60696 1 834
60701 2 1999
60702 2 1966
60703 2 1672
60713 8 3384
60722 2 480
60737 1 3128
60738 1 3062
60739 1 3026
60750 1 12275
60758 2 909
60791 3 3468
60792 1 3202
60798 1 330
60816 1 1049
60845 1 1534
60847 1 1056
60862 6 4275
60954 1 1837
61012 1 73
61020 2 13801
61021 2 5166
61033 1 310
61094 1 1747
61098 2 1594
61118 1 411
61166 2 3006
61167 1 3616
61178 1 2893
61186 4 14302
61187 3 15707
61188 3 29700
61190 1 12
61237 1 941
61242 1 545
61287 1 2272
61289 1 964
61293 1 1113
61320 1 31
61342 1 1073
61352 2 18809
61353 3 771
61354 3 732
61357 1 3441
61358 1 671
61373 9 2281
61377 4 990
61380 1 1616
61381 1 1011
61390 3 1105
61419 1 1002
61420 1 2042
61434 1 188
61471 1 2207
61501 2 1119
61502 2 1871
61528 1 599
61535 1 516
61539 1 371
61545 1 814
61547 1 853
61556 2 3140
61559 1 708
61563 1 13
61602 1 1097
61630 1 1422
61659 6 6067
61668 1 11710
61669 1 5944
61687 1 2218
61713 1 4885
61717 4 765
61731 1 1752
61756 1 553
61758 3 980
61815 1 1799
61817 1 533
61818 1 1458
61820 1 5698
61821 1 3538
61822 1 5496
61823 1 3825
61824 1 4512
61825 1 2161
61826 1 3738
61827 1 4204
61828 1 2374
61829 1 3211
61830 1 2081
61831 1 1756
61832 1 2493
61833 1 7073
61834 1 2191
61837 1 1035
61838 1 1648
61839 1 1782
61844 1 2020
61845 1 3591
61865 1 544
61867 1 1527
61876 1 2252
61877 1 2841
61878 2 2819
61879 1 2166
61880 2 2723
61881 1 2444
61899 1 2006
61900 1 2025
61924 3 6503
61994 2 535
62032 1 1096
62061 1 1169
62062 1 6529
62076 1 355
62092 2 1030
62110 1 4274
62128 5 518
62129 5 478
62130 2 185
62131 4 431
62138 3 1745
62173 1 826
62217 1 1671
62229 4 7173
62241 2 6098
62260 1 625
62289 1 772
62291 2 1311
62311 2 2373
62318 1 2185
62333 1 370
62343 1 533
62402 1 286
62417 1 11638
62480 1 1959
62486 1 253
62491 3 4559
62495 1 1330
62513 3 2915
62517 1 1423
62567 1 404
62592 1 1475
62593 2 2061
62596 1 2402
62606 1 1424
62629 1 815
62642 1 7441
62659 1 670
62669 1 1183
62693 4 5347
62694 4 2218
62717 1 860
62723 1 3363
62727 1 3232
62731 1 2944
62767 2 14162
62768 1 9553
62772 1 832
62779 1 2483
62837 3 1565
62873 1 503
62886 1 399
62887 1 552
62890 1 1078
62899 1 692
62913 1 737
62914 1 2398
62929 1 5384
62964 1 1101
63061 1 5120
63075 2 3050
63076 1 3881
63077 2 5251
63089 2 975
63096 1 1260
63115 1 1113
63147 2 1729
63151 4 461
63159 1 1363
63160 1 1813
63170 1 1316
63174 1 1111
63187 1 629
63218 2 1308
63223 1 431
63244 1 1224
63255 2 2143
63256 2 2229
63271 2 1472
63280 2 3788
63289 2 3069
63372 2 1597
63376 1 664
63383 2 792
63393 1 737
63427 1 4477
63439 1 637
63442 12 1435
63443 8 1754
63495 1 1230
63555 1 7057
63567 3 2685
63572 1 3748
63596 10 1377
63640 2 481
63641 1 211
63649 1 996
63663 5 1347
63667 1 725
63703 1 2027
63704 1 493
63761 1 1163
63793 3 663
63827 1 1179
63834 2 3002
63835 4 4072
63836 2 3200
63837 2 6313
63838 3 3268
63841 1 630
63892 2 1816
63905 3 139
63916 1 1072
63938 2 2930
63949 2 1469
63952 1 811
63953 1 921
63969 1 2173
63970 1 4043
63974 1 1872
63975 1 725
63979 1 933
63980 1 749
63984 1 1161
63985 1 978
63986 1 1741
64009 1 3743
64015 1 2612
64016 1 1043
64018 1 997
64020 1 1412
64033 1 1242
64034 4 2927
64045 1 1220
64050 1 3580
64051 1 3589
64063 1 1177
64064 1 1174
64065 1 1174
64088 3 1712
64097 1 997
64275 1 702
64288 2 743
64295 2 1792
64314 1 57
64318 1 2610
64326 1 1704
64345 1 2095
64350 2 20899
64377 2 1147
64391 3 628
64422 1 317
64425 1 458
64491 1 1559
64500 1 425
64519 2 377
64521 2 5475
64529 3 3125
64559 1 4363
64596 1 820
64619 1 2292
64647 1 7320
64654 2 980
64658 1 3929
64666 1 1098
64893 1 548
64894 1 501
64900 1 380
64919 1 1779
64931 1 219
64932 1 388
64951 1 1419
64991 2 292
64992 2 1017
65008 1 3012
65010 1 2912
65023 1 914
65034 1 3956
65074 1 903
65076 1 462
65077 3 2772
65080 1 1255
65087 1 1504
65089 1 561
65093 1 2401
65107 1 3809
65256 1 418
65263 1 900
65265 1 5510
65272 3 2484
65354 1 1071
65394 1 1148
65410 1 1931
65424 1 438
65429 1 789
65451 1 277
65516 1 1590
65546 1 1217
65547 1 474
65551 1 1082
65559 1 419
65574 2 1775
65576 1 4667
65577 2 99
65628 1 605
65639 2 1444
65643 5 1526
65644 5 1473
65677 1 940
65691 1 716
65699 1 956
65724 1 1237
65726 6 2684
65767 1 953
65798 1 1604
65807 3 1381
65816 2 929
65817 1 1516
65840 1 157
65870 1 732
65884 1 2980
65902 1 357
65907 2 1300
65961 1 2405
65962 3 1810
65976 1 2618
65978 2 3467
65979 1 4694
65980 1 4583
65981 1 495
65986 1 309
65987 1 529
66022 1 755
66092 1 4332
66112 2 742
66118 1 6182
66165 2 395
66177 1 2510
66217 1 632
66231 1 1159
66278 1 2126
66314 2 629
66349 2 602
66365 1 1856
66386 1 631
66406 2 617
66415 1 6038
66472 1 3818
66482 1 2199
66529 1 1423
66531 1 1226
66561 1 1657
66562 1 588
66568 1 1368
66570 1 2510
66587 1 4790
66603 1 1110
66611 1 775
66616 1 847
66636 1 1536
66686 4 1271
66692 1 460
66731 1 1118
66738 1 1248
66742 3 3877
66747 1 917
66751 1 11896
66761 1 362
66764 1 999
66801 2 3195
66817 1 387
66838 1 1366
66914 1 1186
66935 3 2042
66945 1 178
66947 3 18231
66961 1 345
66969 1 1025
66978 1 739
66980 1 1011
66987 6 2394
66992 7 1910
66994 1 2517
67001 1 1320
67018 1 376
67031 1 5324
67032 1 5505
67043 1 858
67044 1 797
67045 1 805
67046 1 871
67048 1 1998
67072 1 1326
67074 2 9837
67087 1 797
67089 1 1117
67103 1 558
67195 1 6824
67213 2 2231
67214 1 767
67216 1 1476
67220 1 422
67225 1 1254
67258 1 584
67268 1 915
67286 1 1904
67311 8 1314
67313 1 1165
67316 1 2577
67323 2 1622
67337 1 2444
67340 1 2960
67342 1 6010
67346 1 1614
67347 1 1319
67349 1 1281
67371 3 3756
67372 2 2781
67409 1 5448
67410 1 7180
67415 6 10077
67420 1 2247
67421 1 1526
67422 1 400
67424 1 777
67444 1 307
67445 1 1377
67446 1 1396
67447 1 589
67448 1 1443
67449 1 1320
67454 1 5854
67455 1 168
67493 1 746
67511 1 1130
67519 2 10460
67538 4 751
67565 1 1675
67576 2 1529
67577 1 1016
67594 1 3023
67599 1 1087
67629 1 619
67630 1 664
67665 1 815
67671 2 6735
67689 2 7619
67712 1 2699
67725 2 1884
67775 1 1816
67782 1 1569
67783 1 827
67835 1 1309
67841 1 1637
67891 1 810
67899 2 4652
67901 1 756
67914 1 481
67965 2 716
67982 1 601
67986 1 2479
67991 1 2957
68040 4 2912
68043 1 166
68045 1 860
68067 1 1176
68087 2 183
68091 5 10665
68099 1 812
68112 1 733
68117 1 4150
68120 2 7511
68124 1 2400
68129 1 1472
68132 1 2295
68149 3 2354
68161 1 1742
68164 1 607
68178 1 814
68200 3 422
68215 1 646
68231 1 1269
68235 1 729
68246 1 1002
68265 1 233
68282 2 1506
68283 1 875
68300 5 849
68301 1 695
68304 1 1362
68356 1 636
68359 1 788
68383 2 1172
68392 2 6574
68393 1 3580
68399 1 1174
68400 1 1167
68436 1 2388
68443 1 551
68648 3 609
68664 1 3316
68680 3 9381
68681 2 4179
68693 1 1104
68696 1 8254
68701 1 561
68702 1 1708
68707 1 4537
68738 1 1152
68751 1 1427
68758 1 931
68766 1 5324
68768 1 1022
68829 1 1011
68862 1 2573
68876 1 1494
68892 1 1101
68902 1 773
68911 1 1547
68920 3 2788
68925 1 605
68964 2 11197
68998 1 328
69048 1 1367
69079 2 757
69355 3 1142
69420 1 108
69427 1 894
69430 1 2889
69446 1 1634
69458 2 1090
69471 2 979
69475 2 1362
69476 1 1519
69489 5 308
69501 1 24
69504 2 1208
69512 1 316
69515 1 3275
69530 1 3436
69532 2 2723
69547 1 5735
69716 2 7169
69726 3 598
69822 1 877
69824 1 1647
69842 1 886
69854 2 1006
69879 4 363
69886 1 2262
69893 1 1325
69917 1 3612
69970 3 1405
70119 1 819
70138 20 474
70208 1 1316
70218 2 1422
70226 1 1436
70227 1 1812
70231 1 2953
70236 1 3474
70241 2 673
70279 1 12383
70290 1 2102
70292 1 2365
70294 1 772
70295 1 753
70297 1 5416
70311 1 2716
70377 3 5997
70380 1 6991
70381 1 591
70389 1 341
70397 1 1331
70403 1 1958
70444 1 861
70481 2 2683
70487 1 511
70534 1 5509
70581 2 1068
70592 1 761
70603 1 934
70618 1 1216
70738 1 3457
70862 1 658
70885 1 834
70929 1 6834
70938 1 1184
70947 1 1439
70956 4 734
70993 6 5847
71004 1 1117
71022 2 2146
71026 2 525
71043 1 4249
71044 1 591
71047 1 387
71077 2 2876
71083 1 621
71105 2 2599
71135 1 1033
71137 1 9411
71172 2 1858
71189 1 1623
71198 1 1202
71219 1 2884
71220 1 2841
71221 1 3179
71245 1 982
71251 1 1374
71254 1 296
71259 3 1522
71282 2 1318
71298 1 296
71319 1 1521
71321 1 1012
71323 1 3523
71326 1 599
71330 1 1097
71332 15 1266
71334 1 2239
71338 1 2157
71341 1 1792
71342 14 1785
71352 1 1829
71364 2 998
71392 1 1762
71393 1 1762
71394 1 1762
71418 1 946
71519 3 2955
71529 1 228
71545 1 6773
71556 1 1415
71557 1 754
71569 1 653
71579 1 337
71586 1 8248
71592 2 1183
71631 3 803
71662 1 907
71681 2 531
71691 1 1602
71731 5 4830
71808 1 880
71809 3 1200
71823 1 815
71830 1 1042
71877 4 7422
71891 2 693
71942 2 3216
71943 2 3979
71974 1 1496
72022 2 827
72038 1 3035
72039 3 5516
72042 1 2081
72066 1 7004
72069 1 940
72078 1 794
72079 1 753
72088 1 2347
72118 1 1417
72120 1 1437
72121 1 1320
72141 1 834
72171 1 618
72176 5 2898
72178 1 855
72197 1 1837
72198 1 2050
72213 1 3012
72223 1 481
72229 1 1439
72234 1 609
72235 1 643
72246 1 1076
72256 4 1403
72277 3 1369
72295 2 2968
72304 4 2094
72314 1 1495
72319 1 945
72346 22 779
72385 1 1087
72393 1 834
72394 1 753
72396 1 2100
72410 1 4306
72413 1 1983
72453 1 545
72454 1 779
72455 1 1202
72480 1 585
72496 2 3731
72525 1 2404
72552 1 1543
72556 1 1250
72572 1 1253
72573 1 1791
72591 1 2016
72609 1 1961
72612 1 2177
72617 3 5161
72619 4 5216
72657 1 674
72671 2 1591
72675 2 8994
72677 1 1203
72699 2 421
72701 2 391
72702 1 569
72707 1 563
72741 1 6306
72774 1 1680
72789 1 964
72793 1 4219
72806 1 1383
72818 1 952
72824 1 1931
72825 4 4050
72826 2 1996
72827 1 7031
72828 1 2935
72829 1 4528
72830 1 3747
72831 1 6567
72832 1 3890
72833 1 2038
72834 1 2774
72835 1 2083
72836 1 2346
72837 1 3948
72838 1 1838
72839 1 2764
72842 1 649
72843 2 2753
72844 1 1589
72845 1 2164
72847 1 721
72862 1 773
72864 1 597
72873 2 3122
72878 1 4492
72886 4 1142
72887 1 758
72888 2 1768
72889 2 1741
72890 1 691
72894 1 522
72895 1 1688
72906 1 2265
72908 1 810
72919 1 5881
72927 1 883
72928 1 1440
72930 1 2073
72931 1 1959
72932 1 1652
72933 2 2224
72934 2 2319
72935 1 2042
72936 1 2099
72937 1 2290
72938 14 10696
72945 1 2766
72963 1 2184
73008 1 5555
73011 65 4054
73018 2 2302
73019 1 1972
73020 1 968
73022 1 2763
73030 1 8248
73047 1 694
73049 1 723
73093 1 4058
73098 1 915
73101 3 5854
73146 1 811
73159 1 907
73160 2 1243
73167 1 837
73170 2 5445
73171 2 5544
73172 2 5440
73208 1 538
73225 1 984
73244 1 3654
73350 2 2160
73352 2 1355
73387 2 281
73405 2 2119
73420 1 2204
73498 1 2553
73550 2 1022
73554 1 721
73595 1 2131
73644 1 2945
73676 1 2052
73732 1 1250
73733 1 876
73760 1 592
73762 1 2217
73772 1 375
73855 1 169
73881 1 1228
73906 1 1424
73918 1 475
73920 2 2452
73945 14 10857
73947 1 495
73952 1 1586
73960 1 502
73963 2 6843
73972 1 849
73994 1 2096
74000 2 5543
74020 1 631
74029 1 1470
74036 2 315
74091 1 1923
74094 1 3820
74098 1 877
74109 1 680
74112 2 704
74114 2 3421
74119 3 11686
74122 1 1513
74133 1 834
74152 1 975
74186 1 394
74203 1 11999
74212 3 649
74219 1 280
74225 1 112
74270 1 1439
74286 4 1225
74295 1 964
74298 1 2423
74378 1 897
74379 1 864
74397 1 634
74410 1 315
74435 1 2232
74446 1 1773
74518 1 1309
74522 1 1218
74578 1 733
74581 1 1084
74613 1 1209
74618 1 592
74655 1 858
74700 1 1471
74704 1 224
74706 1 5592
74707 3 4337
74711 1 188
74748 2 1518
74766 6 6523
74767 6 5811
74768 1 1044
74775 1 2772
74812 1 4167
74822 1 5130
74847 1 425
74863 1 710
74871 1 1759
74874 1 6108
74909 1 966
74916 1 1608
74917 1 1213
74940 2 569
75093 3 1237
75102 1 581
75103 1 609
75124 3 2419
75130 1 946
75140 3 1565
75195 1 508
75196 1 202
75204 1 3081
75206 1 2994
75207 1 2937
75209 1 2934
75217 1 548
75241 1 901
75253 5 1646
75295 1 2546
75307 3 1330
75313 2 1575
75411 1 1647
75467 1 1179
75488 1 248
75490 1 2840
75534 1 9607
75553 1 595
75610 4 2134
75649 1 783
75705 3 3042
75717 1 2502
75761 1 640
75831 1 807
75930 1 4094
75939 1 1207
75951 4 596
75966 1 498
75969 1 5873
75983 1 3426
76002 2 5452
76034 1 1048
76042 2 1056
76056 1 952
76074 1 521
76077 1 1366
76095 1 839
76105 1 6146
76127 1 15
76128 1 277
76130 2 669
76139 1 3319
76140 1 1136
76155 1 798
76166 10 2068
76174 2 20998
76175 1 6943
76213 1 538
76233 1 1717
76246 1 6517
76247 1 4782
76252 1 2304
76269 1 3998
76302 1 1858
76370 1 13094
76405 3 5489
76408 1 4367
76411 1 6346
76412 1 1272
76428 2 518
76449 1 6086
76460 6 6070
76465 1 2400
76488 1 1071
76490 2 731
76491 1 1557
76513 1 935
76571 2 2525
76588 1 1544
76668 2 189
76676 6 6037
76677 6 5739
76690 1 2184
76726 1 2339
76769 1 2417
76794 1 925
76825 1 636
76840 1 630
76857 1 356
76859 1 1863
76871 1 919
76875 2 4263
76892 1 2271
76895 1 676
76898 2 1240
76917 2 2139
76918 2 1833
76919 2 1352
76923 1 1539
76929 1 1278
76931 2 978
76981 1 790
76997 1 1154
77006 2 685
77053 1 995
77055 1 1676
77057 17 1725
77060 1 4150
77061 1 999
77076 1 3304
77082 1 5693
77083 1 3037
77084 1 2028
77085 1 2310
77086 1 5533
77095 3 1057
77096 1 1129
77128 1 1010
77156 1 807
77163 2 1994
77175 1 1008
77202 2 8001
77211 1 3451
77212 1 3474
77213 1 3532
77214 1 3477
77227 1 2803
77356 1 608
77360 41 1401
77363 1 1245
77366 2 437
77381 1 582
77388 1 1700
77390 3 3306
77392 1 8245
77395 1 332
77398 3 3728
77442 1 459
77450 4 5940
77458 3 1185
77470 1 2244
77472 1 1959
77495 6 1382
77576 1 4731
77608 1 829
77615 3 684
77616 1 722
77621 1 1859
77622 1 1784
77657 2 766
77792 1 1395
77799 1 695
77807 1 5880
77823 1 877
77828 2 767
77832 1 421
77835 1 857
77876 1 3309
77877 1 3129
77879 1 2977
77880 1 3027
77881 1 2924
77918 1 948
77962 3 3614
78034 1 2796
78062 3 3649
78063 1 1360
78121 1 3206
