motorcycl motorcycl 2465 65215343 
52 1 1874
61 1 1005
119 1 405
166 1 1370
227 1 2869
362 1 343
463 1 1357
536 1 653
609 1 1086
690 1 3348
814 2 752
832 1 771
839 18 964
1050 1 992
1081 1 980
1087 1 550
1135 6 1188
1151 1 926
1176 2 992
1177 28 1685
1570 2 1617
1588 2 590
1647 3 10572
1667 2 894
1707 3 204
1760 3 805
1790 3 806
1812 1 1673
2072 1 1175
2218 2 1529
2247 1 1040
2289 1 995
2335 1 1168
2336 1 1341
2337 1 1339
2338 1 1264
2339 1 1043
2341 1 1394
2342 1 1088
2343 1 1153
2344 1 1030
2375 1 3907
2376 1 1246
2380 1 576
2382 1 1655
2412 1 549
2414 2 1645
2447 1 901
2448 1 338
2483 1 4389
2484 1 351
2537 1 1224
2671 1 714
2697 1 1348
2722 1 1364
2750 1 1082
2971 1 848
2990 1 369
2991 1 2631
2992 2 726
3224 1 771
3229 2 2889
3235 2 807
3304 1 1426
3305 2 1856
3384 27 1216
3385 9 478
3400 3 829
3410 1 11224
3440 1 1888
3486 1 4565
3531 7 1044
3536 1 1404
3571 9 1011
3612 22 1293
3613 15 1532
3826 9 723
3832 1 7941
3990 2 196
4073 1 769
4106 1 2006
4211 1 6879
4257 2 736
4320 1 638
4330 4 1163
4383 26 721
4533 1 1058
4615 1 3920
4651 1 385
4684 9 656
4868 1 1260
4909 1 4646
4910 1 4646
4911 1 4646
5074 1 1241
5075 1 1239
5076 1 1220
5341 1 365
5342 1 322
5343 1 303
5344 1 333
5345 1 315
5346 1 339
5347 1 318
5348 1 316
5349 1 314
5350 1 333
5351 1 335
5352 1 351
5353 1 311
5354 1 318
5355 1 358
5356 1 330
5357 1 320
5358 1 483
5359 1 324
5360 1 320
5361 1 317
5362 1 312
5363 1 335
5364 1 350
5365 1 310
5366 1 324
5367 1 323
5395 1 2444
5418 1 1906
5465 1 1292
5466 1 1266
5905 1 700
6022 2 761
6040 3 1266
6081 1 1357
6358 1 2724
6646 1 1067
6994 1 312
7062 1 3124
7085 1 970
7236 1 1589
7275 1 1286
7415 1 2592
7559 10 528
7736 1 1605
7740 1 1213
7747 1 1937
7748 1 1936
7749 1 1937
7750 1 1937
7758 1 1880
7805 1 341
7806 1 345
7807 1 312
7808 1 317
7809 1 319
7810 1 311
7811 1 325
7812 1 320
7813 1 317
7814 3 460
7815 1 324
7816 1 360
7817 1 315
7818 1 418
7819 1 344
7899 1 1265
7900 1 1093
7941 1 441
7942 1 2590
7946 1 403
7947 1 511
7948 2 2839
7949 1 4128
7960 1 306
7963 1 3329
8022 1 7719
8139 1 4927
8175 1 452
8246 1 1319
8559 1 4026
8679 6 164
8744 1 788
8876 1 1372
8877 1 1525
8984 1 612
9015 2 1015
9129 1 438
9136 2 608
9152 1 213
9398 1 1078
9402 2 1283
9717 1 950
9718 7 922
9719 1 811
9885 1 2675
9886 1 3914
9889 1 1688
10003 1 517
10032 1 529
10038 1 1127
10110 1 1421
10347 2 275
10451 1 1088
10535 4 1040
10685 1 2839
10804 2 795
10891 1 526
10996 1 1633
11038 4 535
11244 2 833
11556 21 304
11735 1 1078
12181 1 360
12187 2 243
12382 3 1023
12393 6 451
12478 2 194
12744 2 1046
12746 1 1213
12748 1 3182
12761 1 877
12767 3 838
12814 1 46677
12927 1 993
13036 1 676
13038 1 854
13070 3 1145
13130 1 1432
13242 2 2319
13400 1 2450
13440 1 1581
13450 1 1581
13471 1 829
13519 2 553
13627 1 3259
13811 1 424
13948 2 270
13982 2 3750
14280 1 2667
14301 1 2773
14494 1 462
14693 1 1549
14739 1 919
14993 1 1219
14994 1 1165
14995 1 1056
14996 1 1221
15070 3 1847
15104 11 520
15133 1 972
15200 1 554
15220 1 1503
15580 1 2165
15602 10 279
15887 1 3518
15944 1 2753
15947 1 455
15948 1 336
15949 1 349
15950 1 314
15951 1 453
15952 1 323
15953 1 316
15954 1 335
16204 1 3527
16312 1 792
16376 1 1139
16509 1 1890
17288 4 490
17421 9 423
17718 1 1941
17797 6 1213
17798 6 1298
17799 6 1305
17815 1 2708
17929 1 880
17932 1 371
17966 1 369
18152 1 502
18300 1 299
18416 1 1500
18517 2 1038
18691 1 98
18888 1 1190
18899 1 1411
19186 1 6942
19391 1 3144
19759 1 1457
19836 7 719
19913 1 2014
19960 1 1151
20022 17 985
20167 1 496
20176 1 348
20216 1 967
20228 2 356
20231 1 740
20321 1 429
20742 1 809
20861 1 2236
21020 2 155
21021 1 188
21306 1 1358
21342 1 1971
21346 1 421
21789 2 792
21877 3 1400
21960 1 7778
22063 2 1399
22134 1 821
22216 1 13756
22453 1 1650
22554 2 875
22590 1 1209
22762 2 517
22763 1 323
22784 2 1080
22963 1 511
23001 3 6718
23030 1 1410
23033 1 1939
23066 1 773
23373 1 1729
23496 1 1509
23509 2 945
23749 9 570
23796 1 756
24186 1 1580
24189 1 2072
24207 2 1236
24256 1 1172
24257 1 1154
24441 5 601
24545 2 973
24557 1 994
24824 1 1881
25049 1 918
25127 1 360
25203 1 328
25204 1 310
25205 1 337
25267 1 2724
25282 1 1395
25450 2 398
25474 14 3568
25508 1 1364
25752 7 841
25756 22 902
25757 1 600
25831 1 582
25851 1 1694
25957 1 1091
26223 2 946
26275 5 190
26509 1 526
26709 1 2025
26800 1 1401
26813 1 1462
27106 2 81
27131 1 1909
27169 2 227
27173 1 3255
27234 1 1266
27400 1 1468
27564 2 454
27690 1 472
27761 1 1167
27974 1 1432
27997 1 689
28115 1 2406
28156 1 879
28157 1 323
28158 1 315
28159 1 322
28160 1 331
28161 1 334
28162 1 321
28163 1 326
28164 1 328
28165 1 327
28166 1 327
28167 1 323
28168 1 321
28169 1 312
28170 1 318
28171 1 346
28172 1 332
28173 1 420
28174 1 313
28175 1 319
28176 1 319
28177 1 315
28178 1 323
28179 1 336
28180 1 337
28181 1 322
28182 1 324
28183 1 312
28184 1 317
28185 1 328
28186 1 318
28187 1 316
28188 1 368
28189 1 340
28190 1 345
28271 1 1650
28489 1 1123
28675 1 1685
28695 2 1876
28711 1 2834
28779 2 1212
28799 1 4713
28822 6 2051
28918 1 1609
28925 1 331
28926 1 322
28927 1 308
28928 1 338
28929 1 310
28930 1 317
28931 1 305
28932 1 349
28933 1 322
28934 1 343
28935 1 317
28936 1 360
28937 1 303
28938 1 373
28939 1 307
28940 1 314
28941 1 348
28942 1 331
28988 1 821
29066 1 1322
29328 1 2531
29508 1 2855
29720 1 808
29827 2 1467
29959 1 652
29992 1 1640
30055 1 2125
30149 1 621
30152 1 627
30324 1 729
30382 62 1172
30573 1 2812
30581 1 108
30607 1 1263
30639 1 8117
30747 1 4167
30756 1 905
30862 1 588
30888 50 2250
30960 1 86
31023 1 249
31252 1 521
31454 1 556
31455 1 1709
31486 1 967
31500 1 826
31560 1 2403
31615 1 613
31672 27 812
31688 2 2740
31949 1 6125
32201 1 495
32208 1 2672
32220 1 839
32388 5 24490
32419 1 331
32420 1 571
32430 1 1546
32470 1 1052
32484 1 502
32742 1 922
32844 1 516
33136 1 375
33162 1 1081
33249 1 753
33273 7 804
33936 1 1150
34029 2 3971
34170 2 771
34400 1 1529
34408 1 1352
34439 2 1490
34536 1 1429
34743 1 439
35169 34 631
35236 1 359
35508 1 640
35629 9 162
35724 8 2406
35741 5 765
35822 1 834
35838 1 1185
35852 1 3364
36174 1 472
36222 1 1383
36688 1 1758
36796 1 1826
37169 3 628
37359 1 2181
37377 7 630
37385 2 1327
37401 2 1431
37494 1 449
37543 1 574
37547 1 1110
37576 1 1478
37625 3 2363
37684 2 1530
37724 2 2484
37889 1 4249
37890 1 524
37892 1 5282
37932 3 17484
37974 1 1488
38022 1 807
38134 1 344
38181 1 1301
38260 1 1664
38300 1 745
38457 1 1223
38459 1 335
38640 2 1038
38747 1 989
38757 3 883
38848 11 791
38890 1 934
38944 2 3052
38945 2 1483
39150 1 877
39196 2 1333
39256 1 1626
39257 1 2445
39263 1 1191
39488 1 1377
39584 5 854
39810 1 1067
40010 1 634
40024 7 2366
40144 1 1211
40145 1 1180
40186 1 958
40187 1 955
40219 1 983
40266 2 839
40276 2 197
40284 6 183
40316 1 151
40511 1 1191
40518 3 647
40778 1 855
40948 1 498
40961 1 135
40962 1 1247
40991 1 390
41035 1 972
41222 1 537
41686 1 1182
41712 1 847
41757 1 487
41857 1 1647
41873 5 1740
41917 2 191
41924 2 170
42122 1 1063
42128 3 580
42212 1 527
42286 2 331
42464 1 468
42470 1 161
42485 1 1654
42510 1 1487
42516 1 823
42576 1 1655
42591 1 1191
42653 1 2753
42664 1 1406
42667 1 1132
42683 3 5788
42763 7 6680
42769 1 8334
42827 2 817
42830 1 1716
42896 1 3235
42976 2 760
43092 18 1330
43331 2 1364
43332 4 994
43345 4 519
43451 1 794
43574 1 1063
43580 1 992
43603 7 400
43612 1 773
43682 1 642
43697 1 188
43702 6 168
43713 4 185
43724 3 3202
43839 69 1259
43843 1 878
43889 1 983
43891 1 826
43896 1 1645
43953 2 1000
44311 2 347
44348 1 93
44389 1 1440
44394 1 2869
44406 3 1519
44496 3 1260
44499 1 966
44577 2 470
44707 1 6048
44757 1 432
44759 2 533
44769 2 566
44774 1 2787
44843 1 558
44891 1 1753
44965 1 542
45290 21 905
45320 1 1520
45456 1 1098
45489 34 772
45490 1 757
45698 2 1045
45710 4 442
45901 1 618
45998 1 1047
46006 9 533
46087 1 1968
46126 1 1522
46216 1 1442
46243 1 817
46346 1 1338
46388 1 81863
46428 1 1866
46431 1 746
46601 1 967
46617 3 393
46694 1 3602
46695 1 1088
46909 14 2578
47092 1 1683
47143 1 411
47161 1 1358
47308 1 1139
47459 1 8496
47460 1 1813
47461 1 1226
47540 1 1013
47775 1 996
47780 2 5199
47830 1 479
47875 2 388
48287 2 2481
48288 2 2866
48456 1 160
48482 2 13125
48483 2 13114
48484 2 13248
48496 1 1185
48506 1 1340
48507 1 1533
48508 1 1328
48644 1 211
48661 8 1320
49391 1 2970
49575 19 1035
49766 1 1245
49828 1 951
49833 16 2286
50040 1 6696
50123 1 1225
50124 1 1198
50125 1 1136
50128 1 1038
50129 1 1730
50310 2 1212
50329 40 886
50353 5 2913
50496 2 13128
50497 2 13268
50498 2 13445
50499 2 13093
50548 1 609
50590 1 214
50745 1 284
50860 1 160
50895 1 2073
50900 1 1783
50916 1 4044
50939 8 668
50985 1 662
51022 2 2835
51092 1 3069
51167 1 1503
51175 1 1150
51289 1 140
51461 1 678
51466 1 1121
51562 1 1186
51710 1 699
51817 1 643
51828 1 2276
51969 1 1165
52047 1 1194
52109 1 3805
52384 5 3160
52472 1 1216
52473 1 1195
52503 1 1083
52561 1 52057
52603 1 3071
52646 2 733
52798 1 746
52925 3 1018
52976 1 578
53252 1 743
53339 1 837
53484 2 493
53665 1 453
53931 17 1369
54129 2 588
54144 1 2965
54183 1 2128
54327 1 1517
54510 1 1065
54511 1 1251
54512 1 1202
54614 1 3684
54680 1 636
54946 2 617
54947 2 452
54954 1 1029
54962 1 2551
54963 2 501
55160 2 652
55566 1 941
55575 2 758
56418 1 1368
56419 1 1590
56420 1 1446
56421 1 1078
56422 1 1132
56423 1 1323
56424 1 1256
56425 1 1074
56426 1 1399
56427 1 1290
56428 1 1075
56472 1 525
56475 1 650
56512 1 1050
56561 1 535
56620 37 1243
56705 1 2241
56727 1 974
56789 1 743
56792 1 1075
56813 1 436
56834 1 488
56838 1 604
56860 1 1462
56861 1 1250
56979 1 925
57084 4 53
57219 1 261
57243 1 783
57255 1 2815
57260 1 463
57436 1 3484
57666 1 1813
58243 4 1796
58247 2 19391
58312 1 809
58390 1 1711
58483 2 711
58486 1 1104
58547 1 317
58675 1 2820
58860 1 1359
59081 2 1600
59209 1 2825
59233 4 959
59348 2 10477
59355 1 891
59402 1 4509
59403 1 989
59463 1 2182
59568 1 1774
59588 1 1547
59591 1 1374
59592 1 2574
59593 1 1584
59594 1 1660
59633 1 4221
59670 1 1595
59712 2 4670
59717 1 4807
59800 1 569
59846 2 748
59916 2 895
60030 1 10533
60152 3 7811
60278 15 3357
60297 1 923
60349 1 1057
60354 1 837
60377 4 2105
60402 1 292
60974 1 955
61035 1 588
61053 1 1691
61096 2 990
61159 2 572
61342 1 1073
61654 2 530
61770 1 1373
61791 1 1288
62017 1 246
62099 1 434
62180 1 838
62192 1 937
62294 1 12
62358 1 1453
62359 1 1342
62360 1 1370
62518 1 1297
62547 1 433
62553 2 1227
62632 1 451
62661 1 564
62750 1 1350
62874 2 12417
62922 1 2154
63266 1 3285
63340 1 1572
63373 1 592
63522 2 291
63639 3 496
63712 1 835
63743 23 1405
63904 3 455
63915 1 1055
63979 1 933
64012 1 1614
64033 1 1242
64267 1 257
64305 2 1132
64311 1 4060
64387 2 1212
64407 1 1172
64430 1 389
64473 1 66
64542 1 1329
64543 1 1339
64656 2 735
64658 1 3929
64924 1 2526
64925 1 369
65040 1 1671
65120 2 2332
65410 63 1931
65549 1 424
65565 1 1270
65597 1 303
65799 1 4143
65883 1 3190
65896 1 3671
66013 1 2760
66016 1 1106
66179 2 595
66219 2 1200
66404 1 1459
66405 1 1623
66478 18 1388
66521 1 949
66557 1 415
66624 1 816
66648 10 1645
66695 6 483
66722 3 276701
66747 1 917
66803 1 223
66970 7 202
67076 1 528
67143 2 744
67170 1 338
67171 1 323
67172 1 317
67173 1 325
67174 1 337
67175 1 331
67176 1 339
67177 1 309
67178 1 314
67179 1 349
67180 1 318
67181 1 339
67182 1 312
67183 1 370
67184 1 324
67185 1 319
67268 1 915
67515 1 664
67661 2 952
67686 1 541
67756 1 5291
67758 3 2196
68067 1 1176
68148 1 801
68201 1 440
68237 1 525
68384 1 859
68681 1 4179
68702 1 1708
68710 1 780
68815 3 1058
68920 2 2788
68938 1 1260
68939 1 1221
69055 9 3045
69347 1 566
69703 1 550
69722 1 1778
69926 2 843
69970 8 1405
70010 1 668
70030 6 812
70055 1 607
70069 1 882
70070 1 433
70086 1 599
70098 1 1411
70259 1 1430
70279 1 12383
70286 1 806
70310 5 1005
70432 1 1122
70727 1 49
70735 1 952
70866 2 759
71018 1 230
71228 1 1404
71276 1 2862
71371 1 715
71387 1 1937
71395 2 1529
71396 2 1529
71397 2 1529
71398 2 1529
71459 1 2233
71461 1 311
71462 1 307
71463 1 534
71520 1 1281
71522 1 1158
71523 1 1243
71524 1 1115
71597 1 849
71696 1 732
71798 1 292
71835 1 563
71856 1 1198
71886 1 801
72060 14 791
72102 1 290
72231 1 1446
72275 2 898
72348 9 1677
72412 2 14176
72456 3 792
72457 19 831
72458 3 720
72643 1 463
72652 1 157
72859 1 1218
72862 1 773
72868 2 1891
73076 1 376
73077 1 364
73094 1 1712
73187 1 1091
73287 2 2713
73308 2 316
73309 14 792
73392 1 1159
73446 1 989
73455 1 2168
73473 1 600
73650 1 556
73990 1 1201
74013 2 773
74066 1 1093
74180 1 1201
74429 1 885
74479 1 1275
74507 1 688
74785 2 4399
74846 1 809
75488 1 248
75713 1 352
75940 1 2480
76013 25 482
76093 1 1249
76097 1 1243
76098 1 820
76111 1 841
76155 1 798
76305 1 1002
76358 1 352
76458 1 312
76529 1 10440
76662 2 498
76915 4 159
77153 49 2521
77203 1 4646
77204 1 4647
77261 1 1024
77363 1 1245
77364 1 1225
77502 1 320
77503 1 313
77504 1 322
77505 1 409
77506 1 320
77507 1 354
77531 1 317
77532 1 330
77533 1 316
77534 1 324
77535 1 317
77536 1 368
77537 1 315
77538 1 370
77539 1 305
77540 1 402
77541 1 801
77542 1 389
77543 1 323
77544 1 340
77545 1 312
77546 1 303
77547 1 348
77576 1 4731
77943 1 1110
