silk silk 938 65215343 
68 1 996
139 5 733
326 1 769
330 9 518
375 3 10166
606 2 1190
761 1 831
893 1 1259
1007 2 1576
1059 1 1913
1085 1 5635
1087 1 550
1126 1 463
1341 2 801
1363 1 1368
1401 2 1005
1520 1 1340
1632 4 1365
1639 1 2238
1767 2 13095
1807 1 974
3186 1 1440
3553 1 732
3557 1 1042
3671 5 4789
4016 1 4260
4449 1 1837
4459 1 4138
4460 1 3587
4461 1 4244
4462 1 6187
4463 1 4320
4957 1 1766
5108 1 1101
5236 1 1062
5274 1 1327
5669 1 662
5790 1 2094
5858 1 816
6044 1 2681
6081 1 1357
6093 1 2317
6175 1 1916
6347 2 1459
6357 13 1830
6612 2 2092
6651 1 686
6672 1 579
7045 10 2855
7144 10 1209
7158 1 629
7491 1 7708
7688 2 1312
7707 1 1904
7811 2 325
7980 1 1193
8089 2 20930
8201 1 284
8593 10 484
8608 1 971
8671 2 1147
8836 1 1224
9015 1 1015
9095 7 529
9099 1 766
9102 2 777
9325 2 4336
9467 1 4306
9489 3 6134
9649 1 760
9725 1 654
9992 1 145
10667 12 1994
10723 1 514
11003 21 636
11487 13 651
11600 1 821
11687 1 557
12175 1 746
12579 1 631
12607 1 1153
12638 1 6177
12653 1 1822
12751 1 5083
12814 3 46677
12821 1 1412
13094 3 1335
13242 1 2319
13577 1 805
13782 1 438
13783 3 616
13882 1 1352
13890 1 995
14188 1 748
14207 1 954
14265 1 2579
14373 1 6743
14374 1 3433
14387 2 1368
14533 2 187
14664 1 344
15036 1 885
15041 1 872
15285 2 897
15418 1 2104
15846 1 2009
15880 11 691
16140 1 720
16184 1 1312
16185 2 2268
16186 1 1342
16187 1 1638
16188 1 1274
16333 2 1016
16489 1 4179
16856 1 2460
16857 1 2221
16858 1 2375
16859 1 2243
16860 1 2032
16861 1 2164
16862 1 2184
16863 1 2074
16864 1 2089
17021 2 1973
17063 1 492
17395 1 1269
17578 1 816
17618 5 276
17638 1 6007
17642 1 966
17793 2 2999
17982 1 338
18150 13 1485
18346 1 692
18385 1 6531
19377 1 1170
19500 1 363
19525 1 53
19697 1 2330
19775 1 1472
19848 1 939
20002 1 2451
20378 1 1896
20399 1 623
20639 2 2734
20861 5 2236
20881 1 511
20915 1 2042
21463 1 2707
21564 1 779
21644 2 11884
21852 2 6758
22026 1 1430
22582 20 1664
22883 1 848
23408 1 5715
23432 1 769
24255 1 3586
24265 1 3355
24486 1 628
25029 4 746
25031 1 708
25546 1 3100
25687 1 571
25707 1 1454
25820 1 77
25969 1 1852
26132 1 2930
26160 1 344
26192 1 427
26941 1 630
27198 1 2800
27211 5 483
27270 1 2026
27300 1 2411
27301 2 984
27406 2 1609
27977 1 548
28121 1 981
28415 1 813
28641 1 451
28643 1 324
28794 1 931
29342 4 609
29378 1 451
29829 1 723
29943 2 834
30084 1 1077
30516 1 781
30569 1 715
30711 1 448
30745 1 291
30747 1 4167
30804 1 10416
30985 5 455
31267 1 7536
31348 1 1063
31642 1 752
31661 1 566
31674 1 668
31972 1 788
31975 1 1903
32023 1 2558
32155 3 545
32167 1 825
32230 1 1393
32392 2 1641
32569 2 1631
32577 1 617
32616 1 838
33310 1 9499
33624 1 964
33868 1 460
34222 9 3470
34282 1 991
34528 4 3693
34636 1 450
34985 1 672
35227 4 115
35442 2 1433
35590 1 441
35853 1 722
36465 1 430
36491 6 1190
36630 1 412
36800 1 994
36855 1 1034
37053 1 2470
37284 3 2087
37436 1 9722
37879 1 645
37964 1 2710
37998 1 1440
38455 1 470
38470 1 774
38517 1 689
38540 1 426
38793 1 1377
39082 1 173
39271 1 2225
39417 3 622
39503 1 311
39561 1 896
39770 9 518
39799 1 994
39802 1 1853
40541 1 4650
40668 2 3116
40930 1 357
41088 1 1045
41798 1 856
41799 1 990
42164 12 645
42381 2 1364
43107 1 216
43656 1 4176
43672 1 746
44236 1 419
44380 2 1907
44414 1 777
44578 1 375
44587 1 645
44731 12 922
45405 1 579
45419 9 374
45429 1 712
45677 1 359
46008 1 1836
46943 1 1398
46985 1 432
47092 1 1683
47111 1 966
47250 1 765
47339 14 1070
47515 1 3985
47844 1 545
47906 2 703
48078 1 11919
48113 2 651
48190 1 399
48232 2 847
48259 2 1198
48260 2 1199
48261 2 1243
48267 1 4317
48268 1 5058
48379 1 6270
48470 1 2310
48503 1 559
48527 1 789
48698 2 5259
48917 1 6627
48923 1 477
49073 1 1915
49148 1 1740
49304 1 622
49319 1 532
49323 1 5236
49404 4 966
49526 1 735
49698 1 1736
49791 1 762
49826 1 338
50141 3 423
50241 1 2798
50256 1 865
50636 3 674
51006 1 2540
51007 1 632
51527 16 568
51590 1 916
51619 1 697
51703 1 961
51895 1 2083
52006 5 2497
52021 2 595
52212 1 782
52383 1 381
52397 1 4823
52415 3 2114
52466 4 3696
52933 2 581
52988 5 24350
53023 1 6088
53111 1 3883
53113 2 1040
53430 2 48057
53469 2 2932
53500 1 760
54214 1 738
54922 1 172
54929 1 794
55614 1 5399
55698 1 730
56024 1 1014
56073 1 555
57161 1 2080
57372 1 2559
57407 3 2637
57410 1 2492
57469 1 965
57789 1 806
58731 2 728
59343 17 1013
59349 1 8147
59473 1 4291
59571 1 766
60349 1 1057
60789 1 1758
61043 1 4069
61229 6 1257
61284 1 265
61331 2 2243
61338 2 904
61628 1 7244
61645 1 805
61791 5 1288
62062 10 6529
63199 7 766
63309 1 4077
63446 1 545
63634 3 5269
63804 2 1156
64287 1 998
64311 3 4060
64400 1 837
64672 13 561
65006 1 3064
65082 1 2417
65588 1 1475
65704 1 602
65774 1 617
65930 2 69
66303 7 2100
66549 3 1147
66619 1 2672
66624 1 816
66660 1 1633
66776 1 1404
67288 1 478
67487 1 1918
67535 4 973
67750 2 1913
67756 1 5291
67892 2 1691
67966 7 607
68117 1 4150
68129 1 1472
68200 4 422
68217 2 5161
68244 1 359
68646 3 1168
69314 1 704
69322 6 503
69977 1 1287
70110 8 710
70121 1 696
70130 1 769
70279 1 12383
70283 1 440
71050 1 3333
71060 2 2450
71231 1 483
71419 2 2738
71605 1 590
71686 1 842
71877 14 7422
72005 1 1089
72271 2 1759
72272 1 1892
72286 1 1079
72349 2 788
72588 1 1618
72696 1 313
72761 1 1533
72783 2 1487
72868 1 1891
72886 1 1142
72983 3 1336
73527 1 763
74065 2 2514
74176 1 4570
74177 1 4268
74178 1 2150
74435 1 2232
74579 4 720
75136 1 191
75142 1 931
75552 1 3849
76211 3 1215
76444 1 329
76720 1 705
76777 1 1440
77046 1 463
77088 1 4377
77233 7 4265
77366 3 437
77425 1 2873
77447 8 655
77663 4 449
77682 15 579
77796 1 486
77840 1 1022
77962 1 3614
