trust trust 5675 65215343 
21 2 1980
44 1 1058
52 1 1874
123 2 1067
133 1 3237
147 1 3893
162 6 276
203 1 5213
256 1 8243
343 1 793
378 1 868
381 1 651
382 1 654
448 2 1045
471 1 3108
500 1 1485
528 1 1240
529 1 6629
536 9 653
538 1 888
549 1 1000
557 4 3639
576 1 755
580 1 773
590 2 323
670 1 821
671 1 998
682 1 457
717 1 1260
723 1 1018
730 1 1017
770 1 944
808 1 631
865 1 876
876 1 4565
886 1 5811
893 1 1259
895 1 1608
901 2 862
911 2 1508
953 4 454
960 1 2769
964 2 3624
966 2 6046
973 1 811
976 1 863
985 1 628
993 1 10702
995 1 3497
1020 3 637
1021 3 980
1038 1 6757
1048 2 1240
1074 4 159
1084 1 1247
1099 1 2460
1126 2 463
1185 1 15836
1200 1 636
1237 1 1668
1264 3 882
1269 3 5091
1283 1 1543
1320 1 2908
1323 3 931
1367 1 4065
1371 1 1930
1399 1 1117
1431 1 3318
1432 1 766
1476 1 1049
1477 2 1403
1479 1 1207
1484 2 6578
1512 5 8417
1516 1 2384
1550 1 852
1554 2 3023
1555 7 655
1566 1 3548
1595 1 824
1597 1 3184
1601 1 340
1602 1 1577
1607 1 840
1630 2 2072
1634 2 30082
1639 2 2238
1669 1 430
1713 2 235
1730 1 1157
1737 4 4121
1816 1 5747
1832 1 1266
1835 1 1234
1889 1 913
1897 1 2847
1933 1 749
1944 1 697
1946 1 1486
1973 1 16948
1983 1 5638
2012 1 2745
2030 1 1619
2042 1 934
2046 8 13880
2049 1 627
2050 1 2719
2057 1 2940
2058 1 377
2084 1 1228
2086 1 3653
2104 1 292
2121 2 4211
2128 1 1868
2149 1 599
2186 2 747
2196 1 1234
2207 1 1446
2218 1 1529
2221 2 1483
2222 2 1483
2223 2 1483
2224 2 1658
2225 2 1659
2226 8 1993
2227 8 1993
2228 8 1993
2243 1 2003
2366 2 2774
2377 1 904
2389 1 3418
2422 1 900
2428 1 898
2441 1 7506
2463 1 3258
2464 1 759
2467 1 877
2493 1 1450
2516 2 1602
2568 1 4333
2573 1 768
2689 6 421
2798 1 1289
2809 2 8131
2810 2 976
2822 1 891
2843 6 5588
2938 1 132
2947 1 55
3003 2 3697
3015 2 644
3033 1 1192
3044 1 327
3062 1 285
3066 1 617
3088 1 621
3097 1 1399
3205 2 1426
3213 1 1551
3217 1 2264
3227 1 838
3229 1 2889
3280 1 924
3282 1 963
3293 2 179
3296 1 1494
3315 2 659
3346 1 755
3383 3 10722
3417 1 955
3427 1 2078
3429 1 2188
3461 2 2177
3471 1 4168
3503 1 943
3514 1 5186
3574 1 867
3579 3 4684
3585 1 522
3614 1 1689
3619 1 244
3639 1 3357
3643 2 1997
3672 1 2946
3686 1 1200
3687 1 3022
3706 9 6639
3707 1 2467
3709 1 328
3711 1 708
3727 2 17097
3773 2 2479
3774 1 1134
3780 3 1601
3791 3 6472
3854 2 1132
3883 2 1104
3898 3 1858
3914 1 371
4016 1 4260
4023 1 926
4047 1 814
4068 1 8611
4069 4 3379
4078 1 2535
4085 1 1074
4112 1 838
4145 1 6518
4147 1 971
4172 1 4084
4196 3 6780
4200 4 1162
4219 1 606
4224 1 921
4226 1 770
4228 1 736
4249 1 2710
4258 1 2240
4279 7 4524
4284 1 571
4297 2 7592
4322 1 539
4363 1 1332
4364 1 1040
4367 1 1283
4383 1 721
4390 2 1399
4396 1 1447
4417 1 4384
4454 1 1950
4457 1 1168
4477 1 449
4509 1 1824
4550 2 3021
4594 1 1355
4615 1 3920
4618 1 873
4634 1 8813
4636 1 1557
4669 1 1245
4687 1 639
4707 1 812
4719 1 1062
4755 1 1016
4765 1 476
4769 1 110
4772 1 2116
4791 1 639
4811 2 894
4840 2 5531
4850 1 1746
4853 1 1774
4857 1 2912
4900 1 1550
4909 1 4646
4910 1 4646
4911 1 4646
4917 1 4602
4930 1 1503
4947 1 848
4952 1 465
5072 1 1057
5135 1 1764
5167 3 169
5174 1 1596
5218 2 1503
5237 1 165
5249 1 1852
5265 1 591
5323 1 662
5330 1 1270
5396 1 6921
5412 5 1515
5432 1 1749
5453 1 1797
5455 1 15074
5457 6 359
5499 1 44062
5518 1 2428
5519 1 276
5537 2 796
5544 3 1382
5545 4 1706
5576 3 4592
5620 2 829
5677 1 1201
5791 1 1395
5798 1 118
5838 4 278
5862 1 2267
5884 1 870
5889 2 1241
5897 2 872
5916 12 1874
5922 2 690
5968 1 373
5993 2 1055
5996 1 346
6039 1 2773
6064 1 883
6077 1 2190
6087 1 1469
6123 1 1295
6142 2 1106
6151 1 6692
6164 1 2727
6166 2 567
6176 1 1652
6182 1 6597
6183 3 2719
6297 1 3321
6317 1 615
6336 2 3254
6337 2 3747
6357 1 1830
6358 1 2724
6361 1 4951
6364 1 7210
6529 1 1619
6552 1 965
6553 1 758
6554 1 1032
6569 4 437
6572 1 482
6573 5 1236
6576 1 1635
6577 1 1930
6578 1 2792
6583 1 7454
6590 1 988
6597 1 601
6624 1 1092
6649 1 1075
6661 1 680
6673 1 623
6826 2 785
6879 2 413
6921 3 562
6980 1 491
6982 3 670
6983 1 2840
6986 1 567
7002 4 6389
7011 2 925
7055 1 2879
7056 1 1035
7062 3 3124
7067 1 1340
7121 1 3511
7163 1 231
7284 1 3123
7419 1 1155
7420 3 715
7504 1 5695
7528 1 987
7532 1 685
7536 1 1263
7564 1 496
7578 3 5752
7580 1 9484
7679 1 564
7708 4 1422
7729 1 1221
7744 1 2378
7775 2 3220
7900 1 1093
7922 1 2189
7942 1 2590
7944 2 4834
7949 1 4128
7963 1 3329
7998 1 1191
8011 2 556
8022 1 7719
8026 1 922
8048 1 1183
8051 2 1966
8053 1 1114
8090 1 1026
8093 1 20088
8133 2 1113
8137 1 540
8139 1 4927
8152 2 6009
8239 1 624
8268 2 848
8277 1 1119
8278 1 2385
8287 1 4172
8297 1 12133
8303 1 427
8376 2 2007
8382 2 19553
8383 6 1991
8402 1 8226
8437 1 1413
8442 9 1911
8447 1 2081
8452 2 7747
8485 1 531
8500 1 4697
8540 1 1253
8553 1 3414
8559 1 4026
8639 2 2193
8650 1 9126
8663 2 1004
8689 1 136
8721 2 956
8723 1 503
8737 1 1659
8812 1 887
8822 1 569
8824 1 1091
8827 2 6533
8829 1 2495
8848 1 2976
8851 1 355
8858 1 91
8873 2 1489
8874 6 282
8910 1 575
8913 3 12589
8919 1 1123
8935 2 687
8936 5 524
8957 1 562
8989 1 486
9060 1 784
9071 5 6637
9131 1 1076
9133 1 4066
9150 1 654
9151 1 828
9172 2 389
9176 1 1666
9238 1 2921
9239 1 1961
9242 9 1298
9289 1 1772
9302 2 3665
9313 1 180
9329 1 908
9331 1 984
9335 1 1057
9337 2 1665
9346 1 1930
9348 2 4125
9363 1 1874
9382 1 1609
9403 1 3133
9428 2 1149
9446 3 6689
9467 3 4306
9492 1 6158
9508 2 1059
9528 1 1711
9583 1 342
9612 2 1331
9630 1 651
9640 1 3873
9642 1 794
9650 1 604
9660 1 3500
9671 1 632
9674 1 2337
9678 1 1073
9695 1 2000
9729 1 776
9750 1 1343
9766 1 4331
9785 1 953
9792 1 1049
9796 1 6203
9800 1 3911
9801 1 3599
9808 1 1549
9826 1 2248
9832 1 2376
9836 3 2482
9845 1 1179
9864 1 1138
9865 1 1205
9866 1 1142
9867 1 1127
9868 3 2464
9870 1 1026
9902 1 1223
9927 1 637
9929 1 506
9939 3 1300
9963 3 816
9981 1 1819
9982 1 1822
9990 1 269
9998 1 2317
10016 1 926
10023 1 1926
10048 1 543
10083 2 2180
10084 1 513
10101 1 12486
10219 1 3447
10227 2 1110
10259 1 1194
10285 1 1722
10314 4 4681
10344 1 2552
10366 1 2417
10415 1 1163
10436 1 713
10459 1 216
10464 2 601
10480 1 1599
10490 1 1137
10572 1 1089
10591 3 7784
10614 1 2323
10621 1 473
10624 2 1876
10628 2 1516
10662 2 1275
10764 1 1652
10817 1 850
10861 1 3297
10894 1 1184
10899 1 243
10907 1 1022
10923 1 705
10942 1 1886
10954 2 2770
10976 1 349
10982 1 536
10999 1 1962
11089 2 1023
11119 2 1442
11127 1 1514
11192 1 1422
11219 1 1319
11220 2 1286
11221 1 879
11248 6 11766
11249 2 5195
11288 1 9962
11294 1 744
11369 1 3826
11371 1 1485
11442 1 1013
11443 1 597
11469 2 1277
11474 2 1219
11497 5 1516
11502 6 586
11511 1 975
11537 1 666
11562 1 1278
11569 4 6434
11581 1 280
11629 1 1114
11636 1 440
11670 1 662
11675 1 1703
11678 1 815
11683 1 1104
11696 1 628
11736 1 544
11751 1 2194
11757 1 1770
11758 1 2000
11759 1 2876
11760 1 1905
11761 1 1621
11858 3 4134
11950 1 417
11958 6 1894
11965 1 854
11967 1 4440
12038 1 482
12092 1 97
12136 1 1656
12138 1 18363
12156 2 13898
12167 1 1026
12184 2 2062
12194 3 652
12195 3 903
12198 1 1432
12203 2 722
12205 1 811
12207 1 384
12211 5 4041
12215 1 1073
12222 1 2012
12223 4 6167
12247 1 2230
12252 1 987
12257 1 3211
12275 1 707
12287 1 789
12300 1 1761
12326 1 4527
12328 1 319
12344 2 2265
12367 1 9446
12377 5 1151
12381 1 484
12389 3 4357
12397 2 957
12412 1 1917
12429 1 988
12430 1 1737
12437 1 1351
12438 2 712
12446 1 1227
12449 1 1233
12495 1 3368
12520 2 6343
12574 1 869
12613 2 1454
12614 2 458
12621 1 829
12622 2 2177
12629 1 2039
12647 2 4896
12653 1 1822
12670 1 616
12677 1 1410
12693 2 5024
12694 1 787
12701 9 7084
12731 2 995
12751 1 5083
12764 1 1458
12777 1 3961
12783 3 4316
12786 1 7289
12811 1 838
12814 13 46677
12838 1 2280
12845 1 409
12854 2 473
12912 1 1229
12913 1 473
12951 1 2247
12974 5 4586
12975 4 2649
12976 1 1275
12978 1 883
12995 1 424
13003 1 4796
13017 1 1307
13035 1 947
13051 3 662
13058 3 11569
13071 1 434
13072 1 789
13077 2 588
13090 2 171
13122 1 8864
13156 1 3209
13172 1 1025
13205 1 2644
13221 1 2420
13226 1 4464
13276 1 266
13309 1 2136
13381 3 4238
13402 1 1313
13440 2 1581
13459 1 1269
13461 1 649
13494 3 1468
13499 1 5895
13503 1 986
13508 1 6492
13520 1 4296
13527 1 1200
13533 1 1585
13548 1 6866
13578 1 642
13609 1 1456
13614 1 1453
13618 1 28398
13633 1 1178
13635 2 1237
13637 1 1271
13639 1 1946
13694 1 136
13707 1 699
13795 1 709
13797 1 436
13846 1 1850
13857 1 1902
13868 3 521
13871 2 6056
13877 1 1054
13886 6 3122
13912 2 6746
13936 9 3277
13960 1 1096
13965 3 3628
13982 1 3750
13985 1 11629
14012 1 130
14014 1 3934
14032 2 1220
14080 2 51830
14189 1 716
14191 1 1859
14211 2 1561
14217 1 2332
14228 1 490
14232 1 1682
14247 1 1300
14256 1 346
14258 1 1857
14262 1 844
14344 1 1260
14345 2 1515
14355 1 554
14357 1 927
14436 1 676
14442 2 583
14459 1 871
14465 1 665
14539 1 585
14542 1 1154
14555 1 2701
14596 1 2342
14603 1 1027
14617 2 1152
14641 1 897
14709 1 1785
14732 1 798
14737 2 604
14741 1 964
14745 1 1156
14757 1 1802
14799 1 1859
14800 1 746
14826 2 887
14830 1 8170
14831 1 8171
14832 1 8172
14868 1 1699
14870 1 504
15020 1 913
15029 2 2103
15092 1 2742
15099 4 5771
15131 3 473
15133 1 972
15136 1 875
15196 1 8919
15245 1 7336
15254 4 650
15257 1 501
15425 1 99
15478 2 884
15492 2 680
15511 1 1482
15512 1 2017
15517 2 2551
15557 1 1027
15558 1 494
15560 1 1729
15586 2 3732
15589 1 1222
15590 3 3007
15644 1 1287
15658 1 2847
15664 1 1538
15670 1 1155
15737 2 3706
15757 3 7636
15761 1 778
15847 2 942
15849 1 1972
15850 1 860
15851 1 773
15900 1 850
15928 1 267
16004 1 1576
16007 3 6296
16021 2 1876
16043 1 726
16044 6 3747
16087 1 433
16109 1 44
16166 2 1359
16172 1 1029
16201 2 3976
16202 2 1892
16203 2 1469
16204 3 3527
16205 1 2813
16206 2 2677
16220 1 1648
16229 2 2303
16232 3 517
16237 3 2746
16238 1 11763
16258 1 7609
16263 1 4858
16270 1 2905
16286 1 1123
16290 1 921
16292 1 2759
16316 1 3859
16317 1 857
16322 1 2378
16325 1 1100
16338 1 359
16341 3 9421
16346 2 941
16353 1 1250
16363 1 1461
16368 1 4019
16385 1 1811
16388 1 1730
16403 1 2270
16423 1 793
16428 1 2245
16433 2 2178
16441 1 138
16459 9 2465
16464 2 3565
16465 3 3291
16473 1 834
16476 1 664
16492 1 3998
16497 1 988
16545 2 929
16573 2 2315
16575 1 2548
16591 1 6896
16631 15 928
16649 1 4446
16676 1 1021
16700 1 3762
16707 2 2965
16797 2 2473
16799 1 3514
16818 1 10022
16843 3 15992
16845 2 8711
16849 1 6516
16850 2 4537
16857 1 2221
16858 1 2375
16859 1 2243
16860 1 2032
16861 1 2164
16862 1 2184
16863 1 2074
16864 1 2089
16866 1 1023
16919 1 703
16942 1 12267
16974 1 1249
16984 1 5305
17009 1 3115
17010 1 3499
17013 1 9772
17016 1 813
17017 1 1106
17023 2 1195
17037 2 2492
17038 1 1354
17054 2 1596
17100 3 3005
17108 1 2260
17114 1 6140
17121 1 6700
17129 2 3146
17147 1 697
17186 1 2741
17189 1 5992
17190 1 1264
17306 1 776
17331 1 766
17342 4 4836
17399 2 844
17405 2 1103
17407 2 987
17444 3 2110
17449 1 1065
17458 6 10296
17467 2 6562
17510 2 13439
17520 3 955
17530 1 547
17590 1 6514
17599 1 4342
17638 2 6007
17647 1 1549
17651 2 3602
17669 1 5167
17672 3 4557
17718 1 1941
17728 1 584
17731 1 800
17737 1 1122
17739 1 675
17797 1 1213
17798 1 1298
17799 1 1305
17818 2 4410
17836 1 578
17848 1 2460
17862 1 252
17898 1 592
17905 1 2215
17930 2 980
17984 6 321
18029 1 801
18036 1 3329
18043 1 3632
18070 1 1477
18080 1 2638
18136 1 1353
18153 1 3810
18164 1 1451
18226 1 1550
18281 1 953
18285 1 1990
18296 1 913
18307 1 890
18308 1 1341
18322 1 1063
18324 2 740
18327 1 1514
18352 1 992
18359 1 1107
18366 1 2921
18385 2 6531
18386 1 1587
18391 1 687
18395 1 6885
18415 1 5822
18420 1 1885
18423 1 616
18434 2 768
18453 1 845
18456 1 1310
18470 2 849
18514 1 993
18519 1 1780
18526 1 2537
18563 1 1099
18581 2 3194
18587 1 996
18597 1 6498
18620 1 3943
18654 1 15696
18704 1 1305
18710 1 928
18756 1 1784
18765 3 3181
18796 2 694
18805 1 637
18840 2 4890
18847 1 603
18850 1 802
18890 1 532
18892 1 2095
18919 1 764
18945 1 6732
18954 1 279
18965 1 20789
18966 2 7427
18967 1 13159
18994 3 567
19002 3 1321
19036 1 1671
19050 1 1221
19066 2 1990
19067 1 2040
19075 1 1178
19086 1 2849
19092 1 2849
19095 1 4478
19104 1 233
19139 1 1528
19153 2 3019
19158 1 1770
19375 3 4252
19383 3 3259
19404 1 1932
19504 1 6279
19515 1 1607
19545 1 9624
19561 1 5606
19562 2 7991
19674 2 2879
19679 4 601
19681 3 10198
19692 1 692
19696 1 634
19792 1 3925
19802 1 118
19808 1 2160
19838 2 1452
19864 1 1262
19870 2 1995
19872 1 1030
19877 1 1239
19884 1 5873
19896 2 4758
19897 1 3289
19909 1 1003
19936 1 829
19985 1 8977
20153 1 1172
20253 1 1358
20263 1 3682
20275 1 1592
20356 1 1129
20360 1 873
20422 1 12210
20606 1 609
20639 1 2734
20677 1 8655
20679 1 6821
20683 2 2155
20703 1 3191
20707 4 35797
20708 2 24696
20710 5 6801
20765 2 512
20766 2 315
20768 1 1195
20778 1 4580
20803 1 693
20806 1 1566
20819 1 1770
20828 1 679
20831 1 5707
20864 2 302
20894 1 127
20896 1 794
20899 2 3664
20903 1 2764
20925 1 931
20934 1 595
20976 1 1898
20977 1 2515
20981 1 4198
21048 2 914
21100 1 1816
21130 1 1097
21133 1 986
21140 2 880
21151 2 1904
21197 1 1044
21200 2 3347
21238 1 742
21283 1 1603
21339 3 4745
21342 1 1971
21343 1 810
21345 2 2751
21357 1 5683
21359 5 13839
21363 6 3866
21388 1 377
21389 1 3999
21400 1 1853
21421 1 1866
21424 1 839
21468 1 1468
21472 1 1719
21481 1 1234
21500 1 4276
21503 5 13267
21507 2 7373
21552 2 3528
21611 1 756
21612 2 756
21632 1 2786
21644 1 11884
21648 1 6487
21652 3 1185
21660 1 862
21672 1 1580
21720 3 969
21728 1 1259
21755 1 788
21767 2 6211
21783 1 706
21788 1 309
21836 1 762
21839 1 4667
21840 2 6308
21846 1 341
21867 1 1612
21879 1 554
21881 1 631
21896 2 780
21913 1 3148
21923 2 807
21957 1 1265
21960 10 7778
21974 1 2768
21997 1 2196
22013 1 1044
22017 1 2683
22019 1 247
22032 1 4462
22092 2 8456
22093 2 10393
22163 1 2087
22219 1 1236
22227 1 502
22493 1 529
22508 1 621
22517 2 376
22547 1 5064
22570 1 1844
22571 1 456
22604 1 1011
22631 1 1807
22776 2 728
22880 1 1358
22907 1 934
22908 1 2390
22909 1 1035
22946 1 2519
22969 1 758
23023 1 1334
23024 1 1356
23046 1 820
23065 10 1447
23070 1 1018
23126 1 2676
23145 4 1118
23275 2 472
23302 1 407
23341 2 168
23364 1 2776
23419 4 1204
23420 3 1191
23421 3 633
23443 4 431
23457 1 980
23467 2 654
23472 1 907
23489 1 7818
23523 1 1046
23525 4 3680
23526 2 2714
23542 1 590
23543 1 2015
23544 3 1694
23545 1 1025
23653 1 999
23671 2 7612
23745 1 2692
23765 1 11324
23769 3 1738
23900 1 937
23968 2 579
23977 1 995
24088 1 1581
24093 1 4836
24098 1 2429
24136 3 1335
24152 1 1364
24188 1 634
24196 4 498
24212 1 4006
24219 4 7326
24235 1 1229
24237 1 540
24248 1 195
24267 1 1344
24268 1 1365
24269 1 1407
24310 5 1580
24366 1 875
24374 5 3085
24388 1 1686
24435 1 559
24440 1 1452
24472 1 2226
24479 1 2991
24502 1 2202
24514 1 13551
24541 1 5645
24561 1 3084
24575 1 1205
24608 1 327
24666 1 3571
24667 5 2550
24697 1 786
24702 1 799
24727 1 1692
24749 2 4668
24790 1 2605
24826 1 1650
24839 1 1127
24882 1 8171
24883 1 8171
24897 1 4588
24898 1 4667
24925 1 836
25026 1 1220
25044 1 451
25087 8 1470
25110 1 1590
25111 1 366
25128 1 3351
25134 1 772
25152 1 134
25160 1 3316
25234 1 4341
25245 2 493
25265 1 2233
25272 7 356
25324 1 2744
25403 2 880
25441 1 1222
25447 1 833
25477 1 3314
25487 1 2868
25492 1 3700
25507 2 1510
25513 1 844
25520 1 986
25590 3 1824
25591 3 1824
25606 1 776
25673 2 921
25676 1 1444
25696 1 768
25760 1 603
25783 1 3260
25798 3 742
25957 2 1091
25966 3 2171
25992 1 559
25995 1 227
26059 1 1273
26103 3 720
26188 1 973
26192 1 427
26207 1 626
26272 1 189
26288 1 1399
26319 1 895
26329 1 804
26388 1 3682
26420 2 911
26440 1 693
26470 2 1686
26477 1 1705
26480 1 2573
26498 6 32423
26499 1 831
26541 4 4809
26562 1 386
26576 1 1569
26584 1 1355
26586 1 2458
26606 1 1164
26674 1 680
26684 1 884
26695 1 918
26700 2 1342
26706 1 438
26741 1 777
26772 1 1743
26778 2 1498
26812 1 1962
26826 1 484
26852 1 834
26876 1 281
26891 6 2493
26944 2 2864
26945 1 2664
26946 1 2974
26947 1 1581
26995 1 156
27037 1 4999
27067 2 474
27131 1 1909
27166 1 379
27170 1 1435
27171 3 1261
27172 3 687
27191 1 2750
27237 1 1168
27272 2 1722
27291 2 3912
27298 1 663
27307 1 570
27308 1 7530
27310 1 1076
27328 1 1057
27395 1 1232
27409 1 4419
27431 1 2548
27591 1 866
27597 1 404
27609 1 974
27758 1 1663
27830 2 5835
27832 1 1102
27841 4 1689
27852 1 5540
27861 1 1009
27862 2 8511
28001 2 886
28005 1 912
28039 1 1292
28040 2 4385
28043 1 1906
28061 2 1621
28064 2 1150
28068 1 1208
28089 1 1360
28094 1 2585
28230 2 1438
28280 1 2119
28281 1 1378
28315 1 755
28321 1 562
28333 1 485
28418 1 2121
28431 1 1798
28432 1 1851
28437 1 1135
28454 4 5320
28459 1 5561
28460 1 5545
28463 1 1008
28464 1 1082
28465 1 1008
28466 1 10312
28467 2 8583
28468 2 8583
28469 2 8615
28638 1 1123
28678 1 502
28685 8 637
28698 2 2256
28722 1 848
28740 1 2382
28758 1 755
28803 1 805
28806 3 4379
28818 3 453
28823 1 758
28858 1 1311
28871 1 2000
28878 1 774
28953 1 1170
29002 2 1504
29003 2 1532
29028 1 1337
29066 4 1322
29068 1 308
29083 1 901
29089 1 4866
29125 1 657
29126 1 879
29131 1 376
29136 1 1011
29137 1 640
29147 1 1734
29156 1 472
29169 1 532
29195 1 857
29198 1 907
29351 1 2081
29380 1 1056
29385 1 3769
29418 1 3556
29425 1 346
29433 1 1359
29434 1 921
29471 7 1106
29479 1 346
29494 1 3066
29508 1 2855
29510 1 780
29523 1 10213
29525 1 616
29575 1 568
29631 1 1819
29632 1 2000
29678 1 1181
29679 1 1182
29681 1 2182
29682 1 2183
29722 1 9450
29728 1 655
29824 2 652
29850 1 801
29854 1 819
29856 1 1766
29859 1 850
29869 1 1347
29873 1 2458
29905 1 921
29943 1 834
29951 1 2090
29958 1 634
29976 1 1058
29992 2 1640
30063 1 928
30081 1 1275
30088 3 2391
30137 3 5022
30143 2 1666
30144 1 1037
30145 1 1077
30146 7 771
30158 3 1827
30186 1 1205
30204 1 829
30236 2 42
30273 1 2533
30280 1 1400
30307 1 3452
30352 1 5973
30353 1 3848
30438 1 1750
30516 1 781
30555 2 4027
30573 1 2812
30600 1 1084
30639 1 8117
30644 1 787
30707 1 932
30727 1 1425
30747 1 4167
30750 1 1681
30846 6 2865
30865 1 902
30867 1 1554
30868 1 2055
30891 2 2618
30953 1 4469
30955 1 1113
30994 1 143
30997 2 957
31024 1 913
31040 1 1514
31041 1 1280
31073 2 753
31105 3 989
31186 1 649
31242 1 867
31267 2 7536
31320 1 2381
31327 1 3711
31358 3 1730
31420 2 725
31436 1 149
31465 1 1141
31487 3 1278
31501 1 1067
31505 1 914
31546 1 3809
31563 1 728
31603 1 986
31604 1 966
31611 1 741
31634 1 596
31688 1 2740
31784 1 817
31825 1 3867
31829 2 14263
31843 2 1841
31879 2 1482
31939 1 888
31941 1 770
31949 1 6125
31951 1 962
31952 1 1105
32123 7 9539
32238 1 4115
32267 1 346
32288 1 3260
32299 1 3515
32319 1 598
32362 2 560
32376 1 3793
32399 1 1839
32408 1 2851
32424 1 1183
32471 4 2840
32488 1 588
32569 1 1631
32607 2 1868
32608 1 1910
32615 1 622
32641 1 1814
32689 1 616
32711 2 4218
32742 1 922
32749 1 1148
32807 1 710
32815 1 395
32824 1 2602
32836 1 711
32905 2 686
32958 2 1960
32963 1 572
33016 1 88
33069 1 3021
33078 1 5728
33084 1 1311
33144 1 282
33148 3 713
33159 1 609
33188 1 10275
33192 1 355
33205 1 685
33217 1 1141
33219 1 1021
33240 1 9576
33248 1 1227
33304 1 1326
33403 2 5506
33412 2 800
33413 1 845
33426 1 641
33430 3 1572
33456 1 957
33470 1 1076
33475 6 5068
33494 10 11341
33499 2 590
33509 2 2659
33585 1 3694
33627 1 763
33646 1 1788
33662 1 1270
33707 1 308
33710 1 1002
33714 7 797
33719 1 975
33723 3 1305
33734 1 452
33767 1 810
33785 1 1393
33798 1 1847
33825 1 1053
33859 1 7228
33865 3 4323
33937 1 14231
33939 1 3908
33941 1 446
33987 1 4548
33988 1 1595
34039 1 23394
34050 1 616
34052 2 11789
34058 1 476
34084 1 1320
34085 1 4021
34086 4 3765
34087 1 3646
34092 2 1599
34093 2 1603
34094 2 1268
34102 1 839
34103 1 907
34260 1 309
34285 1 1511
34318 1 1326
34325 1 638
34342 2 5941
34347 1 1729
34354 2 2232
34437 1 989
34465 1 5422
34489 1 1568
34535 1 3465
34575 1 2031
34627 2 1130
34632 1 808
34680 1 1201
34748 1 832
34758 1 349
34781 1 4211
34791 1 1079
34792 1 862
34793 1 953
34795 1 4142
34844 1 435
34860 1 3758
34901 12 18201
34905 1 1534
34923 2 2774
34938 18 5944
34949 1 1920
35017 12 17687
35041 8 7162
35069 1 3840
35082 2 193
35151 1 4287
35155 2 589
35170 1 1948
35205 1 164
35345 5 1795
35351 1 1416
35358 1 1042
35371 2 1620
35393 3 970
35398 1 4556
35399 1 6478
35409 1 412
35427 1 12574
35430 1 2096
35524 2 2484
35536 1 1509
35567 1 654
35603 1 790
35657 1 492
35658 1 276
35718 1 408
35735 1 553
35739 1 727
35743 4 4461
35828 1 5244
35861 5 10960
35875 1 356
35879 1 407
35909 1 3424
35945 2 2222
35989 2 5185
36009 1 1434
36027 1 7080
36028 2 1853
36042 1 6053
36095 1 993
36102 1 485
36134 2 19793
36141 1 736
36198 3 821
36227 1 563
36257 2 1362
36270 1 1047
36292 1 3895
36294 1 3160
36304 1 1491
36359 1 1665
36387 2 3582
36415 1 4207
36456 1 1042
36457 1 980
36465 1 430
36472 1 868
36503 1 651
36548 1 1059
36581 2 193
36603 3 1068
36667 1 284
36681 2 2010
36732 1 18263
36770 1 2401
36797 1 6365
36801 1 2127
36823 1 1482
36831 1 2027
36873 1 4539
36912 1 1844
36956 1 4551
36962 1 5960
37044 1 716
37046 2 995
37072 1 2165
37073 1 882
37106 1 3136
37124 1 815
37182 1 13117
37192 1 921
37197 1 3237
37216 5 1659
37223 1 1759
37228 1 4061
37281 1 339
37323 3 7159
37335 1 4505
37336 1 1229
37369 4 5846
37375 1 441
37401 2 1431
37407 1 1372
37417 1 899
37419 2 13883
37423 3 13622
37427 5 7481
37464 1 728
37466 1 632
37501 1 4449
37533 2 446
37538 1 201
37567 5 2983
37579 2 4434
37585 1 894
37608 1 879
37625 1 2363
37628 1 1169
37661 1 5314
37712 1 8990
37725 2 2498
37726 1 1722
37849 1 982
37870 1 1042
37873 1 842
37887 1 1454
37889 1 4249
37895 3 1340
37909 1 2154
37932 2 17484
37949 1 2150
37962 1 2971
37974 1 1488
37984 1 1580
37985 1 1036
38012 1 1140
38024 1 1239
38025 1 2248
38026 1 732
38030 1 894
38044 2 273
38140 2 1404
38151 1 2229
38166 1 1380
38177 1 1445
38186 1 1792
38189 1 3745
38229 1 4034
38251 1 523
38342 1 1775
38347 1 992
38357 1 148
38372 1 477
38395 1 232
38448 1 6071
38471 3 878
38472 3 1041
38480 3 1546
38482 1 1834
38504 2 718
38525 1 467
38557 4 10387
38586 3 3019
38615 1 1026
38630 2 846
38636 1 869
38689 1 1157
38692 1 1658
38714 1 2044
38715 11 5564
38725 1 2848
38748 1 2192
38758 3 1048
38771 1 353
38773 1 1344
38799 1 1503
38804 1 1858
38812 1 2023
38843 1 1325
38849 1 206
38881 1 451
38887 3 1530
38889 1 779
38895 1 402
38910 1 7766
38953 1 2359
38976 1 3085
39001 1 4864
39002 1 1086
39012 1 1147
39039 1 809
39076 1 869
39078 2 336
39097 1 1486
39100 1 157
39128 5 1085
39179 1 2122
39181 2 3063
39199 1 1404
39240 1 1187
39241 4 7079
39251 2 2258
39259 2 3420
39260 1 2636
39264 3 7187
39276 1 3501
39304 1 1175
39311 1 2070
39318 1 2523
39326 1 822
39329 3 32477
39341 4 9083
39442 2 585
39463 3 614
39532 1 2114
39581 1 707
39586 1 940
39588 2 6063
39595 1 667
39669 2 571
39690 1 2140
39695 1 3613
39712 1 1190
39745 1 186
39750 1 172
39783 2 584
39815 2 1546
39855 1 225
39914 1 1040
39916 2 1355
39940 1 1790
39953 1 1179
39978 4 30166
39987 1 1329
40005 3 707
40016 3 1388
40033 1 2140
40037 8 3833
40053 2 3632
40065 1 3427
40092 1 1501
40093 1 4751
40149 1 1770
40184 1 1340
40198 1 5290
40203 1 1100
40287 1 10480
40320 3 7910
40337 1 671
40338 1 665
40346 1 1147
40440 1 977
40448 1 3806
40479 1 1354
40499 1 2513
40521 1 1004
40550 1 3684
40552 4 4962
40561 1 1537
40579 1 4144
40584 1 743
40585 1 1235
40624 1 1840
40652 1 1291
40690 1 1709
40692 1 1154
40695 1 8337
40696 1 6423
40698 3 1004
40729 1 374
40747 3 5237
40758 1 1107
40764 1 793
40899 1 5270
40902 2 1290
40905 1 1163
40944 3 5673
40959 1 5445
40966 1 1237
40993 7 3833
40997 2 1184
41012 1 593
41027 1 265
41030 1 130
41033 4 2191
41043 1 665
41047 2 1994
41060 1 2541
41067 1 949
41070 2 1462
41076 3 1472
41090 1 911
41100 2 1368
41131 1 4182
41145 1 1347
41146 1 669
41154 1 1359
41177 12 1084
41189 1 967
41221 1 641
41234 1 1570
41279 1 1297
41303 10 1589
41308 2 908
41319 1 599
41327 2 4020
41328 1 3986
41357 1 691
41474 1 144
41523 2 643
41524 2 2455
41538 1 840
41668 2 645
41674 1 4187
41685 1 397
41689 1 530
41730 1 1912
41735 3 659
41736 3 693
41738 1 1731
41741 2 707
41759 3 1680
41771 1 1628
41784 1 546
41818 1 3884
41837 2 1734
41840 1 2915
41850 1 382
41853 3 4530
41857 1 1647
41874 1 571
41936 1 2170
41947 1 2133
41954 1 606
42019 2 6660
42025 1 9933
42035 1 3392
42058 1 1781
42061 1 3008
42150 1 2706
42179 2 1490
42222 1 1163
42229 1 695
42230 1 943
42260 1 1936
42261 2 6604
42262 1 732
42276 1 537
42283 1 2025
42292 2 1752
42303 1 1086
42305 1 1661
42309 4 5367
42321 1 1615
42353 1 3727
42355 1 5228
42362 1 10503
42370 1 541
42383 3 1102
42427 2 579
42479 1 116
42514 3 390
42520 1 833
42523 1 439
42555 1 2440
42557 1 2920
42583 1 653
42640 1 12636
42676 1 1415
42682 3 3838
42750 1 633
42763 1 6680
42859 1 685
42892 2 2540
42893 1 1128
42894 1 1338
42920 3 450
43003 1 650
43025 1 3087
43046 1 1122
43063 2 491
43069 1 1058
43072 2 1152
43114 1 416
43130 1 505
43134 1 533
43143 1 812
43150 3 9162
43269 1 839
43278 1 600
43290 1 134
43321 2 654
43416 1 1865
43432 1 919
43446 2 8554
43477 1 22611
43522 1 1077
43558 1 709
43562 1 682
43606 1 1561
43633 2 1373
43634 2 1505
43635 2 1334
43642 1 944
43657 1 1637
43774 1 766
43784 2 1234
43798 1 5617
43834 1 1000
43837 1 3115
43890 1 2794
43913 1 1273
43964 1 1339
43999 3 5400
44008 1 787
44047 1 1008
44050 1 4928
44115 1 4306
44125 2 6435
44130 1 6601
44143 18 3570
44168 2 1371
44233 1 578
44240 1 349
44286 1 5425
44319 6 408
44349 1 563
44370 1 4236
44416 1 1701
44420 1 805
44429 1 1727
44443 1 1543
44449 1 864
44461 2 1688
44465 1 1702
44499 1 966
44524 1 961
44588 1 2135
44752 1 624
44777 3 358
44780 2 3261
44816 1 1244
44857 1 346
44876 1 3240
44892 1 1152
44927 1 2922
44933 1 368
44955 1 7733
44956 2 7041
44962 1 1439
45078 3 635
45084 1 6555
45093 1 856
45159 8 13537
45206 2 1212
45213 1 1282
45214 1 1097
45215 1 764
45216 1 1285
45217 1 1038
45245 2 1068
45249 1 1656
45285 1 1078
45332 1 1739
45355 1 912
45361 1 707
45364 2 1314
45391 1 485
45421 1 765
45435 3 1178
45467 5 569
45486 1 687
45488 10 1176
45489 2 772
45594 1 586
45611 1 1534
45616 1 463
45676 1 11251
45689 2 582
45709 2 1143
45710 1 442
45797 1 420
45859 1 21421
45877 1 683
45878 2 1656
45934 1 941
45935 1 4684
45939 1 992
45957 2 370
45978 2 2264
45979 1 470
45988 1 561
46006 1 533
46009 1 568
46017 1 725
46046 1 3634
46047 1 518
46069 1 3643
46076 1 1687
46083 1 1036
46109 12 1702
46115 1 1300
46139 3 980
46157 1 1078
46298 2 3741
46304 1 2249
46307 1 833
46318 1 2246
46337 1 989
46338 1 1674
46371 1 472
46378 1 6175
46388 16 81863
46391 2 2268
46428 1 1866
46434 1 2480
46472 1 1725
46490 1 2484
46491 1 301
46512 1 4395
46533 1 368
46541 1 1240
46551 1 8597
46552 2 9921
46558 1 532
46589 1 1731
46592 3 1676
46599 1 1778
46615 3 3442
46622 2 1366
46647 2 1861
46681 1 893
46683 2 3045
46725 6 1492
46730 1 1979
46739 1 1076
46750 1 978
46774 1 2182
46777 1 3791
46816 1 445
46837 1 2432
46890 1 382
46905 1 1128
46934 1 857
46937 1 1271
46972 1 915
46983 1 4196
47032 1 387
47056 1 414
47057 1 997
47058 1 892
47060 1 717
47076 1 868
47099 2 633
47115 1 1920
47151 1 5857
47188 2 1061
47227 1 1148
47247 3 561
47253 1 965
47309 1 321
47347 1 1912
47350 4 2865
47396 3 573
47398 1 5716
47408 1 801
47444 1 3470
47449 1 2847
47459 1 8496
47474 1 5150
47482 2 1551
47497 2 2515
47510 1 889
47511 1 2170
47512 1 1268
47522 1 1342
47538 3 4411
47552 1 1137
47558 1 862
47609 1 1519
47649 5 3343
47650 1 1540
47651 1 3064
47655 1 853
47715 1 649
47716 1 680
47717 1 1207
47718 1 1045
47719 1 1086
47720 1 1789
47751 1 483
47757 3 1609
47766 1 373
47771 1 974
47780 2 5199
47803 1 1029
47843 1 1288
47863 1 1267
47872 5 1066
47910 1 1921
47926 1 299
47979 2 4184
48031 1 4280
48033 1 661
48045 2 11481
48078 1 11919
48112 1 1380
48133 1 2192
48153 2 1188
48180 3 25164
48217 3 6375
48220 1 1146
48221 2 2217
48232 1 847
48239 1 194
48247 1 2933
48251 4 1505
48259 1 1198
48260 1 1199
48261 1 1243
48279 1 1412
48286 1 3883
48336 1 1132
48359 5 3631
48381 7 692
48416 1 1759
48452 1 943
48473 1 364
48500 6 307
48501 5 3845
48520 1 906
48543 5 1485
48562 1 447
48566 1 3055
48608 1 3133
48609 1 3196
48612 1 340
48618 1 1867
48645 1 1419
48648 2 111
48673 1 6093
48710 1 1101
48778 1 1664
48783 1 1440
48864 1 1135
48898 2 2208
48902 1 4234
48905 1 1954
48906 1 1435
48910 1 1372
48911 1 918
48916 1 2862
48917 1 6627
48951 4 6065
48952 1 1906
49007 1 545
49014 2 2884
49015 3 2835
49017 1 1408
49049 1 1735
49050 1 3091
49051 1 3490
49071 3 1361
49079 1 1864
49097 1 835
49100 2 2086
49137 1 1559
49139 1 1280
49141 1 1639
49154 1 588
49173 4 10707
49175 2 9938
49215 1 836
49256 1 1312
49272 1 951
49323 1 5236
49413 1 786
49417 1 575
49418 10 1568
49483 2 4047
49498 1 1116
49516 2 1481
49524 1 866
49534 1 1337
49543 1 1789
49554 1 557
49572 8 876
49586 1 395
49594 1 586
49596 1 531
49639 1 548
49649 1 949
49654 1 1685
49683 2 761
49699 1 561
49714 3 1703
49751 1 846
49776 5 9407
49791 1 762
49801 1 763
49844 1 6972
49863 1 1748
49905 1 2350
49959 10 282
49960 1 2195
50016 1 11583
50020 1 1485
50034 3 1651
50042 1 1289
50120 1 1661
50129 1 1730
50144 2 5084
50162 2 2022
50186 1 5705
50205 4 7146
50223 1 6104
50285 1 4950
50293 1 2189
50330 1 933
50370 1 2048
50438 1 1670
50439 1 3976
50445 1 2439
50447 1 1637
50448 1 1330
50471 1 745
50574 3 572
50575 3 636
50597 1 2594
50602 1 710
50606 1 5596
50612 2 782
50647 1 362
50669 1 1789
50672 1 2381
50674 3 503
50747 1 1378
50787 1 1313
50813 1 1092
50831 1 346
50834 1 3519
50853 1 3547
50866 1 2623
50889 1 5625
50897 1 17
50948 1 468
50983 1 16660
51052 1 871
51062 1 2206
51081 1 579
51087 1 2282
51126 3 863
51176 1 976
51208 3 859
51234 1 1409
51290 2 6381
51323 2 1148
51334 1 882
51370 1 773
51371 4 1268
51372 1 789
51373 1 874
51386 1 2055
51487 1 1378
51502 1 709
51516 1 4186
51588 1 1269
51646 2 1280
51657 1 1524
51722 3 1266
51764 1 2864
51827 2 2148
51858 1 3972
51861 1 961
51867 1 4614
51886 1 1112
51894 1 3076
51921 2 820
51991 1 4229
51993 2 12689
51994 2 9298
52018 1 3486
52019 1 1451
52030 1 1803
52031 1 846
52074 11 7011
52098 1 1384
52110 1 936
52111 1 3330
52146 1 10691
52156 3 522
52158 1 1149
52184 4 4601
52212 2 782
52271 3 8131
52305 1 1093
52333 1 462
52338 1 2169
52365 1 693
52393 1 1450
52397 2 4823
52418 1 685
52450 1 1698
52483 2 894
52498 2 875
52541 1 3260
52561 2 52057
52625 5 906
52627 1 1261
52628 1 1306
52629 1 1444
52642 1 459
52651 1 2028
52676 1 649
52723 1 1320
52727 1 4203
52756 1 144
52799 2 524
52801 1 1168
52804 2 4622
52811 2 856
52857 2 477
52876 3 434
52941 2 3400
52988 2 24350
52990 3 638
52991 3 620
53011 1 2109
53023 1 6088
53041 1 882
53073 2 2274
53101 2 1846
53130 1 979
53168 1 337
53171 4 844
53243 1 3386
53251 2 307
53268 2 5517
53274 1 1660
53341 1 2371
53349 1 708
53359 1 2051
53367 5 1856
53391 1 578
53401 1 827
53408 1 478
53409 1 986
53430 13 48057
53442 8 8599
53467 2 2163
53501 1 1069
53547 1 898
53558 1 5589
53597 1 721
53606 2 470
53654 1 2802
53674 2 1401
53720 3 386
53723 1 564
53726 1 2312
53729 1 783
53731 1 761
53735 2 915
53792 2 621
53853 3 2874
53879 1 1297
53923 4 2605
54093 1 4103
54112 1 491
54134 1 2948
54154 1 195
54212 1 1573
54215 1 1866
54233 1 519
54234 1 1457
54239 1 342
54307 1 358
54312 1 1359
54322 2 1561
54349 2 12411
54350 1 8318
54355 1 10248
54377 1 888
54439 1 2636
54497 1 1589
54500 1 1795
54509 2 3235
54510 1 1065
54511 2 1251
54560 2 940
54612 1 803
54619 4 10647
54630 1 453
54635 1 536
54640 1 1444
54850 1 35
54977 1 241
55062 1 1110
55094 1 12123
55116 1 1669
55151 1 1332
55164 3 1267
55308 1 905
55322 1 643
55411 2 830
55419 1 995
55476 1 650
55477 1 707
55478 1 1070
55495 1 174
55496 3 5278
55497 1 4177
55498 3 5155
55518 5 1128
55584 1 1087
55662 1 501
55716 1 1201
55742 1 1027
55898 1 224
55903 2 85
55911 2 618
55921 1 1012
56014 1 1445
56025 2 970
56174 1 2845
56177 1 809
56188 1 1498
56199 1 1698
56205 1 36
56212 3 4266
56232 1 1384
56240 1 1255
56250 2 1483
56251 2 1666
56252 8 1993
56253 8 1993
56270 1 1574
56273 1 2200
56416 1 803
56418 1 1368
56445 1 2121
56446 1 1314
56466 1 233
56489 2 5171
56494 2 1522
56503 2 5900
56505 2 5118
56521 1 5019
56524 7 4137
56576 1 732
56586 1 286
56590 2 2070
56597 2 958
56606 1 1356
56617 1 1131
56639 2 1021
56652 1 5800
56669 1 2701
56703 1 2682
56727 3 974
56735 1 2263
56743 1 820
56803 2 740
56821 4 6607
56827 1 3050
56847 1 1961
56849 6 1501
56850 6 285
56858 1 2421
56881 1 4650
56888 1 2750
56895 2 3189
56929 1 1002
56936 1 962
56961 2 7535
56984 1 794
56997 1 619
57226 2 11510
57248 1 605
57255 2 2815
57312 1 189
57317 1 777
57345 3 466
57362 1 411
57381 1 2992
57393 1 1081
57431 1 3175
57441 1 2098
57444 1 927
57448 1 1818
57457 1 2066
57467 1 669
57469 1 965
57491 1 1106
57492 1 2215
57523 1 1045
57531 3 1220
57623 2 3704
57624 2 3707
57625 2 3705
57642 2 1345
57652 2 1616
57655 1 843
57666 1 1813
57743 1 2000
57744 1 2807
57757 1 1344
57761 1 2116
57764 5 892
57802 1 603
57881 1 2310
57897 2 3276
57899 2 2146
57901 2 1975
57914 2 2836
57916 1 1132
57946 1 5545
57947 1 5535
57950 1 10362
57951 1 10312
57952 2 8583
57953 2 8583
57991 1 1504
58079 1 247
58182 1 493
58199 3 4784
58247 1 19391
58315 1 2480
58326 1 1893
58378 1 2575
58432 6 275
58433 1 2227
58479 1 963
58484 2 1130
58496 2 588
58523 1 1479
58676 3 1205
58698 1 1423
58752 1 773
58786 1 1487
58844 1 3246
58858 1 1878
58870 1 660
58872 8 915
58875 1 957
58908 1 775
58965 1 5140
59049 1 2182
59055 1 510
59056 1 508
59072 1 10092
59081 1 1600
59189 1 10518
59190 1 628
59211 1 3035
59233 1 959
59246 1 1035
59251 1 6070
59262 1 1268
59306 1 655
59311 1 857
59347 1 9699
59350 3 8331
59353 10 1437
59355 1 891
59387 1 1937
59402 2 4509
59420 1 1188
59421 1 1923
59423 2 13129
59430 1 3685
59441 2 1940
59453 1 5553
59466 1 4209
59493 1 684
59523 1 1877
59526 1 1089
59561 2 4211
59562 1 820
59580 2 1999
59642 1 3464
59662 5 14951
59677 1 137
59684 1 1088
59697 1 2431
59699 1 1994
59711 1 469
59772 1 792
59822 1 1199
59838 1 432
59858 1 1684
59874 1 4939
59879 2 1719
59900 2 3360
59901 6 10800
59903 1 687
59918 1 9598
59946 1 1687
59987 5 5303
59999 1 931
60025 1 176
60030 2 10533
60037 2 4344
60065 1 3606
60073 1 1178
60146 2 1774
60147 5 6561
60158 1 1763
60169 1 734
60199 1 3044
60216 1 1578
60226 1 2054
60227 1 2086
60244 1 630
60246 1 430
60249 4 1398
60270 1 1523
60290 1 634
60302 1 1119
60328 1 1340
60364 2 1138
60429 2 5933
60430 1 2173
60433 1 623
60443 2 1233
60444 2 1326
60445 2 1364
60446 2 1213
60464 1 1098
60466 1 1155
60467 1 841
60473 1 947
60478 2 1021
60494 1 398
60521 1 969
60524 1 765
60526 1 773
60527 1 786
60529 1 1952
60563 1 714
60607 1 1057
60611 1 2420
60661 1 4572
60662 1 6202
60670 2 1641
60671 1 3451
60676 1 763
60678 2 3884
60685 1 756
60715 1 1172
60719 2 87
60809 2 353
60932 1 903
60934 1 1005
60946 1 758
60964 1 3850
60967 1 2534
60968 1 1740
61003 1 1701
61043 4 4069
61073 2 8875
61091 1 1682
61092 2 1272
61118 1 411
61130 1 2655
61131 1 2971
61147 1 640
61157 1 783
61169 1 3257
61177 3 2363
61186 2 14302
61187 1 15707
61198 1 746
61202 1 539
61255 1 4815
61258 1 3684
61269 1 8764
61379 1 1394
61409 1 3387
61470 1 2495
61520 1 844
61560 1 1336
61618 1 865
61628 2 7244
61664 1 3204
61668 2 11710
61713 2 4885
61750 1 435
61778 1 494
61820 1 5698
61829 3 3211
61832 3 2493
61833 1 7073
61838 2 1648
61845 1 3591
61847 1 1464
61860 3 7381
61876 1 2252
61882 1 454
61883 1 577
61909 1 3209
61938 1 6544
61939 3 10305
61948 1 1548
62003 1 2012
62010 1 278
62020 1 508
62028 1 6469
62032 1 1096
62042 1 403
62090 1 868
62109 1 4903
62110 1 4274
62111 2 6309
62114 3 939
62116 1 949
62117 4 1347
62152 1 2461
62153 1 2377
62193 1 2441
62204 7 8201
62205 1 1826
62260 1 625
62289 1 772
62299 1 7136
62304 1 1048
62310 1 3144
62311 4 2373
62312 1 459
62316 1 1602
62321 1 1110
62353 6 325
62389 1 1286
62404 2 5459
62413 1 976
62477 1 1158
62493 1 1022
62547 1 433
62642 7 7441
62653 1 1055
62654 5 2607
62684 1 1705
62702 1 623
62723 1 3363
62727 1 3232
62766 1 8596
62780 1 1770
62788 1 2229
62835 1 736
62847 2 1945
62848 2 1515
62853 1 4078
62859 3 510
62903 1 1123
62911 1 649
62924 2 163
62951 1 2817
62972 1 330
63000 1 657
63054 1 1936
63055 3 898
63073 2 6062
63081 13 393
63088 2 714
63093 2 3111
63132 1 1565
63133 1 646
63140 1 504
63147 1 1729
63201 5 367
63203 1 3831
63216 1 3807
63239 1 882
63255 1 2143
63258 1 1486
63263 1 3119
63279 1 1413
63309 4 4077
63427 1 4477
63507 1 1696
63519 1 2160
63527 1 475
63568 2 1949
63572 1 3748
63576 1 1249
63585 1 1637
63617 2 2218
63628 1 1675
63634 4 5269
63644 1 451
63668 1 1184
63686 1 3010
63705 1 319
63760 1 221
63777 1 2978
63834 1 3002
63835 1 4072
63922 4 861
63924 4 1454
63948 1 1435
63974 1 1872
63985 1 978
64010 2 2508
64052 1 2458
64053 1 2458
64092 1 1393
64268 1 622
64270 1 541
64293 1 1009
64294 1 2023
64296 1 1405
64318 1 2610
64350 2 20899
64445 1 984
64537 2 1417
64539 1 837
64590 1 2177
64658 1 3929
64667 1 728
64674 1 936
64832 1 116
64865 1 60
64900 1 380
64983 1 135
65008 1 3012
65035 1 1584
65069 1 352
65081 1 721
65115 1 789
65119 1 705
65129 1 15643
65271 1 2676
65356 1 694
65392 1 298
65456 2 531
65477 1 385
65531 2 1854
65536 1 890
65562 1 1948
65582 1 731
65583 1 423
65588 1 1475
65755 1 90
65790 1 5117
65794 1 999
65838 2 1936
65862 1 102
65867 1 346
65872 1 5814
65905 1 1164
65944 1 4400
65960 1 1177
65961 1 2405
65971 1 1398
65999 1 7992
66008 1 1142
66014 6 986
66024 2 304
66048 3 1660
66063 3 860
66086 2 2643
66092 1 4332
66127 1 1717
66153 1 1730
66154 6 1614
66156 1 2338
66177 1 2510
66182 1 1751
66196 1 491
66261 1 377
66270 1 486
66277 1 1687
66278 2 2126
66281 1 1481
66314 1 629
66349 1 602
66361 1 392
66376 1 1935
66384 1 150
66386 1 631
66409 2 1827
66427 2 807
66431 1 2939
66432 1 615
66451 1 724
66460 1 1178
66499 1 844
66503 4 3599
66520 1 611
66553 1 734
66562 2 588
66575 3 695
66587 2 4790
66601 1 1937
66609 1 980
66619 1 2672
66638 1 1055
66650 1 215
66661 1 988
66664 4 2151
66698 2 2058
66705 1 837
66727 2 1513
66750 3 1405
66773 1 1006
66797 2 1766
66806 1 3247
66811 1 599
66819 2 6321
66823 2 9403
66837 1 1559
66897 1 2315
66938 1 842
66940 2 777
66953 1 1274
66955 1 612
66956 1 1308
66957 1 600
66958 1 1720
66963 1 1157
66966 2 1624
66970 1 202
66992 1 1910
67014 1 772
67064 3 661
67196 2 2129
67260 2 910
67294 1 1338
67322 2 2602
67325 3 2060
67330 1 1983
67335 3 4046
67345 1 1856
67355 1 6043
67362 1 752
67414 1 728
67427 1 2019
67428 1 2521
67433 3 666
67443 1 1802
67451 1 2767
67453 1 3053
67461 1 663
67524 5 381
67534 1 466
67590 1 292
67626 1 1388
67637 1 4061
67655 1 1887
67678 1 2911
67687 1 948
67688 1 1051
67704 1 989
67728 1 2471
67752 2 918
67754 2 567
67760 3 890
67790 2 3052
67799 1 657
67816 2 650
67832 1 555
67840 1 966
67859 1 1130
67866 1 1457
67873 1 326
67877 1 355
67898 1 1778
67916 1 1568
67921 2 1368
67932 1 1483
67959 2 669
67985 1 2304
67986 1 2479
67987 1 2466
67988 1 2356
68000 3 1263
68004 1 261
68028 1 481
68072 1 1523
68091 1 10665
68092 8 8126
68157 1 1827
68164 1 607
68170 7 586
68183 1 1099
68211 1 889
68223 3 702
68225 1 679
68231 2 1269
68263 1 5972
68302 1 753
68303 1 942
68304 1 1362
68311 1 1492
68314 1 685
68326 2 2529
68344 1 6836
68346 1 2235
68366 1 643
68378 1 1880
68394 1 2458
68395 1 2458
68436 1 2388
68656 1 1355
68659 1 784
68680 5 9381
68684 3 991
68702 1 1708
68713 2 3702
68766 1 5324
68803 1 1117
68812 1 10319
68827 1 194
68829 1 1011
68853 1 856
68909 1 2457
68911 7 1547
68928 1 1832
68929 2 1431
68931 2 1400
68932 1 1876
68964 3 11197
69033 1 718
69043 1 1118
69271 2 1800
69284 1 1590
69347 1 566
69411 1 490
69428 1 1154
69431 3 3095
69443 2 878
69445 3 2697
69454 1 544
69456 2 1329
69460 1 2124
69508 1 886
69509 1 5379
69528 1 1563
69530 2 3436
69716 1 7169
69721 8 6125
69727 1 539
69851 1 2303
69871 1 2129
69872 1 4385
69908 1 420
69917 1 3612
69957 1 531
69990 1 3720
69995 1 1038
69998 1 964
70018 1 371
70031 1 1376
70059 1 944
70065 1 770
70069 1 882
70118 1 820
70213 2 1440
70275 1 2825
70293 1 768
70294 1 772
70295 1 753
70296 1 475
70301 3 633
70302 1 1840
70308 3 1172
70351 1 1891
70381 2 591
70409 1 1089
70413 1 1043
70425 1 612
70442 1 4263
70456 1 954
70488 2 2098
70576 1 2157
70708 1 720
70749 2 6334
70841 1 8361
70873 1 1758
70888 1 746
70922 2 2787
70930 1 602
70936 1 1631
71091 1 627
71102 1 1497
71105 1 2599
71116 1 653
71131 1 5992
71141 17 1124
71143 1 1298
71154 4 163
71157 1 1942
71184 4 3046
71185 5 2946
71186 1 2649
71219 1 2884
71220 1 2841
71221 2 3179
71249 1 1532
71264 1 708
71295 1 1603
71318 1 595
71365 1 1140
71383 1 1410
71395 1 1529
71396 1 1529
71397 1 1529
71398 1 1529
71406 1 2956
71408 4 780
71522 2 1158
71545 2 6773
71567 1 4513
71569 6 653
71595 1 1738
71602 1 917
71634 2 2564
71675 1 907
71680 1 557
71695 1 1178
71705 1 10258
71706 2 5275
71708 2 551
71723 1 2839
71724 1 2839
71725 2 1376
71731 1 4830
71733 1 768
71757 1 2729
71809 1 1200
71831 1 845
71836 1 5188
71892 1 1268
71895 1 3069
71896 1 3955
71931 1 1875
71936 1 1197
71937 6 400
71942 1 3216
71944 1 7115
71973 1 1640
71991 1 1476
71992 1 1328
71999 1 874
72016 1 859
72039 1 5516
72046 1 2501
72048 1 5014
72065 2 9229
72067 1 9227
72068 2 8137
72105 3 930
72108 3 1166
72112 3 700
72143 1 575
72171 1 618
72177 1 1078
72181 4 1962
72236 1 483
72250 1 2657
72260 1 1541
72266 1 916
72284 1 6759
72314 1 1495
72358 1 1752
72387 1 2107
72402 2 1487
72403 1 734
72404 1 676
72411 18 3344
72413 1 1983
72439 1 379
72495 1 356
72496 2 3731
72498 1 11873
72517 2 1018
72518 2 1027
72519 2 1167
72520 2 856
72539 1 1870
72560 3 1232
72585 3 1118
72618 2 5500
72631 1 696
72653 1 508
72678 1 870
72679 2 1267
72681 1 559
72682 1 1240
72685 1 422
72689 1 32
72710 1 490
72715 1 2456
72756 1 1222
72776 1 1094
72836 2 2346
72837 2 3948
72856 1 1892
72878 7 4492
72884 1 2069
72891 1 925
72897 2 3666
72899 2 20275
72910 7 1222
72936 1 2099
72967 1 602
72973 2 3325
72974 1 2607
72996 1 949
73014 1 1378
73023 1 1400
73066 2 2939
73101 1 5854
73160 1 1243
73182 1 1485
73213 1 640
73214 3 1029
73215 1 1228
73218 2 1865
73220 1 4868
73223 1 690
73244 1 3654
73250 1 423
73256 1 736
73268 1 253
73272 2 1024
73292 1 882
73308 1 316
73327 1 882
73347 9 2316
73399 1 701
73417 1 3750
73433 2 1294
73460 1 777
73494 1 1046
73495 1 934
73526 1 873
73555 2 1159
73644 1 2945
73659 3 1016
73669 1 1440
73673 1 672
73719 1 156
73747 1 470
73749 1 1593
73881 2 1228
73883 1 883
73889 1 2079
73906 1 1424
73932 1 2612
73933 1 1375
73959 4 330
73992 1 3335
73993 3 424
73994 1 2096
73997 7 10376
74023 1 1244
74042 3 3503
74047 1 590
74067 1 6352
74107 1 1476
74111 1 976
74150 2 1327
74184 1 1502
74197 1 1338
74198 1 1315
74199 1 1314
74248 1 177
74278 2 1950
74368 1 3668
74370 2 1237
74385 28 827
74390 1 3030
74397 1 634
74412 1 419
74430 1 1251
74439 1 1488
74446 1 1773
74519 1 5618
74522 1 1218
74565 1 1723
74591 1 3810
74604 1 5954
74634 2 1283
74661 1 1665
74677 1 1481
74708 2 4408
74717 1 1115
74746 1 5004
74776 1 3788
74777 3 1991
74788 2 1690
74803 2 6144
74815 1 835
74816 1 344
74829 1 1083
74866 6 1680
74872 1 1224
74874 2 6108
74877 1 3262
74886 3 3171
74898 1 176
74911 6 916
74916 2 1608
74933 3 1532
74959 2 922
74964 1 1304
75051 1 110
75134 2 4335
75162 1 2594
75169 1 9895
75193 1 346
75198 1 1269
75248 1 1379
75260 1 680
75296 2 451
75307 2 1330
75308 2 1471
75322 1 826
75331 1 3149
75417 1 594
75418 2 988
75420 3 5660
75423 2 1748
75493 1 1348
75510 1 1060
75511 1 1086
75512 1 736
75513 1 784
75540 1 3756
75638 2 560
75652 1 658
75685 10 1610
75692 1 737
75763 1 1016
75825 1 1663
75826 2 555
75863 2 225
75919 1 1340
75920 1 4335
75925 1 459
75939 1 1207
75982 1 700
76016 1 1243
76017 1 1083
76018 1 1130
76042 1 1056
76043 1 419
76094 1 1404
76102 1 830
76104 2 2832
76105 1 6146
76119 1 1349
76126 1 1145
76152 2 176
76175 5 6943
76199 3 1686
76217 1 3579
76218 1 422
76247 2 4782
76248 1 1680
76252 1 2304
76269 1 3998
76318 1 870
76353 1 3328
76354 1 3077
76364 1 1174
76390 2 692
76391 1 1501
76394 2 2329
76411 2 6346
76495 18 3655
76500 1 312
76517 1 735
76567 1 1024
76570 6 1218
76576 1 506
76625 1 2143
76626 4 4388
76632 3 2372
76655 1 2833
76657 1 415
76670 1 2879
76674 1 823
76675 1 531
76701 1 1582
76705 2 513
76753 1 3309
76756 1 4633
76757 1 759
76760 1 2589
76761 1 475
76762 1 7340
76793 1 5567
76796 2 1059
76875 1 4263
76880 1 898
76886 1 4302
76889 1 1635
76900 1 800
76960 1 229
76963 1 1460
76966 3 632
76990 2 1902
77005 2 1472
77010 1 6732
77018 1 437
77030 1 428
77035 1 1073
77042 1 1420
77059 1 1688
77086 2 5533
77088 1 4377
77110 1 1799
77153 2 2521
77164 2 416
77183 1 951
77203 1 4646
77204 1 4647
77209 1 4122
77210 1 4271
77224 1 225
77233 1 4265
77280 1 259
77314 1 38
77367 1 658
77371 1 683
77372 1 227
77379 1 500
77411 1 3629
77438 2 1254
77443 1 2709
77453 4 2217
77456 3 13066
77457 1 551
77460 1 1071
77553 2 3529
77572 1 1247
77588 6 259
77610 1 2465
77617 1 773
77792 4 1395
77817 1 4230
77818 1 6471
77819 1 3260
77820 2 878
77824 1 4856
77826 1 1385
77864 1 749
77876 1 3309
77891 1 1621
77933 1 788
77942 1 3229
77943 2 1110
78010 3 1823
78011 3 1824
78018 1 779
78067 1 1940
78076 1 484
78099 2 1017
78100 1 767
78125 1 1056
