minim minim 1905 65215343 
66 1 654
120 3 4128
234 1 815
248 2 5568
249 1 906
258 42 56657
339 1 663
352 1 2404
375 1 10166
383 1 719
461 1 5431
564 2 1452
573 1 2963
606 1 1190
725 1 7096
760 1 693
832 2 771
895 1 1608
1053 1 591
1080 1 1254
1122 1 793
1146 1 776
1178 2 1530
1213 1 3659
1254 1 182
1269 1 5091
1310 1 925
1321 1 3750
1450 2 1560
1484 2 6578
1503 1 915
1567 1 2163
1579 1 448
1590 1 87
1634 1 30082
1652 1 1683
1667 1 894
1787 1 184
1806 1 911
1825 2 2370
1903 1 860
2056 1 298
2066 1 837
2160 1 2295
2237 4 1765
2322 1 1431
2333 1 133
2357 1 485
2382 1 1655
2405 1 578
2441 2 7506
2629 1 3838
2666 1 6601
2716 1 4798
2843 1 5588
2926 1 1956
2963 2 3763
2966 1 503
2991 1 2631
3088 2 621
3177 1 996
3224 1 771
3227 1 838
3234 1 747
3249 3 10966
3285 1 550
3357 1 1191
3483 1 1094
3486 1 4565
3518 1 735
3554 1 292
3707 1 2467
3767 1 1085
3794 1 2141
3804 1 1022
4087 1 1383
4088 2 1023
4170 3 3258
4171 1 2956
4196 1 6780
4245 2 739
4321 1 913
4418 1 2251
4422 1 2597
4710 1 14020
4771 1 4349
4806 1 652
4906 1 8000
4907 1 8001
4908 1 8001
4912 2 7415
5209 2 878
5249 2 1852
5297 1 925
5427 2 662
5431 1 1029
5518 1 2428
5577 1 3747
5580 1 6581
5582 1 1321
5591 1 1213
5622 1 603
5657 1 3480
5838 1 278
5859 1 502
5863 1 909
5867 1 5884
5912 3 278
5940 1 1549
5988 1 969
5996 2 346
6044 1 2681
6057 1 1652
6181 2 5519
6292 1 233
6298 1 3012
6300 1 3029
6364 1 7210
6527 1 1415
6559 1 1745
6644 2 1635
6655 2 988
6760 1 806
6840 1 43
6873 1 279
6904 1 1029
6945 2 3654
6980 1 491
7079 1 4960
7123 1 1203
7152 1 370
7286 1 2279
7484 1 1097
7523 1 238
7536 1 1263
7570 1 9650
7665 1 371
7685 2 1390
7900 1 1093
7935 1 796
7972 1 2206
7997 1 1011
8089 1 20930
8122 1 5509
8139 1 4927
8204 1 4600
8278 1 2385
8279 1 646
8297 2 12133
8301 1 2361
8316 1 823
8382 1 19553
8468 1 1615
8500 1 4697
8567 1 1533
8571 1 2786
8626 1 415
8638 1 905
8643 1 284
8650 2 9126
8829 1 2495
8847 1 433
9005 30 45220
9006 20 34059
9097 1 956
9125 1 931
9205 1 2860
9274 1 1686
9287 1 1027
9341 1 837
9357 1 276
9398 1 1078
9413 1 1215
9446 1 6689
9454 1 837
9492 3 6158
9499 1 425
9506 1 451
9635 1 741
9678 2 1073
9702 3 2473
9752 2 8096
9789 1 4274
9792 1 1049
9800 1 3911
9825 1 2926
9830 1 1997
9889 1 1688
10058 1 977
10105 1 8600
10231 10 9229
10289 1 8941
10366 1 2417
10377 1 2603
10586 1 497
10685 1 2839
10811 1 800
10940 1 7910
10961 3 1006
10978 1 1405
11077 2 1084
11120 1 1160
11132 1 1530
11172 1 72
11259 3 1202
11288 4 9962
11303 1 1172
11569 1 6434
11857 1 1251
11863 1 1940
11868 1 1201
11890 1 963
11990 1 648
12030 1 153
12150 1 197
12223 1 6167
12224 1 1462
12324 1 980
12350 1 1687
12365 2 8585
12412 2 1917
12520 2 6343
12601 1 3000
12747 1 3912
12814 4 46677
12816 2 1426
12914 1 1640
12946 4 1292
12948 2 2044
12951 2 2247
12956 4 1280
12983 1 1329
13061 1 2559
13130 1 1432
13143 1 1436
13148 1 1862
13173 4 7475
13319 1 968
13332 1 14933
13382 1 1460
13386 2 415
13415 1 1087
13433 1 4168
13440 1 1581
13527 1 1200
13536 16 1435
13537 3 294
13609 1 1456
13691 1 2873
13713 1 1764
13985 1 11629
14005 1 5769
14117 1 1112
14185 1 2424
14193 1 2538
14212 1 12149
14229 1 1209
14256 2 346
14277 1 1582
14450 1 772
14457 1 891
14492 2 1007
14662 2 1844
14675 1 1701
14721 1 4901
14830 2 8170
14831 2 8171
14832 2 8172
14861 1 366
15007 1 555
15070 1 1847
15074 2 355
15099 2 5771
15137 1 2521
15209 1 2739
15220 1 1503
15224 4 1573
15253 1 1272
15474 1 500
15476 1 1151
15513 1 580
15558 2 494
15572 1 3411
15573 2 2920
15583 1 1612
15736 1 3238
15755 1 1292
15957 1 8025
16029 1 756
16120 1 1888
16126 1 2272
16177 1 974
16201 1 3976
16203 1 1469
16218 1 1177
16219 1 1603
16220 1 1648
16229 1 2303
16238 1 11763
16257 3 6019
16258 4 7609
16315 1 979
16337 2 1008
16408 1 513
16573 1 2315
16592 1 2447
16635 3 7678
16649 1 4446
16745 1 600
16791 1 1127
16843 2 15992
16915 1 1177
16968 1 2878
17037 1 2492
17113 1 4319
17129 3 3146
17182 1 3085
17334 3 2470
17352 4 5098
17392 1 1912
17510 2 13439
17528 2 996
17530 1 547
17590 2 6514
17638 1 6007
17669 2 5167
17758 1 28986
17845 1 1053
17870 1 2093
17992 1 724
18004 1 5488
18033 1 3046
18035 1 2957
18058 1 1082
18128 1 1604
18225 1 843
18385 2 6531
18420 1 1885
18427 3 499
18581 1 3194
18725 1 1382
18738 1 940
18793 1 3927
18804 1 1574
18881 1 2780
18965 1 20789
19079 1 16454
19115 1 1346
19390 1 3260
19560 1 8071
19562 1 7991
19685 1 4688
19721 1 899
19731 1 672
19806 1 334
19985 1 8977
20026 1 1825
20140 1 624
20167 1 496
20194 1 1431
20344 1 863
20397 1 3730
20409 1 1186
20422 1 12210
20431 1 615
20581 1 1771
20583 1 1743
20585 1 1770
20593 1 1768
20596 1 1769
20598 1 1777
20601 1 1785
20677 1 8655
20707 4 35797
20709 1 1003
20778 1 4580
20822 1 800
20904 1 4287
20907 1 2997
20949 2 1116
20981 1 4198
20982 1 1098
20992 1 636
21046 1 10160
21133 1 986
21145 1 879
21163 1 842
21200 4 3347
21314 1 699
21359 1 13839
21428 1 695
21503 1 13267
21527 1 6412
21608 1 4754
21644 1 11884
21692 1 401
21743 3 448
21829 1 407
22026 1 1430
22027 2 1931
22032 1 4462
22092 2 8456
22143 1 2573
22216 1 13756
22230 1 845
22427 1 508
22429 1 997
22508 2 621
22525 1 3022
22777 1 1813
23278 1 305
23298 1 459
23305 1 132
23371 1 1501
23413 1 1692
23464 6 3921
23514 2 8145
23685 1 1613
23717 1 757
23732 1 4739
23787 1 804
23829 1 8025
24006 1 3059
24143 1 781
24169 1 2066
24272 1 3323
24454 1 2201
24481 1 625
24482 1 1427
24539 1 3939
24559 1 1044
24562 1 102
24579 1 834
24581 1 556
24601 1 361
24621 1 1848
24882 2 8171
24883 2 8171
24886 2 7415
24887 2 7415
24888 2 7415
25046 1 816
25109 3 1281
25141 1 456
25154 1 4423
25257 1 371
25289 1 618
25296 1 566
25409 1 4429
25507 1 1510
25516 1 337
25618 1 743
25707 1 1454
25727 2 726
25732 2 939
25752 1 841
25803 1 362
25817 1 1059
25832 1 1204
26022 1 707
26075 1 3348
26188 1 973
26218 3 3037
26328 1 1245
26364 1 1388
26480 1 2573
26545 2 1046
26561 1 180
26622 1 3312
26738 3 289
26757 1 513
26766 1 1561
27035 1 1356
27037 1 4999
27162 1 1964
27192 1 653
27235 2 2671
27275 1 1290
27291 1 3912
27569 1 969
27667 1 605
27675 1 1003
27708 1 211
27743 1 76
27846 1 709
27887 1 118
27922 1 969
27925 2 2804
28240 1 1341
28259 1 6624
28296 1 3859
28433 1 1842
28446 1 9326
28466 1 10312
28652 1 371
28688 1 599
28709 1 590
28773 1 2068
28781 7 2730
28951 1 4581
29345 1 500
29387 1 2788
29414 1 1661
29471 2 1106
29475 2 2177
29479 2 346
29518 1 814
29557 1 7051
29716 1 971
29721 1 6842
29722 3 9450
29802 1 4831
29953 1 802
30211 1 3859
30300 1 6017
30380 1 1089
30448 1 130
30561 1 730
30573 1 2812
30584 1 678
30602 1 3594
30646 1 3639
30738 1 1986
30747 1 4167
30837 1 406
30852 1 984
30952 1 3956
30973 1 7204
31061 1 1776
31151 1 447
31228 1 488
31229 1 4414
31329 1 3009
31377 1 507
31417 1 1164
31419 1 1480
31448 1 3221
31508 2 3777
31632 1 1179
31723 1 9877
31821 1 4061
31849 1 664
31930 1 4739
31975 1 1903
32202 1 231
32267 2 346
32326 1 1541
32387 1 1022
32388 1 24490
32485 1 575
32492 1 692
32641 1 1814
32656 1 864
32900 1 1072
32972 2 11367
32975 1 2044
33062 1 502
33079 1 3096
33138 1 1739
33146 1 836
33268 2 3327
33296 1 489
33466 2 1113
33675 2 2486
33703 1 18894
33759 2 931
33847 1 7078
33900 1 574
33939 1 3908
34039 4 23394
34052 1 11789
34099 1 471
34208 1 2130
34240 1 743
34266 2 3285
34358 1 1007
34396 1 5213
34449 1 3565
34580 1 1336
34661 24 22673
34697 1 379
34702 1 1354
34771 1 1220
34846 1 453
35151 2 4287
35178 1 1377
35203 1 124
35206 1 776
35324 1 373
35332 1 2865
35482 2 1290
35483 4 1826
35503 2 784
35559 2 2826
35594 1 898
35720 1 4608
35838 1 1185
36015 1 260
36027 1 7080
36134 27 19793
36258 1 582
36391 4 7515
36392 2 6574
36393 2 6574
36394 2 5251
36395 2 5251
36396 2 5251
36406 3 1238
36407 3 1238
36521 1 834
36552 1 1625
36565 1 835
36598 2 864
36655 1 399
36688 1 1758
36878 1 1195
36882 1 6259
36992 3 847
37067 1 1829
37070 1 2552
37072 1 2165
37334 3 317
37354 1 334
37423 1 13622
37427 1 7481
37465 1 519
37496 3 2380
37523 1 1077
37567 1 2983
37655 1 1979
37712 1 8990
37892 1 5282
37932 1 17484
38054 2 1792
38166 1 1380
38186 1 1792
38231 3 1012
38279 1 2423
38386 1 464
38408 1 2338
38456 1 758
38457 1 1223
38480 1 1546
38530 1 1502
38564 1 4067
38640 1 1038
38714 1 2044
38815 1 1731
38839 2 905
38844 1 447
38946 2 1288
38990 1 680
39148 1 4610
39175 1 3064
39306 1 1355
39307 10 2173
39318 1 2523
39388 1 2149
39428 1 870
39492 2 2059
39599 1 926
39623 1 508
39636 1 988
39647 1 872
39705 1 2975
39767 1 322
39846 1 263
39978 1 30166
40015 1 892
40036 1 2425
40070 1 1450
40091 1 952
40106 1 1533
40112 1 2159
40148 1 755
40155 3 849
40229 1 744
40287 2 10480
40292 1 1359
40363 1 478
40429 1 566
40538 3 14088
40676 1 1343
40696 1 6423
40701 3 316
40702 1 1044
40728 1 454
40747 1 5237
40759 1 686
40778 1 855
40914 1 583
40945 3 716
40986 1 693
41006 3 293
41008 1 525
41013 1 2867
41187 1 1739
41264 1 707
41323 1 800
41458 1 1078
41518 1 573
41765 2 2363
41782 1 964
41800 1 1008
41840 1 2915
41918 1 203
41958 1 552
42077 1 806
42122 2 1063
42161 1 9423
42170 1 4262
42266 1 1519
42330 1 6012
42355 4 5228
42362 1 10503
42365 1 825
42460 1 1971
42667 1 1132
42747 1 2556
42760 6 876
42769 1 8334
42776 1 1111
42835 6 2837
42914 1 1101
42956 4 366
43118 1 649
43190 1 534
43229 1 8025
43483 1 2218
43582 1 2029
43583 1 569
43620 3 1150
43699 1 170
43763 1 2590
43915 1 3241
43921 3 9448
43957 1 342
44050 2 4928
44062 1 994
44064 2 307
44073 1 576
44085 1 100
44154 1 1236
44182 1 930
44255 1 1773
44428 1 1638
44479 1 5563
44520 1 3794
44699 1 280
44707 1 6048
44757 1 432
44768 1 2523
44857 2 346
45074 1 969
45084 3 6555
45096 2 6217
45234 1 1222
45302 1 1230
45418 1 453
45421 1 765
45422 1 776
45465 1 1142
45501 1 1221
45581 1 8025
45610 1 1452
45676 3 11251
45704 1 1557
45740 1 121
45814 1 3034
45901 1 618
45902 2 1168
45983 2 1070
45984 2 629
46073 1 767
46076 1 1687
46109 1 1702
46215 1 484
46330 3 762
46388 2 81863
46461 1 1311
46505 1 6279
46510 1 1994
46511 1 3336
46557 1 622
46572 1 624
46635 1 414
46678 1 1390
46919 1 708
46952 6 2067
47194 1 2096
47258 1 2107
47288 1 188
47389 1 785
47394 1 1036
47440 1 1137
47442 1 559
47547 1 1528
47621 1 2092
47747 2 757
47757 1 1609
47840 1 1481
47922 3 1893
47998 1 842
48002 1 2505
48135 1 1627
48152 1 1035
48167 1 1425
48287 1 2481
48288 1 2866
48291 1 390
48320 1 720
48454 1 2048
48508 1 1328
48536 2 1211
48540 1 564
48647 1 1159
48699 4 652
48748 1 1218
48782 1 1152
48819 2 538
48917 1 6627
49043 2 1079
49097 1 835
49150 1 4092
49167 1 1024
49173 1 10707
49174 1 9273
49176 3 11069
49209 1 797
49235 1 2114
49276 1 5599
49367 1 2106
49397 1 887
49399 1 649
49460 1 810
49517 1 1671
49522 2 6160
49526 1 735
49573 1 866
49698 1 1736
49766 1 1245
49776 1 9407
49796 2 1300
49844 1 6972
50016 1 11583
50175 1 1279
50223 2 6104
50241 1 2798
50252 1 981
50353 2 2913
50355 1 3677
50356 1 781
50377 1 2084
50430 1 2601
50477 2 4990
50596 1 1314
50643 1 1973
50720 1 705
50813 1 1092
50831 2 346
50895 1 2073
50916 1 4044
50918 1 2316
50966 1 8029
51146 2 2691
51204 2 1086
51463 1 541
51516 1 4186
51635 1 516
51778 1 2441
51816 1 4853
51827 1 2148
51839 1 9735
51843 1 6718
51861 1 961
51917 1 671
51954 1 1366
51979 1 6703
52074 1 7011
52146 1 10691
52168 1 1251
52201 1 315
52211 1 730
52214 1 6634
52226 1 671
52379 2 1567
52397 1 4823
52440 1 6680
52552 1 1311
52557 1 5509
52561 1 52057
52631 1 4596
52635 1 3805
52651 1 2028
52721 1 2968
52860 1 100
52900 1 113
53036 1 1242
53091 1 1258
53132 1 1846
53140 4 4214
53329 1 3895
53402 1 3120
53407 1 664
53430 8 48057
53442 1 8599
53613 1 1723
53836 1 1441
53862 1 1177
53923 2 2605
54157 1 5381
54227 1 451
54327 2 1517
54339 1 706
54370 1 2398
54375 3 5885
54376 2 664
54441 1 4709
54488 3 1158
54613 1 3856
54614 1 3684
54616 1 1314
54683 2 1304
54686 1 557
54952 1 279
55045 1 1195
55069 1 2948
55070 1 2984
55094 2 12123
55122 1 4413
55158 1 236
55419 3 995
55425 3 633
55607 1 9422
55681 2 940
55730 1 576
55741 1 849
56100 1 284
56163 1 88
56400 1 2072
56446 1 1314
56463 1 1156
56506 1 932
56520 1 1275
56601 3 474
56607 1 2013
56648 2 471
56654 2 1006
56687 1 2943
56796 1 443
56872 1 1066
56881 1 4650
56888 1 2750
56895 1 3189
56955 1 3738
57360 1 922
57362 2 411
57620 1 3241
57621 1 3239
57622 1 3240
57643 3 8017
57647 1 705
57660 1 6533
57662 1 1009
57755 1 685
57950 1 10362
57951 1 10312
57962 2 2722
57997 2 4870
58307 1 461
58317 1 576
58408 1 4007
58676 1 1205
58758 1 733
59168 1 1245
59434 1 2472
59471 1 4583
59576 1 679
59689 1 2525
59702 1 1311
59712 1 4670
59884 1 1934
59894 5 735
59988 1 5229
59999 1 931
60007 1 510
60018 1 2504
60028 1 116
60030 1 10533
60038 1 3448
60064 1 3872
60065 1 3606
60159 1 504
60160 1 493
60171 1 1344
60177 1 1472
60191 1 373
60224 2 8194
60229 1 921
60486 1 1521
60588 1 3135
60629 1 3596
60661 1 4572
60736 1 3344
60738 1 3062
60775 1 177
60862 4 4275
61073 1 8875
61130 1 2655
61159 1 572
61179 1 2633
61186 1 14302
61187 1 15707
61188 2 29700
61201 1 329
61234 1 1412
61241 1 1632
61289 1 964
61418 1 2160
61428 2 8357
61451 1 2083
61592 2 229
61655 1 270
61661 1 1674
61860 1 7381
61890 3 2025
61900 1 2025
61938 2 6544
61992 1 754
62034 1 3365
62187 1 9768
62211 1 1096
62268 1 1449
62299 1 7136
62311 1 2373
62340 2 4587
62369 1 1325
62395 1 75
62415 1 646
62417 1 11638
62432 2 5539
62571 1 618
62917 1 1002
62932 1 1598
63160 1 1813
63197 1 7220
63255 1 2143
63310 1 2477
63359 1 765
63429 1 723
63519 1 2160
63565 1 3099
63592 1 1009
63634 1 5269
63648 3 7209
63663 1 1347
63668 1 1184
63758 1 927
63765 1 1813
63906 1 4261
63907 1 882
64052 3 2458
64053 3 2458
64514 1 736
64540 1 1507
65019 2 1067
65257 1 1601
65268 1 787
65376 2 1586
65528 1 674
65547 1 474
65662 1 1443
65684 10 17249
65758 1 410
65867 2 346
65884 1 2980
65890 1 773
65911 1 948
66050 1 630
66184 1 373
66191 1 452
66216 1 935
66237 2 1376
66247 2 841
66281 1 1481
66282 1 1537
66379 3 2917
66380 1 9761
66409 1 1827
66425 1 943
66480 2 981
66527 1 611
66623 1 1360
66660 3 1633
66722 3 276701
66751 1 11896
66815 1 105
66837 1 1559
66844 1 1550
66904 1 476
66922 1 1292
66936 1 470
67027 1 2379
67227 1 1190
67273 1 1989
67322 1 2602
67335 1 4046
67337 1 2444
67340 1 2960
67375 1 994
67391 1 4824
67408 3 5567
67409 5 5448
67410 4 7180
67508 2 1345
67579 1 1444
67588 1 2174
67612 1 800
67689 1 7619
67704 1 989
67858 1 1482
67994 1 499
68000 1 1263
68062 1 2785
68073 1 3133
68124 1 2400
68138 1 1799
68142 2 2271
68169 3 626
68180 1 567
68187 1 592
68228 1 6756
68305 1 3491
68336 9 1920
68344 1 6836
68369 1 11195
68378 2 1880
68389 4 7515
68390 4 7515
68391 4 7515
68392 2 6574
68394 3 2458
68395 3 2458
68446 1 3669
68657 2 1531
68719 1 743
68731 1 1135
68737 1 3173
68764 1 2106
68766 1 5324
68783 1 1601
68834 1 695
68836 4 585
68884 1 565
68920 5 2788
68952 1 1060
68982 1 2244
69043 1 1118
69326 1 507
69346 1 255
69411 2 490
69498 1 1144
69709 1 889
69710 4 5755
69716 1 7169
69717 1 4915
69721 1 6125
69839 1 585
69895 3 1151
69954 1 638
69998 1 964
70036 2 592
70053 1 317
70055 1 607
70169 1 8025
70260 1 585
70263 1 7023
70298 1 1605
70308 1 1172
70350 1 1366
70374 1 826
70417 1 765
70449 1 320
70507 1 186
70741 1 789
70894 1 195
71013 2 1564
71060 1 2450
71096 1 540
71157 1 1942
71184 1 3046
71198 1 1202
71276 1 2862
71374 1 1324
71419 1 2738
71566 1 800
71604 1 774
71651 1 741
71654 3 1043
71856 1 1198
71860 1 1550
71871 3 1232
71882 1 346
72007 1 1256
72037 1 1055
72088 3 2347
72186 1 391
72214 1 786
72260 1 1541
72295 1 2968
72376 1 1507
72498 2 11873
72675 1 8994
72691 5 1208
72712 1 1839
72746 1 1433
72827 2 7031
72899 1 20275
72987 1 428
73018 1 2302
73044 1 680
73065 1 556
73084 1 2577
73092 1 2999
73093 1 4058
73101 1 5854
73183 1 2442
73193 1 1571
73334 1 740
73476 1 633
73574 1 8025
73738 1 1220
73903 1 723
73934 1 820
73945 1 10857
73963 1 6843
73992 2 3335
74115 1 2664
74128 1 773
74405 2 1483
74407 4 721
74499 1 2239
74519 1 5618
74604 1 5954
74605 2 6001
74728 3 3896
74750 1 2927
74797 1 671
74800 1 990
74801 2 899
74831 1 1285
75108 1 499
75110 1 915
75193 2 346
75208 1 3202
75408 1 3231
75529 1 8980
75649 1 783
75774 1 1079
76005 2 1341
76046 2 1623
76204 1 2051
76217 1 3579
76238 1 709
76253 1 1465
76260 1 1279
76298 1 1324
76304 1 5487
76326 1 2230
76357 1 2792
76370 1 13094
76380 1 920
76529 1 10440
76711 1 1349
76753 1 3309
76871 5 919
76881 1 2393
76938 3 290
76939 3 278
76965 1 311
76982 1 663
77010 1 6732
77103 1 1287
77109 1 806
77139 1 7313
77199 5 3580
77202 1 8001
77209 1 4122
77210 1 4271
77233 1 4265
77245 1 2403
77414 1 870
77456 3 13066
77570 2 929
77576 2 4731
77665 1 496
77807 1 5880
77879 1 2977
77891 1 1621
77957 1 1907
