attent attent 5391 65215343 
4 1 930
82 1 815
120 1 4128
123 1 1067
132 1 13051
147 1 3893
203 1 5213
204 1 599
233 1 1974
248 3 5568
258 1 56657
351 1 908
354 1 630
363 1 1011
364 1 993
372 1 811
383 2 719
398 1 1083
405 1 716
424 1 2481
430 1 3354
436 1 918
452 1 1807
461 3 5431
463 1 1357
464 4 2497
490 2 919
491 1 647
500 1 1485
504 13 11283
506 1 1411
527 1 978
529 1 6629
559 1 4273
583 1 1948
606 1 1190
613 2 3927
623 1 515
624 1 6440
646 1 836
668 1 2059
679 1 818
705 1 1030
729 1 2727
749 1 347
750 1 298
751 1 764
752 1 370
753 1 305
754 1 236
755 1 262
756 1 226
865 1 876
876 1 4565
879 2 191
886 2 5811
893 1 1259
897 1 1032
914 1 1067
966 1 6046
993 2 10702
996 1 3316
1023 2 2468
1038 1 6757
1050 1 992
1082 1 1118
1092 1 978
1104 1 4937
1118 1 2305
1128 1 2066
1152 1 1543
1159 1 1368
1178 1 1530
1185 2 15836
1198 9 1535
1269 2 5091
1321 2 3750
1398 1 889
1425 1 1524
1468 1 1121
1479 1 1207
1484 2 6578
1512 1 8417
1516 1 2384
1520 1 1340
1554 1 3023
1558 1 635
1597 1 3184
1632 1 1365
1634 9 30082
1640 1 4776
1674 2 1844
1721 1 1229
1737 2 4121
1767 2 13095
1784 1 1533
1799 5 983
1821 2 2804
1827 1 1488
1830 1 1777
1834 1 1298
1900 1 649
1901 1 582
1917 1 580
1920 1 1069
1924 1 700
1973 2 16948
1980 2 1830
2014 2 1601
2018 1 1080
2068 1 1029
2080 2 8786
2085 1 752
2122 1 1275
2145 1 1693
2151 6 1771
2156 1 1904
2177 1 2668
2191 2 1582
2192 1 5833
2275 1 556
2298 1 54
2338 1 1264
2340 1 1182
2362 1 3506
2365 1 720
2372 1 909
2375 1 3907
2377 1 904
2400 1 1305
2416 2 805
2428 1 898
2441 2 7506
2445 1 1951
2504 2 5375
2524 1 593
2562 1 2880
2568 1 4333
2574 1 780
2662 1 908
2666 1 6601
2687 1 1139
2716 1 4798
2777 1 565
2809 3 8131
2845 1 2533
2991 1 2631
2995 1 2632
3002 1 470
3096 1 1172
3128 2 1311
3133 2 4214
3177 1 996
3195 1 2888
3213 1 1551
3249 2 10966
3267 1 3085
3281 1 3667
3286 1 199
3296 1 1494
3313 1 2034
3322 1 6038
3336 1 1048
3344 2 1259
3350 1 735
3378 1 4137
3383 3 10722
3409 1 3574
3410 3 11224
3417 1 955
3471 5 4168
3483 1 1094
3514 1 5186
3522 2 1240
3526 1 1135
3529 1 989
3537 1 1641
3599 1 11096
3612 1 1293
3639 1 3357
3668 3 8976
3706 1 6639
3720 1 1051
3726 1 2061
3727 3 17097
3767 1 1085
3791 1 6472
3794 2 2141
3835 1 1418
3847 13 27149
3863 1 4935
3891 1 1661
3902 1 2905
3921 1 3235
3922 1 4998
3945 1 1359
3969 2 180
4004 1 2253
4050 1 4772
4069 2 3379
4073 1 769
4076 2 4324
4087 1 1383
4089 1 841
4104 1 1081
4133 1 1153
4168 1 1000
4178 1 3149
4184 2 4232
4196 2 6780
4197 1 1683
4220 1 538
4230 2 615
4245 1 739
4322 1 539
4348 1 3712
4359 1 2427
4375 1 1815
4387 1 1182
4418 2 2251
4426 1 1533
4439 1 2516
4487 1 777
4493 1 2130
4495 1 2849
4496 1 6061
4528 1 1567
4608 1 2302
4613 1 1374
4615 1 3920
4626 2 2742
4636 1 1557
4687 1 639
4746 3 2258
4752 1 5044
4764 1 830
4771 2 4349
4821 1 2178
4823 6 1869
4832 1 333
4838 3 5657
4847 1 2281
4857 1 2912
4873 1 660
4875 1 1364
4887 1 1082
4922 1 1947
4934 1 2573
4951 1 1444
4969 1 1272
5092 1 3536
5133 1 793
5170 1 2743
5174 1 1596
5222 1 1187
5226 1 1123
5236 1 1062
5238 1 1215
5239 1 925
5247 1 6498
5254 1 916
5261 1 773
5264 1 2502
5277 1 1640
5283 1 1128
5292 2 1284
5391 1 3146
5395 1 2444
5396 3 6921
5433 2 1545
5454 6 6641
5518 1 2428
5528 1 2535
5538 1 1629
5539 1 1043
5541 1 1278
5546 1 1150
5575 1 1013
5578 4 13045
5582 1 1321
5585 1 795
5613 1 1513
5792 1 2530
5832 1 54
5898 1 722
5907 1 775
5935 1 2831
5936 1 3330
6012 1 3069
6048 1 4019
6057 1 1652
6068 1 1127
6071 1 1552
6091 2 2877
6149 1 777
6151 1 6692
6153 1 1222
6154 1 390
6160 1 121
6165 2 4900
6176 1 1652
6180 1 5070
6183 1 2719
6345 1 1508
6355 1 262
6358 1 2724
6361 1 4951
6362 1 2640
6363 1 4787
6364 1 7210
6527 1 1415
6581 2 721
6584 1 842
6598 1 502
6615 1 227
6749 2 807
6751 2 1332
6758 1 610
6760 1 806
6830 1 822
6937 1 670
6943 1 1969
6992 1 1337
7002 1 6389
7007 1 1244
7051 1 1111
7053 1 1076
7079 1 4960
7093 2 1350
7130 1 736
7233 1 4878
7235 1 1281
7405 1 1072
7428 1 1550
7491 2 7708
7497 1 1070
7504 1 5695
7534 1 491
7563 1 173
7575 2 1899
7578 1 5752
7648 1 770
7649 1 589
7676 1 686
7679 1 564
7685 1 1390
7724 1 1797
7730 1 623
7755 1 2141
7756 2 2279
7758 1 1880
7773 2 7884
7774 1 1136
7776 1 1456
7783 1 2144
7802 1 1216
7922 1 2189
7944 1 4834
7948 1 2839
7949 2 4128
7963 1 3329
7974 3 2073
7980 1 1193
7995 1 1259
8010 1 611
8014 1 1956
8022 1 7719
8037 1 498
8056 1 878
8077 1 1482
8089 1 20930
8092 1 3223
8106 2 4128
8114 3 3627
8122 3 5509
8124 1 798
8131 1 1630
8139 1 4927
8173 1 961
8204 1 4600
8228 1 1519
8234 1 369
8249 2 7006
8284 1 3146
8286 1 2044
8287 5 4172
8288 1 1533
8293 1 3686
8310 2 4695
8312 1 3567
8376 1 2007
8384 1 1186
8385 1 2645
8386 1 2545
8409 2 3217
8421 1 1142
8431 1 227
8432 3 724
8436 1 1685
8438 1 2090
8462 1 3138
8508 1 5791
8559 1 4026
8570 1 1765
8603 1 1373
8614 2 1436
8628 2 1693
8663 1 1004
8671 2 1147
8693 1 796
8716 1 843
8759 2 2291
8824 1 1091
8830 1 897
8848 1 2976
8850 1 3830
8876 3 1372
8890 1 5449
8912 1 1802
8913 1 12589
8926 1 1609
8959 1 608
8963 1 1411
8981 1 342
8983 1 1450
9005 2 45220
9006 4 34059
9057 1 1319
9138 1 885
9146 1 936
9165 1 1394
9175 1 1821
9182 1 1438
9193 1 2601
9203 1 3221
9238 1 2921
9239 1 1961
9242 1 1298
9244 1 684
9292 1 3389
9302 1 3665
9375 1 509
9411 1 611
9422 1 1172
9430 1 2392
9431 1 3717
9432 1 1601
9444 1 507
9446 1 6689
9462 1 1000
9487 1 1304
9491 2 6177
9492 2 6158
9538 1 596
9541 1 1079
9548 1 3267
9555 1 1695
9557 1 453
9574 1 304
9587 2 1796
9590 1 659
9592 1 257
9637 1 1514
9713 1 1813
9727 1 3290
9741 4 1815
9760 2 2142
9766 1 4331
9795 1 6831
9796 2 6203
9798 1 2651
9799 2 3095
9800 1 3911
9801 1 3599
9804 1 5129
9806 1 6009
9826 1 2248
9827 1 2258
9828 1 2395
9836 1 2482
9850 1 2963
9864 2 1138
9871 1 1358
9883 1 976
9889 5 1688
9905 2 907
9945 1 664
9969 1 758
10008 1 1778
10011 1 677
10054 1 1634
10096 1 2420
10101 2 12486
10121 3 2683
10130 1 997
10138 1 546
10144 1 3206
10155 1 1544
10216 1 995
10219 1 3447
10227 1 1110
10249 1 1601
10278 1 2690
10289 4 8941
10317 1 4163
10330 1 1216
10370 1 702
10377 1 2603
10415 1 1163
10422 1 2187
10423 1 1332
10435 1 638
10449 1 525
10455 1 1009
10480 1 1599
10518 2 410
10520 1 2057
10546 1 359
10547 1 1528
10585 2 915
10591 3 7784
10596 1 964
10614 1 2323
10621 1 473
10644 2 877
10647 1 808
10649 1 611
10665 1 3903
10668 1 2803
10684 1 1501
10696 1 1520
10726 1 622
10751 1 1074
10764 1 1652
10791 1 836
10796 1 5414
10808 3 6608
10848 2 1696
10889 1 779
10910 1 477
10911 4 1405
10949 1 4327
11051 1 1555
11087 1 2013
11104 1 858
11130 2 937
11131 1 4066
11199 4 799
11202 1 3466
11219 1 1319
11235 1 496
11245 1 1612
11248 2 11766
11249 1 5195
11288 1 9962
11291 1 2301
11300 1 653
11378 2 6044
11386 1 1182
11397 1 2289
11403 1 2453
11454 2 1364
11465 1 2175
11471 1 1181
11472 1 4154
11492 1 7197
11503 2 2514
11507 1 3105
11535 1 340
11564 2 2793
11567 2 1874
11592 1 323
11593 1 284
11594 1 315
11595 1 276
11596 1 229
11654 2 1757
11748 1 486
11751 1 2194
11855 1 749
11858 1 4134
11967 1 4440
11996 1 1491
12083 1 90
12138 2 18363
12156 5 13898
12164 2 3148
12184 1 2062
12211 2 4041
12230 1 2936
12324 1 980
12337 1 444
12339 1 350
12344 2 2265
12353 1 321
12367 1 9446
12388 10 3483
12389 1 4357
12395 1 717
12419 1 3083
12434 1 2955
12448 1 1256
12450 1 882
12459 1 1341
12466 1 1446
12494 1 1170
12495 1 3368
12526 1 21005
12622 1 2177
12627 1 4932
12638 1 6177
12643 1 1624
12647 1 4896
12660 1 793
12674 2 6435
12694 2 787
12701 1 7084
12738 1 1150
12751 1 5083
12769 1 1459
12772 1 1750
12801 1 1360
12814 31 46677
12841 3 1000
12859 1 764
12885 1 6601
12886 1 1170
12907 3 2394
12963 1 1118
12997 1 699
13010 1 203
13017 1 1307
13058 2 11569
13084 2 1445
13096 2 820
13117 1 1571
13122 3 8864
13126 1 890
13158 1 2677
13175 1 1506
13188 4 2230
13196 1 2057
13230 1 1741
13232 1 1271
13309 1 2136
13321 1 4863
13332 2 14933
13334 1 1410
13337 2 908
13343 1 5631
13346 1 1043
13375 2 3891
13378 1 224
13383 1 527
13399 1 239
13405 1 641
13407 2 3423
13412 2 1736
13427 1 2521
13433 2 4168
13434 1 4024
13475 2 2437
13482 1 1344
13486 1 7532
13487 1 833
13515 1 361
13518 3 16194
13520 3 4296
13548 1 6866
13565 1 2701
13568 1 791
13569 1 1241
13576 3 2787
13617 2 2513
13618 1 28398
13620 2 1358
13627 1 3259
13638 1 1679
13639 1 1946
13640 1 4066
13659 1 3326
13669 1 1253
13691 1 2873
13697 2 3718
13706 1 1656
13711 2 4824
13808 1 668
13840 2 1860
13841 1 4015
13861 1 3305
13862 1 3335
13863 1 3445
13867 1 853
13871 1 6056
13876 1 357
13891 1 2917
13892 1 814
13897 1 1292
13898 1 419
13922 1 956
13947 1 1742
13968 1 579
13985 3 11629
14029 1 1120
14053 2 1354
14078 1 1307
14105 1 9306
14176 1 2211
14193 2 2538
14195 1 963
14196 1 668
14203 1 597
14204 1 525
14208 2 662
14209 1 563
14221 1 283
14226 1 681
14236 1 1168
14240 1 192
14262 1 844
14264 1 2175
14265 2 2579
14273 1 2924
14280 1 2667
14292 6 11958
14301 1 2773
14302 2 2269
14306 1 886
14318 1 743
14323 2 1990
14330 2 929
14345 1 1515
14360 1 1012
14373 1 6743
14376 1 238
14425 1 746
14435 1 611
14444 1 1070
14447 1 406
14457 4 891
14474 1 3842
14510 1 6161
14551 1 461
14554 1 718
14555 1 2701
14561 1 3007
14596 1 2342
14622 1 1462
14709 1 1785
14714 2 5738
14722 1 6567
14724 1 5113
14735 1 1483
14744 1 721
14827 2 2870
14834 1 2296
14835 1 2296
14855 2 2067
14856 2 2080
14864 1 2862
14887 2 5014
14990 1 760
15045 1 961
15092 1 2742
15099 1 5771
15105 1 1198
15108 2 1429
15114 1 1801
15115 1 602
15193 3 1214
15196 2 8919
15203 2 5461
15207 2 2664
15209 2 2739
15211 1 1131
15219 1 1663
15220 1 1503
15244 2 5618
15245 1 7336
15253 1 1272
15279 1 1500
15302 1 1004
15475 1 1055
15517 4 2551
15560 1 1729
15573 1 2920
15580 1 2165
15583 2 1612
15584 2 996
15586 1 3732
15588 2 729
15617 4 2380
15740 1 1131
15741 1 1130
15757 5 7636
15832 1 2615
15855 1 547
15869 4 2413
15871 1 677
15921 1 240
15937 1 2165
15957 3 8025
16007 1 6296
16022 1 1155
16050 1 583
16126 2 2272
16132 1 1579
16137 1 1657
16166 2 1359
16176 1 402
16178 1 4155
16181 1 321
16183 1 2917
16198 1 953
16201 1 3976
16202 1 1892
16203 2 1469
16204 1 3527
16206 1 2677
16219 1 1603
16235 1 4462
16236 1 5204
16238 1 11763
16257 2 6019
16258 1 7609
16266 1 811
16285 2 2520
16316 1 3859
16320 1 1958
16325 1 1100
16328 1 447
16330 3 585
16345 6 1095
16346 1 941
16362 1 1214
16368 3 4019
16425 1 393
16433 2 2178
16443 3 1618
16480 1 1705
16481 1 1327
16488 2 817
16491 1 6610
16492 1 3998
16505 1 1869
16506 1 2246
16507 1 1847
16556 2 1491
16561 4 668
16562 1 1204
16578 1 1137
16591 1 6896
16647 1 1287
16649 1 4446
16674 1 2131
16700 1 3762
16748 1 3753
16757 1 1292
16766 1 624
16767 1 3326
16777 1 538
16798 1 2575
16801 1 2170
16802 1 2436
16810 2 2137
16813 1 4537
16836 1 4094
16843 3 15992
16899 2 1633
16920 2 1042
16925 1 1943
16926 1 1923
16937 1 793
16942 2 12267
16975 4 736
16984 1 5305
16988 1 963
16991 1 1092
17009 1 3115
17012 1 3524
17013 1 9772
17038 1 1354
17053 1 1456
17093 1 815
17104 1 920
17106 2 3919
17107 1 1950
17113 1 4319
17114 1 6140
17121 1 6700
17122 1 9203
17142 1 707
17155 3 1406
17181 1 941
17185 1 1163
17189 1 5992
17208 2 859
17221 1 1117
17222 1 575
17223 1 1025
17224 1 982
17225 5 693
17242 2 2797
17249 1 716
17255 1 1594
17262 1 3246
17295 1 3426
17323 1 1419
17325 1 1320
17331 1 766
17334 1 2470
17338 1 612
17405 1 1103
17424 1 2766
17426 1 7075
17449 1 1065
17454 1 2094
17458 3 10296
17473 1 897
17479 1 1106
17494 1 4778
17503 1 1926
17510 4 13439
17529 3 564
17555 4 14925
17568 1 1347
17574 1 904
17578 1 816
17587 2 546
17589 1 12110
17590 1 6514
17592 1 3800
17597 1 524
17600 2 2502
17620 1 867
17644 1 1115
17671 1 3280
17672 1 4557
17758 5 28986
17783 2 1634
17851 1 963
17875 1 507
17876 2 1647
17915 1 834
17999 1 500
18042 1 1029
18089 1 1509
18105 1 278
18121 1 1538
18128 1 1604
18133 2 835
18135 1 919
18169 1 3118
18228 2 4817
18278 1 1495
18349 2 1057
18366 2 2921
18385 1 6531
18396 1 12783
18399 2 1090
18408 1 1359
18415 1 5822
18437 1 988
18526 1 2537
18567 1 1311
18583 2 1790
18597 2 6498
18620 1 3943
18625 1 1069
18629 1 860
18654 2 15696
18658 1 1985
18664 1 2209
18666 1 430
18685 1 4688
18686 1 3449
18694 1 1433
18701 1 2590
18719 1 2396
18724 1 566
18744 1 775
18756 2 1784
18761 1 466
18765 1 3181
18782 1 298
18787 1 1516
18791 1 434
18798 1 4126
18806 1 272
18816 1 772
18880 1 2491
18881 1 2780
18897 1 233
18899 1 1411
18928 1 593
18951 1 5208
18965 2 20789
18966 2 7427
18967 1 13159
19032 1 1192
19042 1 3327
19070 1 1479
19076 1 2622
19078 1 2988
19079 2 16454
19088 1 938
19092 1 2849
19094 1 3568
19117 1 1805
19144 1 2063
19194 1 5424
19229 1 1661
19236 1 1530
19375 1 4252
19384 2 5576
19393 1 277
19413 2 1698
19495 1 3545
19504 1 6279
19510 1 1532
19512 1 3132
19558 3 5943
19559 3 6375
19560 1 8071
19561 1 5606
19583 1 769
19588 1 1105
19664 2 4781
19669 1 1039
19687 1 2998
19695 1 609
19699 1 654
19700 2 609
19727 1 698
19771 1 523
19772 1 746
19773 1 783
19774 1 725
19816 1 1533
19863 3 1885
19867 2 1332
19869 1 2203
19889 2 7969
19895 1 3842
19899 4 6214
19966 1 798
19990 1 1486
20000 1 2428
20003 1 2457
20006 1 2516
20013 1 2102
20027 1 1905
20029 1 1532
20030 2 4962
20032 1 742
20154 1 3393
20162 1 793
20178 1 4163
20200 4 30304
20201 1 1137
20233 2 3879
20267 1 1549
20369 1 781
20374 1 1026
20422 1 12210
20425 1 3934
20429 2 591
20580 1 1866
20586 1 1928
20588 1 1915
20590 1 1876
20591 1 1911
20595 1 1894
20602 1 1884
20607 1 4252
20628 1 375
20653 1 6960
20677 1 8655
20684 1 12924
20686 1 750
20698 1 3736
20706 1 8010
20707 10 35797
20708 3 24696
20711 1 6388
20713 1 3777
20780 1 1126
20788 2 814
20794 1 970
20802 3 1887
20804 1 1029
20811 3 4558
20824 1 794
20831 1 5707
20864 1 302
20892 1 1529
20904 2 4287
20905 1 596
20906 1 1642
20916 1 2792
20947 1 1003
20977 2 2515
21046 5 10160
21051 1 1656
21064 1 674
21065 1 632
21074 5 5552
21100 2 1816
21101 1 2647
21102 1 3237
21163 1 842
21225 1 4913
21299 2 9163
21318 2 7108
21321 1 7104
21323 1 887
21345 1 2751
21357 1 5683
21359 10 13839
21366 1 643
21380 1 2156
21408 1 364
21420 4 4351
21424 1 839
21430 1 3084
21432 1 1603
21464 1 658
21468 3 1468
21492 1 1466
21500 1 4276
21503 3 13267
21507 1 7373
21525 1 2178
21543 1 900
21564 1 779
21575 11 4680
21598 1 2235
21599 1 2186
21600 1 2318
21608 1 4754
21624 1 1341
21628 1 1456
21637 5 10855
21640 1 1328
21641 1 1648
21648 2 6487
21649 2 2333
21653 1 1859
21671 1 1413
21695 2 1941
21714 2 1537
21728 1 1259
21732 2 1004
21744 1 836
21756 1 2820
21771 1 1070
21803 1 1062
21831 1 130
21839 1 4667
21844 1 1026
21852 3 6758
21862 2 3630
21935 1 937
21948 1 2447
21950 2 1511
21960 2 7778
21964 1 1399
21969 1 4332
22011 1 1160
22032 1 4462
22047 1 2622
22067 1 1179
22079 2 5115
22092 1 8456
22114 1 337
22116 3 487
22137 1 4439
22138 1 4091
22159 2 2515
22216 1 13756
22453 1 1650
22479 1 1300
22498 1 2128
22535 2 1608
22537 1 1035
22547 1 5064
22599 1 2198
22611 1 992
22887 1 4212
22899 1 1555
22904 1 1053
22908 1 2390
22945 2 2400
22946 2 2519
22973 3 1006
22976 1 1924
22997 1 262
22998 1 224
23064 1 7447
23125 1 1534
23127 1 172
23133 1 523
23139 1 1265
23191 1 169
23207 1 949
23274 1 257
23360 1 1678
23363 1 3369
23407 2 6338
23414 1 880
23457 2 980
23460 1 1670
23466 1 2473
23489 1 7818
23524 1 857
23525 1 3680
23526 2 2714
23590 1 931
23644 1 2056
23663 1 1136
23698 1 1290
23732 1 4739
23754 1 1131
23765 2 11324
23829 3 8025
23896 1 3005
24094 1 3157
24098 1 2429
24119 1 14616
24124 1 2547
24157 1 10311
24175 3 1777
24193 1 875
24226 1 1365
24254 1 4321
24272 1 3323
24364 1 953
24374 1 3085
24390 1 3496
24462 1 8468
24506 1 7516
24510 1 918
24539 2 3939
24540 1 4575
24574 1 3225
24590 1 4782
24591 1 4881
24592 1 4881
24610 1 923
24615 3 480
24670 1 730
24686 11 1154
24692 2 417
24695 2 871
24717 1 1067
24725 1 980
24748 1 4627
24780 1 1382
24784 2 1769
24803 2 5803
24812 1 1148
24819 1 1466
24840 3 9627
24841 3 1228
24892 1 2296
24893 1 2290
25041 1 947
25042 1 783
25049 1 918
25066 1 1878
25072 2 587
25109 1 1281
25124 1 1130
25143 1 1215
25231 1 2410
25235 1 7935
25310 1 1434
25318 1 759
25329 2 1614
25330 1 1134
25331 1 1132
25332 1 874
25363 1 2545
25381 5 769
25404 1 721
25407 1 3649
25428 1 2396
25436 1 1291
25478 1 3302
25491 1 2382
25507 1 1510
25553 1 3595
25594 1 1893
25595 1 1880
25655 1 2371
25690 1 635
25712 2 2401
25730 1 323
25731 1 952
25734 1 78
25779 1 1124
25783 2 3260
25784 1 277
25785 1 238
25786 1 258
25792 1 606
25834 10 862
25900 1 990
25964 1 4294
25976 2 829
26049 2 2989
26050 2 1792
26077 2 2040
26098 1 859
26132 1 2930
26140 1 1008
26163 1 8177
26198 1 576
26203 1 970
26205 2 1479
26216 1 887
26218 1 3037
26239 1 1707
26241 1 5926
26244 1 764
26258 1 7349
26319 1 895
26328 1 1245
26332 1 1975
26349 1 1236
26387 1 775
26410 1 944
26432 1 2149
26434 1 3200
26449 1 7560
26455 2 351
26462 1 951
26469 1 750
26470 2 1686
26498 6 32423
26511 2 1621
26522 1 1759
26532 1 1485
26558 1 1102
26579 7 1078
26614 2 3554
26631 2 8025
26663 1 1859
26675 5 1056
26679 1 562
26685 1 896
26707 1 536
26715 1 1453
26727 1 4405
26730 1 1483
26734 1 1445
26796 1 2116
26821 1 4111
26881 1 231
26882 1 249
26883 1 259
26889 1 1805
26941 1 630
26944 3 2864
26984 1 906
27035 1 1356
27115 1 937
27135 1 1071
27167 1 707
27186 1 210
27191 1 2750
27199 1 2023
27208 1 1202
27272 2 1722
27284 1 1496
27291 1 3912
27308 3 7530
27321 1 7344
27396 2 2172
27400 1 1468
27411 1 1330
27423 1 1599
27457 1 269
27544 1 201
27561 1 1102
27562 1 1089
27579 1 1272
27606 1 919
27607 1 1453
27623 1 2360
27671 2 385
27681 1 1250
27709 1 887
27774 2 2355
27819 1 1332
27830 2 5835
27845 1 821
27848 1 1948
27853 1 3446
27862 1 8511
27868 1 2792
27883 2 4980
27885 1 1416
28001 1 886
28034 1 1005
28040 1 4385
28041 1 2090
28065 2 3068
28077 1 1097
28085 1 466
28093 1 873
28098 1 10589
28102 1 381
28115 2 2406
28119 1 777
28121 1 981
28123 1 7111
28131 3 1689
28192 1 2315
28259 1 6624
28261 1 11790
28266 1 1597
28281 1 1378
28442 1 704
28446 1 9326
28453 1 739
28466 3 10312
28467 1 8583
28468 1 8583
28469 1 8615
28477 1 3627
28491 3 4917
28632 1 513
28665 1 597
28672 1 783
28683 1 1939
28711 2 2834
28758 1 755
28799 1 4713
28814 1 1242
28838 2 3316
28852 1 425
28877 1 705
28984 1 728
29053 3 2517
29054 2 761
29098 1 715
29132 1 1023
29152 1 1988
29180 1 3520
29199 2 1213
29303 1 2173
29366 1 1080
29430 1 1287
29434 2 921
29461 1 767
29475 1 2177
29476 1 1140
29498 3 2955
29508 2 2855
29510 1 780
29512 1 61
29523 2 10213
29528 1 656
29529 1 4211
29555 1 1529
29557 1 7051
29584 1 1507
29591 1 790
29592 2 1374
29616 1 1832
29625 1 10200
29626 1 1653
29642 1 435
29648 1 8110
29653 1 814
29687 3 2532
29688 3 2530
29693 1 1825
29699 2 462
29704 1 278
29709 1 1886
29715 2 4501
29722 1 9450
29788 1 2365
29823 1 2631
29827 1 1467
29860 1 653
29875 1 2653
29876 1 1991
29891 1 4871
29971 1 213
29980 1 1154
29992 2 1640
30008 1 327
30009 1 268
30010 1 329
30011 1 234
30012 1 375
30013 1 229
30014 1 266
30077 1 3556
30081 1 1275
30088 2 2391
30110 1 1249
30128 1 1329
30141 1 708
30190 1 266
30194 1 1245
30197 2 3083
30257 1 1126
30287 1 621
30303 1 5165
30352 1 5973
30437 1 1564
30506 1 1016
30533 1 268
30561 7 730
30569 1 715
30573 1 2812
30609 1 3139
30618 1 763
30636 1 1957
30638 1 1053
30642 1 3081
30646 1 3639
30649 1 2455
30702 3 1182
30734 2 1176
30744 1 1162
30747 1 4167
30759 1 1879
30821 1 1456
30846 1 2865
30868 2 2055
30872 1 2105
30888 2 2250
30917 1 514
30955 1 1113
30965 1 592
30973 3 7204
30993 1 197
31004 2 1096
31045 1 24677
31056 1 434
31058 2 3446
31085 2 2635
31138 1 481
31144 1 918
31234 1 2296
31235 1 1666
31236 1 1725
31237 1 2292
31243 1 757
31250 1 1677
31315 1 385
31327 1 3711
31329 1 3009
31351 1 1654
31406 1 3326
31409 2 716
31417 4 1164
31420 1 725
31455 1 1709
31509 1 619
31516 2 1397
31518 1 5634
31546 1 3809
31606 1 2118
31612 1 724
31639 1 1056
31643 1 1250
31712 1 222
31713 1 239
31714 1 207
31721 1 323
31723 1 9877
31731 1 3982
31733 1 858
31740 1 555
31743 1 709
31783 1 793
31936 1 3664
31947 1 1265
31949 1 6125
31955 1 632
31960 2 1028
32022 1 463
32027 2 1475
32148 1 2042
32170 1 1811
32181 1 2305
32184 1 2319
32187 1 2315
32191 1 662
32197 1 619
32208 1 2672
32214 1 700
32226 2 3217
32238 1 4115
32239 1 993
32242 1 1349
32286 1 3201
32295 1 3206
32296 1 2955
32301 1 3186
32372 1 1632
32374 2 3413
32376 1 3793
32388 3 24490
32398 1 1410
32426 1 3386
32566 1 1495
32595 1 709
32631 1 448
32633 1 767
32654 1 45225
32657 1 867
32661 1 244
32664 2 1019
32699 1 810
32711 2 4218
32729 1 223
32730 1 216
32731 1 321
32737 1 1376
32792 2 564
32812 1 747
32813 1 673
32972 1 11367
32979 1 426
32996 3 693
33054 1 288
33071 1 466
33076 1 1741
33078 1 5728
33091 1 10334
33188 1 10275
33197 1 1325
33198 1 1245
33199 1 1920
33236 7 1830
33240 2 9576
33251 1 2034
33277 1 2857
33328 2 3420
33335 3 9267
33372 2 1921
33393 1 549
33413 1 845
33470 1 1076
33475 3 5068
33513 2 412
33517 2 1259
33590 1 3769
33619 1 1176
33631 1 2116
33688 1 2059
33692 1 738
33697 1 1438
33703 2 18894
33710 1 1002
33728 1 874
33741 1 787
33748 1 855
33766 2 1101
33786 1 3235
33797 1 1450
33819 2 4941
33849 1 1016
33850 2 1130
33859 1 7228
33872 1 1046
33879 1 396
33922 1 815
33924 1 11847
33935 1 765
33937 3 14231
33939 1 3908
33955 2 3773
33958 1 852
34004 1 5029
34016 2 1873
34022 1 1978
34027 1 1328
34035 1 2575
34037 2 3652
34039 2 23394
34044 1 800
34052 5 11789
34081 1 3468
34127 1 968
34177 2 1899
34208 1 2130
34223 1 1760
34268 1 3482
34324 1 692
34342 1 5941
34358 1 1007
34360 1 1335
34392 1 3063
34408 1 1352
34449 1 3565
34457 1 1594
34460 1 1553
34465 1 5422
34480 1 2110
34484 1 1718
34505 2 3691
34520 1 2339
34534 2 1101
34535 1 3465
34548 1 2298
34583 2 4980
34660 1 1031
34661 6 22673
34682 1 1585
34683 1 1171
34696 1 2011
34746 2 1014
34749 1 1894
34795 4 4142
34806 1 819
34824 1 468
34860 2 3758
34901 1 18201
34913 1 877
34920 1 1576
34938 1 5944
34942 1 1517
34990 1 5418
34995 1 3471
35041 3 7162
35047 1 1718
35055 1 1150
35069 1 3840
35179 1 1243
35182 1 13213
35211 1 273
35333 2 5425
35358 1 1042
35369 1 1232
35370 1 1313
35398 3 4556
35399 1 6478
35427 4 12574
35428 5 12657
35430 1 2096
35503 1 784
35524 2 2484
35532 1 4534
35548 1 1681
35567 1 654
35586 3 1245
35660 1 1256
35677 1 2037
35720 1 4608
35738 1 695
35770 1 1317
35791 1 1953
35861 3 10960
35893 1 1446
35906 3 1780
35929 1 1123
35936 1 2025
35937 2 4486
35942 1 999
35946 2 3409
35970 2 1846
36018 1 1940
36059 1 488
36083 1 1627
36086 2 1084
36100 1 3371
36109 12 12698
36130 1 2211
36137 1 2930
36142 1 732
36154 1 419
36178 1 4277
36217 1 924
36239 4 2990
36291 3 4374
36299 2 2612
36345 1 798
36391 1 7515
36394 1 5251
36395 1 5251
36396 1 5251
36403 1 2989
36404 1 2989
36405 1 2989
36414 2 3031
36415 1 4207
36420 2 375
36443 2 1970
36455 1 2503
36554 1 1236
36559 1 2030
36605 1 1696
36682 1 2478
36684 1 1952
36732 2 18263
36761 1 158
36763 1 821
36807 1 1247
36808 2 1928
36832 1 4358
36852 1 2431
36877 1 272
36911 2 643
36931 1 1745
36932 1 1538
36935 1 867
36945 2 21910
37001 1 909
37023 2 2246
37042 1 502
37097 1 3262
37106 1 3136
37111 2 873
37129 2 1098
37140 1 1347
37164 1 3578
37172 2 2396
37193 2 4630
37211 1 1200
37282 1 2473
37310 20 7113
37324 1 5244
37325 1 5474
37366 1 814
37390 1 491
37419 4 13883
37423 5 13622
37424 1 1300
37425 2 4184
37427 1 7481
37436 2 9722
37441 1 2218
37454 3 8351
37464 1 728
37471 1 828
37505 1 759
37514 1 866
37521 1 3207
37594 1 1661
37614 1 4640
37616 1 8646
37617 1 1086
37618 1 744
37623 1 913
37630 1 2027
37661 2 5314
37673 1 954
37685 1 2123
37692 1 1697
37698 1 5406
37714 1 2598
37715 1 1489
37725 1 2498
37734 2 3488
37737 1 1881
37747 2 4991
37845 1 1490
37875 1 644
37885 1 814
37893 3 7547
37932 1 17484
37958 1 1505
37959 1 3028
37997 1 392
38005 1 3590
38024 2 1239
38044 1 273
38050 1 445
38070 1 1509
38086 3 370
38094 1 2311
38106 1 339
38140 1 1404
38145 1 839
38166 2 1380
38177 1 1445
38189 2 3745
38194 1 2925
38200 1 3117
38201 1 1043
38212 1 389
38213 1 660
38214 1 232
38215 1 234
38216 1 218
38217 1 211
38218 1 262
38221 1 1823
38224 2 2141
38305 1 744
38318 1 1214
38323 1 425
38381 1 981
38384 1 314
38399 1 1953
38400 3 1879
38409 1 1711
38411 1 2671
38412 1 2954
38413 1 6145
38441 1 3038
38476 1 1139
38484 1 1425
38506 1 725
38537 1 1111
38538 1 1115
38549 1 551
38553 1 1138
38554 1 229
38557 5 10387
38558 1 511
38561 1 1357
38574 1 2305
38586 1 3019
38587 1 806
38604 2 707
38610 1 1389
38615 1 1026
38628 1 1814
38635 1 1518
38671 1 1330
38685 1 2596
38697 1 675
38715 1 5564
38725 1 2848
38745 1 916
38752 1 1447
38755 1 1706
38771 1 353
38799 1 1503
38851 1 4217
38855 1 5137
38870 1 642
38884 1 2693
38889 1 779
38910 1 7766
38916 1 6621
38973 1 508
38975 1 912
38979 1 1182
38998 1 464
38999 3 4065
39015 1 2466
39018 1 1936
39035 1 331
39041 1 781
39042 1 3251
39068 2 6017
39086 1 903
39092 1 2067
39119 1 306
39128 1 1085
39129 1 1061
39148 1 4610
39178 1 1298
39187 1 715
39193 1 3626
39198 1 2105
39210 1 1517
39241 2 7079
39251 1 2258
39264 1 7187
39283 1 2198
39292 1 4867
39308 1 523
39309 1 533
39321 1 1371
39327 1 897
39329 11 32477
39340 1 677
39396 2 563
39397 1 2248
39428 1 870
39448 1 3136
39458 1 1860
39475 1 1192
39489 1 1197
39500 2 303
39526 1 861
39588 1 6063
39592 1 1058
39632 2 798
39690 1 2140
39705 1 2975
39716 1 683
39774 1 1715
39816 2 840
39836 1 169
39952 1 1363
39953 1 1179
39959 1 969
39978 8 30166
40001 1 1577
40014 1 1723
40022 1 2312
40053 6 3632
40076 1 1554
40079 1 1161
40095 2 970
40107 1 1049
40109 1 902
40113 1 2948
40127 1 877
40131 1 5534
40139 2 845
40167 1 1108
40168 3 919
40184 1 1340
40190 1 953
40198 1 5290
40200 1 2237
40224 1 1671
40225 1 1682
40226 1 1053
40246 1 690
40247 1 661
40287 1 10480
40301 2 1617
40315 1 577
40319 1 3414
40320 1 7910
40337 1 671
40371 1 1103
40412 3 2785
40426 1 626
40468 2 2719
40477 1 957
40521 1 1004
40538 9 14088
40540 1 815
40547 1 1707
40552 1 4962
40567 1 875
40571 1 706
40580 1 1410
40586 5 8741
40634 1 766
40648 1 7183
40666 1 1754
40672 1 714
40696 1 6423
40697 1 2727
40719 1 235
40734 1 974
40745 1 776
40755 1 1578
40819 1 10440
40820 3 4100
40833 1 2965
40898 1 2825
40903 1 606
40905 2 1163
40918 2 1001
40921 1 811
40939 1 55
40956 1 530
40966 1 1237
41004 1 493
41013 1 2867
41029 1 1155
41033 1 2191
41047 5 1994
41100 1 1368
41102 3 1491
41111 1 2649
41118 2 2966
41131 1 4182
41182 1 2196
41217 1 487
41219 3 1078
41227 1 496
41250 1 598
41253 2 654
41297 1 441
41299 1 1272
41327 3 4020
41530 1 673
41541 1 1241
41570 1 526
41602 1 657
41684 1 857
41696 2 1507
41698 2 3701
41700 1 1452
41713 3 1310
41742 1 1669
41754 1 1650
41756 1 439
41782 1 964
41784 1 546
41791 1 1418
41794 1 687
41800 1 1008
41837 2 1734
41901 1 1154
41935 1 1302
41945 1 1262
42025 1 9933
42056 1 1410
42063 1 1105
42129 1 4735
42135 3 5733
42140 1 345
42141 1 1064
42161 1 9423
42167 1 582
42234 7 2137
42236 1 1927
42238 1 1943
42246 1 1979
42276 1 537
42282 1 796
42297 1 1946
42355 2 5228
42356 1 4608
42362 1 10503
42377 1 617
42393 1 1141
42436 1 871
42438 1 506
42441 1 460
42442 1 865
42448 1 627
42467 1 878
42487 1 1735
42510 1 1487
42554 1 513
42580 2 8665
42584 1 1300
42594 1 384
42599 1 1553
42626 1 1450
42632 1 2515
42667 1 1132
42671 1 906
42682 1 3838
42753 1 973
42763 1 6680
42764 3 1569
42767 3 8035
42769 7 8334
42778 1 2008
42824 2 1386
42914 1 1101
42958 3 605
42995 1 1142
43009 1 2498
43021 2 983
43027 1 1898
43038 1 233
43039 1 245
43122 1 1078
43150 1 9162
43229 3 8025
43252 1 1159
43261 1 1175
43431 1 385
43444 1 2757
43446 5 8554
43463 1 1072
43470 1 3949
43474 1 2661
43477 2 22611
43507 1 1101
43508 1 1409
43547 1 1029
43551 1 1826
43552 1 820
43631 2 1133
43685 2 1014
43693 1 1197
43724 1 3202
43747 1 7125
43763 1 2590
43773 1 1247
43794 1 733
43900 1 1267
43921 2 9448
43937 1 1476
43943 1 2720
43953 1 1000
43960 1 1986
44023 1 1497
44116 1 4462
44125 1 6435
44157 1 2662
44187 1 1048
44227 1 676
44233 1 578
44234 1 561
44286 1 5425
44319 2 408
44325 1 1073
44334 1 1214
44362 1 3685
44370 2 4236
44372 3 5509
44389 1 1440
44395 1 1358
44402 1 1038
44410 1 768
44429 1 1727
44477 1 754
44478 1 1098
44479 1 5563
44484 1 806
44494 2 3303
44498 1 1049
44557 1 186
44574 1 1177
44761 1 2510
44799 1 728
44872 1 1054
44881 1 3374
44891 1 1753
44927 1 2922
44937 1 1292
44954 2 8549
44968 1 764
45085 1 668
45094 3 848
45159 1 13537
45161 1 1863
45186 1 516
45189 3 6148
45212 1 555
45221 1 652
45246 1 2149
45262 1 6033
45275 2 1123
45357 1 420
45358 1 463
45359 1 216
45364 1 1314
45394 1 1505
45409 1 1025
45435 1 1178
45505 1 701
45581 3 8025
45610 1 1452
45616 1 463
45676 1 11251
45801 1 457
45814 2 3034
45826 2 8235
45846 1 1458
45851 1 2388
45859 1 21421
45874 1 989
45971 1 1186
45972 1 1715
45978 2 2264
46007 1 789
46027 1 719
46028 1 997
46030 1 415
46046 2 3634
46075 1 1119
46079 1 1905
46153 1 3988
46209 1 842
46277 3 4798
46298 2 3741
46322 1 1537
46329 1 851
46331 1 4197
46335 1 700
46372 1 1372
46378 1 6175
46388 97 81863
46417 1 1264
46419 1 2392
46431 2 746
46490 2 2484
46516 1 1910
46569 3 678
46609 2 2149
46611 1 2127
46615 2 3442
46633 1 1565
46646 1 1436
46663 1 1197
46683 1 3045
46688 1 618
46691 1 1448
46701 1 566
46729 1 1249
46733 1 728
46739 1 1076
46748 1 1902
46758 1 762
46777 2 3791
46782 1 1711
46809 1 883
46811 1 2035
46919 1 708
46920 1 1431
46937 1 1271
46983 1 4196
46991 1 393
47011 1 879
47062 1 830
47075 1 1834
47101 1 534
47128 1 1444
47139 1 6464
47151 8 5857
47205 1 1857
47279 1 617
47282 2 766
47363 1 609
47408 1 801
47437 1 1517
47449 1 2847
47473 3 1168
47508 1 1236
47515 1 3985
47528 1 4592
47546 1 1613
47559 2 11224
47576 2 2029
47621 1 2092
47649 1 3343
47650 1 1540
47651 1 3064
47654 2 3047
47682 1 1552
47736 1 1046
47737 1 438
47789 10 522
47799 1 2474
47816 1 566
47817 1 404
47901 1 225
47910 2 1921
48002 1 2505
48031 1 4280
48046 1 1325
48069 1 3129
48078 1 11919
48144 2 943
48159 1 849
48180 4 25164
48197 7 8238
48205 2 3456
48223 4 2573
48285 1 1127
48287 1 2481
48290 2 2106
48305 1 667
48354 1 692
48363 1 676
48366 1 1222
48382 1 3039
48413 2 3524
48416 1 1759
48440 2 1635
48454 9 2048
48462 1 258
48501 1 3845
48510 2 1499
48566 1 3055
48602 1 421
48617 1 596
48618 1 1867
48632 1 3473
48650 1 6532
48651 1 3561
48674 1 1144
48722 1 1191
48726 2 410
48727 2 64
48747 1 1809
48765 1 1857
48779 1 3569
48818 2 3023
48840 4 772
48868 1 950
48903 1 974
48904 1 1475
48909 1 1859
48917 1 6627
48922 1 2935
48924 1 3784
48952 1 1906
48954 1 4360
48989 9 1067
48991 1 1977
49001 1 3445
49005 1 2273
49015 1 2835
49022 1 2746
49026 1 1774
49030 2 1393
49046 1 475
49071 4 1361
49079 1 1864
49083 1 470
49112 2 1134
49133 1 844
49149 1 3141
49150 1 4092
49166 1 540
49173 4 10707
49176 1 11069
49185 1 1503
49203 4 1682
49206 1 403
49234 1 861
49257 1 1855
49259 1 953
49282 2 4687
49315 1 924
49322 1 882
49323 1 5236
49327 2 746
49340 2 2095
49344 1 2202
49348 1 2857
49354 1 2334
49367 1 2106
49441 1 826
49454 1 2489
49455 1 2601
49457 1 2074
49482 3 1172
49483 5 4047
49484 9 3481
49493 1 625
49506 1 911
49522 1 6160
49529 2 2335
49601 2 978
49672 1 1575
49680 4 5727
49752 1 1670
49796 1 1300
49799 1 1576
49801 1 763
49811 1 1751
49842 1 2475
49844 2 6972
49848 1 1148
49905 1 2350
49922 1 1533
49932 4 1098
50007 1 1150
50014 1 1452
50016 4 11583
50025 3 5763
50040 1 6696
50047 1 1726
50126 1 1046
50142 1 2652
50143 2 8454
50144 1 5084
50174 1 1566
50205 2 7146
50213 1 1995
50223 1 6104
50247 2 1590
50269 1 1701
50277 1 1300
50288 1 2416
50312 1 1045
50369 1 1117
50427 1 702
50429 1 2393
50430 1 2601
50464 1 2946
50472 1 597
50485 2 3231
50486 2 1889
50488 2 1982
50529 1 4267
50573 1 817
50598 1 5177
50599 1 5431
50602 1 710
50613 1 2424
50625 1 656
50670 1 1366
50726 1 2071
50774 1 724
50792 1 1448
50813 1 1092
50877 1 1428
50888 1 2791
50916 1 4044
50917 1 5455
50923 3 2197
50964 1 119
50966 2 8029
50983 2 16660
50992 1 1320
51000 2 1757
51003 1 239
51004 1 239
51006 1 2540
51018 1 731
51020 1 535
51031 1 1136
51194 1 2656
51211 1 1371
51226 2 2481
51231 1 1305
51234 1 1409
51298 1 773
51336 2 974
51345 1 2417
51386 1 2055
51389 1 984
51454 1 271
51455 1 265
51516 2 4186
51560 1 1283
51561 2 1242
51565 1 1885
51673 1 807
51674 1 1066
51764 1 2864
51774 1 1467
51777 1 1830
51802 2 5283
51807 1 230
51821 1 939
51827 2 2148
51829 1 292
51845 1 1135
51886 1 1112
51921 1 820
51935 1 781
51955 1 1040
51978 5 8282
51991 1 4229
51993 1 12689
51994 1 9298
52021 2 595
52023 1 1212
52033 1 1709
52069 1 2292
52072 1 2361
52074 2 7011
52109 1 3805
52131 2 184
52146 1 10691
52167 1 2979
52199 2 2113
52221 1 1170
52228 1 3809
52233 1 1302
52258 1 1184
52278 1 832
52279 1 1231
52301 1 8406
52320 1 2961
52326 5 3702
52333 1 462
52334 1 1231
52338 1 2169
52345 1 3783
52372 1 710
52397 2 4823
52402 1 1032
52403 1 1953
52406 5 4365
52423 1 1405
52471 1 686
52480 3 2295
52500 1 3237
52541 1 3260
52548 1 1684
52561 2 52057
52624 3 86
52647 1 888
52649 2 832
52690 1 1737
52691 1 1724
52717 3 3076
52804 1 4622
52815 1 809
52837 2 521
52897 1 1089
52924 1 605
52941 1 3400
52974 1 1854
52976 1 578
52988 1 24350
53024 1 726
53037 1 902
53038 1 2169
53040 1 1220
53047 1 1702
53081 2 1072
53082 1 663
53132 2 1846
53137 1 1658
53140 1 4214
53217 2 2450
53229 3 714
53242 1 4792
53261 1 1586
53262 1 904
53266 1 89
53307 2 1762
53308 1 2307
53329 1 3895
53343 1 2474
53367 1 1856
53424 1 5193
53427 1 546
53430 9 48057
53442 5 8599
53497 1 1219
53519 1 1735
53534 3 1069
53550 1 1181
53601 1 2754
53630 1 414
53642 1 872
53645 2 1386
53702 1 194
53719 1 1519
53737 1 405
53738 2 2051
53761 1 1331
53766 1 1364
53862 1 1177
53882 1 841
53883 1 841
53890 1 3997
53891 1 3993
53892 1 3994
53893 2 4170
53894 2 4154
53909 1 2366
53934 2 1246
54139 1 944
54144 1 2965
54164 1 594
54167 1 423
54208 1 1198
54212 1 1573
54217 1 315
54241 2 1146
54349 5 12411
54350 1 8318
54357 1 730
54358 1 843
54368 4 1871
54375 1 5885
54376 1 664
54403 1 997
54441 1 4709
54446 1 308
54457 1 1157
54484 1 1680
54485 1 4555
54502 1 2792
54553 1 2793
54554 1 2063
54556 1 1505
54576 1 1577
54602 1 1759
54619 1 10647
54661 1 699
54668 1 814
54669 1 799
54678 1 990
54925 1 625
54930 1 1003
54950 1 3726
54961 1 1281
55067 2 3184
55071 1 3179
55072 1 3317
55073 1 3312
55085 1 476
55094 1 12123
55096 1 1289
55116 2 1669
55126 1 3321
55128 1 1409
55164 1 1267
55434 1 1232
55512 1 695
55516 1 1474
55537 1 7693
55607 1 9422
55608 1 4052
55620 1 862
55622 1 221
55679 1 751
55702 1 261
55742 1 1027
55913 1 1188
56182 1 926
56204 1 1621
56224 1 1444
56279 1 917
56398 1 403
56424 1 1256
56426 1 1399
56477 1 4251
56487 1 3333
56489 2 5171
56495 1 1972
56513 1 22
56521 5 5019
56522 1 3726
56549 1 1195
56553 3 7598
56557 1 1778
56575 1 1164
56630 2 3641
56634 1 744
56638 1 505
56642 1 430
56643 2 628
56644 1 492
56672 1 547
56700 5 2072
56701 1 2806
56703 1 2682
56708 2 1319
56713 1 736
56717 1 2410
56729 1 476
56737 2 1156
56770 2 2972
56802 2 8941
56816 1 1923
56821 1 6607
56825 1 1188
56839 1 8203
56849 1 1501
56881 1 4650
56888 2 2750
56895 1 3189
56900 1 1808
56915 1 4927
56922 1 1234
56929 1 1002
56951 1 592
57007 1 459
57009 1 1467
57011 1 1023
57026 1 408
57217 1 1984
57218 1 560
57228 1 1834
57231 1 3603
57319 1 1304
57323 1 1349
57371 1 1247
57380 1 3371
57397 1 927
57410 1 2492
57441 1 2098
57476 1 1805
57494 1 3677
57510 1 2365
57524 1 262
57626 1 1133
57630 2 888
57643 5 8017
57644 1 641
57650 1 524
57659 1 917
57660 3 6533
57666 2 1813
57730 1 1998
57748 1 1258
57788 1 1324
57801 1 2633
57821 3 4929
57832 1 1094
57833 1 2030
57839 1 342
57846 4 2065
57903 1 623
57950 3 10362
57951 3 10312
57952 1 8583
57953 1 8583
57954 1 4003
57955 2 4158
57956 2 4158
57962 1 2722
57964 1 1922
57974 1 1235
57997 1 4870
58129 2 650
58186 1 539
58188 3 960
58243 1 1796
58247 1 19391
58311 1 723
58390 1 1711
58408 1 4007
58467 1 4185
58502 1 1134
58535 1 1948
58673 1 648
58675 2 2820
58752 1 773
58762 1 4573
58782 1 2475
58825 2 1206
58836 1 2335
58837 1 3342
58847 1 2073
58852 1 3464
58865 2 1126
58874 1 1816
58933 2 1093
58966 1 5767
58968 1 815
59053 3 2530
59054 3 2531
59072 2 10092
59080 1 953
59169 1 2086
59189 3 10518
59206 2 681
59211 1 3035
59214 1 604
59262 1 1268
59276 1 1484
59277 1 268
59278 1 232
59347 1 9699
59348 1 10477
59349 3 8147
59398 1 1993
59442 1 1743
59452 1 1493
59463 1 2182
59466 1 4209
59472 1 2189
59527 1 1590
59580 1 1999
59621 1 2882
59626 2 2003
59627 1 4734
59630 3 5288
59631 1 2500
59637 1 2484
59647 1 1537
59662 3 14951
59666 1 1637
59672 1 3130
59680 3 2653
59687 1 1419
59689 1 2525
59691 1 2592
59699 2 1994
59709 2 3880
59717 1 4807
59789 1 302
59822 1 1199
59826 2 1508
59829 1 1756
59833 1 1248
59900 1 3360
59903 1 687
59909 1 3894
59918 6 9598
59985 1 4522
59986 1 4731
59988 3 5229
60010 1 767
60017 1 1734
60019 3 5237
60021 1 2368
60030 3 10533
60063 2 3984
60064 3 3872
60065 1 3606
60066 1 4785
60068 1 2246
60070 1 2663
60082 1 1247
60155 1 11169
60156 1 5280
60157 1 3863
60181 1 1881
60229 1 921
60285 1 1744
60330 1 2281
60339 1 856
60342 1 1408
60348 1 191
60351 1 2113
60375 1 1930
60382 1 1238
60392 1 1512
60393 1 511
60429 2 5933
60440 1 1116
60485 1 2859
60507 1 4075
60523 1 1348
60532 1 3124
60535 2 994
60536 1 1572
60537 1 1343
60538 1 2351
60542 1 1829
60566 1 301
60567 1 919
60568 1 242
60569 1 580
60570 2 921
60587 1 306
60595 1 3346
60611 2 2420
60621 1 198
60661 3 4572
60662 3 6202
60678 1 3884
60693 1 7521
60697 2 1552
60707 1 1099
60739 1 3026
60744 1 2509
60747 3 1472
60791 1 3468
60829 1 3490
60840 1 610
60953 1 2570
60964 1 3850
60994 1 1924
61001 1 1325
61002 1 1476
61003 1 1701
61004 1 2305
61043 1 4069
61045 1 2390
61046 2 660
61073 6 8875
61074 1 668
61130 2 2655
61131 1 2971
61153 1 863
61166 1 3006
61186 1 14302
61187 5 15707
61188 8 29700
61196 1 1748
61213 1 1171
61248 1 1412
61255 1 4815
61256 1 2242
61260 1 1077
61263 1 1798
61264 1 449
61269 1 8764
61293 1 1113
61331 1 2243
61352 1 18809
61357 1 3441
61366 2 1509
61368 1 1197
61400 1 2056
61428 2 8357
61463 1 1595
61532 1 452
61545 1 814
61546 1 840
61547 1 853
61556 1 3140
61559 1 708
61610 1 1320
61664 1 3204
61668 1 11710
61670 1 597
61675 1 662
61736 2 3608
61766 1 3802
61774 1 375
61800 1 1282
61820 1 5698
61827 2 4204
61833 2 7073
61891 1 987
61899 1 2006
61917 2 5083
61924 2 6503
61928 1 964
61982 1 995
62014 2 6015
62033 1 1470
62034 1 3365
62046 1 143
62078 1 891
62105 1 686
62109 1 4903
62110 1 4274
62111 1 6309
62115 1 755
62122 1 275
62137 1 2894
62138 3 1745
62144 1 2188
62176 1 3929
62187 8 9768
62191 1 3053
62194 1 591
62199 1 2963
62204 2 8201
62218 1 2462
62242 1 2867
62268 2 1449
62292 1 1351
62299 2 7136
62304 1 1048
62330 1 259
62397 2 7643
62417 3 11638
62432 1 5539
62439 1 463
62451 1 188
62482 1 1901
62588 3 8596
62593 1 2061
62596 1 2402
62615 1 1556
62642 3 7441
62645 1 299
62693 2 5347
62725 2 3245
62755 1 1796
62766 1 8596
62767 1 14162
62775 1 2968
62780 1 1770
62781 2 1596
62788 1 2229
62822 1 802
62840 1 1377
62846 1 1520
62867 3 1739
62868 5 1757
62900 1 200
62902 1 2612
62912 1 6714
62922 3 2154
62951 1 2817
62992 3 5430
62995 1 595
62997 2 1180
63035 1 982
63040 1 1142
63049 1 1162
63075 1 3050
63082 1 248
63096 3 1260
63139 1 792
63160 1 1813
63166 2 2579
63167 2 3539
63229 1 786
63243 1 750
63255 1 2143
63256 2 2229
63263 1 3119
63309 1 4077
63310 1 2477
63311 2 1028
63350 3 2253
63411 2 1780
63427 5 4477
63475 1 1619
63529 1 1062
63555 1 7057
63564 2 3674
63565 2 3099
63566 1 2589
63567 1 2685
63568 2 1949
63592 1 1009
63597 1 1946
63628 1 1675
63650 1 465
63656 1 6872
63709 1 2193
63764 1 536
63777 1 2978
63788 1 3142
63795 1 1855
63801 1 509
63834 1 3002
63836 1 3200
63839 1 635
63862 2 746
63880 1 1289
63882 1 1633
63906 2 4261
63915 1 1055
63929 2 1348
63950 1 345
63952 1 811
63957 1 1067
64015 1 2612
64050 2 3580
64051 2 3589
64052 1 2458
64053 1 2458
64057 1 841
64100 1 1352
64294 1 2023
64320 1 1816
64350 8 20899
64365 2 755
64376 4 2975
64380 2 547
64407 1 1172
64453 1 10145
64491 1 1559
64519 1 377
64527 1 314
64529 1 3125
64559 1 4363
64562 1 950
64590 1 2177
64597 1 751
64619 1 2292
64671 1 687
64676 2 951
64936 1 1450
64948 1 929
64973 1 433
64974 1 1043
65006 1 3064
65009 3 3343
65080 1 1255
65082 1 2417
65093 1 2401
65129 4 15643
65266 2 967
65393 1 534
65453 2 1772
65556 1 2099
65576 3 4667
65587 1 1146
65612 1 930
65618 2 1810
65665 1 496
65671 2 1356
65672 6 1726
65691 1 716
65720 1 620
65748 1 1674
65779 1 651
65787 1 750
65807 2 1381
65818 1 1668
65904 2 1952
65933 1 1896
65961 1 2405
65999 3 7992
66001 1 1533
66086 1 2643
66088 1 1445
66093 1 1350
66113 2 1368
66116 2 812
66162 1 3524
66188 1 5739
66193 1 691
66221 1 1754
66226 1 1366
66235 1 743
66247 1 841
66278 1 2126
66281 1 1481
66306 1 827
66340 1 1753
66343 1 558
66380 2 9761
66386 1 631
66404 1 1459
66415 1 6038
66436 2 1259
66437 2 1259
66444 1 3410
66454 1 1171
66461 1 691
66471 1 3798
66472 1 3818
66515 1 6274
66538 2 2914
66552 1 932
66557 1 415
66562 1 588
66564 1 2309
66583 2 1396
66586 1 2141
66587 1 4790
66598 1 1411
66616 3 847
66636 2 1536
66691 1 1652
66696 1 286
66708 2 1409
66719 1 2207
66722 20 276701
66727 1 1513
66747 1 917
66751 2 11896
66764 2 999
66771 2 3499
66773 1 1006
66806 2 3247
66813 2 679
66819 1 6321
66846 2 3482
66847 1 2941
66902 1 955
66914 2 1186
66947 1 18231
66953 2 1274
66972 17 3916
66993 1 1773
67019 2 1107
67027 1 2379
67051 1 423
67052 1 419
67053 1 246
67054 1 2805
67063 1 817
67074 1 9837
67084 1 1137
67100 1 1098
67136 1 784
67138 1 492
67142 1 699
67257 3 1710
67265 1 2055
67269 1 1199
67273 1 1989
67275 1 1069
67276 1 1194
67316 1 2577
67324 1 2007
67329 1 2207
67340 1 2960
67355 1 6043
67360 1 1780
67395 1 2737
67408 2 5567
67409 1 5448
67410 2 7180
67453 1 3053
67526 1 813
67541 7 1378
67543 4 975
67581 1 435
67586 1 831
67588 1 2174
67595 1 699
67600 3 932
67637 1 4061
67640 1 808
67651 1 1272
67656 1 1484
67681 3 1131
67682 1 737
67684 1 705
67711 1 1600
67727 2 3367
67728 1 2471
67754 1 567
67777 1 2113
67784 1 2572
67790 2 3052
67805 1 253
67833 1 1022
67855 2 1173
67880 2 1302
67886 1 554
67889 1 2813
67893 2 4007
67896 1 819
67897 1 1662
68002 2 3149
68015 1 6966
68040 1 2912
68075 1 950
68092 1 8126
68117 1 4150
68119 1 6225
68143 1 1086
68159 1 6709
68160 1 6120
68169 3 626
68178 1 814
68179 1 1413
68209 1 767
68213 1 642
68252 2 1260
68261 1 1258
68282 1 1506
68297 2 1033
68307 1 1697
68338 1 1346
68351 1 1158
68376 2 1833
68378 1 1880
68389 1 7515
68390 1 7515
68391 1 7515
68393 2 3580
68394 1 2458
68395 1 2458
68421 3 2923
68424 2 1934
68440 1 2081
68446 1 3669
68668 1 1127
68677 1 810
68680 2 9381
68682 1 354
68698 1 1633
68703 2 1281
68738 1 1152
68764 1 2106
68765 1 6394
68766 1 5324
68778 1 432
68786 1 1076
68806 2 177
68811 1 1296
68823 1 2312
68829 1 1011
68842 1 1215
68847 1 2391
68860 1 2402
68893 2 1871
68955 1 1190
68957 1 1340
68960 1 1724
68964 2 11197
68985 1 889
68989 1 521
69315 1 587
69341 1 637
69362 1 1181
69381 1 920
69436 3 1123
69456 1 1329
69492 1 980
69506 1 1045
69509 1 5379
69522 1 2679
69524 1 453
69530 1 3436
69690 2 2102
69695 1 846
69710 1 5755
69716 2 7169
69721 8 6125
69856 1 1831
69857 1 608
69895 1 1151
69917 1 3612
69970 1 1405
69991 1 437
69992 1 378
69993 1 240
69999 1 1153
70039 1 1573
70169 3 8025
70207 2 10208
70238 1 1571
70275 2 2825
70279 3 12383
70292 1 2365
70294 1 772
70374 2 826
70377 3 5997
70382 1 1908
70448 1 2617
70481 1 2683
70488 1 2098
70535 3 1353
70565 1 971
70738 1 3457
70749 1 6334
70841 2 8361
70855 1 5396
70862 2 658
70864 1 939
70871 3 1165
70890 1 2440
70929 1 6834
70934 1 944
70954 2 6095
70957 1 867
70963 1 725
70991 1 2170
70999 1 553
71013 3 1564
71016 1 1255
71050 1 3333
71070 1 756
71077 1 2876
71079 1 1485
71082 1 660
71102 2 1497
71108 3 645
71159 1 789
71198 2 1202
71323 1 3523
71365 1 1140
71419 1 2738
71432 1 2398
71526 2 815
71528 2 1242
71543 1 2407
71557 1 754
71577 2 523
71581 1 1913
71614 1 517
71630 1 3469
71652 2 1418
71659 1 1216
71675 1 907
71706 2 5275
71744 2 2609
71746 1 665
71757 2 2729
71796 2 785
71821 1 894
71827 1 6203
71854 1 4173
71880 1 1247
71896 3 3955
71897 1 2249
71906 1 1299
71908 1 1014
71943 1 3979
71969 1 777
71972 2 722
71987 1 1438
71992 1 1328
72004 1 8626
72045 1 2213
72048 1 5014
72065 2 9229
72069 1 940
72070 1 1211
72078 1 794
72098 4 19912
72109 1 1250
72176 1 2898
72183 1 752
72215 1 2153
72226 1 1219
72230 1 1290
72240 1 790
72242 1 1531
72278 1 1211
72293 1 1975
72295 2 2968
72299 1 1853
72309 1 352
72311 1 702
72315 1 1434
72326 1 997
72329 1 795
72358 1 1752
72368 1 1211
72380 2 3360
72382 2 4049
72402 1 1487
72483 1 1370
72488 1 804
72497 1 687
72498 1 11873
72513 1 4800
72525 1 2404
72554 2 897
72589 1 691
72617 1 5161
72622 3 527
72698 1 458
72761 1 1533
72765 1 2690
72769 1 4944
72827 2 7031
72829 1 4528
72830 1 3747
72831 1 6567
72832 1 3890
72837 1 3948
72839 2 2764
72854 2 1357
72856 1 1892
72859 1 1218
72869 1 902
72899 3 20275
72905 1 631
72920 1 5462
72938 3 10696
72960 1 3082
72967 1 602
72974 2 2607
72982 1 5401
72999 1 3301
73016 1 1141
73033 1 1060
73088 1 4779
73089 1 890
73094 3 1712
73165 1 218
73249 1 917
73323 1 1574
73374 1 1179
73375 1 219
73422 1 855
73437 1 1405
73495 1 934
73552 1 731
73574 3 8025
73645 4 5683
73655 1 1423
73657 1 1439
73660 2 2066
73675 1 1104
73676 3 2052
73757 4 673
73774 1 1177
73789 2 441
73888 1 1605
73889 1 2079
73932 2 2612
73996 4 7920
74005 1 339
74033 2 618
74042 2 3503
74045 1 1101
74052 4 1551
74056 3 1960
74065 1 2514
74066 1 1093
74069 1 999
74092 1 1697
74116 1 4873
74121 2 2293
74133 1 834
74151 1 1393
74156 1 1504
74177 1 4268
74197 1 1338
74200 1 676
74218 1 909
74356 5 1589
74368 1 3668
74372 1 1337
74390 1 3030
74398 1 1396
74437 2 6261
74449 1 1802
74519 1 5618
74522 2 1218
74567 1 1654
74571 1 1350
74572 2 8808
74574 2 499
74590 1 1461
74604 2 5954
74605 1 6001
74619 1 1414
74649 1 533
74650 1 878
74746 1 5004
74750 1 2927
74775 1 2772
74792 1 1680
74794 1 1782
74795 1 2070
74798 1 2970
74801 1 899
74806 1 5040
74844 1 1805
74872 1 1224
74887 2 7880
74892 1 1290
74902 2 774
74917 1 1213
74929 2 1329
74933 1 1532
75109 1 1277
75169 2 9895
75170 1 259
75203 2 2977
75206 1 2994
75221 1 6839
75240 1 5462
75252 1 1409
75328 1 3938
75331 4 3149
75332 1 726
75471 2 3184
75534 2 9607
75551 1 2365
75603 1 888
75604 1 651
75605 1 270
75673 1 919
75698 1 399
75758 1 1348
75762 1 1634
75763 1 1016
75831 1 807
75832 1 866
75920 2 4335
75935 1 965
75939 1 1207
75961 2 1828
76025 1 1636
76035 1 1222
76040 1 3213
76043 1 419
76099 1 1514
76106 1 4999
76109 1 1242
76132 1 1508
76136 1 4953
76137 2 2520
76156 1 768
76160 1 6409
76162 1 3412
76174 1 20998
76205 2 3668
76225 1 890
76233 1 1717
76234 1 1291
76245 2 6436
76246 1 6517
76247 1 4782
76303 1 1328
76304 1 5487
76318 1 870
76320 1 908
76353 1 3328
76368 2 1834
76380 2 920
76386 1 1594
76408 1 4367
76437 2 1295
76448 2 5583
76449 1 6086
76481 1 4881
76525 1 858
76529 1 10440
76617 1 1552
76618 1 1560
76626 1 4388
76640 2 1656
76651 2 686
76655 1 2833
76656 7 4057
76671 1 599
76696 1 888
76702 1 1073
76707 1 3320
76743 1 506
76744 1 887
76762 2 7340
76769 1 2417
76773 1 2532
76791 2 1042
76792 1 1248
76858 1 723
76923 1 1539
76990 3 1902
77010 13 6732
77015 1 1847
77045 1 451
77054 1 1501
77057 1 1725
77091 2 1850
77107 1 1115
77153 1 2521
77174 1 951
77180 1 5716
77186 1 1060
77194 1 812
77208 1 4089
77209 1 4122
77210 1 4271
77211 1 3451
77212 1 3474
77213 1 3532
77215 1 1900
77225 1 2945
77227 1 2803
77233 4 4265
77236 1 1989
77245 1 2403
77246 2 6149
77443 1 2709
77447 1 655
77450 3 5940
77451 2 1266
77453 2 2217
77456 4 13066
77463 1 1315
77473 1 3580
77569 1 592
77576 2 4731
77595 1 1498
77642 1 640
77809 1 360
77818 1 6471
77860 1 2146
77874 1 3196
77875 1 3223
77893 1 2270
77943 1 1110
77954 1 4740
78013 1 1893
78014 1 1880
78031 1 1380
78034 1 2796
78062 3 3649
78074 1 1554
78105 2 693
78113 1 2136
