extrovert extrovert 50 65215343 
1566 4 3548
7672 2 1731
9315 1 966
16100 1 1483
16528 1 1436
18567 1 1311
19387 1 872
27826 1 942
30519 2 5484
30900 1 489
31771 1 404
34394 3 8616
34733 1 882
36298 1 1028
36595 1 745
36945 1 21910
38224 4 2141
39286 1 1507
42173 1 1570
48285 1 1127
48324 1 520
50546 1 1843
51778 1 2441
52568 1 838
53045 1 1416
53541 2 1370
56521 1 5019
57441 2 2098
61043 1 4069
62067 1 873
62929 1 5384
63309 1 4077
64315 1 685
65539 1 628
67714 1 666
72927 1 883
72928 1 1440
74067 1 6352
