sin sin 1656 65215343 
12 1 1981
103 2 1217
177 2 1508
449 1 555
463 1 1357
509 1 1165
547 1 1844
555 1 1894
602 1 397
649 1 830
799 1 845
876 1 4565
939 3 474
964 1 3624
1038 1 6757
1185 6 15836
1233 1 268
1348 1 958
1435 1 3772
1436 1 662
1461 1 1379
1462 1 1187
1583 1 4414
1635 1 22965
1730 1 1157
1737 15 4121
1835 1 1234
1851 5 1250
1869 1 343
2362 1 3506
2457 1 731
2690 1 972
3103 1 3185
3319 1 1682
3534 1 289
3728 2 815
3790 1 5889
3837 2 782
3863 1 4935
3887 1 2632
3892 1 846
3921 1 3235
3930 1 1380
3932 1 1367
4068 2 8611
4076 1 4324
4078 1 2535
4180 1 1353
4211 1 6879
4296 1 6626
4302 1 3335
4356 1 3544
4368 1 4832
4642 1 1398
4707 2 812
4710 10 14020
5265 8 591
5415 1 3073
5499 212 44062
5527 1 2431
5934 1 1063
6164 1 2727
6175 1 1916
6289 1 1534
6331 1 85
6345 1 1508
6562 2 294
6574 2 1030
6883 1 662
7554 2 320
7928 3 808
8106 1 4128
8114 5 3627
8120 1 1513
8139 8 4927
8278 1 2385
8314 1 1237
8325 2 1883
8372 1 3639
8402 8 8226
8502 3 859
8625 1 1063
8662 1 1187
8696 1 1842
8697 1 2450
8698 1 2529
8869 2 605
8905 1 1110
9173 4 6443
9232 2 1398
9234 1 1133
9347 2 557
9403 2 3133
9416 1 1927
9421 1 508
9489 7 6134
9492 2 6158
9505 1 3959
9545 4 4422
9546 3 674
9849 1 1030
9868 1 2464
10090 1 1086
10098 1 1684
10104 1 780
10108 7 179
10221 2 727
10271 1 930
10314 3 4681
10403 2 1506
10427 1 2746
10639 4 293
10750 1 1327
10751 1 1074
10942 2 1886
11306 1 611
11396 1 192
11452 2 316
11539 1 1285
11883 1 297
12111 1 1131
12119 1 2327
12276 1 3077
12293 1 1151
12430 1 1737
12503 1 558
12512 5 855
12638 5 6177
12693 1 5024
12710 1 1223
12748 2 3182
12771 1 2032
12811 9 838
12818 1 3788
12910 1 1490
12924 1 1943
12974 4 4586
13124 3 118
13429 1 567
13430 1 491
13473 1 849
13482 1 1344
13539 3 1648
13546 1 3149
13565 2 2701
13985 14 11629
14246 1 582
14301 1 2773
14528 1 1229
14714 2 5738
14769 1 2384
14864 3 2862
15494 1 809
15711 1 1636
15734 1 2035
15735 1 2037
15926 1 1584
16044 4 3747
16111 1 1166
16171 1 1004
16177 1 974
16178 1 4155
16221 1 1793
16241 2 1533
16316 7 3859
16368 1 4019
16843 1 15992
16850 5 4537
16958 1 5800
16968 10 2878
16994 3 2449
17054 2 1596
17114 3 6140
17116 1 3516
17121 1 6700
17345 1 1291
17346 1 1254
17387 1 446
17480 3 438
17641 3 845
17804 1 2146
17818 1 4410
18104 1 1218
18526 1 2537
18678 1 1208
18739 1 3057
18740 1 2994
18741 1 3106
18742 1 2981
18745 1 641
18975 1 878
19007 1 1081
19126 1 561
19194 1 5424
19372 5 1825
19394 1 1246
19409 1 1342
19545 34 9624
19643 1 3951
19677 1 4468
19678 1 6792
19689 1 2057
19697 1 2330
19883 1 5667
20199 1 653
20338 1 2253
20356 1 1129
20375 1 885
20409 3 1186
20423 1 5021
20698 8 3736
20700 3 2481
20703 1 3191
20785 2 3062
20829 7 522
20879 6 1378
20896 1 794
20994 1 1080
21050 1 1359
21051 1 1656
21052 1 526
21053 1 1087
21279 1 1380
21280 1 1259
21281 1 1524
21318 1 7108
21469 1 3531
21470 1 3587
21490 1 4936
21507 4 7373
21524 2 1869
21653 1 1859
21654 1 1605
21655 1 1486
21727 3 2096
21770 1 4733
21867 1 1612
21974 1 2768
22079 1 5115
22154 3 1123
22447 1 821
22913 2 301
22966 1 320
23687 1 2530
24189 4 2072
24304 1 685
24388 7 1686
24397 1 1053
24539 1 3939
24541 1 5645
24593 1 1736
25065 1 307
25230 1 600
25234 1 4341
25478 1 3302
25547 1 3685
25702 2 299
26004 3 449
26050 1 1792
26095 1 5070
26107 4 721
26109 1 2505
26207 1 626
26498 1 32423
26507 1 4226
26518 1 1163
26575 4 979
26710 1 638
26986 4 1174
27076 1 249
27089 1 463
27146 1 758
27295 1 386
27574 1 1312
27606 1 919
27726 1 2897
27848 7 1948
27979 1 730
28061 2 1621
28091 1 2614
28138 1 261
28173 3 420
28721 1 456
28826 1 2041
28850 1 583
29044 1 22965
29072 1 698
29132 1 1023
29396 1 8576
29636 1 770
29639 1 310
29862 2 694
29991 1 10803
30084 1 1077
30148 2 337
30284 1 1020
30351 1 4754
30352 1 5973
30552 1 4502
30880 1 574
31049 1 666
31051 1 1618
31267 1 7536
31448 2 3221
31487 10 1278
31522 5 1047
31612 1 724
31613 2 284
31749 7 1210
31829 4 14263
31902 4 1912
31950 3 668
32389 1 857
32471 48 2840
32481 2 965
32584 2 2115
32615 1 622
32620 2 431
32621 2 526
32774 1 814
32869 1 784
32914 2 214
32972 1 11367
33041 1 1089
33179 1 2037
33188 1 10275
33363 1 678
33550 1 1909
33586 1 2998
33703 1 18894
33728 1 874
33831 1 6374
34035 2 2575
34090 1 2456
34092 2 1599
34093 2 1603
34094 4 1268
34159 2 1830
34291 1 1443
34415 3 3854
34683 1 1171
34781 1 4211
34878 8 2024
35146 3 1199
35154 1 1597
35170 1 1948
35387 5 4967
35713 3 700
35861 4 10960
35883 1 93
36055 5 1958
36103 2 634
36387 5 3582
36425 1 435
36590 1 5680
36945 1 21910
36962 1 5960
36990 1 361
37070 1 2552
37085 1 1687
37261 1 1582
37278 2 2964
37415 19 5377
37435 1 517
37454 1 8351
37616 1 8646
37856 1 3403
37962 1 2971
38014 1 1335
38250 1 277
38339 1 1676
38557 1 10387
38685 1 2596
38692 1 1658
38771 1 353
39080 1 887
39247 1 836
39329 6 32477
39494 1 867
39543 1 476
39590 1 969
39877 1 501
40012 3 1560
40013 1 1117
40014 1 1723
40082 1 1394
40090 1 470
40355 1 445
40542 2 1292
40550 1 3684
40552 1 4962
40636 5 3362
40771 1 1289
40862 1 1309
40891 1 1470
40963 1 804
41150 2 378
41220 1 891
41609 1 436
41794 1 687
42025 1 9933
42054 1 2132
42171 2 1306
42309 20 5367
42312 1 2174
42353 1 3727
42389 6 1357
42393 1 1141
42416 2 1931
42417 1 1718
42430 23 727
42581 1 2953
43307 7 1390
43447 1 1494
43964 1 1339
43978 2 1288
44153 1 1288
44208 1 832
44285 2 809
44286 1 5425
44352 3 1264
44479 1 5563
44788 1 1806
44954 1 8549
45159 22 13537
45226 2 390
45852 1 462
45890 1 1518
46277 1 4798
46322 1 1537
46481 2 455
46509 1 2154
46582 1 877
46640 1 115
46850 1 301
46904 1 698
46942 1 1392
46982 1 293
47227 1 1148
47265 5 1030
47364 1 752
47382 1 6307
47488 3 1495
47491 1 2517
47562 1 1450
48180 4 25164
48407 1 1657
48679 2 2017
48710 2 1101
48924 1 3784
49234 1 861
49320 2 943
49381 5 2611
49806 1 1527
49843 1 728
49847 1 1395
49926 1 911
50040 3 6696
50056 5 5845
50285 1 4950
50317 2 2395
50367 1 1807
50382 1 1337
50477 1 4990
50527 3 1391
50550 3 887
50777 1 1369
50786 1 1972
50857 1 6468
50881 1 4909
50983 12 16660
51019 1 1182
51818 1 552
51839 1 9735
51891 1 6407
51892 1 4521
51979 1 6703
52028 1 5224
52100 1 2791
52119 1 1504
52271 1 8131
52301 1 8406
52320 1 2961
52440 2 6680
52449 1 3942
52527 2 399
52689 1 1489
52690 1 1737
52698 1 978
52926 1 841
53023 7 6088
53038 1 2169
53224 3 1319
53236 1 3296
53298 1 193
53392 5 958
53501 2 1069
53505 1 947
53509 1 1285
53661 1 624
53700 1 143
53713 1 75
53738 2 2051
54169 1 1208
54200 1 3379
54209 1 1340
54243 2 502
54279 4 1708
54350 3 8318
54613 1 3856
54918 4 1069
55157 2 1348
55303 1 908
55488 2 816
56047 1 603
56321 4 2422
56445 1 2121
56502 1 119
56503 7 5900
56524 3 4137
56581 4 2134
56622 2 810
57226 1 11510
57286 1 2048
57291 3 785
57548 2 1424
57551 1 1637
57995 1 2088
58002 4 1518
58239 1 848
58462 3 1526
58485 1 383
58489 1 480
58508 1 1384
58549 1 1032
58966 2 5767
59198 2 458
59246 1 1035
59305 1 1145
59347 2 9699
59404 2 1587
59408 3 1795
59418 2 9567
59655 1 1717
59844 1 664
59874 1 4939
59879 1 1719
59925 1 3361
59982 2 4938
59986 1 4731
59987 4 5303
60378 1 1208
60443 1 1233
60444 1 1326
60445 6 1364
60446 1 1213
60936 1 5117
60939 2 310
60997 1 3263
61117 5 2465
61188 1 29700
61442 1 2563
61497 1 5567
61695 1 1456
62211 1 1096
62481 1 2543
62849 1 1721
62902 2 2612
63069 2 2009
63078 1 1839
63137 1 3259
63138 2 4006
63216 1 3807
63306 1 1008
63319 1 301
63412 1 2324
63628 6 1675
63706 1 1710
64290 1 728
64343 1 1275
64659 7 333
64847 2 611
64937 6 2520
65425 1 2453
65589 1 1568
65610 1 524
65989 1 270
65999 1 7992
66018 1 1246
66156 1 2338
66170 1 430
66479 1 1154
66482 1 2199
66487 1 1154
66598 1 1411
66609 1 980
66801 2 3195
66819 1 6321
66836 3 1242
66915 3 4319
67191 1 798
67219 1 8613
67264 1 152
67266 1 4007
67316 1 2577
67346 1 1614
67415 1 10077
67591 1 102
67689 2 7619
67756 1 5291
67903 1 1428
68076 1 792
68235 2 729
68301 1 695
68346 1 2235
68422 1 838
68713 3 3702
68751 1 1427
68756 1 2028
68932 1 1876
69002 2 363
69025 1 1341
69834 1 187
69871 3 2129
70040 4 91
70259 2 1430
70293 1 768
70488 3 2098
70534 1 5509
70601 2 2514
70749 1 6334
70917 1 293
71070 6 756
71295 1 1603
71744 1 2609
71888 5 1054
71988 1 2427
72017 1 755
72039 8 5516
72066 1 7004
72307 1 3276
72602 22 12545
72657 2 674
72856 1 1892
72950 1 1854
73018 1 2302
73184 3 657
73225 1 984
73449 1 632
73740 3 793
73807 1 721
73820 1 1771
73836 1 473
73907 1 2638
73997 1 10376
74022 1 2523
74024 1 182
74055 1 2435
74203 6 11999
74212 1 649
74222 5 1233
74362 1 108
74430 1 1251
74440 1 1991
74563 1 923
74708 1 4408
74823 1 891
74872 2 1224
74947 1 303
75095 5 1238
75398 1 2037
75641 3 205
75857 2 61
75878 1 587
76119 1 1349
76167 5 846
76204 1 2051
76213 3 538
76253 1 1465
76340 1 3506
76393 1 1492
76516 4 5399
76760 14 2589
76940 1 729
77411 3 3629
77416 1 626
77450 1 5940
77784 1 72
77933 7 788
77942 5 3229
77943 1 1110
78107 2 507
