profil profil 21613 65215343 
28 1 2843
56 1 996
78 1 902
79 1 1195
80 1 797
81 1 787
82 1 815
83 1 714
84 1 2015
85 1 1203
86 1 1442
87 1 854
88 1 846
89 1 1101
104 1 1022
105 2 150
112 1 675
113 1 2441
116 1 897
118 2 166
123 1 1067
128 1 213
130 3 4276
131 5 14882
132 3 13051
133 3 3237
174 1 979
175 1 818
176 1 535
177 1 1508
178 1 842
179 1 822
180 2 823
181 1 476
182 1 444
183 1 998
192 11 2446
194 20 1376
212 1 437
232 3 515
238 1 1183
256 1 8243
258 68 56657
297 1 370
300 3 1935
301 3 487
327 2 2668
330 1 518
338 1 667
346 1 1457
352 2 2404
359 2 1896
362 2 343
370 1 921
374 1 1582
384 1 1662
387 1 104
406 1 1543
428 1 2978
429 1 3151
431 1 74
436 1 918
439 2 1320
449 2 555
454 1 846
459 1 33
465 2 1411
466 2 1460
473 2 5126
474 2 3627
475 1 1753
476 1 1866
477 2 3143
505 1 1472
506 1 1411
507 1 1336
508 1 1375
514 1 1954
522 1 1558
529 1 6629
541 1 2599
548 1 1997
550 1 157
551 1 1767
552 1 704
559 1 4273
561 1 449
562 12 3293
563 2 718
567 1 309
580 2 773
583 3 1948
591 1 199
592 1 167
593 1 193
594 1 171
601 3 734
610 1 945
611 4 1629
651 2 645
671 1 998
704 1 758
705 1 1030
726 2 1173
736 1 2617
767 1 403
777 112 11416
850 1 328
873 1 402
876 1 4565
889 1 988
891 1 687
894 1 1314
901 1 862
902 2 1246
903 2 144
905 3 493
906 2 1896
911 1 1508
935 1 152
953 1 454
955 1 861
958 1 778
959 3 1761
960 3 2769
961 2 1879
972 1 1224
973 1 811
978 1 479
979 2 267
980 2 312
981 1 282
989 4 1444
990 6 632
1003 1 2079
1020 2 637
1021 2 980
1028 4 1298
1029 4 1302
1030 2 598
1049 1 2440
1053 1 591
1099 18 2460
1101 1 383
1114 1 1937
1115 1 324
1153 1 6533
1159 1 1368
1169 3 1187
1185 1 15836
1206 1 1304
1234 1 1033
1262 1 1096
1263 1 254
1269 1 5091
1281 1 3123
1319 1 938
1327 1 767
1353 1 942
1359 1 937
1369 1 676
1373 2 1192
1375 7 1253
1376 1 652
1377 4 1131
1378 5 643
1379 4 1071
1380 4 826
1381 4 950
1382 2 1306
1383 4 1380
1391 3 932
1396 1 4255
1403 2 179
1420 1 409
1424 1 1200
1448 2 1058
1461 1 1379
1462 1 1187
1476 1 1049
1477 7 1403
1484 5 6578
1548 1 1243
1550 1 852
1552 7 1020
1574 9 1436
1619 1 1446
1622 1 65
1634 1 30082
1663 1 889
1674 1 1844
1761 2 309
1781 1 238
1782 2 1433
1784 3 1533
1797 3 5684
1808 2 242
1815 1 370
1816 7 5747
1853 1 313
1867 1 660
1872 1 267
1953 1 730
1954 1 671
1955 1 1191
1973 4 16948
1983 1 5638
2001 2 2255
2005 2 1057
2025 1 476
2030 20 1619
2046 2 13880
2075 1 1934
2084 1 1228
2093 1 786
2094 1 56
2095 2 1007
2120 1 198
2129 1 965
2151 1 1771
2154 1 710
2156 2 1904
2160 1 2295
2162 1 1205
2163 5 2057
2164 1 1939
2166 1 945
2181 2 1278
2191 1 1582
2192 1 5833
2193 1 1999
2194 1 2274
2196 1 1234
2206 1 895
2246 1 952
2247 5 1040
2248 2 351
2259 11 307
2260 11 317
2261 20 457
2262 11 318
2263 12 329
2264 11 312
2265 13 356
2266 11 318
2267 11 322
2268 14 371
2269 11 310
2270 11 312
2271 11 317
2353 2 1386
2395 1 1045
2396 1 1417
2433 1 1053
2441 1 7506
2450 2 981
2451 2 559
2452 2 449
2453 2 510
2454 2 491
2456 1 503
2479 1 573
2480 1 1244
2530 1 727
2533 2 922
2575 1 871
2584 1 1016
2593 1 942
2594 1 1063
2595 3 1834
2596 1 900
2597 1 1557
2598 2 1523
2622 1 2635
2628 1 534
2636 1 1393
2639 2 835
2657 1 191
2658 1 193
2659 2 453
2660 1 359
2661 1 353
2664 2 1043
2672 1 421
2680 3 1224
2682 1 225
2688 1 744
2701 1 899
2702 1 542
2703 1 527
2704 1 427
2705 1 1001
2706 1 581
2707 1 533
2708 1 1441
2709 1 1588
2710 1 462
2711 1 797
2716 1 4798
2725 11 482
2726 1 89
2727 20 4008
2728 20 1179
2730 20 1646
2731 20 1874
2768 1 491
2788 1 927
2803 1 635
2822 1 891
2823 5 353
2824 5 316
2845 1 2533
2928 3 498
2929 3 497
2930 3 495
2931 3 494
2932 3 482
2933 3 543
2934 3 512
2935 3 529
2936 3 486
2937 3 482
2942 1 1085
2943 1 1199
2963 36 3763
2967 1 837
2970 1 478
2987 1 932
2989 2 2074
3010 1 1261
3012 4 1166
3016 10 2163
3026 1 1747
3027 1 3713
3028 1 1955
3034 1 871
3041 1 1558
3046 2 1921
3096 4 1172
3098 1 503
3103 2 3185
3108 1 2991
3116 1 71
3127 1 993
3133 1 4214
3150 2 553
3151 2 1263
3152 2 1444
3156 1 1113
3157 1 1399
3158 1 1946
3160 1 1108
3170 1 547
3188 1 45
3212 1 562
3213 1 1551
3214 1 1663
3226 1 628
3229 1 2889
3251 1 303
3271 1 2311
3273 4 1487
3287 1 1376
3295 1 2429
3304 1 1426
3305 1 1856
3324 3 1792
3365 1 468
3370 1 557
3371 1 766
3372 1 940
3373 1 667
3377 2 1482
3382 1 613
3383 1 10722
3396 1 927
3397 1 782
3398 2 337
3407 1 801
3414 1 807
3429 1 2188
3436 2 915
3442 1 1041
3461 3 2177
3482 2 3281
3483 1 1094
3522 3 1240
3583 1 229
3592 2 916
3593 2 1011
3594 2 1229
3604 2 2117
3605 3 1227
3643 1 1997
3658 2 174
3663 1 451
3680 1 637
3681 1 871
3712 1 1548
3727 7 17097
3747 1 1430
3765 1 720
3772 4 1147
3773 5 2479
3818 4 1349
3819 4 840
3820 4 2163
3822 4 1594
3823 4 1623
3824 5 623
3832 1 7941
3834 1 2458
3836 1 219
3841 4 1348
3842 4 1285
3843 5 369
3863 1 4935
3864 1 325
3889 1 1113
3920 1 519
3930 1 1380
3944 1 1863
3945 1 1359
4070 2 347
4081 2 2482
4086 15 1508
4116 3 5941
4117 3 5825
4118 3 5861
4129 2 829
4158 1 426
4167 2 1027
4209 1 372
4211 1 6879
4285 7 654
4293 1 683
4307 2 2386
4317 1 464
4329 2 1355
4354 1 2037
4355 1 1088
4379 1 1474
4386 1 479
4418 1 2251
4449 1 1837
4453 1 1290
4455 1 1818
4457 1 1168
4478 1 3007
4479 1 2646
4484 1 393
4492 7 2351
4496 1 6061
4506 1 1210
4509 1 1824
4535 2 713
4536 2 1087
4537 2 348
4538 2 965
4596 1 884
4610 1 1311
4630 1 764
4631 1 555
4632 1 142
4634 1 8813
4636 1 1557
4643 1 649
4647 2 1245
4710 2 14020
4728 1 1393
4740 2 2057
4741 1 3450
4748 1 642
4749 1 1366
4762 1 1049
4778 3 960
4787 1 1159
4797 5 949
4817 1 606
4842 1 2135
4844 1 1123
4853 1 1774
4857 2 2912
4864 3 3496
4868 1 1260
4886 1 1349
4888 1 1826
4896 1 1508
4900 1 1550
4931 1 1648
4932 1 1745
4936 4 1505
4966 2 374
4976 11 312
4977 11 319
4978 11 310
4979 13 346
4980 11 307
4981 11 313
4982 11 316
4983 11 308
4984 11 315
4985 20 487
4986 11 304
4987 11 313
4988 11 308
4989 11 311
4990 11 315
4991 11 305
4992 20 470
4993 13 346
4994 11 320
4995 14 377
4996 11 316
4997 11 333
4998 20 475
4999 11 322
5000 11 316
5001 11 309
5013 1 247
5092 1 3536
5094 1 1242
5108 1 1101
5123 1 369
5128 3 1147
5129 1 1285
5149 1 1132
5170 11 2743
5188 4 886
5189 2 3419
5192 2 583
5193 2 479
5200 1 127
5215 1 333
5241 3 1153
5243 1 876
5266 1 766
5282 2 272
5291 1 1187
5312 1 583
5321 1 1222
5324 1 815
5330 3 1270
5331 1 1325
5332 1 717
5333 2 1325
5334 1 906
5335 1 1367
5336 1 930
5337 1 957
5386 1 1742
5387 1 86
5388 1 115
5391 1 3146
5397 2 131
5401 1 706
5405 4 2643
5406 4 712
5412 1 1515
5421 2 377
5427 1 662
5428 1 704
5429 1 493
5430 1 219
5436 1 456
5443 1 574
5450 1 273
5469 1 770
5470 1 917
5471 1 540
5472 1 908
5473 1 1107
5474 1 941
5475 1 642
5476 1 525
5477 1 1400
5478 1 526
5479 1 920
5480 1 510
5481 1 510
5482 1 935
5483 1 512
5484 1 921
5485 1 864
5497 1 992
5499 4 44062
5502 1 977
5503 1 1464
5505 2 722
5506 2 695
5507 20 3021
5510 20 1390
5518 1 2428
5519 5 276
5528 1 2535
5531 2 1561
5538 1 1629
5541 1 1278
5552 1 312
5587 1 2202
5600 1 934
5611 3 8061
5645 2 1175
5646 4 312
5647 4 326
5650 2 2097
5657 3 3480
5672 2 557
5802 3 499
5803 5 1752
5804 3 478
5805 3 477
5806 3 537
5807 3 475
5808 3 501
5809 3 506
5810 6 1753
5811 3 484
5817 1 1401
5818 1 1243
5839 5 928
5856 1 732
5861 1 848
5862 1 2267
5890 2 387
5903 2 589
5909 4 623
5913 1 2199
5916 7 1874
5919 1 748
5926 1 891
5927 4 896
5955 1 241
5960 1 1674
5986 1 984
6012 1 3069
6014 1 3067
6037 2 949
6042 1 1836
6045 2 1842
6048 1 4019
6056 1 41
6065 2 1429
6066 2 1297
6067 2 1302
6073 1 1575
6074 1 1037
6075 1 1285
6076 2 3091
6079 1 1023
6081 2 1357
6091 31 2877
6093 1 2317
6101 1 1241
6120 1 1179
6148 2 2770
6162 2 303
6165 2 4900
6169 1 857
6171 3 345
6174 1 419
6178 1 155
6183 1 2719
6288 1 1336
6314 2 827
6317 1 615
6323 2 1322
6324 2 1468
6325 2 1310
6326 2 1295
6329 2 3134
6341 6 549
6351 1 1596
6359 1 1489
6362 1 2640
6453 1 2181
6530 1 186
6540 1 2261
6559 1 1745
6603 1 524
6607 1 1415
6617 1 719
6627 3 842
6652 1 443
6666 8 1807
6669 1 1845
6672 1 579
6674 14 369
6675 11 306
6676 11 320
6677 11 323
6678 20 460
6679 11 322
6680 11 313
6681 13 342
6682 11 324
6683 20 462
6684 11 306
6685 11 318
6686 12 324
6687 11 322
6688 11 321
6689 11 308
6690 12 327
6691 11 311
6692 11 318
6693 13 357
6694 11 314
6695 11 305
6696 11 304
6697 11 309
6698 11 327
6699 15 381
6700 11 310
6701 11 311
6702 11 325
6703 13 363
6704 11 307
6705 18 429
6745 1 501
6751 1 1332
6756 2 911
6823 1 721
6830 1 822
6886 3 355
6941 1 140
6942 1 577
6944 2 1564
6945 2 3654
6949 1 744
6951 2 204
6952 2 204
6953 1 633
6954 3 1653
6955 2 218
6956 2 246
6957 2 219
6958 2 658
6959 1 516
6965 1 977
6966 1 996
6982 2 670
6988 1 2056
6991 1 895
7001 2 798
7021 21 2137
7044 1 270
7073 1 920
7088 1 2350
7089 4 1383
7143 1 1502
7144 1 1209
7149 4 652
7150 4 742
7151 6 610
7153 5 302
7154 4 2089
7155 5 1071
7156 4 761
7157 4 635
7158 6 629
7159 4 3906
7160 4 1661
7161 5 511
7162 4 1574
7163 1 231
7164 4 1104
7165 4 1623
7166 5 330
7167 1 819
7168 5 589
7169 4 1071
7179 1 920
7184 3 38
7284 1 3123
7286 1 2279
7293 1 1224
7424 2 1087
7428 1 1550
7488 1 1408
7497 1 1070
7507 1 542
7529 3 5927
7541 1 1707
7544 1 995
7548 1 1489
7569 2 2616
7574 1 2115
7577 2 2093
7646 5 2633
7651 5 1236
7659 2 362
7662 1 71
7663 1 1465
7673 1 4544
7711 1 1660
7723 1 4731
7728 4 1453
7736 1 1605
7745 1 1512
7759 3 227
7761 1 1037
7763 1 2469
7802 18 1216
7921 1 313
7944 1 4834
7952 2 971
7953 1 2188
7973 1 774
7989 3 734
8016 2 748
8017 2 488
8018 2 576
8019 2 461
8020 2 507
8025 1 108
8031 1 46
8032 1 46
8033 1 46
8034 1 46
8043 1 1213
8052 1 655
8068 1 850
8077 2 1482
8078 2 948
8093 1 20088
8101 9 4863
8108 1 550
8112 9 1014
8138 1 526
8143 1 2289
8146 1 1848
8157 6 687
8158 1 571
8169 1 1622
8189 1 324
8190 2 293
8203 3 3715
8207 1 744
8208 1 235
8212 4 1131
8224 1 67
8229 1 473
8230 1 537
8248 2 1171
8257 1 57
8258 1 125
8259 1 187
8261 1 539
8289 2 386
8292 1 917
8294 1 1249
8297 1 12133
8310 1 4695
8315 1 776
8320 1 664
8370 2 2235
8374 1 748
8376 2 2007
8380 1 2765
8390 1 1041
8391 1 2171
8404 1 1035
8408 1 5505
8409 1 3217
8416 1 4562
8418 1 501
8419 1 441
8420 1 999
8422 1 5132
8426 1 151
8433 1 371
8435 1 2734
8447 4 2081
8467 1 873
8471 2 727
8472 2 346
8524 1 578
8543 5 235
8546 3 2592
8567 1 1533
8606 3 914
8623 1 538
8635 2 578
8636 2 532
8637 2 530
8641 1 1541
8642 1 1636
8648 1 1264
8650 2 9126
8663 1 1004
8687 1 940
8738 1 309
8759 2 2291
8761 2 1006
8762 1 984
8763 1 1422
8765 1 1159
8777 1 173
8812 1 887
8834 1 782
8839 1 168
8840 1 291
8841 1 266
8842 1 327
8843 1 812
8844 1 312
8845 1 289
8846 1 298
8847 1 433
8848 3 2976
8849 1 366
8850 4 3830
8855 1 1546
8867 2 2603
8869 1 605
8880 1 859
8881 1 491
8882 1 1066
8883 1 928
8884 1 1640
8885 1 1388
8886 1 1109
8887 1 922
8888 1 487
8896 1 1087
8900 20 1780
8909 1 566
8977 1 1848
8982 1 1516
9005 51 45220
9006 34 34059
9074 1 384
9096 3 258
9097 1 956
9119 1 1956
9120 2 1738
9133 1 4066
9143 2 1856
9145 1 1263
9149 1 278
9168 2 538
9175 1 1821
9182 1 1438
9189 4 3116
9206 1 3079
9220 1 1037
9229 1 554
9234 2 1133
9244 1 684
9265 1 47
9277 2 1358
9278 2 1364
9279 2 1500
9280 2 1381
9281 2 1465
9282 2 1511
9283 2 1422
9290 1 1716
9291 1 1056
9292 2 3389
9293 1 1715
9294 2 3543
9295 1 452
9319 1 1488
9320 1 1505
9321 1 1530
9323 1 1192
9324 2 4421
9335 2 1057
9336 1 1530
9340 1 927
9353 1 669
9361 1 155
9370 1 711
9371 4 1526
9395 5 728
9419 1 1689
9420 1 692
9430 1 2392
9431 1 3717
9451 1 988
9471 1 2467
9472 1 2285
9487 3 1304
9489 2 6134
9490 1 2974
9491 1 6177
9492 1 6158
9501 2 732
9526 1 570
9530 3 859
9541 1 1079
9542 1 410
9581 3 2040
9600 2 435
9606 2 642
9609 3 1117
9626 1 1795
9641 3 525
9648 3 780
9674 1 2337
9676 1 994
9682 4 3853
9683 6 467
9684 1 1163
9685 1 672
9686 5 310
9687 4 476
9688 1 227
9689 4 1002
9690 4 2014
9691 4 1887
9692 4 4792
9693 4 1467
9694 4 1329
9695 5 2000
9696 1 977
9697 4 1369
9698 7 2152
9713 2 1813
9715 1 826
9723 1 1034
9724 1 1634
9727 1 3290
9773 2 692
9776 3 3757
9789 31 4274
9800 1 3911
9808 2 1549
9810 1 869
9815 1 509
9841 2 654
9849 1 1030
9863 1 195
9871 6 1358
9889 3 1688
9890 1 885
9891 1 2022
9976 1 542
9981 1 1819
9982 1 1822
10000 1 1196
10006 1 429
10014 2 1179
10054 2 1634
10057 1 402
10067 1 2395
10068 1 1756
10098 1 1684
10125 2 582
10152 1 2697
10158 1 513
10162 20 463
10163 14 372
10164 11 318
10165 11 312
10166 11 308
10167 11 306
10168 11 307
10169 15 383
10170 11 314
10171 11 304
10217 1 760
10219 1 3447
10247 1 1114
10248 1 741
10249 1 1601
10250 1 1105
10289 1 8941
10293 1 210
10297 1 113
10301 1 799
10306 1 2363
10313 1 620
10324 1 1557
10326 1 439
10351 1 743
10377 1 2603
10379 1 79
10380 1 73
10386 1 475
10409 2 1748
10415 1 1163
10427 1 2746
10428 1 665
10429 1 666
10430 1 713
10431 1 438
10439 20 1699
10446 1 132
10462 1 610
10478 1 1312
10497 1 1517
10511 1 201
10512 1 188
10513 1 192
10514 1 203
10515 2 241
10542 3 3137
10548 3 488
10549 3 594
10550 3 503
10551 3 463
10552 3 479
10553 3 475
10554 3 486
10555 6 610
10556 3 483
10557 5 548
10558 3 489
10559 3 503
10560 3 518
10561 3 494
10562 3 509
10563 3 497
10564 3 504
10565 5 1750
10566 3 493
10568 3 3196
10572 1 1089
10573 1 1085
10574 1 1648
10585 1 915
10617 1 1222
10624 1 1876
10653 2 3190
10656 1 3117
10662 1 1275
10666 1 1000
10669 1 505
10686 1 1433
10687 1 1299
10728 1 1305
10731 1 2189
10744 1 1273
10749 3 2979
10750 1 1327
10751 1 1074
10752 1 1467
10754 3 1057
10757 1 524
10763 1 2030
10793 20 1709
10795 2 217
10796 1 5414
10797 2 462
10798 2 462
10799 2 462
10817 2 850
10838 1 27
10843 4 1551
10845 1 2183
10848 3 1696
10859 1 101
10914 1 598
10940 3 7910
10946 1 713
10947 2 464
10966 1 924
10974 5 1151
11001 72 7028
11012 1 1191
11070 2 438
11087 1 2013
11118 1 450
11119 1 1442
11155 1 471
11175 2 544
11202 1 3466
11212 1 416
11223 1 553
11224 2 274
11225 1 914
11248 1 11766
11249 1 5195
11269 2 1254
11270 1 748
11271 4 1726
11272 2 698
11273 5 1150
11274 1 1015
11281 2 462
11306 1 611
11363 1 8263
11369 1 3826
11374 1 161
11375 1 170
11376 1 199
11377 1 166
11388 1 2085
11390 1 223
11397 1 2289
11399 1 373
11482 1 770
11497 1 1516
11507 1 3105
11562 1 1278
11567 1 1874
11576 1 664
11592 1 323
11617 1 566
11633 1 2246
11642 1 482
11757 2 1770
11758 2 2000
11759 3 2876
11760 2 1905
11761 2 1621
11765 4 907
11780 4 340
11854 1 3272
11858 2 4134
11879 2 8814
11949 1 3637
11955 4 1189
11967 1 4440
11971 1 1187
11983 1 420
12050 1 391
12076 1 130
12115 1 551
12118 2 1794
12119 2 2327
12131 1 841
12136 1 1656
12138 2 18363
12139 2 202
12140 1 1102
12141 2 233
12142 2 563
12143 1 308
12151 1 821
12156 1 13898
12167 1 1026
12189 1 1191
12194 2 652
12195 2 903
12229 1 2226
12230 2 2936
12241 1 27
12270 1 393
12281 1 1155
12289 3 1759
12292 2 684
12311 2 2392
12327 1 728
12331 6 3864
12344 1 2265
12358 2 1928
12361 1 619
12365 1 8585
12369 1 1673
12378 3 835
12438 1 712
12444 2 1257
12445 2 1249
12446 2 1227
12447 2 1262
12448 2 1256
12449 2 1233
12450 3 882
12451 3 961
12458 1 3716
12466 2 1446
12481 1 194
12491 1 376
12498 1 3985
12499 2 3780
12507 1 2373
12515 1 281
12518 1 645
12586 1 730
12594 2 1691
12640 1 1178
12647 2 4896
12648 1 1081
12650 5 2168
12660 1 793
12664 1 45
12677 5 1410
12678 4 7529
12679 4 428
12680 4 1610
12681 2 179
12682 4 1296
12683 4 1594
12684 4 820
12701 1 7084
12702 1 776
12711 1 2227
12720 3 48
12731 1 995
12740 1 1789
12766 1 1423
12767 1 838
12834 1 2681
12851 2 2088
12863 2 1161
12933 2 645
12936 2 885
12996 3 2315
13009 1 343
13030 8 691
13033 1 153
13058 1 11569
13077 1 588
13084 1 1445
13093 1 144
13116 2 1479
13151 5 953
13172 1 1025
13174 1 3530
13175 1 1506
13176 5 1330
13177 5 352
13178 4 2291
13179 4 1297
13180 5 328
13181 4 1602
13182 4 1091
13183 3 73
13184 3 242
13199 1 1429
13200 1 399
13204 1 1820
13233 1 893
13240 1 671
13244 2 1069
13259 2 616
13261 1 2305
13272 1 1049
13282 1 1430
13284 1 504
13336 4 2457
13340 1 1166
13346 1 1043
13363 1 1279
13364 1 1478
13374 2 2277
13415 1 1087
13425 1 418
13433 1 4168
13434 1 4024
13435 1 1340
13454 3 1084
13463 5 3262
13466 1 1683
13471 1 829
13486 1 7532
13497 1 6632
13510 2 1138
13513 3 803
13527 1 1200
13532 1 1389
13540 1 161
13542 1 805
13543 1 550
13545 1 631
13555 1 1715
13557 2 760
13564 1 893
13569 1 1241
13575 1 2070
13600 1 1135
13601 1 1798
13614 1 1453
13617 2 2513
13633 1 1178
13634 1 1029
13635 1 1237
13636 1 1160
13637 1 1271
13638 1 1679
13639 1 1946
13659 1 3326
13662 4 828
13666 1 196
13667 1 873
13670 1 2094
13690 1 1229
13694 1 136
13705 1 864
13706 2 1656
13707 3 699
13710 7 1819
13712 5 70
13718 12 329
13719 11 313
13720 11 311
13721 11 310
13722 11 325
13723 11 322
13724 11 305
13785 1 1464
13799 2 1501
13800 2 1238
13801 2 1533
13802 2 1437
13803 2 1542
13807 15 1095
13811 1 424
13837 1 302
13843 3 1026
13846 17 1850
13848 1 1442
13851 2 170
13886 4 3122
13891 10 2917
13892 2 814
13908 2 955
13909 1 284
13917 1 799
13940 1 1453
13951 2 1307
13973 1 698
13974 1 872
13975 1 1041
13976 3 1984
13977 1 929
13978 1 784
13979 1 1974
13980 1 104
13991 1 1803
14005 3 5769
14029 5 1120
14035 1 498
14036 1 576
14037 1 456
14038 1 481
14039 1 487
14040 1 1390
14041 1 750
14046 1 1429
14047 20 1828
14056 1 1205
14064 1 209
14072 1 651
14075 1 1673
14080 3 51830
14082 3 888
14083 3 507
14105 1 9306
14120 1 2870
14127 2 1249
14128 3 489
14129 3 503
14130 3 482
14131 3 508
14132 3 520
14133 3 515
14134 3 488
14173 1 938
14175 1 841
14185 2 2424
14191 2 1859
14197 1 312
14202 4 723
14206 2 703
14210 1 1997
14211 2 1561
14220 1 2570
14223 1 1023
14234 1 1454
14261 1 644
14280 1 2667
14286 1 194
14293 1 781
14298 1 243
14312 1 1988
14313 2 5288
14314 1 1929
14315 2 3896
14321 1 411
14349 1 1424
14350 3 2898
14356 1 893
14366 3 1072
14414 1 1128
14425 1 746
14463 1 574
14465 3 665
14500 1 1554
14520 1 7541
14528 2 1229
14535 1 2058
14536 1 1661
14537 1 853
14552 4 351
14557 1 460
14593 1 821
14603 1 1027
14619 2 1446
14620 1 1274
14623 4 551
14636 1 256
14637 3 918
14638 1 234
14662 1 1844
14686 2 1007
14690 1 1475
14715 1 1357
14725 1 561
14728 1 2287
14729 1 690
14738 1 1827
14745 1 1156
14746 1 1733
14747 1 1544
14748 1 1244
14749 4 1050
14752 1 1510
14755 1 2245
14762 1 372
14771 1 643
14794 2 644
14795 1 2968
14799 1 1859
14808 2 1232
14855 2 2067
14856 2 2080
14876 1 692
14880 1 1431
14888 2 396
14892 11 314
14893 12 341
14894 12 331
14895 11 315
14896 11 311
14897 11 312
14898 12 335
14899 11 330
14900 14 366
14901 20 474
14902 11 308
14903 11 315
14904 11 326
14905 11 308
14906 11 308
14907 11 326
14908 11 313
14909 18 434
14910 11 314
14911 16 399
14912 13 351
14998 1 1113
15003 2 548
15004 1 195
15020 1 913
15024 1 1186
15025 1 507
15028 1 4600
15062 2 493
15063 2 486
15064 2 579
15069 1 440
15070 1 1847
15072 2 604
15078 1 542
15088 3 1087
15095 1 869
15102 1 1625
15119 1 443
15142 1 861
15143 1 959
15144 1 1533
15145 1 800
15146 1 2156
15147 1 1355
15148 1 847
15149 1 846
15183 1 89
15189 1 1006
15198 2 1662
15206 1 186
15214 1 307
15222 1 468
15223 1 762
15224 1 1573
15225 1 828
15226 1 688
15227 1 771
15228 1 540
15229 1 552
15230 1 886
15231 1 478
15232 1 523
15233 1 881
15234 1 863
15235 1 561
15244 20 5618
15245 20 7336
15253 1 1272
15254 1 650
15289 1 491
15294 1 218
15295 1 203
15296 2 246
15310 1 3417
15424 3 503
15427 3 502
15428 3 503
15429 3 502
15430 3 482
15431 3 497
15432 5 1871
15433 3 484
15434 3 481
15435 3 508
15438 1 1008
15468 1 1078
15469 1 1058
15475 1 1055
15496 3 1821
15498 1 296
15505 2 523
15511 1 1482
15517 1 2551
15557 1 1027
15571 1 3116
15572 2 3411
15575 1 3094
15577 1 67
15580 1 2165
15590 4 3007
15591 1 664
15600 1 34
15606 2 1406
15607 2 1413
15608 2 1419
15612 1 1390
15614 2 3253
15615 3 3882
15624 1 1071
15663 2 697
15670 1 1155
15671 1 1154
15672 2 1879
15746 1 1020
15747 4 869
15750 2 462
15761 2 778
15762 1 2141
15815 1 155
15818 1 470
15821 3 1007
15849 2 1972
15851 3 773
15852 1 310
15887 3 3518
15897 6 221
15906 2 679
15912 1 1398
15957 1 8025
15981 1 1404
15985 20 469
15986 20 469
15987 20 467
15988 11 306
15989 11 323
15990 11 314
15991 13 337
15992 19 448
15993 11 308
15994 11 307
15995 11 316
15996 20 473
15997 11 313
15998 11 309
15999 11 317
16000 11 306
16001 11 305
16002 11 328
16032 1 219
16040 4 827
16051 1 931
16072 1 163
16090 1 807
16094 1 3553
16099 2 706
16107 3 852
16126 3 2272
16162 1 501
16175 1 932
16180 3 805
16183 1 2917
16199 2 1973
16201 1 3976
16207 1 640
16213 1 1047
16214 1 1149
16215 1 821
16235 2 4462
16236 3 5204
16237 2 2746
16238 3 11763
16241 1 1533
16260 1 4783
16286 1 1123
16292 1 2759
16311 1 2173
16316 1 3859
16370 1 292
16372 2 1589
16385 1 1811
16414 2 524
16426 1 1061
16433 1 2178
16446 3 2051
16453 2 3149
16512 1 249
16532 1 839
16536 2 924
16537 1 1394
16538 1 511
16539 2 576
16573 1 2315
16589 1 3703
16590 1 3144
16591 1 6896
16592 1 2447
16603 1 186
16624 1 1916
16648 1 586
16674 1 2131
16676 2 1021
16709 1 564
16718 1 1664
16726 1 821
16749 1 225
16757 6 1292
16770 1 474
16784 5 2834
16799 1 3514
16817 1 4292
16819 1 1658
16823 1 478
16827 1 1151
16842 1 432
16845 1 8711
16849 2 6516
16853 4 1372
16857 2 2221
16858 2 2375
16859 2 2243
16860 2 2032
16861 2 2164
16862 2 2184
16863 2 2074
16864 2 2089
16867 1 1515
16868 1 905
16869 2 3108
16870 3 1104
16871 1 1031
16872 1 1005
16873 1 1059
16896 1 809
16906 1 474
16936 1 3648
16942 36 12267
16952 2 7998
16957 1 929
16962 1 743
16973 2 1399
16984 1 5305
16986 1 1767
17000 1 1473
17016 14 813
17027 1 6203
17028 4 1380
17038 1 1354
17048 1 1204
17049 1 1216
17051 1 1194
17059 1 1292
17086 1 843
17129 1 3146
17144 4 1165
17167 2 1537
17193 1 708
17202 1 2274
17219 2 1500
17241 2 880
17247 1 2453
17269 2 254
17292 1 2207
17293 1 645
17304 3 5827
17345 1 1291
17346 1 1254
17363 1 2096
17384 1 2933
17389 3 1790
17391 1 2225
17439 3 1217
17441 3 2608
17447 2 1361
17467 1 6562
17510 2 13439
17568 2 1347
17595 1 963
17624 1 1483
17653 1 5954
17658 2 2113
17679 1 1875
17680 1 1913
17681 1 2190
17689 1 784
17781 2 1156
17792 1 547
17817 1 6494
17818 2 4410
17821 1 615
17827 1 696
17829 1 1062
17830 1 1229
17831 1 468
17832 1 594
17835 1 791
17845 1 1053
17849 1 1534
17856 1 998
17866 1 454
17883 1 345
17929 1 880
17943 1 1248
17946 1 637
17950 1 1113
17957 2 349
17961 3 1859
17974 1 684
17983 1 567
17988 2 899
17997 1 325
18034 1 3151
18042 5 1029
18048 1 536
18055 1 1082
18056 1 1771
18073 2 967
18112 1 180
18120 7 540
18130 2 1535
18137 3 1301
18147 1 763
18155 5 339
18156 1 1412
18158 1 1200
18159 3 870
18165 9 915
18166 11 1295
18167 24 709
18168 80 1639
18169 90 3118
18171 3 727
18213 5 2075
18214 1 169
18215 1 113
18216 2 460
18217 2 463
18218 2 462
18219 2 462
18220 2 462
18221 1 339
18226 1 1550
18260 2 1437
18263 4 2623
18267 2 933
18268 2 504
18275 1 895
18286 1 403
18314 1 316
18315 2 82
18324 1 740
18326 1 6203
18345 2 1603
18366 2 2921
18367 4 1750
18382 1 886
18383 1 1509
18384 1 1261
18388 1 1439
18394 1 1853
18419 1 2124
18434 1 768
18484 1 804
18489 1 726
18496 1 71
18498 17 409
18499 20 470
18500 11 329
18501 11 320
18502 11 317
18503 17 410
18504 11 309
18505 14 375
18506 13 341
18507 11 309
18508 11 314
18509 11 311
18510 11 307
18511 11 312
18516 1 892
18517 3 1038
18519 2 1780
18534 2 1729
18538 1 153
18543 4 179
18574 3 1309
18583 2 1790
18584 1 605
18585 1 826
18586 1 855
18587 1 996
18588 1 1245
18615 2 1909
18629 1 860
18634 1 255
18639 1 1434
18648 1 1076
18651 1 763
18654 6 15696
18668 1 445
18669 1 633
18670 1 1046
18671 2 255
18672 2 349
18673 1 281
18695 2 896
18708 2 1066
18709 2 949
18710 2 928
18721 1 983
18722 1 367
18744 2 775
18747 1 1056
18748 2 1015
18762 1 911
18765 1 3181
18784 1 779
18802 3 1147
18803 2 507
18804 6 1574
18809 1 380
18811 1 435
18818 2 696
18819 2 564
18830 1 1272
18863 1 2559
18868 1 607
18885 2 1038
18886 1 1074
18887 1 176
18889 1 746
18890 1 532
18892 1 2095
18897 1 233
18898 1 824
18938 1 464
18951 1 5208
18964 1 1035
18979 1 1480
19022 1 322
19023 2 2348
19032 1 1192
19037 1 391
19043 1 4707
19053 1 1540
19054 1 1357
19065 1 704
19071 2 669
19073 1 315
19076 1 2622
19104 3 233
19122 1 823
19124 5 1758
19125 1 917
19126 1 561
19135 2 966
19136 5 2416
19137 4 383
19138 5 303
19139 4 1528
19140 5 1166
19141 4 1079
19142 5 1574
19143 5 411
19144 4 2063
19145 5 288
19146 5 343
19147 4 1210
19148 4 3277
19149 5 1238
19150 4 438
19151 5 322
19152 4 1335
19153 6 3019
19154 2 179
19155 5 2244
19156 5 857
19157 4 3514
19158 5 1770
19159 5 346
19160 4 1067
19161 4 687
19162 4 914
19163 5 313
19164 1 999
19165 4 1782
19166 5 1154
19182 1 914
19183 2 996
19184 1 773
19187 1 826
19188 1 737
19189 1 848
19197 3 37
19225 3 326
19230 1 83
19373 2 1681
19379 2 4781
19388 1 615
19394 1 1246
19409 1 1342
19413 2 1698
19420 2 532
19424 1 673
19556 1 554
19589 1 1946
19602 1 900
19630 2 2098
19639 5 1580
19670 1 1951
19680 1 5229
19681 1 10198
19683 1 2480
19684 1 2620
19687 1 2998
19690 1 2088
19728 1 1498
19759 1 1457
19770 2 260
19799 1 701
19808 10 2160
19816 1 1533
19843 2 516
19865 4 1300
19867 1 1332
19869 1 2203
19870 2 1995
19878 1 1514
19893 1 6194
19896 2 4758
19902 1 3107
19909 1 1003
19928 2 2193
19929 1 1291
19936 1 829
19938 1 1181
19946 4 1413
19957 1 1260
19960 1 1151
19974 1 1575
19984 2 3052
19986 1 1620
19990 1 1486
19995 1 736
20002 1 2451
20018 1 526
20022 1 985
20031 2 856
20147 1 538
20155 3 407
20174 1 305
20186 1 291
20195 1 1396
20197 1 514
20198 1 507
20200 1 30304
20211 2 1460
20212 2 588
20213 2 587
20233 2 3879
20242 1 1036
20276 1 904
20277 2 1485
20278 1 1044
20279 6 1548
20280 1 1019
20302 2 414
20313 1 803
20315 4 464
20322 1 669
20326 1 597
20327 1 477
20328 1 1034
20329 1 510
20330 1 636
20331 1 794
20332 1 945
20333 1 744
20334 1 581
20335 1 1141
20336 1 1076
20337 1 916
20338 1 2253
20339 1 1011
20340 1 946
20341 1 1048
20342 1 559
20343 1 714
20344 1 863
20345 1 639
20346 1 478
20347 1 444
20348 1 1240
20349 1 1728
20350 1 1183
20351 1 486
20352 1 487
20353 1 551
20354 1 959
20355 1 911
20356 1 1129
20357 1 1306
20358 1 503
20359 1 686
20360 1 873
20361 1 708
20362 1 676
20363 1 915
20364 1 510
20365 1 1261
20366 1 553
20367 1 484
20368 1 512
20377 20 1456
20378 20 1896
20395 1 651
20426 1 206
20554 3 524
20555 3 492
20572 1 820
20609 1 335
20613 1 521
20617 1 1245
20621 1 2416
20625 4 346
20658 1 821
20659 1 132
20663 1 2969
20666 3 427
20668 3 187
20675 1 599
20682 1 5585
20690 2 1232
20691 2 361
20692 2 754
20693 2 760
20694 2 355
20695 1 1111
20705 1 379
20707 1 35797
20710 1 6801
20711 4 6388
20713 4 3777
20722 1 1712
20729 1 902
20730 1 3239
20745 2 1505
20775 1 1001
20793 1 928
20818 1 728
20830 1 2279
20831 4 5707
20930 1 1211
20938 1 3851
20939 1 302
20948 1 690
20971 1 884
20992 1 636
20997 4 6199
21006 2 1452
21030 1 204
21046 1 10160
21056 1 1401
21072 2 780
21082 2 2229
21097 1 1144
21101 1 2647
21102 1 3237
21114 1 1404
21120 1 1094
21165 1 1080
21184 1 529
21185 1 969
21186 1 1061
21187 1 992
21193 1 218
21194 1 197
21231 4 1035
21232 4 4261
21233 5 518
21234 4 3393
21235 4 1070
21236 4 1372
21237 5 881
21238 4 742
21239 5 305
21240 5 459
21241 4 4794
21242 6 985
21243 5 319
21252 1 747
21284 2 1012
21287 1 982
21288 1 1188
21308 1 465
21347 2 1066
21359 6 13839
21369 1 655
21370 1 538
21387 1 3030
21390 1 1750
21433 1 168
21460 1 877
21480 1 1231
21499 1 696
21507 1 7373
21527 1 6412
21550 1 688
21568 1 3870
21597 2 813
21609 1 410
21626 3 876
21637 78 10855
21641 1 1648
21644 2 11884
21653 1 1859
21654 1 1605
21655 1 1486
21674 1 386
21720 1 969
21742 1 1069
21756 3 2820
21761 1 543
21768 1 2946
21778 1 661
21788 1 309
21803 1 1062
21809 5 1129
21819 1 568
21822 1 226
21849 1 110
21850 1 90
21862 7 3630
21865 10 2056
21866 3 828
21867 1 1612
21884 1 54
21899 1 1045
21913 2 3148
21918 1 704
21927 1 1212
21930 1 297
21932 1 659
21941 1 1755
21947 5 628
21950 1 1511
21954 1 241
21960 1 7778
21979 1 861
21995 1 2336
22013 3 1044
22043 1 956
22045 1 2727
22047 6 2622
22057 1 1390
22067 5 1179
22077 1 1495
22080 2 697
22081 2 465
22082 1 264
22097 1 1488
22101 1 1132
22104 1 413
22105 3 2168
22109 1 301
22147 20 1108
22148 15 1192
22158 3 236
22164 1 637
22179 1 751
22196 1 529
22214 1 1094
22221 5 326
22222 2 255
22385 3 506
22386 3 494
22387 3 487
22388 2 438
22389 3 482
22390 3 493
22391 3 485
22392 3 529
22394 3 489
22423 1 507
22430 1 427
22437 1 560
22441 1 524
22442 1 544
22469 1 912
22472 1 684
22528 2 3156
22555 2 1437
22556 2 1484
22557 2 1305
22558 2 1404
22559 2 1297
22560 2 606
22561 2 1310
22562 2 1380
22563 2 1334
22564 2 1455
22565 2 484
22566 3 1385
22567 2 1443
22569 1 1315
22586 1 627
22603 1 779
22610 1 1706
22764 2 1100
22768 2 462
22769 2 462
22869 1 1378
22872 1 181
22873 1 155
22874 1 159
22879 1 217
22883 1 848
22892 1 397
22897 1 455
22909 1 1035
22926 1 1353
22935 1 1648
22936 1 635
22976 2 1924
22979 1 524
22989 3 162
22996 4 834
23018 1 197
23035 1 1061
23046 1 820
23055 3 1418
23078 2 973
23082 20 484
23083 16 409
23084 11 326
23085 11 325
23086 11 324
23087 20 472
23088 11 314
23089 11 325
23090 11 313
23091 11 313
23092 11 308
23093 13 344
23094 11 309
23095 11 312
23096 11 314
23097 11 312
23098 11 318
23099 11 317
23100 11 317
23101 11 312
23102 11 310
23103 11 321
23104 11 330
23105 11 320
23106 11 310
23107 11 307
23108 11 316
23109 18 425
23110 11 324
23111 12 348
23112 11 308
23124 4 351
23129 1 438
23211 1 1665
23213 1 950
23216 3 946
23224 1 1079
23258 1 462
23276 1 360
23277 1 364
23292 1 466
23294 1 409
23359 1 1250
23360 2 1678
23361 1 521
23367 2 1364
23368 2 2432
23373 1 1729
23375 1 839
23378 1 973
23382 1 852
23383 2 250
23384 2 217
23385 2 748
23386 2 471
23387 1 256
23419 2 1204
23420 2 1191
23421 2 633
23460 3 1670
23468 1 1323
23496 2 1509
23497 2 1079
23512 1 382
23513 1 440
23516 1 151
23555 2 158
23562 1 262
23564 1 551
23583 3 3023
23598 1 1236
23644 1 2056
23651 1 712
23666 1 450
23668 1 570
23675 5 1065
23684 3 138
23693 1 664
23695 3 1267
23696 2 4960
23697 1 5047
23698 2 1290
23699 5 865
23700 5 448
23701 5 1110
23703 3 31
23720 15 1499
23749 1 570
23757 1 258
23765 2 11324
23773 1 278
23781 2 1632
23787 1 804
23829 1 8025
23840 1 235
23842 4 428
23847 1 863
23906 1 439
23912 1 1243
23977 1 995
24073 6 162
24089 1 472
24091 1 743
24103 1 849
24108 2 196
24109 1 618
24110 2 207
24111 2 719
24112 2 454
24113 2 308
24114 1 580
24117 1 338
24124 1 2547
24125 1 670
24136 2 1335
24171 1 446
24173 1 643
24195 3 58
24204 1 780
24219 1 7326
24224 1 416
24250 1 417
24255 1 3586
24265 8 3355
24364 2 953
24371 1 1319
24379 4 1455
24380 5 865
24381 6 310
24382 1 442
24383 4 1705
24390 1 3496
24396 1 528
24400 3 31
24418 3 126
24437 2 3970
24441 1 601
24451 1 2059
24456 1 508
24469 1 715
24475 1 2124
24479 6 2991
24482 1 1427
24488 1 1218
24517 1 824
24518 1 1407
24544 2 172
24556 1 2926
24560 1 1080
24561 1 3084
24568 3 5820
24581 1 556
24593 1 1736
24614 1 1048
24616 1 6643
24660 1 1090
24664 1 216
24666 1 3571
24691 1 401
24701 1 632
24719 2 646
24731 1 1332
24737 2 1993
24738 1 4416
24756 1 63
24804 1 513
24807 1 3878
24809 1 1190
24826 1 1650
24829 1 703
24831 10 1440
24837 2 1425
24838 1 1751
24839 1 1127
24840 1 9627
24848 1 1701
24861 3 4547
24864 1 3090
24870 2 817
24874 2 1346
24876 2 2039
24880 2 574
24931 2 330
24937 11 330
24938 11 312
24939 11 311
24940 11 318
24941 11 310
24942 11 313
24943 11 321
24944 11 309
24945 11 312
24946 11 316
24947 11 324
24948 11 319
24949 11 338
24950 11 310
24951 20 465
24952 20 501
24953 11 316
24954 11 340
24955 11 309
25028 6 1149
25043 3 1300
25054 1 1376
25077 1 553
25098 2 506
25099 2 487
25100 2 552
25101 2 492
25105 3 456
25129 1 990
25154 1 4423
25184 1 896
25189 1 1305
25190 1 1528
25191 1 1013
25192 1 1525
25193 1 1425
25194 1 1545
25195 1 1073
25196 1 931
25231 2 2410
25232 1 2344
25234 3 4341
25235 2 7935
25236 2 199
25242 8 2763
25243 10 3615
25253 2 768
25254 2 431
25255 2 308
25256 2 880
25269 1 262
25275 1 2035
25285 1 506
25286 1 470
25287 1 698
25288 1 519
25289 1 618
25290 1 1547
25291 1 551
25292 1 654
25293 1 562
25294 2 1378
25295 1 513
25296 1 566
25297 1 501
25298 1 953
25299 1 454
25315 20 871
25324 1 2744
25327 2 688
25331 1 1132
25334 1 547
25348 2 2680
25352 3 661
25354 3 496
25355 3 501
25356 3 491
25357 5 1736
25358 3 484
25359 3 498
25360 3 481
25361 3 496
25362 3 490
25380 5 931
25381 1 769
25388 1 457
25394 1 511
25415 1 397
25422 1 2424
25426 1 468
25474 1 3568
25478 2 3302
25492 1 3700
25495 1 1308
25503 2 1229
25504 2 1376
25505 2 1316
25507 1 1510
25509 1 1876
25551 1 668
25556 1 354
25560 1 1516
25561 1 219
25605 19 2072
25607 2 974
25611 2 461
25612 2 460
25614 1 747
25655 4 2371
25660 1 211
25661 1 213
25662 1 196
25713 1 3056
25735 1 437
25741 12 864
25764 1 2679
25771 1 2483
25833 1 754
25852 1 698
25864 1 627
25882 1 1550
25906 1 1166
25948 1 158
25955 1 382
25966 3 2171
25969 1 1852
25996 1 171
26049 2 2989
26051 1 761
26052 1 785
26053 1 603
26062 2 196
26063 1 947
26064 2 213
26065 2 209
26066 2 216
26067 2 274
26068 1 354
26073 1 874
26089 2 675
26091 1 332
26102 1 697
26103 2 720
26105 5 514
26123 1 1139
26136 1 889
26161 5 14248
26163 2 8177
26188 1 973
26203 2 970
26206 1 1472
26229 1 766
26239 1 1707
26241 1 5926
26248 1 1814
26257 1 3709
26258 1 7349
26259 1 3718
26260 1 3718
26261 1 3710
26262 1 3711
26265 1 739
26285 1 288
26294 1 1451
26297 2 585
26359 3 3794
26368 1 918
26371 2 571
26382 1 3521
26386 1 2024
26387 1 775
26389 4 1133
26390 5 613
26391 4 1837
26402 3 40
26436 1 1206
26438 1 643
26455 1 351
26488 1 1436
26498 3 32423
26511 1 1621
26522 1 1759
26526 2 477
26536 4 321
26540 2 340
26579 1 1078
26586 1 2458
26587 1 823
26597 1 415
26608 4 1078
26669 1 2034
26705 1 1443
26708 1 64
26712 2 501
26713 1 427
26714 1 1065
26722 2 1894
26723 1 1586
26742 1 982
26743 1 66
26746 1 568
26756 3 2627
26771 1 1094
26800 1 1401
26802 1 973
26825 1 2133
26827 1 2251
26832 1 1182
26872 4 717
26889 2 1805
26893 2 2171
26906 1 494
26914 1 892
26942 1 485
26944 2 2864
26945 2 2664
26946 2 2974
26947 2 1581
26950 1 41
26975 1 1997
26980 1 1029
27035 1 1356
27042 1 291
27043 4 865
27125 1 1153
27126 1 451
27127 2 1556
27134 1 823
27137 1 865
27140 2 684
27141 1 963
27142 2 216
27143 2 224
27144 2 257
27145 2 340
27146 2 758
27151 4 659
27161 1 1496
27164 1 884
27171 3 1261
27172 2 687
27183 1 1174
27190 2 1135
27191 1 2750
27192 1 653
27200 1 863
27201 1 865
27202 1 938
27211 1 483
27222 1 930
27259 18 1441
27267 3 610
27272 1 1722
27278 1 304
27285 2 808
27299 1 291
27307 1 570
27308 2 7530
27318 2 1235
27319 2 1266
27321 1 7344
27322 1 3721
27323 1 2478
27324 1 3721
27338 1 305
27343 1 2701
27400 1 1468
27415 3 328
27416 5 613
27417 4 1328
27418 1 626
27423 3 1599
27427 1 1701
27510 10 1431
27557 1 857
27579 3 1272
27596 1 450
27654 1 2800
27706 1 1893
27725 1 539
27727 3 2086
27737 2 675
27774 3 2355
27781 1 1006
27824 1 2281
27826 2 942
27830 1 5835
27861 1 1009
27862 12 8511
27866 2 4412
27868 3 2792
27882 2 918
27884 2 829
27906 12 333
27907 11 310
27908 11 327
27909 11 305
27910 11 317
27911 12 328
27912 12 335
27913 11 315
27914 11 314
27915 12 326
27916 11 322
27917 11 316
28006 1 1748
28037 2 487
28051 2 467
28052 2 555
28053 2 535
28054 2 510
28064 1 1150
28065 3 3068
28075 1 2788
28077 1 1097
28083 1 804
28084 1 448
28105 1 3202
28128 2 957
28129 1 1062
28130 1 1740
28131 2 1689
28132 1 1353
28151 1 86
28209 1 192
28210 1 265
28211 1 335
28212 1 196
28213 1 302
28214 1 488
28215 1 236
28216 1 296
28224 1 744
28225 1 2588
28238 1 1334
28239 1 459
28240 1 1341
28241 1 517
28242 1 871
28243 1 1304
28244 1 832
28245 1 494
28246 1 1258
28247 1 771
28248 1 849
28251 1 372
28257 1 3449
28259 20 6624
28261 10 11790
28266 1 1597
28274 1 488
28287 1 483
28327 1 726
28335 1 194
28336 5 353
28349 1 788
28430 1 2319
28437 1 1135
28455 2 665
28463 1 1008
28464 1 1082
28465 1 1008
28466 15 10312
28467 12 8583
28468 12 8583
28469 12 8615
28474 2 1304
28492 2 413
28552 11 319
28553 11 305
28554 11 322
28555 11 312
28556 12 338
28557 11 304
28558 11 319
28559 11 337
28560 14 366
28561 11 305
28562 12 329
28563 11 303
28564 11 319
28565 4 3391
28571 2 768
28637 1 114
28658 1 729
28668 1 748
28670 1 500
28677 2 1137
28692 1 1065
28696 2 3559
28703 3 899
28707 1 606
28723 3 677
28724 1 794
28752 1 334
28754 2 629
28755 2 603
28756 2 457
28757 2 516
28758 1 755
28759 1 1090
28763 1 121
28768 12 734
28772 1 1602
28805 3 1621
28812 1 680
28814 3 1242
28828 1 1306
28840 3 12057
28848 1 449
28856 2 1048
28858 2 1311
28884 1 1347
28885 1 1833
28886 1 1271
28887 1 828
28888 1 748
28889 1 976
28896 1 434
28915 2 1324
28945 1 874
28971 1 391
28972 1 569
28973 1 424
28974 1 254
28975 2 762
28976 1 387
28977 1 244
28985 1 622
28993 1 559
28996 1 844
29016 1 740
29017 1 475
29018 1 508
29019 1 867
29020 1 1013
29021 1 1122
29022 1 507
29023 1 904
29024 1 479
29025 1 564
29026 1 900
29027 1 713
29028 1 1337
29029 1 981
29030 1 954
29031 1 1192
29032 1 499
29033 1 1701
29049 8 357
29050 20 1769
29053 20 2517
29058 1 1399
29073 1 463
29082 1 266
29119 1 1828
29125 2 657
29172 4 312
29173 1 191
29174 1 202
29175 3 265
29287 1 1288
29290 3 505
29291 3 488
29292 3 522
29293 3 506
29294 3 499
29295 5 1818
29296 6 762
29297 3 470
29298 3 503
29299 5 1683
29300 2 439
29301 3 485
29302 3 486
29307 1 1304
29341 1 761
29347 1 844
29389 1 348
29390 1 220
29392 1 775
29408 1 2208
29416 1 1065
29418 3 3556
29422 1 461
29473 1 473
29493 2 3306
29498 1 2955
29502 1 65
29520 1 443
29538 1 36
29546 2 1287
29547 2 1675
29548 2 1483
29549 2 1282
29555 1 1529
29556 1 1585
29558 2 3685
29559 2 3217
29560 1 1313
29574 1 745
29584 11 1507
29585 2 154
29591 1 790
29607 1 1086
29611 1 814
29618 1 336
29622 1 810
29625 1 10200
29627 1 967
29630 1 1791
29636 1 770
29637 1 2315
29642 1 435
29644 1 1114
29649 1 156
29694 19 1689
29696 7 1829
29697 2 457
29699 1 462
29708 2 462
29722 2 9450
29728 2 655
29785 4 1968
29787 2 430
29792 1 191
29793 1 191
29794 1 175
29795 1 165
29796 1 165
29797 1 177
29812 1 962
29813 1 1004
29817 1 2179
29851 1 1758
29866 1 1160
29917 1 387
29969 1 477
29973 5 1093
29975 1 1410
30016 1 1022
30039 4 848
30056 2 1299
30057 2 1443
30058 2 1382
30059 1 2773
30060 1 1690
30073 1 2480
30084 1 1077
30108 1 741
30128 4 1329
30158 1 1827
30165 6 252
30166 3 953
30182 3 1248
30191 1 312
30192 1 1145
30195 1 1266
30197 3 3083
30198 1 1213
30204 7 829
30211 1 3859
30255 2 2558
30264 2 238
30265 2 286
30266 2 665
30267 1 279
30268 1 274
30277 1 1384
30285 4 1934
30307 3 3452
30308 1 140
30319 1 79
30322 2 383
30325 1 1728
30357 1 406
30367 1 200
30379 5 1010
30382 1 1172
30385 4 1151
30390 1 1242
30393 1 442
30394 1 1246
30442 1 416
30444 2 731
30450 1 1607
30455 3 1134
30459 1 1537
30510 1 2362
30516 1 781
30519 1 5484
30554 2 3073
30569 1 715
30596 1 1172
30604 1 1396
30618 1 763
30638 1 1053
30639 2 8117
30643 1 1318
30649 3 2455
30663 11 310
30664 11 308
30665 11 325
30666 11 306
30667 11 322
30668 11 305
30669 11 323
30731 3 580
30758 1 898
30759 3 1879
30760 2 644
30766 1 800
30769 1 1282
30781 1 995
30785 1 772
30803 1 729
30805 2 1056
30813 2 460
30814 2 490
30815 2 535
30819 1 119
30820 20 2711
30828 1 939
30927 1 723
30928 1 1215
30929 2 1671
30930 2 1699
30948 1 95
30955 2 1113
30971 2 1467
30972 2 877
30973 1 7204
30987 1 267
31017 1 781
31018 1 462
31019 1 518
31020 1 616
31040 1 1514
31041 1 1280
31052 1 3636
31056 2 434
31060 1 309
31085 1 2635
31095 1 1243
31135 3 246
31136 4 280
31188 3 556
31189 3 486
31190 3 482
31191 3 505
31192 5 1700
31193 3 486
31194 3 545
31217 1 660
31219 1 563
31223 1 552
31224 1 950
31227 2 927
31232 1 417
31237 1 2292
31257 1 1242
31264 3 1761
31267 1 7536
31268 1 797
31269 1 1094
31292 1 1061
31308 1 1198
31328 2 3214
31358 4 1730
31360 1 3008
31374 1 48
31378 1 1060
31381 2 766
31382 2 1446
31383 2 1325
31384 2 1334
31388 1 487
31389 1 337
31390 1 479
31393 1 1881
31394 1 956
31395 2 3700
31405 2 669
31406 1 3326
31410 1 2031
31433 2 268
31438 2 1279
31440 3 955
31442 2 902
31448 2 3221
31458 3 330
31485 8 619
31486 1 967
31487 1 1278
31489 1 623
31490 1 827
31491 3 549
31492 1 641
31496 2 462
31497 2 462
31499 1 978
31518 1 5634
31544 14 2626
31551 1 165
31552 1 154
31562 1 445
31563 1 728
31644 1 1272
31651 2 843
31680 1 363
31689 4 2682
31702 1 2004
31723 6 9877
31728 1 1238
31731 2 3982
31738 3 1012
31774 2 1024
31797 2 1376
31798 1 1484
31799 1 1487
31800 1 825
31801 1 985
31825 1 3867
31828 1 227
31835 12 2763
31836 2 347
31838 2 790
31839 2 844
31856 1 222
31857 1 105
31860 2 1825
31869 3 1376
31874 1 640
31876 2 600
31877 1 354
31888 1 901
31889 1 531
31890 1 1127
31891 1 499
31892 1 557
31893 1 981
31894 1 1015
31895 1 538
31896 1 932
31897 1 819
31898 1 1326
31899 1 686
31900 1 995
31901 1 567
31902 1 1912
31903 1 914
31904 1 514
31905 1 943
31906 1 890
31907 1 1007
31908 1 476
31909 1 456
31910 1 475
31911 2 620
31912 1 574
31913 1 1930
31914 1 906
31927 20 1875
31929 20 15160
31930 16 4739
31946 3 2395
31947 5 1265
31967 1 524
31973 1 1614
31988 1 1092
32009 1 354
32011 5 275
32025 3 254
32026 1 182
32125 1 1327
32126 3 495
32127 2 454
32128 3 515
32129 3 507
32130 3 484
32131 3 482
32133 1 1043
32159 1 588
32160 1 745
32161 1 679
32205 4 687
32211 1 954
32215 1 1305
32216 1 1582
32238 1 4115
32290 1 3009
32294 1 3074
32300 1 3026
32301 1 3186
32302 2 3115
32314 1 2456
32321 2 968
32326 1 1541
32327 1 1141
32342 1 35
32348 2 1430
32349 2 1351
32350 2 1382
32351 2 1416
32352 2 1388
32353 2 1385
32354 2 1471
32355 2 1418
32356 2 1306
32357 2 1452
32361 1 494
32362 1 560
32363 1 495
32366 2 3530
32367 2 3181
32381 5 668
32388 3 24490
32398 1 1410
32399 1 1839
32403 2 357
32404 2 301
32406 2 1010
32407 3 1478
32414 1 1665
32422 1 581
32423 3 330
32470 1 1052
32471 1 2840
32472 2 1402
32473 1 833
32478 2 462
32479 2 462
32483 1 1282
32551 4 1569
32557 1 181
32558 1 166
32559 1 179
32574 2 2622
32579 1 442
32584 6 2115
32618 2 377
32622 2 413
32654 1 45225
32665 3 76
32666 1 2788
32704 1 2103
32709 1 977
32733 1 964
32738 1 578
32743 9 1903
32750 1 830
32755 1 590
32778 1 488
32853 20 466
32854 12 329
32855 11 319
32856 11 315
32857 11 318
32858 13 350
32859 11 330
32860 11 306
32861 11 311
32862 11 306
32863 11 322
32864 12 339
32865 12 330
32866 11 310
32867 11 314
32868 11 323
32885 1 422
32966 1 1131
32972 1 11367
32977 1 895
33010 1 452
33017 1 208
33049 1 127
33051 1 343
33057 1 796
33072 1 829
33074 1 514
33078 2 5728
33079 1 3096
33084 1 1311
33087 1 797
33088 1 839
33090 1 1529
33093 2 204
33094 2 204
33095 1 1520
33096 1 382
33097 1 819
33098 2 217
33099 2 218
33100 2 207
33101 2 214
33102 2 240
33103 2 225
33104 2 705
33105 1 277
33106 1 316
33107 1 1135
33116 1 927
33117 1 925
33118 1 971
33119 1 988
33120 1 978
33121 1 751
33126 1 264
33130 1 1040
33145 1 1201
33148 2 713
33167 1 1396
33196 10 955
33215 2 1134
33246 1 1782
33264 1 1136
33271 1 1800
33272 1 1656
33287 1 896
33297 1 683
33305 1 773
33310 2 9499
33312 1 2285
33318 1 2084
33333 2 6676
33334 2 2979
33354 1 1212
33359 1 890
33364 3 721
33375 1 2483
33412 1 800
33418 1 114
33422 1 288
33456 1 957
33520 19 826
33573 1 1218
33590 1 3769
33593 1 819
33598 8 971
33601 1 995
33602 2 742
33603 1 264
33627 1 763
33634 2 1541
33646 4 1788
33647 4 1671
33650 2 817
33652 1 264
33658 1 813
33659 1 674
33660 1 629
33663 2 5738
33678 1 718
33681 1 859
33690 1 825
33697 2 1438
33703 1 18894
33706 4 872
33715 2 1183
33729 2 240
33735 2 190
33761 2 281
33764 1 331
33766 3 1101
33773 1 158
33783 1 361
33785 2 1393
33810 2 158
33831 1 6374
33846 1 275
33860 1 239
33873 1 630
33874 1 987
33889 1 1189
33906 1 1561
33924 4 11847
33935 6 765
33942 5 1795
33943 5 2181
33944 5 1449
33945 1 364
33946 1 914
33953 1 719
33954 1 766
33963 4 1093
33964 5 780
33965 4 530
33966 7 1577
33967 5 1014
33976 1 978
33980 1 2963
33984 1 1595
33985 1 1091
33990 3 602
34004 5 5029
34041 8 421
34051 2 600
34059 2 1599
34064 1 1611
34098 1 432
34102 1 839
34177 1 1899
34201 1 2057
34207 1 404
34231 1 109
34235 2 386
34291 1 1443
34309 2 975
34343 1 221
34346 1 335
34353 1 244
34360 1 1335
34379 1 1659
34392 3 3063
34393 2 1308
34396 4 5213
34406 1 145
34416 1 100
34421 1 894
34460 2 1553
34478 1 1361
34489 1 1568
34505 1 3691
34514 4 2438
34534 1 1101
34553 1 1919
34556 10 2148
34579 1 1171
34592 18 441
34593 11 324
34594 11 308
34595 11 316
34596 11 311
34597 20 464
34598 11 306
34600 2 84
34619 1 2069
34631 1 114
34637 1 550
34645 2 1526
34654 1 770
34660 1 1031
34674 1 2253
34689 1 1908
34715 2 489
34717 2 544
34718 2 473
34719 2 493
34720 2 489
34722 1 1829
34724 1 1355
34737 2 1449
34742 1 355
34747 1 868
34748 1 832
34765 2 1628
34782 1 740
34804 2 3895
34820 4 7148
34825 1 778
34826 1 1380
34827 1 1335
34828 1 2867
34829 2 1444
34830 1 852
34845 1 228
34858 1 184
34862 1 1344
34889 1 478
34890 1 1453
34891 1 519
34898 1 39
34901 20 18201
34942 1 1517
34972 1 2699
34973 1 1217
34977 2 1179
34978 5 330
34987 1 1168
34990 2 5418
35017 2 17687
35020 2 1589
35040 1 413
35149 1 9307
35151 2 4287
35154 1 1597
35161 1 984
35183 10 1577
35306 1 913
35311 1 174
35317 1 1885
35328 1 101
35329 1 616
35330 1 500
35334 1 4418
35337 2 1479
35347 1 866
35351 1 1416
35353 1 963
35354 1 581
35355 2 236
35356 2 479
35357 1 345
35360 3 852
35373 1 1558
35381 1 134
35392 1 420
35393 2 970
35421 1 591
35458 1 388
35466 7 728
35481 1 1556
35497 4 339
35524 1 2484
35538 1 1446
35547 2 946
35548 1 1681
35597 1 173
35603 1 790
35639 1 273
35649 1 1325
35691 2 1322
35692 1 276
35701 1 300
35705 1 647
35722 1 318
35728 1 571
35729 1 796
35730 2 850
35731 1 931
35734 5 796
35749 2 174
35750 4 1877
35751 4 835
35754 1 1157
35758 1 187
35759 1 2988
35761 1 995
35764 1 1421
35766 1 1100
35774 1 3657
35783 3 47
35791 3 1953
35857 2 1888
35858 2 1063
35886 1 671
35887 1 4260
35890 1 199
35946 2 3409
35951 1 2034
35960 2 1879
35970 2 1846
35985 1 905
35992 1 423
35994 1 743
36013 5 2981
36023 3 5721
36061 1 213
36080 1 449
36090 1 1149
36091 2 2113
36131 1 1273
36137 1 2930
36149 1 429
36187 1 4259
36209 1 146
36216 2 962
36217 1 924
36224 1 979
36229 1 1405
36264 1 1039
36281 2 1467
36289 1 1392
36290 1 1878
36291 2 4374
36310 1 1301
36311 1 2920
36331 2 613
36332 1 810
36338 1 405
36343 1 1778
36364 2 2554
36370 2 898
36420 1 375
36432 2 744
36440 1 2527
36472 1 868
36483 1 1115
36489 2 962
36513 2 559
36533 4 1642
36549 1 667
36557 1 952
36559 1 2030
36583 1 1261
36605 1 1696
36621 1 857
36636 1 519
36678 3 653
36679 1 407
36684 2 1952
36685 1 3543
36687 1 601
36695 1 1231
36702 1 778
36704 2 204
36705 1 487
36706 2 236
36707 2 216
36708 1 780
36709 2 669
36710 1 283
36713 1 851
36723 1 271
36728 1 1234
36754 4 1714
36801 2 2127
36814 1 764
36828 2 1444
36832 1 4358
36836 1 1458
36839 3 60
36885 1 309
36895 1 891
36940 2 306
36945 1 21910
36957 1 559
36987 1 1333
37006 1 421
37026 1 1042
37063 10 1966
37067 1 1829
37068 6 1051
37069 1 761
37070 10 2552
37082 4 443
37083 5 412
37084 4 886
37085 4 1687
37092 1 703
37097 1 3262
37098 1 3089
37099 1 2940
37102 2 1529
37104 2 1776
37105 1 5309
37107 2 1068
37111 4 873
37122 3 81
37169 1 628
37172 2 2396
37198 1 379
37200 2 724
37212 1 697
37235 1 1413
37267 1 1801
37284 1 2087
37318 1 86
37332 15 1763
37353 1 496
37365 1 871
37381 1 1394
37397 1 934
37402 5 282
37422 3 917
37439 1 636
37456 1 2083
37480 2 763
37504 1 903
37506 1 1377
37518 1 95
37521 1 3207
37531 1 355
37534 1 1033
37546 2 2709
37573 1 551
37579 1 4434
37591 1 1574
37596 1 1780
37600 2 1454
37601 1 1897
37620 1 1774
37621 1 648
37628 1 1169
37671 1 2694
37672 4 1421
37678 2 1076
37684 1 1530
37685 1 2123
37695 1 1123
37698 1 5406
37702 1 1737
37715 1 1489
37720 1 910
37733 1 1162
37742 1 101
37748 2 352
37780 11 311
37781 11 315
37782 11 306
37783 11 306
37784 11 314
37854 1 566
37865 2 553
37871 3 346
37886 1 449
37893 1 7547
37895 1 1340
37899 1 352
37904 3 1805
37906 1 1709
37921 1 350
37924 1 698
37945 1 311
37962 1 2971
37964 2 2710
37965 2 573
37966 2 625
37967 2 453
37968 2 474
37972 1 1436
38002 1 678
38004 1 2166
38007 1 1299
38031 1 493
38040 1 1063
38041 1 1095
38049 1 511
38050 5 445
38051 1 1733
38052 3 372
38069 1 3382
38073 4 1947
38074 4 1582
38079 1 190
38080 1 151
38081 1 183
38082 1 184
38083 1 173
38084 1 173
38101 1 2682
38109 1 1202
38135 1 2718
38137 1 1766
38144 1 205
38151 1 2229
38157 6 3920
38176 10 1993
38177 1 1445
38200 1 3117
38234 1 914
38240 1 1492
38242 1 1095
38294 1 1860
38305 1 744
38309 10 1508
38312 4 320
38317 1 1215
38344 1 1209
38356 1 1322
38358 1 951
38359 2 1335
38360 1 955
38401 1 506
38402 1 678
38403 2 1800
38404 2 1515
38405 2 2475
38406 2 1770
38407 2 1761
38408 2 2338
38409 2 1711
38419 1 1224
38420 1 843
38421 1 792
38422 1 782
38426 1 657
38427 1 441
38428 2 774
38429 2 450
38432 1 1013
38435 2 1582
38438 3 499
38443 1 1740
38444 1 352
38445 1 2338
38452 1 1545
38461 2 284
38465 2 110
38471 2 878
38472 2 1041
38478 6 1991
38479 4 1418
38480 5 1546
38481 4 2169
38482 2 1834
38488 1 1063
38502 1 1471
38509 1 1250
38543 1 1310
38551 1 468
38555 1 946
38561 2 1357
38562 1 519
38567 1 628
38568 1 859
38569 1 928
38570 1 526
38584 1 728
38589 2 1121
38610 2 1389
38611 1 5792
38635 1 1518
38643 6 1335
38648 1 877
38649 3 797
38656 1 1164
38657 1 1006
38671 6 1330
38677 1 584
38679 3 4243
38705 1 876
38714 1 2044
38715 1 5564
38725 1 2848
38745 1 916
38748 7 2192
38749 1 291
38751 1 504
38769 1 854
38772 1 961
38773 2 1344
38778 1 3309
38781 1 2162
38782 1 1808
38797 1 1539
38798 1 1280
38799 1 1503
38801 1 682
38808 1 2666
38810 9 602
38811 4 1238
38812 4 2023
38813 4 1103
38814 5 1811
38815 4 1731
38816 5 920
38818 4 1553
38819 4 1509
38820 4 2102
38826 3 42
38845 1 413
38846 1 403
38847 1 1344
38848 1 791
38884 2 2693
38891 1 3038
38896 9 1300
38925 1 1372
38938 1 2006
38949 1 1160
38953 1 2359
38955 1 480
38968 1 1028
38975 4 912
38992 1 261
38999 6 4065
39000 1 917
39001 3 4864
39002 1 1086
39005 1 620
39010 7 2843
39013 1 125
39023 3 663
39041 2 781
39063 1 612
39065 1 606
39079 5 303
39099 1 926
39128 1 1085
39129 1 1061
39148 1 4610
39149 1 2101
39152 1 417
39158 17 1513
39161 1 754
39170 1 1347
39171 1 1263
39173 1 713
39181 2 3063
39186 2 2248
39188 1 577
39202 3 2039
39240 1 1187
39241 1 7079
39244 1 1045
39253 1 495
39255 1 1425
39256 1 1626
39257 1 2445
39259 2 3420
39276 1 3501
39278 1 5705
39279 1 5440
39280 1 2767
39281 1 1733
39290 1 5621
39292 1 4867
39293 1 768
39314 1 1784
39341 1 9083
39345 11 312
39346 11 329
39347 11 310
39350 1 1856
39398 1 196
39416 1 301
39419 1 414
39433 2 1508
39440 2 869
39473 1 461
39476 1 556
39511 1 1178
39514 4 578
39518 1 1145
39524 1 2137
39527 3 520
39541 3 883
39543 1 476
39544 3 1182
39553 1 1762
39588 1 6063
39599 1 926
39627 1 1010
39686 4 404
39693 1 994
39711 1 1160
39727 2 1539
39775 1 1300
39781 10 1529
39782 1 1509
39792 2 1010
39800 2 1463
39802 1 1853
39847 1 219
39920 1 1039
39924 2 1284
39928 1 596
39933 1 284
39937 1 1427
39938 1 773
39944 2 216
39945 1 842
39946 1 1267
39947 2 220
39948 2 219
39949 2 413
39950 2 431
39951 1 189
39959 5 969
39970 1 1979
39998 1 1097
40005 2 707
40017 1 797
40061 1 993
40076 1 1554
40079 1 1161
40085 3 813
40097 1 541
40106 1 1533
40128 1 468
40171 1 355
40193 1 448
40197 1 672
40224 1 1671
40225 1 1682
40226 1 1053
40234 2 220
40248 2 986
40249 10 903
40251 3 1196
40253 1 3705
40254 1 2478
40255 1 3713
40256 1 1952
40257 1 3718
40261 1 1349
40287 1 10480
40288 1 278
40290 1 407
40295 1 774
40296 2 1209
40299 1 708
40301 1 1617
40302 2 500
40318 4 1714
40319 1 3414
40320 1 7910
40389 1 1995
40402 1 1116
40417 3 1051
40430 1 1721
40436 1 948
40438 6 4462
40440 1 977
40441 1 702
40447 1 3358
40448 1 3806
40450 4 1008
40451 4 1598
40452 4 853
40453 4 950
40454 4 293
40466 3 136
40517 1 413
40518 1 647
40538 3 14088
40546 1 1354
40634 1 766
40656 1 434
40659 1 2127
40663 1 2472
40666 1 1754
40697 1 2727
40739 3 5778
40753 1 611
40758 1 1107
40760 1 488
40763 1 3495
40771 1 1289
40777 1 542
40785 2 1677
40792 1 371
40815 1 274
40816 1 1398
40819 2 10440
40855 2 1346
40858 2 554
40898 1 2825
40947 2 421
40968 7 3581
40969 1 944
40985 2 2120
40992 24 379
41014 2 379
41022 2 2587
41025 1 902
41027 1 265
41040 7 784
41065 1 391
41068 5 123
41070 2 1462
41096 1 185
41099 8 967
41103 4 2097
41109 1 561
41111 1 2649
41113 1 1884
41117 1 1658
41123 1 2499
41124 1 118
41125 1 102
41131 1 4182
41135 1 329
41145 1 1347
41159 2 816
41228 1 118
41264 1 707
41270 1 1544
41275 3 1248
41329 22 1596
41333 1 862
41367 1 605
41376 12 343
41377 11 310
41378 11 316
41379 11 312
41380 20 466
41381 13 346
41382 11 332
41383 11 322
41384 11 323
41385 11 312
41386 11 311
41387 15 379
41388 11 311
41389 11 307
41390 12 339
41391 11 309
41392 11 325
41393 11 332
41394 11 326
41395 12 333
41396 11 316
41397 12 322
41398 11 311
41399 11 309
41400 12 338
41401 11 309
41402 11 326
41403 11 322
41404 12 328
41405 11 320
41406 11 315
41407 11 317
41528 1 451
41584 1 185
41593 1 364
41626 1 504
41671 1 623
41672 1 1500
41673 1 530
41677 2 2045
41678 2 1464
41680 1 604
41684 1 857
41688 1 1836
41690 2 202
41691 1 547
41692 1 920
41693 2 234
41694 2 657
41695 2 484
41696 1 1507
41697 1 257
41724 1 1426
41730 1 1912
41735 2 659
41736 2 693
41741 1 707
41765 1 2363
41772 1 1868
41801 1 280
41803 1 2074
41804 1 193
41818 1 3884
41825 2 325
41826 1 2287
41833 1 606
41837 1 1734
41846 2 987
41853 1 4530
41857 1 1647
41877 7 1119
41910 1 302
41934 1 355
41938 3 1045
41939 3 78
41943 3 866
41988 2 1757
41991 2 2217
42001 1 1519
42016 1 866
42019 1 6660
42020 1 2292
42025 4 9933
42028 5 3931
42031 4 1805
42044 4 630
42045 5 1121
42047 1 818
42054 1 2132
42057 1 117
42063 5 1105
42075 3 1237
42128 1 580
42129 1 4735
42161 1 9423
42168 1 707
42236 2 1927
42238 2 1943
42239 1 1971
42240 2 504
42255 1 167
42274 3 515
42290 1 3287
42296 2 285
42301 1 1173
42327 1 793
42354 1 1506
42364 1 309
42393 1 1141
42423 1 2011
42424 1 6309
42425 1 5948
42439 1 1085
42474 1 1310
42480 1 160
42492 1 69
42500 2 393
42505 2 1014
42512 2 1226
42515 2 405
42517 1 1959
42521 1 979
42580 1 8665
42585 1 2844
42591 1 1191
42640 2 12636
42645 1 2530
42648 2 4779
42653 1 2753
42674 2 549
42676 1 1415
42682 1 3838
42747 2 2556
42748 1 271
42763 1 6680
42769 1 8334
42778 1 2008
42826 1 170
42876 1 547
42878 1 582
42891 2 920
42892 2 2540
42898 1 477
42921 1 2767
42934 2 942
43013 1 554
43014 1 496
43015 1 549
43019 1 590
43026 2 1259
43029 1 1012
43037 2 1001
43052 1 306
43063 4 491
43184 2 979
43192 11 320
43193 11 308
43194 11 323
43229 1 8025
43323 1 879
43331 4 1364
43379 2 201
43416 1 1865
43439 1 168
43441 4 270
43442 2 2510
43444 1 2757
43448 2 5826
43450 1 790
43451 1 794
43456 1 1012
43459 2 528
43460 1 786
43461 2 828
43462 1 732
43475 1 553
43476 2 2726
43477 1 22611
43571 2 1045
43580 1 992
43591 20 1736
43603 1 400
43611 2 1321
43616 1 1304
43617 1 331
43623 3 144
43631 1 1133
43639 1 744
43641 1 1904
43656 1 4176
43675 1 685
43730 2 1965
43742 2 358
43777 1 3197
43786 3 1882
43787 3 1288
43788 3 2027
43807 7 618
43809 1 159
43810 11 966
43819 4 432
43820 4 830
43821 4 992
43822 4 1023
43823 4 1325
43824 5 944
43831 1 479
43836 1 2949
43837 1 3115
43839 1 1259
43849 1 648
43859 3 266
43921 1 9448
43935 1 3104
43936 4 116
44007 1 625
44028 2 1537
44048 2 310
44065 2 318
44081 1 4117
44091 3 5768
44101 7 1035
44105 1 2359
44106 1 3394
44107 3 1972
44115 3 4306
44116 2 4462
44119 1 999
44123 1 593
44125 1 6435
44145 1 1893
44163 1 1618
44167 4 971
44182 1 930
44186 1 304
44187 4 1048
44212 1 1650
44214 1 347
44216 1 619
44217 1 3228
44221 1 611
44258 1 2515
44263 1 624
44303 1 2027
44304 2 1936
44305 2 1936
44310 2 512
44330 2 696
44337 1 528
44348 1 93
44391 2 1590
44396 2 427
44402 5 1038
44411 1 58
44412 1 129
44416 1 1701
44456 1 1155
44461 2 1688
44474 1 1141
44479 21 5563
44480 20 1410
44563 1 456
44564 5 295
44579 6 228
44590 1 3346
44700 3 506
44701 3 485
44702 3 505
44703 3 506
44704 3 472
44705 3 503
44706 3 487
44709 3 481
44732 1 842
44738 1 1542
44743 1 39
44774 1 2787
44776 3 394
44780 3 3261
44786 1 951
44787 1 1714
44788 1 1806
44789 1 1330
44801 1 874
44806 1 2433
44813 2 1238
44821 1 536
44830 1 458
44860 2 283
44879 2 3172
44886 1 1038
44891 5 1753
44894 2 1132
44900 1 509
44912 2 1423
44913 2 1392
44918 2 2627
44919 1 482
44923 1 1258
44929 1 474
44932 2 2141
44943 1 1027
44972 1 1148
44976 1 555
44977 1 227
44979 1 1058
45068 1 513
45069 1 483
45070 1 399
45157 1 943
45165 1 211
45170 1 1514
45174 1 892
45176 1 1533
45178 1 378
45219 1 500
45234 1 1222
45320 1 1520
45325 1 538
45326 1 169
45327 1 517
45362 1 885
45390 3 1067
45391 1 485
45406 1 1233
45435 1 1178
45455 17 1146
45473 1 655
45480 1 547
45489 1 772
45501 1 1221
45512 11 311
45513 11 304
45514 11 315
45515 11 310
45516 11 305
45517 11 321
45518 20 490
45519 11 314
45520 12 326
45521 11 304
45522 12 333
45523 11 311
45524 11 309
45525 11 314
45581 1 8025
45582 1 282
45603 1 1336
45676 1 11251
45719 1 404
45739 1 142
45798 1 94
45801 2 457
45819 2 1265
45824 2 2571
45830 1 776
45831 1 789
45834 1 780
45838 1 30
45839 1 1004
45840 2 237
45841 2 283
45842 2 485
45843 1 594
45858 1 2087
45871 1 789
45874 1 989
45884 4 1710
45924 2 1296
45954 1 399
45956 11 4392
45967 2 640
45978 1 2264
45999 1 1220
46009 1 568
46010 1 846
46040 1 1011
46046 15 3634
46076 1 1687
46116 1 5154
46143 1 550
46146 1 874
46147 5 2188
46156 4 825
46157 4 1078
46158 5 341
46159 5 1337
46160 4 1499
46168 1 2539
46174 1 2910
46176 1 1459
46177 3 1207
46179 1 500
46183 2 28
46207 3 140
46282 1 4059
46288 1 758
46308 2 491
46318 1 2246
46322 1 1537
46329 1 851
46331 1 4197
46347 2 1459
46388 11 81863
46490 6 2484
46505 1 6279
46518 1 1475
46519 1 5448
46545 2 1493
46552 1 9921
46561 1 479
46631 1 535
46647 4 1861
46648 1 1047
46650 2 509
46664 1 716
46668 1 2331
46692 1 2110
46702 2 1312
46704 1 2665
46728 2 572
46729 1 1249
46730 1 1979
46739 1 1076
46740 1 1167
46742 1 1316
46748 2 1902
46749 1 6951
46750 1 978
46771 4 1801
46777 1 3791
46803 1 1295
46814 7 2350
46815 3 227
46817 1 2737
46822 2 746
46829 1 479
46830 1 501
46841 2 949
46855 11 329
46856 20 468
46857 11 324
46858 11 312
46859 11 312
46860 11 319
46919 1 708
46920 1 1431
46931 1 556
46949 1 754
46954 1 5186
46975 2 1653
46976 2 480
46977 2 759
46978 11 743
46979 2 544
46980 2 584
46997 1 1325
47004 1 939
47007 1 834
47012 1 1990
47048 1 960
47097 2 690
47152 1 245
47153 1 1159
47158 1 630
47166 1 1017
47167 1 470
47168 1 652
47169 1 535
47170 1 720
47171 1 633
47172 1 758
47177 1 1679
47188 2 1061
47190 1 1899
47198 1 457
47229 1 384
47231 1 2125
47232 1 1498
47233 1 1651
47247 1 561
47251 2 946
47270 1 2703
47275 5 299
47276 3 263
47277 5 364
47278 5 309
47314 3 500
47315 3 489
47316 3 486
47317 3 518
47318 3 495
47319 3 482
47320 3 496
47321 3 479
47322 3 486
47323 3 505
47324 7 909
47325 3 476
47326 3 539
47370 1 552
47376 1 842
47377 1 1217
47380 2 727
47398 2 5716
47399 1 1079
47404 3 682
47435 1 138
47437 4 1517
47438 1 1445
47440 2 1137
47441 5 464
47446 1 2943
47484 2 1343
47485 2 1365
47486 2 1332
47487 2 1374
47488 2 1495
47492 1 591
47495 1 1207
47496 1 2373
47497 1 2515
47498 2 3543
47499 1 1307
47518 1 552
47519 2 157
47543 3 2250
47545 1 1640
47550 1 1068
47559 3 11224
47562 1 1450
47573 1 1389
47576 1 2029
47604 1 991
47605 1 1339
47610 2 463
47611 2 463
47645 1 33
47651 1 3064
47656 1 162
47672 1 816
47685 1 428
47720 2 1789
47732 1 922
47736 1 1046
47737 1 438
47767 1 392
47804 1 739
47810 1 375
47840 1 1481
47844 1 545
47863 1 1267
47926 1 299
47943 1 50
47979 1 4184
48001 1 701
48045 2 11481
48063 2 1398
48086 1 1062
48087 1 2749
48104 1 751
48179 2 1000
48185 2 454
48195 1 131
48230 2 607
48252 2 746
48258 1 1163
48279 26 1412
48283 1 619
48284 1 1198
48285 1 1127
48347 1 783
48348 1 980
48349 1 791
48350 1 743
48362 2 5057
48379 1 6270
48385 1 1169
48411 1 541
48418 2 1894
48433 1 400
48439 4 776
48440 4 1635
48457 2 358
48467 3 2133
48468 1 1002
48469 1 2316
48470 1 2310
48471 1 2563
48488 2 397
48491 1 545
48494 1 1187
48501 5 3845
48509 1 479
48510 1 1499
48511 1 505
48512 1 1124
48513 1 726
48514 1 499
48515 1 591
48516 1 615
48517 1 570
48527 5 789
48545 20 3140
48546 6 2386
48547 20 4836
48549 20 1781
48569 1 351
48575 1 449
48589 1 391
48590 1 404
48602 1 421
48645 1 1419
48669 1 1039
48678 1 874
48718 4 536
48720 1 579
48767 11 559
48778 1 1664
48779 7 3569
48782 1 1152
48789 1 2728
48790 1 978
48822 2 1408
48842 1 1231
48846 1 107
48856 1 527
48857 2 982
48875 1 773
48887 1 892
48896 1 1621
48908 3 820
48909 3 1859
48923 1 477
48933 1 1238
48951 11 6065
48955 1 2415
48956 3 1240
48961 1 96
48965 1 417
48967 1 1372
48999 1 265
49005 1 2273
49015 1 2835
49023 2 1908
49027 1 589
49029 1 3596
49031 1 1285
49032 1 170
49038 2 182
49039 2 179
49040 2 179
49041 2 182
49055 1 1309
49056 1 2188
49057 1 1611
49058 1 1664
49061 1 1867
49062 1 1778
49063 1 1301
49064 2 304
49092 8 39956
49093 1 901
49100 1 2086
49130 1 2701
49131 1 302
49137 2 1559
49138 1 228
49166 1 540
49167 2 1024
49168 1 444
49169 1 318
49170 1 443
49175 2 9938
49188 3 720
49189 1 460
49191 1 815
49192 1 853
49193 7 703
49195 1 325
49196 2 836
49206 1 403
49231 1 1134
49233 1 1231
49235 1 2114
49238 2 2254
49244 1 175
49245 1 192
49246 1 162
49248 1 366
49250 1 450
49263 1 253
49270 1 850
49281 1 1836
49323 1 5236
49343 1 1496
49353 1 269
49392 1 4953
49396 2 685
49445 2 1014
49454 1 2489
49479 4 1005
49480 4 988
49484 1 3481
49503 1 652
49543 2 1789
49550 1 843
49592 3 685
49609 3 1639
49617 1 1084
49624 1 752
49634 1 716
49662 1 2884
49680 1 5727
49716 1 1286
49721 1 135
49734 4 2337
49769 2 799
49770 2 759
49786 1 206
49789 2 1016
49802 1 310
49832 1 2018
49842 1 2475
49870 1 1382
49883 1 2198
49921 1 1842
49922 1 1533
49926 1 911
49927 1 1460
49931 1 2794
49979 1 393
49985 1 901
49988 1 2850
49990 8 3509
49992 2 1485
49996 1 478
50016 10 11583
50017 2 2970
50033 1 924
50039 8 1072
50041 2 421
50060 1 2052
50133 1 525
50143 2 8454
50162 1 2022
50163 20 4995
50173 1 1992
50174 2 1566
50184 2 515
50191 1 1276
50207 1 2916
50208 1 795
50209 1 1735
50210 1 2088
50211 1 1608
50212 1 1522
50213 1 1995
50214 1 1560
50215 2 537
50216 1 1284
50223 2 6104
50227 1 1700
50228 1 701
50293 1 2189
50295 2 551
50325 1 1374
50326 4 262
50338 1 946
50347 1 616
50348 1 617
50349 1 616
50350 1 1319
50351 1 1270
50352 1 1013
50355 1 3677
50371 1 1728
50396 1 1096
50397 1 1113
50398 1 717
50399 1 1367
50400 1 2559
50401 1 1688
50402 1 898
50403 1 1369
50404 1 1746
50405 2 1353
50406 2 2161
50408 1 3892
50428 1 1275
50430 1 2601
50431 1 1740
50432 1 78
50433 1 95
50434 1 90
50447 1 1637
50453 1 1051
50465 1 382
50466 1 192
50467 1 315
50468 1 237
50469 1 288
50470 1 357
50471 1 745
50472 1 597
50473 1 312
50474 1 452
50475 1 458
50476 3 10882
50477 4 4990
50478 4 3624
50480 5 820
50482 1 1225
50485 1 3231
50493 1 1149
50508 1 635
50509 1 446
50512 1 903
50513 1 411
50514 1 274
50519 1 1368
50523 1 503
50524 1 1087
50525 1 876
50526 1 614
50527 1 1391
50539 1 725
50555 2 478
50564 1 657
50569 1 796
50587 1 1902
50597 1 2594
50598 1 5177
50599 1 5431
50649 3 501
50650 3 488
50651 2 458
50652 3 505
50653 2 447
50654 3 514
50655 3 502
50656 3 480
50657 6 1955
50658 3 493
50659 3 504
50660 6 598
50661 3 489
50662 3 488
50663 3 491
50664 3 505
50665 3 490
50666 3 489
50667 3 492
50668 7 1658
50713 1 36
50719 1 2143
50721 1 1456
50724 1 2101
50733 2 1460
50734 2 2167
50735 2 2198
50737 1 666
50763 2 878
50764 1 729
50765 1 589
50766 1 1255
50771 3 1277
50772 10 848
50774 1 724
50776 1 2775
50777 2 1369
50779 1 1410
50780 1 1361
50781 1 1384
50782 1 1453
50784 1 2392
50786 3 1972
50801 1 548
50807 1 443
50852 1 3288
50857 1 6468
50870 6 908
50871 2 1144
50876 1 1330
50877 1 1428
50878 2 923
50881 1 4909
50891 1 243
50893 2 496
50901 2 1284
50902 2 1707
50903 2 1269
50904 2 1387
50905 2 1545
50906 2 1447
50907 2 1310
50916 3 4044
50917 3 5455
50920 1 1937
50921 2 3926
50922 1 2085
50923 1 2197
50924 1 1807
50925 1 2062
50937 4 651
50939 1 668
50983 3 16660
50987 1 957
50997 1 1017
51019 1 1182
51025 1 1508
51026 1 1313
51027 1 2454
51028 1 1520
51032 1 196
51033 1 254
51034 20 1818
51035 1 971
51036 1 696
51037 2 1338
51040 1 2089
51041 1 328
51042 2 1865
51044 1 740
51052 2 871
51058 2 3191
51059 2 2082
51060 3 1311
51066 4 2595
51067 10 833
51073 1 191
51074 1 185
51075 1 164
51076 1 187
51077 1 167
51079 1 519
51093 1 935
51094 1 729
51101 1 2052
51109 1 864
51147 1 3111
51172 1 892
51173 1 1055
51175 1 1150
51184 2 1372
51185 2 1302
51186 2 1345
51187 2 1399
51188 2 1359
51192 1 1136
51194 2 2656
51195 1 2015
51198 2 135
51210 1 873
51212 2 877
51218 1 661
51237 20 2338
51240 1 221
51256 1 1068
51280 1 856
51282 1 1479
51285 3 1356
51298 1 773
51299 1 651
51326 4 2077
51330 1 155
51331 1 179
51332 1 183
51333 1 159
51342 1 1149
51345 1 2417
51346 1 398
51389 2 984
51404 1 2165
51444 1 604
51465 1 274
51474 1 822
51476 13 2010
51541 1 633
51544 2 1056
51553 1 153
51556 1 446
51562 1 1186
51565 2 1885
51606 2 947
51621 1 840
51638 1 3650
51658 1 1259
51666 1 1112
51673 1 807
51677 1 538
51678 2 402
51679 2 867
51680 1 385
51684 1 959
51685 1 961
51686 1 1005
51687 1 996
51699 1 1261
51704 1 39
51722 2 1266
51732 2 1804
51741 1 481
51763 1 2149
51772 1 1416
51779 1 1487
51816 4 4853
51827 1 2148
51837 1 273
51843 1 6718
51845 4 1135
51855 1 1007
51870 2 437
51895 1 2083
51921 1 820
51927 1 689
51929 1 608
51935 1 781
51994 3 9298
52004 1 937
52005 1 756
52010 5 1541
52011 6 678
52012 2 175
52018 2 3486
52028 1 5224
52032 1 1614
52035 3 61
52036 3 229
52048 7 4112
52049 5 3857
52067 1 749
52076 1 874
52094 1 722
52097 1 816
52100 1 2791
52102 1 856
52105 1 1953
52110 3 936
52165 2 415
52184 5 4601
52212 1 782
52215 1 1222
52270 1 376
52280 2 1474
52300 1 6036
52303 1 1966
52313 1 1351
52342 6 202
52365 1 693
52371 1 54
52396 2 4756
52413 1 746
52423 3 1405
52450 1 1698
52489 1 868
52490 2 1314
52495 3 869
52502 1 6875
52507 1 197
52514 11 313
52515 11 322
52516 11 309
52517 11 328
52518 11 317
52519 20 465
52520 12 327
52541 1 3260
52544 1 877
52545 1 2822
52561 1 52057
52593 1 1184
52594 1 996
52603 3 3071
52621 1 565
52622 1 538
52623 1 458
52627 1 1261
52628 1 1306
52629 1 1444
52641 1 829
52674 1 496
52698 2 978
52702 1 455
52715 1 528
52717 1 3076
52720 1 2878
52727 8 4203
52732 1 2006
52798 1 746
52801 1 1168
52805 1 846
52811 1 856
52816 1 1004
52818 1 453
52861 1 72
52893 1 85
52934 1 442
52943 1 822
52945 1 779
52948 1 753
52949 2 206
52950 2 210
52951 1 189
52952 2 206
52953 2 238
52954 2 211
52955 2 231
52956 2 387
52957 2 282
52958 2 327
52959 2 251
52960 2 685
52961 2 476
52962 1 272
52963 1 794
52968 2 814
52977 1 1736
52985 6 882
52988 2 24350
52990 2 638
52991 2 620
52994 1 1183
53011 2 2109
53023 1 6088
53041 3 882
53042 1 368
53052 1 127
53094 1 299
53101 1 1846
53128 1 165
53138 1 1947
53139 1 3527
53153 1 254
53159 1 2323
53160 2 363
53167 1 1157
53209 2 1662
53243 1 3386
53247 1 904
53248 8 5457
53275 5 300
53277 4 681
53298 3 193
53335 1 2146
53337 1 3782
53347 1 549
53386 1 3714
53387 1 178
53390 1 161
53430 1 48057
53451 2 845
53469 2 2932
53478 2 749
53491 3 5993
53493 1 8152
53508 1 1704
53509 1 1285
53511 1 4733
53535 1 104
53537 9 2107
53554 1 1048
53598 1 800
53599 2 646
53601 1 2754
53603 1 2774
53650 1 1107
53682 2 1860
53697 1 98
53707 1 5088
53717 3 4413
53718 1 1688
53727 2 623
53728 5 106
53733 1 1832
53755 1 831
53756 1 1177
53780 2 3112
53782 3 1204
53845 1 2571
53846 1 2470
53853 2 2874
53859 1 1138
53867 4 1992
53872 1 1631
53888 6 5712
53890 9 3997
53891 9 3993
53892 9 3994
53893 5 4170
53894 5 4154
53895 2 1788
53896 2 1788
53901 1 1141
53902 1 1141
53903 1 1141
53926 1 2454
53931 10 1369
53932 1 2291
53933 2 633
54046 11 323
54105 1 431
54140 1 1791
54144 1 2965
54158 1 955
54177 2 672
54178 2 505
54179 2 626
54181 2 1395
54196 2 1353
54241 1 1146
54259 1 738
54260 1 1120
54261 1 808
54262 1 930
54278 1 137
54282 1 865
54296 1 821
54303 1 197
54304 1 400
54305 1 318
54329 1 899
54330 1 618
54331 1 506
54332 1 2659
54333 1 1417
54334 1 603
54335 1 925
54336 1 727
54337 1 568
54338 1 613
54339 1 706
54340 1 918
54341 1 738
54342 1 463
54343 1 491
54344 1 678
54345 1 465
54346 1 558
54347 1 473
54348 1 522
54350 1 8318
54400 1 1530
54402 1 972
54403 1 997
54404 1 819
54405 1 981
54406 3 784
54407 1 905
54448 1 1195
54456 7 1473
54458 1 1022
54469 1 1075
54474 1 489
54475 1 396
54485 1 4555
54488 2 1158
54506 1 383
54510 1 1065
54511 2 1251
54517 1 514
54518 1 594
54519 1 458
54520 1 486
54521 1 1605
54522 1 557
54523 1 1390
54524 1 993
54525 1 1307
54526 1 534
54527 1 1295
54528 1 900
54529 1 916
54530 1 900
54531 1 802
54532 1 1019
54533 1 720
54534 1 1649
54535 1 873
54536 1 1001
54537 1 816
54538 1 692
54539 1 1132
54540 1 451
54541 1 597
54542 1 485
54543 1 1020
54544 1 689
54545 1 961
54546 1 525
54550 1 2204
54551 1 2055
54558 1 1040
54566 20 8702
54572 2 1067
54580 1 654
54664 8 3382
54665 2 210
54859 2 453
54860 3 493
54863 3 507
54864 3 518
54865 3 532
54868 1 837
54897 1 972
54900 1 991
54918 1 1069
54944 1 464
54960 1 830
54973 1 1697
54974 1 1777
54979 1 380
54980 1 729
54981 1 910
54985 1 1289
54998 1 1411
55011 1 622
55022 1 406
55024 1 463
55025 4 438
55059 1 2098
55063 6 17333
55075 1 62
55080 1 613
55098 1 565
55105 1 30
55111 2 1486
55112 2 1429
55113 2 1550
55118 2 4304
55119 1 566
55128 1 1409
55131 1 1109
55133 1 1183
55162 1 1219
55163 1 1097
55164 1 1267
55167 1 1518
55303 2 908
55304 20 1522
55305 3 1290
55418 2 884
55419 1 995
55424 1 186
55427 1 448
55432 2 461
55434 1 1232
55474 12 826
55496 12 5278
55536 1 49965
55589 1 716
55597 1 472
55598 1 510
55599 1 579
55600 1 519
55607 1 9422
55620 1 862
55640 1 501
55647 1 478
55659 1 287
55676 2 2434
55735 1 604
55760 11 304
55761 11 319
55762 11 315
55763 11 308
55764 17 414
55765 11 307
55766 12 324
55767 11 311
55768 11 317
55769 11 320
55770 11 323
55771 11 315
55772 11 314
55773 11 325
55774 11 316
55775 11 336
55776 11 307
55777 11 349
55778 11 308
55779 11 318
55780 11 316
55781 12 336
55782 11 309
55783 20 483
55784 11 305
55785 11 311
55786 11 319
55787 11 308
55788 11 309
55789 20 473
55790 11 306
55791 20 464
55792 14 358
55793 11 308
55794 13 349
55795 11 307
55796 11 304
55887 1 307
55906 1 1419
55919 1 3288
55921 1 1012
55945 1 159
56020 1 624
56047 1 603
56063 1 207
56176 1 676
56186 1 1104
56187 1 1455
56188 1 1498
56189 2 1843
56194 1 1968
56223 1 5116
56279 1 917
56287 2 965
56288 2 404
56293 2 457
56299 11 314
56300 11 315
56301 11 324
56302 11 309
56303 11 315
56304 11 318
56305 13 343
56306 11 309
56307 11 310
56308 11 314
56309 14 364
56310 11 316
56311 11 316
56312 11 320
56313 11 321
56314 11 308
56315 11 308
56316 11 318
56317 15 385
56318 11 308
56319 11 318
56390 1 308
56429 1 1448
56471 6 13098
56478 1 395
56494 1 1522
56495 1 1972
56496 1 1274
56503 2 5900
56507 1 1042
56519 1 7799
56522 1 3726
56555 1 1013
56564 2 1402
56565 2 504
56566 2 721
56567 2 529
56568 1 1095
56577 1 140
56580 1 1537
56583 1 1551
56595 1 96
56610 1 679
56620 1 1243
56625 3 1155
56666 2 912
56674 2 701
56687 1 2943
56699 1 1181
56737 1 1156
56738 1 1204
56739 1 1907
56740 1 1059
56741 1 928
56742 1 1393
56743 1 820
56777 2 138
56782 1 788
56789 1 743
56801 1 5727
56806 2 2202
56808 1 1411
56818 1 435
56819 1 278
56843 1 266
56844 1 328
56854 1 965
56864 1 1163
56865 1 1045
56866 1 1626
56867 1 776
56868 1 485
56869 1 577
56870 1 527
56871 1 641
56872 2 1066
56873 1 962
56874 4 1184
56875 2 1032
56876 1 1055
56877 1 1601
56880 1 575
56895 20 3189
56897 2 100
56899 20 4490
56904 1 1550
56919 1 665
56920 1 373
56949 1 492
57001 1 7758
57014 1 207
57015 5 297
57040 1 3492
57164 1 2492
57168 3 478
57169 3 496
57170 3 487
57171 5 550
57172 3 491
57173 3 494
57174 3 496
57175 3 496
57176 3 483
57180 5 1975
57181 3 502
57182 3 482
57183 3 542
57184 3 505
57185 3 489
57190 1 1657
57205 1 57
57215 3 843
57227 1 831
57231 1 3603
57238 2 2018
57271 2 1039
57272 1 889
57273 1 1248
57279 1 378
57285 1 571
57287 3 1705
57288 1 2261
57292 1 1043
57301 1 742
57302 1 815
57304 1 92
57306 2 1072
57311 1 436
57312 1 189
57349 2 277
57365 2 268
57371 4 1247
57392 1 72
57397 1 927
57408 2 3005
57412 1 691
57413 4 6376
57416 1 384
57418 1 806
57437 1 445
57438 2 1259
57439 2 1505
57440 2 1299
57441 1 2098
57446 1 1506
57447 1 1235
57449 2 3288
57450 3 3346
57451 2 3058
57454 1 483
57465 1 1803
57467 1 669
57491 1 1106
57517 3 1069
57535 1 1177
57537 1 924
57628 3 455
57629 1 723
57630 1 888
57631 3 1081
57632 1 296
57634 1 2122
57638 2 463
57642 1 1345
57643 2 8017
57666 4 1813
57734 2 515
57735 1 222
57736 1 171
57737 1 190
57738 2 351
57748 1 1258
57755 1 685
57766 1 595
57779 1 439
57792 1 399
57827 1 1465
57838 1 1853
57843 1 1480
57845 1 1225
57847 2 1952
57874 1 803
57875 1 663
57888 2 1043
57889 1 805
57890 1 2563
57897 1 3276
57901 2 1975
57916 1 1132
57923 4 2383
57926 1 777
57930 1 1080
57948 6 5712
57949 6 5712
57950 15 10362
57951 15 10312
57952 12 8583
57953 12 8583
57954 9 4003
57955 5 4158
57956 5 4158
57957 2 1797
57958 2 1788
57980 3 898
57995 3 2088
57998 2 863
57999 2 269
58096 11 308
58097 11 304
58098 11 312
58099 11 313
58100 11 306
58101 11 305
58102 11 312
58103 15 376
58104 11 315
58105 12 340
58106 11 307
58107 11 309
58226 1 2030
58228 1 900
58247 1 19391
58255 1 619
58267 2 477
58268 2 606
58269 2 483
58270 2 488
58271 2 600
58272 2 701
58273 2 548
58276 1 130
58279 2 651
58281 1 567
58331 1 437
58346 2 948
58352 1 704
58353 1 732
58354 1 871
58355 1 1108
58356 1 993
58372 1 83
58383 1 1351
58410 1 724
58411 1 611
58412 1 528
58413 1 447
58414 1 155
58415 1 366
58427 1 1625
58439 1 834
58440 1 972
58441 1 1088
58442 1 535
58443 1 731
58444 1 708
58445 1 1394
58446 1 645
58447 1 523
58448 1 1131
58449 1 967
58450 1 657
58451 1 1894
58452 1 495
58453 1 564
58454 1 504
58455 1 988
58456 1 865
58457 1 471
58458 1 946
58459 1 1051
58460 1 641
58461 1 477
58462 2 1526
58463 1 563
58464 1 458
58465 1 615
58466 1 987
58479 1 963
58482 2 659
58486 1 1104
58488 1 634
58512 2 853
58535 2 1948
58539 5 304
58540 1 187
58677 3 506
58678 5 2423
58679 3 503
58680 3 477
58681 3 509
58682 3 486
58683 3 536
58684 3 473
58685 3 496
58686 3 512
58687 3 468
58688 3 516
58689 3 483
58690 3 476
58691 3 488
58692 3 501
58693 3 504
58694 3 520
58695 3 516
58696 2 435
58697 3 1823
58698 1 1423
58725 1 443
58726 1 316
58736 1 347
58756 1 680
58758 1 733
58776 1 870
58777 1 667
58782 15 2475
58841 1 2975
58862 5 1318
58866 1 1688
58867 1 429
58885 1 34
58890 2 1405
58891 2 1447
58892 2 1567
58893 2 1474
58894 2 1412
58898 1 2227
58909 1 1264
58915 1 604
58931 1 641
58936 1 1464
58937 1 738
58939 1 252
58964 1 5289
59061 1 420
59063 2 3059
59064 2 2318
59068 2 463
59069 2 462
59070 2 463
59152 4 2763
59156 1 197
59157 1 183
59158 1 165
59160 2 184
59167 8 1393
59169 1 2086
59213 2 439
59214 1 604
59257 1 510
59258 1 504
59268 1 191
59284 1 108
59299 1 485
59344 1 42
59349 1 8147
59350 1 8331
59367 11 321
59368 12 333
59369 13 338
59370 11 319
59371 11 317
59372 11 326
59373 11 315
59374 11 308
59385 4 342
59387 1 1937
59418 6 9567
59419 1 794
59423 2 13129
59444 1 689
59447 2 836
59448 2 1068
59453 1 5553
59461 1 385
59462 1 1879
59463 1 2182
59464 1 1707
59471 2 4583
59475 3 5201
59478 1 1258
59479 2 2405
59480 2 2579
59481 2 1817
59514 1 1322
59515 1 2280
59516 1 1925
59517 1 1125
59521 1 1931
59522 1 1856
59523 1 1877
59524 1 1325
59525 1 1109
59526 1 1089
59556 1 2338
59558 1 322
59562 1 820
59568 1 1774
59569 1 1463
59570 1 1256
59573 2 1577
59575 1 864
59577 1 949
59579 1 1012
59591 1 1374
59592 1 2574
59593 1 1584
59594 1 1660
59596 1 988
59604 1 1752
59611 1 1014
59627 3 4734
59628 1 1173
59629 1 2062
59630 2 5288
59631 1 2500
59638 1 3389
59646 1 1585
59648 1 938
59653 2 849
59655 2 1717
59660 1 2783
59662 1 14951
59665 1 1543
59670 1 1595
59677 1 137
59686 1 1195
59687 1 1419
59732 1 921
59777 1 6060
59798 4 120
59808 2 1147
59811 1 378
59822 1 1199
59830 3 881
59831 1 1069
59835 1 490
59838 1 432
59841 1 713
59859 1 642
59863 2 608
59864 2 625
59865 2 625
59866 2 505
59899 1 626
59900 4 3360
59901 1 10800
59906 1 889
59912 8 1051
59919 12 605
59920 2 478
59923 1 1326
59924 1 2257
59925 8 3361
59926 14 3221
59928 1 214
59929 1 865
59945 1 941
59946 1 1687
59947 1 1309
59948 1 806
59949 1 974
59950 1 1036
59951 1 756
59952 1 1298
59953 1 686
59954 1 1076
59977 1 82
59978 1 80
59996 1 1482
60007 1 510
60008 1 762
60009 1 311
60010 1 767
60011 2 486
60012 1 394
60013 1 206
60014 1 105
60015 3 581
60016 3 1377
60018 2 2504
60031 1 2148
60033 2 767
60040 1 5727
60045 1 920
60053 1 1816
60054 1 1227
60055 1 912
60056 1 531
60057 1 489
60062 2 928
60072 1 1182
60073 1 1178
60087 1 850
60090 2 295
60107 1 667
60110 5 306
60112 5 350
60113 4 306
60124 1 3277
60134 4 1270
60135 3 508
60136 3 479
60137 3 520
60138 3 492
60139 3 483
60140 3 480
60141 3 535
60142 3 495
60143 3 517
60144 3 476
60145 3 493
60157 1 3863
60158 1 1763
60163 1 859
60170 1 925
60171 1 1344
60176 2 1953
60197 1 446
60200 1 1255
60204 1 310
60206 2 234
60215 1 2296
60216 1 1578
60224 22 8194
60225 2 2094
60226 2 2054
60227 2 2086
60228 2 2197
60269 2 278
60278 1 3357
60280 5 377
60285 1 1744
60305 1 1305
60315 2 3263
60316 2 3178
60317 1 1935
60318 2 3852
60319 2 4138
60337 1 662
60340 1 721
60343 1 1358
60348 1 191
60355 1 1074
60362 1 3186
60365 1 754
60366 1 3154
60377 4 2105
60378 1 1208
60379 4 1146
60386 1 1300
60391 1 637
60392 1 1512
60393 1 511
60394 1 1136
60395 1 316
60396 1 279
60397 1 224
60400 2 462
60401 2 462
60418 3 1082
60419 4 2011
60429 1 5933
60457 2 776
60461 1 374
60477 1 1323
60483 1 648
60485 5 2859
60488 1 203
60493 1 209
60501 3 224
60502 2 155
60505 1 2933
60506 1 4289
60507 14 4075
60508 1 699
60509 1 4010
60524 1 765
60530 1 382
60539 1 415
60549 1 257
60575 1 2732
60582 1 1074
60583 1 1120
60584 1 685
60585 1 430
60588 20 3135
60589 1 313
60609 1 841
60669 1 871
60690 1 403
60691 3 1244
60701 2 1999
60702 2 1966
60703 1 1672
60740 2 3274
60748 5 6845
60755 1 962
60759 1 4854
60760 2 1737
60770 1 38
60773 2 1253
60774 2 1280
60776 1 1098
60777 2 3095
60778 2 3600
60815 1 2171
60821 1 657
60822 2 5864
60823 1 111
60838 1 708
60839 1 548
60840 1 610
60853 1 192
60854 1 589
60855 4 1401
60857 2 462
60858 2 462
60936 3 5117
60939 2 310
60942 2 330
60957 2 3093
60963 1 3508
60964 2 3850
60967 9 2534
60968 1 1740
60976 2 1281
60997 1 3263
61018 1 1018
61045 3 2390
61048 1 1704
61050 1 330
61073 5 8875
61083 11 317
61084 11 314
61085 11 314
61086 11 313
61087 20 479
61088 13 360
61089 11 307
61090 11 310
61094 1 1747
61098 2 1594
61105 2 527
61122 1 1779
61164 1 386
61168 1 657
61171 1 596
61172 2 427
61180 1 504
61182 1 699
61186 1 14302
61187 1 15707
61188 1 29700
61199 1 1761
61202 1 539
61211 4 1448
61228 1 1331
61255 2 4815
61256 1 2242
61257 1 838
61258 3 3684
61264 5 449
61268 1 2756
61269 2 8764
61352 1 18809
61356 1 265
61357 2 3441
61366 1 1509
61367 1 401
61403 1 1969
61404 1 2003
61405 1 1936
61406 1 1881
61407 1 2034
61408 1 2023
61416 1 1659
61428 1 8357
61430 1 495
61449 4 1279
61450 4 1262
61451 5 2083
61452 5 300
61506 1 3406
61523 2 3940
61539 1 371
61550 4 1103
61560 1 1336
61601 4 819
61609 4 1119
61613 2 1024
61628 1 7244
61629 1 1176
61639 1 958
61659 3 6067
61667 1 1003
61668 1 11710
61677 1 1365
61680 1 2168
61690 1 2512
61701 2 1679
61725 1 617
61736 1 3608
61778 1 494
61781 1 201
61798 1 2257
61837 5 1035
61840 2 613
61845 1 3591
61862 2 5528
61870 1 3147
61883 1 577
61894 3 3336
61897 1 2680
61898 1 2787
61905 2 1182
61914 1 972
61928 2 964
61977 2 504
61987 2 664
62014 1 6015
62028 1 6469
62049 9 1375
62070 1 1331
62082 1 1641
62101 2 570
62102 2 676
62103 2 472
62104 2 505
62105 2 686
62106 2 544
62107 2 541
62117 4 1347
62142 2 2600
62148 1 438
62180 1 838
62205 1 1826
62229 5 7173
62236 1 2326
62259 1 1550
62304 1 1048
62317 1 1576
62350 1 671
62365 1 625
62366 1 496
62367 1 883
62368 1 470
62369 1 1325
62370 1 488
62371 1 453
62372 1 625
62373 1 508
62374 1 620
62375 1 673
62386 1 448
62389 4 1286
62396 40 1733
62397 20 7643
62404 20 5459
62432 2 5539
62439 1 463
62443 1 928
62447 1 738
62466 5 2353
62491 1 4559
62499 1 3759
62501 1 323
62561 2 1012
62592 10 1475
62593 2 2061
62614 1 1315
62616 1 1362
62632 2 451
62651 1 342
62666 1 890
62697 2 1926
62725 2 3245
62730 1 2960
62747 1 70
62757 2 693
62758 2 2293
62759 3 1339
62766 2 8596
62767 1 14162
62771 1 500
62783 2 488
62785 1 1476
62788 2 2229
62817 1 41
62827 2 1510
62828 2 1541
62829 2 1348
62836 1 1157
62837 1 1565
62838 1 1603
62852 1 1986
62854 1 325
62861 2 158
62902 1 2612
62916 1 572
62917 1 1002
62918 1 432
62919 1 380
62920 1 429
62921 1 526
62926 1 147
62957 1 1820
62959 1 192
62960 1 636
62961 2 1298
62965 9 2001
62975 2 462
62976 2 463
62977 2 462
62978 2 463
62979 2 462
62980 2 462
63000 2 657
63049 2 1162
63063 1 1595
63066 2 1695
63071 1 823
63074 1 4609
63081 1 393
63082 1 248
63137 3 3259
63138 3 4006
63140 1 504
63145 1 490
63161 2 1664
63164 1 2016
63205 1 339
63222 1 536
63243 1 750
63257 1 716
63258 1 1486
63265 4 1866
63281 1 1021
63297 1 715
63315 1 301
63350 1 2253
63358 12 1133
63371 1 1573
63396 1 535
63403 1 938
63404 17 1191
63417 1 748
63421 2 1523
63462 2 3556
63475 2 1619
63476 20 466
63477 11 329
63478 11 326
63479 20 467
63480 11 331
63481 16 401
63482 11 321
63483 11 320
63484 11 328
63485 12 324
63486 11 304
63487 11 310
63488 17 411
63489 11 329
63490 11 308
63491 20 467
63553 1 439
63555 7 7057
63572 1 3748
63573 1 786
63578 1 874
63585 3 1637
63586 3 1019
63587 3 988
63596 1 1377
63625 1 345
63664 1 572
63697 1 578
63699 1 2535
63719 1 1041
63742 1 740
63758 2 927
63762 1 107
63777 1 2978
63787 1 1499
63834 1 3002
63836 1 3200
63837 1 6313
63842 1 2243
63882 3 1633
63891 1 1095
63896 2 1174
63902 1 911
63950 1 345
63973 1 2472
63979 1 933
63984 1 1161
63985 1 978
64009 1 3743
64012 1 1614
64015 1 2612
64021 3 4309
64022 1 1923
64033 1 1242
64035 1 1186
64074 1 1141
64089 1 809
64090 1 622
64099 2 1630
64297 1 752
64303 1 816
64321 1 668
64322 1 1022
64323 1 1309
64326 1 1704
64345 1 2095
64364 2 744
64365 2 755
64366 2 480
64367 2 642
64368 2 510
64369 2 518
64372 3 645
64377 2 1147
64406 1 217
64449 1 987
64451 1 433
64462 1 843
64467 1 1401
64468 1 831
64469 2 1141
64471 1 783
64496 1 760
64510 1 1839
64516 1 239
64517 1 871
64518 1 105
64544 1 460
64545 1 1001
64546 1 916
64547 1 510
64548 1 778
64549 1 840
64550 1 530
64551 1 489
64552 1 631
64553 1 873
64554 1 851
64555 1 827
64556 1 958
64557 1 706
64558 1 314
64560 1 595
64569 20 1044
64572 2 144
64612 1 1382
64631 2 953
64647 1 7320
64658 1 3929
64661 1 228
64662 1 216
64666 2 1098
64681 1 3466
64835 3 518
64836 3 504
64837 3 502
64838 3 500
64839 3 477
64840 3 468
64841 3 488
64842 3 482
64843 3 478
64844 3 478
64849 1 1256
64885 1 676
64893 1 548
64894 1 501
64905 1 505
64913 1 497
64925 2 369
64931 5 219
64936 1 1450
64939 2 1244
64940 1 444
64942 1 731
64959 2 1034
64989 1 973
64995 4 1355
65007 2 3159
65034 1 3956
65038 3 74
65041 2 1469
65042 2 1185
65043 2 1343
65044 2 1475
65045 2 1414
65046 2 1430
65047 2 1509
65048 2 1262
65049 2 1334
65050 2 1333
65051 2 1455
65052 2 1530
65057 1 1925
65059 2 1706
65067 1 1069
65071 2 1082
65072 1 1170
65077 1 2772
65080 1 1255
65085 1 136
65099 3 2357
65104 2 8712
65117 1 931
65129 1 15643
65249 1 541
65250 2 1431
65254 2 460
65255 2 461
65257 2 1601
65265 1 5510
65361 1 193
65362 1 188
65363 1 182
65364 1 172
65365 1 461
65367 1 316
65371 2 616
65372 2 532
65373 2 523
65374 2 468
65378 1 138
65407 1 803
65515 1 1671
65517 1 85
65542 1 284
65543 1 364
65544 1 259
65559 1 419
65560 1 828
65566 1 565
65567 1 462
65568 1 1157
65569 1 617
65570 1 456
65571 1 628
65572 1 451
65573 1 550
65576 1 4667
65581 2 659
65584 1 93
65586 20 1507
65593 1 193
65594 1 1539
65610 1 524
65643 1 1526
65644 1 1473
65684 17 17249
65688 4 297
65724 1 1237
65731 3 520
65732 3 479
65733 3 483
65734 5 1674
65735 3 488
65736 3 493
65737 3 499
65738 3 506
65739 3 518
65740 5 536
65741 3 509
65742 3 501
65743 3 523
65744 3 574
65748 1 1674
65767 1 953
65784 1 1034
65798 2 1604
65801 4 418
65807 2 1381
65819 1 2102
65822 1 702
65825 4 909
65832 2 195
65872 1 5814
65886 1 3075
65895 1 378
65904 2 1952
65907 3 1300
65910 1 870
65928 1 37
65932 2 905
65935 2 556
65936 2 1413
65937 2 1474
65938 2 1482
65939 2 1340
65940 2 1495
65941 2 1299
65947 1 662
65951 1 1360
65961 31 2405
65981 6 495
66006 1 843
66018 1 1246
66047 4 1117
66048 1 1660
66051 2 462
66052 2 463
66055 1 1289
66056 1 1412
66058 1 983
66082 1 1232
66092 1 4332
66102 1 833
66109 1 1364
66112 1 742
66117 5 1826
66124 1 1563
66128 1 227
66130 1 1341
66162 6 3524
66174 2 806
66175 1 177
66182 1 1751
66226 1 1366
66237 1 1376
66247 1 841
66248 1 457
66270 1 486
66271 1 666
66285 2 496
66286 3 1054
66297 1 720
66367 1 1530
66371 1 253
66404 1 1459
66405 1 1623
66408 1 969
66413 1 614
66464 1 1050
66477 1 601
66480 1 981
66487 3 1154
66490 1 754
66491 1 817
66492 2 783
66493 2 705
66494 1 1016
66500 3 610
66511 1 1322
66513 2 579
66517 6 337
66520 1 611
66523 23 1015
66538 1 2914
66559 2 5776
66574 1 28
66614 2 1103
66617 1 420
66636 1 1536
66669 2 1314
66687 1 719
66708 1 1409
66722 6 276701
66733 1 1217
66734 1 1280
66739 1 1244
66740 1 1112
66748 13 1830
66751 1 11896
66752 1 547
66773 1 1006
66800 1 1512
66826 3 681
66832 5 1718
66833 5 1190
66834 1 614
66835 1 845
66837 2 1559
66853 5 607
66854 4 1344
66855 4 1150
66856 5 333
66857 5 345
66858 4 489
66859 4 1547
66860 5 297
66870 1 2566
66874 1 2969
66875 1 578
66878 1 750
66881 2 1029
66883 1 607
66884 2 3426
66920 1 367
66921 1 366
66935 2 2042
66940 1 777
66947 1 18231
66958 3 1720
66963 5 1157
66972 2 3916
66974 1 1255
66983 4 2173
66992 1 1910
66999 1 1267
67016 1 74
67022 2 1087
67028 1 2731
67030 1 306
67033 1 794
67045 1 805
67054 3 2805
67068 1 1097
67072 7 1326
67089 1 1117
67094 1 591
67100 3 1098
67102 1 590
67127 1 711
67187 1 694
67191 3 798
67192 4 338
67199 11 306
67200 13 349
67201 15 377
67202 11 303
67203 11 313
67204 11 309
67205 11 318
67206 11 314
67207 11 315
67208 11 307
67209 12 339
67210 11 312
67211 15 373
67212 11 313
67221 1 372
67256 2 609
67257 7 1710
67262 2 994
67266 1 4007
67273 1 1989
67274 1 746
67275 1 1069
67276 2 1194
67277 1 831
67278 1 982
67286 1 1904
67296 1 384
67304 1 754
67305 2 1420
67317 1 930
67319 1 628
67320 1 631
67321 2 2010
67322 2 2602
67323 2 1622
67324 2 2007
67325 2 2060
67326 2 2402
67327 2 1861
67328 2 1541
67329 3 2207
67330 2 1983
67331 2 2083
67332 2 1624
67333 2 2666
67334 2 1465
67335 4 4046
67336 2 1641
67337 11 2444
67338 2 1942
67339 2 3088
67340 3 2960
67353 1 750
67363 2 666
67364 1 1105
67365 1 1630
67366 2 698
67367 2 627
67373 1 883
67388 1 201
67390 1 1665
67391 1 4824
67396 4 613
67397 1 908
67425 2 828
67427 2 2019
67433 2 666
67436 1 336
67443 3 1802
67445 4 1377
67446 4 1396
67447 2 589
67448 4 1443
67449 4 1320
67450 1 1510
67453 2 3053
67454 1 5854
67468 1 810
67494 1 779
67513 3 1744
67515 1 664
67543 5 975
67544 1 880
67570 1 1055
67623 3 1432
67624 2 820
67637 1 4061
67657 3 1981
67690 12 585
67698 1 1044
67699 1 1580
67700 1 187
67708 1 1247
67722 1 1758
67725 1 1884
67727 1 3367
67732 1 601
67733 1 479
67756 1 5291
67761 1 1455
67762 1 1401
67766 2 1019
67776 1 2260
67780 3 523
67784 1 2572
67790 1 3052
67798 2 1283
67807 2 623
67835 1 1309
67859 5 1130
67867 1 531
67869 1 1785
67873 1 326
67879 1 825
67882 1 3085
67883 1 3094
67890 1 3387
67893 2 4007
67899 1 4652
67900 1 1945
67901 1 756
67908 3 220
67909 3 284
67912 1 609
67920 2 426
67962 3 841
67982 1 601
67983 1 345
68000 2 1263
68026 10 1767
68059 1 2106
68061 1 3322
68062 1 2785
68094 1 739
68098 1 893
68110 1 748
68111 5 351
68116 1 4818
68120 1 7511
68123 1 1190
68133 1 220
68134 1 1228
68142 11 2271
68144 1 289
68146 1 489
68150 2 452
68159 1 6709
68198 2 710
68225 1 679
68251 2 656
68257 1 391
68263 1 5972
68268 1 2304
68282 2 1506
68307 1 1697
68320 1 1587
68326 1 2529
68330 1 8380
68338 1 1346
68339 1 997
68342 2 1263
68343 1 1303
68346 3 2235
68367 1 709
68368 1 1969
68375 1 1502
68388 39 2572
68421 1 2923
68422 2 838
68426 3 806
68445 2 513
68532 1 166
68660 14 1533
68661 1 2157
68664 2 3316
68671 4 648
68680 3 9381
68683 1 1378
68690 1 1253
68691 1 2365
68697 2 1133
68703 1 1281
68705 1 893
68707 9 4537
68708 3 6905
68734 2 1218
68738 2 1152
68741 2 615
68742 2 573
68743 2 562
68749 1 139
68763 1 591
68766 1 5324
68770 1 757
68784 1 1803
68787 1 1506
68818 2 598
68843 3 529
68849 1 603
68859 1 989
68860 5 2402
68861 1 788
68862 2 2573
68901 1 846
68902 1 773
68907 3 816
68918 2 825
68926 1 231
68941 1 641
68942 1 638
68943 1 1054
68944 1 1017
68945 1 727
68946 1 548
68947 1 765
68948 1 1019
68949 1 540
68954 1 317
68964 25 11197
68973 1 1401
68994 1 293
68998 2 328
69013 1 688
69044 1 1004
69056 2 2064
69071 5 325
69072 5 368
69073 5 332
69074 3 294
69274 3 490
69275 3 495
69276 3 498
69277 3 487
69278 3 499
69279 3 489
69280 3 491
69281 3 486
69284 1 1590
69355 1 1142
69363 1 1762
69364 5 1155
69372 1 1567
69374 10 1453
69390 5 574
69413 1 538
69414 2 284
69431 1 3095
69433 1 2935
69467 1 31
69472 2 1422
69473 2 1366
69474 2 1458
69475 2 1362
69476 2 1519
69482 1 1352
69483 2 3191
69492 1 980
69499 2 156
69509 2 5379
69523 3 630
69525 1 362
69538 1 1049
69540 3 814
69541 1 247
69546 1 1049
69692 2 1165
69695 2 846
69696 3 1490
69698 2 533
69702 2 462
69727 2 539
69822 2 877
69825 4 2564
69829 2 993
69832 1 193
69833 1 156
69834 1 187
69835 1 188
69840 1 254
69844 3 450
69846 2 522
69847 1 512
69851 1 2303
69885 1 777
69918 1 1583
69990 1 3720
70004 1 683
70005 1 259
70025 1 463
70027 3 1101
70035 2 409
70036 1 592
70060 12 540
70093 2 507
70100 1 600
70142 11 314
70143 11 326
70144 11 323
70145 11 318
70146 11 308
70147 11 314
70148 11 308
70149 20 480
70150 11 326
70151 11 313
70152 12 342
70153 12 323
70154 11 307
70155 11 315
70156 11 320
70157 14 371
70158 11 319
70159 11 312
70160 11 313
70161 11 326
70162 16 404
70169 1 8025
70177 1 276
70179 4 330
70181 1 308
70183 13 358
70184 19 459
70185 11 306
70186 11 317
70187 11 315
70188 11 310
70189 11 315
70190 12 334
70191 11 330
70192 11 329
70193 11 318
70194 11 310
70195 11 312
70196 20 466
70197 11 320
70198 11 310
70199 20 469
70200 11 309
70201 11 312
70202 15 397
70203 12 339
70206 2 901
70212 1 731
70218 1 1422
70223 1 2061
70226 4 1436
70228 1 233
70230 2 1801
70231 1 2953
70237 1 605
70243 1 823
70246 1 784
70247 1 832
70251 2 204
70252 1 662
70253 1 626
70254 2 223
70255 2 214
70256 2 389
70257 2 714
70258 1 306
70266 3 498
70275 2 2825
70276 1 1117
70277 1 1393
70282 4 3028
70287 1 987
70289 1 1270
70300 4 1009
70301 2 633
70305 4 1443
70311 1 2716
70328 4 1626
70333 2 1397
70340 1 1983
70377 2 5997
70379 1 1981
70380 1 6991
70382 1 1908
70411 1 773
70415 1 2495
70421 2 939
70435 1 3103
70449 1 320
70484 1 265
70534 1 5509
70574 2 2062
70591 4 4584
70603 1 934
70604 1 818
70609 2 881
70613 5 553
70614 4 1247
70615 4 2303
70616 5 860
70617 4 1283
70618 4 1216
70619 4 341
70626 1 1315
70629 1 3102
70632 1 1096
70633 1 938
70638 1 1325
70642 2 28
70643 2 28
70696 3 55
70738 2 3457
70749 2 6334
70841 1 8361
70842 1 1321
70862 2 658
70870 9 2226
70877 1 1501
70885 2 834
70915 1 641
70939 2 412
70955 2 312
70960 2 2677
70979 1 1611
70993 3 5847
71023 1 329
71028 2 139
71065 1 881
71077 1 2876
71078 1 9605
71143 1 1298
71159 2 789
71165 2 840
71172 2 1858
71178 2 1731
71203 1 61
71204 1 82
71215 1 913
71226 1 1282
71252 2 1357
71254 3 296
71256 1 1259
71257 1 2362
71258 1 1385
71259 1 1522
71260 1 1108
71261 1 1189
71262 1 159
71263 1 182
71272 1 1697
71300 1 525
71303 1 1741
71315 1 6723
71321 1 1012
71323 1 3523
71324 1 1535
71330 1 1097
71331 2 1104
71341 1 1792
71363 1 1914
71365 1 1140
71407 3 227
71420 1 874
71424 6 1049
71425 2 645
71426 2 317
71433 11 307
71434 15 381
71435 11 314
71436 11 320
71437 11 313
71438 20 463
71439 11 321
71440 11 319
71441 11 331
71442 11 307
71443 2 486
71531 1 676
71549 2 2186
71553 1 1321
71574 2 851
71580 1 1716
71581 1 1913
71582 1 1381
71587 3 691
71609 2 644
71625 2 608
71626 2 768
71627 2 663
71628 2 464
71629 2 498
71630 1 3469
71633 1 151
71644 7 695
71645 1 1199
71649 1 730
71670 1 495
71675 2 907
71680 2 557
71720 2 867
71731 1 4830
71753 1 1100
71754 1 1287
71755 1 1099
71756 1 975
71757 1 2729
71758 1 1068
71762 1 1315
71789 1 4220
71797 1 2293
71801 1 1924
71805 1 1266
71819 1 307
71824 1 1218
71831 1 845
71836 1 5188
71838 1 910
71842 1 212
71843 1 615
71860 1 1550
71861 1 640
71862 1 581
71863 1 1159
71864 1 597
71865 1 486
71866 1 1152
71867 1 694
71868 1 531
71869 1 529
71870 1 502
71871 1 1232
71872 1 529
71884 1 436
71885 1 185
71898 1 1998
71919 2 2543
71937 1 400
71944 1 7115
71947 3 490
71949 1 489
71953 12 326
71954 11 314
71955 11 319
71956 16 414
71957 11 321
71958 12 331
71959 11 315
71960 11 322
71964 2 433
71997 1 614
72002 2 1963
72005 1 1089
72011 1 1094
72023 1 772
72027 2 375
72043 1 1623
72044 1 1586
72048 1 5014
72057 1 794
72058 1 810
72059 1 830
72060 1 791
72061 1 833
72062 1 865
72073 2 413
72074 2 560
72075 1 272
72076 1 614
72087 2 1964
72096 1 1559
72109 3 1250
72112 2 700
72118 4 1417
72120 4 1437
72121 4 1320
72143 1 575
72151 8 807
72154 1 1793
72163 8 1492
72182 6 1358
72184 1 393
72225 2 635
72226 6 1219
72242 6 1531
72245 1 1330
72252 4 682
72261 1 1341
72275 1 898
72282 1 2243
72293 1 1975
72294 3 1227
72295 1 2968
72296 1 621
72299 1 1853
72329 1 795
72346 6 779
72355 1 259
72388 2 1980
72394 1 753
72414 1 1956
72416 1 1773
72418 1 432
72420 2 2515
72422 1 4394
72426 4 2227
72453 1 545
72454 1 779
72455 1 1202
72456 1 792
72457 1 831
72458 1 720
72477 28 1064
72478 1 2348
72480 1 585
72507 1 895
72508 1 731
72525 2 2404
72550 1 1699
72551 1 1520
72557 5 894
72576 1 1282
72577 5 269
72581 1 1872
72582 1 1345
72583 1 1935
72584 1 1934
72585 1 1118
72609 1 1961
72650 1 6445
72658 1 1397
72659 2 252
72671 1 1591
72675 1 8994
72680 1 625
72682 3 1240
72690 1 412
72691 3 1208
72701 1 391
72712 1 1839
72713 1 2218
72741 1 6306
72756 1 1222
72765 1 2690
72776 2 1094
72781 1 1433
72782 1 2059
72783 1 1487
72784 1 2240
72785 1 1571
72793 2 4219
72794 1 1190
72795 1 705
72800 1 1808
72802 1 1368
72810 1 1218
72822 2 1397
72840 2 1216
72848 1 756
72852 1 1113
72858 1 1852
72859 1 1218
72877 1 996
72879 1 7089
72897 1 3666
72899 2 20275
72915 1 1425
72916 1 1335
72919 1 5881
72920 2 5462
72921 1 2994
72922 1 1461
72931 1 1959
72936 1 2099
72938 1 10696
72946 3 1541
72955 6 1468
72957 1 1211
72958 1 2627
72959 1 2654
72960 1 3082
72981 1 585
73004 2 1253
73021 1 838
73022 1 2763
73023 1 1400
73052 2 534
73053 2 544
73054 2 460
73055 2 501
73056 2 594
73057 2 509
73058 2 504
73059 2 646
73060 3 299
73063 1 270
73080 1 2339
73093 1 4058
73095 9 3401
73096 8 2375
73101 1 5854
73149 2 264
73155 11 3609
73160 9 1243
73165 1 218
73178 1 2035
73193 1 1571
73194 1 906
73211 3 1314
73212 1 2390
73215 3 1228
73221 1 4913
73222 1 3558
73333 1 1006
73334 2 740
73341 1 516
73342 1 505
73356 1 748
73362 2 481
73379 1 1014
73423 1 511
73471 1 2068
73541 1 594
73555 1 1159
73574 1 8025
73592 4 425
73645 6 5683
73649 1 2033
73660 1 2066
73729 2 642
73736 1 608
73749 3 1593
73751 1 718
73753 1 1851
73768 1 242
73771 1 76
73805 1 532
73807 1 721
73847 1 116
73860 4 290
73883 4 883
73884 1 569
73885 1 522
73887 2 1505
73888 2 1605
73889 2 2079
73899 1 829
73900 1 780
73907 3 2638
73910 2 200
73911 1 1008
73912 1 868
73913 2 221
73914 2 331
73931 1 2768
73932 2 2612
73933 1 1375
73935 1 1293
73945 1 10857
73963 3 6843
73968 5 1524
73994 2 2096
73998 1 2339
74002 1 427
74003 1 67
74018 1 1288
74020 2 631
74060 1 383
74114 1 3421
74123 1 72
74153 1 660
74163 6 1043
74164 1 274
74172 1 867
74178 1 2150
74216 1 534
74217 1 761
74258 1 275
74275 1 1747
74282 1 1215
74288 2 357
74346 2 1835
74353 3 1284
74354 2 258
74373 3 1982
74374 2 1600
74385 1 827
74397 1 634
74405 1 1483
74416 4 1198
74417 5 865
74418 8 1264
74419 4 1583
74420 13 783
74421 4 974
74434 2 3996
74440 1 1991
74447 3 1260
74448 1 1084
74467 1 900
74474 1 1081
74475 1 574
74480 14 3260
74552 1 1233
74553 1 1171
74573 1 713
74578 1 733
74600 3 1183
74631 1 412
74697 1 496
74709 2 122
74716 1 906
74722 2 459
74748 2 1518
74750 1 2927
74752 2 2665
74766 3 6523
74767 3 5811
74770 2 594
74785 1 4399
74792 3 1680
74802 1 552
74823 1 891
74829 2 1083
74852 1 792
74868 3 1193
74900 9 931
74947 4 303
74951 2 996
75053 3 472
75054 3 485
75055 3 481
75056 3 529
75057 3 502
75058 3 493
75059 3 483
75060 3 482
75061 3 486
75062 3 497
75063 3 489
75064 3 479
75065 3 486
75066 3 500
75068 1 1333
75086 1 1583
75095 1 1238
75102 1 581
75103 1 609
75124 1 2419
75137 1 628
75140 1 1565
75149 1 662
75202 1 3010
75203 1 2977
75208 2 3202
75222 1 819
75228 1 535
75238 1 32
75244 2 1376
75245 2 1375
75248 1 1379
75249 1 1176
75250 1 1780
75251 1 865
75252 2 1409
75265 2 1224
75294 1 671
75296 6 451
75313 2 1575
75317 1 1162
75328 1 3938
75333 4 1380
75401 1 1247
75404 2 406
75408 1 3231
75409 2 462
75410 2 461
75423 10 1748
75425 3 773
75468 4 1247
75475 1 173
75476 1 166
75477 1 170
75485 1 487
75486 1 815
75495 1 2492
75529 2 8980
75585 1 1192
75610 2 2134
75619 10 1267
75629 3 945
75638 1 560
75645 1 1914
75649 1 783
75670 1 484
75676 3 656
75705 1 3042
75713 1 352
75766 1 841
75834 1 760
75836 1 992
75839 1 1452
75867 1 555
75903 1 440
75909 2 82
75915 1 623
75928 2 1554
75932 1 498
75942 2 208
75943 1 1318
75944 2 223
75945 2 609
75946 2 350
75947 2 418
75948 2 355
75949 1 980
75961 1 1828
75963 1 2775
75964 1 663
75983 3 3426
76011 1 761
76040 1 3213
76042 1 1056
76062 1 539
76086 1 546
76087 1 627
76094 1 1404
76095 1 839
76099 1 1514
76132 1 1508
76134 3 904
76142 1 182
76154 1 313
76158 4 3909
76159 1 4003
76160 1 6409
76165 1 1767
76176 1 1747
76211 2 1215
76223 2 1582
76231 1 260
76234 5 1291
76240 2 808
76245 1 6436
76247 1 4782
76248 1 1680
76249 6 12565
76250 4 586
76251 4 292
76252 4 2304
76261 1 3135
76266 1 1340
76267 2 1564
76288 3 68
76289 3 359
76325 2 1450
76357 1 2792
76359 4 742
76368 1 1834
76409 1 2559
76411 1 6346
76423 1 1266
76435 1 2179
76448 1 5583
76460 3 6070
76468 1 832
76480 1 1099
76485 1 580
76492 1 409
76516 1 5399
76571 1 2525
76585 1 1877
76592 8 1400
76593 1 1119
76594 5 1805
76607 1 845
76623 2 1293
76626 2 4388
76646 1 468
76654 1 247
76655 2 2833
76670 1 2879
76676 3 6037
76677 3 5739
76698 2 633
76718 1 740
76725 1 609
76731 1 206
76769 1 2417
76780 4 5196
76796 3 1059
76805 1 1044
76830 1 733
76833 1 1925
76859 3 1863
76875 1 4263
76897 2 431
76917 2 2139
76918 2 1833
76919 1 1352
76940 2 729
76944 2 850
76946 1 114
76947 1 71
76954 3 870
76963 1 1460
76984 1 1045
76985 2 1339
76986 1 1145
76998 1 2076
77023 1 2768
77025 2 2461
77041 1 499
77048 1 1229
77066 1 851
77071 1 1827
77080 1 981
77090 1 304
77091 1 1850
77095 5 1057
77106 3 1502
77110 1 1799
77118 2 2646
77119 1 19
77135 1 801
77145 4 1172
77154 1 168
77159 1 2784
77185 3 1959
77208 1 4089
77209 1 4122
77210 1 4271
77224 1 225
77227 3 2803
77228 3 227
77232 2 1018
77234 1 37
77242 1 1714
77265 1 691
77266 2 607
77267 2 423
77268 1 629
77283 12 330
77284 11 305
77285 15 391
77286 17 420
77287 11 323
77288 11 309
77289 11 308
77290 11 318
77291 11 311
77292 11 308
77293 11 310
77294 11 321
77295 11 305
77296 11 316
77378 2 1421
77389 1 1117
77398 15 3728
77429 2 628
77430 2 502
77431 2 665
77433 1 138
77435 1 804
77448 3 1098
77450 1 5940
77454 2 1448
77456 2 13066
77459 1 920
77472 1 1959
77475 1 521
77490 2 359
77494 1 976
77495 1 1382
77496 1 856
77497 2 1890
77526 1 82
77552 1 3565
77560 2 603
77561 1 488
77562 1 341
77563 1 320
77564 1 312
77565 2 570
77566 1 634
77567 1 208
77568 1 228
77569 1 592
77570 1 929
77571 1 193
77573 3 914
77592 1 492
77593 1 527
77594 1 871
77595 1 1498
77596 1 563
77597 1 1016
77598 1 512
77599 1 875
77600 1 894
77601 1 560
77602 1 616
77603 1 430
77604 1 540
77605 1 1191
77606 1 903
77612 1 36
77613 2 677
77614 2 630
77615 2 684
77616 2 722
77617 2 773
77635 2 305
77644 1 414
77645 1 538
77673 5 335
77674 5 339
77760 1 1117
77762 3 532
77763 3 527
77764 3 521
77765 3 478
77766 3 488
77767 3 488
77768 3 591
77769 3 555
77770 2 453
77771 3 493
77772 3 505
77773 3 509
77775 3 484
77777 1 1079
77799 1 695
77806 1 459
77817 1 4230
77818 1 6471
77826 1 1385
77828 1 767
77843 1 756
77847 4 500
77850 1 293
77852 1 521
77891 1 1621
77899 1 260
77902 2 1655
77903 2 554
77904 2 1498
77908 2 2693
77912 1 39
77942 10 3229
77946 1 2824
78017 1 653
78019 1 724
78020 2 1072
78023 2 462
78024 2 463
78025 2 463
78032 2 1336
78065 2 690
78068 1 169
78074 1 1554
78075 1 475
78079 1 115
78085 5 904
78093 1 909
78101 1 646
78111 1 1861
