eleg eleg 1853 65215343 
32 1 850
247 1 1642
254 1 344
255 1 422
261 1 818
262 1 306
326 1 769
338 1 667
545 1 1351
586 2 936
650 1 1021
976 1 863
1507 1 660
1566 1 3548
1597 2 3184
1607 1 840
1755 1 1202
1762 1 1323
1802 2 10218
1807 1 974
1825 2 2370
1857 1 1294
1858 1 669
1861 2 5589
1869 1 343
2013 1 2143
2024 2 816
2061 4 1075
2074 1 1047
2080 2 8786
2181 1 1278
2237 2 1765
2291 1 797
2375 1 3907
2463 2 3258
2543 1 525
2680 1 1224
2790 1 455
2810 1 976
2828 1 749
2847 1 1039
2972 2 1458
3003 1 3697
3025 1 642
3104 1 3172
3105 1 3023
3106 1 3092
3238 2 1320
3331 1 1153
3447 1 2791
3485 1 1068
3505 1 490
3519 1 937
3529 1 989
3534 1 289
3537 3 1641
3599 1 11096
3601 1 422
3668 2 8976
3671 1 4789
3775 1 459
4004 1 2253
4078 1 2535
4192 1 855
4263 1 1825
4287 1 903
4645 1 2574
4728 7 1393
4811 2 894
4852 1 1294
4905 1 7440
4956 1 500
5195 1 1844
5312 1 583
5465 2 1292
5490 1 592
5528 1 2535
5562 1 718
5584 1 687
5613 1 1513
5625 1 576
5627 1 450
5628 1 414
5651 1 340
5652 1 799
5653 1 583
5654 1 1031
5655 1 530
5669 2 662
5672 1 557
5790 1 2094
5841 1 1235
5878 1 1401
5936 1 3330
5938 1 5865
5949 1 1365
5995 2 1761
6005 2 634
6010 1 3182
6163 1 4318
6337 1 3747
6612 12 2092
6638 1 1121
6651 1 686
6758 4 610
6821 1 470
6829 1 834
6979 1 2188
7045 1 2855
7072 1 855
7143 7 1502
7470 3 151
7491 1 7708
7552 7 598
7576 2 6690
7580 1 9484
7611 1 660
7771 1 1607
7773 1 7884
7944 1 4834
8072 1 5760
8222 1 290
8263 1 2493
8267 1 1357
8270 1 1577
8523 1 474
8596 1 600
8608 2 971
8638 1 905
8641 1 1541
8977 2 1848
8978 5 1903
8986 3 760
8992 1 2708
8996 1 722
8997 1 599
9012 1 153
9014 1 216
9015 2 1015
9097 1 956
9105 1 694
9162 1 1574
9175 2 1821
9270 2 1762
9271 2 1712
9272 2 1765
9273 2 1753
9324 2 4421
9325 2 4336
9336 1 1530
9407 1 979
9429 1 1004
9505 2 3959
9508 1 1059
9570 1 518
9598 1 1062
9640 1 3873
9646 1 948
9649 1 760
9657 1 1060
9666 1 786
9727 1 3290
9742 1 91
9805 1 5191
9812 1 903
9821 1 559
9841 1 654
9886 1 3914
9947 1 329
9948 1 2209
10127 1 1014
10128 1 1019
10129 1 1016
10130 1 997
10363 1 907
10502 1 700
10503 1 250
10504 1 1148
10507 2 730
10517 1 108
10518 1 410
10519 1 719
10654 1 3128
10677 1 1048
10679 1 1155
10706 1 1237
10737 1 360
10748 1 493
10755 1 1298
10851 1 1623
10862 1 1361
10927 2 657
10940 1 7910
10954 1 2770
11103 1 931
11364 1 2608
11438 1 1275
11487 2 651
11488 1 735
11535 1 340
11552 1 1095
11553 1 1065
11666 2 754
11685 1 1102
11762 1 348
12223 1 6167
12224 1 1462
12350 1 1687
12454 1 642
12643 1 1624
12668 1 1012
12669 1 1147
12796 1 641
12814 6 46677
12835 1 985
12870 1 761
12978 1 883
13081 1 734
13261 1 2305
13336 1 2457
13384 1 294
13387 1 273
13472 1 2549
13609 2 1456
13619 1 1734
13699 1 1924
13775 3 704
13882 5 1352
13941 1 1949
13942 1 1276
13994 1 844
14080 1 51830
14102 1 1027
14103 1 235
14104 1 375
14112 1 793
14113 1 135
14115 1 900
14280 1 2667
14300 1 445
14320 1 646
14373 9 6743
14374 6 3433
14440 2 603
14647 1 982
14833 1 7321
14989 1 876
15037 1 349
15286 1 360
15298 1 535
15299 1 316
15300 1 661
15418 1 2104
15471 1 924
15492 1 680
15569 1 3119
15731 1 1798
15732 1 1772
15887 1 3518
16052 1 781
16083 1 468
16182 1 711
16257 1 6019
16322 1 2378
16359 2 486
16388 1 1730
16408 1 513
16423 1 793
16654 1 933
16666 1 1110
16734 2 1316
16751 1 251
16777 1 538
16860 1 2032
16899 2 1633
17019 1 1349
17158 1 2334
17181 1 941
17257 2 2138
17296 2 4348
17426 1 7075
17460 1 608
17558 1 1065
17570 1 5402
17578 1 816
17638 1 6007
17663 1 1183
17758 2 28986
17780 1 1209
17790 1 2095
17857 1 1045
17872 1 658
17918 1 604
17919 1 803
17940 1 417
17964 1 1402
18037 1 3117
18077 2 720
18164 1 1451
18346 2 692
18364 1 973
18396 1 12783
18416 2 1500
18431 1 579
18529 1 1805
18535 1 1291
18562 1 1335
18880 1 2491
18893 3 852
18939 2 1456
18996 1 600
18998 1 635
19186 6 6942
19188 2 737
19383 1 3259
19399 1 634
19612 1 712
19629 1 923
19637 7 633
19700 1 609
19759 2 1457
19766 1 214
19782 1 898
19811 1 313
19840 1 890
19847 1 808
19985 2 8977
20027 1 1905
20143 1 636
20200 1 30304
20234 1 1228
20313 1 803
20373 1 776
20408 4 864
20409 3 1186
20418 1 1937
20427 1 605
20428 1 1062
20568 1 483
20571 1 457
20653 2 6960
20697 1 250
20702 1 1564
20731 1 1365
20737 4 926
20827 1 562
20834 1 699
20997 1 6199
21282 1 1212
21371 1 857
21372 1 553
21430 1 3084
21460 1 877
21803 1 1062
21890 1 2113
21904 1 2015
21937 1 764
22063 1 1399
22097 1 1488
22139 1 1395
22161 1 6376
22198 1 2137
22200 2 657
22207 1 478
22224 1 754
22225 1 665
22524 1 3107
22539 1 482
22864 1 581
22958 1 723
23027 1 1511
23210 1 526
23357 1 798
23377 1 430
23411 1 2833
23431 1 2002
23432 1 769
23497 1 1079
23662 2 363
23827 1 113
23883 1 204
24141 1 143
24163 1 1415
24172 1 681
24458 3 1043
24517 3 824
24566 1 3241
24701 1 632
24784 1 1769
24789 1 4093
24791 1 2527
24817 1 476
24839 1 1127
24884 1 7321
24885 1 7349
25069 1 1507
25109 1 1281
25110 1 1590
25233 2 4985
25246 1 2093
25267 1 2724
25324 1 2744
25402 1 1389
25404 2 721
25484 1 711
25530 5 1188
25553 1 3595
25557 1 1837
25610 1 372
25707 1 1454
25722 1 825
25779 1 1124
25849 1 785
26054 1 1978
26132 1 2930
26265 1 739
26329 1 804
26462 5 951
26481 1 250
26541 1 4809
26721 1 219
26763 3 887
26797 1 1479
26821 2 4111
26894 1 1026
26917 2 1554
26941 1 630
26946 1 2974
27131 1 1909
27135 5 1071
27198 1 2800
27208 1 1202
27209 1 800
27211 1 483
27298 1 663
27406 1 1609
27411 3 1330
27433 1 1079
27450 1 348
27504 2 650
27702 1 937
27831 1 1261
27851 1 5844
27852 1 5540
27872 3 3102
28030 1 700
28189 2 340
28259 1 6624
28324 1 397
28325 1 341
28338 1 623
28339 1 154
28457 1 5857
28458 1 5864
28459 1 5561
28460 1 5545
28491 1 4917
28702 1 1503
28710 1 944
28712 1 1006
28745 1 689
28759 1 1090
29045 1 1313
29151 1 913
29152 1 1988
29153 1 859
29154 1 549
29177 1 190
29178 1 165
29179 1 231
29180 1 3520
29330 2 497
29339 1 448
29342 2 609
29354 1 696
29372 1 1389
29491 1 3124
29492 1 3204
29495 1 3137
29571 1 1682
29871 1 771
29928 1 595
30036 3 457
30083 1 1284
30139 1 856
30164 2 2045
30186 1 1205
30342 1 537
30353 7 3848
30514 1 749
30540 2 3125
30560 1 884
30568 1 170
30577 1 1120
30642 1 3081
30696 1 791
30747 1 4167
30774 2 567
30804 1 10416
30872 1 2105
30884 2 576
30885 1 660
30895 3 1043
30968 2 464
30997 2 957
31091 1 326
31108 4 701
31119 1 245
31120 1 1212
31121 1 289
31122 1 324
31139 1 233
31260 1 711
31323 2 723
31501 1 1067
31550 1 1019
31587 2 1215
31644 1 1272
31653 1 583
31667 1 648
31677 1 276
31723 1 9877
31757 1 786
31858 2 1811
31983 1 696
31996 3 623
31997 3 586
31998 3 698
32009 1 354
32010 1 286
32011 1 275
32012 1 560
32019 2 4793
32029 1 705
32030 1 812
32150 1 2832
32162 1 632
32208 1 2672
32291 1 3102
32304 1 2871
32480 1 1152
32565 1 1204
32656 2 864
32666 1 2788
32673 1 653
32745 1 1022
32794 1 117
32912 1 536
33070 1 764
33175 1 552
33188 1 10275
33286 1 1992
33310 1 9499
33377 1 1162
33464 1 193
33494 1 11341
33533 1 385
33544 1 2303
33692 1 738
33863 1 534
33965 2 530
33979 1 1410
34039 1 23394
34045 1 581
34069 2 1786
34181 1 274
34222 1 3470
34282 2 991
34335 1 1518
34433 1 451
34437 1 989
34442 6 1260
34502 1 586
34507 1 1422
34621 1 898
34684 1 1140
34724 1 1355
34746 1 1014
34795 1 4142
34804 1 3895
34805 1 784
34872 1 522
34911 1 2148
34953 3 813
34966 1 238
34967 1 1254
34974 1 931
34981 1 543
34982 1 154
35143 1 546
35162 1 1127
35256 1 381
35300 6 466
35369 1 1232
35472 1 1008
35519 1 841
35523 1 203
35715 1 256
35768 1 1871
35830 1 2280
35954 1 546
36007 1 403
36035 1 695
36036 1 746
36045 1 1120
36108 1 87
36208 4 644
36264 1 1039
36278 1 469
36290 1 1878
36300 1 3570
36440 1 2527
36465 1 430
36468 2 911
36476 1 489
36477 18 1527
36526 1 786
36559 2 2030
36732 1 18263
37040 1 2087
37051 1 741
37182 1 13117
37712 2 8990
37932 1 17484
38008 4 1010
38038 1 1346
38195 1 2948
38292 1 557
38326 1 699
38338 1 463
38352 1 264
38413 1 6145
38541 1 691
38765 2 616
38812 1 2023
39134 3 423
39145 1 275
39158 3 1513
39197 1 859
39271 1 2225
39276 1 3501
39329 2 32477
39428 1 870
39539 1 1033
39596 1 596
39624 10 1378
39770 1 518
39978 1 30166
39986 1 880
40001 2 1577
40087 1 1024
40088 1 1024
40089 1 1024
40138 1 1151
40402 7 1116
40429 1 566
40471 2 1576
40538 1 14088
40545 19 815
40630 1 5684
40776 3 239
40829 1 3054
40918 1 1001
41042 1 494
41078 1 1486
41248 1 533
41348 1 720
41371 1 662
41726 1 2949
41742 2 1669
41745 1 391
41831 1 458
41859 1 860
41885 2 1027
41945 1 1262
42018 2 811
42119 1 4002
42134 2 837
42276 1 537
42308 1 904
42372 1 915
42423 1 2011
42424 1 6309
42467 1 878
42643 1 496
42648 1 4779
42669 1 1190
42767 1 8035
42769 1 8334
43099 1 850
43151 1 526
43380 1 406
43538 1 2943
43542 1 690
43574 2 1063
43656 1 4176
43810 1 966
43944 1 514
44134 1 831
44221 1 611
44547 1 319
44548 1 307
44549 1 308
44550 1 481
44551 1 500
44567 1 801
44568 1 824
44569 1 1077
44570 1 734
44581 3 1194
44707 1 6048
44735 1 3497
44746 1 1422
44797 1 844
44806 1 2433
44876 1 3240
44937 5 1292
44955 1 7733
45074 1 969
45255 1 323
45260 3 899
45271 1 463
45297 1 185
45323 1 252
45324 1 253
45408 1 678
45440 1 529
45441 1 489
45676 1 11251
45684 1 513
45859 1 21421
45885 1 459
46034 2 865
46083 1 1036
46129 1 631
46238 3 642
46318 1 2246
46388 2 81863
46434 1 2480
46440 1 734
46617 1 393
46691 1 1448
46749 1 6951
46833 1 1149
46909 1 2578
46943 1 1398
47011 1 879
47101 2 534
47199 1 3686
47230 1 1077
47245 1 6757
47247 1 561
47249 3 557
47250 3 765
47264 1 240
47280 1 271
47281 1 603
47349 1 300
47447 1 3095
47549 1 978
47559 2 11224
47564 1 364
47710 1 317
47766 1 373
47841 2 968
47864 2 852
47907 1 765
47913 59 4216
47999 1 628
48113 2 651
48114 2 991
48115 1 628
48116 2 1532
48230 1 607
48232 1 847
48267 2 4317
48335 1 905
48455 1 732
48457 1 358
48507 1 1533
48612 2 340
48614 4 299
48650 5 6532
48651 1 3561
48656 1 477
48686 1 275
48698 1 5259
48709 1 790
48731 1 240
48732 1 455
48733 1 652
48734 1 474
48735 1 645
48758 8 595
48781 1 806
48853 1 287
49027 1 589
49133 1 844
49141 1 1639
49162 1 244
49173 1 10707
49307 1 531
49367 2 2106
49522 1 6160
49523 1 488
49549 3 1332
49750 1 597
49752 1 1670
49809 1 1482
49812 1 693
50040 1 6696
50204 1 2083
50235 2 1266
50243 1 657
50244 1 536
50280 1 1252
50298 2 1458
50596 1 1314
50624 1 512
50625 1 656
50627 1 611
50628 1 400
50740 2 1885
50783 1 2276
50784 1 2392
50827 1 99
50828 1 138
50835 1 656
50881 1 4909
50911 1 318
50958 1 945
50992 1 1320
51006 1 2540
51040 5 2089
51149 1 3086
51232 1 1471
51536 1 624
51920 1 1191
51931 1 664
51959 3 886
51977 1 1239
51991 1 4229
52000 1 1615
52149 1 1612
52164 1 734
52195 1 487
52228 6 3809
52340 1 335
52375 1 1385
52395 1 1520
52397 1 4823
52460 2 768
52645 1 278
52649 1 832
52941 6 3400
52988 1 24350
53023 1 6088
53033 1 334
53044 1 1024
53100 3 928
53113 1 1040
53137 2 1658
53158 2 9225
53243 2 3386
53329 2 3895
53361 1 974
53431 1 288
53450 1 842
53451 2 845
53517 1 1671
53672 6 2063
53702 1 194
53703 1 951
53841 1 718
54097 1 621
54105 1 431
54138 1 2492
54157 2 5381
54221 1 225
54228 2 1079
54296 1 821
54326 1 3836
54350 3 8318
54443 1 486
54469 1 1075
54483 1 1091
54485 2 4555
54561 1 393
54606 1 855
54629 3 894
54646 1 364
54647 1 239
54648 1 500
54649 1 419
54668 1 814
54669 1 799
54686 1 557
54923 1 1418
55106 1 712
55121 1 611
55157 1 1348
55161 1 978
55316 1 951
55329 1 1232
55432 1 461
55456 1 2236
55529 1 309
55534 1 599
55540 1 577
55577 1 183
55691 1 688
55693 1 662
55706 1 492
55714 1 676
55916 2 1109
56136 1 191
56156 1 357
56233 1 382
56467 1 440
56580 1 1537
56604 1 2210
56673 1 1109
56690 1 677
56698 1 1186
56796 1 443
56821 3 6607
56975 5 1351
56999 1 346
57000 1 1565
57019 1 115
57020 1 635
57021 1 501
57022 1 536
57161 1 2080
57221 1 698
57286 1 2048
57382 1 3136
57510 1 2365
57547 1 503
57616 1 1787
57617 1 1772
57618 1 1770
57838 1 1853
57927 1 448
57937 1 716
57946 1 5545
57947 1 5535
57965 2 3015
57996 1 1452
58201 1 1355
58253 1 480
58307 2 461
58317 2 576
58320 1 2273
58527 1 257
58528 1 247
58529 1 1928
58530 1 364
58534 1 287
58542 1 510
58727 1 874
58734 1 847
58749 1 1397
58838 1 3151
58840 1 3131
58853 1 2423
59206 1 681
59237 1 492
59287 2 827
59307 2 1547
59363 2 1746
59397 1 3596
59402 1 4509
59478 1 1258
59627 2 4734
59648 1 938
59868 5 1987
59869 7 1159
59870 4 1260
59991 1 760
60040 2 5727
60071 1 365
60115 1 586
60172 4 1266
60276 2 3089
60301 1 767
60398 1 1768
60448 1 1453
60457 1 776
60508 1 699
60612 3 724
60613 3 566
60614 3 732
60615 3 733
60624 1 536
60693 1 7521
60747 1 1472
60748 1 6845
60828 2 3367
60834 1 288
60856 1 341
61059 1 4559
61188 1 29700
61288 1 561
61317 1 1385
61331 4 2243
61444 1 1534
61565 1 2333
61622 1 1514
61736 2 3608
61791 1 1288
61951 1 581
61978 2 561
62092 2 1030
62242 1 2867
62289 1 772
62314 1 580
62415 1 646
62417 1 11638
62455 1 513
62500 1 685
62541 1 287
62543 1 206
62544 1 572
62545 1 358
62760 2 189
62791 1 2675
62882 1 71
63077 1 5251
63385 1 486
63393 1 737
63427 1 4477
63431 1 894
63433 1 618
63439 1 637
63443 1 1754
63446 1 545
63519 1 2160
63565 1 3099
63584 1 326
63653 1 758
63701 6 2880
63782 5 1232
63837 1 6313
64090 1 622
64311 1 4060
64336 1 435
64574 1 658
64609 1 274
64644 1 277
64645 1 275
64664 1 585
64881 1 1311
64895 1 1024
64937 1 2520
65006 1 3064
65415 1 951
65429 1 789
65464 1 2107
65531 2 1854
65652 2 1795
65660 3 1148
65661 3 883
65672 1 1726
65691 1 716
65692 1 340
65693 1 319
65778 1 3404
65799 1 4143
65931 2 1732
65984 1 2219
66008 1 1142
66021 1 413
66274 2 748
66319 1 636
66323 1 698
66343 1 558
66348 2 1022
66371 1 253
66615 2 2064
66655 1 565
66657 1 1440
66722 41 276701
66723 1 1267
66751 2 11896
66759 1 536
66776 3 1404
66811 1 599
66869 1 465
66890 1 252
66922 2 1292
66974 1 1255
67021 1 6450
67141 2 431
67224 2 359
67248 1 491
67249 1 476
67347 1 1319
67527 1 865
67538 1 751
67628 1 334
67641 1 403
67667 1 1004
67682 1 737
67777 1 2113
67820 1 1312
67871 2 1809
67894 1 1091
67895 1 1554
67975 1 499
67978 1 421
68059 1 2106
68117 1 4150
68119 1 6225
68128 1 648
68129 1 1472
68141 1 1527
68161 1 1742
68200 1 422
68251 1 656
68337 1 840
68348 1 2811
68728 1 596
68816 1 1558
68823 1 2312
68830 2 195
68833 1 626
68882 3 260
68964 1 11197
68997 1 793
68998 1 328
68999 1 322
69016 1 284
69053 1 234
69054 1 406
69078 1 282
69079 1 757
69080 1 130
69081 1 838
69330 1 306
69405 1 326
69432 1 3080
69511 1 440
69882 1 750
69904 1 392
69906 2 676
69918 1 1583
69957 1 531
70058 2 738
70087 1 573
70096 1 699
70305 1 1443
70426 1 973
70427 1 356
70459 1 629
70591 1 4584
70731 2 925
70743 1 935
70841 1 8361
70859 1 617
70912 1 1315
70913 1 1388
70921 1 1029
70934 1 944
71006 1 802
71008 2 1074
71050 1 3333
71279 1 792
71315 1 6723
71614 4 517
71673 1 518
71896 1 3955
71926 3 220
71951 1 312
71969 2 777
71986 1 445
72016 1 859
72023 1 772
72045 1 2213
72067 1 9227
72098 1 19912
72103 1 497
72231 1 1446
72277 1 1369
72347 2 1722
72419 1 753
72622 1 527
72715 1 2456
72736 1 1124
72796 1 808
72851 1 889
72879 1 7089
72938 1 10696
73064 1 285
73373 1 5222
73461 2 645
73478 1 691
73558 1 118
73663 1 868
73772 3 375
74036 1 315
74086 1 451
74158 1 1846
74176 2 4570
74224 1 571
74368 1 3668
74373 1 1982
74402 3 12340
74437 1 6261
74515 1 1068
74519 1 5618
74530 3 711
74541 1 991
74554 1 253
74635 5 2160
74648 1 522
74793 1 1712
74820 1 765
74857 1 2102
74916 1 1608
74929 1 1329
74938 1 331
74939 1 455
74940 1 569
74952 1 642
74953 1 1089
75092 3 397
75100 1 805
75105 1 881
75107 1 623
75205 1 3189
75322 1 826
75471 2 3184
75553 2 595
75697 1 1062
75758 1 1348
75766 1 841
75817 1 806
76007 1 868
76015 1 793
76034 1 1048
76056 1 952
76266 1 1340
76349 1 2296
76465 1 2400
76517 1 735
76718 1 740
76765 2 1053
76873 1 376
76886 1 4302
76914 1 318
76923 2 1539
76959 1 227
77088 2 4377
77170 3 1984
77233 2 4265
77438 1 1254
77608 1 829
77661 1 918
77668 1 373
77675 1 306
77676 1 846
77677 1 481
77682 1 579
77830 1 468
77832 1 421
77840 1 1022
77871 2 1096
77943 1 1110
77946 1 2824
78117 2 1978
78126 1 741
