castl castl 1312 65215343 
43 3 671
247 1 1642
256 1 8243
375 1 10166
415 2 2105
423 1 1981
424 1 2481
433 3 1676
460 1 35
522 1 1558
557 1 3639
678 1 1380
717 1 1260
801 1 773
1038 2 6757
1092 2 978
1361 5 1013
1371 2 1930
1684 1 1203
1726 11 2436
1815 2 370
1928 1 595
2057 3 2940
2080 4 8786
2083 1 4561
2102 1 853
2192 1 5833
2376 1 1246
2656 1 750
2739 1 246
2745 4 273
2753 1 1122
2984 1 853
3034 1 871
3271 1 2311
3275 1 830
3324 1 1792
3447 1 2791
3533 1 1907
3557 2 1042
3748 1 990
3819 1 840
3898 2 1858
4016 2 4260
4079 1 1990
4105 1 848
4263 1 1825
4305 2 1625
4306 2 1994
4307 2 2386
4308 2 2754
4309 1 914
4346 2 1650
4372 55 3440
4401 2 729
4417 3 4384
4567 3 687
4580 1 543
4645 1 2574
4670 1 912
4702 1 699
4704 2 1493
5518 4 2428
5546 1 1150
5816 1 886
5866 1 660
5869 1 779
5874 2 787
5889 2 1241
6288 2 1336
6564 1 476
6701 3 311
6934 1 700
7008 1 725
7045 3 2855
7062 1 3124
7433 1 1229
7576 1 6690
7723 1 4731
7913 4 3129
7922 1 2189
8026 1 922
8040 1 669
8186 1 671
8204 2 4600
8228 4 1519
8252 1 215
8370 1 2235
8408 1 5505
8550 3 1456
8578 1 1656
8667 1 634
8732 1 2463
8908 1 1392
8931 1 1039
8993 1 2404
9173 1 6443
9282 2 1511
9339 1 2490
9486 1 3118
9491 2 6177
9563 1 1392
9607 1 630
9721 2 1652
9748 4 823
9827 1 2258
9952 1 495
10042 14 782
10706 2 1237
10749 1 2979
10755 1 1298
11006 1 1026
11142 1 1105
11449 1 782
11450 1 1097
11480 1 1620
11496 1 570
11999 25 1414
12110 1 647
12131 1 841
12218 8 1075
12359 3 1241
12384 4 4014
12686 1 261
12777 1 3961
12786 3 7289
13071 1 434
13098 3 390
13205 1 2644
13214 2 1322
13365 2 879
13488 2 1792
13576 2 2787
13684 1 12301
13693 1 789
14105 1 9306
14212 2 12149
14263 1 1981
14264 1 2175
14265 1 2579
14367 9 1792
14373 1 6743
14374 1 3433
14472 3 1594
14791 1 1301
14999 1 2703
15199 1 678
15258 1 1167
15468 1 1078
15662 9 2550
15850 1 860
15943 1 537
16315 1 979
16440 1 1049
16465 1 3291
16491 4 6610
16594 1 483
16748 1 3753
16810 3 2137
16845 2 8711
16852 2 1499
16866 2 1023
16958 1 5800
17077 2 796
17198 1 2072
17454 1 2094
17583 9 447
17730 2 4474
18043 2 3632
18103 1 729
18149 1 1111
18226 1 1550
18396 7 12783
18762 1 911
18819 1 564
18879 1 3453
18880 1 2491
18881 1 2780
19194 1 5424
19427 1 1218
19552 1 447
19560 1 8071
19610 1 1644
19686 1 4573
19697 1 2330
19804 2 453
19929 2 1291
20162 1 793
20575 1 4332
20619 2 689
20622 1 1417
20704 1 374
20802 1 1887
20868 1 3295
20899 1 3664
20947 1 1003
21283 1 1603
21396 1 562
21479 2 1262
21490 1 4936
21555 1 625
21644 1 11884
21674 2 386
21770 2 4733
21813 1 930
22014 1 1064
22206 1 2514
22569 1 1315
22639 1 3403
22887 5 4212
22935 1 1648
22960 2 855
23411 1 2833
23725 1 51
24080 1 1052
24344 1 1323
24424 1 2471
24444 1 1797
24596 6 3667
24722 2 1133
24743 1 761
24796 1 714
24812 1 1148
24849 3 4735
25136 1 620
25160 1 3316
25180 1 1405
25546 1 3100
25693 1 2462
25807 1 717
25979 1 443
26002 1 617
26541 1 4809
26668 2 3364
26741 1 777
26782 1 459
26796 1 2116
26849 1 634
26914 1 892
26945 1 2664
27039 3 1645
27258 1 1835
27788 1 611
27837 1 2547
28036 1 1608
28087 1 1712
28193 1 2289
28279 1 1131
28294 1 651
28347 1 813
28658 1 729
28858 1 1311
29083 1 901
29132 1 1023
29144 1 2485
29185 1 798
29283 4 1840
29361 1 520
29374 1 665
29475 1 2177
29619 9 1879
29851 1 1758
30143 1 1666
30263 3 761
30431 1 729
30543 2 2733
30555 1 4027
30573 1 2812
30645 1 2128
30714 1 333
30887 1 10988
31245 1 773
31268 5 797
31609 1 663
31610 1 828
31611 1 741
31794 2 820
31893 2 981
32286 6 3201
32356 2 1306
32645 1 487
32756 2 1374
32898 1 1475
32975 1 2044
33071 1 466
33088 1 839
33169 1 721
33333 4 6676
33345 3 146
33626 1 991
33694 1 1758
33774 1 264
33856 1 533
34028 1 1137
34178 2 2529
34250 1 1738
34400 2 1529
34641 8 5300
34848 1 878
35149 1 9307
35151 1 4287
35273 1 379
35558 1 323
35720 7 4608
35771 2 5813
35951 1 2034
36381 1 1502
36408 4 763
36652 2 270
36680 1 1651
36825 3 894
36912 1 1844
37165 1 1811
37457 1 3293
37724 1 2484
37928 2 3618
38130 1 2260
38159 1 1705
38181 1 1301
38201 1 1043
38221 1 1823
38802 2 4212
38804 2 1858
38889 1 779
39015 1 2466
39024 1 8349
39042 1 3251
39158 1 1513
39198 2 2105
39202 12 2039
39238 3 1675
39243 1 1097
39276 1 3501
39278 1 5705
39279 1 5440
39301 1 12335
39339 2 367
39487 1 910
39497 1 5496
40009 1 504
40020 2 704
40222 1 1055
40387 1 803
40398 3 739
40477 1 957
40510 1 1126
40605 1 1458
40668 1 3116
40977 1 4178
41157 1 1073
41319 2 599
41555 1 131
41620 4 603
41655 3 442
41726 1 2949
41738 1 1731
41833 1 606
41870 1 1014
42058 2 1781
42075 1 1237
42425 1 5948
42473 2 3755
42550 2 2066
42669 1 1190
42670 1 1290
42850 2 4255
42900 1 917
43046 2 1122
43079 1 723
43122 1 1078
43392 1 451
43798 1 5617
43972 2 168
44024 1 1787
44148 3 986
44247 10 2369
44264 1 502
44394 13 2869
44429 1 1727
44442 1 1179
44487 1 1650
44488 1 247
44502 1 1064
44503 1 665
44928 2 1161
44954 1 8549
45180 1 838
45380 2 4227
45409 1 1025
45753 1 537
45831 1 789
45878 1 1656
46291 1 2129
46336 1 1174
46391 4 2268
46554 1 1226
46638 2 1102
46639 2 4091
46759 3 2714
46789 1 715
46896 1 343
46934 1 857
46939 1 2178
47129 1 803
47245 1 6757
47336 1 1149
47472 1 1289
47766 1 373
47898 1 1891
47977 2 1512
47998 1 842
48071 1 1208
48165 1 946
48217 1 6375
48475 1 4416
48520 1 906
48599 3 2082
48651 2 3561
48888 1 1840
49026 1 1774
49154 6 588
49184 1 2455
49321 1 462
49641 9 660
49696 1 2912
49754 1 1006
49765 1 1418
49875 1 816
49977 1 691
50330 2 933
50435 1 2397
50492 1 3702
50785 1 2063
50881 1 4909
50965 1 819
50987 1 957
51095 1 549
51170 3 643
51224 1 1011
51248 2 1333
51437 1 456
51523 1 1944
51705 1 939
51706 1 989
51707 1 986
51708 1 994
51915 1 627
51954 1 1366
51958 4 1244
52000 1 1615
52030 2 1803
52255 1 1523
52360 2 1402
52384 11 3160
52398 2 2110
52418 1 685
52646 1 733
52890 1 385
53123 1 1339
53124 1 2131
53308 1 2307
53417 1 155
53424 3 5193
53652 1 1858
53687 1 789
53787 1 992
54151 1 623
54186 1 4524
54226 1 1236
54355 1 10248
54377 1 888
54382 1 226
54539 1 1132
54591 1 1160
54592 1 1227
54904 1 1382
54924 1 714
54925 1 625
54966 2 6126
54971 2 624
55109 1 693
55496 1 5278
55623 1 1274
55906 1 1419
56223 1 5116
56434 1 1631
56472 1 525
56475 1 650
56488 3 872
56724 1 634
56900 3 1808
56927 1 1129
56929 1 1002
56942 1 715
56979 1 925
57001 1 7758
57249 1 648
57361 2 876
57383 6 3091
57817 4 4120
58247 1 19391
58501 12 916
58739 1 865
58762 2 4573
58898 1 2227
59179 1 1184
59219 1 1647
59356 2 1554
59471 3 4583
59495 2 2353
59588 3 1547
59614 1 1217
59627 1 4734
59630 1 5288
59697 1 2431
60142 1 495
60276 6 3089
60370 1 1845
60371 1 3906
60438 1 304
60512 56 1242
60522 1 1503
60573 1 607
60750 1 12275
60827 2 2424
60828 1 3367
60975 1 92
61096 1 990
61214 1 535
61237 1 941
61238 1 1279
61239 1 1502
61240 1 2043
61241 1 1632
61246 1 1024
61328 1 1075
61677 2 1365
61704 1 386
61976 1 4025
62004 1 2886
62013 1 1235
62119 2 4116
62173 1 826
62186 1 314
62521 1 1136
62534 1 35
62553 1 1227
62788 1 2229
62930 2 2244
62964 1 1101
63093 1 3111
63127 1 936
63139 1 792
63388 3 444
63441 1 877
63555 1 7057
63690 3 3198
63960 1 533
64009 3 3743
64045 1 1220
64073 4 763
64326 1 1704
64548 1 778
64596 1 820
64647 1 7320
64656 1 735
64879 1 915
65446 1 982
65785 1 1670
65883 6 3190
65908 2 2157
65940 3 1495
65972 1 1924
65999 2 7992
66209 3 404
66360 1 1483
66472 2 3818
66578 1 742
66609 1 980
66610 2 1775
66716 1 908
66789 1 1034
66836 1 1242
66841 1 658
66846 1 3482
66912 1 871
66915 1 4319
66962 1 400
67219 1 8613
67357 1 2331
67593 1 1623
67642 3 813
67801 1 1053
67886 1 554
67990 1 429
68034 2 1526
68235 1 729
68355 1 1716
68407 4 763
68408 4 769
68632 1 662
68661 1 2157
68812 1 10319
68961 3 1060
69008 1 348
69472 3 1422
69522 3 2679
69710 1 5755
70227 1 1812
70380 2 6991
70442 2 4263
70534 1 5509
70637 1 1177
70858 1 584
70881 1 1568
71007 1 1032
71219 3 2884
71220 3 2841
71221 3 3179
71268 1 1811
71312 2 2042
71569 3 653
71618 4 1274
71705 1 10258
71723 1 2839
71724 1 2839
71807 2 3340
71818 1 793
71835 1 563
71942 1 3216
72153 1 902
72154 1 1793
72256 1 1403
72257 1 1524
72258 1 1182
72259 1 1369
72412 1 14176
72413 2 1983
72436 1 1419
72613 2 1298
72712 1 1839
72750 3 698
72827 1 7031
72883 1 1574
72916 1 1335
72920 1 5462
73164 1 1192
73220 1 4868
73221 8 4913
73222 7 3558
73228 1 570
73269 1 1625
73426 2 1568
73455 2 2168
73548 1 604
73868 2 432
73911 3 1008
73956 1 2798
74108 1 642
74122 1 1513
74156 3 1504
74390 5 3030
74446 2 1773
74519 1 5618
74543 1 5014
74677 1 1481
74858 1 1001
75141 5 669
75243 5 1489
75423 1 1748
75546 1 823
75627 7 424
76104 1 2832
76105 3 6146
76106 1 4999
76267 1 1564
76302 1 1858
76405 1 5489
76596 1 536
76625 1 2143
76745 1 1068
76798 1 906
76851 2 1663
76907 1 758
76986 1 1145
77014 1 779
77069 1 1110
77090 20 304
77109 1 806
77666 1 949
77904 1 1498
78105 1 693
