non non 10350 65215343 
12 2 1981
21 1 1980
28 1 2843
48 1 1265
52 4 1874
75 3 1037
106 1 1472
117 1 6480
120 2 4128
124 1 1045
130 1 4276
131 1 14882
132 2 13051
142 1 5418
143 1 5521
144 1 5538
145 1 5371
162 2 276
203 2 5213
204 1 599
208 1 621
210 1 1251
217 2 1753
222 1 673
247 3 1642
248 1 5568
258 323 56657
261 1 818
300 1 1935
335 1 447
337 1 570
361 1 5027
363 1 1011
365 1 665
374 2 1582
375 1 10166
377 1 713
378 1 868
410 1 328
413 1 702
414 1 453
426 1 611
429 1 3151
455 1 3709
461 2 5431
467 2 1380
473 3 5126
474 3 3627
475 4 1753
476 4 1866
477 3 3143
484 1 880
495 3 431
504 2 11283
531 1 645
536 2 653
545 1 1351
548 1 1997
552 1 704
553 1 466
554 1 1127
556 2 3813
557 1 3639
564 1 1452
613 1 3927
615 1 871
624 1 6440
625 1 5869
633 1 1134
654 1 1015
667 1 526
671 3 998
672 1 2537
725 3 7096
729 1 2727
736 1 2617
738 1 384
751 1 764
776 1 1163
800 1 987
807 2 1677
863 2 1185
870 1 537
886 1 5811
905 1 493
906 1 1896
955 1 861
958 1 778
963 1 2981
966 1 6046
971 1 1729
993 4 10702
1000 1 2589
1005 1 683
1039 1 972
1049 1 2440
1053 1 591
1085 1 5635
1086 1 1477
1094 1 705
1102 1 1837
1104 1 4937
1135 1 1188
1153 3 6533
1154 1 73
1155 1 103
1159 1 1368
1168 1 880
1172 3 644
1173 2 1598
1178 2 1530
1185 1 15836
1213 1 3659
1221 1 1597
1226 1 481
1231 1 4288
1234 1 1033
1235 1 1164
1236 1 1198
1237 1 1668
1265 7 475
1281 1 3123
1283 1 1543
1320 2 2908
1321 1 3750
1338 1 966
1362 1 3521
1402 1 3038
1418 1 1093
1419 2 1908
1431 1 3318
1432 1 766
1433 1 1522
1438 1 709
1452 4 6140
1463 1 1594
1477 1 1403
1479 1 1207
1484 3 6578
1486 1 680
1516 1 2384
1520 1 1340
1548 1 1243
1550 1 852
1554 1 3023
1565 1 2063
1567 1 2163
1583 1 4414
1593 2 2577
1625 1 1302
1634 4 30082
1637 2 678
1640 2 4776
1652 1 1683
1657 22 2153
1674 1 1844
1721 1 1229
1722 2 1321
1730 1 1157
1741 1 5895
1742 1 1543
1756 1 1307
1760 2 805
1767 2 13095
1782 1 1433
1786 1 376
1788 1 219
1797 7 5684
1799 1 983
1802 1 10218
1816 5 5747
1830 1 1777
1873 1 824
1881 1 1247
1882 1 2462
1898 1 3856
1908 1 545
1944 2 697
1956 1 3792
1973 2 16948
2036 1 831
2046 4 13880
2057 2 2940
2059 3 1061
2060 3 1072
2061 2 1075
2063 2 2194
2080 2 8786
2099 1 579
2116 2 701
2123 1 619
2127 1 496
2129 1 965
2131 1 1334
2146 1 560
2160 2 2295
2181 1 1278
2204 1 824
2216 1 2877
2235 1 1852
2241 1 697
2243 1 2003
2247 7 1040
2256 1 611
2319 1 1162
2322 4 1431
2335 1 1168
2336 1 1341
2337 1 1339
2338 1 1264
2344 1 1030
2350 1 692
2352 1 1260
2353 2 1386
2374 1 1286
2380 1 576
2382 1 1655
2388 3 1787
2401 1 8256
2423 1 726
2441 2 7506
2463 1 3258
2467 2 877
2483 1 4389
2489 2 420
2518 1 2175
2530 6 727
2541 1 429
2568 6 4333
2637 1 995
2651 5 1903
2656 1 750
2659 1 453
2664 5 1043
2669 1 925
2683 1 899
2689 2 421
2691 1 1661
2695 1 2852
2716 12 4798
2745 1 273
2750 1 1082
2754 1 757
2763 1 580
2788 1 927
2802 1 285
2818 2 1636
2843 1 5588
2845 1 2533
2886 2 74
2926 1 1956
2962 1 715
2987 2 932
2993 1 858
3006 1 834
3014 1 1125
3015 1 644
3031 2 1586
3056 1 948
3064 1 1121
3086 1 4139
3093 1 963
3103 1 3185
3104 1 3172
3106 1 3092
3107 1 3008
3118 1 376
3128 1 1311
3153 2 832
3158 4 1946
3195 1 2888
3197 2 1690
3228 1 1426
3229 1 2889
3249 1 10966
3288 2 685
3302 2 4954
3307 1 711
3314 1 2098
3318 1 136
3322 2 6038
3324 1 1792
3335 1 752
3370 2 557
3372 1 940
3376 1 1139
3378 2 4137
3383 3 10722
3396 1 927
3405 1 2857
3410 2 11224
3415 1 4495
3433 1 553
3459 1 193
3485 1 1068
3486 1 4565
3487 1 736
3506 3 597
3531 1 1044
3564 1 1154
3595 1 1270
3598 4 2141
3608 1 254
3610 1 1186
3639 1 3357
3686 1 1200
3687 5 3022
3694 1 172
3705 2 1090
3706 7 6639
3708 1 3154
3724 1 1404
3727 2 17097
3730 1 1241
3740 3 1184
3753 2 1450
3764 4 803
3772 1 1147
3779 1 213
3791 1 6472
3793 1 580
3816 1 1172
3828 1 979
3832 3 7941
3835 1 1418
3846 1 693
3847 4 27149
3892 1 846
3893 1 1570
3898 1 1858
3902 1 2905
3922 2 4998
3944 2 1863
3945 2 1359
4000 3 6980
4009 3 425
4010 1 1169
4015 1 1212
4030 1 1809
4044 1 1940
4051 2 2046
4064 1 1206
4066 2 163
4067 1 3490
4068 2 8611
4069 1 3379
4075 1 2561
4088 1 1023
4101 2 3929
4109 2 467
4116 7 5941
4117 7 5825
4118 7 5861
4145 1 6518
4170 1 3258
4171 4 2956
4172 1 4084
4185 1 1839
4187 1 7906
4196 1 6780
4202 1 2037
4211 8 6879
4225 1 718
4249 2 2710
4260 1 485
4263 2 1825
4276 1 964
4278 1 839
4279 1 4524
4284 1 571
4288 1 714
4295 1 1636
4296 2 6626
4297 14 7592
4298 7 7423
4299 1 599
4302 2 3335
4322 1 539
4349 1 1071
4354 2 2037
4373 2 4212
4374 1 5584
4379 1 1474
4386 1 479
4401 5 729
4430 1 1152
4443 1 683
4450 1 6385
4463 1 4320
4473 1 2419
4476 2 1761
4478 1 3007
4480 3 376
4489 1 2853
4509 1 1824
4518 1 2481
4527 2 3429
4539 1 526
4550 1 3021
4552 4 1468
4579 2 1909
4581 1 2280
4588 1 782
4589 1 716
4613 1 1374
4675 1 722
4699 4 847
4705 7 528
4710 1 14020
4722 1 579
4744 1 6884
4753 1 5716
4762 1 1049
4774 1 575
4808 3 495
4815 2 686
4832 1 333
4833 2 2973
4837 2 2109
4841 1 816
4861 2 2242
4888 1 1826
4889 1 2095
4897 1 1604
4917 1 4602
4941 1 1955
4942 1 1955
4943 1 613
4944 1 604
5059 2 951
5074 1 1241
5084 1 257
5121 3 394
5135 1 1764
5174 2 1596
5179 2 569
5191 5 1326
5212 1 1240
5225 1 1789
5226 2 1123
5230 1 913
5231 1 281
5238 1 1215
5241 1 1153
5252 1 2357
5259 1 6380
5290 2 399
5330 1 1270
5388 1 115
5391 7 3146
5394 2 959
5395 1 2444
5396 2 6921
5402 1 1205
5420 1 1911
5437 1 2435
5457 2 359
5463 2 882
5490 1 592
5496 1 938
5499 2 44062
5518 1 2428
5523 1 719
5530 1 1274
5533 1 247
5564 1 471
5576 2 4592
5578 1 13045
5596 7 4949
5611 3 8061
5614 1 568
5645 1 1175
5649 1 625
5650 1 2097
5670 2 564
5792 1 2530
5815 1 742
5818 1 1243
5840 1 712
5842 1 1750
5843 1 2680
5904 1 426
5906 3 8444
5937 1 772
5938 1 5865
5993 2 1055
6008 1 269
6010 1 3182
6011 1 3214
6015 1 3323
6029 1 1479
6042 1 1836
6046 2 1007
6048 2 4019
6076 3 3091
6077 7 2190
6081 2 1357
6083 1 1394
6088 2 1753
6129 1 469
6132 1 1010
6148 1 2770
6163 1 4318
6164 1 2727
6165 1 4900
6180 1 5070
6181 1 5519
6182 1 6597
6295 1 310
6297 1 3321
6302 1 2959
6305 1 2963
6306 1 3001
6329 3 3134
6337 1 3747
6344 2 608
6354 1 171
6356 1 1705
6362 1 2640
6449 1 535
6461 1 1503
6527 3 1415
6533 1 1057
6538 1 1248
6552 1 965
6553 1 758
6554 1 1032
6559 4 1745
6579 4 4887
6580 1 626
6606 1 760
6622 3 1147
6624 1 1092
6632 2 2264
6829 1 834
6915 2 392
6945 4 3654
6949 1 744
7013 1 623
7028 3 1722
7029 3 1173
7031 3 1107
7032 3 1787
7033 3 1085
7034 3 864
7045 1 2855
7092 1 854
7093 2 1350
7120 1 2039
7121 3 3511
7124 1 1280
7134 1 1943
7142 1 575
7236 2 1589
7272 2 901
7276 2 1237
7287 1 4774
7291 1 832
7425 1 1228
7491 5 7708
7502 1 965
7507 1 542
7527 1 4859
7528 2 987
7529 7 5927
7534 1 491
7535 1 1561
7548 1 1489
7569 1 2616
7570 2 9650
7571 2 5357
7574 1 2115
7575 1 1899
7582 1 727
7589 2 961
7607 1 804
7608 1 901
7644 1 472
7647 2 1890
7665 2 371
7666 2 709
7679 1 564
7685 3 1390
7699 1 997
7705 2 4973
7714 2 1818
7720 1 1667
7743 2 2004
7763 1 2469
7764 1 2460
7767 1 3013
7773 2 7884
7774 1 1136
7775 2 3220
7776 1 1456
7778 2 425
7783 1 2144
7899 2 1265
7913 1 3129
7922 1 2189
7932 1 938
7953 1 2188
7966 1 2772
7975 2 2578
7998 1 1191
8004 2 2007
8005 1 667
8008 1 465
8015 1 1526
8022 2 7719
8030 2 1085
8043 1 1213
8052 1 655
8061 1 808
8068 1 850
8085 2 2815
8089 2 20930
8093 1 20088
8102 1 436
8109 1 2224
8122 1 5509
8137 1 540
8138 1 526
8141 1 821
8143 1 2289
8150 1 1408
8171 1 913
8177 1 2272
8188 2 1754
8195 1 336
8211 1 949
8212 1 1131
8278 2 2385
8281 1 1224
8287 3 4172
8297 1 12133
8299 1 1374
8311 1 4367
8313 3 3754
8317 1 1157
8371 1 1170
8382 2 19553
8388 1 2999
8394 1 1250
8422 4 5132
8426 1 151
8452 2 7747
8456 1 495
8470 1 1947
8501 1 720
8511 1 710
8528 1 654
8529 1 661
8531 1 745
8540 1 1253
8553 1 3414
8555 1 1695
8570 1 1765
8578 1 1656
8579 1 8222
8592 1 2003
8597 1 1147
8603 2 1373
8628 1 1693
8638 4 905
8641 1 1541
8650 12 9126
8651 1 347
8658 1 338
8663 2 1004
8665 1 877
8683 1 643
8717 1 354
8723 1 503
8812 1 887
8823 5 468
8827 3 6533
8829 1 2495
8834 1 782
8844 1 312
8848 1 2976
8869 1 605
8874 2 282
8885 1 1388
8890 4 5449
8894 1 494
8895 1 643
8912 1 1802
8913 2 12589
8922 1 1176
8935 1 687
8936 1 524
8967 1 307
8982 2 1516
8993 1 2404
8994 1 944
9005 240 45220
9006 165 34059
9085 2 621
9090 1 695
9138 2 885
9145 1 1263
9157 1 1107
9172 1 389
9179 1 546
9188 4 1630
9189 2 3116
9204 1 3049
9205 1 2860
9232 1 1398
9238 1 2921
9292 3 3389
9293 4 1715
9294 3 3543
9297 1 1678
9306 1 1955
9314 1 839
9316 1 4281
9319 1 1488
9333 1 294
9345 1 159
9348 3 4125
9350 1 760
9353 1 669
9354 1 725
9363 3 1874
9364 1 1435
9402 4 1283
9430 1 2392
9431 3 3717
9435 1 225
9489 3 6134
9492 1 6158
9496 2 878
9507 2 1557
9534 1 642
9539 1 890
9544 2 1343
9551 2 1485
9552 2 1520
9553 3 1546
9554 2 1532
9555 1 1695
9567 2 5360
9580 1 1345
9589 1 1054
9614 1 1341
9640 1 3873
9660 1 3500
9668 2 1757
9676 1 994
9678 2 1073
9690 1 2014
9704 1 1126
9727 2 3290
9752 1 8096
9760 2 2142
9761 1 2538
9789 2 4274
9799 1 3095
9800 2 3911
9804 5 5129
9805 1 5191
9806 1 6009
9814 4 350
9891 1 2022
9912 1 252
9936 1 2878
9937 1 579
9942 4 476
9959 1 205
9969 1 758
9976 1 542
9981 1 1819
9982 1 1822
9999 1 703
10001 1 1020
10022 1 3292
10048 1 543
10079 1 746
10088 1 933
10106 1 825
10122 1 2093
10124 2 1117
10130 2 997
10144 1 3206
10204 2 512
10217 1 760
10219 2 3447
10220 1 689
10221 1 727
10225 1 846
10231 4 9229
10249 1 1601
10253 3 2883
10255 3 2770
10256 2 1836
10257 1 639
10314 1 4681
10317 3 4163
10330 1 1216
10331 1 673
10332 1 2802
10367 1 566
10369 1 1033
10384 1 1435
10386 1 475
10410 1 1570
10415 1 1163
10422 1 2187
10456 1 2992
10478 1 1312
10518 2 410
10528 1 2643
10534 2 900
10539 1 1985
10561 1 494
10627 1 1104
10649 1 611
10650 1 322
10651 1 500
10652 1 3224
10654 1 3128
10655 1 2947
10661 1 508
10670 1 1360
10680 1 132
10690 1 325
10738 1 955
10741 1 715
10742 1 478
10743 1 573
10790 3 2503
10800 1 734
10803 1 844
10814 1 870
10851 1 1623
10864 1 2401
10922 1 746
10930 1 1025
10940 6 7910
10949 3 4327
10966 3 924
10968 1 698
10977 1 1721
10979 1 1181
10996 1 1633
11001 1 7028
11041 1 518
11051 6 1555
11061 1 1473
11089 1 1023
11124 1 1521
11132 1 1530
11154 1 76
11199 1 799
11205 2 1196
11229 1 1795
11248 3 11766
11249 1 5195
11258 1 1346
11279 1 1595
11288 1 9962
11295 1 5148
11300 1 653
11378 3 6044
11384 2 268
11387 1 1357
11411 2 898
11442 1 1013
11475 1 27
11484 1 1267
11502 1 586
11511 2 975
11518 1 1129
11533 1 512
11537 1 666
11549 1 764
11564 2 2793
11571 2 941
11574 6 523
11577 1 1673
11624 1 489
11628 1 1714
11630 1 535
11631 2 1115
11661 2 1125
11662 1 1388
11663 1 1007
11664 1 1058
11674 1 451
11676 1 982
11688 1 596
11703 1 666
11717 2 915
11721 1 3482
11723 1 593
11727 8 2119
11737 7 1644
11745 1 1277
11750 1 661
11754 1 1037
11853 1 375
11854 2 3272
11856 1 1147
11857 2 1251
11859 2 4320
11869 1 2608
11888 1 720
11955 1 1189
11966 1 751
11967 2 4440
11979 2 1755
12109 1 5974
12110 1 647
12122 1 358
12129 1 1202
12133 1 953
12138 3 18363
12156 6 13898
12171 3 5724
12172 1 1109
12174 1 961
12175 2 746
12185 2 1349
12217 1 1165
12218 1 1075
12229 1 2226
12243 1 1176
12246 1 1784
12251 1 254
12278 1 2692
12281 1 1155
12298 3 2322
12303 1 25
12330 1 918
12346 1 1264
12365 3 8585
12367 2 9446
12369 1 1673
12379 1 663
12412 5 1917
12417 2 3309
12420 1 1755
12426 1 441
12436 1 1371
12437 1 1351
12442 1 826
12455 1 2015
12492 1 1681
12494 1 1170
12508 1 518
12514 1 6560
12520 1 6343
12526 1 21005
12591 1 624
12592 1 1277
12622 1 2177
12630 1 1046
12631 1 521
12636 2 2613
12638 1 6177
12647 1 4896
12653 2 1822
12673 2 6656
12674 1 6435
12677 1 1410
12678 1 7529
12692 2 5477
12695 2 1648
12701 1 7084
12705 1 1518
12747 1 3912
12749 2 846
12751 2 5083
12754 1 1143
12761 1 877
12762 1 5406
12766 1 1423
12808 1 3060
12809 1 1615
12812 1 728
12814 8 46677
12834 1 2681
12839 1 1142
12851 1 2088
12870 1 761
12922 1 765
12923 2 412
12944 2 2185
12945 1 2019
12948 1 2044
12950 2 2140
12952 1 1158
12954 1 1599
12955 1 1221
12958 1 1362
12963 1 1118
12968 1 652
12989 1 3076
12996 1 2315
13002 1 939
13003 9 4796
13018 2 276
13021 1 1120
13023 1 195
13058 4 11569
13060 1 3460
13062 1 2827
13069 1 797
13074 1 193
13083 2 3119
13094 1 1335
13104 1 1437
13122 2 8864
13158 1 2677
13159 1 586
13175 1 1506
13188 1 2230
13189 2 1276
13204 1 1820
13212 3 3298
13226 1 4464
13229 2 3224
13261 1 2305
13268 1 2970
13315 1 1614
13336 1 2457
13339 1 2880
13365 1 879
13374 3 2277
13377 3 277
13386 1 415
13388 1 1360
13431 1 613
13465 4 827
13479 2 5487
13486 5 7532
13492 1 404
13502 1 1003
13518 2 16194
13528 1 1196
13549 1 2185
13555 1 1715
13556 2 2449
13568 1 791
13579 2 803
13587 1 878
13600 1 1135
13609 1 1456
13611 1 765
13618 6 28398
13620 1 1358
13624 1 1236
13627 1 3259
13645 2 1507
13646 2 1438
13647 2 1776
13648 2 1463
13654 1 1262
13683 1 1116
13691 2 2873
13698 1 2026
13699 1 1924
13711 2 4824
13768 5 608
13776 1 503
13785 1 1464
13799 1 1501
13800 1 1238
13801 1 1533
13802 1 1437
13803 1 1542
13807 1 1095
13808 2 668
13817 1 1390
13826 1 1442
13839 1 1437
13843 1 1026
13846 4 1850
13849 1 1566
13863 1 3445
13871 5 6056
13875 1 2890
13886 19 3122
13914 3 997
13928 1 4471
13936 5 3277
13953 1 886
13978 1 784
13982 1 3750
13985 1 11629
13992 1 479
13997 2 276
14004 1 1323
14032 2 1220
14034 1 2239
14042 1 1826
14053 1 1354
14056 1 1205
14064 1 209
14080 5 51830
14084 1 332
14110 1 757
14126 2 990
14176 7 2211
14192 2 1494
14193 1 2538
14195 1 963
14199 1 853
14212 3 12149
14215 1 754
14234 4 1454
14248 1 321
14253 1 658
14254 1 458
14255 1 455
14258 1 1857
14261 2 644
14265 2 2579
14268 1 573
14269 1 335
14286 1 194
14292 1 11958
14301 1 2773
14312 4 1988
14313 3 5288
14314 4 1929
14315 4 3896
14316 1 383
14346 1 1278
14365 3 1356
14377 3 1063
14383 1 302
14387 1 1368
14390 1 377
14448 1 511
14450 2 772
14473 1 763
14474 2 3842
14482 1 4658
14502 1 989
14504 2 908
14509 1 555
14510 1 6161
14515 1 1354
14520 8 7541
14521 1 248
14529 1 1219
14541 1 821
14558 2 877
14561 1 3007
14566 1 658
14596 1 2342
14600 3 1048
14619 1 1446
14630 4 557
14662 1 1844
14667 3 1206
14675 3 1701
14690 4 1475
14694 1 1912
14700 1 635
14707 2 937
14719 1 769
14722 1 6567
14724 1 5113
14757 2 1802
14779 2 3250
14813 1 162
14827 1 2870
14875 1 423
14883 1 1025
14887 2 5014
14913 1 676
15000 1 677
15028 2 4600
15029 1 2103
15048 1 892
15068 1 604
15075 2 3631
15088 2 1087
15092 3 2742
15099 3 5771
15109 1 1344
15122 1 1151
15123 1 797
15129 1 1527
15139 1 1073
15196 1 8919
15204 1 3771
15244 2 5618
15248 1 240
15264 1 675
15293 1 5587
15300 1 661
15510 1 814
15515 1 474
15569 2 3119
15572 2 3411
15583 1 1612
15586 1 3732
15590 2 3007
15592 1 849
15614 3 3253
15615 3 3882
15644 1 1287
15665 1 928
15757 3 7636
15810 2 4391
15832 1 2615
15844 1 1278
15846 1 2009
15847 1 942
15849 1 1972
15850 1 860
15851 1 773
15872 2 383
15876 1 1725
15887 1 3518
15892 1 650
15906 3 679
15909 1 750
15920 1 547
15922 3 3916
15957 2 8025
15980 1 2709
15982 6 4744
16005 1 459
16008 2 6422
16011 1 769
16036 1 684
16044 9 3747
16094 1 3553
16111 1 1166
16114 2 1601
16118 1 2119
16123 1 287
16133 1 780
16139 1 861
16181 1 321
16183 1 2917
16190 3 721
16197 3 2078
16203 1 1469
16223 1 468
16226 1 367
16228 1 807
16235 1 4462
16243 1 2761
16250 1 1198
16255 1 2187
16261 1 2583
16263 27 4858
16266 1 811
16275 1 172
16287 1 996
16288 1 1218
16292 3 2759
16294 2 2089
16309 1 668
16311 1 2173
16337 4 1008
16341 2 9421
16346 1 941
16347 1 495
16363 1 1461
16368 1 4019
16375 1 389
16457 1 672
16479 1 1119
16481 1 1327
16486 2 3020
16489 1 4179
16490 2 4549
16491 1 6610
16495 1 667
16504 1 1199
16507 1 1847
16570 1 1285
16583 1 1253
16585 1 516
16588 2 1592
16591 2 6896
16597 1 182
16634 4 1294
16635 1 7678
16642 1 2366
16666 1 1110
16673 1 1199
16711 1 2292
16719 6 3541
16742 1 1501
16746 1 476
16767 8 3326
16783 2 4266
16797 1 2473
16809 3 1881
16816 1 4136
16817 3 4292
16841 1 3185
16843 5 15992
16849 1 6516
16854 1 1347
16889 1 1208
16891 1 1176
16893 1 5510
16909 1 1643
16914 2 2130
16936 1 3648
16943 8 10757
16950 2 1326
16952 2 7998
16958 2 5800
16963 1 1026
16967 1 1212
16974 1 1249
16978 1 1563
16986 1 1767
16996 1 1017
17001 1 714
17009 4 3115
17010 1 3499
17011 1 1488
17013 5 9772
17019 1 1349
17023 1 1195
17025 1 2138
17027 3 6203
17029 1 661
17035 1 467
17037 2 2492
17038 2 1354
17050 1 1042
17055 1 965
17070 1 1119
17071 1 2160
17072 1 1836
17073 2 1801
17075 1 961
17085 4 1385
17100 2 3005
17102 1 1387
17106 2 3919
17111 1 1220
17113 1 4319
17122 1 9203
17133 1 1532
17138 1 2150
17141 1 1634
17143 1 2987
17157 1 1062
17170 1 1231
17182 2 3085
17189 2 5992
17205 1 1800
17211 2 2036
17212 2 2040
17218 1 1541
17219 1 1500
17248 1 2188
17275 1 368
17277 2 430
17281 1 274
17304 7 5827
17316 1 1581
17329 1 1123
17337 1 528
17338 1 612
17352 4 5098
17358 2 650
17361 2 1897
17363 1 2096
17378 2 3128
17390 3 3105
17395 1 1269
17426 1 7075
17428 1 990
17442 1 3953
17444 3 2110
17446 2 3664
17447 2 1361
17455 1 1212
17456 2 1175
17458 2 10296
17471 1 917
17494 2 4778
17495 1 1540
17497 1 1775
17502 1 664
17505 1 5120
17509 1 1726
17510 1 13439
17521 1 3039
17570 1 5402
17589 3 12110
17592 1 3800
17594 1 509
17598 1 1092
17600 2 2502
17602 1 1268
17615 2 740
17647 2 1549
17653 3 5954
17657 1 971
17666 2 1434
17669 1 5167
17670 3 5050
17671 1 3280
17676 2 359
17684 1 2134
17692 1 993
17694 1 709
17708 1 746
17715 1 1230
17719 1 837
17720 1 785
17728 1 584
17730 3 4474
17740 1 370
17743 2 1200
17758 6 28986
17762 1 700
17768 1 1274
17769 1 1270
17770 1 1270
17771 1 1274
17772 1 1266
17773 1 1267
17774 1 1267
17788 2 2252
17799 1 1305
17818 2 4410
17855 1 407
17869 4 7948
17870 1 2093
17874 1 591
17891 1 837
17901 2 1052
17904 2 6041
17921 1 1455
17923 2 1095
17981 2 1639
18004 1 5488
18023 1 1204
18030 1 984
18031 1 2951
18032 1 3246
18034 2 3151
18036 1 3329
18037 1 3117
18038 2 3203
18044 1 1073
18045 1 542
18053 1 473
18056 1 1771
18073 3 967
18074 7 1263
18087 5 2509
18088 2 1041
18089 1 1509
18117 1 2036
18123 1 2594
18125 1 1371
18136 3 1353
18138 1 967
18156 1 1412
18174 1 1018
18222 1 1840
18228 1 4817
18269 6 605
18308 2 1341
18316 1 45
18317 1 2463
18318 1 434
18338 1 403
18361 4 780
18382 2 886
18395 1 6885
18396 3 12783
18408 1 1359
18415 5 5822
18416 4 1500
18423 1 616
18467 2 1259
18480 1 1001
18513 2 1596
18517 1 1038
18521 1 2145
18527 1 2923
18532 1 2296
18535 1 1291
18561 2 1135
18568 1 1372
18577 2 810
18580 1 811
18581 1 3194
18618 2 430
18621 1 5046
18626 1 1312
18639 1 1434
18644 1 2789
18653 2 4815
18654 2 15696
18685 3 4688
18686 1 3449
18687 1 3261
18689 1 2550
18695 1 896
18712 2 781
18752 2 520
18759 2 2997
18762 1 911
18765 1 3181
18769 1 2940
18784 2 779
18793 2 3927
18797 1 3696
18798 1 4126
18804 1 1574
18813 1 1761
18824 1 3146
18827 2 1355
18838 2 781
18880 2 2491
18881 1 2780
18883 2 1727
18924 2 3309
18926 2 1782
18927 1 459
18930 1 2682
18933 2 6035
18945 1 6732
18965 6 20789
18966 4 7427
18967 2 13159
18968 8 2667
18975 1 878
18994 1 567
19022 1 322
19033 1 782
19048 1 558
19049 5 3228
19058 1 377
19059 1 838
19061 2 2713
19062 1 1391
19063 1 909
19064 1 843
19076 1 2622
19077 1 2958
19079 8 16454
19082 2 502
19086 1 2849
19091 2 1544
19092 1 2849
19093 1 3292
19110 1 1343
19111 1 4980
19118 3 1358
19119 1 907
19128 1 902
19140 3 1166
19141 4 1079
19186 1 6942
19366 1 1507
19369 1 1689
19371 1 1293
19384 2 5576
19390 1 3260
19404 1 1932
19409 1 1342
19413 1 1698
19502 1 2113
19504 5 6279
19510 2 1532
19544 2 1036
19559 1 6375
19560 1 8071
19561 1 5606
19563 1 5781
19566 1 874
19570 1 2209
19603 2 636
19664 1 4781
19674 1 2879
19676 2 1224
19680 1 5229
19681 3 10198
19687 2 2998
19689 10 2057
19697 1 2330
19713 2 537
19722 1 857
19732 3 1155
19774 2 725
19792 1 3925
19821 2 646
19824 2 605
19835 1 1651
19840 1 890
19845 3 1231
19848 1 939
19856 1 1292
19868 2 593
19894 1 2667
19896 1 4758
19910 1 1042
19932 1 1327
19934 3 984
19945 1 1525
19951 1 677
19961 1 2081
19986 1 1620
19996 2 885
20013 1 2102
20021 1 1258
20030 2 4962
20129 1 101
20139 1 1612
20149 1 715
20150 1 682
20153 1 1172
20164 1 1062
20171 1 767
20211 2 1460
20235 1 915
20252 13 3211
20263 1 3682
20324 2 1362
20384 1 1291
20404 4 1736
20414 1 711
20415 1 707
20421 1 12627
20422 6 12210
20569 1 685
20575 1 4332
20577 1 1021
20592 1 1002
20618 1 705
20621 1 2416
20656 1 964
20675 7 599
20677 3 8655
20678 1 4807
20679 2 6821
20682 1 5585
20684 6 12924
20685 1 959
20688 1 1596
20698 2 3736
20699 1 1150
20700 1 2481
20701 1 2408
20702 1 1564
20703 1 3191
20706 3 8010
20707 25 35797
20708 20 24696
20713 3 3777
20717 1 751
20729 1 902
20731 1 1365
20734 1 728
20736 1 840
20757 1 19
20761 1 1261
20764 2 1304
20771 1 353
20817 2 1910
20822 1 800
20827 4 562
20831 1 5707
20833 2 5441
20854 1 174
20862 1 108
20863 1 1523
20868 1 3295
20874 1 543
20903 1 2764
20907 1 2997
20916 2 2792
20925 2 931
20926 1 938
20936 1 2518
20938 2 3851
20942 1 1805
20969 1 1019
20978 1 1565
20981 1 4198
20990 1 2056
20995 2 1840
21003 1 928
21005 1 993
21006 1 1452
21046 3 10160
21050 1 1359
21051 1 1656
21052 1 526
21053 1 1087
21060 1 2143
21070 3 315
21079 1 7
21081 1 1093
21082 2 2229
21098 1 766
21102 1 3237
21119 2 861
21120 1 1094
21137 1 658
21144 1 872
21163 1 842
21182 1 1547
21187 1 992
21188 1 1794
21223 1 793
21225 2 4913
21244 1 30
21281 1 1524
21290 1 930
21299 1 9163
21318 3 7108
21321 1 7104
21339 1 4745
21357 1 5683
21359 2 13839
21361 1 1874
21363 3 3866
21385 2 770
21389 1 3999
21392 1 880
21393 1 797
21403 2 1316
21409 1 625
21418 1 1031
21419 1 751
21420 1 4351
21428 1 695
21434 1 441
21490 1 4936
21500 2 4276
21503 1 13267
21509 2 1773
21527 5 6412
21534 1 1751
21540 2 2076
21541 2 2076
21542 1 37742
21563 3 2416
21573 1 1590
21575 2 4680
21586 1 323
21600 1 2318
21637 2 10855
21644 2 11884
21648 2 6487
21662 2 3618
21673 1 365
21712 3 965
21725 1 771
21741 3 1979
21767 2 6211
21799 1 326
21813 1 930
21833 1 1883
21852 1 6758
21858 1 2839
21873 1 630
21892 1 383
21904 1 2015
21913 4 3148
21922 1 2981
21925 1 1122
21942 1 1543
21948 1 2447
21963 4 2029
21969 3 4332
21976 2 3253
21993 2 2572
21994 1 1872
21996 2 2579
22013 1 1044
22027 1 1931
22044 1 912
22052 1 1487
22069 2 1463
22079 2 5115
22088 1 778
22093 2 10393
22097 1 1488
22103 2 5529
22104 1 413
22124 1 1782
22131 1 550
22137 3 4439
22138 3 4091
22139 1 1395
22206 1 2514
22216 2 13756
22220 1 383
22226 1 1638
22230 1 845
22422 1 583
22456 1 1938
22468 1 226
22505 1 899
22506 1 476
22507 1 857
22523 1 3123
22524 1 3107
22527 1 2945
22570 1 1844
22572 1 1369
22598 6 1298
22599 2 2198
22639 1 3403
22781 1 1147
22782 1 788
22876 1 979
22887 2 4212
22903 1 931
22907 1 934
22908 1 2390
22909 1 1035
22926 1 1353
22927 1 2118
22934 1 1223
22936 1 635
22958 1 723
22972 1 628
22976 1 1924
23001 1 6718
23026 1 625
23035 1 1061
23046 1 820
23058 1 810
23064 1 7447
23073 5 934
23126 1 2676
23219 2 1740
23224 1 1079
23229 1 194
23360 1 1678
23375 1 839
23378 1 973
23380 1 452
23401 1 2739
23407 3 6338
23408 7 5715
23413 1 1692
23420 1 1191
23431 1 2002
23442 1 1311
23451 3 2126
23466 2 2473
23470 1 445
23483 2 412
23487 1 796
23489 1 7818
23492 2 1618
23496 1 1509
23511 3 1553
23542 1 590
23543 1 2015
23544 1 1694
23556 2 1763
23637 6 2848
23663 1 1136
23671 1 7612
23697 1 5047
23733 1 2720
23736 1 2381
23748 1 4770
23752 1 2089
23763 1 3449
23765 2 11324
23792 2 1958
23806 1 518
23820 2 719
23829 2 8025
23899 1 1117
23910 1 682
23979 1 726
24036 2 1026
24091 1 743
24093 2 4836
24094 2 3157
24119 2 14616
24127 1 1281
24143 2 781
24153 1 1241
24156 1 1837
24157 2 10311
24162 1 1116
24164 1 1966
24165 3 2487
24169 2 2066
24194 1 1282
24203 1 1006
24212 1 4006
24219 8 7326
24222 1 3333
24235 3 1229
24239 1 737
24255 1 3586
24284 1 4091
24305 1 918
24308 1 1167
24383 1 1705
24422 1 863
24424 1 2471
24432 1 863
24437 1 3970
24451 3 2059
24454 1 2201
24457 1 5563
24462 4 8468
24475 1 2124
24479 1 2991
24502 1 2202
24506 4 7516
24513 1 1816
24514 6 13551
24522 1 802
24540 1 4575
24543 1 155
24561 3 3084
24566 6 3241
24568 7 5820
24574 3 3225
24581 1 556
24599 3 296
24601 1 361
24616 1 6643
24619 1 1922
24631 1 1078
24666 2 3571
24667 1 2550
24668 3 6702
24674 2 626
24686 2 1154
24691 1 401
24717 8 1067
24724 1 777
24725 2 980
24727 1 1692
24748 4 4627
24749 1 4668
24750 1 6415
24752 3 1031
24790 1 2605
24803 1 5803
24830 1 1147
24840 5 9627
24848 1 1701
24864 1 3090
24897 1 4588
24898 1 4667
25043 1 1300
25086 1 958
25096 1 734
25102 1 1292
25138 1 503
25154 1 4423
25177 1 1136
25184 1 896
25193 1 1425
25231 1 2410
25232 1 2344
25234 3 4341
25235 3 7935
25262 1 5430
25266 1 937
25272 2 356
25275 2 2035
25324 1 2744
25348 1 2680
25363 1 2545
25391 20 2825
25422 1 2424
25475 1 3015
25477 1 3314
25478 1 3302
25489 1 319
25492 1 3700
25509 4 1876
25510 2 896
25520 1 986
25530 1 1188
25531 2 530
25541 1 561
25546 2 3100
25553 1 3595
25568 3 2008
25616 1 624
25622 1 831
25667 1 1110
25696 1 768
25725 1 574
25736 1 2577
25764 5 2679
25767 2 1166
25803 1 362
25833 2 754
25868 8 1808
25880 1 374
25903 1 1948
25906 1 1166
25911 3 863
25964 4 4294
25967 2 1738
25974 1 732
26044 1 1261
26049 1 2989
26074 1 1274
26097 2 1412
26115 1 1073
26132 1 2930
26138 1 2043
26139 1 1202
26150 1 666
26152 1 843
26163 1 8177
26168 4 1153
26241 3 5926
26258 2 7349
26343 2 4639
26346 1 642
26370 1 877
26382 5 3521
26386 1 2024
26388 1 3682
26410 2 944
26424 1 743
26436 1 1206
26445 1 1002
26449 1 7560
26454 1 1961
26459 1 1563
26479 3 465
26480 1 2573
26498 45 32423
26502 1 3975
26513 1 799
26522 4 1759
26525 2 2013
26532 1 1485
26541 1 4809
26552 1 269
26554 1 272
26574 1 377
26575 1 979
26576 1 1569
26587 4 823
26592 6 2640
26596 1 412
26734 1 1445
26774 2 2783
26784 1 1465
26792 1 694
26796 1 2116
26820 1 5014
26833 1 804
26874 1 555
26888 1 1987
26891 3 2493
26917 1 1554
26975 1 1997
26976 1 1105
27027 1 730
27036 2 6909
27080 2 721
27114 1 869
27125 2 1153
27128 1 1148
27160 1 828
27168 2 1413
27173 1 3255
27182 2 3254
27183 1 1174
27184 1 1075
27185 1 1073
27198 1 2800
27199 1 2023
27204 2 1300
27207 1 1176
27208 1 1202
27234 3 1266
27237 2 1168
27238 2 1588
27282 3 1477
27291 2 3912
27308 3 7530
27321 2 7344
27323 1 2478
27328 1 1057
27388 1 1719
27391 2 4345
27392 2 4376
27394 1 1701
27396 1 2172
27401 1 166
27412 1 1992
27413 1 1577
27425 3 2871
27427 1 1701
27431 1 2548
27461 1 4148
27543 1 882
27586 1 2066
27590 4 1661
27600 2 1271
27601 2 1888
27653 1 348
27710 2 812
27717 1 1159
27730 1 732
27763 1 642
27776 2 1500
27782 1 1620
27783 1 1105
27808 2 2245
27812 1 3494
27830 2 5835
27836 3 3088
27837 1 2547
27855 1 855
27856 1 872
27857 1 868
27862 2 8511
27866 2 4412
27870 1 853
27882 1 918
27883 2 4980
27885 3 1416
27925 2 2804
27970 2 517
27979 1 730
27981 1 678
27988 1 338
27992 2 1645
27993 2 1601
28010 1 1369
28065 1 3068
28087 2 1712
28091 2 2614
28098 1 10589
28100 9 1191
28101 1 883
28117 1 2403
28118 1 818
28128 2 957
28191 1 227
28192 1 2315
28202 1 1911
28203 1 1911
28204 1 1911
28218 2 1482
28219 1 5367
28257 2 3449
28259 3 6624
28271 1 1650
28272 2 1115
28278 1 558
28298 1 437
28312 1 795
28326 2 761
28334 1 1855
28338 1 623
28340 1 589
28414 1 3568
28417 1 439
28429 1 1748
28442 3 704
28443 4 609
28446 1 9326
28452 1 808
28454 1 5320
28461 1 926
28466 2 10312
28467 2 8583
28468 2 8583
28469 2 8615
28472 2 3173
28474 1 1304
28490 1 1612
28491 2 4917
28494 1 205
28495 2 1554
28565 3 3391
28645 1 379
28668 1 748
28695 2 1876
28704 1 630
28710 2 944
28740 1 2382
28750 4 4089
28760 1 492
28764 3 576
28781 1 2730
28792 1 623
28805 1 1621
28809 1 649
28813 5 1461
28815 1 2670
28822 1 2051
28826 3 2041
28829 2 1738
28840 3 12057
28852 1 425
28853 1 1174
28865 1 460
28878 1 774
28959 1 1911
28960 1 1911
28961 1 1911
28962 1 1911
28963 1 1911
28964 1 1911
28973 1 424
28978 1 1473
28984 1 728
28998 1 2057
29009 1 1308
29011 2 2920
29048 1 1451
29053 1 2517
29070 1 1087
29071 1 748
29081 2 1817
29083 2 901
29089 5 4866
29139 1 1025
29144 1 2485
29149 1 556
29155 2 312
29171 1 1853
29180 7 3520
29193 1 263
29195 10 857
29303 1 2173
29331 1 309
29364 1 859
29365 1 876
29385 1 3769
29396 1 8576
29409 2 654
29414 3 1661
29418 1 3556
29419 1 2386
29473 1 473
29474 1 546
29490 1 622
29492 1 3204
29493 1 3306
29495 1 3137
29496 1 2933
29505 1 1967
29510 1 780
29519 4 8686
29523 13 10213
29540 1 1456
29558 3 3685
29559 3 3217
29570 1 1177
29589 1 788
29607 1 1086
29648 5 8110
29650 1 2908
29651 1 519
29652 1 1619
29681 4 2182
29682 4 2183
29704 1 278
29706 1 172
29716 1 971
29719 1 751
29721 1 6842
29722 1 9450
29785 2 1968
29788 1 2365
29802 1 4831
29803 1 2905
29804 1 464
29805 1 1359
29829 1 723
29848 2 1126
29850 1 801
29861 1 622
29863 1 658
29866 1 1160
29877 1 2973
29878 1 1144
29884 1 3052
29887 1 3070
29888 1 3407
29910 5 5908
29912 1 246
29919 1 943
29951 1 2090
29960 1 840
29975 3 1410
29977 1 1200
29980 1 1154
29981 1 1139
30032 1 647
30060 1 1690
30064 2 1072
30088 1 2391
30107 1 2533
30110 1 1249
30127 2 2006
30137 1 5022
30143 1 1666
30144 1 1037
30145 1 1077
30164 2 2045
30167 1 1260
30172 1 834
30194 1 1245
30207 1 836
30261 1 977
30293 1 6059
30300 1 6017
30302 1 510
30310 3 2537
30311 2 1862
30312 1 1701
30351 1 4754
30352 3 5973
30369 3 2927
30382 1 1172
30405 1 1071
30433 1 4735
30435 1 1206
30437 1 1564
30450 1 1607
30519 2 5484
30558 1 505
30569 1 715
30587 1 1782
30588 3 3696
30609 2 3139
30639 1 8117
30645 1 2128
30695 3 1342
30717 1 247
30718 1 740
30719 1 701
30726 1 481
30751 1 1190
30753 2 913
30785 1 772
30810 2 1740
30820 2 2711
30846 1 2865
30875 2 1543
30891 1 2618
30905 1 1442
30911 1 821
30936 1 2343
30952 2 3956
30953 3 4469
30971 1 1467
30972 1 877
30973 1 7204
30976 5 530
30989 1 623
31004 1 1096
31045 4 24677
31086 1 1136
31090 1 1205
31094 2 7803
31095 1 1243
31132 1 407
31133 1 1311
31155 1 2064
31182 1 29
31229 1 4414
31230 1 425
31256 2 933
31258 1 860
31276 1 1068
31288 1 2833
31298 1 545
31310 1 475
31316 1 535
31321 1 710
31330 1 2751
31344 1 406
31357 2 1173
31385 1 909
31393 4 1881
31395 3 3700
31397 1 540
31399 3 1760
31413 2 414
31439 1 972
31453 1 1030
31464 1 750
31518 3 5634
31544 1 2626
31574 1 659
31603 1 986
31604 1 966
31631 2 2970
31642 1 752
31643 1 1250
31660 2 833
31665 1 594
31677 1 276
31679 1 895
31683 1 472
31688 2 2740
31703 1 1955
31744 8 7219
31790 1 1335
31793 1 784
31796 1 408
31822 2 3213
31825 1 3867
31829 3 14263
31838 1 790
31929 1 15160
31936 2 3664
31940 1 668
31944 1 1454
31952 1 1105
31966 1 522
31985 3 810
31999 1 1430
32024 1 416
32027 1 1475
32033 1 1250
32046 1 2058
32124 1 1277
32158 1 832
32170 7 1811
32172 1 801
32173 1 840
32181 1 2305
32190 1 3358
32214 1 700
32216 1 1582
32220 1 839
32240 1 3457
32266 1 849
32285 1 440
32288 1 3260
32289 2 2992
32291 1 3102
32292 1 3278
32293 1 3048
32299 1 3515
32304 1 2871
32308 1 1418
32314 1 2456
32330 2 739
32345 1 1361
32359 1 1514
32366 3 3530
32367 4 3181
32374 3 3413
32385 1 1964
32388 15 24490
32398 1 1410
32408 2 2851
32432 2 1300
32486 1 2886
32491 1 6991
32551 1 1569
32564 1 1067
32584 1 2115
32607 1 1868
32608 1 1910
32636 1 449
32643 2 1238
32654 1 45225
32671 1 1446
32691 2 759
32702 1 208
32704 1 2103
32712 1 1799
32718 2 5437
32719 2 5014
32749 1 1148
32763 3 295
32764 2 2272
32765 2 2291
32766 2 2278
32769 1 225
32770 2 710
32780 1 189
32807 1 710
32824 1 2602
32869 3 784
32972 4 11367
32975 1 2044
32986 2 3067
33002 1 80
33079 3 3096
33085 1 412
33091 1 10334
33141 1 1413
33162 1 1081
33177 1 5478
33182 1 1778
33188 5 10275
33189 1 1759
33200 1 689
33202 1 1394
33217 2 1141
33220 1 1178
33222 1 1818
33243 3 944
33251 1 2034
33277 1 2857
33287 1 896
33321 1 302
33329 1 2558
33334 2 2979
33335 6 9267
33344 1 175
33354 1 1212
33367 1 1062
33372 1 1921
33377 1 1162
33403 1 5506
33469 1 910
33494 8 11341
33512 1 777
33544 2 2303
33563 2 339
33586 1 2998
33590 4 3769
33619 1 1176
33663 1 5738
33666 1 5443
33667 1 5472
33689 1 2181
33703 2 18894
33713 2 2328
33714 1 797
33723 2 1305
33725 1 566
33727 1 1134
33752 1 1225
33754 3 661
33767 1 810
33787 10 3331
33819 1 4941
33825 2 1053
33830 1 1857
33831 3 6374
33836 1 166
33847 1 7078
33865 1 4323
33901 2 1734
33904 2 1776
33905 1 639
33909 1 1260
33912 1 645
33913 1 1278
33923 1 534
33924 1 11847
33926 1 953
33938 3 5544
33960 1 1013
33966 1 1577
33978 1 1552
33990 1 602
33994 1 706
34004 1 5029
34029 2 3971
34037 1 3652
34039 8 23394
34042 1 449
34052 6 11789
34062 20 2698
34064 1 1611
34081 3 3468
34090 1 2456
34175 4 2354
34177 1 1899
34197 1 2057
34209 1 1701
34210 1 1920
34255 3 670
34266 3 3285
34268 1 3482
34287 1 2048
34298 1 6813
34339 1 1150
34358 1 1007
34372 1 3359
34379 1 1659
34410 2 1478
34415 1 3854
34435 2 729
34439 2 1490
34440 2 2290
34445 1 2643
34481 1 3475
34493 1 905
34497 1 1468
34504 1 617
34509 1 1584
34537 1 2175
34564 1 1271
34573 1 2200
34578 1 2374
34583 2 4980
34585 2 192
34633 1 1016
34661 25 22673
34662 2 1885
34696 2 2011
34714 2 874
34724 1 1355
34734 1 186
34737 1 1449
34744 1 1120
34752 1 1744
34775 1 627
34794 1 1523
34808 1 1397
34820 2 7148
34854 2 1136
34883 2 1692
34901 9 18201
34905 1 1534
34913 1 877
34915 1 985
34926 3 1110
34990 3 5418
35020 1 1589
35069 2 3840
35149 2 9307
35156 1 673
35168 1 775
35170 1 1948
35204 1 727
35215 1 258
35324 1 373
35333 1 5425
35336 1 1307
35345 1 1795
35368 1 2496
35395 1 1776
35399 1 6478
35409 3 412
35422 1 5435
35424 1 550
35432 2 1823
35446 3 494
35477 1 476
35487 2 1788
35491 1 352
35492 2 368
35504 1 1747
35506 1 1079
35516 1 503
35532 1 4534
35556 2 653
35567 3 654
35595 1 934
35606 1 1070
35647 3 522
35662 1 3127
35700 4 448
35717 1 818
35723 1 292
35740 1 1139
35741 1 765
35755 1 22
35761 1 995
35766 1 1100
35770 2 1317
35771 1 5813
35774 1 3657
35819 1 1617
35826 1 838
35828 1 5244
35832 1 2158
35844 1 1135
35847 1 965
35861 2 10960
35906 1 1780
35928 1 967
35934 1 924
35936 3 2025
35945 1 2222
35951 1 2034
35983 2 2665
35989 1 5185
36002 2 304
36012 1 1501
36018 1 1940
36023 7 5721
36027 1 7080
36029 1 514
36057 6 2918
36069 1 2227
36088 1 1171
36096 1 914
36100 1 3371
36104 1 530
36107 1 846
36109 7 12698
36142 1 732
36177 1 2374
36200 1 425
36203 1 842
36210 1 1205
36222 1 1383
36223 1 2477
36246 5 2302
36254 1 2032
36288 1 686
36310 2 1301
36361 13 2132
36371 1 1301
36381 1 1502
36382 1 254
36391 1 7515
36394 1 5251
36395 1 5251
36396 1 5251
36397 2 8678
36398 2 8678
36403 2 2989
36404 2 2989
36405 2 2989
36420 1 375
36432 1 744
36498 1 8241
36501 4 900
36516 2 888
36533 3 1642
36548 2 1059
36565 1 835
36605 2 1696
36621 1 857
36669 1 691
36675 2 6019
36701 1 971
36714 2 654
36724 2 2272
36732 1 18263
36739 1 543
36750 1 1341
36764 1 1191
36780 1 5418
36784 1 1169
36786 2 1500
36787 1 1432
36788 1 1941
36792 1 1806
36796 2 1826
36797 1 6365
36808 1 1928
36809 1 702
36836 2 1458
36865 1 1497
36897 1 1300
36910 2 499
36917 1 1649
36920 4 147
36938 1 434
36954 1 1023
36956 1 4551
36962 4 5960
37004 1 325
37039 2 1824
37053 4 2470
37057 1 5130
37065 1 497
37092 1 703
37105 5 5309
37177 1 10680
37182 6 13117
37187 1 3415
37196 2 1139
37205 1 2953
37258 7 1019
37259 2 508
37310 2 7113
37323 2 7159
37325 1 5474
37326 1 833
37328 1 338
37329 1 431
37335 1 4505
37336 1 1229
37345 2 368
37370 2 582
37403 2 1421
37407 1 1372
37419 3 13883
37423 4 13622
37427 2 7481
37434 1 6835
37436 4 9722
37472 1 774
37482 1 1150
37495 1 315
37545 1 2346
37548 1 1203
37569 1 406
37579 1 4434
37591 4 1574
37600 1 1454
37616 1 8646
37650 5 2418
37655 1 1979
37662 1 2053
37698 1 5406
37729 1 437
37732 1 1492
37747 2 4991
37802 1 344
37830 1 484
37838 1 892
37845 1 1490
37860 1 675
37866 2 439
37876 1 234
37892 2 5282
37893 4 7547
37906 1 1709
37911 1 8246
37928 1 3618
37932 4 17484
37949 1 2150
37961 2 2110
37971 1 1025
37973 1 1206
37975 1 848
37997 1 392
38003 2 635
38004 1 2166
38013 1 340
38019 1 1935
38025 2 2248
38062 2 2930
38072 1 763
38073 1 1947
38074 1 1582
38076 2 1627
38126 2 1128
38136 1 701
38151 3 2229
38161 1 648
38194 3 2925
38195 3 2948
38200 1 3117
38242 1 1095
38248 1 484
38250 1 277
38279 1 2423
38288 1 1083
38342 2 1775
38363 3 956
38367 1 2157
38391 1 566
38400 1 1879
38401 1 506
38415 1 871
38434 1 2883
38443 2 1740
38445 2 2338
38469 1 398
38474 2 637
38476 1 1139
38492 1 694
38493 1 752
38500 1 206
38502 1 1471
38508 1 2464
38531 1 194
38537 1 1111
38543 1 1310
38556 5 767
38559 1 599
38562 1 519
38564 2 4067
38573 1 58
38587 1 806
38600 1 721
38605 1 1076
38611 3 5792
38612 2 116
38613 1 842
38614 2 855
38615 1 1026
38616 1 63
38618 1 78
38629 1 1020
38631 1 1317
38634 3 738
38648 1 877
38663 1 3825
38670 1 563
38679 1 4243
38690 1 994
38691 1 1108
38692 1 1658
38703 3 646
38708 1 486
38711 1 2289
38712 2 9962
38715 3 5564
38754 1 655
38755 1 1706
38777 1 774
38786 1 2614
38802 7 4212
38803 1 1055
38819 1 1509
38836 1 1881
38840 1 2481
38855 1 5137
38866 1 1238
38880 2 1528
38884 1 2693
38887 1 1530
38897 2 1868
38907 7 4305
38910 1 7766
38916 3 6621
38926 1 1938
38941 1 931
38986 1 1668
39001 1 4864
39030 1 612
39050 1 813
39080 2 887
39081 2 1592
39150 3 877
39182 1 3168
39204 1 908
39249 1 1162
39254 1 447
39264 1 7187
39270 2 2484
39271 2 2225
39273 1 1081
39283 1 2198
39289 18 818
39292 1 4867
39329 2 32477
39341 1 9083
39388 1 2149
39396 1 563
39421 1 702
39433 1 1508
39448 1 3136
39449 1 3105
39485 1 880
39497 1 5496
39499 1 96
39524 1 2137
39528 3 1351
39534 1 710
39573 1 1738
39584 1 854
39588 3 6063
39592 1 1058
39615 1 1113
39623 1 508
39666 1 736
39698 3 777
39699 6 3266
39704 1 1282
39711 1 1160
39718 1 892
39735 1 173
39776 1 569
39781 3 1529
39801 1 457
39804 1 538
39815 3 1546
39833 1 472
39911 1 987
39923 1 964
39927 1 1251
39929 1 1959
39960 1 750
39967 1 878
39978 1 30166
39993 5 6188
39995 2 2204
40010 1 634
40022 1 2312
40036 2 2425
40037 1 3833
40044 1 1776
40047 1 1267
40052 4 2623
40059 1 938
40061 1 993
40065 2 3427
40086 4 1548
40087 3 1024
40088 3 1024
40089 3 1024
40100 1 2099
40113 1 2948
40141 1 715
40148 1 755
40151 1 2200
40171 2 355
40178 6 877
40186 2 958
40198 9 5290
40251 1 1196
40254 1 2478
40290 1 407
40397 2 1801
40448 1 3806
40468 1 2719
40470 1 81
40478 1 377
40479 1 1354
40496 8 3146
40499 1 2513
40502 2 2207
40522 1 960
40534 1 4269
40538 2 14088
40540 1 815
40550 2 3684
40552 1 4962
40586 3 8741
40640 1 1436
40659 1 2127
40663 2 2472
40666 6 1754
40670 2 2018
40690 3 1709
40695 1 8337
40717 1 371
40731 1 643
40739 7 5778
40747 1 5237
40748 1 865
40772 3 2487
40789 1 337
40807 1 1229
40833 1 2965
40860 1 909
40898 10 2825
40906 1 507
40925 3 2385
40926 13 4236
40936 5 3129
40944 3 5673
40959 2 5445
40977 1 4178
41013 2 2867
41029 1 1155
41049 1 2451
41057 1 3871
41076 2 1472
41077 3 1806
41086 1 1327
41090 1 911
41099 1 967
41106 2 1181
41111 1 2649
41145 1 1347
41165 2 1234
41177 1 1084
41191 1 2001
41232 2 3527
41238 1 4035
41254 2 547
41279 1 1297
41312 1 274
41321 3 1040
41360 1 743
41368 2 1320
41370 1 650
41371 1 662
41426 1 4541
41454 1 612
41662 1 551
41674 1 4187
41684 1 857
41732 2 1023
41745 1 391
41746 1 940
41747 1 754
41754 1 1650
41755 1 800
41802 2 2461
41812 2 375
41823 5 1274
41841 1 1074
41857 1 1647
41884 1 964
41891 1 1058
41901 1 1154
41942 1 2534
41947 1 2133
41957 1 1028
41972 1 674
41998 2 845
42004 5 1812
42019 2 6660
42025 2 9933
42052 1 1735
42056 1 1410
42059 1 124
42082 1 987
42085 1 6194
42108 1 1305
42114 3 5169
42129 1 4735
42134 1 837
42136 1 1178
42145 1 1077
42149 4 9906
42150 1 2706
42161 1 9423
42171 2 1306
42172 2 2686
42179 1 1490
42193 1 1099
42208 1 1800
42225 2 1534
42230 1 943
42236 4 1927
42240 1 504
42246 1 1979
42261 3 6604
42274 3 515
42275 1 322
42301 1 1173
42311 4 297
42312 1 2174
42347 1 848
42354 1 1506
42356 1 4608
42362 5 10503
42366 1 579
42372 2 915
42375 1 2118
42382 1 705
42425 3 5948
42427 1 579
42448 1 627
42473 1 3755
42477 1 1308
42485 2 1654
42490 2 1211
42544 5 2256
42554 1 513
42576 1 1655
42579 1 857
42585 1 2844
42594 1 384
42630 1 2369
42681 3 2570
42682 1 3838
42759 1 979
42763 1 6680
42767 1 8035
42769 2 8334
42770 1 823
42771 1 2420
42774 1 5633
42777 2 1444
42820 1 2822
42831 1 2086
42837 1 2818
42850 7 4255
42892 1 2540
42893 1 1128
42894 1 1338
42904 1 732
42907 1 734
42915 2 1556
42916 1 528
42918 1 435
42949 1 2799
42979 1 638
43009 4 2498
43040 1 1072
43044 1 1869
43057 1 756
43060 1 818
43069 1 1058
43076 1 534
43092 1 1330
43101 1 933
43109 1 2284
43120 1 815
43122 1 1078
43164 14 2004
43182 1 507
43226 1 837
43229 2 8025
43230 1 2504
43253 3 1588
43254 1 726
43321 1 654
43322 1 1848
43323 1 879
43350 5 2399
43416 1 1865
43437 1 1930
43446 2 8554
43451 1 794
43470 4 3949
43477 1 22611
43478 1 557
43507 1 1101
43508 1 1409
43509 1 731
43510 1 1103
43519 1 1593
43522 2 1077
43523 1 5434
43531 1 1419
43532 1 1790
43535 1 1147
43537 1 342
43575 1 1608
43576 1 5522
43577 1 3389
43649 3 4774
43650 1 579
43677 1 1436
43682 1 642
43747 1 7125
43749 1 2541
43763 1 2590
43767 1 502
43777 1 3197
43792 1 904
43798 2 5617
43808 1 1297
43862 1 1314
43908 1 1405
43914 1 775
43921 1 9448
44000 2 1084
44011 2 1934
44024 1 1787
44056 1 2924
44068 1 420
44080 3 3596
44091 7 5768
44099 1 1566
44101 2 1035
44105 1 2359
44106 1 3394
44107 1 1972
44125 1 6435
44130 1 6601
44144 1 1388
44145 1 1893
44182 1 930
44190 1 1021
44217 1 3228
44218 3 6003
44224 2 1007
44294 1 1110
44331 1 406
44353 1 415
44362 1 3685
44376 3 1032
44377 3 1880
44391 1 1590
44401 1 323
44433 1 580
44444 2 1118
44446 1 568
44447 1 1998
44464 1 703
44465 1 1702
44467 2 980
44474 1 1141
44484 1 806
44493 1 199
44500 1 680
44529 1 874
44542 1 1169
44562 1 430
44570 2 734
44576 2 489
44586 3 926
44698 1 2666
44707 1 6048
44780 2 3261
44781 1 494
44788 1 1806
44790 2 1262
44793 1 463
44794 1 528
44809 1 460
44855 1 361
44856 5 1723
44864 1 526
44876 1 3240
44878 1 2602
44881 1 3374
44913 1 1392
44918 3 2627
44921 1 356
44927 3 2922
44943 1 1027
44955 1 7733
44957 1 10010
44960 1 1644
44966 1 1130
44967 1 3619
44970 1 1122
45084 1 6555
45093 1 856
45096 2 6217
45159 1 13537
45162 1 989
45163 1 1509
45213 1 1282
45214 1 1097
45215 1 764
45216 1 1285
45217 1 1038
45251 1 2817
45254 1 467
45261 1 7633
45269 1 995
45272 1 799
45285 1 1078
45316 1 1121
45319 1 1413
45350 2 693
45377 1 559
45402 1 933
45404 1 1086
45434 2 501
45435 1 1178
45476 1 548
45479 2 1029
45510 1 687
45581 2 8025
45608 1 737
45610 1 1452
45612 2 425
45676 1 11251
45700 1 855
45709 1 1143
45812 2 376
45822 1 1426
45823 1 109
45824 1 2571
45830 1 776
45836 1 928
45859 1 21421
45878 1 1656
45892 1 1068
45910 1 1479
45911 3 1361
45937 1 465
45941 1 616
45945 1 1539
45958 2 2336
45964 2 2279
45974 1 1051
46004 1 798
46006 2 533
46010 1 846
46029 1 703
46046 2 3634
46069 1 3643
46085 1 745
46126 1 1522
46128 1 1163
46141 2 1036
46169 1 5011
46282 1 4059
46289 4 4086
46291 1 2129
46297 1 737
46304 2 2249
46317 1 286
46319 20 2904
46330 1 762
46340 2 882
46347 1 1459
46378 2 6175
46388 8 81863
46415 1 706
46426 1 3573
46481 1 455
46490 5 2484
46501 1 142
46505 1 6279
46510 1 1994
46511 3 3336
46513 1 2610
46544 1 2693
46551 5 8597
46552 5 9921
46576 1 1473
46601 1 967
46611 1 2127
46612 1 2153
46627 2 4426
46649 1 836
46749 4 6951
46821 1 1634
46878 1 745
46891 1 5171
46900 1 728
46905 1 1128
46909 2 2578
46911 1 1569
46913 1 1961
46919 1 708
46938 1 8253
46943 1 1398
46950 1 2171
46954 3 5186
46955 2 863
46968 1 1661
46986 2 917
47007 1 834
47012 1 1990
47067 2 706
47071 1 1073
47073 1 300
47085 1 661
47095 1 6494
47126 1 692
47128 1 1444
47136 1 436
47139 1 6464
47149 1 2044
47154 6 2252
47160 2 4319
47206 1 1154
47215 2 1630
47227 1 1148
47245 2 6757
47247 1 561
47256 1 922
47257 1 1521
47258 2 2107
47265 2 1030
47279 1 617
47285 1 385
47297 1 839
47311 1 209
47335 1 1356
47339 1 1070
47341 1 548
47350 1 2865
47374 1 1188
47378 1 589
47382 2 6307
47386 1 1400
47394 1 1036
47395 1 1080
47430 1 527
47431 1 402
47440 1 1137
47442 1 559
47444 1 3470
47447 1 3095
47448 1 3217
47449 1 2847
47459 2 8496
47469 1 1680
47476 2 2645
47491 1 2517
47497 1 2515
47498 4 3543
47507 1 2065
47511 1 2170
47512 1 1268
47515 1 3985
47533 2 563
47542 1 693
47559 2 11224
47576 1 2029
47620 1 1003
47654 1 3047
47655 1 853
47719 1 1086
47720 1 1789
47726 1 344
47731 1 1046
47757 1 1609
47763 6 1451
47771 1 974
47780 1 5199
47800 1 10768
47808 1 572
47818 1 1062
47819 1 2102
47863 1 1267
47876 1 918
47880 1 571
47895 1 564
47897 1 1442
47910 1 1921
47916 1 574
48002 1 2505
48027 1 716
48031 2 4280
48036 1 237
48040 1 1021
48045 1 11481
48063 1 1398
48069 3 3129
48078 6 11919
48094 1 1182
48098 4 1123
48113 2 651
48114 1 991
48115 1 628
48135 1 1627
48141 4 632
48153 1 1188
48162 1 1320
48164 1 599
48180 9 25164
48197 5 8238
48205 2 3456
48213 1 317
48217 1 6375
48229 1 109
48237 2 763
48260 1 1199
48262 2 1040
48268 1 5058
48270 1 2441
48271 1 1700
48292 1 125
48297 2 1099
48338 3 2760
48343 1 882
48356 1 474
48362 1 5057
48383 4 1983
48407 6 1657
48408 1 1213
48418 1 1894
48441 1 764
48454 2 2048
48463 1 1684
48473 1 364
48475 1 4416
48478 1 1058
48500 2 307
48520 1 906
48531 5 1863
48567 1 1221
48588 1 235
48622 1 687
48645 1 1419
48647 1 1159
48650 1 6532
48651 1 3561
48669 1 1039
48675 1 2669
48728 1 2201
48789 3 2728
48813 6 1199
48823 1 2098
48854 1 621
48861 1 789
48884 1 1137
48902 1 4234
48903 1 974
48905 1 1954
48906 1 1435
48909 3 1859
48911 1 918
48917 4 6627
48918 1 1061
48924 1 3784
48933 1 1238
48934 2 1502
48960 1 2073
48963 1 927
48964 1 689
48965 1 417
48966 1 971
48988 1 1035
48991 1 1977
49003 2 2086
49005 1 2273
49015 1 2835
49020 2 2150
49021 1 2436
49022 1 2746
49029 4 3596
49052 1 3420
49061 4 1867
49062 4 1778
49066 1 727
49097 1 835
49117 1 563
49128 1 643
49147 1 719
49149 2 3141
49150 4 4092
49168 1 444
49170 1 443
49172 1 315
49173 3 10707
49174 4 9273
49175 8 9938
49176 4 11069
49182 1 1444
49183 2 2240
49184 1 2455
49205 1 454
49209 1 797
49221 1 1018
49228 2 2111
49260 1 1319
49269 1 803
49271 1 1100
49276 1 5599
49282 6 4687
49316 1 1061
49323 1 5236
49340 1 2095
49345 1 2775
49349 1 2177
49355 2 1068
49356 2 1233
49366 1 5125
49367 1 2106
49390 1 2010
49415 1 431
49420 1 835
49441 1 826
49455 2 2601
49458 1 1916
49459 1 3328
49461 1 2195
49484 1 3481
49526 1 735
49535 1 1450
49543 1 1789
49573 1 866
49672 2 1575
49673 1 810
49696 1 2912
49742 1 175
49746 2 368
49751 3 846
49776 4 9407
49781 2 845
49789 1 1016
49791 1 762
49804 1 2520
49835 2 731
49842 1 2475
49849 1 1035
49852 1 820
49860 1 2471
49869 1 1403
49886 1 619
49901 1 1363
49919 1 2203
49921 1 1842
49939 1 1882
49957 1 375
49977 1 691
49987 1 1140
50000 1 1686
50010 2 1235
50012 1 3608
50016 1 11583
50017 1 2970
50030 2 2358
50039 3 1072
50040 2 6696
50044 2 999
50055 1 653
50123 1 1225
50124 1 1198
50125 1 1136
50142 1 2652
50143 3 8454
50144 1 5084
50152 1 350
50155 1 472
50163 3 4995
50177 1 1060
50207 1 2916
50223 2 6104
50229 1 172
50247 1 1590
50260 1 1300
50285 2 4950
50293 1 2189
50308 1 1115
50318 4 342
50320 1 1262
50321 1 295
50339 3 1054
50352 1 1013
50355 4 3677
50356 2 781
50360 3 1096
50361 1 843
50369 1 1117
50377 1 2084
50394 1 644
50429 1 2393
50438 2 1670
50476 3 10882
50477 2 4990
50478 3 3624
50483 1 1973
50492 1 3702
50512 1 903
50529 3 4267
50543 1 455
50544 1 791
50566 1 177
50567 1 193
50569 1 796
50571 3 990
50574 1 572
50575 1 636
50587 2 1902
50596 2 1314
50613 1 2424
50618 1 410
50619 1 415
50639 1 2175
50641 1 2091
50643 1 1973
50648 4 522
50668 2 1658
50669 1 1789
50722 20 3030
50726 7 2071
50747 1 1378
50749 1 1017
50772 2 848
50779 1 1410
50780 1 1361
50783 1 2276
50785 2 2063
50790 1 915
50823 2 566
50841 1 459
50842 1 354
50843 1 351
50844 1 339
50845 1 570
50846 1 506
50847 1 472
50848 1 495
50853 1 3547
50854 1 3003
50855 1 3129
50865 1 1252
50878 1 923
50892 2 860
50916 1 4044
50918 1 2316
50920 4 1937
50921 3 3926
50922 4 2085
50923 4 2197
50924 4 1807
50925 4 2062
50940 1 459
50955 1 946
50966 1 8029
50968 1 154
50983 6 16660
50984 1 1008
50988 1 1822
50989 1 3307
50990 1 2134
51015 1 337
51017 1 3675
51022 1 2835
51023 1 1980
51026 2 1313
51048 1 703
51051 4 1177
51066 2 2595
51068 1 1394
51100 1 2250
51107 1 457
51126 1 863
51148 1 2969
51149 2 3086
51160 1 2041
51177 1 2704
51193 1 1845
51194 3 2656
51195 4 2015
51199 1 426
51205 1 509
51232 1 1471
51234 1 1409
51237 1 2338
51284 3 2528
51291 1 1801
51324 2 2010
51336 1 974
51344 1 2554
51370 1 773
51373 1 874
51385 5 1887
51386 1 2055
51387 1 973
51403 1 487
51408 1 768
51426 1 3586
51435 1 776
51466 1 1121
51469 4 1403
51476 2 2010
51485 2 1335
51517 2 640
51532 2 612
51558 1 1195
51560 1 1283
51594 1 2007
51600 2 1428
51603 1 2317
51663 1 398
51666 1 1112
51672 1 3436
51674 1 1066
51727 1 360
51731 3 878
51747 1 905
51748 1 5468
51749 1 5454
51772 1 1416
51774 2 1467
51798 1 1509
51802 1 5283
51803 1 2141
51816 2 4853
51831 1 734
51832 1 1066
51839 4 9735
51843 1 6718
51844 1 22
51886 1 1112
51891 2 6407
51892 1 4521
51899 3 12169
51908 5 824
51927 1 689
51967 2 2148
51970 1 305
51973 1 1062
51978 1 8282
51979 1 6703
51987 1 4909
51988 1 6522
51992 2 1395
51994 1 9298
52018 2 3486
52019 1 1451
52029 1 21
52049 4 3857
52071 1 2204
52096 1 284
52109 2 3805
52145 1 1011
52146 3 10691
52156 1 522
52165 1 415
52167 1 2979
52184 1 4601
52215 2 1222
52233 1 1302
52243 2 359
52257 3 1138
52261 1 3083
52267 1 949
52271 1 8131
52278 1 832
52300 1 6036
52307 1 616
52405 2 2273
52406 3 4365
52412 1 766
52425 1 898
52440 7 6680
52443 1 995
52444 1 760
52455 1 1525
52463 1 556
52484 1 5765
52502 5 6875
52541 2 3260
52546 1 8264
52561 4 52057
52584 2 1788
52605 1 656
52693 1 515
52702 1 455
52719 1 2978
52803 1 1669
52804 1 4622
52812 1 403
52813 2 911
52925 1 1018
52986 2 1447
52988 3 24350
53000 1 910
53018 2 2688
53023 1 6088
53027 2 1659
53040 2 1220
53044 3 1024
53078 1 3327
53099 1 3241
53104 1 959
53121 1 2359
53137 1 1658
53147 3 150
53158 1 9225
53229 1 714
53241 1 4057
53243 1 3386
53248 3 5457
53265 1 1603
53268 3 5517
53308 1 2307
53337 1 3782
53357 1 1058
53386 2 3714
53397 1 392
53410 1 1196
53430 4 48057
53440 1 883
53441 1 3363
53442 2 8599
53450 1 842
53451 1 845
53462 1 954
53476 2 375
53491 7 5993
53501 4 1069
53503 1 349
53504 1 1081
53511 1 4733
53537 2 2107
53603 1 2774
53610 1 528
53613 1 1723
53621 1 968
53654 2 2802
53688 1 2329
53723 1 564
53727 1 623
53755 1 831
53789 1 777
53837 2 3485
53866 3 1764
53909 2 2366
53930 1 1054
54118 1 405
54134 5 2948
54139 1 944
54175 2 2289
54181 1 1395
54206 1 1036
54210 3 838
54228 1 1079
54249 2 1272
54262 1 930
54288 1 993
54291 1 1911
54292 1 1911
54293 1 1911
54296 2 821
54308 1 5441
54326 1 3836
54333 1 1417
54349 1 12411
54371 2 624
54375 1 5885
54378 1 905
54439 1 2636
54488 1 1158
54497 1 1589
54509 1 3235
54514 1 1299
54559 4 2260
54562 1 595
54586 1 1015
54619 2 10647
54640 2 1444
54662 1 422
54681 1 326
54935 1 976
54949 2 1656
54966 1 6126
54972 1 95
54973 1 1697
54975 1 1380
55027 2 77
55047 1 527
55050 1 1233
55062 1 1110
55063 6 17333
55065 1 3081
55067 1 3184
55072 1 3317
55078 1 1284
55094 7 12123
55115 3 1111
55116 1 1669
55117 1 1442
55118 5 4304
55122 2 4413
55126 2 3321
55134 1 511
55140 1 1485
55157 1 1348
55163 1 1097
55171 1 2177
55311 1 738
55315 1 926
55327 1 6079
55333 1 1119
55421 1 489
55464 8 1149
55467 1 1056
55478 1 1070
55485 1 1849
55498 2 5155
55501 4 2314
55502 1 1475
55536 1 49965
55546 1 781
55549 1 998
55582 1 570
55587 2 651
55613 1 2946
55634 1 1214
55648 1 355
55669 1 315
55672 1 1335
55673 1 1167
55678 1 916
55724 1 378
55733 1 908
55738 1 1038
55753 1 4189
55909 2 728
55919 1 3288
55924 1 807
56175 2 8425
56178 1 700
56179 1 517
56199 1 1698
56222 1 611
56231 1 1953
56232 1 1384
56290 1 826
56295 1 1017
56340 2 242
56400 1 2072
56401 4 1327
56402 1 651
56404 1 774
56418 1 1368
56419 1 1590
56420 1 1446
56421 1 1078
56435 1 678
56437 1 476
56438 2 864
56439 1 705
56445 2 2121
56452 1 393
56471 7 13098
56500 1 2556
56503 2 5900
56505 1 5118
56519 6 7799
56522 1 3726
56524 1 4137
56539 1 409
56546 2 734
56553 1 7598
56557 1 1778
56580 1 1537
56593 1 1203
56604 2 2210
56606 1 1356
56625 2 1155
56630 1 3641
56650 1 263
56652 7 5800
56690 1 677
56692 2 1282
56703 3 2682
56704 1 1297
56739 2 1907
56746 2 1394
56771 8 2565
56801 2 5727
56822 2 4110
56828 1 687
56839 1 8203
56849 2 1501
56850 2 285
56854 1 965
56857 1 2166
56878 1 910
56881 3 4650
56885 1 1894
56886 1 887
56888 1 2750
56892 1 120
56904 1 1550
56909 2 1137
56915 4 4927
56929 1 1002
56951 1 592
56952 1 621
56972 1 547
56974 1 944
57009 1 1467
57036 1 455
57214 1 721
57228 7 1834
57231 1 3603
57291 1 785
57311 1 436
57357 1 1387
57367 2 2359
57370 1 593
57378 1 613
57380 3 3371
57384 1 3357
57385 1 2878
57386 1 2865
57394 1 2704
57410 1 2492
57411 2 655
57413 2 6376
57434 1 1039
57436 1 3484
57443 1 1121
57449 3 3288
57450 3 3346
57451 4 3058
57457 1 2066
57464 1 904
57466 1 1951
57469 1 965
57492 2 2215
57514 3 1041
57532 1 1727
57533 1 731
57546 1 1271
57547 1 503
57634 1 2122
57643 7 8017
57651 1 6526
57658 1 917
57659 1 917
57660 3 6533
57666 2 1813
57728 1 3152
57740 1 367
57744 2 2807
57758 2 2719
57777 1 279
57821 1 4929
57839 1 342
57897 1 3276
57910 1 1801
57914 1 2836
57950 2 10362
57951 2 10312
57952 2 8583
57953 2 8583
57963 1 1707
57964 2 1922
57986 1 613
57993 1 1126
57995 3 2088
57997 3 4870
58001 3 608
58178 1 430
58181 1 435
58195 2 704
58216 1 1715
58221 1 8233
58227 3 1972
58277 1 1047
58286 1 392
58288 1 387
58293 2 2164
58298 2 476
58302 3 523
58304 1 685
58308 2 1579
58311 2 723
58315 2 2480
58365 1 1275
58391 1 973
58392 1 1911
58393 1 1911
58394 1 1911
58395 1 1911
58396 1 1911
58397 1 1911
58398 1 1911
58399 1 1911
58400 1 1911
58401 1 1911
58402 1 1911
58403 1 1911
58404 1 83
58408 8 4007
58411 1 611
58413 1 447
58432 2 275
58433 2 2227
58435 1 1168
58467 3 4185
58474 5 1482
58483 2 711
58514 1 1385
58523 1 1479
58536 1 642
58674 1 383
58711 1 1429
58722 1 539
58762 1 4573
58771 1 595
58773 1 1702
58777 4 667
58822 1 555
58823 1 454
58831 1 289
58835 1 594
58838 1 3151
58840 2 3131
58842 1 3299
58844 1 3246
58845 1 2901
58853 1 2423
58855 1 646
58858 1 1878
58903 2 1187
58910 1 544
58914 1 2294
58924 1 550
58934 1 2758
58964 5 5289
58965 6 5140
58966 6 5767
58967 4 3481
59049 4 2182
59072 1 10092
59076 8 702
59171 1 1633
59189 2 10518
59223 3 726
59236 1 513
59252 1 691
59276 1 1484
59293 2 1254
59306 1 655
59319 1 701
59322 2 857
59333 4 868
59336 1 832
59348 2 10477
59349 2 8147
59350 2 8331
59355 1 891
59390 1 1152
59400 1 1212
59409 1 1186
59415 1 902
59416 2 2234
59417 1 1841
59424 1 1117
59427 1 1336
59430 3 3685
59434 1 2472
59439 1 1220
59453 8 5553
59459 1 1393
59468 2 4334
59476 3 2145
59486 2 1273
59497 1 1102
59501 1 962
59515 4 2280
59559 2 883
59561 1 4211
59563 2 2110
59564 2 1594
59565 2 1703
59610 1 699
59621 1 2882
59634 1 2585
59635 3 4384
59639 1 3423
59650 1 338
59662 5 14951
59670 1 1595
59672 5 3130
59685 1 748
59697 1 2431
59709 1 3880
59712 1 4670
59717 3 4807
59777 2 6060
59780 1 668
59801 1 1104
59813 1 1702
59830 1 881
59831 4 1069
59873 1 599
59874 2 4939
59878 1 368
59885 2 1086
59900 2 3360
59901 9 10800
59909 2 3894
59914 1 824
59918 4 9598
59922 3 3476
59924 1 2257
59926 2 3221
59981 1 1693
59986 1 4731
59987 1 5303
59999 1 931
60021 2 2368
60064 5 3872
60065 2 3606
60066 3 4785
60079 1 1270
60103 1 1494
60107 1 667
60119 11 894
60120 3 1210
60121 3 851
60122 4 1146
60123 3 768
60165 1 857
60185 1 1405
60188 1 229
60215 1 2296
60224 2 8194
60229 1 921
60242 1 1441
60246 1 430
60265 1 891
60266 1 807
60267 1 598
60278 1 3357
60286 1 303
60291 2 1433
60314 4 2506
60315 3 3263
60316 3 3178
60317 4 1935
60318 3 3852
60319 4 4138
60325 1 441
60328 1 1340
60337 1 662
60340 1 721
60350 1 1659
60352 1 335
60357 2 615
60366 2 3154
60377 1 2105
60386 3 1300
60429 2 5933
60430 1 2173
60434 1 1031
60450 1 1226
60478 1 1021
60487 1 1120
60498 1 437
60505 1 2933
60506 1 4289
60509 2 4010
60515 1 924
60519 1 1838
60525 3 1252
60529 1 1952
60532 3 3124
60538 1 2351
60543 3 1510
60548 1 981
60595 1 3346
60599 1 3625
60613 1 566
60623 1 1555
60662 1 6202
60671 1 3451
60681 1 277
60682 1 472
60686 1 1454
60693 1 7521
60697 1 1552
60735 1 3139
60736 1 3344
60740 1 3274
60741 1 3011
60748 2 6845
60750 1 12275
60757 2 988
60759 4 4854
60760 4 1737
60777 3 3095
60778 3 3600
60791 3 3468
60792 2 3202
60793 2 2201
60794 3 1921
60804 2 1666
60832 1 882
60837 1 321
60838 1 708
60840 1 610
60843 4 871
60862 1 4275
60892 2 540
60910 6 2877
60954 1 1837
60963 1 3508
60974 2 955
60997 2 3263
61003 1 1701
61034 9 1069
61044 1 702
61047 1 1709
61053 1 1691
61073 3 8875
61128 1 400
61129 1 689
61166 2 3006
61167 4 3616
61172 1 427
61186 5 14302
61187 7 15707
61188 14 29700
61207 1 924
61212 1 954
61228 1 1331
61237 1 941
61243 1 862
61257 1 838
61287 1 2272
61315 2 1199
61316 1 738
61352 2 18809
61373 1 2281
61391 4 5684
61424 2 797
61428 1 8357
61442 2 2563
61470 2 2495
61472 1 2455
61497 1 5567
61511 1 2320
61543 1 1462
61550 1 1103
61556 3 3140
61560 1 1336
61609 1 1119
61613 1 1024
61617 2 2377
61620 2 1896
61625 1 1309
61628 6 7244
61635 3 2149
61651 3 3956
61658 1 1813
61659 7 6067
61664 1 3204
61666 1 1012
61668 1 11710
61681 1 785
61686 1 546
61690 1 2512
61713 1 4885
61714 1 562
61717 1 765
61732 1 169
61736 1 3608
61737 2 537
61765 2 2458
61770 2 1373
61785 1 310
61798 1 2257
61822 1 5496
61833 2 7073
61845 1 3591
61860 1 7381
61881 1 2444
61894 1 3336
61898 2 2787
61907 2 3429
61917 2 5083
61920 1 693
61970 1 694
61971 1 707
61974 1 699
61976 3 4025
61980 1 920
61987 1 664
61988 1 1244
62002 1 528
62003 1 2012
62027 10 722
62056 1 692
62070 1 1331
62087 6 4114
62110 1 4274
62111 2 6309
62121 5 1683
62123 1 379
62137 2 2894
62158 1 1281
62159 1 1095
62187 3 9768
62194 1 591
62204 3 8201
62211 1 1096
62237 1 918
62242 5 2867
62243 1 3964
62256 1 500
62260 2 625
62272 1 1274
62299 4 7136
62324 1 788
62333 2 370
62346 1 682
62353 2 325
62379 1 926
62399 1 278
62405 1 340
62417 1 11638
62436 1 781
62438 1 1039
62440 1 303
62453 1 307
62466 3 2353
62468 1 2405
62513 2 2915
62517 1 1423
62557 2 910
62567 3 404
62571 1 618
62588 1 8596
62613 1 5274
62629 1 815
62642 2 7441
62644 1 281
62655 4 2002
62658 1 312
62685 1 1321
62686 1 996
62688 1 1038
62720 1 1714
62723 1 3363
62724 1 3090
62726 1 2992
62727 1 3232
62732 2 2989
62748 2 592
62750 1 1350
62768 1 9553
62775 1 2968
62788 1 2229
62820 3 1547
62824 1 4199
62831 1 1012
62846 1 1520
62874 2 12417
62877 1 1563
62888 2 1082
62912 1 6714
62918 1 432
62920 1 429
62923 1 303
62924 1 163
62925 2 612
62928 1 709
62929 4 5384
62930 2 2244
62931 1 2235
62951 1 2817
62958 5 1187
62961 1 1298
62981 1 2414
62983 1 789
62992 3 5430
63051 2 1657
63054 2 1936
63058 1 1372
63061 1 5120
63062 1 1067
63066 1 1695
63068 3 2332
63072 1 618
63073 2 6062
63074 1 4609
63098 1 240
63135 1 1045
63154 1 653
63159 1 1363
63165 2 2124
63169 1 1823
63170 2 1316
63178 1 569
63194 1 559
63216 3 3807
63229 1 786
63237 1 757
63257 1 716
63258 1 1486
63270 1 3034
63340 1 1572
63345 1 542
63363 1 726
63376 1 664
63435 1 1477
63462 5 3556
63475 1 1619
63520 1 1303
63555 1 7057
63564 5 3674
63591 1 1197
63597 1 1946
63602 1 1204
63617 2 2218
63634 1 5269
63648 10 7209
63652 2 162
63656 1 6872
63663 8 1347
63686 1 3010
63696 1 1202
63706 2 1710
63708 2 2012
63765 1 1813
63777 1 2978
63787 1 1499
63788 2 3142
63796 1 555
63835 1 4072
63839 1 635
63859 1 803
63891 1 1095
63898 1 118
63932 2 1211
63935 1 827
63963 3 733
63965 1 1353
64034 3 2927
64047 1 559
64085 1 1615
64086 4 1979
64099 1 1630
64273 2 1659
64290 1 728
64296 1 1405
64302 3 2600
64320 1 1816
64376 1 2975
64394 1 846
64398 1 703
64410 1 1829
64420 2 1908
64421 1 1681
64422 1 317
64439 1 294
64445 1 984
64453 5 10145
64462 1 843
64507 1 1911
64508 1 1911
64509 1 1911
64521 1 5475
64559 3 4363
64575 1 539
64604 1 540
64649 1 244
64660 4 1433
64831 1 410
64881 1 1311
64891 1 517
64923 2 828
64937 5 2520
64940 1 444
64959 7 1034
64961 1 193
64985 1 501
64986 1 609
65000 1 422
65005 1 3081
65009 1 3343
65031 4 3879
65035 1 1584
65057 4 1925
65065 1 765
65068 1 2208
65086 3 1694
65108 1 1542
65119 1 705
65129 1 15643
65130 2 3523
65257 1 1601
65398 1 1016
65403 1 1211
65428 1 252
65449 2 607
65457 1 1115
65485 1 578
65522 1 1469
65525 1 1339
65537 1 3294
65545 2 796
65546 1 1217
65549 1 424
65560 1 828
65574 2 1775
65576 5 4667
65578 3 451
65616 1 933
65619 1 1364
65636 1 608
65645 2 1634
65651 2 1756
65671 1 1356
65684 80 17249
65711 2 1186
65724 1 1237
65790 5 5117
65799 1 4143
65807 1 1381
65815 2 2003
65864 1 680
65865 1 341
65877 1 392
65878 1 403
65885 2 3324
65897 1 1239
65905 1 1164
65945 1 2536
65949 1 1541
65956 3 3157
65958 4 1390
65963 1 958
65973 2 1049
65979 1 4694
65995 1 6936
66024 1 304
66043 2 997
66057 1 754
66086 4 2643
66092 2 4332
66108 2 1286
66114 1 739
66116 1 812
66173 2 451
66204 1 651
66229 1 664
66234 3 1935
66240 2 1526
66241 2 1533
66253 1 2409
66254 1 850
66269 1 1221
66278 1 2126
66310 1 8271
66327 1 942
66343 1 558
66347 1 743
66360 4 1483
66380 1 9761
66399 2 697
66408 2 969
66411 2 1865
66415 2 6038
66432 1 615
66441 1 242
66470 1 842
66471 2 3798
66482 1 2199
66515 1 6274
66527 1 611
66533 2 1245
66538 1 2914
66542 1 1829
66552 1 932
66559 2 5776
66567 1 1232
66570 1 2510
66587 3 4790
66593 1 1896
66597 1 124
66598 1 1411
66606 1 979
66611 1 775
66618 1 599
66699 1 1497
66708 4 1409
66715 2 514
66722 2 276701
66729 2 821
66739 2 1244
66742 1 3877
66743 1 750
66751 1 11896
66757 1 747
66771 1 3499
66776 2 1404
66787 1 661
66794 3 1303
66795 1 970
66801 2 3195
66804 1 577
66816 1 790
66820 1 524
66823 1 9403
66826 2 681
66872 1 1492
66889 2 1986
66915 3 4319
66926 1 877
66927 1 978
66931 1 389
66947 6 18231
66961 1 345
66963 1 1157
66969 1 1025
66983 3 2173
66992 5 1910
66994 1 2517
67018 1 376
67027 1 2379
67028 1 2731
67031 2 5324
67032 2 5505
67064 1 661
67073 1 693
67074 6 9837
67076 1 528
67089 1 1117
67093 1 720
67097 1 689
67117 1 495
67123 1 678
67124 1 334
67168 3 2878
67194 2 1602
67198 1 347
67265 1 2055
67269 1 1199
67280 1 506
67283 1 986
67293 1 419
67318 1 1620
67319 1 628
67323 3 1622
67340 1 2960
67342 9 6010
67346 1 1614
67357 1 2331
67392 1 2594
67401 1 1996
67408 2 5567
67409 1 5448
67410 1 7180
67415 3 10077
67416 1 2877
67427 1 2019
67443 1 1802
67451 3 2767
67453 1 3053
67454 1 5854
67458 1 1924
67470 1 519
67483 1 181
67495 2 1466
67501 3 1463
67512 1 1455
67514 1 1549
67518 1 2462
67550 9 478
67556 1 753
67564 6 413
67576 1 1529
67577 2 1016
67584 1 3111
67585 1 2443
67588 2 2174
67600 1 932
67616 1 694
67623 3 1432
67629 1 619
67630 1 664
67643 1 940
67645 1 1830
67662 2 2616
67666 1 463
67671 1 6735
67676 2 1751
67689 2 7619
67701 2 3309
67702 3 1327
67712 1 2699
67725 2 1884
67727 1 3367
67740 1 989
67741 1 2150
67742 3 1745
67744 1 828
67750 1 1913
67756 2 5291
67772 1 1925
67776 1 2260
67777 1 2113
67820 2 1312
67832 4 555
67833 1 1022
67840 1 966
67841 1 1637
67859 1 1130
67877 1 355
67895 2 1554
67899 2 4652
67935 2 1837
67963 1 2024
67991 3 2957
68005 4 1868
68053 1 1448
68059 3 2106
68061 1 3322
68067 1 1176
68073 1 3133
68084 1 633
68100 1 650
68117 1 4150
68118 3 3343
68124 1 2400
68125 1 2444
68130 1 645
68142 1 2271
68149 1 2354
68151 2 2465
68176 1 2781
68177 1 806
68191 1 1316
68192 14 2334
68193 2 675
68242 1 591
68253 1 687
68300 1 849
68307 1 1697
68311 3 1492
68320 2 1587
68330 1 8380
68333 1 633
68334 1 2381
68339 1 997
68344 1 6836
68348 1 2811
68371 1 952
68376 1 1833
68377 1 726
68389 1 7515
68390 1 7515
68391 1 7515
68429 1 863
68438 1 2467
68446 1 3669
68535 1 165
68632 1 662
68650 1 524
68654 1 699
68657 2 1531
68662 1 1078
68683 1 1378
68684 1 991
68696 1 8254
68726 1 875
68761 1 567
68766 4 5324
68784 1 1803
68803 1 1117
68807 2 970
68810 1 744
68815 1 1058
68833 1 626
68854 3 5781
68857 1 588
68895 1 1911
68902 1 773
68904 1 1018
68909 1 2457
68957 1 1340
68964 2 11197
68986 2 598
69017 1 325
69037 1 110
69044 1 1004
69050 1 768
69052 1 808
69066 3 628
69091 2 1188
69097 7 940
69334 2 764
69344 2 1670
69355 1 1142
69361 2 2957
69363 1 1762
69373 1 1063
69407 1 834
69408 1 368
69409 1 509
69418 1 549
69432 1 3080
69433 2 2935
69434 2 3213
69435 2 3178
69446 1 1634
69462 1 998
69483 3 3191
69488 1 614
69493 1 991
69495 1 2757
69509 1 5379
69521 1 6102
69547 1 5735
69548 1 1818
69690 1 2102
69710 1 5755
69716 3 7169
69722 2 1778
69852 1 1623
69886 3 2262
69891 1 520
69892 2 434
69896 1 35
69916 1 97
69959 6 1432
69967 1 2207
69998 1 964
70010 1 668
70050 1 1597
70051 1 825
70064 1 1128
70096 2 699
70101 1 580
70103 1 675
70130 1 769
70169 2 8025
70207 5 10208
70219 1 767
70221 3 1774
70222 2 950
70243 1 823
70249 1 743
70263 3 7023
70280 1 1090
70298 2 1605
70305 1 1443
70306 1 646
70323 1 1142
70337 1 1085
70341 2 2434
70365 4 1481
70368 2 777
70377 1 5997
70406 10 1912
70448 1 2617
70472 1 630
70535 1 1353
70591 1 4584
70592 1 761
70613 1 553
70615 3 2303
70626 1 1315
70633 4 938
70635 2 846
70737 4 2845
70749 3 6334
70841 2 8361
70855 1 5396
70856 1 1075
70870 1 2226
70890 2 2440
70922 1 2787
70929 3 6834
70936 1 1631
70939 1 412
70957 3 867
70979 1 1611
70989 1 845
70993 7 5847
71009 1 1220
71011 6 495
71013 1 1564
71022 1 2146
71025 2 1448
71043 1 4249
71044 1 591
71050 1 3333
71055 1 1435
71077 2 2876
71078 5 9605
71100 1 639
71132 2 751
71134 1 857
71137 4 9411
71149 1 983
71153 2 185
71189 1 1623
71194 1 563
71219 2 2884
71220 2 2841
71221 2 3179
71224 3 1010
71226 1 1282
71247 1 1642
71249 1 1532
71251 1 1374
71274 1 908
71279 1 792
71288 1 595
71289 1 607
71290 1 1120
71291 1 648
71292 1 321
71293 1 511
71294 1 674
71297 2 1361
71315 4 6723
71322 2 1708
71325 1 1098
71332 1 1266
71335 1 3121
71342 1 1785
71364 1 998
71372 1 1478
71374 1 1324
71380 1 1120
71384 1 2877
71385 1 2877
71386 1 2880
71424 3 1049
71432 2 2398
71459 1 2233
71518 1 800
71520 1 1281
71523 2 1243
71525 5 1462
71543 1 2407
71545 5 6773
71557 1 754
71580 1 1716
71585 1 988
71586 1 8248
71587 1 691
71598 1 797
71635 1 1924
71645 1 1199
71659 1 1216
71676 1 2168
71698 2 761
71706 1 5275
71713 6 205
71720 2 867
71762 1 1315
71797 1 2293
71807 2 3340
71843 1 615
71849 1 1027
71886 1 801
71891 1 693
71892 1 1268
71895 3 3069
71923 1 631
71930 1 926
71931 1 1875
71942 4 3216
71943 1 3979
71944 4 7115
71966 1 746
71967 2 239
72001 1 1171
72002 2 1963
72007 1 1256
72034 1 2210
72038 4 3035
72039 2 5516
72042 1 2081
72043 1 1623
72044 1 1586
72045 1 2213
72046 1 2501
72047 1 1766
72048 2 5014
72061 1 833
72063 1 880
72065 3 9229
72066 7 7004
72067 13 9227
72068 5 8137
72077 1 897
72081 2 3204
72084 1 753
72087 1 1964
72093 1 927
72098 1 19912
72101 1 233
72106 1 1024
72111 1 867
72113 11 641
72115 2 806
72126 1 1190
72127 1 1060
72128 1 1111
72129 1 1048
72137 1 900
72146 1 1354
72167 10 644
72174 1 315
72181 1 1962
72201 1 5125
72214 14 786
72230 1 1290
72231 2 1446
72232 1 1430
72235 1 643
72237 1 1447
72241 1 232
72247 2 1555
72265 1 709
72270 1 872
72282 2 2243
72283 1 1448
72293 1 1975
72299 1 1853
72305 1 1854
72348 1 1677
72353 2 1879
72356 1 2591
72361 1 553
72368 6 1211
72377 1 1912
72379 1 1100
72380 1 3360
72381 1 802
72388 2 1980
72393 1 834
72410 1 4306
72420 1 2515
72437 4 8964
72498 2 11873
72508 1 731
72524 2 1868
72574 1 425
72585 2 1118
72590 1 2848
72612 3 2177
72637 1 297
72650 1 6445
72660 3 701
72667 1 275
72677 2 1203
72682 1 1240
72686 1 648
72702 4 569
72714 1 1957
72727 2 867
72734 3 2436
72774 1 1680
72781 2 1433
72782 2 2059
72783 2 1487
72784 2 2240
72785 2 1571
72800 1 1808
72802 1 1368
72820 2 628
72825 5 4050
72831 2 6567
72836 2 2346
72853 1 548
72854 1 1357
72878 1 4492
72879 4 7089
72880 1 1033
72884 1 2069
72899 1 20275
72905 1 631
72906 2 2265
72934 1 2319
72935 3 2042
72948 1 1879
72950 1 1854
72963 1 2184
72964 1 2090
72975 1 2128
72990 1 1401
72999 2 3301
73000 2 603
73004 2 1253
73008 1 5555
73030 1 8248
73078 1 957
73084 1 2577
73088 3 4779
73095 1 3401
73112 1 467
73157 4 702
73170 1 5445
73171 1 5544
73172 1 5440
73174 1 680
73214 1 1029
73215 1 1228
73218 1 1865
73220 1 4868
73221 2 4913
73230 1 743
73256 1 736
73257 1 992
73259 1 292
73264 6 496
73266 1 808
73280 2 1189
73347 1 2316
73381 1 770
73398 1 567
73417 6 3750
73431 1 732
73447 1 1087
73475 2 471
73483 1 1287
73519 1 380
73542 1 743
73571 5 3969
73574 2 8025
73591 1 2230
73644 2 2945
73650 1 556
73652 1 1168
73654 1 913
73679 1 798
73733 1 876
73741 2 796
73749 1 1593
73818 2 591
73881 2 1228
73886 1 1408
73909 1 608
73920 1 2452
73938 1 563
73940 1 655
73945 2 10857
73949 1 3890
73981 1 1169
73996 3 7920
73997 1 10376
74000 1 5543
74001 1 474
74014 3 2062
74022 2 2523
74035 1 431
74051 2 1259
74089 1 693
74094 1 3820
74099 1 442
74114 3 3421
74119 3 11686
74148 1 1271
74158 2 1846
74172 1 867
74176 2 4570
74222 3 1233
74265 2 962
74270 2 1439
74282 1 1215
74283 1 1036
74292 1 1125
74297 1 1110
74368 1 3668
74379 1 864
74409 1 527
74437 2 6261
74439 5 1488
74449 2 1802
74466 1 863
74500 1 1059
74502 1 874
74509 1 1437
74519 1 5618
74522 1 1218
74543 1 5014
74551 1 2061
74553 1 1171
74572 3 8808
74604 1 5954
74605 1 6001
74607 1 831
74631 1 412
74706 1 5592
74717 1 1115
74719 1 1319
74725 1 362
74728 1 3896
74736 1 2126
74739 1 348
74748 4 1518
74752 1 2665
74766 7 6523
74767 7 5811
74777 1 1991
74785 1 4399
74794 1 1782
74798 1 2970
74799 1 1061
74800 1 990
74812 4 4167
74813 1 5631
74822 1 5130
74827 1 468
74830 1 812
74831 1 1285
74851 1 1682
74876 1 923
74895 3 416
74902 1 774
74911 1 916
74928 6 642
74955 1 660
75047 1 1177
75086 2 1583
75093 1 1237
75140 2 1565
75156 1 607
75191 1 492
75198 1 1269
75201 1 472
75205 1 3189
75209 1 2934
75210 1 3198
75221 3 6839
75225 2 1408
75240 1 5462
75246 1 109
75250 4 1780
75256 3 1760
75260 6 680
75293 2 756
75308 1 1471
75326 1 2372
75330 1 1976
75401 1 1247
75405 1 500
75423 1 1748
75472 1 330
75483 2 882
75490 1 2840
75510 1 1060
75511 1 1086
75512 1 736
75513 1 784
75529 2 8980
75542 1 716
75544 1 730
75568 1 395
75602 1 1219
75627 1 424
75638 2 560
75668 1 724
75704 1 936
75772 5 1151
75821 3 814
75840 1 1024
75883 2 1202
75922 6 3058
75927 1 4496
75933 1 1628
75954 2 3743
75969 3 5873
75982 1 700
75987 1 1096
76002 1 5452
76007 2 868
76038 1 3241
76044 1 565
76045 1 1232
76046 1 1623
76059 1 805
76075 1 871
76135 8 433
76174 1 20998
76204 1 2051
76205 2 3668
76222 1 521
76245 1 6436
76246 3 6517
76247 1 4782
76267 1 1564
76294 1 820
76295 1 1189
76298 2 1324
76326 2 2230
76331 1 603
76354 1 3077
76364 1 1174
76381 1 255
76394 1 2329
76405 1 5489
76408 1 4367
76409 1 2559
76411 2 6346
76412 2 1272
76425 1 352
76449 1 6086
76460 7 6070
76473 1 683
76496 1 545
76508 1 2897
76510 1 631
76516 1 5399
76522 1 1798
76529 1 10440
76532 2 146
76564 2 676
76577 3 2515
76583 1 1134
76587 3 1166
76588 2 1544
76632 1 2372
76670 1 2879
76676 7 6037
76677 7 5739
76708 2 294
76709 2 1545
76719 1 1182
76721 3 2056
76769 1 2417
76776 1 541
76801 1 1258
76826 1 1007
76837 1 662
76841 1 709
76881 2 2393
76889 2 1635
76898 2 1240
76899 2 638
76900 1 800
76903 1 313
76921 1 384
76923 1 1539
76963 1 1460
76984 1 1045
76987 2 1485
76990 2 1902
77016 1 2119
77019 1 882
77021 1 896
77071 2 1827
77076 1 3304
77078 1 689
77080 1 981
77081 2 1905
77153 1 2521
77163 1 1994
77179 1 333
77180 1 5716
77185 1 1959
77194 1 812
77195 1 797
77208 2 4089
77209 2 4122
77210 2 4271
77236 1 1989
77237 1 1988
77238 1 604
77239 1 604
77240 1 588
77249 1 3213
77260 1 1072
77264 1 706
77359 2 2169
77363 1 1245
77364 1 1225
77368 1 361
77376 2 2050
77377 2 1880
77378 1 1421
77391 1 627
77392 1 8245
77398 8 3728
77448 2 1098
77450 2 5940
77452 1 2364
77457 1 551
77463 1 1315
77468 1 236
77476 2 289
77495 3 1382
77550 1 477
77555 1 1911
77556 1 1911
77584 5 1387
77588 2 259
77610 1 2465
77617 1 773
77621 1 1859
77629 1 247
77647 1 1135
77648 1 1212
77649 1 232
77657 1 766
77659 3 1655
77676 2 846
77679 1 1251
77683 3 217
77705 1 52
77794 1 591
77816 1 2167
77817 1 4230
77819 1 3260
77822 2 1246
77826 1 1385
77867 1 606
77873 1 1455
77874 1 3196
77876 1 3309
77877 1 3129
77878 1 3028
77879 1 2977
77889 1 43
77892 2 1122
77905 1 651
77908 3 2693
77933 1 788
77934 2 459
77936 1 472
77944 1 860
77961 2 8551
78020 3 1072
78022 1 624
78062 3 3649
78063 1 1360
78064 1 494
78100 1 767
78112 1 1269
78116 2 5040
78121 1 3206
