reliev reliev 1168 65215343 
120 5 4128
131 19 14882
133 1 3237
258 40 56657
430 1 3354
468 1 1097
529 1 6629
625 1 5869
729 1 2727
886 1 5811
971 1 1729
1064 1 793
1114 2 1937
1185 1 15836
1221 1 1597
1373 1 1192
1591 1 228
1636 1 752
1788 1 219
1900 1 649
1905 2 597
2006 1 561
2121 1 4211
2344 1 1030
2364 1 1034
2504 2 5375
2506 1 561
2521 1 464
2576 1 751
2580 3 1032
2757 1 1573
3109 1 3299
3207 1 737
3289 1 952
3518 1 735
3643 1 1997
3668 1 8976
3831 1 3725
3832 1 7941
3863 1 4935
4068 1 8611
4202 1 2037
4217 1 692
4223 1 855
4782 2 6257
4905 1 7440
5140 1 1465
5150 1 1030
5242 7 1621
5249 2 1852
5273 1 3302
5311 1 733
5455 5 15074
6013 2 2929
6296 2 3125
6298 2 3012
6299 2 3048
6300 2 3029
6301 2 2972
6303 2 2969
6304 2 3270
6579 1 4887
7425 1 1228
7534 1 491
7944 1 4834
7975 1 2578
8053 1 1114
8089 1 20930
8139 1 4927
8320 1 664
8382 1 19553
8391 1 2171
8416 1 4562
8592 2 2003
8693 1 796
8821 1 400
8890 1 5449
8975 1 806
9005 30 45220
9006 20 34059
9125 1 931
9172 1 389
9806 2 6009
9848 1 552
10333 1 1574
10455 1 1009
11080 1 852
11206 1 1491
11245 1 1612
11287 1 541
11288 1 9962
11483 1 703
11717 2 915
11866 1 1990
12192 2 510
12694 1 787
12737 1 669
12814 1 46677
13061 1 2559
13402 2 1313
13569 1 1241
13807 1 1095
13985 1 11629
14005 3 5769
14072 1 651
14080 1 51830
14271 2 2963
14272 2 3020
14273 2 2924
14274 2 2909
14535 1 2058
14555 2 2701
14652 1 1186
14753 1 1017
14756 2 3039
14782 1 1191
14833 1 7321
15007 1 555
15049 2 2266
15196 1 8919
15557 1 1027
15568 2 3032
15570 2 2982
15573 3 2920
15574 3 3007
15576 1 2773
15756 1 717
15757 1 7636
15901 1 618
16008 1 6422
16120 1 1888
16227 1 2985
16320 1 1958
16481 1 1327
16591 1 6896
16635 1 7678
16897 1 1979
17058 1 1516
17060 1 2388
17121 1 6700
17189 1 5992
17363 7 2096
17504 5 2199
17505 3 5120
17555 2 14925
17570 1 5402
17589 1 12110
17815 1 2708
17921 3 1455
17999 1 500
18027 2 869
18033 2 3046
18035 2 2957
18120 1 540
18128 1 1604
18408 1 1359
18416 1 1500
18465 2 1529
18654 1 15696
18719 1 2396
18738 1 940
18760 1 909
18853 1 1536
18933 1 6035
19091 1 1544
19092 1 2849
19093 1 3292
19560 1 8071
19562 3 7991
19563 1 5781
19637 1 633
19827 2 944
19832 1 4109
19889 1 7969
19935 2 1523
19945 1 1525
20001 1 2461
20004 1 2446
20242 2 1036
20301 1 1064
20422 2 12210
20748 2 900
20831 1 5707
21074 1 5552
21084 3 1596
21144 1 872
21223 1 793
21421 1 1866
21507 1 7373
21599 1 2186
21852 1 6758
22032 1 4462
22216 1 13756
22523 2 3123
22525 5 3022
22526 2 2933
23466 1 2473
23598 1 1236
23843 1 1535
23844 1 1535
23845 1 1535
23899 1 1117
24006 1 3059
24175 1 1777
24481 1 625
24556 1 2926
24826 1 1650
24840 1 9627
24842 2 3916
24884 1 7321
24885 1 7349
25062 1 1262
25154 1 4423
25175 1 4293
25435 1 1429
25475 5 3015
25476 8 3033
25479 2 3085
25656 1 4885
26434 1 3200
26465 1 1529
26631 1 8025
26674 1 680
26686 1 709
26791 1 4660
26823 1 402
27163 1 1060
27164 2 884
27173 1 3255
27191 1 2750
27275 1 1290
27411 1 1330
27427 5 1701
27523 1 322
27661 1 614
27673 1 418
27806 1 506
28076 1 1785
28414 1 3568
28640 1 1389
28830 3 502
29180 1 3520
29414 1 1661
29494 2 3066
29497 2 2942
29715 1 4501
30088 1 2391
30198 2 1213
30618 1 763
31045 1 24677
31138 3 481
31329 2 3009
31331 2 2964
31332 2 3032
31518 6 5634
31546 2 3809
31693 1 3857
31763 1 2057
31770 12 2138
31829 1 14263
31929 2 15160
32287 2 3033
32289 1 2992
32295 1 3206
32296 2 2955
32297 1 3273
32298 1 3261
32300 3 3026
32303 2 2974
32492 1 692
32495 1 932
32496 2 608
32654 1 45225
32802 2 794
32960 1 1227
32996 1 693
33146 2 836
33258 1 338
33703 3 18894
33737 1 1077
33877 1 708
33917 1 1937
33931 1 997
34022 1 1978
34029 1 3971
34303 1 4581
34331 1 772
34465 1 5422
34576 2 3903
34580 2 1336
34947 1 557
34954 1 779
35069 1 3840
35201 1 695
35389 2 1068
35461 1 1748
35594 1 898
35840 2 5256
36019 1 852
36229 6 1405
36394 1 5251
36395 1 5251
36396 1 5251
36397 1 8678
36398 1 8678
36403 1 2989
36404 1 2989
36405 1 2989
36614 1 2919
36732 1 18263
36746 3 1073
36753 1 993
36878 1 1195
36879 1 295
36913 1 3173
37023 1 2246
37356 3 336
37559 1 667
37592 1 1922
37655 1 1979
37932 1 17484
37964 1 2710
37986 1 3131
38151 2 2229
38195 2 2948
38317 1 1215
38391 1 566
38533 1 1601
38582 1 666
38586 1 3019
38603 1 780
38660 1 1365
38689 2 1157
38725 2 2848
39001 2 4864
39132 2 3874
39157 2 1476
39183 1 4477
39198 1 2105
39245 2 4290
39290 1 5621
39488 1 1377
39978 1 30166
39993 1 6188
40034 1 811
40287 1 10480
40630 1 5684
40637 1 7547
40695 1 8337
40702 1 1044
40747 2 5237
40855 1 1346
40959 1 5445
40977 1 4178
41052 4 6547
41136 1 1043
41368 3 1320
41605 1 996
41713 1 1310
41732 2 1023
41756 1 439
41905 1 1777
42005 1 1442
42051 1 2366
42116 1 1185
42438 1 506
42517 2 1959
42767 1 8035
42774 6 5633
42827 1 817
43447 1 1494
43477 1 22611
43497 1 1986
43535 1 1147
43552 1 820
44113 2 1415
44130 1 6601
44224 3 1007
44253 1 2425
44303 1 2027
44439 2 2467
44873 2 3136
44875 2 2970
44877 2 2904
44880 2 2983
45078 1 635
45437 1 332
45606 3 1351
45610 2 1452
45676 1 11251
45709 1 1143
45859 3 21421
46069 1 3643
46080 5 2003
46116 4 5154
46176 1 1459
46353 1 1094
46357 1 1238
46361 2 183
46378 1 6175
46492 8 1037
46551 1 8597
46659 1 1042
46972 1 915
47034 1 1302
47035 3 1907
47075 1 1834
47308 2 1139
47389 1 785
47398 2 5716
47445 2 2962
47481 1 1797
47778 13 1408
47794 4 2859
47924 1 500
47985 1 1731
48002 1 2505
48057 1 787
48102 1 1483
48180 1 25164
48205 3 3456
48206 1 1787
48256 1 1990
48362 1 5057
48379 1 6270
48555 1 535
48556 1 759
48559 1 667
48560 1 550
48561 1 639
48563 2 509
48564 2 1430
48599 1 2082
48628 1 1740
48989 2 1067
49029 1 3596
49050 1 3091
49157 2 2034
49522 1 6160
49639 1 548
49788 1 1140
50020 1 1485
50169 1 793
50476 8 10882
50478 3 3624
50629 5 828
51052 1 871
51150 2 2908
51151 4 2830
51290 1 6381
51425 2 1083
51475 1 1015
51661 1 526
51839 1 9735
51933 1 2717
51993 1 12689
52213 1 3751
52307 1 616
52449 3 3942
52508 1 1279
52585 1 777
52631 1 4596
52718 2 2980
52719 3 2978
52721 3 2968
52722 3 2934
52988 2 24350
53394 1 801
53430 2 48057
53438 1 5686
53497 1 1219
53545 1 1625
53782 2 1204
53837 1 3485
53854 1 1693
53856 1 1385
54091 1 572
54106 1 1165
54138 1 2492
54140 1 1791
54368 2 1871
54381 1 660
54456 1 1473
54457 1 1157
54566 1 8702
54589 1 2333
54683 1 1304
54962 1 2551
55066 1 3616
55068 1 3268
55069 2 2948
55070 2 2984
55071 2 3179
55171 1 2177
55607 4 9422
55656 1 605
56046 1 800
56226 2 829
56527 1 1174
56541 3 1812
56607 1 2013
56717 1 2410
56861 2 1250
57011 1 1023
57017 1 157
57226 1 11510
57310 2 1102
57381 2 2992
57385 3 2878
57387 2 2964
57388 2 3103
57520 7 5772
57643 1 8017
57655 1 843
57660 1 6533
57743 1 2000
57801 1 2633
57875 1 663
58227 1 1972
58493 1 958
58785 1 1085
58837 2 3342
58839 2 2933
58843 2 2916
58846 2 2959
58936 1 1464
59072 2 10092
59310 1 1560
59437 1 1226
59485 1 745
59521 1 1931
59561 1 4211
59908 1 619
60030 4 10533
60275 2 3073
60277 2 2988
60344 1 755
60485 1 2859
60737 2 3128
60738 2 3062
60739 2 3026
61006 1 1253
61204 1 1714
61570 1 1105
61823 1 3825
61862 1 5528
61866 1 890
61870 1 3147
61900 2 2025
61909 5 3209
61924 1 6503
62033 1 1470
62095 1 1686
62397 1 7643
62516 1 453
62596 1 2402
62633 1 457
62693 2 5347
62731 2 2944
62822 1 802
62903 1 1123
63085 1 321
63087 4 256
63088 1 714
63093 1 3111
63141 1 569
63280 1 3788
63564 1 3674
63597 1 1946
63628 1 1675
63740 1 1761
63792 1 1726
63941 1 1650
64318 1 2610
64319 3 4532
64350 1 20899
64407 1 1172
64408 2 1707
64522 2 528
64619 1 2292
64924 3 2526
64994 1 1716
65008 2 3012
65010 2 2912
65474 2 1571
65662 1 1443
65684 10 17249
65884 2 2980
66320 4 696
66599 1 1088
66692 1 460
66947 1 18231
66963 1 1157
67014 1 772
67142 2 699
67275 1 1069
67519 2 10460
67564 13 413
67585 3 2443
67627 3 2254
67715 2 774
67727 1 3367
67899 1 4652
67931 2 1269
67963 1 2024
68007 1 795
68260 1 1973
68282 1 1506
68367 1 709
68686 1 900
68770 2 757
68893 4 1871
68960 1 1724
69044 1 1004
69090 1 505
69341 1 637
69430 2 2889
70067 1 2001
70213 1 1440
70298 3 1605
71024 1 1463
71050 1 3333
71085 1 623
71153 1 185
71166 1 480
71251 1 1374
71256 1 1259
71319 1 1521
71329 2 1464
71548 1 2973
71896 1 3955
71944 1 7115
72068 1 8137
72305 9 1854
72414 1 1956
72629 2 542
72848 1 756
72897 1 3666
72899 1 20275
73008 1 5555
73518 1 255
73594 1 1535
74022 1 2523
74091 1 1923
74116 1 4873
74121 1 2293
74179 1 4036
74516 2 396
74543 1 5014
74720 1 1158
74768 1 1044
74933 1 1532
75204 4 3081
75206 2 2994
75207 2 2937
75209 2 2934
75221 1 6839
75418 1 988
75471 1 3184
75497 2 1847
75954 1 3743
75963 1 2775
76143 1 3616
76169 1 661
76409 1 2559
76443 2 440
76448 2 5583
76449 1 6086
76529 1 10440
76651 1 686
76656 1 4057
76998 2 2076
77010 1 6732
77076 1 3304
77097 1 2699
77124 2 3644
77456 1 13066
77700 2 69
77879 2 2977
77880 2 3027
77881 2 2924
78103 2 476
78118 2 2357
