captiv captiv 594 65215343 
248 1 5568
533 1 1661
653 1 710
735 1 837
777 1 11416
956 1 1150
1135 2 1188
1153 1 6533
1183 1 555
1281 1 3123
1423 1 1158
1448 1 1058
1552 1 1020
1567 1 2163
1666 1 1519
1767 1 13095
2163 1 2057
2192 1 5833
2241 2 697
2552 1 713
2983 1 722
3230 1 1502
3471 1 4168
3820 1 2163
3887 1 2632
4298 1 7423
4374 2 5584
4873 1 660
4887 1 1082
4909 1 4646
4910 1 4646
4911 1 4646
5246 1 1448
5415 2 3073
5528 1 2535
6098 1 94
6182 1 6597
6561 1 350
6612 1 2092
6976 1 808
6979 1 2188
7567 1 1218
7573 1 4835
7696 1 842
8057 1 751
8093 1 20088
8114 1 3627
8131 1 1630
8256 1 561
8372 1 3639
8420 1 999
8430 1 1338
9332 1 3267
9463 1 3203
9467 4 4306
9492 1 6158
9752 2 8096
9828 1 2395
10306 1 2363
10489 1 1420
10808 1 6608
11301 1 916
11472 1 4154
11562 1 1278
12188 2 909
12458 1 3716
12498 2 3985
12499 2 3780
12712 1 2391
12814 1 46677
12886 1 1170
12892 1 973
13196 1 2057
13205 2 2644
13206 1 1206
13208 1 2020
13236 1 937
13266 1 1854
13572 1 876
13911 1 2738
13926 2 655
14120 1 2870
14550 1 3417
15022 1 121
15523 1 874
16204 1 3527
16316 1 3859
16664 1 668
16722 1 5137
16734 1 1316
16845 1 8711
17252 1 2637
17456 1 1175
17664 2 328
17672 2 4557
17699 1 529
17839 1 414
17876 1 1647
18042 1 1029
18164 1 1451
18620 1 3943
18653 1 4815
18854 1 1094
18855 1 1391
18911 1 705
19032 1 1192
19040 1 717
19066 1 1990
19088 1 938
19309 1 2189
19782 3 898
19835 1 1651
19866 1 940
19929 1 1291
19985 1 8977
20429 1 591
20684 1 12924
20690 2 1232
20708 1 24696
20779 2 1150
20833 1 5441
20977 1 2515
21339 1 4745
21352 1 1524
21578 1 885
21713 1 1310
21714 1 1537
21734 1 245
21770 2 4733
21922 4 2981
21970 1 683
22178 1 634
22962 4 1318
23225 1 767
23349 1 659
23362 2 1820
23466 1 2473
23509 6 945
23602 1 2222
23765 1 11324
23898 1 871
24090 1 1840
24094 1 3157
24967 1 36
25668 1 1796
25769 1 1128
26077 1 2040
26113 1 715
26224 1 642
26257 1 3709
26259 1 3718
26260 1 3718
26261 1 3710
26262 1 3711
26786 2 394
26944 1 2864
27322 1 3721
27324 1 3721
27378 1 849
27423 1 1599
27431 1 2548
27548 1 1189
28026 1 704
28028 9 209
28061 1 1621
28435 1 922
28453 1 739
28840 1 12057
29079 1 486
29125 1 657
29721 1 6842
29845 1 873
29957 1 659
30166 1 953
30175 1 392
30744 1 1162
30860 1 451
31387 2 1573
31446 1 1347
31447 1 1008
31611 1 741
31755 1 1317
32372 1 1632
32549 3 549
32755 1 590
32988 1 747
33221 1 724
33232 2 1378
33375 1 2483
33626 1 991
33706 1 872
33878 1 2517
34035 1 2575
34052 2 11789
34208 1 2130
34342 1 5941
34445 4 2643
34548 2 2298
34757 1 1160
34808 1 1397
34954 1 779
34955 1 822
34956 1 818
34957 1 667
35828 1 5244
35861 2 10960
36254 2 2032
36591 1 766
36916 2 2783
37182 2 13117
37400 2 1054
37544 1 946
37577 2 806
37579 1 4434
37597 1 824
37617 1 1086
37712 1 8990
37737 1 1881
38194 1 2925
38213 1 660
38377 1 936
38611 1 5792
38712 1 9962
38805 1 1522
39169 1 982
39329 2 32477
39481 1 1302
39521 1 572
39543 1 476
39720 1 1188
39986 1 880
40057 1 418
40253 1 3705
40255 1 3713
40257 1 3718
40400 1 2099
40412 1 2785
40448 1 3806
40471 1 1576
40757 3 1772
40897 1 2888
41149 2 958
41449 1 820
41688 1 1836
41691 1 547
41845 6 368
41991 2 2217
42054 1 2132
42148 1 3966
42297 1 1946
42422 10 5724
42648 1 4779
42654 1 923
42769 1 8334
42995 1 1142
43418 1 1353
43571 1 1045
43747 1 7125
43837 1 3115
44065 1 318
44115 1 4306
44116 1 4462
44247 1 2369
44370 1 4236
44416 1 1701
44556 1 227
45262 1 6033
45621 1 329
45885 1 459
46277 1 4798
46331 1 4197
46388 2 81863
46569 1 678
46634 4 2594
46639 1 4091
46804 1 669
46852 1 854
47050 1 1107
47252 1 282
47551 2 1447
47651 2 3064
47654 1 3047
47661 1 876
48196 1 186
48215 1 1568
48680 1 695
48683 1 1360
48834 1 616
48855 1 1420
48858 1 3188
48873 1 418
49005 1 2273
49033 1 481
49091 2 2149
49140 1 1377
49369 1 512
49415 1 431
49799 1 1576
49994 1 1551
50557 1 395
50784 1 2392
50911 1 318
51231 1 1305
51590 2 916
51652 1 500
51672 1 3436
51958 1 1244
51978 1 8282
52006 3 2497
52146 1 10691
52228 1 3809
52248 1 702
52449 1 3942
52792 1 1466
53078 2 3327
53139 1 3527
53169 1 1818
53244 2 2636
53329 1 3895
53410 1 1196
53738 8 2051
53862 2 1177
53895 1 1788
53896 1 1788
54312 1 1359
54325 1 1225
55419 1 995
55500 1 1640
55515 3 1874
55672 2 1335
55928 1 1167
56212 1 4266
56802 1 8941
56821 1 6607
56849 2 1501
57248 1 605
57273 1 1248
57772 1 1177
57903 1 623
57957 1 1797
57958 1 1788
59433 1 1186
59467 1 4546
59576 1 679
59991 1 760
60030 1 10533
60108 2 633
60245 1 583
60276 1 3089
60284 1 1802
60485 1 2859
60810 3 626
60992 2 2142
61043 1 4069
61059 1 4559
61255 1 4815
61472 1 2455
61617 1 2377
61625 1 1309
61739 2 601
61982 1 995
62204 1 8201
62655 1 2002
63139 1 792
63309 1 4077
63377 1 425
63427 1 4477
63507 4 1696
63746 1 1470
63829 1 956
63943 3 751
64350 1 20899
64372 1 645
64619 2 2292
64627 1 380
65631 1 288
65726 1 2684
66056 1 1412
66102 1 833
66118 1 6182
66132 1 202
66156 1 2338
66255 2 1414
66564 1 2309
66661 1 988
66722 3 276701
66751 2 11896
66786 1 915
67054 1 2805
67219 1 8613
67309 1 844
67466 1 511
67656 1 1484
67696 1 1147
67716 1 692
67717 1 781
67725 1 1884
67756 1 5291
67776 1 2260
67963 1 2024
68178 1 814
68210 1 1864
68226 1 1021
68446 2 3669
68876 1 1494
69521 2 6102
69721 2 6125
69837 2 747
70025 1 463
70287 2 987
70595 1 2506
70701 1 2606
70836 2 1948
70856 1 1075
71276 2 2862
71790 1 2312
71877 1 7422
72198 2 2050
72241 5 232
72269 1 1104
72276 1 1201
72322 1 2478
72323 1 2321
72324 1 3100
72437 1 8964
72441 1 3167
72541 1 595
72760 7 729
72789 1 964
72984 1 609
73101 1 5854
73182 1 1485
73475 1 471
73653 1 1004
74296 1 3168
74390 1 3030
74511 1 844
74746 1 5004
74813 1 5631
74872 3 1224
74923 1 474
75954 1 3743
76112 1 801
76158 2 3909
76159 2 4003
76160 2 6409
76312 1 144
76353 1 3328
76405 2 5489
76769 1 2417
77203 1 4646
77204 1 4647
77541 2 801
77622 1 1784
77946 1 2824
