tim tim 3823 65215343 
131 1 14882
132 2 13051
142 1 5418
143 1 5521
144 1 5538
145 1 5371
189 1 1288
192 24 2446
233 2 1974
327 1 2668
352 4 2404
361 1 5027
381 1 651
382 1 654
409 2 489
410 2 328
411 6 356
412 8 288
472 1 1175
531 2 645
542 1 647
562 11 3293
587 3 1004
616 1 853
648 1 1101
668 1 2059
1029 1 1302
1049 16 2440
1052 12 3416
1140 2 873
1164 1 621
1177 1 1685
1185 1 15836
1201 1 342
1206 2 1304
1207 2 1292
1231 1 4288
1232 1 763
1244 1 172
1313 1 1940
1435 3 3772
1448 1 1058
1551 3 1402
1638 9 1745
1684 1 1203
1855 1 2208
1857 1 1294
1871 1 1031
1935 1 782
2082 1 460
2166 1 945
2168 2 1638
2238 2 789
2289 2 995
2387 1 1420
2389 1 3418
2397 1 632
2420 1 2316
2442 11 1034
2539 5 484
2587 1 642
2633 1 1505
2753 1 1122
2804 1 637
2825 4 2998
2986 1 714
3010 1 1261
3076 1 253
3077 1 448
3078 1 401
3079 1 522
3080 1 411
3092 2 1098
3103 1 3185
3128 1 1311
3133 3 4214
3171 1 1390
3182 1 1068
3202 5 6501
3246 1 610
3267 1 3085
3313 3 2034
3409 1 3574
3410 1 11224
3430 1 783
3444 1 1229
3471 2 4168
3513 2 2385
3514 1 5186
3531 1 1044
3638 1 816
3668 1 8976
3719 1 2258
3726 1 2061
3748 1 990
3800 1 1260
3801 3 795
3808 1 2032
3833 1 1551
3847 2 27149
3862 1 2528
3893 1 1570
3921 7 3235
3992 3 173
4000 2 6980
4030 4 1809
4121 5 371
4142 8 3987
4156 1 451
4188 1 2646
4295 1 1636
4296 1 6626
4297 1 7592
4298 2 7423
4342 1 1391
4441 1 873
4446 1 1214
4491 1 1897
4494 1 303
4495 3 2849
4519 1 1344
4523 1 2304
4524 2 2046
4608 1 2302
4735 1 1217
4780 4 1197
4800 1 1404
4842 4 2135
4845 2 1449
4850 3 1746
4854 5 1945
4867 1 1035
4868 2 1260
4906 2 8000
4907 2 8001
4908 2 8001
4934 1 2573
4947 2 848
4948 2 3561
4949 1 2219
4950 1 3067
4975 2 4050
5108 1 1101
5110 2 4935
5127 1 1687
5130 1 596
5140 1 1465
5187 1 758
5218 1 1503
5240 3 547
5276 1 298
5319 9 1028
5327 1 377
5418 1 1906
5446 1 728
5455 4 15074
5539 1 1043
5541 2 1278
5546 1 1150
5558 1 506
5565 1 792
5576 1 4592
5578 1 13045
5582 1 1321
5589 1 1188
5676 1 807
5887 1 1156
5894 1 4730
5895 1 1433
5940 1 1549
5941 1 593
5964 1 471
5976 1 336
5977 2 344
5978 2 821
5979 2 317
5980 2 538
5982 1 1168
6021 1 508
6027 1 292
6039 3 2773
6094 2 1655
6129 3 469
6139 1 2754
6140 1 2868
6453 1 2181
6559 3 1745
6583 1 7454
6836 2 629
6993 1 349
7016 1 1558
7078 3 2260
7079 1 4960
7138 2 2191
7284 2 3123
7433 1 1229
7491 5 7708
7507 1 542
7567 1 1218
7576 1 6690
7644 1 472
7663 1 1465
7705 3 4973
7788 1 606
7932 5 938
7939 1 431
7955 2 1555
7967 4 1641
8078 1 948
8085 1 2815
8093 1 20088
8109 1 2224
8112 1 1014
8206 1 487
8249 1 7006
8261 2 539
8267 4 1357
8297 15 12133
8308 1 971
8310 1 4695
8323 2 1446
8324 1 886
8380 1 2765
8403 1 2102
8410 1 1260
8416 5 4562
8465 1 1696
8506 1 403
8508 1 5791
8521 1 1898
8529 1 661
8546 1 2592
8561 2 3145
8575 1 1694
8613 2 1556
8615 1 1268
8640 1 823
8650 2 9126
8825 1 689
8850 2 3830
8857 4 2274
8896 1 1087
8931 1 1039
8971 1 998
8991 2 362
8993 1 2404
9109 1 669
9118 1 1714
9121 1 1865
9150 1 654
9151 1 828
9168 1 538
9177 1 634
9178 1 266
9179 1 546
9239 1 1961
9292 1 3389
9294 2 3543
9371 1 1526
9410 1 726
9413 1 1215
9422 1 1172
9431 1 3717
9503 1 6051
9548 4 3267
9558 1 3824
9560 1 1447
9581 1 2040
9587 1 1796
9598 1 1062
9599 1 694
9677 2 632
9712 2 736
9713 1 1813
9736 1 1415
9757 1 673
9801 1 3599
9826 1 2248
9843 1 872
9844 1 505
9889 1 1688
9908 1 673
9911 1 1621
9948 1 2209
9986 1 864
9987 1 693
10157 1 632
10247 1 1114
10252 4 1476
10268 1 846
10298 1 2030
10332 2 2802
10496 1 1615
10497 1 1517
10498 7 1356
10542 9 3137
10570 1 506
10572 1 1089
10624 1 1876
10639 1 293
10640 1 1072
10681 1 721
10804 1 795
10864 1 2401
10872 1 478
10979 1 1181
11062 1 1457
11124 1 1521
11202 2 3466
11207 2 1893
11214 1 1706
11241 1 828
11242 1 738
11269 3 1254
11279 1 1595
11363 4 8263
11365 1 1363
11382 1 1292
11445 1 1070
11467 2 3152
11501 1 516
11509 1 842
11590 1 1805
11599 1 1132
11615 1 1661
11627 3 1347
11635 2 396
11951 1 803
12021 1 421
12169 1 689
12260 6 746
12355 1 612
12377 1 1151
12435 1 2066
12456 4 4543
12466 2 1446
12498 1 3985
12499 1 3780
12526 1 21005
12609 4 1268
12629 1 2039
12673 1 6656
12697 2 1979
12699 1 1939
12753 1 3395
12777 1 3961
12786 1 7289
12818 3 3788
12838 1 2280
12856 3 446
12982 1 1294
13058 1 11569
13130 1 1432
13131 1 1016
13215 1 947
13221 1 2420
13228 1 1639
13247 1 902
13261 2 2305
13331 1 948
13339 3 2880
13411 1 2036
13427 2 2521
13432 2 875
13458 1 1508
13463 1 3262
13497 6 6632
13513 1 803
13526 1 430
13542 1 805
13545 1 631
13618 1 28398
13630 1 660
13670 1 2094
13698 1 2026
13831 1 993
13840 6 1860
13871 1 6056
13878 1 298
13891 1 2917
13892 1 814
13922 1 956
13927 2 817
13936 1 3277
14045 1 861
14046 1 1429
14093 2 384
14100 1 675
14185 4 2424
14247 1 1300
14248 2 321
14249 1 318
14250 1 236
14251 1 317
14252 1 371
14268 1 573
14313 1 5288
14324 1 1130
14373 1 6743
14374 1 3433
14381 1 913
14414 1 1128
14516 1 752
14603 1 1027
14649 1 3074
14660 2 1279
14703 1 1446
14820 5 4854
14826 2 887
14860 1 813
14878 1 3248
15067 1 835
15092 3 2742
15196 2 8919
15244 1 5618
15258 1 1167
15262 1 566
15282 2 400
15285 1 897
15470 1 794
15517 1 2551
15548 1 400
15549 1 339
15550 14 454
15566 1 625
15663 1 697
15672 1 1879
15865 1 1031
16006 1 1307
16007 1 6296
16038 1 458
16105 1 1661
16178 7 4155
16183 1 2917
16197 1 2078
16199 1 1973
16323 2 1197
16334 3 1709
16404 1 746
16463 1 1739
16499 2 1594
16556 1 1491
16588 1 1592
16653 2 1112
16669 1 1384
16672 1 1177
16789 1 877
16798 1 2575
16799 1 3514
16800 1 2525
16801 1 2170
16802 4 2436
16835 2 3680
16836 1 4094
16845 1 8711
16854 1 1347
16863 1 2074
16871 2 1031
16891 1 1176
16906 1 474
16915 1 1177
16978 1 1563
16997 6 2630
17027 1 6203
17102 2 1387
17116 3 3516
17138 1 2150
17147 1 697
17168 4 3800
17205 1 1800
17216 1 1476
17252 1 2637
17323 1 1419
17342 4 4836
17351 2 4853
17363 5 2096
17410 1 1752
17490 1 455
17504 1 2199
17505 1 5120
17509 1 1726
17613 2 2393
17683 1 2520
17690 2 743
17730 1 4474
17834 2 724
17844 2 5452
17846 1 1416
17870 1 2093
17904 1 6041
17905 1 2215
17906 1 502
17907 1 453
17996 1 1106
18022 2 791
18056 4 1771
18076 2 734
18092 1 1678
18100 1 936
18146 1 5814
18263 1 2623
18326 1 6203
18373 1 1926
18489 2 726
18522 1 1484
18570 1 1012
18627 1 1504
18649 1 199
18739 1 3057
18740 1 2994
18741 1 3106
18742 1 2981
18762 1 911
18788 1 1109
18840 10 4890
18854 1 1094
18874 2 755
18888 5 1190
18928 3 593
18933 1 6035
18951 2 5208
18961 1 690
18993 3 1283
19045 3 3919
19059 1 838
19091 1 1544
19142 1 1574
19186 1 6942
19367 1 1627
19382 1 889
19413 1 1698
19427 1 1218
19509 1 1523
19510 1 1532
19597 3 348
19647 1 3406
19656 2 5073
19676 1 1224
19680 2 5229
19799 1 701
19887 1 3613
19912 1 1384
19932 2 1327
19934 1 984
19960 2 1151
19961 1 2081
20016 1 3043
20017 1 5287
20057 2 5239
20166 1 1465
20227 2 2347
20252 1 3211
20376 1 1300
20393 1 475
20581 1 1771
20583 1 1743
20585 1 1770
20587 1 999
20593 1 1768
20596 1 1769
20598 1 1777
20601 1 1785
20653 1 6960
20707 3 35797
20710 1 6801
20711 4 6388
20785 1 3062
20786 1 452
20806 1 1566
20808 1 1960
20831 1 5707
20899 1 3664
20920 1 1439
20932 2 1475
20935 4 1544
20936 4 2518
20937 6 3666
20938 5 3851
20963 3 523
20977 3 2515
20985 3 1356
20988 1 1264
20990 1 2056
21006 1 1452
21029 1 154
21050 2 1359
21064 3 674
21097 1 1144
21157 7 1251
21191 2 323
21208 3 1438
21305 1 954
21319 1 589
21336 1 4593
21345 2 2751
21362 6 2634
21400 1 1853
21469 3 3531
21470 3 3587
21490 1 4936
21492 1 1466
21525 1 2178
21533 1 1795
21534 4 1751
21599 1 2186
21613 2 1522
21615 5 293
21649 1 2333
21663 1 324
21686 1 221
21698 1 2267
21699 1 454
21719 1 880
21768 2 2946
21770 6 4733
21771 1 1070
21773 1 955
21877 1 1400
21920 2 903
21948 1 2447
21991 1 1915
21994 1 1872
21996 1 2579
22032 1 4462
22052 1 1487
22070 10 1420
22091 2 569
22101 1 1132
22125 1 1410
22145 3 103
22159 1 2515
22170 1 534
22172 1 401
22206 1 2514
22212 1 32
22464 2 1400
22495 1 319
22496 1 412
22497 1 297
22498 1 2128
22499 1 511
22500 1 247
22628 1 1515
22764 1 1100
22867 1 2220
22906 11 6036
22934 2 1223
23030 2 1410
23064 1 7447
23154 1 381
23156 1 118
23359 1 1250
23366 1 1782
23371 1 1501
23391 1 1572
23467 2 654
23510 1 1027
23557 1 1303
23661 1 1416
23668 1 570
23669 1 2196
23671 2 7612
23678 4 5285
23685 1 1613
23691 2 1646
23694 1 793
23747 1 2274
23783 1 1502
23896 2 3005
24031 1 426
24059 2 99
24074 1 995
24087 2 919
24095 3 3720
24118 2 2970
24119 47 14616
24125 1 670
24202 3 728
24212 1 4006
24344 1 1323
24389 1 1096
24454 2 2201
24461 1 554
24532 2 348
24539 2 3939
24540 2 4575
24541 2 5645
24660 3 1090
24775 1 6446
24834 1 2002
24912 1 830
24956 1 1523
25064 1 1909
25076 1 568
25116 1 656
25120 2 1142
25231 1 2410
25233 1 4985
25250 1 1859
25251 1 1958
25262 1 5430
25293 1 562
25317 1 684
25323 1 1577
25396 1 901
25458 3 246
25459 1 1129
25460 4 297
25478 1 3302
25480 1 178
25482 1 462
25491 5 2382
25494 1 807
25545 4 2403
25693 2 2462
25714 1 1605
25720 1 2037
25728 1 5705
25992 1 559
26074 1 1274
26086 1 694
26128 1 744
26218 2 3037
26219 2 751
26241 1 5926
26249 1 1432
26304 1 1055
26305 1 1140
26343 4 4639
26348 3 1110
26354 1 914
26388 1 3682
26516 4 2569
26522 1 1759
26621 1 486
26631 1 8025
26710 1 638
26754 2 1464
26766 2 1561
26783 1 703
26799 1 606
26813 1 1462
26815 2 653
26817 1 1868
26824 1 966
26851 1 442
26922 2 396
26928 1 578
26944 1 2864
26974 1 1029
27153 1 1004
27163 1 1060
27256 1 710
27345 1 1252
27391 4 4345
27392 4 4376
27417 9 1328
27481 1 875
27548 1 1189
27575 1 1100
27595 1 505
27625 2 2383
27772 2 3134
27773 1 1301
27824 1 2281
27847 3 942
27901 1 544
27924 1 500
28040 2 4385
28105 1 3202
28121 1 981
28200 1 614
28219 1 5367
28263 1 812
28267 1 638
28279 1 1131
28286 1 785
28314 1 1247
28317 1 406
28333 1 485
28413 1 1726
28420 1 573
28426 3 911
28491 8 4917
28566 3 474
28691 1 1330
28768 1 734
28771 1 1129
28816 4 2084
28846 1 1687
29045 1 1313
29048 1 1451
29063 2 2116
29078 2 1124
29096 1 764
29144 1 2485
29152 1 1988
29169 1 532
29396 3 8576
29461 1 767
29462 1 274
29463 1 305
29464 1 522
29500 1 195
29506 1 409
29520 1 443
29531 1 652
29556 3 1585
29584 1 1507
29608 1 1950
29610 1 1172
29629 1 1492
29648 1 8110
29877 1 2973
29883 2 1156
29888 3 3407
29891 1 4871
29910 1 5908
29985 1 604
30088 1 2391
30127 1 2006
30197 1 3083
30255 11 2558
30307 1 3452
30341 2 713
30351 1 4754
30352 1 5973
30358 1 523
30383 1 1333
30406 1 1136
30433 1 4735
30459 1 1537
30542 1 612
30555 5 4027
30694 1 444
30752 1 1610
30754 1 1367
30757 1 1418
30810 1 1740
30821 1 1456
30833 5 1063
30875 1 1543
30905 2 1442
31069 1 735
31113 1 419
31135 5 246
31142 1 337
31273 1 543
31300 1 446
31301 1 425
31302 1 453
31327 1 3711
31343 1 1798
31350 2 1047
31376 1 613
31399 1 1760
31444 1 3894
31500 1 826
31506 1 833
31555 1 1195
31600 1 1053
31623 1 8156
31691 1 1773
31744 1 7219
31755 1 1317
31774 1 1024
31925 1 841
31961 1 705
31962 1 497
31973 2 1614
31999 1 1430
32033 1 1250
32098 2 54
32121 2 2253
32182 1 1464
32200 2 968
32253 1 425
32254 1 324
32314 1 2456
32323 1 595
32348 1 1430
32414 1 1665
32432 1 1300
32498 4 2231
32607 1 1868
32647 2 906
32653 1 5663
32659 3 1206
32812 2 747
32977 5 895
33075 1 1601
33076 1 1741
33091 3 10334
33177 1 5478
33203 1 357
33240 1 9576
33294 1 1429
33317 1 1673
33319 1 2701
33335 1 9267
33447 1 975
33666 1 5443
33667 1 5472
33768 2 31
33819 2 4941
33831 1 6374
33875 1 726
33894 1 1158
33924 3 11847
33925 4 684
33937 2 14231
33949 2 537
33987 19 4548
34026 4 1201
34035 8 2575
34092 4 1599
34093 3 1603
34094 3 1268
34178 3 2529
34211 2 298
34223 2 1760
34308 1 581
34311 1 1306
34315 1 574
34341 1 1060
34349 6 1131
34395 1 2479
34445 1 2643
34481 2 3475
34575 3 2031
34652 1 1004
34665 1 1365
34672 1 942
34694 1 658
34702 1 1354
34745 1 3957
34776 6 2068
34881 1 2427
34911 2 2148
34918 2 681
35207 1 416
35332 1 2865
35333 1 5425
35334 2 4418
35370 1 1313
35373 1 1558
35422 1 5435
35475 1 12761
35489 11 1348
35531 2 967
35595 1 934
35610 4 530
35645 2 3206
35702 9 1151
35791 1 1953
35828 1 5244
35831 1 3206
35833 1 1394
35844 1 1135
35886 1 671
35903 1 824
35971 2 1028
36012 2 1501
36013 1 2981
36129 1 1661
36131 1 1273
36132 2 1034
36152 1 482
36239 6 2990
36279 2 659
36281 1 1467
36282 1 821
36331 2 613
36364 2 2554
36417 1 2136
36546 1 1536
36677 1 2268
36680 1 1651
36681 1 2010
36682 1 2478
36683 1 1069
36685 2 3543
36775 1 4563
36780 1 5418
36818 1 1244
36828 1 1444
36873 4 4539
36882 1 6259
36883 2 397
36962 1 5960
36996 1 694
37040 1 2087
37106 1 3136
37107 1 1068
37139 1 1195
37235 1 1413
37278 2 2964
37285 1 2205
37377 5 630
37418 1 1786
37419 1 13883
37423 1 13622
37504 1 903
37555 1 959
37585 2 894
37613 1 1538
37621 1 648
37625 2 2363
37649 1 1913
37650 1 2418
37654 2 603
37684 2 1530
37727 1 606
37738 1 991
37831 3 250
37930 1 681
37961 1 2110
38018 2 902
38051 1 1733
38069 3 3382
38121 1 989
38125 1 482
38132 1 179
38172 1 2261
38188 6 910
38210 1 1326
38422 2 782
38445 2 2338
38450 1 589
38478 1 1991
38502 16 1471
38518 1 974
38535 1 373
38536 1 1157
38557 4 10387
38586 11 3019
38623 2 1018
38658 2 671
38666 9 1249
38667 5 1300
38679 2 4243
38685 1 2596
38686 1 2997
38687 1 2099
38694 1 1649
38710 1 1030
38711 1 2289
38726 1 926
38745 2 916
38753 1 663
38781 1 2162
38880 1 1528
38928 3 2507
38942 3 3171
38970 1 774
38971 1 373
38999 5 4065
39092 1 2067
39121 19 2269
39181 1 3063
39240 1 1187
39241 1 7079
39256 1 1626
39257 3 2445
39259 1 3420
39280 1 2767
39290 5 5621
39388 1 2149
39401 1 3431
39478 1 1398
39489 1 1197
39492 1 2059
39527 1 520
39532 2 2114
39533 1 1603
39553 2 1762
39872 1 217
39875 1 110
39970 2 1979
39971 1 516
39976 1 699
39977 1 711
39985 2 3132
39993 1 6188
40035 1 1005
40093 4 4751
40216 2 789
40248 2 986
40287 1 10480
40362 3 476
40446 1 1492
40448 1 3806
40476 1 354
40644 4 2413
40663 1 2472
40666 1 1754
40752 1 606
40771 1 1289
40781 2 1183
40782 2 731
40787 1 597
40817 1 2302
40839 1 300
40854 1 1256
40944 2 5673
40971 1 1457
41003 2 522
41032 2 2291
41114 1 2690
41123 1 2499
41243 1 725
41286 1 632
41424 1 924
41430 1 1189
41702 1 1250
41818 10 3884
41863 1 758
41875 1 668
41904 1 1303
42020 2 2292
42025 1 9933
42053 1 3174
42138 1 846
42145 1 1077
42170 1 4262
42182 1 2436
42236 1 1927
42264 2 748
42348 2 588
42359 1 2478
42388 1 518
42390 1 1124
42415 1 893
42459 2 68
42538 19 1565
42582 1 1649
42595 1 978
42627 2 1127
42630 1 2369
42634 1 1644
42682 1 3838
42837 2 2818
42842 1 2027
42847 2 1125
42869 1 992
42870 1 1054
42928 2 2793
42960 1 7453
43026 1 1259
43029 2 1012
43225 1 233
43443 1 896
43464 1 643
43523 1 5434
43538 1 2943
43593 1 571
43597 1 2088
43637 5 1684
43772 2 1303
43786 1 1882
43787 1 1288
43788 1 2027
43915 3 3241
43999 1 5400
44219 1 1788
44255 3 1773
44324 1 1220
44362 1 3685
44395 4 1358
44399 2 221
44463 2 552
44494 1 3303
44502 1 1064
44508 1 595
44509 1 519
44539 4 427
44738 1 1542
44779 1 1194
44791 8 1689
44792 1 3157
44813 1 1238
44844 2 93
44847 1 329
44848 1 1841
44849 13 483
44865 1 581
44874 1 3594
44954 3 8549
44955 3 7733
44956 2 7041
44957 4 10010
44960 2 1644
45169 1 721
45189 1 6148
45383 1 1334
45422 1 776
45747 1 211
45935 4 4684
45965 1 724
46047 1 518
46067 1 1067
46135 2 1017
46153 2 3988
46212 1 1331
46289 1 4086
46290 1 641
46366 1 410
46378 2 6175
46387 1 1422
46388 1 81863
46402 1 37
46419 4 2392
46426 4 3573
46512 1 4395
46515 1 757
46532 1 2752
46547 1 1295
46550 1 1512
46552 1 9921
46553 2 1252
46598 1 248
46627 1 4426
46639 4 4091
46680 1 800
46681 1 893
46702 1 1312
46731 1 1668
46744 1 1837
46749 1 6951
46837 1 2432
46851 1 851
46910 1 1422
46914 1 1128
46950 1 2171
46983 1 4196
47006 1 1196
47039 6 2061
47094 2 829
47149 2 2044
47194 2 2096
47219 1 665
47222 1 500
47226 1 671
47261 1 657
47382 3 6307
47417 1 366
47420 2 1161
47421 1 299
47442 1 559
47524 1 817
47528 2 4592
47546 1 1613
47561 2 3141
47573 3 1389
47576 1 2029
47651 1 3064
47663 1 922
47749 1 7411
47751 1 483
47800 1 10768
47848 2 2980
47923 2 401
48091 1 849
48141 1 632
48213 6 317
48247 2 2933
48283 1 619
48284 1 1198
48299 1 3767
48312 1 1292
48407 1 1657
48414 1 3926
48432 1 747
48471 1 2563
48529 1 473
48545 1 3140
48554 1 521
48621 1 525
48627 1 497
48673 5 6093
48693 1 470
48715 1 188
48764 1 1470
48858 1 3188
48912 1 2452
48938 2 419
48939 1 1135
48940 1 321
48941 1 290
48942 1 325
48943 1 290
48989 1 1067
49000 1 3581
49010 1 866
49026 8 1774
49073 1 1915
49092 2 39956
49101 1 1412
49102 1 662
49105 2 2283
49118 1 618
49122 1 928
49139 4 1280
49140 1 1377
49184 1 2455
49190 1 1204
49209 1 797
49232 4 5655
49252 1 971
49291 1 170
49292 1 1045
49336 1 251
49344 2 2202
49350 3 2540
49375 2 11530
49376 1 5243
49435 2 1167
49445 2 1014
49463 1 566
49464 2 549
49472 3 836
49482 1 1172
49483 2 4047
49484 2 3481
49519 1 1422
49562 1 451
49725 1 308
49752 1 1670
49753 1 1126
49754 1 1006
49883 3 2198
49885 2 1429
49932 1 1098
49935 3 757
49965 4 2813
49966 4 2862
49971 1 2684
49988 2 2850
50026 1 969
50031 2 1861
50186 2 5705
50210 2 2088
50213 2 1995
50219 1 771
50266 1 999
50293 1 2189
50347 1 616
50348 1 617
50349 1 616
50350 1 1319
50351 1 1270
50352 1 1013
50369 16 1117
50381 1 463
50429 8 2393
50476 2 10882
50481 1 2364
50520 3 3232
50536 1 884
50538 1 635
50539 1 725
50591 3 296
50604 1 657
50606 13 5596
50733 3 1460
50734 3 2167
50735 3 2198
50747 3 1378
50783 1 2276
50784 1 2392
50796 1 1698
50811 1 989
50812 1 1028
50815 1 421
50816 2 303
50817 1 349
50818 2 353
50819 2 488
50820 1 392
50821 1 497
50822 1 477
50857 7 6468
50861 1 652
50866 1 2623
50878 2 923
50881 4 4909
50936 1 3155
50973 1 569
50974 1 589
50975 1 604
50976 1 634
50990 1 2134
51011 1 1216
51037 1 1338
51089 1 1317
51092 4 3069
51177 1 2704
51200 1 1152
51294 1 801
51295 1 5729
51324 1 2010
51326 1 2077
51355 1 860
51356 1 903
51365 1 561
51401 1 461
51448 2 734
51606 1 947
51682 5 547
51712 1 2167
51748 1 5468
51749 1 5454
51843 1 6718
51845 1 1135
51888 13 467
51891 3 6407
51892 1 4521
51899 1 12169
51909 2 1309
51934 1 1088
51939 1 776
51950 1 1782
51954 1 1366
51976 1 1263
51984 2 825
51994 1 9298
52069 1 2292
52105 4 1953
52110 2 936
52133 2 181
52166 1 894
52206 1 645
52233 1 1302
52270 1 376
52283 2 2127
52320 2 2961
52396 1 4756
52426 1 1385
52440 1 6680
52442 1 1703
52450 1 1698
52505 1 2436
52541 1 3260
52551 1 438
52557 1 5509
52573 1 724
52584 1 1788
52709 2 1796
52974 1 1854
52978 1 713
52982 1 458
52988 1 24350
53046 1 6992
53073 1 2274
53101 2 1846
53105 2 1782
53226 1 516
53241 1 4057
53248 1 5457
53249 1 556
53268 2 5517
53308 1 2307
53441 2 3363
53479 2 1784
53480 2 394
53509 1 1285
53538 1 2024
53674 1 1401
53717 1 4413
53749 5 823
53753 1 667
53842 1 2291
53853 1 2874
53867 1 1992
54093 1 4103
54132 1 1427
54157 1 5381
54175 1 2289
54308 1 5441
54314 1 2046
54355 8 10248
54444 1 588
54589 1 2333
54591 1 1160
54592 1 1227
54593 1 892
54640 1 1444
54653 1 168
54674 1 1298
54857 1 484
54898 1 1396
54900 1 991
54975 1 1380
55029 1 355
55081 1 549
55126 1 3321
55430 1 693
55431 1 725
55468 1 941
55469 1 1027
55483 1 522
55496 2 5278
55517 1 1625
55867 3 205
55919 1 3288
56151 1 136
56182 1 926
56274 2 2124
56339 1 392
56445 3 2121
56487 1 3333
56523 1 856
56524 1 4137
56591 1 1805
56597 1 958
56662 1 897
56725 1 453
56751 1 145
56802 1 8941
56832 1 1352
56903 1 636
56927 1 1129
56936 1 962
56937 1 655
56946 1 734
56995 1 1253
57238 3 2018
57313 1 774
57320 3 1640
57348 1 278
57349 1 277
57350 1 838
57351 1 284
57352 1 504
57353 1 469
57395 1 481
57409 1 701
57451 1 3058
57469 1 965
57473 2 455
57494 1 3677
57520 2 5772
57664 1 362
57742 1 1058
57765 1 365
57767 1 1708
57809 2 1242
57821 3 4929
57834 1 4576
57844 3 1815
57846 1 2065
57897 1 3276
57914 2 2836
57923 1 2383
58033 3 223
58201 1 1355
58220 2 2264
58231 5 4145
58234 1 651
58274 1 270
58279 1 651
58378 1 2575
58379 2 1919
58408 1 4007
58451 2 1894
58499 1 661
58503 1 2202
58742 1 891
58805 1 615
58811 1 1237
58812 3 476
58813 1 500
58814 11 673
58831 1 289
58852 1 3464
58873 1 713
58940 1 4530
58945 1 328
58948 1 455
58964 1 5289
58965 1 5140
58966 1 5767
59080 2 953
59210 1 1617
59225 1 6473
59229 1 707
59251 5 6070
59294 1 661
59348 1 10477
59375 1 1450
59400 1 1212
59439 2 1220
59447 1 836
59448 1 1068
59459 1 1393
59494 1 2310
59514 1 1322
59521 1 1931
59580 1 1999
59591 2 1374
59592 3 2574
59593 2 1584
59612 3 826
59613 1 1032
59619 1 3498
59632 1 2405
59633 1 4221
59634 1 2585
59635 1 4384
59636 1 2251
59637 1 2484
59638 4 3389
59639 3 3423
59640 1 5056
59641 1 4053
59642 1 3464
59660 4 2783
59661 4 2342
59662 4 14951
59762 1 607
59801 1 1104
59826 1 1508
59843 7 6525
59918 1 9598
59925 1 3361
59985 1 4522
59987 1 5303
60018 1 2504
60062 1 928
60064 1 3872
60074 1 1151
60150 1 701
60152 1 7811
60176 3 1953
60186 1 880
60236 1 760
60258 1 285
60259 1 492
60291 8 1433
60328 1 1340
60329 1 1634
60369 1 1182
60391 1 637
60399 1 382
60509 4 4010
60529 3 1952
60557 1 1915
60605 4 568
60609 9 841
60686 3 1454
60693 2 7521
60730 5 900
60789 1 1758
60815 1 2171
60825 2 2017
60854 3 589
60865 1 523
60947 4 607
61012 1 73
61013 1 1077
61014 1 609
61015 1 600
61016 1 1771
61021 1 5166
61046 1 660
61092 1 1272
61167 1 3616
61328 1 1075
61352 2 18809
61391 3 5684
61399 1 743
61418 3 2160
61489 1 73
61513 1 615
61523 1 3940
61545 1 814
61546 1 840
61547 1 853
61548 1 745
61549 1 1113
61550 1 1103
61551 1 1078
61552 1 1167
61554 1 958
61622 2 1514
61637 1 582
61680 2 2168
61736 1 3608
61799 2 1049
61829 3 3211
61838 1 1648
61862 1 5528
61870 1 3147
61909 3 3209
61910 1 1215
61999 1 1306
62019 1 879
62028 1 6469
62082 2 1641
62088 1 479
62089 1 327
62092 1 1030
62135 1 368
62204 1 8201
62215 1 1984
62292 1 1351
62301 1 577
62317 2 1576
62354 2 323
62414 1 385
62434 3 1233
62459 1 666
62482 2 1901
62516 1 453
62546 1 730
62613 1 5274
62774 1 1461
62788 1 2229
62832 1 1084
62851 1 1797
62852 1 1986
62867 1 1739
62912 1 6714
62932 2 1598
62964 1 1101
62999 3 1473
63073 5 6062
63074 1 4609
63075 1 3050
63076 1 3881
63077 1 5251
63094 1 985
63118 1 876
63160 1 1813
63167 1 3539
63282 1 1385
63283 1 736
63312 1 891
63314 1 596
63399 7 4652
63415 1 786
63454 1 220
63497 1 1725
63519 1 2160
63553 10 439
63554 1 2850
63555 3 7057
63564 1 3674
63634 1 5269
63686 1 3010
63795 1 1855
63834 1 3002
63941 2 1650
63964 1 1764
63987 1 1321
64010 2 2508
64034 5 2927
64083 1 1054
64326 1 1704
64331 2 3013
64381 1 1648
64437 1 1636
64521 1 5475
64527 1 314
64564 1 1147
64596 1 820
64611 1 2134
64635 1 1256
64655 3 2422
64673 1 533
64916 1 479
64972 2 427
64973 2 433
64974 2 1043
64975 1 318
64976 8 295
65020 1 571
65035 2 1584
65054 5 1000
65068 2 2208
65078 2 1249
65079 1 1254
65080 2 1255
65250 1 1431
65366 2 1282
65410 2 1931
65515 13 1671
65537 3 3294
65623 1 510
65626 1 603
65636 1 608
65637 1 563
65651 1 1756
65674 1 660
65785 1 1670
65790 3 5117
65800 1 1457
65847 2 859
65848 1 352
65849 1 258
65850 1 644
65851 1 483
65852 9 807
65897 1 1239
65912 1 1206
65946 2 1248
65963 3 958
65972 7 1924
65978 1 3467
65979 1 4694
65980 1 4583
65999 3 7992
66047 1 1117
66082 1 1232
66100 1 430
66101 1 742
66146 1 996
66189 1 7316
66190 1 624
66279 1 657
66280 1 529
66365 1 1856
66439 4 705
66455 2 1985
66486 3 1876
66511 2 1322
66519 1 961
66583 2 1396
66586 1 2141
66587 1 4790
66596 1 463
66604 1 685
66762 2 1134
66776 1 1404
66789 1 1034
66836 1 1242
66933 1 626
66941 1 772
66963 2 1157
67002 1 6563
67005 1 1168
67026 1 1094
67052 3 419
67065 2 920
67091 1 734
67093 1 720
67108 2 742
67195 2 6824
67197 12 490
67219 4 8613
67316 5 2577
67327 3 1861
67391 5 4824
67393 1 6324
67397 24 908
67399 2 1127
67401 1 1996
67402 1 736
67403 1 3316
67408 2 5567
67439 1 900
67445 1 1377
67450 1 1510
67462 3 412
67577 1 1016
67578 1 750
67678 1 2911
67722 1 1758
67752 1 918
67782 1 1569
67790 1 3052
67801 1 1053
67869 1 1785
67880 2 1302
67884 2 954
67898 1 1778
67899 1 4652
67912 1 609
67985 1 2304
68084 1 633
68124 1 2400
68161 1 1742
68226 3 1021
68228 2 6756
68326 2 2529
68346 4 2235
68522 3 228
68664 1 3316
68708 6 6905
68713 1 3702
68751 1 1427
68785 1 204
68812 8 10319
68946 1 548
68982 2 2244
69045 1 373
69397 1 1106
69398 1 293
69399 1 753
69400 1 526
69427 1 894
69495 2 2757
69701 1 1593
69707 1 668
69726 1 598
69730 2 505
69914 1 7296
69917 1 3612
69967 2 2207
69990 1 3720
70011 1 255
70020 1 1127
70165 1 1399
70207 1 10208
70216 1 2736
70230 1 1801
70575 1 964
70616 6 860
70637 1 1177
70841 1 8361
70870 1 2226
70888 1 746
70936 1 1631
71043 1 4249
71077 2 2876
71137 1 9411
71156 2 563
71278 1 546
71296 4 1157
71315 1 6723
71323 3 3523
71421 1 1040
71459 3 2233
71549 2 2186
71556 1 1415
71634 1 2564
71658 1 1236
71676 1 2168
71677 1 564
71705 8 10258
71726 2 906
71855 2 863
71899 1 523
71900 1 688
71901 1 750
71902 1 565
71903 1 443
71924 4 2521
71934 1 70
72004 1 8626
72016 1 859
72038 3 3035
72040 1 674
72057 1 794
72201 1 5125
72256 1 1403
72257 1 1524
72258 1 1182
72259 1 1369
72320 2 1701
72324 1 3100
72380 1 3360
72388 1 1980
72410 1 4306
72412 4 14176
72436 1 1419
72477 2 1064
72497 1 687
72613 4 1298
72635 1 704
72765 1 2690
72766 1 1339
72767 1 788
72799 2 1643
72812 3 1731
72831 2 6567
72849 7 2190
72851 1 889
72879 1 7089
72897 2 3666
72912 1 1794
72924 2 1464
72925 2 1459
72934 1 2319
72936 1 2099
72941 1 668
72945 4 2766
72949 1 424
72968 1 812
73035 1 451
73088 1 4779
73096 3 2375
73115 1 2759
73126 1 744
73155 1 3609
73160 1 1243
73170 1 5445
73171 1 5544
73172 1 5440
73220 11 4868
73246 2 409
73253 1 2048
73254 1 2203
73256 3 736
73349 1 2244
73373 1 5222
73450 1 455
73675 2 1104
73757 1 673
73796 1 218
73813 1 343
73854 1 119
73877 1 1442
73920 1 2452
73945 1 10857
74000 1 5543
74061 1 1106
74094 1 3820
74100 1 947
74116 7 4873
74120 1 2512
74131 1 681
74151 5 1393
74167 2 1039
74198 2 1315
74215 2 813
74278 1 1950
74298 1 2423
74346 1 1835
74373 1 1982
74374 2 1600
74438 1 1352
74444 1 1117
74531 1 833
74563 1 923
74583 1 1151
74664 1 858
74706 2 5592
74707 2 4337
74708 2 4408
74776 1 3788
74792 1 1680
74812 2 4167
74893 2 778
74902 1 774
74955 1 660
75120 1 748
75179 1 471
75183 1 264
75184 1 259
75185 1 279
75186 2 748
75202 1 3010
75256 1 1760
75262 2 1538
75263 1 1329
75303 1 2682
75304 1 2880
75305 1 2807
75306 2 2908
75532 2 2113
75533 2 1660
75534 2 9607
75541 1 303
75555 1 1273
75589 1 381
75629 1 945
75761 1 640
75940 1 2480
75961 1 1828
75963 1 2775
75969 1 5873
76002 1 5452
76013 1 482
76044 7 565
76094 1 1404
76100 1 976
76104 1 2832
76129 1 695
76130 1 669
76136 3 4953
76141 1 326
76158 1 3909
76159 1 4003
76160 1 6409
76174 1 20998
76204 1 2051
76223 1 1582
76262 1 3194
76301 4 1532
76310 1 4929
76326 1 2230
76340 3 3506
76348 1 602
76357 2 2792
76392 1 909
76408 6 4367
76409 3 2559
76411 3 6346
76465 6 2400
76508 1 2897
76592 1 1400
76593 1 1119
76615 7 3913
76617 2 1552
76625 1 2143
76631 1 340
76753 2 3309
76755 6 5294
76756 1 4633
76780 1 5196
76868 3 1662
76876 1 999
76889 1 1635
76912 1 821
76963 2 1460
76979 1 171
76990 1 1902
77011 1 329
77054 1 1501
77075 1 2473
77107 1 1115
77123 1 814
77127 1 1709
77148 2 3628
77162 2 621
77198 3 980
77202 2 8001
77210 1 4271
77235 1 455
77245 1 2403
77246 3 6149
77253 1 1729
77255 1 744
77388 1 1700
77390 2 3306
77411 1 3629
77438 1 1254
77485 1 666
77488 1 464
77611 1 337
77652 8 3016
77679 1 1251
77816 1 2167
77817 1 4230
77818 1 6471
77819 1 3260
77856 2 320
77857 1 708
77858 4 335
77859 3 493
77860 4 2146
77936 3 472
77961 4 8551
78098 2 1138
78112 2 1269
78118 2 2357
