virtual virtual 5324 65215343 
17 1 1148
69 1 1167
112 1 675
131 2 14882
148 1 214
183 1 998
203 2 5213
258 16 56657
297 2 370
304 1 996
359 4 1896
377 1 713
384 1 1662
424 1 2481
455 36 3709
465 2 1411
466 1 1460
471 2 3108
472 2 1175
473 2 5126
474 2 3627
475 2 1753
476 2 1866
477 2 3143
478 3 605
533 1 1661
534 1 897
573 2 2963
670 1 821
679 1 818
683 1 928
684 1 429
724 1 984
725 1 7096
760 2 693
850 1 328
903 3 144
1003 1 2079
1052 1 3416
1071 1 629
1080 1 1254
1084 1 1247
1099 4 2460
1106 1 1380
1152 3 1543
1153 1 6533
1235 1 1164
1272 1 2455
1300 1 809
1376 2 652
1430 1 625
1474 1 480
1477 1 1403
1484 3 6578
1512 7 8417
1528 1 1875
1573 1 2363
1595 2 824
1632 1 1365
1634 1 30082
1648 1 2206
1652 3 1683
1665 3 313
1666 1 1519
1674 1 1844
1698 2 216
1741 1 5895
1756 1 1307
1764 1 1111
1767 1 13095
1796 1 1148
1806 1 911
1826 1 1011
1846 3 1054
1852 1 2619
1897 1 2847
1956 1 3792
1969 1 450
1973 46 16948
1983 2 5638
2001 1 2255
2012 2 2745
2046 1 13880
2070 2 537
2084 2 1228
2137 1 1480
2142 1 955
2204 5 824
2216 1 2877
2217 1 1762
2224 2 1658
2225 2 1659
2226 1 1993
2227 1 1993
2228 1 1993
2229 1 925
2249 1 1313
2408 1 1064
2450 3 981
2456 1 503
2482 2 1146
2489 1 420
2545 2 278
2546 4 1042
2562 1 2880
2590 1 1181
2636 1 1393
2662 1 908
2669 1 925
2677 2 700
2679 2 938
2701 1 899
2705 1 1001
2707 1 533
2708 1 1441
2709 1 1588
2711 1 797
2716 1 4798
2730 1 1646
2743 1 1107
2750 1 1082
2757 2 1573
2784 1 505
2806 1 459
2809 1 8131
2897 1 58
2963 1 3763
2968 1 1115
2989 1 2074
2997 1 239
3054 1 926
3081 2 635
3098 1 503
3107 1 3008
3152 2 1444
3158 2 1946
3162 2 272
3183 1 1365
3199 1 333
3379 1 4900
3381 1 2093
3409 1 3574
3482 1 3281
3505 1 490
3514 1 5186
3522 1 1240
3526 1 1135
3554 1 292
3563 1 1688
3622 1 561
3623 2 662
3639 2 3357
3671 1 4789
3672 3 2946
3697 1 172
3704 1 191
3706 1 6639
3714 1 1777
3727 1 17097
3764 1 803
3791 1 6472
3804 1 1022
3815 1 331
3822 7 1594
3847 2 27149
3887 1 2632
3928 1 1658
3996 4 1340
4019 1 1367
4023 1 926
4050 1 4772
4064 1 1206
4067 3 3490
4087 1 1383
4101 1 3929
4222 1 618
4227 1 768
4265 1 791
4285 1 654
4306 1 1994
4321 1 913
4332 1 1645
4356 1 3544
4368 1 4832
4417 1 4384
4480 1 376
4491 1 1897
4493 1 2130
4568 1 945
4587 2 2393
4608 2 2302
4615 4 3920
4641 1 1322
4642 1 1398
4740 1 2057
4741 1 3450
4746 1 2258
4787 1 1159
4823 1 1869
4829 1 468
4855 1 1500
4906 1 8000
4907 1 8001
4908 1 8001
4912 2 7415
4917 1 4602
4952 1 465
5076 1 1220
5100 1 353
5111 1 397
5119 1 1549
5141 1 1631
5194 1 740
5195 1 1844
5196 1 628
5239 1 925
5240 1 547
5247 2 6498
5269 3 587
5290 1 399
5300 2 794
5331 2 1325
5333 2 1325
5335 2 1367
5402 1 1205
5470 1 917
5473 1 1107
5474 1 941
5476 1 525
5479 1 920
5480 1 510
5482 1 935
5484 1 921
5503 1 1464
5504 1 1390
5532 2 730
5578 3 13045
5611 1 8061
5620 3 829
5627 1 450
5649 1 625
5888 1 941
5894 1 4730
5895 1 1433
5901 1 866
5934 1 1063
5935 1 2831
5944 1 2113
5967 1 529
5986 4 984
6007 1 594
6011 1 3214
6064 1 883
6065 2 1429
6067 1 1302
6076 2 3091
6077 2 2190
6084 1 3088
6127 1 1065
6163 1 4318
6165 1 4900
6169 1 857
6183 1 2719
6321 1 443
6324 1 1468
6325 1 1310
6326 1 1295
6329 2 3134
6359 1 1489
6362 2 2640
6363 1 4787
6364 1 7210
6459 2 912
6531 1 788
6537 2 2037
6540 1 2261
6557 1 1488
6558 3 2607
6560 1 877
6583 1 7454
6662 1 703
6966 1 996
6977 4 2764
7002 1 6389
7016 1 1558
7028 1 1722
7029 1 1173
7031 1 1107
7032 1 1787
7033 1 1085
7034 1 864
7051 1 1111
7052 1 1095
7053 1 1076
7054 1 1061
7055 1 2879
7056 2 1035
7088 1 2350
7092 6 854
7145 1 1029
7419 1 1155
7497 1 1070
7512 1 2037
7547 2 1609
7573 1 4835
7603 2 987
7606 2 721
7609 21 673
7648 2 770
7649 2 589
7656 1 1143
7657 1 984
7660 1 1360
7665 1 371
7686 1 1415
7687 1 1409
7715 4 2854
7755 1 2141
7782 3 697
7788 1 606
7887 1 589
7924 5 842
7927 1 748
7928 1 808
8016 1 748
8062 2 2690
8121 1 891
8150 1 1408
8152 1 6009
8188 2 1754
8250 1 676
8270 1 1577
8284 1 3146
8293 1 3686
8297 2 12133
8372 1 3639
8391 1 2171
8393 1 3193
8425 1 770
8438 1 2090
8442 1 1911
8450 1 1198
8502 1 859
8549 1 660
8571 1 2786
8608 2 971
8614 2 1436
8701 1 555
8716 1 843
8722 1 1681
8740 2 1067
8759 1 2291
8836 1 1224
8849 10 366
8854 1 494
8880 1 859
8882 1 1066
8883 1 928
8886 1 1109
8887 1 922
8890 2 5449
8899 1 1046
8908 1 1392
8913 1 12589
8956 1 155
8965 1 721
8982 1 1516
8984 3 612
8987 1 518
9005 14 45220
9006 8 34059
9057 1 1319
9147 1 1473
9157 7 1107
9274 1 1686
9277 1 1358
9279 2 1500
9280 1 1381
9281 1 1465
9282 2 1511
9283 2 1422
9292 2 3389
9293 2 1715
9294 2 3543
9302 2 3665
9307 1 1394
9314 1 839
9316 1 4281
9317 1 2510
9346 1 1930
9357 1 276
9358 1 612
9363 1 1874
9411 2 611
9418 1 1081
9489 1 6134
9492 5 6158
9500 1 555
9516 1 906
9518 2 541
9679 1 1078
9684 2 1163
9697 1 1369
9708 1 2371
9714 1 501
9745 2 1624
9766 1 4331
9769 2 91
9796 3 6203
9798 1 2651
9806 3 6009
9807 1 982
9817 1 375
9881 1 693
9889 1 1688
9939 4 1300
9954 1 3197
9970 1 1230
9991 1 760
10008 1 1778
10054 2 1634
10123 2 2079
10212 1 916
10223 1 215
10234 1 789
10242 1 410
10247 1 1114
10285 5 1722
10289 7 8941
10346 1 1363
10428 1 665
10429 1 666
10430 1 713
10502 2 700
10508 1 456
10528 4 2643
10580 1 1106
10591 2 7784
10653 1 3190
10656 1 3117
10666 2 1000
10670 8 1360
10693 1 1867
10737 1 360
10760 1 228
10808 3 6608
10810 1 761
10849 2 300
10970 1 897
10971 1 946
11042 2 624
11049 1 682
11078 1 922
11123 5 714
11124 1 1521
11131 1 4066
11142 1 1105
11202 3 3466
11219 1 1319
11240 2 564
11246 1 614
11247 1 582
11273 2 1150
11288 1 9962
11365 1 1363
11378 32 6044
11380 1 579
11425 1 380
11465 1 2175
11471 1 1181
11472 1 4154
11569 11 6434
11735 1 1078
11742 1 569
11758 2 2000
11857 1 1251
11870 2 1148
12156 1 13898
12201 1 1165
12204 1 993
12210 1 602
12211 1 4041
12248 1 1195
12358 1 1928
12365 1 8585
12378 1 835
12390 1 3720
12408 2 723
12411 1 1615
12459 1 1341
12466 1 1446
12510 1 1894
12580 2 796
12610 1 994
12648 1 1081
12663 4 1137
12674 1 6435
12697 3 1979
12708 4 1605
12728 1 1561
12751 1 5083
12762 3 5406
12764 1 1458
12773 19 692
12836 1 386
12962 1 560
12996 2 2315
13018 1 276
13053 1 3052
13066 2 1485
13143 1 1436
13149 1 2234
13173 2 7475
13188 1 2230
13189 1 1276
13226 1 4464
13373 1 2548
13407 1 3423
13426 1 1513
13486 1 7532
13497 2 6632
13523 2 359
13525 1 446
13549 1 2185
13585 2 678
13609 3 1456
13619 7 1734
13642 2 1397
13643 2 1259
13644 2 1144
13654 1 1262
13683 1 1116
13692 1 275
13693 1 789
13709 2 1718
13793 1 325
13823 1 732
13832 1 1089
13869 4 903
13901 3 4255
13949 1 762
13961 2 931
13977 1 929
13982 3 3750
13994 1 844
13999 5 1051
14027 1 350
14041 1 750
14042 1 1826
14068 1 2470
14080 7 51830
14120 9 2870
14174 1 684
14176 1 2211
14189 1 716
14191 4 1859
14210 1 1997
14220 1 2570
14265 1 2579
14301 1 2773
14302 3 2269
14310 2 2370
14311 2 1550
14312 2 1988
14313 3 5288
14314 2 1929
14315 2 3896
14345 1 1515
14348 1 1551
14384 1 768
14463 1 574
14485 1 2125
14526 2 1027
14531 1 425
14535 1 2058
14536 1 1661
14537 1 853
14539 1 585
14561 1 3007
14658 1 3354
14667 3 1206
14703 1 1446
14706 1 542
14708 1 1144
14763 1 1468
14782 1 1191
14799 2 1859
14830 2 8170
14831 2 8171
14832 2 8172
14834 1 2296
14835 1 2296
14836 1 2455
14870 1 504
15008 1 303
15009 1 697
15031 1 820
15033 1 1150
15048 1 892
15050 1 1758
15080 2 525
15102 1 1625
15109 4 1344
15143 2 959
15146 2 2156
15147 4 1355
15204 1 3771
15209 2 2739
15218 2 2203
15223 1 762
15225 1 828
15227 1 771
15230 1 886
15233 1 881
15248 1 240
15475 1 1055
15496 1 1821
15532 1 152
15560 1 1729
15587 1 2694
15589 1 1222
15607 1 1413
15608 2 1419
15614 2 3253
15615 2 3882
15665 1 928
15787 4 654
15788 1 592
15844 1 1278
15887 1 3518
15906 1 679
15912 13 1398
16008 1 6422
16021 1 1876
16202 1 1892
16204 1 3527
16235 1 4462
16236 1 5204
16237 1 2746
16238 1 11763
16257 1 6019
16276 2 3744
16292 9 2759
16300 1 894
16311 1 2173
16361 3 382
16368 1 4019
16384 1 354
16395 2 1895
16396 2 367
16403 2 2270
16438 1 849
16480 1 1705
16481 1 1327
16482 1 1003
16537 1 1394
16567 1 228
16583 1 1253
16591 1 6896
16641 1 2049
16642 1 2366
16643 1 2232
16740 1 916
16741 1 1522
16742 1 1501
16743 1 1505
16744 1 970
16748 12 3753
16843 1 15992
16859 2 2243
16860 1 2032
16870 1 1104
16871 1 1031
16872 1 1005
16873 1 1059
16935 1 3050
16942 1 12267
16952 1 7998
16984 1 5305
17013 1 9772
17040 2 3349
17079 4 1250
17101 1 544
17181 3 941
17189 1 5992
17195 1 2000
17244 1 10025
17300 1 759
17325 1 1320
17331 1 766
17363 2 2096
17390 1 3105
17399 3 844
17446 1 3664
17453 1 907
17467 1 6562
17510 1 13439
17555 8 14925
17568 1 1347
17591 1 3099
17600 3 2502
17620 2 867
17638 1 6007
17653 1 5954
17655 1 1980
17663 1 1183
17669 1 5167
17670 1 5050
17689 3 784
17703 1 172
17730 1 4474
17735 8 1588
17736 15 1309
17737 5 1122
17738 6 715
17758 14 28986
17803 1 909
17829 1 1062
17844 11 5452
17846 1 1416
17865 1 341
17904 2 6041
17961 1 1859
17965 1 421
18100 2 936
18130 96 1535
18172 1 1289
18221 1 339
18324 1 740
18369 5 1573
18385 3 6531
18386 2 1587
18387 1 1206
18390 2 1388
18396 1 12783
18399 1 1090
18452 1 771
18490 2 1473
18563 1 1099
18581 3 3194
18639 2 1434
18654 2 15696
18685 1 4688
18689 1 2550
18712 1 781
18733 30 1012
18739 1 3057
18740 1 2994
18741 1 3106
18742 1 2981
18744 1 775
18779 1 2121
18821 1 805
18964 2 1035
18965 8 20789
18966 2 7427
18967 2 13159
18968 2 2667
18979 1 1480
19066 1 1990
19067 2 2040
19075 11 1178
19076 1 2622
19079 1 16454
19086 5 2849
19117 1 1805
19140 1 1166
19180 1 2589
19194 1 5424
19373 4 1681
19377 4 1170
19384 2 5576
19404 2 1932
19418 1 447
19423 1 231
19562 1 7991
19598 2 772
19610 1 1644
19639 1 1580
19674 1 2879
19686 1 4573
19719 1 782
19771 2 523
19772 2 746
19773 2 783
19774 2 725
19787 1 958
19788 2 1127
19789 1 1067
19792 1 3925
19806 1 334
19808 3 2160
19845 3 1231
19892 1 2205
19899 1 6214
19970 1 1209
19982 1 1251
19985 2 8977
20001 1 2461
20032 1 742
20141 1 928
20169 1 2907
20185 1 1049
20200 3 30304
20213 1 587
20236 1 1252
20263 1 3682
20265 1 1580
20275 1 1592
20326 1 597
20328 1 1034
20330 1 636
20331 1 794
20332 1 945
20339 1 1011
20340 1 946
20341 1 1048
20342 1 559
20343 1 714
20344 1 863
20345 1 639
20348 1 1240
20350 1 1183
20353 1 551
20354 1 959
20359 1 686
20360 1 873
20361 1 708
20362 1 676
20363 1 915
20366 1 553
20367 1 484
20368 1 512
20523 1 35
20552 1 894
20677 1 8655
20684 1 12924
20707 1 35797
20708 1 24696
20741 1 1604
20758 1 1375
20760 7 1210
20761 7 1261
20762 7 1247
20785 1 3062
20802 2 1887
20811 19 4558
20816 1 1533
20861 1 2236
20897 3 1325
20904 16 4287
20906 1 1642
20907 2 2997
20928 5 1673
20941 2 682
20983 1 1210
21047 1 798
21059 2 2178
21060 1 2143
21061 1 2416
21062 1 2438
21063 1 1794
21118 2 1749
21151 2 1904
21152 1 731
21163 2 842
21164 3 905
21167 3 420
21189 1 979
21242 2 985
21357 1 5683
21359 1 13839
21391 1 4613
21476 2 1235
21542 1 37742
21550 1 688
21568 1 3870
21572 1 1011
21608 1 4754
21631 2 1530
21637 2 10855
21641 1 1648
21644 1 11884
21688 1 2146
21766 1 1815
21767 1 6211
21814 4 4204
21819 2 568
21821 1 2616
21826 4 1017
21827 1 301
21839 1 4667
21860 2 2805
21865 1 2056
21900 1 1945
21913 1 3148
21923 2 807
21948 2 2447
21951 10 1086
21963 1 2029
21986 1 1177
21998 1 2024
22013 1 1044
22014 1 1064
22015 1 243
22023 1 584
22024 1 1137
22025 1 608
22043 1 956
22063 2 1399
22084 1 995
22092 3 8456
22101 2 1132
22103 2 5529
22137 1 4439
22138 1 4091
22141 1 2921
22186 3 1860
22198 1 2137
22216 2 13756
22477 1 2074
22478 1 1558
22479 1 1300
22528 1 3156
22555 2 1437
22556 2 1484
22558 1 1404
22562 1 1380
22566 1 1385
22567 1 1443
22570 2 1844
22771 1 105
22782 3 788
22877 2 1527
22887 2 4212
22903 1 931
22912 1 396
22914 1 431
22984 1 1974
23014 2 3266
23054 1 769
23125 1 1534
23134 1 2296
23350 3 642
23459 1 764
23466 1 2473
23509 1 945
23514 2 8145
23531 1 2398
23556 1 1763
23560 2 256
23653 1 999
23668 6 570
23678 1 5285
23745 2 2692
23779 1 825
23781 2 1632
23899 1 1117
23953 1 169
23996 1 118
24005 2 390
24006 1 3059
24091 2 743
24097 1 3411
24106 1 228
24119 1 14616
24131 1 212
24169 1 2066
24251 1 1677
24284 2 4091
24357 1 1310
24368 1 1647
24397 1 1053
24440 1 1452
24479 1 2991
24561 1 3084
24564 1 965
24582 1 129
24584 1 483
24594 1 1258
24664 1 216
24668 3 6702
24737 1 1993
24738 1 4416
24747 1 5509
24758 1 448
24789 1 4093
24815 1 1122
24831 1 1440
24841 1 1228
24842 2 3916
24882 2 8171
24883 2 8171
24886 2 7415
24887 2 7415
24888 2 7415
24892 1 2296
24893 1 2290
24897 1 4588
24898 1 4667
24958 1 840
25039 1 368
25040 1 340
25041 1 947
25043 2 1300
25045 1 881
25046 1 816
25049 1 918
25064 1 1909
25129 1 990
25135 2 748
25161 1 388
25170 1 1000
25184 1 896
25189 2 1305
25192 2 1525
25193 2 1425
25194 2 1545
25231 1 2410
25266 1 937
25285 1 506
25287 1 698
25288 1 519
25291 1 551
25292 1 654
25294 1 1378
25295 1 513
25296 1 566
25298 1 953
25310 1 1434
25311 1 1219
25382 1 243
25391 4 2825
25407 2 3649
25435 1 1429
25436 1 1291
25487 1 2868
25495 2 1308
25507 1 1510
25509 2 1876
25522 1 2549
25547 1 3685
25719 2 1177
25759 1 1058
25774 1 341
25790 1 1549
25802 6 1717
25804 1 2275
25822 1 694
25913 1 1179
25971 1 1539
26041 1 2314
26085 2 1188
26096 5 1094
26105 1 514
26114 11 439
26123 2 1139
26124 1 597
26138 3 2043
26161 1 14248
26198 1 576
26235 1 3242
26295 1 1958
26359 2 3794
26360 1 682
26361 1 1386
26365 1 814
26376 1 1314
26385 1 2163
26486 1 1259
26488 1 1436
26507 1 4226
26614 4 3554
26722 1 1894
26723 1 1586
26742 1 982
26757 1 513
26810 1 739
26811 1 1172
26824 1 966
26836 1 2928
26870 3 3124
26887 1 921
26888 1 1987
26889 1 1805
26890 1 1680
26891 1 2493
26910 1 1469
26930 1 467
27127 1 1556
27162 2 1964
27190 1 1135
27213 2 2166
27217 1 865
27259 1 1441
27308 2 7530
27431 1 2548
27506 1 2292
27548 3 1189
27570 1 710
27586 1 2066
27587 1 1067
27594 3 915
27657 1 651
27660 2 535
27687 1 1575
27706 1 1893
27725 1 539
27812 2 3494
27853 2 3446
27862 2 8511
27866 2 4412
27878 1 1265
27905 1 644
27924 1 500
27988 1 338
27999 1 1629
28013 1 1089
28057 1 737
28090 1 339
28094 1 2585
28104 1 1950
28105 1 3202
28106 2 211
28124 1 1275
28131 2 1689
28207 1 1363
28242 1 871
28244 1 832
28245 1 494
28247 1 771
28248 1 849
28266 1 1597
28316 1 1269
28419 2 3437
28426 1 911
28446 1 9326
28466 1 10312
28467 2 8583
28468 2 8583
28469 2 8615
28493 1 987
28627 2 752
28662 1 730
28663 1 903
28695 1 1876
28698 1 2256
28702 1 1503
28733 1 135
28751 1 426
28771 1 1129
28797 1 3851
28840 1 12057
28848 1 449
28886 2 1271
28947 1 765
28956 1 744
29016 1 740
29019 1 867
29020 1 1013
29023 1 904
29027 1 713
29029 1 981
29030 1 954
29053 3 2517
29065 1 1104
29110 5 675
29134 2 1030
29146 3 1559
29185 1 798
29200 1 1552
29349 1 2088
29396 1 8576
29429 1 1618
29430 1 1287
29486 1 1334
29546 1 1287
29547 2 1675
29548 2 1483
29557 1 7051
29558 2 3685
29559 3 3217
29560 2 1313
29709 1 1886
29714 1 623
29716 1 971
29721 1 6842
29726 1 948
29789 3 413
29881 1 720
29884 1 3052
29926 1 770
29951 1 2090
30016 1 1022
30057 2 1443
30058 1 1382
30088 1 2391
30131 5 1922
30132 1 1913
30158 1 1827
30177 1 958
30196 1 385
30211 15 3859
30303 1 5165
30307 1 3452
30483 1 2924
30555 1 4027
30584 1 678
30591 1 1307
30662 2 638
30762 2 982
30769 1 1282
30863 15 763
30865 1 902
30891 1 2618
30900 2 489
30905 1 1442
30952 1 3956
30956 5 561
30957 5 616
30973 8 7204
30976 3 530
31004 2 1096
31045 2 24677
31085 1 2635
31111 1 938
31118 3 751
31142 3 337
31146 1 1006
31276 7 1068
31328 1 3214
31355 1 5480
31361 2 728
31381 2 766
31393 2 1881
31394 2 956
31395 2 3700
31416 2 1544
31417 2 1164
31462 1 299
31511 1 731
31518 1 5634
31556 3 635
31570 9 508
31608 1 1464
31625 1 692
31633 1 689
31673 2 768
31717 5 6445
31735 1 1164
31771 1 404
31772 1 1194
31826 5 564
31835 1 2763
31888 1 901
31889 1 531
31890 1 1127
31892 1 557
31894 1 1015
31896 1 932
31897 1 819
31898 1 1326
31899 1 686
31900 1 995
31902 1 1912
31906 1 890
31914 1 906
31923 3 847
31983 3 696
32000 1 746
32034 3 1185
32170 1 1811
32197 1 619
32200 1 968
32270 1 1127
32302 1 3115
32348 2 1430
32353 1 1385
32354 1 1471
32355 1 1418
32357 2 1452
32365 2 3420
32366 2 3530
32367 2 3181
32386 2 2500
32387 11 1022
32432 1 1300
32469 3 1242
32474 1 645
32491 7 6991
32564 2 1067
32584 1 2115
32618 1 377
32622 1 413
32640 1 714
32666 1 2788
32704 1 2103
32718 2 5437
32750 5 830
32787 1 388
32843 1 592
32844 1 516
32986 1 3067
33065 2 2052
33069 1 3021
33072 1 829
33076 2 1741
33078 1 5728
33119 1 988
33120 1 978
33121 1 751
33131 2 1235
33197 1 1325
33198 1 1245
33199 1 1920
33240 1 9576
33243 1 944
33248 2 1227
33257 1 996
33279 1 1074
33302 1 870
33303 1 928
33310 7 9499
33312 2 2285
33320 1 221
33328 1 3420
33333 2 6676
33367 16 1062
33457 1 1116
33494 2 11341
33495 1 2452
33509 1 2659
33582 1 1466
33620 1 971
33627 7 763
33634 1 1541
33641 1 2126
33663 2 5738
33732 3 809
33748 1 855
33786 1 3235
33819 2 4941
33821 1 253
33822 5 756
33833 1 1730
33847 1 7078
33922 2 815
33929 1 409
33931 1 997
33933 1 503
33936 1 1150
33937 2 14231
33953 1 719
33954 2 766
33976 1 978
33984 1 1595
34039 1 23394
34062 7 2698
34085 1 4021
34209 1 1701
34225 1 1084
34266 1 3285
34322 1 420
34323 1 663
34379 1 1659
34386 1 337
34436 1 511
34440 1 2290
34462 1 1693
34465 1 5422
34526 1 2380
34534 1 1101
34535 1 3465
34611 1 679
34679 1 1212
34680 1 1201
34696 1 2011
34724 1 1355
34748 1 832
34752 1 1744
34794 4 1523
34851 1 587
34860 1 3758
34861 1 4582
34869 1 1137
34891 1 519
34922 2 900
34939 1 363
34958 1 719
34959 1 618
35068 1 806
35351 1 1416
35369 2 1232
35375 1 677
35424 1 550
35534 2 2007
35615 1 177
35646 1 162
35660 1 1256
35841 2 958
35857 3 1888
35875 1 356
35887 1 4260
35889 1 507
35891 2 2019
35895 1 1498
35936 2 2025
35945 1 2222
36044 1 581
36045 1 1120
36079 1 1377
36134 2 19793
36201 1 622
36216 3 962
36245 2 843
36249 7 2162
36266 1 678
36271 1 587
36300 3 3570
36373 1 2127
36374 1 282
36388 1 1567
36394 1 5251
36395 1 5251
36396 1 5251
36397 1 8678
36398 1 8678
36449 1 404
36590 2 5680
36680 2 1651
36681 3 2010
36682 2 2478
36685 3 3543
36732 1 18263
36759 1 468
36764 3 1191
36807 1 1247
36808 1 1928
36872 1 546
36926 1 888
36927 1 436
36991 7 430
37001 1 909
37027 1 579
37067 2 1829
37310 1 7113
37369 1 5846
37392 2 1220
37419 1 13883
37423 5 13622
37470 2 972
37471 8 828
37505 2 759
37509 1 1007
37520 1 1281
37545 1 2346
37550 1 1723
37575 1 288
37593 2 2020
37603 1 558
37614 2 4640
37696 2 1183
37712 2 8990
37873 1 842
37904 1 1805
37906 1 1709
37917 1 1025
37918 1 993
37919 1 409
37920 1 1463
37928 1 3618
37932 2 17484
37933 1 1338
37958 1 1505
38007 1 1299
38035 3 1861
38038 2 1346
38069 1 3382
38089 1 3093
38094 1 2311
38105 1 1881
38135 1 2718
38154 1 2189
38184 1 655
38188 1 910
38189 1 3745
38200 1 3117
38253 1 1048
38279 1 2423
38286 1 546
38321 4 980
38339 2 1676
38351 1 2567
38368 6 599
38397 2 744
38400 2 1879
38408 1 2338
38413 1 6145
38452 1 1545
38459 2 335
38482 13 1834
38483 25 1201
38555 1 946
38579 1 786
38611 1 5792
38614 1 855
38656 1 1164
38705 1 876
38707 1 415
38712 2 9962
38715 1 5564
38737 3 1277
38751 1 504
38769 1 854
38772 1 961
38781 1 2162
38787 2 1258
38788 1 863
38797 1 1539
38843 1 1325
38873 1 1651
38887 1 1530
38916 1 6621
38955 1 480
38988 1 1155
38991 1 1489
39099 2 926
39142 1 518
39161 1 754
39190 1 710
39191 2 737
39260 1 2636
39264 1 7187
39311 1 2070
39329 2 32477
39397 2 2248
39404 1 1054
39437 1 354
39438 1 379
39448 2 3136
39449 1 3105
39456 1 1320
39475 1 1192
39477 2 1465
39533 1 1603
39537 1 1083
39572 2 565
39628 1 978
39655 2 1225
39721 1 921
39773 1 1598
39800 1 1463
39806 1 1057
39807 1 435
39861 2 532
39920 1 1039
39962 1 182
39978 1 30166
40015 1 892
40034 1 811
40036 4 2425
40079 3 1161
40100 2 2099
40138 1 1151
40157 2 647
40164 1 886
40186 2 958
40246 1 690
40287 2 10480
40303 1 1983
40304 1 397
40337 1 671
40404 1 679
40405 1 1113
40406 1 822
40495 1 2423
40502 2 2207
40538 1 14088
40590 1 379
40602 1 744
40662 1 1447
40668 2 3116
40695 3 8337
40697 3 2727
40785 1 1677
40788 1 1583
40820 1 4100
40921 2 811
40925 1 2385
40926 1 4236
40985 1 2120
40986 3 693
40988 6 396
40993 1 3833
40996 2 154
41075 1 2253
41117 1 1658
41151 1 438
41167 1 664
41182 1 2196
41234 2 1570
41297 1 441
41327 1 4020
41524 3 2455
41547 2 994
41663 1 458
41702 1 1250
41714 1 984
41716 1 873
41780 1 732
41825 1 325
41842 1 1367
41844 2 1013
41848 1 605
41850 1 382
41864 12 1341
41938 1 1045
42050 6 774
42148 3 3966
42149 1 9906
42161 1 9423
42261 4 6604
42274 3 515
42313 1 377
42354 2 1506
42381 1 1364
42382 2 705
42415 1 893
42416 1 1931
42424 2 6309
42505 1 1014
42513 1 188
42556 2 882
42651 2 1581
42677 1 1567
42678 1 1567
42774 1 5633
42820 1 2822
42833 2 1802
42892 1 2540
42925 1 169
42926 4 1178
42931 2 803
43020 1 2004
43025 2 3087
43026 1 1259
43056 1 270
43091 1 423
43343 1 447
43444 5 2757
43477 1 22611
43479 1 857
43486 1 687
43487 1 680
43548 2 730
43592 1 1199
43612 1 773
43620 1 1150
43641 3 1904
43736 1 2026
43743 1 1070
43747 1 7125
43789 1 1442
43861 1 1888
43921 36 9448
43953 1 1000
43960 1 1986
44050 1 4928
44059 1 1070
44086 6 639
44099 1 1566
44116 2 4462
44122 1 1272
44130 2 6601
44154 3 1236
44168 1 1371
44176 1 884
44182 2 930
44212 1 1650
44268 1 489
44303 1 2027
44304 1 1936
44305 1 1936
44306 1 1498
44332 1 826
44362 1 3685
44397 3 602
44428 1 1638
44444 3 1118
44479 1 5563
44485 2 292
44494 1 3303
44499 1 966
44506 2 1670
44518 1 597
44551 2 500
44561 1 661
44577 1 470
44758 2 2521
44774 1 2787
44779 1 1194
44812 1 1515
44813 1 1238
44816 1 1244
44879 1 3172
44910 2 715
44913 3 1392
44918 2 2627
44932 1 2141
44952 6 2567
44957 1 10010
44961 1 1596
44966 1 1130
45100 1 403
45168 2 1295
45176 2 1533
45320 1 1520
45321 1 739
45336 1 1599
45337 1 1434
45366 1 931
45409 2 1025
45416 1 786
45708 3 328
45819 1 1265
45824 2 2571
45859 3 21421
45868 1 965
45869 1 834
45870 1 639
45871 1 789
45872 1 779
45890 3 1518
45938 1 1759
46004 3 798
46042 2 1360
46093 1 342
46109 1 1702
46153 1 3988
46304 1 2249
46319 12 2904
46346 1 1338
46388 3 81863
46412 4 849
46423 1 613
46505 1 6279
46509 1 2154
46511 1 3336
46552 1 9921
46553 2 1252
46554 1 1226
46555 3 980
46562 1 1020
46612 1 2153
46627 1 4426
46634 1 2594
46635 1 414
46663 1 1197
46695 1 1088
46697 1 1569
46707 1 1302
46727 2 93
46747 1 657
46748 1 1902
46750 2 978
46784 1 2048
46788 1 852
46822 1 746
46851 2 851
46878 1 745
46886 1 1307
46942 1 1392
46943 1 1398
46952 1 2067
46953 1 323
46954 1 5186
47059 6 352
47142 1 200
47160 2 4319
47166 1 1017
47170 1 720
47204 1 1502
47259 1 849
47296 4 1535
47306 3 442
47382 1 6307
47395 7 1080
47396 2 573
47417 1 366
47484 1 1343
47485 2 1365
47488 2 1495
47496 1 2373
47497 2 2515
47498 2 3543
47499 2 1307
47509 1 306
47528 1 4592
47533 1 563
47561 1 3141
47609 2 1519
47664 2 2616
47672 1 816
47735 1 653
47758 19 1263
47794 1 2859
47799 1 2474
47800 1 10768
47818 1 1062
47864 2 852
47978 1 612
47980 1 1153
47984 1 2548
48021 1 386
48031 2 4280
48072 1 713
48078 1 11919
48111 1 2300
48114 1 991
48125 1 1715
48133 1 2192
48175 1 703
48179 7 1000
48180 1 25164
48181 1 1551
48215 2 1568
48222 1 3062
48258 1 1163
48271 3 1700
48282 3 1204
48315 1 2681
48366 1 1222
48378 1 893
48379 8 6270
48382 1 3039
48383 1 1983
48413 6 3524
48414 13 3926
48415 2 950
48449 1 841
48470 1 2310
48475 1 4416
48501 4 3845
48506 1 1340
48532 3 626
48551 3 6659
48720 1 579
48745 1 1192
48775 1 980
48810 1 969
48856 1 527
48867 1 1265
48876 1 220
48884 7 1137
48925 1 4731
48934 1 1502
48952 2 1906
48984 1 574
49005 1 2273
49007 4 545
49021 1 2436
49037 8 3222
49061 2 1867
49062 2 1778
49063 2 1301
49079 85 1864
49151 1 1897
49156 3 1148
49173 3 10707
49174 2 9273
49175 4 9938
49176 2 11069
49222 1 822
49248 1 366
49252 1 971
49276 1 5599
49280 1 703
49282 2 4687
49361 1 393
49392 1 4953
49483 3 4047
49506 1 911
49520 1 873
49521 1 1279
49563 1 427
49600 2 1153
49601 1 978
49649 1 949
49680 1 5727
49681 1 3266
49731 1 975
49734 2 2337
49739 1 337
49776 1 9407
49834 2 904
49842 1 2475
49869 1 1403
49880 1 865
49891 1 673
49919 2 2203
49920 2 1231
49921 2 1842
50003 1 1075
50034 1 1651
50055 1 653
50060 2 2052
50122 2 1979
50131 2 1217
50132 2 1107
50142 1 2652
50170 1 398
50175 2 1279
50201 1 1131
50205 1 7146
50207 3 2916
50218 2 1089
50227 3 1700
50232 1 287
50240 1 968
50241 1 2798
50325 1 1374
50355 1 3677
50370 1 2048
50396 2 1096
50399 2 1367
50400 2 2559
50401 2 1688
50403 2 1369
50404 4 1746
50447 1 1637
50451 3 707
50456 1 1372
50492 1 3702
50525 1 876
50529 1 4267
50541 2 2524
50577 2 211
50722 11 3030
50726 1 2071
50746 1 309
50747 1 1378
50825 1 592
50853 1 3547
50901 2 1284
50902 2 1707
50904 1 1387
50905 2 1545
50906 2 1447
50907 1 1310
50913 1 1817
50918 2 2316
50919 2 1560
50920 2 1937
50921 2 3926
50922 2 2085
50923 2 2197
50924 2 1807
50925 2 2062
50936 3 3155
50955 1 946
51023 4 1980
51127 1 434
51186 1 1345
51187 2 1399
51188 2 1359
51193 2 1845
51194 2 2656
51195 2 2015
51217 1 702
51236 1 1936
51334 1 882
51385 1 1887
51466 1 1121
51474 5 822
51476 2 2010
51512 1 973
51559 1 1206
51570 2 521
51587 1 703
51646 1 1280
51658 1 1259
51669 3 931
51684 1 959
51685 1 961
51686 1 1005
51687 1 996
51700 1 972
51732 2 1804
51799 1 1021
51816 8 4853
51839 2 9735
51858 2 3972
51896 1 1311
51897 1 1033
51898 1 1288
51899 2 12169
51921 1 820
51926 2 381
51979 1 6703
51994 1 9298
52000 1 1615
52004 2 937
52005 1 756
52017 1 975
52074 2 7011
52146 9 10691
52170 2 1404
52213 1 3751
52214 4 6634
52244 1 1659
52272 4 1620
52280 3 1474
52339 3 1963
52366 3 1215
52386 1 3359
52449 1 3942
52457 1 4403
52460 3 768
52465 1 543
52480 1 2295
52486 1 2426
52505 1 2436
52513 9 1070
52548 1 1684
52646 1 733
52946 1 1982
52970 1 296
52988 1 24350
53093 2 729
53121 1 2359
53135 1 679
53158 3 9225
53159 4 2323
53164 1 1163
53222 1 1412
53241 3 4057
53250 1 814
53261 2 1586
53268 3 5517
53269 2 840
53386 1 3714
53399 1 1251
53410 1 1196
53430 3 48057
53468 2 270
53480 1 394
53519 1 1735
53539 3 1387
53646 1 2610
53682 1 1860
53717 1 4413
53719 1 1519
53727 2 623
53731 1 761
53733 1 1832
53856 1 1385
53868 3 1390
53881 1 1613
53915 1 503
54121 1 1116
54157 1 5381
54176 1 1327
54211 1 1735
54253 1 736
54255 1 1127
54327 1 1517
54329 1 899
54335 1 925
54336 1 727
54337 1 568
54338 1 613
54340 1 918
54341 1 738
54344 1 678
54346 1 558
54370 1 2398
54399 1 5059
54457 1 1157
54485 1 4555
54501 1 622
54513 1 694
54514 1 1299
54515 1 1003
54516 1 629
54520 1 486
54522 1 557
54524 1 993
54525 2 1307
54526 1 534
54527 1 1295
54529 1 916
54530 1 900
54531 1 802
54532 1 1019
54533 1 720
54535 1 873
54536 1 1001
54537 1 816
54538 1 692
54548 1 409
54551 3 2055
54552 5 2960
54553 3 2793
54554 3 2063
54555 3 1171
54556 3 1505
54557 3 1040
54566 2 8702
54578 1 575
54666 1 1089
54682 1 1173
54893 1 3377
54937 1 425
54995 1 1180
54996 1 1141
55029 1 355
55045 1 1195
55063 5 17333
55064 2 1985
55092 1 1807
55111 2 1486
55112 2 1429
55113 2 1550
55118 2 4304
55146 1 2594
55156 1 1405
55303 2 908
55310 1 2287
55412 1 574
55481 1 867
55498 1 5155
55500 1 1640
55516 4 1474
55519 1 665
55546 1 781
55547 1 806
55608 2 4052
55614 2 5399
55678 1 916
55679 2 751
55694 1 403
55753 1 4189
55917 1 1178
55919 2 3288
55920 1 718
56026 1 2074
56175 1 8425
56209 1 2742
56251 2 1666
56252 1 1993
56253 1 1993
56254 1 2455
56255 1 2455
56264 1 2223
56419 1 1590
56455 1 337
56495 1 1972
56505 1 5118
56514 1 1583
56521 1 5019
56539 1 409
56553 1 7598
56581 1 2134
56590 1 2070
56609 1 521
56618 2 1564
56657 1 403
56679 2 368
56699 1 1181
56703 2 2682
56738 1 1204
56740 2 1059
56741 1 928
56786 1 569
56847 1 1961
56865 1 1045
56869 1 577
56870 1 527
56871 1 641
56875 1 1032
56876 1 1055
56881 1 4650
56899 1 4490
56918 1 665
56961 1 7535
57010 1 873
57187 1 1332
57228 1 1834
57254 1 1206
57296 1 856
57448 2 1818
57449 2 3288
57450 2 3346
57451 3 3058
57460 1 2888
57499 1 1034
57530 1 2185
57538 1 632
57660 1 6533
57674 1 499
57739 1 585
57742 1 1058
57767 2 1708
57777 1 279
57799 1 1179
57837 2 1247
57874 1 803
57886 1 1002
57925 1 371
57950 1 10362
57951 1 10312
57952 2 8583
57953 2 8583
57969 2 378
58129 1 650
58202 1 1151
58203 1 367
58243 1 1796
58277 5 1047
58318 1 718
58327 1 298
58331 1 437
58388 1 1662
58409 4 780
58429 1 1236
58439 1 834
58440 1 972
58441 1 1088
58442 1 535
58443 1 731
58447 1 523
58448 1 1131
58449 1 967
58456 1 865
58458 1 946
58459 1 1051
58466 1 987
58467 1 4185
58502 1 1134
58546 1 999
58737 1 903
58785 1 1085
58786 1 1487
58824 1 846
58832 1 1304
58865 1 1126
58890 2 1405
58891 2 1447
58892 2 1567
58893 1 1474
58894 2 1412
58895 1 1062
58907 2 749
59081 1 1600
59162 2 178
59171 1 1633
59193 1 961
59263 2 5357
59289 1 556
59304 2 1871
59305 2 1145
59333 1 868
59334 3 842
59335 1 283
59358 1 836
59397 1 3596
59441 1 1940
59442 1 1743
59463 1 2182
59570 3 1256
59572 2 1329
59635 1 4384
59659 1 986
59662 1 14951
59669 1 588
59684 1 1088
59711 1 469
59749 1 53
59777 1 6060
59788 1 337
59789 1 302
59829 1 1756
59833 1 1248
59849 1 532
59876 1 657
59912 4 1051
59918 1 9598
59928 1 214
59946 2 1687
59950 2 1036
59956 4 436
59987 1 5303
59991 1 760
60008 1 762
60010 2 767
60030 1 10533
60064 1 3872
60070 1 2663
60072 1 1182
60073 1 1178
60082 1 1247
60118 1 1897
60154 1 361
60162 1 672
60171 1 1344
60199 1 3044
60225 1 2094
60226 1 2054
60227 1 2086
60228 1 2197
60284 5 1802
60310 2 1266
60311 2 2325
60312 2 2041
60313 2 2019
60314 2 2506
60315 2 3263
60316 2 3178
60317 2 1935
60318 2 3852
60319 2 4138
60327 1 3097
60342 1 1408
60372 1 1505
60418 2 1082
60434 1 1031
60479 1 253
60519 1 1838
60520 1 1023
60528 2 1837
60533 2 1519
60662 6 6202
60701 1 1999
60702 1 1966
60703 1 1672
60707 2 1099
60741 1 3011
60774 1 1280
60777 2 3095
60778 2 3600
60829 2 3490
60960 1 703
60990 1 968
60996 1 1503
60997 2 3263
60998 2 2178
61043 1 4069
61064 1 956
61117 2 2465
61130 1 2655
61169 3 3257
61188 1 29700
61209 1 1298
61227 1 3378
61236 2 1186
61239 4 1502
61240 2 2043
61241 5 1632
61332 2 757
61373 1 2281
61620 1 1896
61623 1 1505
61651 1 3956
61666 1 1012
61676 1 1974
61683 11 2240
61766 1 3802
61836 1 807
61837 1 1035
61839 1 1782
61844 2 2020
61863 2 887
61864 2 1251
61897 4 2680
61898 4 2787
61900 1 2025
61942 1 1229
62003 1 2012
62069 2 536
62101 2 570
62103 3 472
62105 1 686
62114 1 939
62123 1 379
62125 1 597
62126 1 597
62135 1 368
62142 1 2600
62149 1 491
62199 1 2963
62229 2 7173
62237 1 918
62358 1 1453
62367 1 883
62377 2 984
62438 1 1039
62483 1 826
62503 1 888
62518 1 1297
62619 2 1074
62635 1 1315
62669 2 1183
62687 1 994
62693 1 5347
62725 1 3245
62827 2 1510
62828 5 1541
62829 2 1348
62839 1 1047
62844 1 1986
62855 25 2001
62929 2 5384
62930 1 2244
62963 3 1028
62987 1 1559
63036 2 1062
63066 1 1695
63078 2 1839
63083 1 1965
63107 1 855
63138 1 4006
63166 1 2579
63174 1 1111
63218 1 1308
63263 3 3119
63308 1 1302
63309 1 4077
63310 1 2477
63356 1 1174
63421 3 1523
63427 1 4477
63555 1 7057
63565 1 3099
63572 1 3748
63648 3 7209
63649 1 996
63690 1 3198
63696 1 1202
63699 1 2535
63703 1 2027
63740 1 1761
63759 1 1024
63787 2 1499
63804 1 1156
63809 1 751
63810 1 1000
63812 1 2413
63830 1 939
63835 1 4072
63837 2 6313
63842 1 2243
63854 1 401
63884 10 3456
63901 2 858
63907 1 882
63938 12 2930
63965 1 1353
64018 1 997
64027 2 505
64054 1 1617
64055 1 1617
64056 1 1617
64086 1 1979
64300 1 656
64350 2 20899
64435 1 654
64447 1 474
64455 1 1106
64457 1 1102
64528 2 251
64545 1 1001
64546 1 916
64549 1 840
64550 1 530
64552 1 631
64553 1 873
64554 1 851
64557 1 706
64559 1 4363
64564 1 1147
64572 3 144
64575 1 539
64589 3 430
64612 6 1382
64633 2 524
64656 1 735
64666 1 1098
64834 1 543
64953 1 1176
65007 2 3159
65034 1 3956
65041 2 1469
65047 2 1509
65048 1 1262
65050 1 1333
65052 1 1530
65057 2 1925
65077 1 2772
65129 2 15643
65253 1 349
65270 1 943
65475 1 212
65476 2 800
65529 2 670
65531 1 1854
65576 1 4667
65619 1 1364
65684 4 17249
65722 2 567
65790 2 5117
65798 2 1604
65936 2 1413
65937 2 1474
65938 2 1482
65940 2 1495
65956 1 3157
65968 1 1412
66016 1 1106
66048 1 1660
66057 2 754
66092 1 4332
66102 1 833
66116 1 812
66157 1 697
66169 1 617
66219 1 1200
66242 5 1963
66253 1 2409
66269 5 1221
66277 1 1687
66380 2 9761
66401 1 1007
66475 1 629
66516 3 912
66538 2 2914
66598 1 1411
66634 1 522
66638 2 1055
66711 1 1344
66714 1 783
66819 1 6321
66823 1 9403
66824 6 1604
66870 7 2566
66981 1 925
66983 9 2173
67001 2 1320
67020 1 1334
67021 1 6450
67028 1 2731
67034 9 2166
67076 1 528
67089 5 1117
67188 1 519
67216 1 1476
67257 2 1710
67266 1 4007
67289 1 1131
67304 1 754
67355 1 6043
67357 1 2331
67364 2 1105
67395 1 2737
67408 2 5567
67415 2 10077
67416 1 2877
67425 1 828
67450 6 1510
67451 10 2767
67468 1 810
67475 1 222
67519 2 10460
67614 1 1941
67624 1 820
67632 1 1696
67640 3 808
67641 1 403
67652 2 2159
67657 3 1981
67671 1 6735
67672 1 2623
67699 1 1580
67710 1 1293
67711 1 1600
67712 1 2699
67742 4 1745
67776 1 2260
67790 1 3052
67849 1 571
67858 1 1482
67865 1 877
67871 2 1809
67876 3 873
67893 1 4007
67932 1 1483
67957 15 963
68006 1 982
68049 1 2229
68094 1 739
68097 1 738
68118 2 3343
68132 1 2295
68172 1 1087
68207 1 464
68213 1 642
68268 2 2304
68283 1 875
68338 1 1346
68359 1 788
68369 1 11195
68396 1 1617
68657 3 1531
68680 1 9381
68689 3 660
68758 2 931
68765 2 6394
68769 1 470
68788 8 2193
68802 1 1220
68833 1 626
68847 1 2391
68941 1 641
68943 1 1054
68944 1 1017
68945 1 727
68947 1 765
68985 3 889
69097 3 940
69098 1 734
69327 1 565
69330 1 306
69406 1 912
69436 1 1123
69472 2 1422
69474 1 1458
69475 1 1362
69476 2 1519
69483 2 3191
69536 2 1166
69710 2 5755
69721 1 6125
69885 6 777
69893 1 1325
69895 1 1151
69910 1 648
70010 1 668
70011 1 255
70089 1 760
70098 1 1411
70207 1 10208
70211 1 1103
70226 3 1436
70227 2 1812
70231 2 2953
70260 2 585
70279 1 12383
70281 3 829
70365 1 1481
70394 1 1005
70431 2 2476
70434 1 1090
70490 1 449
70534 1 5509
70543 1 923
70578 1 103
70585 1 303
70593 1 958
70600 1 556
70626 1 1315
70702 1 2156
70749 1 6334
70869 1 1590
70919 1 467
70954 1 6095
70958 1 1036
70989 1 845
70990 1 1168
71068 1 314
71078 1 9605
71080 1 1970
71083 1 621
71172 1 1858
71198 1 1202
71226 1 1282
71247 2 1642
71248 1 709
71249 1 1532
71259 1 1522
71264 10 708
71323 5 3523
71324 1 1535
71336 2 1531
71384 1 2877
71385 1 2877
71386 1 2880
71392 1 1762
71393 1 1762
71394 1 1762
71401 1 925
71402 1 925
71403 1 925
71404 1 925
71427 1 1053
71568 1 572
71569 1 653
71580 1 1716
71581 1 1913
71591 1 988
71596 1 1056
71606 2 4481
71635 1 1924
71683 32 1891
71692 1 439
71723 1 2839
71724 1 2839
71729 1 693
71738 1 1825
71801 1 1924
71813 1 1515
71827 1 6203
71847 1 1603
71857 1 596
71863 1 1159
71867 1 694
71871 1 1232
71877 1 7422
71878 3 1338
71883 1 600
71886 1 801
71894 1 2159
71895 1 3069
71896 2 3955
71897 1 2249
71988 2 2427
71999 1 874
72042 1 2081
72065 1 9229
72098 1 19912
72136 9 764
72154 1 1793
72181 3 1962
72188 1 660
72229 1 1439
72246 1 1076
72251 3 388
72275 1 898
72276 1 1201
72287 1 355
72316 2 973
72344 1 815
72354 2 632
72380 2 3360
72388 1 1980
72410 2 4306
72417 1 173
72497 1 687
72498 2 11873
72513 4 4800
72572 1 1253
72590 2 2848
72591 1 2016
72614 1 622
72619 1 5216
72625 1 717
72671 1 1591
72677 2 1203
72682 1 1240
72691 1 1208
72734 1 2436
72746 1 1433
72747 1 681
72776 4 1094
72813 7 537
72840 4 1216
72845 11 2164
72856 1 1892
72859 1 1218
72873 1 3122
72878 2 4492
72899 1 20275
72918 1 783
72933 1 2224
72937 1 2290
72957 4 1211
72958 7 2627
72959 6 2654
72960 6 3082
72964 2 2090
72984 1 609
73001 1 636
73008 1 5555
73113 2 1107
73148 1 5628
73255 2 765
73256 1 736
73257 1 992
73290 1 1347
73358 1 1564
73417 1 3750
73419 1 1498
73437 1 1405
73534 1 748
73550 1 1022
73657 1 1439
73669 4 1440
73674 4 720
73737 1 825
73755 1 1019
73769 1 508
73963 1 6843
73968 6 1524
73988 1 2775
73995 1 1205
73996 1 7920
73997 1 10376
74018 1 1288
74040 2 732
74062 1 1079
74092 1 1697
74119 1 11686
74163 13 1043
74356 1 1589
74375 1 1452
74388 1 573
74398 1 1396
74405 1 1483
74480 1 3260
74604 4 5954
74651 1 897
74695 1 1627
74703 2 769
74720 1 1158
74752 4 2665
74797 1 671
74798 1 2970
74813 2 5631
74822 1 5130
74825 1 704
74851 1 1682
74877 1 3262
74910 1 1633
74916 2 1608
75109 1 1277
75157 1 1110
75162 1 2594
75181 1 478
75208 1 3202
75245 2 1375
75250 2 1780
75297 1 1533
75328 4 3938
75420 1 5660
75541 1 303
75762 2 1634
75765 3 1306
75838 1 410
75917 1 1013
75954 1 3743
75983 1 3426
76030 1 1041
76034 1 1048
76079 1 709
76080 1 1124
76094 1 1404
76159 2 4003
76166 1 2068
76170 6 679
76211 1 1215
76219 1 364
76233 1 1717
76247 1 4782
76260 3 1279
76266 1 1340
76329 1 1364
76332 1 421
76352 1 354
76391 1 1501
76408 1 4367
76425 1 352
76426 1 720
76427 1 908
76439 1 139
76463 1 356
76473 1 683
76491 1 1557
76569 1 1058
76592 2 1400
76620 1 460
76621 1 774
76622 1 540
76656 1 4057
76661 2 379
76696 1 888
76707 1 3320
76711 1 1349
76777 1 1440
76805 1 1044
76842 1 568
76869 1 1194
76881 2 2393
76892 1 2271
76917 1 2139
76918 1 1833
76919 1 1352
76924 9 239
76943 2 726
77002 1 962
77019 1 882
77060 1 4150
77082 1 5693
77095 1 1057
77136 2 3236
77202 1 8001
77208 1 4089
77209 1 4122
77210 1 4271
77211 2 3451
77212 2 3474
77213 1 3532
77231 1 2551
77359 1 2169
77364 1 1225
77373 1 388
77390 1 3306
77394 1 1254
77450 1 5940
77456 1 13066
77474 1 4717
77476 1 289
77495 6 1382
77497 4 1890
77593 1 527
77597 1 1016
77600 1 894
77606 1 903
77803 1 711
77818 1 6471
77893 1 2270
77902 2 1655
77903 1 554
77904 1 1498
77908 2 2693
78022 1 624
78034 1 2796
78071 2 1162
