underw underw 90 65215343 
12 1 1981
1187 1 733
1231 1 4288
1767 1 13095
2985 1 467
5960 1 1674
6183 1 2719
7572 1 1609
7655 1 693
11492 1 7197
14313 1 5288
15942 1 1170
17843 1 1862
18704 2 1305
19545 1 9624
19949 1 605
20164 1 1062
20921 1 983
21408 1 364
21490 1 4936
21858 1 2839
23692 1 3047
25492 1 3700
25766 1 1160
25957 1 1091
26830 4 3419
27475 2 5550
28452 1 808
32664 1 1019
33179 1 2037
33982 1 3039
34457 1 1594
35404 1 515
37325 1 5474
37523 2 1077
38069 1 3382
38154 1 2189
39053 1 1408
44923 1 1258
46420 1 1091
46511 2 3336
46817 1 2737
47398 2 5716
48551 1 6659
48917 1 6627
49626 1 1327
49919 1 2203
50996 1 5411
52200 1 879
54559 2 2260
55607 2 9422
56802 1 8941
59426 1 1694
59439 1 1220
59893 1 392
60375 1 1930
60666 1 1088
61043 1 4069
62693 1 5347
62766 1 8596
63157 2 3445
63309 1 4077
64319 1 4532
65978 1 3467
66880 1 3032
66885 1 829
67684 1 705
68820 2 1468
70509 1 185
71060 1 2450
71419 2 2738
72286 1 1079
72913 1 1589
73252 1 2017
74604 1 5954
75963 1 2775
76237 1 1365
