birth birth 6265 65215343 
54 2 529
113 1 2441
121 1 952
133 1 3237
201 1 782
298 1 903
301 1 487
340 1 2546
375 1 10166
400 1 1208
430 4 3354
473 1 5126
474 1 3627
475 1 1753
476 1 1866
477 1 3143
509 1 1165
529 1 6629
532 2 800
556 3 3813
563 3 718
616 1 853
653 1 710
691 1 417
710 15 958
725 3 7096
748 1 1209
759 3 1985
777 5 11416
958 1 778
964 1 3624
974 3 638
984 2 1027
1000 3 2589
1006 1 388
1086 2 1477
1102 1 1837
1119 16 1874
1140 1 873
1185 2 15836
1217 1 737
1262 1 1096
1318 1 2815
1371 2 1930
1402 1 3038
1435 1 3772
1465 1 830
1469 1 2455
1471 1 738
1504 10 622
1512 1 8417
1569 2 830
1625 1 1302
1634 3 30082
1639 1 2238
1650 3 692
1658 1 1529
1659 1 2425
1673 1 250
1737 3 4121
1741 2 5895
1744 1 667
1745 2 1756
1887 2 1785
1956 1 3792
1965 1 563
2006 1 561
2028 1 366
2046 1 13880
2063 2 2194
2121 1 4211
2137 2 1480
2144 6 1168
2146 11 560
2155 2 901
2164 1 1939
2165 1 1384
2192 1 5833
2203 1 663
2329 2 1435
2363 1 3977
2387 1 1420
2406 1 796
2418 1 528
2420 4 2316
2474 1 1823
2491 1 1723
2492 1 300
2523 1 216
2532 1 125
2562 2 2880
2568 6 4333
2633 1 1505
2645 1 952
2654 1 1868
2666 6 6601
2716 6 4798
2772 2 938
2807 1 159
2928 1 498
2929 1 497
2930 1 495
2931 1 494
2932 1 482
2933 1 543
2934 1 512
2935 1 529
2936 1 486
2937 1 482
2981 1 1712
3002 1 470
3056 1 948
3096 1 1172
3109 4 3299
3148 1 947
3158 1 1946
3195 4 2888
3196 1 2596
3217 1 2264
3282 1 963
3306 1 776
3307 1 711
3313 1 2034
3332 1 188
3336 1 1048
3378 1 4137
3386 1 1245
3394 2 1534
3450 1 1374
3468 1 990
3484 1 1416
3509 2 1454
3532 1 1830
3533 1 1907
3536 2 1404
3539 1 1721
3668 3 8976
3687 6 3022
3748 1 990
3790 1 5889
3791 7 6472
3794 2 2141
3805 4 883
3832 12 7941
3835 2 1418
3837 1 782
3846 1 693
3847 3 27149
3885 1 1049
3898 1 1858
3914 1 371
3932 1 1367
4051 1 2046
4053 1 3172
4067 1 3490
4070 1 347
4104 1 1081
4105 1 848
4167 3 1027
4185 1 1839
4195 1 1194
4296 2 6626
4297 2 7592
4328 1 695
4339 1 500
4346 2 1650
4356 2 3544
4358 1 1491
4359 1 2427
4365 12 901
4373 1 4212
4381 1 665
4386 1 479
4387 1 1182
4426 1 1533
4427 1 562
4454 2 1950
4456 1 1644
4459 1 4138
4473 1 2419
4506 1 1210
4519 1 1344
4520 4 1588
4521 1 1703
4522 1 2966
4523 3 2304
4524 1 2046
4525 1 1554
4612 7 1244
4667 1 3501
4671 3 1282
4700 1 839
4726 1 2646
4753 1 5716
4768 1 996
4771 1 4349
4799 1 563
4820 1 1191
4821 7 2178
4827 1 532
4828 3 1756
4845 6 1449
4860 1 1791
4870 1 20
4874 5 765
4941 3 1955
4942 3 1955
4943 3 613
4944 3 604
5150 1 1030
5165 1 820
5174 2 1596
5179 7 569
5235 1 1131
5282 1 272
5293 1 476
5515 1 365
5582 2 1321
5802 1 499
5803 1 1752
5804 1 478
5805 1 477
5806 1 537
5807 1 475
5808 1 501
5809 1 506
5810 1 1753
5811 1 484
5841 1 1235
5860 1 1573
5906 8 8444
5928 1 360
5935 5 2831
5946 1 996
5949 1 1365
6021 3 508
6026 1 495
6076 4 3091
6084 1 3088
6147 1 1885
6163 1 4318
6170 3 854
6180 3 5070
6182 1 6597
6329 1 3134
6526 1 1191
6608 1 834
6622 1 1147
6624 1 1092
6947 1 1049
6969 3 1724
6987 1 559
6994 1 312
7047 9 753
7074 1 651
7157 1 635
7405 2 1072
7423 1 83
7505 1 4997
7524 3 1121
7525 3 801
7526 9 821
7535 1 1561
7536 1 1263
7548 3 1489
7573 1 4835
7580 2 9484
7584 1 617
7586 1 643
7602 1 901
7710 2 4326
7713 3 1920
7714 1 1818
7720 1 1667
7723 1 4731
7727 1 2490
7728 1 1453
7767 3 3013
7776 1 1456
7911 1 214
7949 1 4128
7955 1 1555
7963 1 3329
7969 1 1771
7970 1 755
7992 1 770
8065 1 1277
8072 1 5760
8089 1 20930
8106 3 4128
8112 1 1014
8122 12 5509
8139 1 4927
8146 1 1848
8181 3 127
8204 2 4600
8290 1 1567
8297 1 12133
8301 2 2361
8310 2 4695
8325 2 1883
8336 2 1754
8374 1 748
8389 1 1392
8390 3 1041
8391 3 2171
8393 2 3193
8394 1 1250
8402 4 8226
8408 1 5505
8450 1 1198
8459 1 2749
8460 1 2825
8461 1 2678
8462 1 3138
8463 1 2137
8467 1 873
8567 4 1533
8576 2 2461
8583 6 792
8612 1 497
8623 2 538
8704 5 177
8732 1 2463
8761 1 1006
8877 1 1525
8890 7 5449
8993 2 2404
9045 1 35
9106 1 1688
9167 4 1639
9182 1 1438
9205 1 2860
9233 1 979
9292 2 3389
9293 1 1715
9294 1 3543
9307 2 1394
9349 3 334
9419 1 1689
9432 2 1601
9434 1 621
9442 1 1261
9490 8 2974
9560 3 1447
9568 1 885
9578 1 120
9580 6 1345
9596 1 1486
9621 1 1647
9636 1 761
9652 1 217
9653 1 1497
9681 1 789
9735 1 1420
9736 1 1415
9737 1 1320
9809 4 635
9827 1 2258
9864 1 1138
9865 1 1205
9874 1 1009
9942 4 476
9944 3 1171
10067 2 2395
10068 2 1756
10072 1 681
10073 1 1739
10077 1 861
10083 18 2180
10126 1 32
10131 1 342
10251 3 1893
10253 1 2883
10254 2 1033
10255 1 2770
10256 1 1836
10314 1 4681
10329 1 148
10338 1 1672
10350 1 1251
10393 2 2415
10481 1 1483
10508 1 456
10548 1 488
10549 1 594
10550 1 503
10551 1 463
10552 1 479
10553 1 475
10554 1 486
10555 1 610
10556 1 483
10557 1 548
10558 1 489
10559 1 503
10560 1 518
10561 1 494
10562 1 509
10563 1 497
10564 1 504
10565 1 1750
10566 1 493
10574 1 1648
10621 1 473
10653 1 3190
10663 1 1315
10679 1 1155
10686 1 1433
10696 1 1520
10697 1 1237
10698 1 1255
10706 1 1237
10711 3 1129
10713 1 2253
10720 1 738
10734 1 566
10744 1 1273
10808 1 6608
10842 2 1865
10968 1 698
11061 1 1473
11203 1 1794
11214 3 1706
11222 1 673
11249 1 5195
11365 6 1363
11372 2 853
11403 3 2453
11465 1 2175
11466 1 2113
11467 10 3152
11503 1 2514
11573 1 727
11602 1 109
11626 2 683
11650 1 1881
11661 1 1125
11967 2 4440
12116 4 3604
12136 1 1656
12138 1 18363
12153 1 1001
12156 2 13898
12164 1 3148
12185 3 1349
12192 2 510
12233 7 1218
12290 1 420
12320 1 1771
12332 1 1098
12379 2 663
12397 1 957
12399 1 304
12436 1 1371
12458 1 3716
12589 4 768
12642 1 2067
12650 1 2168
12693 1 5024
12695 1 1648
12769 4 1459
12782 4 1849
12789 3 1514
12791 9 355
12809 2 1615
12814 5 46677
12818 1 3788
12838 2 2280
12898 1 783
12909 1 708
12915 1 1083
12924 1 1943
12941 1 587
12956 1 1280
12982 1 1294
13051 2 662
13059 1 1221
13122 17 8864
13138 3 986
13224 3 3401
13228 2 1639
13229 6 3224
13230 12 1741
13242 1 2319
13268 2 2970
13279 1 832
13282 1 1430
13316 1 991
13324 1 645
13328 1 930
13336 1 2457
13356 1 1677
13369 1 435
13427 1 2521
13430 1 491
13484 1 1236
13487 1 833
13499 1 5895
13534 1 2009
13548 20 6866
13614 2 1453
13624 1 1236
13629 7 585
13632 1 769
13636 1 1160
13637 1 1271
13658 1 1095
13708 1 1430
13830 1 968
13831 1 993
13832 1 1089
13876 1 357
13909 1 284
13934 4 128
13949 1 762
13954 2 530
13985 2 11629
13991 1 1803
14013 1 415
14086 1 236
14128 1 489
14129 1 503
14130 1 482
14131 1 508
14132 1 520
14133 1 515
14134 1 488
14172 1 928
14212 1 12149
14228 1 490
14232 2 1682
14233 1 1003
14234 1 1454
14235 1 1311
14278 1 1192
14285 1 647
14297 1 820
14312 2 1988
14313 3 5288
14314 2 1929
14315 2 3896
14323 1 1990
14324 4 1130
14325 1 1946
14337 1 2253
14491 2 3791
14528 1 1229
14683 2 601
14694 1 1912
14722 2 6567
14728 1 2287
14736 2 1294
14738 2 1827
14750 1 1292
14756 2 3039
14763 2 1468
14782 20 1191
14799 1 1859
14820 1 4854
14878 1 3248
15030 1 236
15033 1 1150
15035 1 983
15072 1 604
15092 1 2742
15186 1 547
15239 1 442
15287 1 710
15310 1 3417
15424 1 503
15427 1 502
15428 1 503
15429 1 502
15430 1 482
15431 1 497
15432 1 1871
15433 1 484
15434 1 481
15435 1 508
15468 5 1078
15529 1 947
15574 1 3007
15576 4 2773
15587 4 2694
15592 1 849
15614 1 3253
15615 4 3882
15658 4 2847
15733 1 521
15734 7 2035
15735 8 2037
15737 2 3706
15739 1 1220
15757 1 7636
15868 1 2468
15896 1 1143
15923 1 117
16004 6 1576
16098 1 1575
16111 2 1166
16113 5 1371
16171 5 1004
16192 2 1427
16198 1 953
16199 3 1973
16243 1 2761
16260 1 4783
16273 3 1466
16316 1 3859
16365 1 1383
16371 1 727
16415 1 846
16450 1 710
16463 1 1739
16499 5 1594
16501 2 1040
16566 2 936
16567 1 228
16575 1 2548
16583 1 1253
16585 1 516
16636 1 567
16651 1 1054
16657 1 1834
16660 1 745
16661 1 559
16662 1 954
16663 1 656
16719 1 3541
16767 1 3326
16784 1 2834
16813 22 4537
16817 1 4292
16818 1 10022
16826 3 750
16839 4 568
16843 20 15992
16848 3 1881
16850 8 4537
16869 10 3108
16906 2 474
16909 1 1643
16943 4 10757
17010 1 3499
17011 2 1488
17013 1 9772
17041 1 462
17045 1 478
17054 2 1596
17108 1 2260
17114 1 6140
17116 1 3516
17137 1 1349
17172 1 429
17184 1 4374
17185 3 1163
17194 2 1502
17199 1 1582
17200 1 619
17201 1 678
17202 2 2274
17211 1 2036
17212 1 2040
17216 1 1476
17244 1 10025
17261 1 4916
17350 1 466
17351 1 4853
17352 4 5098
17391 1 2225
17392 1 1912
17393 1 1385
17394 1 1120
17409 1 1250
17505 1 5120
17611 1 772
17638 2 6007
17645 1 718
17659 2 360
17670 3 5050
17694 1 709
17730 1 4474
17746 2 588
17747 2 565
17758 2 28986
17761 1 2572
17762 1 700
17804 1 2146
17806 1 868
17821 1 615
17893 1 1832
17964 3 1402
17998 2 1218
18080 1 2638
18089 1 1509
18091 2 1496
18092 1 1678
18100 1 936
18169 1 3118
18263 5 2623
18264 3 3866
18341 1 768
18414 1 1361
18415 2 5822
18467 1 1259
18489 1 726
18579 3 1051
18626 1 1312
18631 1 340
18694 1 1433
18713 5 1412
18719 1 2396
18728 1 2003
18775 1 298
18784 1 779
18816 2 772
18830 2 1272
18872 1 1474
18892 1 2095
18904 1 1338
18905 1 3741
18906 1 3883
18907 1 3535
18926 5 1782
18933 1 6035
18965 5 20789
18974 2 479
18979 2 1480
19002 2 1321
19038 1 2622
19079 68 16454
19111 2 4980
19112 1 251
19123 1 1226
19133 1 2181
19149 3 1238
19180 3 2589
19182 2 914
19186 1 6942
19187 2 826
19191 2 569
19384 28 5576
19390 1 3260
19424 11 673
19491 1 1810
19494 1 604
19495 14 3545
19502 1 2113
19516 1 33
19560 1 8071
19565 2 870
19613 1 1146
19625 1 1321
19653 4 1803
19718 28 852
19733 3 1292
19835 3 1651
19865 1 1300
19887 2 3613
19889 2 7969
19892 1 2205
19893 2 6194
19896 3 4758
19898 2 4338
19901 2 1057
19902 8 3107
19909 1 1003
19929 1 1291
19933 1 1797
19935 2 1523
19946 1 1413
19961 1 2081
20015 3 2199
20016 6 3043
20180 1 1773
20183 1 1575
20193 1 1368
20194 1 1431
20206 1 1631
20227 1 2347
20295 1 809
20305 1 953
20306 1 951
20369 6 781
20384 1 1291
20402 1 169
20554 1 524
20555 1 492
20575 1 4332
20618 2 705
20622 1 1417
20634 1 407
20677 1 8655
20685 2 959
20686 1 750
20688 1 1596
20698 4 3736
20699 1 1150
20700 2 2481
20701 1 2408
20702 1 1564
20703 1 3191
20718 3 1829
20726 1 30
20746 2 2626
20748 2 900
20758 1 1375
20777 3 1519
20778 3 4580
20807 3 2241
20813 1 221
20822 3 800
20879 1 1378
20892 1 1529
20920 1 1439
20926 2 938
20977 1 2515
20995 3 1840
20999 1 2745
21046 1 10160
21080 1 1500
21111 1 715
21136 1 857
21227 5 1161
21305 5 954
21309 1 510
21374 1 986
21409 1 625
21432 3 1603
21469 1 3531
21470 1 3587
21532 3 989
21540 1 2076
21541 1 2076
21559 3 1049
21560 1 1658
21594 1 322
21611 2 756
21612 2 756
21633 1 904
21648 3 6487
21651 1 346
21753 3 1168
21887 1 893
21942 2 1543
21945 1 1790
21956 1 1239
21958 1 1028
21960 2 7778
21964 4 1399
21969 24 4332
21976 1 3253
21979 3 861
21981 1 3068
21989 2 2096
21992 2 1844
21993 10 2572
21995 2 2336
21996 14 2579
21997 4 2196
22052 1 1487
22060 1 1495
22067 1 1179
22088 1 778
22123 1 290
22124 1 1782
22137 8 4439
22138 8 4091
22223 1 259
22385 1 506
22386 1 494
22387 1 487
22388 1 438
22389 1 482
22390 1 493
22391 1 485
22392 1 529
22394 1 489
22477 3 2074
22528 1 3156
22542 1 257
22547 1 5064
22579 1 578
22584 1 2300
22588 1 1983
22610 1 1706
22639 4 3403
22778 1 936
22907 1 934
22908 2 2390
22945 1 2400
22946 1 2519
22986 1 1800
23000 1 100
23014 1 3266
23126 3 2676
23145 1 1118
23211 1 1665
23228 2 801
23362 3 1820
23413 3 1692
23443 1 431
23463 1 445
23464 1 3921
23504 1 826
23563 21 936
23583 2 3023
23644 7 2056
23696 1 4960
23697 1 5047
23698 1 1290
23793 1 385
23843 1 1535
23844 1 1535
23845 1 1535
23898 1 871
24091 1 743
24093 1 4836
24119 1 14616
24123 2 1686
24124 2 2547
24140 1 1533
24152 1 1364
24175 1 1777
24186 1 1580
24188 1 634
24225 1 1419
24226 1 1365
24227 1 1351
24228 1 1329
24278 1 651
24279 1 651
24425 1 512
24462 1 8468
24502 2 2202
24514 8 13551
24538 5 616
24615 2 480
24663 2 215
24671 1 544
24678 1 547
24713 1 3212
24728 1 2573
24729 1 2591
24785 1 1066
24790 19 2605
24813 3 1576
24826 2 1650
24827 1 1654
24834 2 2002
24839 1 1127
24840 2 9627
24842 2 3916
24844 4 1882
24850 1 697
24865 4 2318
24866 1 1558
24928 19 1142
25088 1 260
25121 1 1670
25165 3 595
25252 1 950
25257 2 371
25354 1 496
25355 1 501
25356 1 491
25357 1 1736
25358 1 484
25359 1 498
25360 1 481
25361 1 496
25362 1 490
25441 1 1222
25478 1 3302
25490 1 4592
25491 1 2382
25492 2 3700
25494 1 807
25509 1 1876
25542 1 2369
25547 1 3685
25562 1 3195
25568 3 2008
25686 1 583
25713 3 3056
25721 1 618
25765 1 1150
25787 1 1161
25891 1 2054
25902 1 2698
26082 1 1566
26097 3 1412
26190 1 871
26205 1 1479
26249 2 1432
26257 1 3709
26259 1 3718
26260 1 3718
26261 1 3710
26262 1 3711
26343 1 4639
26364 3 1388
26386 1 2024
26388 1 3682
26410 1 944
26434 1 3200
26463 1 563
26470 2 1686
26477 1 1705
26498 5 32423
26511 1 1621
26534 2 3621
26631 1 8025
26714 1 1065
26716 2 1488
26734 2 1445
26742 1 982
26783 1 703
26821 1 4111
26834 1 380
26836 2 2928
26837 2 978
26929 1 1247
26978 1 1136
27036 1 6909
27059 1 88
27160 1 828
27168 4 1413
27219 1 1024
27286 3 1789
27313 1 613
27322 1 3721
27324 1 3721
27391 1 4345
27392 1 4376
27398 1 507
27431 1 2548
27477 2 621
27525 1 1284
27557 1 857
27596 2 450
27671 2 385
27772 1 3134
27774 1 2355
27777 1 2817
27778 1 1834
27779 1 4121
27823 3 1303
27827 3 2297
27847 8 942
28034 10 1005
28049 2 338
28054 4 510
28079 1 1167
28193 1 2289
28327 1 726
28414 2 3568
28416 2 1057
28436 1 1926
28474 1 1304
28639 1 2821
28686 1 1805
28727 4 670
28728 4 674
28816 1 2084
29185 1 798
29290 1 505
29291 1 488
29292 1 522
29293 1 506
29294 1 499
29295 1 1818
29296 1 762
29297 1 470
29298 1 503
29299 1 1683
29300 1 439
29301 1 485
29302 1 486
29346 1 5736
29349 2 2088
29383 1 1087
29385 1 3769
29414 2 1661
29436 1 1447
29492 1 3204
29523 8 10213
29540 2 1456
29558 4 3685
29559 4 3217
29573 1 623
29593 1 1567
29625 1 10200
29631 1 1819
29648 4 8110
29650 2 2908
29651 5 519
29683 1 619
29685 1 853
29686 1 854
29687 2 2532
29688 1 2530
29690 4 2211
29691 4 2211
29715 1 4501
29828 1 1349
29846 3 615
29951 1 2090
30055 3 2125
30175 1 392
30257 2 1126
30273 3 2533
30300 2 6017
30301 1 1460
30303 4 5165
30351 1 4754
30352 1 5973
30390 2 1242
30455 2 1134
30604 2 1396
30605 3 1929
30648 1 1003
30649 3 2455
30693 2 403
30747 1 4167
30767 1 794
30768 1 786
30832 1 578
30867 7 1554
30868 7 2055
30885 1 660
30888 1 2250
30897 8 535
30898 2 589
30936 1 2343
30977 1 950
30978 1 951
30979 1 952
30980 1 951
30981 1 952
30999 1 1474
31039 1 1073
31102 1 988
31188 1 556
31189 1 486
31190 1 482
31191 1 505
31192 1 1700
31193 1 486
31194 1 545
31229 1 4414
31258 1 860
31274 1 1664
31289 1 1482
31321 1 710
31327 1 3711
31328 1 3214
31330 1 2751
31360 1 3008
31380 2 1553
31390 1 479
31393 1 1881
31395 1 3700
31410 2 2031
31414 20 354
31439 1 972
31441 2 1845
31448 2 3221
31450 4 177
31490 1 827
31500 1 826
31518 1 5634
31543 2 2159
31559 1 402
31647 3 1002
31670 1 275
31682 1 180
31688 1 2740
31693 5 3857
31695 1 1371
31703 1 1955
31735 1 1164
31829 16 14263
31834 4 1157
31841 1 1522
31845 1 951
31846 1 952
31847 1 951
31852 1 1764
31861 1 127
31880 1 450
31944 1 1454
31949 1 6125
31957 1 1455
31958 1 1084
31992 1 980
32023 1 2558
32086 1 54
32126 1 495
32127 1 454
32128 1 515
32129 1 507
32130 1 484
32131 1 482
32217 1 1083
32240 1 3457
32241 1 5341
32242 1 1349
32249 1 638
32295 4 3206
32297 4 3273
32298 4 3261
32300 2 3026
32302 1 3115
32314 1 2456
32318 1 296
32343 1 868
32366 1 3530
32367 2 3181
32414 2 1665
32472 1 1402
32491 1 6991
32574 1 2622
32648 1 612
32671 1 1446
32706 2 1372
32734 1 166
32743 2 1903
32749 1 1148
32756 2 1374
32970 1 1070
33083 1 1262
33084 1 1311
33141 2 1413
33146 2 836
33190 1 1142
33206 3 858
33212 2 1506
33240 1 9576
33285 1 3524
33290 1 1065
33294 3 1429
33320 3 221
33333 2 6676
33505 1 969
33544 1 2303
33577 1 863
33579 7 320
33589 1 965
33590 1 3769
33626 1 991
33657 2 1436
33686 2 2000
33700 1 1557
33717 1 930
33724 1 1476
33739 1 1711
33785 1 1393
33797 3 1450
33816 1 651
33817 1 651
33818 1 655
33831 2 6374
33833 1 1730
33894 1 1158
33906 1 1561
33927 1 934
33931 19 997
33937 2 14231
33939 1 3908
33940 1 913
33949 1 537
33994 1 706
33996 1 4294
34003 4 1358
34027 1 1328
34035 1 2575
34081 1 3468
34092 3 1599
34093 1 1603
34094 1 1268
34146 1 1989
34254 1 763
34255 1 670
34273 2 708
34309 1 975
34380 5 1216
34395 4 2479
34398 1 1634
34410 1 1478
34421 1 894
34431 2 836
34461 1 673
34462 1 1693
34465 2 5422
34477 1 1168
34479 1 1119
34480 1 2110
34481 6 3475
34489 1 1568
34490 1 1136
34493 1 905
34497 1 1468
34537 1 2175
34563 1 2401
34564 1 1271
34574 18 2252
34575 6 2031
34578 1 2374
34616 1 365
34627 2 1130
34676 1 237
34700 2 611
34729 6 503
34776 3 2068
34802 4 609
34853 1 950
34878 1 2024
34905 1 1534
34923 1 2774
34960 1 2476
34975 2 592
35039 1 2773
35041 2 7162
35073 1 1101
35103 1 158
35172 1 618
35204 1 727
35317 1 1885
35344 1 1355
35347 3 866
35353 1 963
35385 2 1452
35389 2 1068
35420 1 1047
35455 1 554
35456 2 2136
35488 1 1679
35507 2 1988
35518 1 750
35528 2 954
35543 1 953
35569 1 768
35596 1 1116
35602 1 651
35760 1 5014
35774 1 3657
35828 2 5244
35877 1 1096
35909 1 3424
35925 2 179
35984 1 885
36002 1 304
36007 4 403
36043 1 1885
36109 3 12698
36186 2 91
36264 1 1039
36266 1 678
36291 1 4374
36299 1 2612
36304 1 1491
36312 1 1698
36371 1 1301
36614 2 2919
36676 1 327
36689 1 1112
36701 2 971
36724 3 2272
36737 1 707
36742 2 1373
36745 4 3421
36746 2 1073
36756 1 1035
36771 1 723
36797 1 6365
36798 1 823
36873 2 4539
36882 20 6259
36897 1 1300
36912 1 1844
36925 1 19
36946 1 651
36956 1 4551
36962 1 5960
36990 1 361
36993 3 753
37023 1 2246
37057 2 5130
37105 2 5309
37106 1 3136
37109 1 487
37175 1 1376
37177 4 10680
37205 1 2953
37212 2 697
37228 1 4061
37267 1 1801
37278 5 2964
37436 3 9722
37445 3 1889
37601 3 1897
37603 1 558
37620 2 1774
37628 1 1169
37630 1 2027
37648 1 1170
37655 1 1979
37661 1 5314
37672 1 1421
37685 6 2123
37686 3 2096
37732 1 1492
37734 1 3488
37735 1 1882
37736 1 1948
37895 1 1340
37906 4 1709
37909 1 2154
37915 1 778
37918 16 993
37934 1 1480
38025 10 2248
38094 2 2311
38118 6 846
38152 12 524
38181 1 1301
38199 1 2577
38221 3 1823
38222 5 1936
38240 1 1492
38270 2 259
38351 1 2567
38373 1 370
38390 2 266
38400 3 1879
38401 1 506
38418 1 1491
38445 3 2338
38448 3 6071
38449 3 1891
38457 1 1223
38506 1 725
38555 2 946
38557 1 10387
38576 1 1706
38627 1 1433
38673 1 651
38714 2 2044
38715 1 5564
38726 1 926
38733 1 798
38744 1 621
38772 1 961
38789 1 1489
38796 6 3677
38804 2 1858
38807 1 2365
38808 2 2666
38851 8 4217
38880 1 1528
38884 3 2693
38894 3 828
38916 3 6621
38941 2 931
38972 1 883
38986 1 1668
38991 1 1489
38999 1 4065
39010 1 2843
39024 1 8349
39025 1 1374
39083 2 2721
39084 2 4248
39085 2 4795
39127 1 1657
39166 1 1097
39167 1 1736
39168 1 1160
39170 1 1347
39175 1 3064
39180 1 1551
39183 1 4477
39186 1 2248
39194 2 764
39204 1 908
39211 1 824
39245 2 4290
39247 1 836
39250 1 644
39256 1 1626
39258 2 1773
39261 1 26
39263 1 1191
39264 1 7187
39276 2 3501
39278 4 5705
39279 1 5440
39305 1 783
39329 4 32477
39331 5 512
39371 2 63
39467 1 976
39469 1 1674
39473 1 461
39478 3 1398
39485 1 880
39510 1 1784
39539 1 1033
39590 5 969
39781 4 1529
39938 1 773
39958 6 1932
39970 1 1979
39993 3 6188
39995 3 2204
40023 1 493
40033 1 2140
40037 2 3833
40056 1 2607
40082 1 1394
40093 3 4751
40122 1 374
40168 1 919
40198 1 5290
40241 1 651
40253 1 3705
40255 1 3713
40257 1 3718
40308 3 533
40320 32 7910
40397 1 1801
40414 1 3454
40431 1 1342
40495 1 2423
40512 1 2080
40519 2 614
40538 1 14088
40541 1 4650
40550 1 3684
40625 5 980
40630 2 5684
40659 1 2127
40663 1 2472
40773 1 637
40788 1 1583
41022 67 2587
41117 2 1658
41118 2 2966
41131 1 4182
41159 1 816
41162 1 1960
41165 1 1234
41184 1 7879
41243 1 725
41252 1 1169
41423 1 1513
41436 3 713
41439 3 2390
41524 2 2455
41527 2 666
41671 1 623
41679 3 1631
41682 1 2132
41698 1 3701
41707 1 690
41729 2 1363
41732 2 1023
41779 1 683
41783 1 365
41818 1 3884
41822 2 1997
41828 1 764
41834 1 1285
41907 1 651
41989 1 494
42033 1 479
42055 1 1020
42058 2 1781
42130 1 679
42179 4 1490
42201 2 171
42222 1 1163
42230 1 943
42265 5 1288
42275 1 322
42357 1 1544
42363 3 628
42422 2 5724
42425 2 5948
42443 1 490
42487 1 1735
42567 1 3374
42569 1 3491
42583 1 653
42597 3 1554
42601 1 2101
42629 2 3606
42660 1 638
42661 1 1027
42662 1 724
42755 1 758
42767 1 8035
42837 1 2818
42847 1 1125
42868 3 620
42894 1 1338
42934 1 942
42947 1 42
43051 3 686
43150 1 9162
43438 4 2070
43470 3 3949
43474 2 2661
43489 2 1060
43490 3 1268
43492 2 1324
43493 1 672
43560 2 548
43608 1 390
43638 1 476
43647 1 485
43681 1 651
43741 1 1954
43830 1 948
43843 1 878
43844 1 2408
43900 1 1267
43931 5 474
43942 1 2137
43962 1 891
43999 1 5400
44028 1 1537
44030 1 250
44073 1 576
44076 1 361
44129 1 1404
44130 1 6601
44224 1 1007
44354 1 929
44372 1 5509
44396 5 427
44456 1 1155
44462 1 1299
44497 1 839
44504 1 282
44531 1 824
44580 1 936
44700 1 506
44701 1 485
44702 1 505
44703 1 506
44704 1 472
44705 1 503
44706 1 487
44709 1 481
44780 4 3261
44817 1 2611
44874 1 3594
44878 1 2602
44879 1 3172
44885 1 2410
44918 1 2627
44928 1 1161
44952 1 2567
44953 1 900
44972 5 1148
45072 1 825
45084 2 6555
45099 1 1823
45163 1 1509
45275 1 1123
45330 1 196
45346 1 509
45363 1 153
45406 1 1233
45477 1 795
45687 2 459
45849 1 756
45875 1 1388
45880 1 2642
45906 2 1209
45935 7 4684
45960 1 2353
45988 2 561
46019 1 626
46020 4 609
46027 1 719
46058 1 160
46069 1 3643
46070 2 3987
46303 2 876
46357 1 1238
46426 1 3573
46432 1 3117
46448 1 361
46453 1 1153
46505 3 6279
46551 7 8597
46695 1 1088
46696 1 1298
46697 1 1569
46698 3 1272
46706 12 907
46725 2 1492
46730 2 1979
46734 1 1928
46735 3 1806
46739 1 1076
46743 1 441
46749 4 6951
46753 2 1413
46777 8 3791
46779 1 1776
46783 4 2182
46824 1 1526
46825 1 1815
46836 1 990
46837 1 2432
46905 5 1128
46910 1 1422
46930 1 893
46935 2 1074
47008 1 1472
47015 1 614
47039 3 2061
47078 2 668
47079 2 757
47132 1 951
47133 1 1102
47137 1 1329
47187 1 584
47204 1 1502
47212 1 491
47258 1 2107
47283 1 525
47307 2 900
47314 1 500
47315 1 489
47316 1 486
47317 1 518
47318 1 495
47319 1 482
47320 1 496
47321 1 479
47322 1 486
47323 1 505
47324 1 909
47325 1 476
47326 1 539
47346 1 1159
47360 1 1310
47362 1 931
47378 1 589
47394 1 1036
47437 1 1517
47482 2 1551
47498 1 3543
47508 1 1236
47542 1 693
47543 2 2250
47544 1 1704
47549 1 978
47576 3 2029
47613 13 792
47617 1 737
47681 1 611
47800 2 10768
47839 1 1597
47861 1 1318
47889 1 1064
47898 2 1891
47970 1 569
48002 11 2505
48005 5 1484
48006 1 202
48031 1 4280
48099 7 773
48100 1 764
48180 41 25164
48237 1 763
48249 1 444
48253 5 2008
48279 1 1412
48305 3 667
48324 1 520
48325 1 433
48326 1 477
48327 1 509
48407 2 1657
48413 1 3524
48491 1 545
48545 5 3140
48560 1 550
48561 1 639
48566 1 3055
48608 5 3133
48609 4 3196
48632 1 3473
48720 1 579
48722 5 1191
48777 1 2052
48785 1 127
48814 1 3174
48896 1 1621
48902 1 4234
48905 3 1954
48906 3 1435
48911 1 918
48919 1 5467
48920 2 1976
48922 2 2935
48924 2 3784
48926 1 1147
48933 4 1238
48970 1 2668
48982 1 2668
48989 3 1067
48994 1 649
49028 4 1058
49052 1 3420
49061 2 1867
49062 2 1778
49130 1 2701
49160 2 734
49182 5 1444
49184 3 2455
49224 1 658
49263 1 253
49276 1 5599
49341 2 2395
49343 1 1496
49344 3 2202
49345 1 2775
49346 2 1190
49347 2 1309
49348 4 2857
49349 1 2177
49350 3 2540
49393 15 1075
49413 2 786
49443 3 1149
49489 1 101
49574 5 240
49725 16 308
49809 1 1482
49867 1 1046
49898 7 855
49903 1 802
49931 1 2794
49963 1 364
49970 2 1052
50013 1 1064
50014 1 1452
50015 1 1420
50024 1 617
50144 1 5084
50191 1 1276
50200 1 1454
50201 1 1131
50203 1 980
50213 2 1995
50217 5 1971
50238 1 974
50263 1 1162
50264 1 1178
50285 6 4950
50295 1 551
50298 1 1458
50338 1 946
50341 1 968
50355 9 3677
50360 1 1096
50409 1 2104
50503 1 2290
50508 1 635
50529 7 4267
50543 1 455
50607 2 926
50631 1 446
50632 1 1689
50649 1 501
50650 1 488
50651 1 458
50652 1 505
50653 1 447
50654 1 514
50655 1 502
50656 1 480
50657 1 1955
50658 1 493
50659 1 504
50660 1 598
50661 1 489
50662 1 488
50663 2 491
50664 1 505
50665 1 490
50666 1 489
50667 1 492
50668 1 1658
50723 1 3146
50745 1 284
50776 1 2775
50777 1 1369
50778 1 1083
50786 1 1972
50790 9 915
50818 1 353
50819 1 488
50835 1 656
50854 1 3003
50861 3 652
50870 1 908
50881 1 4909
50895 2 2073
50900 1 1783
50920 2 1937
50921 3 3926
50922 2 2085
50923 4 2197
50924 2 1807
50925 2 2062
50983 2 16660
51011 1 1216
51019 1 1182
51046 13 790
51058 1 3191
51089 2 1317
51105 4 1220
51121 1 1534
51194 1 2656
51195 1 2015
51200 3 1152
51205 1 509
51305 2 1663
51323 1 1148
51439 2 574
51442 2 891
51494 1 905
51523 2 1944
51619 1 697
51666 1 1112
51667 1 859
51673 1 807
51710 1 699
51729 3 529
51732 1 1804
51763 1 2149
51884 1 651
51891 1 6407
51892 1 4521
51896 1 1311
51897 1 1033
51898 1 1288
51899 1 12169
51925 1 674
51935 1 781
51954 1 1366
51955 2 1040
51987 2 4909
51988 2 6522
52025 1 712
52030 2 1803
52032 1 1614
52109 1 3805
52162 1 1594
52244 1 1659
52260 1 1065
52266 1 5261
52271 1 8131
52379 2 1567
52396 1 4756
52403 6 1953
52404 1 1285
52409 2 1665
52418 1 685
52425 1 898
52440 23 6680
52455 1 1525
52457 2 4403
52464 1 668
52470 11 896
52484 1 5765
52493 37 2748
52499 1 936
52500 1 3237
52541 1 3260
52561 1 52057
52579 2 1308
52599 1 4808
52606 1 952
52616 2 3287
52698 1 978
52977 2 1736
52986 3 1447
52988 3 24350
53077 1 1328
53084 1 2127
53117 1 399
53139 1 3527
53165 1 600
53236 1 3296
53308 1 2307
53359 1 2051
53365 1 748
53410 1 1196
53430 3 48057
53479 3 1784
53519 1 1735
53553 1 808
53558 1 5589
53650 2 1107
53683 2 252
53736 2 737
53771 1 1481
53794 13 2430
53837 2 3485
53914 1 1079
53916 1 667
53919 1 1312
54134 1 2948
54144 2 2965
54147 1 1217
54217 1 315
54289 1 1258
54325 3 1225
54355 2 10248
54365 9 567
54399 1 5059
54441 1 4709
54453 1 950
54454 1 951
54455 1 953
54551 1 2055
54576 1 1577
54682 1 1173
54732 2 52
54859 1 453
54860 1 493
54863 1 507
54864 1 518
54865 1 532
54998 1 1411
55066 4 3616
55068 4 3268
55071 1 3179
55076 1 2410
55077 1 2410
55082 1 985
55109 1 693
55118 1 4304
55146 1 2594
55147 1 2912
55153 2 1633
55309 1 835
55420 4 552
55437 1 880
55532 1 367
55578 1 900
55584 1 1087
55913 1 1188
56025 1 970
56175 1 8425
56177 3 809
56181 2 1977
56189 1 1843
56190 1 1477
56195 1 598
56212 4 4266
56232 1 1384
56244 1 749
56266 2 1037
56273 2 2200
56282 6 1567
56283 1 1928
56321 1 2422
56455 1 337
56484 1 494
56503 3 5900
56524 6 4137
56553 1 7598
56576 1 732
56615 1 324
56652 1 5800
56662 1 897
56680 2 1247
56702 2 683
56735 1 2263
56772 1 575
56796 1 443
56881 6 4650
56899 1 4490
56974 1 944
57034 1 407
57040 11 3492
57168 1 478
57169 1 496
57170 1 487
57171 1 550
57172 1 491
57173 1 494
57174 1 496
57175 1 496
57176 1 483
57180 1 1975
57181 1 502
57182 1 482
57183 1 542
57184 1 505
57185 1 489
57222 1 503
57226 1 11510
57247 1 437
57323 1 1349
57371 1 1247
57381 3 2992
57404 1 298
57436 3 3484
57445 1 944
57449 4 3288
57450 1 3346
57451 1 3058
57460 1 2888
57510 1 2365
57511 2 2052
57546 3 1271
57620 1 3241
57623 1 3704
57624 2 3707
57625 1 3705
57626 1 1133
57634 1 2122
57640 1 894
57659 1 917
57660 1 6533
57665 1 1013
57728 1 3152
57769 1 3472
57801 1 2633
57804 1 1385
57810 1 1482
57812 2 446
57844 1 1815
57846 1 2065
57878 2 3882
57879 2 1521
57889 3 805
57914 4 2836
57915 2 2190
57974 1 1235
57977 1 103
57992 1 1010
58201 1 1355
58215 1 1221
58218 1 160
58281 1 567
58467 7 4185
58675 1 2820
58677 1 506
58678 1 2423
58679 1 503
58680 1 477
58681 1 509
58682 1 486
58683 1 536
58684 1 473
58685 1 496
58686 1 512
58687 1 468
58688 1 516
58689 1 483
58690 1 476
58691 1 488
58692 1 501
58693 1 504
58694 1 520
58695 1 516
58696 1 435
58794 1 518
58837 4 3342
58857 2 994
58858 2 1878
58859 3 1547
58860 2 1359
58869 1 5200
58874 1 1816
58914 1 2294
58925 1 1726
59051 1 1868
59053 1 2530
59054 2 2531
59055 1 510
59057 4 2210
59058 4 2211
59072 1 10092
59251 1 6070
59291 1 602
59292 1 1003
59293 1 1254
59347 6 9699
59350 8 8331
59400 1 1212
59404 12 1587
59408 5 1795
59419 1 794
59420 2 1188
59421 1 1923
59429 1 1054
59430 2 3685
59434 13 2472
59435 1 1065
59438 1 976
59440 1 836
59454 2 2821
59460 1 1795
59462 2 1879
59463 3 2182
59464 7 1707
59469 2 4789
59484 1 1395
59489 1 1634
59493 2 684
59507 2 1225
59508 2 1122
59511 3 1631
59521 1 1931
59522 8 1856
59523 1 1877
59557 1 666
59561 2 4211
59586 1 1152
59591 1 1374
59593 2 1584
59598 1 1721
59604 3 1752
59627 1 4734
59630 1 5288
59647 3 1537
59648 1 938
59653 1 849
59674 2 774
59696 2 2013
59702 2 1311
59706 1 1415
59707 1 1267
59712 16 4670
59812 1 1458
59814 1 980
59818 1 534
59825 1 1106
59826 2 1508
59827 1 1670
59837 1 1240
59874 6 4939
59879 14 1719
59906 5 889
59986 1 4731
59987 1 5303
59988 1 5229
60000 1 560
60019 1 5237
60038 2 3448
60135 1 508
60136 1 479
60137 1 520
60138 1 492
60139 1 483
60140 1 480
60141 1 535
60142 1 495
60143 1 517
60144 1 476
60145 1 493
60181 14 1881
60194 3 484
60217 1 2172
60222 1 1082
60223 7 1232
60238 1 1338
60239 1 1030
60240 1 1594
60241 1 709
60242 1 1441
60283 3 465
60300 1 1826
60315 2 3263
60316 2 3178
60317 2 1935
60318 2 3852
60319 1 4138
60327 1 3097
60362 1 3186
60365 1 754
60366 2 3154
60370 1 1845
60378 1 1208
60429 2 5933
60444 1 1326
60475 1 1223
60476 11 1333
60519 2 1838
60524 1 765
60541 1 1488
60542 15 1829
60543 8 1510
60585 1 430
60674 1 1471
60675 1 1688
60693 1 7521
60748 1 6845
60777 1 3095
60778 1 3600
60821 1 657
60822 1 5864
60827 1 2424
60843 1 871
60936 1 5117
60941 1 347
60943 1 332
60951 1 693
60953 4 2570
60954 1 1837
60955 1 1899
60956 1 2287
60957 6 3093
61002 2 1476
61006 2 1253
61019 1 1394
61043 1 4069
61064 1 956
61091 32 1682
61188 8 29700
61194 1 1390
61216 1 353
61248 1 1412
61258 6 3684
61269 1 8764
61337 2 783
61389 2 4011
61405 1 1936
61443 1 1702
61449 1 1279
61543 1 1462
61600 1 573
61624 2 1565
61628 3 7244
61629 1 1176
61658 1 1813
61662 1 369
61668 3 11710
61669 5 5944
61688 1 1196
61690 1 2512
61699 9 647
61816 1 1916
61827 2 4204
61845 1 3591
61870 1 3147
61876 2 2252
61877 2 2841
61878 2 2819
61879 3 2166
61880 3 2723
61881 4 2444
61921 1 519
61924 5 6503
61970 1 694
61989 1 618
61994 1 535
62014 1 6015
62029 1 840
62030 1 796
62144 1 2188
62186 1 314
62199 1 2963
62233 2 487
62234 2 481
62235 2 550
62255 1 587
62322 1 918
62357 1 822
62379 4 926
62402 7 286
62407 1 859
62474 1 690
62516 1 453
62588 3 8596
62613 1 5274
62626 2 917
62629 1 815
62648 6 206
62649 6 206
62653 16 1055
62685 3 1321
62686 3 996
62688 1 1038
62692 4 1474
62697 2 1926
62725 1 3245
62750 1 1350
62846 1 1520
62849 2 1721
62870 1 1017
62902 1 2612
62928 3 709
62931 4 2235
62945 1 1603
62947 1 1604
62951 2 2817
62957 1 1820
63077 2 5251
63078 3 1839
63091 1 599
63155 1 1358
63156 1 1380
63157 4 3445
63159 1 1363
63160 1 1813
63161 6 1664
63162 1 1516
63163 7 2048
63164 2 2016
63165 1 2124
63166 1 2579
63167 2 3539
63168 3 2328
63169 1 1823
63190 1 400
63191 1 374
63197 1 7220
63216 2 3807
63285 3 1000
63301 9 1043
63303 1 1198
63308 2 1302
63309 1 4077
63310 2 2477
63311 1 1028
63352 1 832
63462 5 3556
63504 1 4125
63555 7 7057
63572 1 3748
63588 1 835
63591 1 1197
63703 1 2027
63706 2 1710
63795 1 1855
63852 1 472
63861 1 591
63896 1 1174
63906 1 4261
63933 4 426
63978 1 1445
63984 2 1161
63985 1 978
63986 1 1741
64016 1 1043
64034 2 2927
64083 2 1054
64326 2 1704
64357 1 450
64370 5 173
64376 9 2975
64414 2 806
64535 1 824
64559 8 4363
64623 1 692
64629 1 537
64653 3 1553
64666 1 1098
64671 1 687
64835 1 518
64836 1 504
64837 1 502
64838 1 500
64839 1 477
64840 1 468
64841 1 488
64842 1 482
64843 1 478
64844 1 478
64949 3 631
64951 1 1419
64958 4 1118
64995 1 1355
64997 1 864
65007 1 3159
65031 1 3879
65034 1 3956
65057 3 1925
65074 1 903
65104 3 8712
65129 3 15643
65247 1 546
65272 1 2484
65438 1 1287
65449 1 607
65451 1 277
65454 1 456
65456 1 531
65464 1 2107
65532 1 349
65576 9 4667
65718 1 44
65731 1 520
65732 1 479
65733 1 483
65734 1 1674
65735 1 488
65736 1 493
65737 1 499
65738 1 506
65739 1 518
65740 1 536
65741 1 509
65742 1 501
65743 1 523
65744 1 574
65838 2 1936
65900 1 283
65933 14 1896
65944 1 4400
65946 1 1248
65956 11 3157
65960 1 1177
65968 2 1412
65972 1 1924
65996 3 2800
65998 1 908
66018 1 1246
66055 1 1289
66065 18 2315
66162 1 3524
66176 1 787
66179 3 595
66220 1 652
66277 2 1687
66278 1 2126
66386 1 631
66410 1 1064
66427 4 807
66462 1 904
66474 1 1387
66486 3 1876
66529 1 1423
66542 1 1829
66581 1 952
66583 1 1396
66598 1 1411
66610 1 1775
66681 1 894
66696 1 286
66705 1 837
66751 1 11896
66789 1 1034
66791 1 253
66797 1 1766
66800 1 1512
66830 1 818
66849 1 340
66884 1 3426
66915 1 4319
66933 1 626
67021 1 6450
67042 1 1358
67043 2 858
67066 1 437
67085 3 901
67219 1 8613
67352 15 2080
67354 1 709
67356 1 2111
67359 3 3255
67389 3 1731
67390 3 1665
67391 3 4824
67392 3 2594
67393 3 6324
67394 3 2122
67395 4 2737
67398 1 728
67420 10 2247
67421 3 1526
67452 1 3036
67461 1 663
67523 3 478
67532 1 1159
67562 1 1286
67574 1 2213
67651 3 1272
67652 1 2159
67686 1 541
67689 1 7619
67825 1 1677
67878 1 1072
67888 1 1174
67900 1 1945
67966 1 607
68010 1 1404
68040 1 2912
68046 1 3345
68124 1 2400
68125 1 2444
68132 3 2295
68151 1 2465
68160 1 6120
68167 1 612
68176 2 2781
68335 1 1183
68344 1 6836
68422 1 838
68680 4 9381
68713 5 3702
68732 1 3543
68737 1 3173
68751 1 1427
68771 1 1848
68775 1 1181
68803 1 1117
68812 2 10319
68820 4 1468
68828 1 509
68920 1 2788
69055 8 3045
69090 1 505
69274 1 490
69275 1 495
69276 1 498
69277 1 487
69278 1 499
69279 1 489
69280 1 491
69281 1 486
69365 2 1243
69379 1 2152
69386 1 137
69436 1 1123
69462 2 998
69483 3 3191
69509 3 5379
69515 1 3275
69538 4 1049
69690 1 2102
69696 1 1490
69707 1 668
69717 1 4915
69824 3 1647
69890 1 1178
69898 2 1027
69989 1 412
69997 1 101
70004 2 683
70038 1 385
70042 3 570
70071 3 841
70089 2 760
70120 15 629
70207 26 10208
70222 1 950
70249 1 743
70269 1 2397
70273 3 3305
70290 2 2102
70292 2 2365
70293 1 768
70298 3 1605
70308 1 1172
70397 1 1331
70444 2 861
70480 1 1306
70482 1 651
70534 1 5509
70574 1 2062
70588 1 1129
70591 1 4584
70595 1 2506
70596 2 770
70614 1 1247
70637 1 1177
70841 2 8361
70869 1 1590
70881 1 1568
70973 12 413
71002 1 725
71009 4 1220
71078 1 9605
71107 1 783
71176 1 1463
71276 1 2862
71282 1 1318
71315 3 6723
71327 3 1804
71334 2 2239
71335 1 3121
71362 1 1353
71364 1 998
71374 1 1324
71419 1 2738
71524 2 1115
71550 1 1323
71580 4 1716
71590 1 769
71592 3 1183
71655 1 347
71680 1 557
71705 2 10258
71803 1 952
71804 1 952
71837 1 622
71875 34 1163
71891 2 693
71892 1 1268
71893 2 1301
71894 2 2159
71895 2 3069
71896 1 3955
71897 2 2249
71933 1 662
71942 1 3216
72042 1 2081
72043 2 1623
72044 1 1586
72066 10 7004
72067 1 9227
72182 1 1358
72197 1 1837
72198 1 2050
72208 1 1405
72250 1 2657
72253 1 838
72268 1 1256
72290 1 651
72291 1 651
72306 1 2081
72329 1 795
72353 1 1879
72358 1 1752
72369 2 1408
72410 1 4306
72411 1 3344
72412 1 14176
72413 2 1983
72422 1 4394
72539 1 1870
72556 4 1250
72562 4 1024
72578 7 1935
72591 1 2016
72612 1 2177
72620 4 1465
72636 2 1026
72807 1 679
72815 2 1450
72816 2 1634
72831 108 6567
72832 2 3890
72869 3 902
72873 2 3122
72878 2 4492
72879 14 7089
72888 1 1768
72889 1 1741
72890 1 691
72895 1 1688
72909 1 846
72919 1 5881
72920 1 5462
72921 1 2994
72924 6 1464
72925 8 1459
72929 2 3019
72930 1 2073
72933 3 2224
72934 1 2319
72935 4 2042
72943 1 1178
72959 1 2654
72999 1 3301
73023 2 1400
73033 1 1060
73252 2 2017
73253 1 2048
73288 1 341
73349 1 2244
73358 1 1564
73380 1 97
73426 2 1568
73468 2 779
73483 1 1287
73503 1 541
73571 5 3969
73594 1 1535
73649 1 2033
73675 1 1104
73740 5 793
73756 7 962
73886 3 1408
73892 1 1020
73930 2 1679
73931 2 2768
73951 2 1097
73952 4 1586
73956 1 2798
73972 1 849
73973 1 800
74055 3 2435
74056 1 1960
74086 5 451
74091 2 1923
74119 18 11686
74146 1 423
74203 4 11999
74431 1 386
74444 1 1117
74446 2 1773
74466 1 863
74569 1 985
74572 4 8808
74575 3 2107
74584 2 1755
74645 2 6253
74661 1 1665
74669 2 1071
74671 2 919
74738 1 254
74812 3 4167
74821 1 1520
74822 2 5130
74825 12 704
74829 1 1083
74871 2 1759
74924 1 1448
75053 1 472
75054 1 485
75055 1 481
75056 1 529
75057 1 502
75058 1 493
75059 1 483
75060 1 482
75061 1 486
75062 1 497
75063 1 489
75064 1 479
75065 1 486
75066 1 500
75112 1 1120
75146 1 1593
75152 2 1312
75166 1 1252
75208 1 3202
75214 2 2338
75242 1 728
75250 1 1780
75398 8 2037
75399 1 1219
75400 1 2330
75408 1 3231
75422 1 566
75529 1 8980
75530 1 2216
75531 1 1582
75532 5 2113
75547 3 972
75590 1 708
75625 6 1046
75643 1 1262
75647 2 372
75755 1 955
75836 6 992
75940 1 2480
75960 2 2012
75982 1 700
76061 1 3128
76077 1 1366
76079 1 709
76092 9 1400
76095 1 839
76108 1 468
76130 1 669
76173 1 362
76203 1 1000
76234 1 1291
76258 1 935
76268 1 1592
76304 3 5487
76326 1 2230
76340 1 3506
76357 5 2792
76368 1 1834
76400 1 308
76405 2 5489
76442 1 312
76443 1 440
76491 1 1557
76509 1 737
76516 1 5399
76526 1 4857
76529 1 10440
76579 1 898
76648 1 306
76738 2 337
76755 33 5294
76893 1 593
76920 1 750
76944 1 850
77007 3 2330
77016 1 2119
77070 3 2357
77082 2 5693
77083 1 3037
77084 1 2028
77085 1 2310
77088 2 4377
77097 2 2699
77105 1 762
77124 2 3644
77135 3 801
77158 2 1076
77162 3 621
77195 1 797
77198 6 980
77231 1 2551
77236 3 1989
77237 3 1988
77238 3 604
77239 3 604
77240 3 588
77249 2 3213
77260 1 1072
77262 1 1031
77396 1 980
77411 5 3629
77427 1 151
77450 1 5940
77477 1 600
77654 1 1454
77677 1 481
77762 1 532
77763 1 527
77764 1 521
77765 1 478
77766 1 488
77767 1 488
77768 1 591
77769 1 555
77770 1 453
77771 1 493
77772 1 505
77773 1 509
77775 1 484
77826 1 1385
77908 6 2693
77948 1 3393
77949 1 2982
77951 1 738
77954 1 4740
78117 1 1978
