surfac surfac 2586 65215343 
69 2 1167
203 1 5213
248 1 5568
300 3 1935
354 1 630
424 1 2481
455 1 3709
461 1 5431
541 2 2599
553 2 466
647 1 974
678 1 1380
683 1 928
721 1 1682
729 1 2727
799 1 845
809 1 691
864 1 1567
895 1 1608
909 1 688
993 1 10702
1052 1 3416
1081 1 980
1097 2 953
1301 1 807
1307 1 735
1376 1 652
1426 1 1867
1463 1 1594
1554 4 3023
1632 2 1365
1634 1 30082
1802 3 10218
1806 1 911
1861 1 5589
1898 1 3856
1923 2 650
1970 1 1066
1990 1 233
2122 1 1275
2129 1 965
2152 1 916
2163 1 2057
2216 1 2877
2233 1 1145
2235 2 1852
2237 1 1765
2463 1 3258
2487 1 1574
2553 2 1166
2651 4 1903
2662 1 908
2767 1 411
2940 1 754
2972 1 1458
2989 1 2074
3003 1 3697
3006 2 834
3037 1 1774
3105 1 3023
3107 1 3008
3134 2 1532
3225 1 861
3226 1 628
3240 1 559
3289 1 952
3301 1 4111
3302 1 4954
3304 1 1426
3337 1 505
3391 1 1846
3429 1 2188
3606 1 924
3768 3 960
3859 1 375
4000 2 6980
4064 2 1206
4078 1 2535
4098 1 304
4102 1 611
4104 2 1081
4109 3 467
4171 3 2956
4235 1 711
4245 1 739
4288 1 714
4506 1 1210
4518 1 2481
4614 1 5323
4626 1 2742
4680 1 643
4755 4 1016
4842 1 2135
4886 2 1349
4918 1 2282
5076 10 1220
5184 1 2478
5192 1 583
5201 1 934
5239 1 925
5275 3 743
5410 1 408
5431 1 1029
5469 1 770
5490 1 592
5499 1 44062
5552 1 312
5578 2 13045
5596 2 4949
5611 34 8061
5913 2 2199
5931 1 723
5937 1 772
5947 1 935
5988 2 969
5990 1 750
6011 1 3214
6122 2 268
6151 2 6692
6165 1 4900
6343 1 567
6646 1 1067
6654 1 1063
6655 1 988
6659 1 715
6669 2 1845
6735 1 731
6801 8 167
6997 2 1942
7028 1 1722
7029 1 1173
7031 1 1107
7032 1 1787
7033 1 1085
7034 1 864
7045 1 2855
7046 3 497
7147 2 592
7285 1 626
7286 1 2279
7419 1 1155
7427 1 443
7428 1 1550
7484 1 1097
7491 1 7708
7548 1 1489
7580 1 9484
7587 1 632
7589 1 961
7646 7 2633
7665 1 371
7706 1 3286
7727 1 2490
7767 1 3013
7773 1 7884
7937 1 1347
8072 4 5760
8130 1 2237
8153 2 683
8160 3 450
8174 1 551
8177 1 2272
8193 1 1008
8251 1 3081
8297 5 12133
8301 1 2361
8388 2 2999
8460 4 2825
8462 1 3138
8559 1 4026
8592 1 2003
8600 1 467
8685 1 1005
8729 1 342
8740 1 1067
8937 1 1958
9009 1 472
9021 2 943
9088 1 598
9173 1 6443
9201 1 1485
9232 1 1398
9346 2 1930
9403 1 3133
9431 1 3717
9463 1 3203
9489 1 6134
9490 1 2974
9492 1 6158
9530 2 859
9545 2 4422
9649 1 760
9684 1 1163
9705 1 1643
9716 1 751
9727 1 3290
9752 6 8096
9804 1 5129
9805 1 5191
9806 2 6009
9815 1 509
9818 1 872
9845 2 1179
9854 1 359
9902 1 1223
10033 1 8876
10064 1 61
10106 1 825
10204 2 512
10219 2 3447
10251 1 1893
10270 3 908
10289 1 8941
10314 1 4681
10343 1 652
10377 1 2603
10422 1 2187
10451 5 1088
10486 2 2750
10578 1 380
10581 1 566
10597 3 557
10624 1 1876
10649 1 611
10665 2 3903
10750 2 1327
10751 2 1074
10796 1 5414
10817 2 850
10911 1 1405
10949 1 4327
10957 3 482
11037 1 1092
11045 2 773
11202 1 3466
11215 1 270
11268 1 1582
11288 1 9962
11303 1 1172
11362 1 2542
11381 2 804
11499 1 1089
11515 2 919
11517 2 935
11530 1 656
11542 2 558
11571 1 941
11609 4 1245
11661 1 1125
11691 2 1005
11692 1 650
11693 1 762
11738 1 632
11741 4 564
12151 1 821
12156 1 13898
12183 1 843
12201 1 1165
12322 1 923
12331 1 3864
12376 2 834
12390 1 3720
12391 1 726
12412 1 1917
12514 2 6560
12658 1 1221
12701 5 7084
12711 1 2227
12722 1 662
12744 2 1046
12746 1 1213
12747 2 3912
12771 1 2032
12783 1 4316
12814 11 46677
12826 1 538
12899 1 611
13003 1 4796
13009 1 343
13060 1 3460
13122 1 8864
13342 1 1229
13386 1 415
13421 1 734
13426 1 1513
13697 2 3718
13705 1 864
13813 1 412
13832 1 1089
13847 2 2900
13849 1 1566
13857 1 1902
13901 1 4255
13942 1 1276
14068 2 2470
14099 1 1426
14193 1 2538
14265 1 2579
14280 1 2667
14313 1 5288
14392 1 559
14497 2 360
14500 1 1554
14531 2 425
14558 1 877
14667 16 1206
14675 2 1701
14747 3 1544
14989 1 876
15041 1 872
15074 1 355
15196 1 8919
15245 1 7336
15248 1 240
15293 1 5587
15468 2 1078
15493 1 817
15528 1 2844
15574 2 3007
15583 1 1612
15671 1 1154
15737 1 3706
15808 1 695
15831 1 2451
15841 1 1259
15856 1 774
15899 1 655
16022 1 1155
16152 1 474
16175 2 932
16199 1 1973
16201 1 3976
16206 1 2677
16241 1 1533
16257 1 6019
16261 1 2583
16281 1 3429
16310 1 1612
16363 1 1461
16379 1 636
16388 1 1730
16393 1 966
16396 3 367
16407 1 637
16415 1 846
16489 1 4179
16497 1 988
16508 1 1667
16564 2 1007
16592 2 2447
16780 1 2693
16817 2 4292
16853 1 1372
16891 1 1176
16904 1 1560
16909 1 1643
16932 1 4752
17009 1 3115
17013 1 9772
17061 1 3094
17121 2 6700
17189 2 5992
17319 1 286
17361 1 1897
17464 1 1805
17481 1 1474
17591 1 3099
17592 1 3800
17599 1 4342
17608 4 1036
17638 1 6007
17642 1 966
17644 2 1115
17653 1 5954
17658 1 2113
17701 1 631
17717 1 3139
17758 7 28986
17792 1 547
17815 1 2708
17844 3 5452
17888 1 637
17910 2 607
18006 1 495
18091 1 1496
18148 1 989
18287 3 1632
18304 1 677
18336 1 366
18381 1 1590
18385 1 6531
18416 1 1500
18465 1 1529
18568 1 1372
18577 1 810
18654 3 15696
18659 1 1736
18665 1 960
18716 5 1408
18798 1 4126
18849 1 2585
18929 1 1995
18945 1 6732
18959 1 905
18967 1 13159
18987 1 2027
19045 1 3919
19079 1 16454
19128 1 902
19131 2 3297
19309 1 2189
19383 1 3259
19385 1 2378
19391 1 3144
19393 2 277
19504 1 6279
19545 3 9624
19572 3 351
19599 1 716
19602 1 900
19716 1 478
19731 1 672
19832 1 4109
19842 3 2475
19845 16 1231
19857 1 385
19878 1 1514
19901 1 1057
20016 1 3043
20200 1 30304
20301 1 1064
20313 2 803
20382 2 677
20425 1 3934
20642 1 490
20653 5 6960
20654 1 1589
20663 1 2969
20679 1 6821
20682 1 5585
20708 1 24696
20714 1 181
20730 1 3239
20767 1 998
20812 1 1234
20817 1 1910
20827 1 562
20892 1 1529
20969 1 1019
21002 1 922
21051 1 1656
21100 1 1816
21144 1 872
21200 2 3347
21265 1 1264
21328 1 2276
21352 2 1524
21390 6 1750
21496 1 1009
21530 1 2863
21644 1 11884
21732 1 1004
21814 1 4204
21902 2 517
21904 2 2015
21913 1 3148
21945 1 1790
21946 1 1327
21981 1 3068
21996 1 2579
22117 2 381
22132 1 739
22184 1 842
22216 2 13756
22230 1 845
22415 2 1257
22454 1 507
22464 1 1400
22607 1 1086
22610 1 1706
22880 1 1358
22924 1 3942
22954 2 911
23037 6 1083
23045 1 719
23055 1 1418
23058 1 810
23079 3 1471
23208 2 704
23224 2 1079
23283 1 4182
23349 1 659
23359 1 1250
23441 2 1238
23484 2 310
23549 2 1477
23765 1 11324
23801 1 683
23821 2 733
24136 3 1335
24157 1 10311
24210 2 1259
24222 1 3333
24224 1 416
24252 1 634
24284 1 4091
24444 1 1797
24475 4 2124
24579 1 834
24616 1 6643
24666 1 3571
24668 1 6702
24748 1 4627
24784 1 1769
24795 1 709
24796 1 714
24803 4 5803
24900 1 2275
24901 1 2275
24902 1 2275
25235 1 7935
25260 4 1048
25272 1 356
25330 1 1134
25418 1 1316
25428 7 2396
25440 1 1655
25547 1 3685
25553 1 3595
25555 1 3167
25691 1 823
25713 1 3056
25727 2 726
25874 2 547
25878 1 717
25911 2 863
26109 1 2505
26218 2 3037
26358 1 830
26407 2 1765
26411 1 2625
26439 1 1615
26454 1 1961
26462 1 951
26541 1 4809
26631 1 8025
26671 2 652
26914 1 892
27130 1 358
27161 1 1496
27260 1 960
27289 6 1901
27309 2 2591
27429 1 658
27474 1 1604
27619 1 1247
27687 2 1575
27752 2 828
27759 1 1052
27813 1 1873
27846 1 709
27995 1 493
28065 1 3068
28098 13 10589
28100 1 1191
28124 1 1275
28225 1 2588
28261 1 11790
28291 1 644
28481 1 771
28613 1 61
28720 1 694
28840 9 12057
28871 1 2000
28881 1 2326
28919 1 1463
28983 1 1151
29011 1 2920
29102 1 710
29141 1 320
29166 1 383
29180 7 3520
29395 1 670
29486 1 1334
29505 1 1967
29519 12 8686
29532 1 804
29592 1 1374
29607 2 1086
29721 2 6842
29722 1 9450
29899 1 815
29927 1 601
30065 1 1794
30164 1 2045
30167 1 1260
30183 1 405
30257 1 1126
30383 1 1333
30459 5 1537
30517 1 1817
30535 1 976
30580 1 952
30588 1 3696
30606 1 2666
30649 1 2455
30852 1 984
30853 1 908
30872 1 2105
30880 1 574
30918 4 556
30993 1 197
31040 1 1514
31041 1 1280
31052 1 3636
31072 2 667
31154 1 493
31241 1 487
31262 3 1180
31264 1 1761
31387 1 1573
31415 1 1059
31515 1 543
31516 1 1397
31608 1 1464
31611 1 741
31636 2 631
31660 1 833
31661 1 566
31668 2 919
31673 2 768
31693 1 3857
31752 1 543
31933 1 1078
31945 1 2616
32002 1 1104
32175 1 1787
32192 1 945
32197 1 619
32198 1 823
32212 9 271
32215 3 1305
32293 1 3048
32388 1 24490
32408 1 2851
32430 2 1546
32584 1 2115
32641 1 1814
32657 1 867
32674 1 1104
32714 1 969
32737 1 1376
32769 3 225
32802 1 794
32807 1 710
32844 2 516
32847 2 2340
32848 1 541
32851 2 946
33004 1 1703
33091 2 10334
33188 1 10275
33199 1 1920
33207 1 783
33243 1 944
33265 2 1309
33372 1 1921
33425 1 548
33439 1 496
33475 4 5068
33504 1 1979
33624 1 964
33663 2 5738
33711 1 830
33725 7 566
33732 1 809
33787 1 3331
33806 4 2866
33901 1 1734
33924 1 11847
33981 1 925
34067 1 1675
34096 1 821
34146 1 1989
34154 1 547
34177 1 1899
34182 1 512
34210 1 1920
34217 1 587
34266 1 3285
34304 1 1756
34342 1 5941
34394 1 8616
34438 1 1066
34440 2 2290
34535 1 3465
34537 2 2175
34552 1 2327
34627 1 1130
34657 1 646
34685 2 814
34715 1 489
34804 1 3895
34819 1 2388
34956 1 818
34960 1 2476
34995 1 3471
35069 2 3840
35437 1 2276
35556 1 653
35596 1 1116
35600 2 1057
35688 1 705
35761 1 995
35823 5 813
35970 4 1846
35988 2 723
36021 2 348
36040 1 1563
36158 5 771
36270 1 1047
36336 1 5447
36445 2 656
36477 21 1527
36518 3 661
36519 1 684
36533 1 1642
36552 2 1625
36553 1 1086
36592 2 459
36677 1 2268
36685 1 3543
36732 2 18263
36785 3 1843
36796 2 1826
36826 1 657
36912 1 1844
36944 2 1225
37010 1 1050
37040 1 2087
37053 3 2470
37193 2 4630
37369 1 5846
37388 1 936
37419 3 13883
37425 1 4184
37436 1 9722
37499 1 258
37502 1 1948
37565 1 1282
37567 1 2983
37574 1 374
37583 1 1026
37698 2 5406
37838 1 892
37851 4 1065
37875 1 644
37892 1 5282
37893 1 7547
37912 1 1515
37917 1 1025
37978 1 401
38019 4 1935
38077 4 968
38166 1 1380
38175 1 521
38225 3 482
38341 1 1137
38367 1 2157
38375 1 1735
38403 1 1800
38408 4 2338
38452 2 1545
38479 1 1418
38582 1 666
38614 1 855
38630 1 846
38680 1 834
38758 3 1048
38841 1 1307
38916 1 6621
39015 1 2466
39043 1 685
39126 1 1601
39129 1 1061
39136 1 1787
39158 1 1513
39169 1 982
39278 2 5705
39292 2 4867
39329 2 32477
39341 1 9083
39470 1 2520
39494 1 867
39614 1 841
39623 1 508
39630 1 707
39652 2 615
39705 1 2975
39770 2 518
39941 1 545
39969 1 1086
39978 1 30166
40008 2 676
40036 1 2425
40137 1 687
40182 2 924
40229 1 744
40232 1 724
40320 1 7910
40443 1 1853
40496 6 3146
40499 1 2513
40500 1 672
40511 1 1191
40538 1 14088
40751 1 1847
40774 1 1038
40819 1 10440
40837 1 1071
40862 1 1309
40919 1 431
40971 1 1457
41022 1 2587
41066 1 721
41075 2 2253
41098 1 1211
41111 1 2649
41238 2 4035
41270 2 1544
41320 1 779
41332 1 579
41348 2 720
41363 17 744
41458 2 1078
41538 1 840
41691 1 547
41734 2 1494
41743 1 1028
41754 6 1650
41853 1 4530
41857 1 1647
41877 1 1119
41892 2 412
41898 1 625
41901 1 1154
42019 1 6660
42051 1 2366
42108 1 1305
42121 1 793
42149 1 9906
42161 1 9423
42279 1 278
42310 1 809
42331 3 4860
42355 1 5228
42356 1 4608
42522 1 331
42544 4 2256
42574 1 2003
42645 1 2530
42667 1 1132
42763 4 6680
42769 1 8334
42835 1 2837
43000 1 422
43096 1 400
43117 1 612
43151 1 526
43181 26 1604
43184 1 979
43190 1 534
43261 3 1175
43476 1 2726
43477 1 22611
43496 1 2079
43538 1 2943
43577 2 3389
43685 2 1014
43784 1 1234
43843 2 878
43905 1 1196
43943 1 2720
44050 1 4928
44064 2 307
44092 1 720
44095 1 322
44115 1 4306
44182 1 930
44225 1 593
44238 1 800
44333 1 2947
44403 1 162
44430 1 967
44433 2 580
44459 1 681
44494 1 3303
44534 3 1427
44542 3 1169
44792 1 3157
44891 1 1753
44925 3 3438
44981 1 1515
45187 1 658
45244 2 500
45319 1 1413
45476 2 548
45808 1 1186
45824 1 2571
45826 1 8235
45858 1 2087
45906 1 1209
45917 1 438
45931 1 891
45954 1 399
45960 1 2353
45978 1 2264
46035 1 875
46087 1 1968
46156 1 825
46235 1 872
46304 1 2249
46329 1 851
46388 2 81863
46419 1 2392
46428 1 1866
46443 1 518
46470 1 862
46490 1 2484
46536 1 1419
46553 2 1252
46612 1 2153
46678 1 1390
46702 2 1312
46704 1 2665
46734 1 1928
46832 2 765
46909 1 2578
46935 2 1074
46940 2 1893
46941 1 1454
46954 1 5186
46961 1 1408
46974 1 742
47151 1 5857
47160 1 4319
47259 1 849
47261 1 657
47291 1 193
47351 1 1367
47353 1 1046
47447 1 3095
47459 1 8496
47481 1 1797
47497 1 2515
47515 1 3985
47526 1 967
47536 13 2114
47546 1 1613
47551 1 1447
47692 1 876
47767 2 392
47800 1 10768
47880 1 571
47904 1 980
47911 1 647
47913 60 4216
47990 2 737
48031 1 4280
48044 1 592
48078 1 11919
48086 1 1062
48098 2 1123
48162 1 1320
48204 1 1943
48221 1 2217
48379 1 6270
48489 1 2490
48507 1 1533
48669 4 1039
48689 1 4283
48772 1 2396
48823 1 2098
48831 1 654
48845 1 309
48861 1 789
48960 1 2073
49054 3 902
49128 3 643
49175 1 9938
49185 1 1503
49331 1 1081
49350 3 2540
49366 1 5125
49381 1 2611
49394 2 989
49398 1 683
49417 2 575
49419 3 584
49435 2 1167
49446 1 700
49498 1 1116
49508 1 1329
49529 2 2335
49575 1 1035
49577 2 2475
49635 2 868
49650 9 927
49651 1 671
49652 2 837
49656 2 704
49701 1 596
49804 3 2520
49807 1 338
49809 1 1482
49812 6 693
49833 8 2286
49834 6 904
49835 1 731
49846 1 348
49922 1 1533
49931 1 2794
49960 1 2195
49972 1 602
49993 1 238
50024 1 617
50045 1 1379
50046 1 708
50056 1 5845
50196 2 3087
50207 4 2916
50217 1 1971
50220 6 1015
50227 2 1700
50243 2 657
50370 1 2048
50430 1 2601
50452 1 1778
50481 1 2364
50483 2 1973
50486 1 1889
50488 1 1982
50550 1 887
50607 1 926
50642 2 2005
50677 1 794
50768 1 708
50854 1 3003
50858 1 1121
50918 1 2316
50928 1 384
50966 1 8029
51009 1 524
51058 4 3191
51092 1 3069
51120 5 2116
51388 6 294
51411 2 456
51423 9 1317
51439 1 574
51494 1 905
51531 1 641
51564 2 987
51656 2 279
51726 1 1034
51808 1 414
51831 1 734
51839 1 9735
51899 1 12169
51973 5 1062
51979 2 6703
51994 1 9298
52074 1 7011
52109 1 3805
52111 1 3330
52162 1 1594
52184 1 4601
52202 2 424
52271 1 8131
52324 1 1192
52502 2 6875
52552 1 1311
52557 1 5509
52613 2 1549
52627 1 1261
52628 1 1306
52629 1 1444
52638 1 1649
52719 1 2978
52721 1 2968
52812 1 403
53050 1 635
53127 1 649
53132 1 1846
53137 1 1658
53158 1 9225
53248 1 5457
53438 6 5686
53441 1 3363
53442 3 8599
53495 1 776
53517 1 1671
53603 2 2774
53612 3 585
53618 1 887
53631 1 472
53633 1 948
53637 1 420
53651 1 1909
53652 1 1858
53664 1 2300
53888 1 5712
54142 1 2860
54147 1 1217
54181 6 1395
54243 1 502
54469 1 1075
54551 1 2055
54566 2 8702
54619 1 10647
54659 1 5192
54684 1 1450
54888 1 1182
54931 1 718
54983 2 1045
55002 2 802
55063 1 17333
55064 2 1985
55078 1 1284
55095 1 388
55134 1 511
55413 1 691
55494 1 380
55498 2 5155
55502 1 1475
55561 1 1229
55591 1 932
55628 1 2339
55654 1 818
55723 1 367
55726 3 648
55752 7 1787
55753 2 4189
55917 1 1178
56101 2 87
56174 1 2845
56175 1 8425
56179 1 517
56189 1 1843
56275 2 552
56283 1 1928
56286 1 2036
56404 3 774
56419 1 1590
56427 2 1290
56433 1 1099
56498 2 2455
56529 1 1042
56659 1 1655
56709 1 629
56715 1 1225
56822 1 4110
56849 1 1501
56873 1 962
56878 1 910
56895 3 3189
56948 11 599
56961 1 7535
56973 1 1260
57035 1 431
57178 1 2026
57275 1 439
57359 1 1917
57371 1 1247
57623 1 3704
57624 1 3707
57625 1 3705
57631 2 1081
57660 1 6533
57724 1 861
57743 1 2000
57744 1 2807
57834 1 4576
57948 1 5712
57949 1 5712
57992 1 1010
58202 1 1151
58226 1 2030
58231 1 4145
58246 4 1561
58247 1 19391
58272 1 701
58479 1 963
58832 1 1304
58866 1 1688
59064 1 2318
59072 3 10092
59215 1 1368
59219 1 1647
59319 2 701
59329 2 910
59358 1 836
59387 1 1937
59397 3 3596
59426 1 1694
59467 3 4546
59478 1 1258
59512 3 3204
59592 1 2574
59599 1 1077
59620 1 2013
59662 1 14951
59672 1 3130
59712 1 4670
59810 1 741
59825 2 1106
59833 4 1248
59843 2 6525
59879 1 1719
59898 1 4986
60019 1 5237
60030 3 10533
60077 1 315
60185 1 1405
60224 12 8194
60239 1 1030
60240 2 1594
60277 2 2988
60429 2 5933
60454 2 788
60474 1 724
60512 1 1242
60535 1 994
60562 1 2105
60599 1 3625
60623 3 1555
60741 1 3011
60794 1 1921
60827 1 2424
60828 1 3367
60862 4 4275
60964 4 3850
61017 1 2099
61021 1 5166
61186 1 14302
61187 1 15707
61188 2 29700
61199 1 1761
61204 3 1714
61229 1 1257
61263 1 1798
61269 1 8764
61352 1 18809
61423 1 1232
61449 2 1279
61527 1 2751
61602 1 1097
61623 1 1505
61647 1 210
61666 1 1012
61668 2 11710
61708 1 265
61805 1 1227
61838 1 1648
61873 1 756
61877 1 2841
61892 2 3071
61899 1 2006
61900 1 2025
61914 2 972
61976 1 4025
62005 1 2659
62008 3 1089
62014 2 6015
62028 9 6469
62110 1 4274
62112 1 688
62138 1 1745
62173 2 826
62192 1 937
62223 4 576
62229 27 7173
62257 1 782
62299 3 7136
62349 2 2237
62436 1 781
62466 1 2353
62471 1 843
62607 2 399
62750 1 1350
62767 2 14162
62768 1 9553
62852 1 1986
62862 1 1130
62867 1 1739
62912 1 6714
62934 1 979
62997 1 1180
63096 1 1260
63122 1 1002
63147 1 1729
63166 3 2579
63270 2 3034
63299 2 621
63353 1 892
63392 1 593
63394 1 601
63412 1 2324
63417 2 748
63421 4 1523
63430 1 1309
63564 1 3674
63628 1 1675
63648 3 7209
63667 1 725
63700 1 1270
63701 1 2880
63884 5 3456
63892 3 1816
63908 1 588
63936 1 584
64042 1 253
64300 1 656
64319 1 4532
64408 1 1707
64455 1 1106
64457 1 1102
64465 1 596
65008 1 3012
65356 1 694
65589 1 1568
65608 1 217
65662 1 1443
65676 1 437
65785 1 1670
65799 1 4143
65837 1 1272
65889 1 1013
65973 1 1049
66015 1 4361
66018 2 1246
66401 1 1007
66439 1 705
66442 2 841
66538 1 2914
66539 2 329
66547 1 1078
66564 1 2309
66566 1 1220
66599 2 1088
66733 1 1217
66736 1 1111
66751 1 11896
66771 2 3499
66801 2 3195
66837 1 1559
66881 1 1029
66884 2 3426
67020 1 1334
67123 1 678
67294 1 1338
67408 1 5567
67410 1 7180
67433 1 666
67454 1 5854
67487 1 1918
67637 2 4061
67651 1 1272
67673 1 1224
67678 1 2911
67710 2 1293
67711 1 1600
67890 1 3387
67921 1 1368
67960 1 1066
67996 1 1441
68000 1 1263
68005 1 1868
68061 1 3322
68085 1 281
68094 1 739
68124 1 2400
68125 1 2444
68199 1 1903
68335 1 1183
68352 1 672
68369 2 11195
68432 1 665
68708 1 6905
68951 1 501
69043 1 1118
69052 2 808
69083 1 404
69318 1 622
69331 1 1693
69334 2 764
69346 1 255
69515 1 3275
69538 1 1049
69714 1 2593
69724 1 917
69967 1 2207
69970 2 1405
69983 3 1014
70027 1 1101
70060 1 540
70062 11 2167
70100 1 600
70108 19 674
70125 1 579
70127 4 1521
70134 1 423
70141 1 691
70218 3 1422
70221 1 1774
70231 2 2953
70263 4 7023
70282 1 3028
70297 1 5416
70319 2 819
70377 1 5997
70389 1 341
70395 1 1507
70448 1 2617
70473 2 1081
70487 1 511
70565 1 971
70576 1 2157
70628 1 1111
70933 1 358
71078 1 9605
71235 2 764
71259 1 1522
71264 2 708
71341 1 1792
71352 1 1829
71384 1 2877
71385 1 2877
71386 1 2880
71388 4 1967
71389 4 1967
71390 4 1967
71391 4 1967
71548 1 2973
71568 1 572
71723 3 2839
71724 3 2839
71729 1 693
71789 1 4220
71895 1 3069
72037 2 1055
72096 1 1559
72137 1 900
72178 1 855
72214 1 786
72245 1 1330
72294 1 1227
72376 2 1507
72437 1 8964
72441 2 3167
72476 1 1214
72486 1 355
72542 1 836
72558 1 612
72571 5 2681
72760 1 729
72775 1 2072
72789 1 964
72806 1 1383
72827 1 7031
72842 1 649
72868 1 1891
72899 1 20275
72940 1 994
72960 1 3082
72963 1 2184
73160 1 1243
73207 1 1418
73228 1 570
73280 2 1189
73298 1 685
73333 1 1006
73446 1 989
73522 2 777
73524 2 808
73526 2 873
73533 1 732
73538 1 926
73546 1 638
73551 2 1862
73552 1 731
73553 1 657
73649 4 2033
73733 1 876
73739 1 1045
73770 1 775
73894 2 981
73941 1 986
73976 1 844
73988 1 2775
73992 1 3335
73997 2 10376
74016 1 3216
74067 3 6352
74076 1 381
74252 1 189
74340 1 889
74370 1 1237
74514 1 939
74572 1 8808
74586 2 507
74601 1 1123
74604 2 5954
74635 1 2160
74739 1 348
74741 2 339
74795 1 2070
74813 1 5631
74846 1 809
74858 1 1001
74910 6 1633
74932 1 1237
75101 3 727
75206 1 2994
75265 1 1224
75517 1 987
75532 3 2113
75645 3 1914
75690 1 894
75848 6 1317
75927 1 4496
76034 1 1048
76061 1 3128
76136 1 4953
76139 3 3319
76298 1 1324
76309 1 2573
76320 1 908
76357 1 2792
76438 1 1505
76449 2 6086
76465 1 2400
76468 1 832
76477 3 693
76491 2 1557
76526 1 4857
76529 1 10440
76531 1 1613
76577 2 2515
76585 1 1877
76617 1 1552
76646 2 468
76656 1 4057
76670 1 2879
76858 2 723
76964 1 4663
76995 1 1773
77041 2 499
77199 1 3580
77208 1 4089
77209 1 4122
77210 1 4271
77273 1 974
77380 3 39
77414 5 870
77431 1 665
77443 1 2709
77566 1 634
77573 1 914
77670 1 867
77678 1 627
77824 1 4856
78071 1 1162
78112 1 1269
