step step 16208 65215343 
5 3 922
20 1 984
50 1 2382
52 1 1874
72 1 431
74 1 680
79 2 1195
117 4 6480
121 2 952
123 1 1067
127 2 877
131 1 14882
132 2 13051
147 2 3893
149 1 184
166 1 1370
203 3 5213
213 1 495
233 1 1974
234 1 815
238 1 1183
248 1 5568
276 1 1471
304 1 996
327 1 2668
352 1 2404
361 2 5027
365 1 665
366 1 1215
375 2 10166
376 1 1200
425 1 823
426 1 611
428 2 2978
429 7 3151
435 1 1005
439 1 1320
448 1 1045
450 1 592
452 1 1807
454 1 846
455 1 3709
461 1 5431
467 1 1380
491 2 647
508 2 1375
513 1 350
521 1 831
541 1 2599
548 3 1997
562 2 3293
571 1 663
572 1 680
574 1 820
579 1 846
583 1 1948
599 2 1086
615 1 871
621 1 921
624 1 6440
625 2 5869
627 1 63
633 1 1134
647 2 974
654 7 1015
679 5 818
713 1 191
723 1 1018
724 1 984
732 1 1059
763 2 1020
777 2 11416
825 2 574
829 1 740
860 2 3051
863 2 1185
864 1 1567
876 1 4565
886 1 5811
894 2 1314
906 1 1896
915 1 981
922 1 1765
954 1 942
959 3 1761
960 1 2769
961 1 1879
962 1 403
963 1 2981
973 1 811
978 1 479
982 1 2403
989 1 1444
995 3 3497
1000 1 2589
1001 1 1139
1003 1 2079
1050 1 992
1072 19 2029
1106 1 1380
1110 1 380
1119 2 1874
1121 1 962
1122 2 793
1163 6 1777
1178 3 1530
1197 1 938
1205 1 379
1207 1 1292
1215 1 822
1249 1 184
1283 1 1543
1296 1 554
1317 1 1000
1321 8 3750
1331 1 330
1338 1 966
1391 1 932
1428 1 1327
1450 4 1560
1456 1 338
1465 1 830
1468 1 1121
1469 1 2455
1471 1 738
1477 1 1403
1484 1 6578
1529 1 1094
1550 1 852
1552 1 1020
1554 3 3023
1564 2 809
1565 3 2063
1571 7 606
1573 2 2363
1595 2 824
1605 2 866
1607 3 840
1618 1 966
1623 1 553
1634 3 30082
1635 6 22965
1640 1 4776
1647 1 10572
1657 1 2153
1667 1 894
1674 1 1844
1675 2 1220
1726 2 2436
1735 1 626
1741 1 5895
1742 1 1543
1745 2 1756
1767 1 13095
1795 1 858
1796 1 1148
1797 3 5684
1800 2 336
1802 1 10218
1803 3 1628
1804 4 655
1816 2 5747
1825 1 2370
1830 1 1777
1852 3 2619
1861 1 5589
1891 1 474
1892 2 11383
1897 1 2847
1906 1 577
1917 1 580
1922 2 829
1924 1 700
1947 1 1288
1948 1 5448
1956 1 3792
1960 3 1186
1973 21 16948
1978 2 1775
1980 1 1830
1983 12 5638
1985 1 283
1997 1 349
2008 1 584
2027 2 141
2030 1 1619
2049 1 627
2057 1 2940
2072 1 1175
2084 3 1228
2086 1 3653
2110 1 642
2121 2 4211
2122 2 1275
2133 1 1238
2143 1 1938
2159 1 1594
2160 2 2295
2163 1 2057
2166 1 945
2169 1 1619
2174 1 1180
2177 1 2668
2192 8 5833
2195 1 838
2205 1 158
2214 2 1202
2220 1 2126
2226 1 1993
2227 1 1993
2228 1 1993
2233 1 1145
2235 1 1852
2236 2 1793
2246 1 952
2249 1 1313
2252 1 646
2275 2 556
2340 2 1182
2342 1 1088
2352 1 1260
2361 1 119
2372 1 909
2379 1 297
2387 1 1420
2389 1 3418
2393 1 451
2396 1 1417
2398 2 259
2405 1 578
2420 2 2316
2441 8 7506
2443 1 1069
2464 1 759
2470 1 281
2480 1 1244
2491 1 1723
2496 1 378
2504 2 5375
2562 1 2880
2568 1 4333
2569 1 652
2574 1 780
2575 1 871
2577 1 871
2624 3 1168
2629 4 3838
2634 2 1560
2635 1 914
2636 1 1393
2645 2 952
2646 1 1971
2652 2 1080
2654 1 1868
2664 2 1043
2679 1 938
2686 2 1195
2690 38 972
2697 1 1348
2712 1 334
2731 3 1874
2748 3 2085
2757 3 1573
2769 3 898
2773 1 688
2782 1 1579
2784 2 505
2786 1 365
2788 1 927
2809 3 8131
2843 1 5588
2940 2 754
2970 1 478
2983 1 722
2984 1 853
2989 2 2074
3003 1 3697
3015 1 644
3034 1 871
3041 1 1558
3061 1 935
3064 1 1121
3096 1 1172
3105 1 3023
3106 1 3092
3108 3 2991
3109 1 3299
3119 1 633
3128 2 1311
3131 1 458
3134 1 1532
3147 2 1324
3149 1 1273
3153 1 832
3158 3 1946
3169 3 1076
3175 1 533
3194 1 360
3196 1 2596
3200 1 1236
3205 2 1426
3215 1 1641
3217 1 2264
3219 1 839
3227 1 838
3228 3 1426
3229 1 2889
3234 1 747
3249 1 10966
3272 8 235
3273 1 1487
3275 1 830
3281 2 3667
3285 1 550
3289 1 952
3298 1 1620
3304 2 1426
3317 1 1223
3330 2 1137
3331 1 1153
3336 2 1048
3364 2 1238
3377 1 1482
3378 2 4137
3379 1 4900
3380 2 260
3381 1 2093
3383 2 10722
3391 3 1846
3396 1 927
3415 1 4495
3417 1 955
3442 1 1041
3443 1 261
3447 15 2791
3461 1 2177
3471 6 4168
3472 1 588
3482 1 3281
3483 1 1094
3501 1 585
3522 2 1240
3526 1 1135
3536 1 1404
3547 3 1585
3579 1 4684
3590 1 1326
3599 1 11096
3601 1 422
3605 1 1227
3621 2 1327
3639 1 3357
3662 1 1695
3668 1 8976
3671 1 4789
3672 1 2946
3687 1 3022
3706 2 6639
3711 1 708
3712 2 1548
3720 1 1051
3721 3 1585
3728 1 815
3751 1 841
3767 4 1085
3768 1 960
3772 1 1147
3773 2 2479
3790 2 5889
3791 1 6472
3804 1 1022
3822 3 1594
3829 1 1698
3831 1 3725
3832 1 7941
3833 1 1551
3841 1 1348
3847 6 27149
3848 5 1280
3850 1 96
3863 2 4935
3888 2 1674
3914 1 371
3922 2 4998
3932 1 1367
3937 4 2254
3938 1 1794
3944 1 1863
3945 1 1359
3946 1 1370
3996 2 1340
3998 1 960
4002 2 882
4004 2 2253
4016 1 4260
4045 1 1533
4051 1 2046
4068 4 8611
4073 4 769
4074 2 590
4075 1 2561
4076 1 4324
4085 1 1074
4086 3 1508
4106 3 2006
4107 2 873
4116 3 5941
4117 3 5825
4118 3 5861
4142 4 3987
4143 7 1134
4144 2 2194
4175 1 986
4178 2 3149
4179 1 2326
4184 17 4232
4192 1 855
4198 1 1153
4200 1 1162
4204 18 3711
4211 1 6879
4212 1 1877
4213 4 721
4215 2 664
4217 1 692
4219 2 606
4222 1 618
4223 2 855
4226 1 770
4227 1 768
4256 1 2171
4297 12 7592
4317 2 464
4328 1 695
4337 1 823
4349 1 1071
4356 3 3544
4367 2 1283
4374 1 5584
4393 1 1545
4423 1 1170
4428 1 2072
4430 1 1152
4439 1 2516
4450 1 6385
4461 1 4244
4468 2 3425
4478 9 3007
4479 9 2646
4485 2 2100
4496 2 6061
4506 1 1210
4507 1 272
4508 1 239
4518 1 2481
4520 1 1588
4522 1 2966
4528 1 1567
4538 2 965
4550 1 3021
4552 1 1468
4572 2 264
4573 2 271
4579 1 1909
4626 1 2742
4645 1 2574
4678 1 614
4693 2 461
4709 1 2954
4742 1 419
4744 6 6884
4746 2 2258
4767 1 1552
4787 1 1159
4802 1 845
4821 1 2178
4822 1 1411
4831 2 2521
4833 1 2973
4836 1 1272
4837 2 2109
4845 1 1449
4846 1 1404
4847 2 2281
4857 1 2912
4867 1 1035
4874 1 765
4906 1 8000
4907 1 8001
4908 1 8001
4909 2 4646
4910 2 4646
4911 2 4646
4915 6 4855
4916 6 4839
4917 4 4602
4918 2 2282
4919 2 2024
4920 2 549
4921 9 1991
4922 9 1947
4923 7 919
4924 7 898
4925 7 919
4926 3 693
4927 3 693
4928 3 693
4929 2 827
4935 2 2499
4941 3 1955
4942 1 1955
4943 1 613
4944 1 604
4947 1 848
4948 3 3561
4957 1 1766
4963 1 900
4969 1 1272
5026 3 635
5067 2 1224
5129 1 1285
5131 2 1622
5140 1 1465
5142 1 1220
5144 1 3069
5150 1 1030
5155 1 591
5187 1 758
5188 1 886
5189 2 3419
5216 2 643
5218 1 1503
5226 1 1123
5234 1 128
5235 2 1131
5236 1 1062
5247 9 6498
5253 1 1204
5259 3 6380
5269 4 587
5273 1 3302
5277 1 1640
5278 1 1292
5283 1 1128
5296 1 631
5311 1 733
5313 1 1178
5323 2 662
5324 3 815
5325 3 780
5330 2 1270
5386 1 1742
5393 7 1000
5396 2 6921
5400 1 1958
5401 1 706
5409 1 816
5411 9 1196
5412 5 1515
5415 4 3073
5416 1 925
5420 8 1911
5425 1 689
5454 2 6641
5455 2 15074
5456 9 643
5458 45 1024
5465 1 1292
5466 1 1266
5484 1 921
5486 1 345
5525 2 1587
5528 1 2535
5550 1 521
5566 2 588
5573 1 603
5575 1 1013
5576 2 4592
5578 7 13045
5580 3 6581
5585 1 795
5588 1 1069
5591 1 1213
5623 2 788
5625 13 576
5641 1 1037
5645 2 1175
5650 1 2097
5658 1 1556
5792 6 2530
5839 1 928
5843 2 2680
5847 1 551
5866 4 660
5867 2 5884
5884 1 870
5906 2 8444
5916 2 1874
5923 1 1033
5936 1 3330
5969 2 573
5983 1 798
5988 1 969
5994 1 1504
5997 1 1299
5998 1 268
6006 1 935
6012 1 3069
6014 3 3067
6015 3 3323
6029 3 1479
6031 1 518
6036 1 1526
6037 4 949
6043 1 1036
6047 1 978
6048 1 4019
6057 8 1652
6076 1 3091
6079 1 1023
6083 1 1394
6084 5 3088
6085 1 1538
6090 3 578
6163 1 4318
6177 5 916
6180 1 5070
6183 3 2719
6290 1 874
6296 1 3125
6297 2 3321
6304 2 3270
6309 3 862
6310 1 811
6314 1 827
6315 1 1246
6316 2 3790
6317 1 615
6322 1 1074
6351 1 1596
6356 13 1705
6358 1 2724
6360 7 6957
6362 1 2640
6363 1 4787
6364 2 7210
6454 3 2665
6455 2 1900
6540 1 2261
6548 1 930
6555 1 1233
6557 1 1488
6558 2 2607
6560 1 877
6579 4 4887
6581 2 721
6584 1 842
6587 2 2605
6598 3 502
6607 3 1415
6624 1 1092
6636 1 1118
6644 2 1635
6662 1 703
6724 1 187
6756 1 911
6764 6 162
6824 1 452
6890 1 855
6911 1 166
6939 1 1066
6944 1 1564
6945 1 3654
6969 1 1724
7002 1 6389
7003 2 1299
7018 1 234
7051 1 1111
7052 2 1095
7053 1 1076
7054 2 1061
7055 3 2879
7056 2 1035
7058 1 408
7060 1 3208
7070 1 2748
7074 4 651
7079 2 4960
7085 1 970
7091 1 869
7121 1 3511
7124 1 1280
7130 3 736
7138 2 2191
7176 1 208
7233 1 4878
7236 2 1589
7286 1 2279
7419 1 1155
7428 1 1550
7497 1 1070
7504 2 5695
7510 1 1175
7511 2 2036
7512 1 2037
7521 1 326
7522 1 859
7523 1 238
7527 1 4859
7529 3 5927
7532 1 685
7535 2 1561
7542 1 750
7544 1 995
7557 2 361
7570 1 9650
7579 1 1381
7580 2 9484
7584 1 617
7587 1 632
7608 1 901
7616 1 824
7647 1 1890
7655 1 693
7672 1 1731
7676 1 686
7681 1 618
7710 1 4326
7714 1 1818
7720 1 1667
7723 8 4731
7744 2 2378
7758 1 1880
7764 1 2460
7772 1 1666
7773 2 7884
7774 2 1136
7778 2 425
7783 1 2144
7786 3 2135
7802 1 1216
7849 1 54
7903 2 638
7916 1 726
7924 1 842
7942 2 2590
7953 1 2188
7958 2 357
7970 1 755
7972 1 2206
7980 1 1193
7982 1 1453
7993 1 705
8000 3 226
8002 1 533
8009 2 674
8022 1 7719
8029 1 807
8048 2 1183
8061 2 808
8072 14 5760
8076 2 1663
8079 5 294
8086 2 895
8089 44 20930
8093 2 20088
8114 1 3627
8122 2 5509
8130 1 2237
8139 2 4927
8141 1 821
8158 1 571
8161 1 590
8196 3 370
8204 1 4600
8228 1 1519
8238 1 1131
8239 1 624
8246 1 1319
8251 3 3081
8285 1 3377
8286 3 2044
8287 1 4172
8290 1 1567
8309 3 1297
8312 1 3567
8316 1 823
8317 1 1157
8321 1 786
8370 1 2235
8371 1 1170
8383 1 1991
8384 1 1186
8385 1 2645
8386 1 2545
8389 1 1392
8391 1 2171
8393 2 3193
8401 2 649
8408 7 5505
8418 1 501
8422 10 5132
8444 2 375
8447 3 2081
8452 2 7747
8465 1 1696
8466 1 2863
8473 1 803
8500 2 4697
8508 5 5791
8515 2 269
8516 2 269
8523 2 474
8538 1 839
8559 1 4026
8577 4 2346
8611 1 869
8639 2 2193
8642 1 1636
8643 6 284
8650 2 9126
8685 1 1005
8726 1 1607
8728 1 631
8732 1 2463
8735 8 882
8737 1 1659
8743 1 865
8749 1 795
8752 1 987
8753 1 927
8755 1 827
8756 1 957
8759 1 2291
8824 1 1091
8828 8 2492
8829 2 2495
8830 1 897
8852 2 1447
8876 1 1372
8877 1 1525
8884 2 1640
8889 1 438
8896 1 1087
8905 1 1110
8912 1 1802
8913 3 12589
8926 2 1609
8947 2 700
8964 1 1138
8984 1 612
8998 1 734
9006 1 34059
9057 1 1319
9124 1 950
9131 1 1076
9139 1 348
9147 1 1473
9162 1 1574
9164 1 717
9169 1 2306
9173 1 6443
9183 1 1291
9189 1 3116
9206 3 3079
9224 1 850
9232 1 1398
9235 1 642
9240 1 455
9241 2 531
9242 1 1298
9244 1 684
9302 2 3665
9303 1 567
9307 1 1394
9315 2 966
9316 4 4281
9317 4 2510
9324 1 4421
9325 1 4336
9329 1 908
9344 1 1217
9371 2 1526
9372 2 430
9382 2 1609
9383 1 1234
9387 1 693
9388 1 1072
9401 1 1529
9416 1 1927
9428 1 1149
9429 1 1004
9431 1 3717
9433 1 600
9441 4 684
9443 1 708
9450 1 1196
9462 1 1000
9469 1 656
9487 3 1304
9491 2 6177
9498 2 662
9499 1 425
9505 1 3959
9506 5 451
9521 1 368
9526 1 570
9528 3 1711
9539 1 890
9541 1 1079
9545 1 4422
9560 2 1447
9577 1 1476
9596 1 1486
9605 1 2284
9625 2 523
9628 6 7931
9635 6 741
9651 1 593
9652 4 217
9654 1 837
9658 1 268
9677 1 632
9678 6 1073
9696 1 977
9702 2 2473
9711 1 499
9737 1 1320
9748 1 823
9752 1 8096
9757 1 673
9760 2 2142
9761 2 2538
9766 1 4331
9767 1 905
9771 2 1844
9776 1 3757
9794 1 736
9795 19 6831
9796 4 6203
9800 2 3911
9803 1 732
9805 1 5191
9806 1 6009
9819 1 319
9824 1 988
9832 2 2376
9843 1 872
9844 2 505
9845 4 1179
9852 2 899
9890 1 885
9902 7 1223
9908 1 673
9918 3 536
9922 2 451
9926 1 682
9932 1 1087
9943 2 1136
9944 2 1171
9948 1 2209
9954 3 3197
9955 1 576
9969 2 758
9984 2 842
10000 1 1196
10001 1 1020
10002 1 724
10008 7 1778
10016 1 926
10034 39 940
10036 2 3455
10038 1 1127
10047 1 1536
10067 1 2395
10068 2 1756
10074 1 915
10081 1 2613
10083 2 2180
10096 1 2420
10097 1 1553
10098 4 1684
10105 1 8600
10107 1 1234
10115 2 1153
10117 3 538
10144 1 3206
10175 1 1616
10208 2 270
10209 2 280
10210 2 270
10211 2 280
10216 1 995
10219 3 3447
10230 1 711
10231 3 9229
10270 2 908
10271 3 930
10282 1 393
10298 2 2030
10300 1 1040
10318 1 1328
10319 2 1171
10324 1 1557
10333 3 1574
10334 2 1084
10338 3 1672
10343 1 652
10344 1 2552
10346 1 1363
10358 1 1391
10363 2 907
10366 5 2417
10377 2 2603
10393 1 2415
10404 1 1546
10409 1 1748
10411 1 751
10425 2 1190
10455 1 1009
10478 1 1312
10486 1 2750
10495 1 1223
10500 7 1395
10516 1 286
10528 1 2643
10529 1 1603
10568 1 3196
10569 1 1399
10572 1 1089
10580 6 1106
10591 2 7784
10596 1 964
10612 5 1376
10613 3 1633
10622 2 1159
10626 1 1442
10628 1 1516
10653 1 3190
10654 2 3128
10656 3 3117
10662 1 1275
10663 1 1315
10665 1 3903
10668 1 2803
10677 1 1048
10681 1 721
10689 5 428
10690 5 325
10693 1 1867
10696 1 1520
10698 1 1255
10710 1 83
10711 1 1129
10713 1 2253
10721 1 782
10725 1 432
10728 1 1305
10745 5 158
10764 3 1652
10804 1 795
10807 2 1169
10808 2 6608
10837 1 438
10842 3 1865
10858 1 1213
10894 1 1184
10898 1 1274
10907 1 1022
10911 2 1405
10913 2 503
10940 3 7910
10942 2 1886
10946 2 713
10949 15 4327
10974 1 1151
10978 4 1405
10991 1 1582
10998 3 1691
11025 1 1034
11031 2 759
11033 3 1125
11038 1 535
11043 1 990
11049 1 682
11053 2 750
11068 1 230
11079 2 565
11083 1 377
11127 1 1514
11143 1 1675
11194 1 1656
11198 1 771
11202 1 3466
11204 1 1481
11207 1 1893
11217 1 817
11220 1 1286
11221 1 879
11226 1 157
11248 2 11766
11249 6 5195
11258 2 1346
11271 1 1726
11284 1 883
11285 1 806
11288 5 9962
11289 1 922
11291 1 2301
11292 1 1815
11293 1 724
11295 1 5148
11296 1 628
11297 3 1192
11300 1 653
11363 1 8263
11364 2 2608
11381 2 804
11386 2 1182
11388 1 2085
11425 1 380
11434 2 1004
11445 1 1070
11450 2 1097
11455 1 906
11465 1 2175
11467 3 3152
11469 2 1277
11482 2 770
11504 2 279
11507 1 3105
11539 1 1285
11557 4 2108
11567 3 1874
11568 1 836
11569 10 6434
11577 2 1673
11626 1 683
11630 1 535
11631 1 1115
11633 1 2246
11675 2 1703
11678 9 815
11701 1 534
11715 1 1067
11721 4 3482
11759 3 2876
11765 1 907
11767 1 207
11800 1 181
11854 2 3272
11858 2 4134
11859 2 4320
11863 2 1940
11869 1 2608
11870 8 1148
11871 1 1292
11876 1 581
11878 1 1334
11949 1 3637
11951 1 803
11958 7 1894
11979 2 1755
12100 1 1451
12107 1 924
12118 1 1794
12119 1 2327
12174 1 961
12183 1 843
12197 3 970
12198 1 1432
12201 1 1165
12211 3 4041
12223 1 6167
12224 1 1462
12259 2 606
12268 1 1241
12270 1 393
12276 5 3077
12278 1 2692
12286 2 2100
12289 1 1759
12304 1 1066
12309 2 1530
12314 1 625
12326 3 4527
12331 1 3864
12334 1 860
12344 2 2265
12350 2 1687
12365 1 8585
12367 1 9446
12389 3 4357
12396 1 1166
12398 1 582
12412 1 1917
12425 1 268
12428 1 818
12429 2 988
12434 2 2955
12437 1 1351
12443 1 420
12452 2 505
12458 3 3716
12465 1 1108
12481 4 194
12509 1 283
12520 3 6343
12577 3 1545
12591 1 624
12616 1 636
12625 1 647
12628 2 1841
12629 1 2039
12631 1 521
12638 5 6177
12647 2 4896
12654 2 1371
12655 3 4430
12656 2 1368
12657 4 1597
12665 1 1942
12666 1 462
12673 1 6656
12674 3 6435
12692 1 5477
12701 1 7084
12704 4 5255
12705 1 1518
12711 11 2227
12712 1 2391
12723 1 1350
12747 1 3912
12748 1 3182
12751 2 5083
12762 1 5406
12765 1 2402
12781 1 342
12783 5 4316
12803 3 1141
12814 20 46677
12827 1 1123
12834 1 2681
12839 2 1142
12851 1 2088
12857 1 2354
12858 1 1295
12863 1 1161
12885 3 6601
12889 1 1525
12890 1 2391
12918 1 2623
12921 1 1723
12936 6 885
12968 1 652
12974 2 4586
12976 1 1275
12993 1 1184
12996 2 2315
12997 9 699
13003 1 4796
13011 2 598
13019 1 1129
13020 1 1145
13021 1 1120
13058 6 11569
13059 2 1221
13061 2 2559
13062 1 2827
13104 1 1437
13105 3 2565
13116 2 1479
13117 3 1571
13122 1 8864
13125 1 639
13130 1 1432
13131 1 1016
13173 4 7475
13175 1 1506
13199 2 1429
13227 2 411
13247 1 902
13266 2 1854
13267 1 1960
13268 2 2970
13271 1 194
13298 1 629
13332 3 14933
13334 1 1410
13337 1 908
13340 1 1166
13344 2 5744
13345 3 772
13347 1 873
13356 1 1677
13363 2 1279
13364 1 1478
13375 2 3891
13380 1 1436
13381 1 4238
13382 2 1460
13393 1 3068
13412 1 1736
13433 1 4168
13435 1 1340
13440 11 1581
13463 2 3262
13479 2 5487
13486 2 7532
13496 1 1728
13497 6 6632
13499 1 5895
13502 2 1003
13504 1 1033
13520 1 4296
13521 1 1341
13527 4 1200
13532 3 1389
13533 15 1585
13535 2 2364
13548 2 6866
13549 2 2185
13572 1 876
13580 1 1858
13604 1 628
13606 1 1668
13609 1 1456
13614 1 1453
13617 1 2513
13618 2 28398
13627 1 3259
13628 1 1090
13635 1 1237
13648 1 1463
13697 3 3718
13706 1 1656
13711 3 4824
13768 3 608
13777 2 274
13778 2 270
13809 3 1143
13823 1 732
13838 2 965
13845 1 656
13853 23 480
13857 1 1902
13861 1 3305
13863 1 3445
13871 4 6056
13875 16 2890
13885 1 2142
13889 1 724
13901 4 4255
13912 10 6746
13917 20 799
13924 1 865
13927 1 817
13928 1 4471
13930 1 449
13949 1 762
13964 1 751
13967 2 799
13985 3 11629
13991 2 1803
13994 1 844
13998 1 1149
13999 1 1051
14006 1 1552
14014 1 3934
14030 37 733
14045 3 861
14046 1 1429
14056 1 1205
14059 2 1101
14060 2 1417
14068 1 2470
14074 1 446
14080 11 51830
14082 1 888
14102 1 1027
14105 2 9306
14120 3 2870
14124 1 621
14125 10 720
14159 1 51
14176 1 2211
14179 1 2772
14185 1 2424
14188 1 748
14192 1 1494
14198 2 753
14202 2 723
14212 2 12149
14213 2 579
14247 1 1300
14278 1 1192
14280 2 2667
14289 3 1413
14292 2 11958
14293 1 781
14295 1 1069
14296 1 607
14297 1 820
14300 1 445
14316 5 383
14321 7 411
14337 1 2253
14345 1 1515
14351 1 406
14354 1 350
14366 2 1072
14372 1 351
14418 1 1105
14426 1 2114
14428 1 2122
14431 1 608
14432 1 679
14436 1 676
14439 2 405
14440 1 603
14456 2 1069
14459 4 871
14461 2 650
14474 1 3842
14482 1 4658
14488 1 599
14492 2 1007
14501 1 1641
14510 2 6161
14512 10 2539
14513 2 128
14522 1 1156
14528 3 1229
14545 1 1107
14552 1 351
14555 1 2701
14578 1 382
14603 3 1027
14610 1 1074
14618 1 397
14649 1 3074
14654 1 1157
14655 1 846
14664 2 344
14675 1 1701
14678 1 13
14679 1 15
14680 1 15
14693 1 1549
14711 1 1117
14713 1 863
14714 2 5738
14720 1 975
14722 1 6567
14724 4 5113
14728 2 2287
14752 1 1510
14754 1 1214
14756 2 3039
14766 1 964
14768 1 1208
14769 1 2384
14779 1 3250
14808 1 1232
14812 1 462
14813 1 162
14816 1 743
14830 9 8170
14831 9 8171
14832 9 8172
14842 5 897
14843 5 896
14844 5 906
14845 8 961
14846 9 852
14847 9 840
14848 13 274
14849 2 253
14850 2 254
14851 2 262
14852 2 815
14858 1 3107
14864 1 2862
14874 1 420
14878 2 3248
14887 2 5014
14996 2 1221
14998 1 1113
15019 4 635
15028 4 4600
15039 1 1513
15045 3 961
15049 1 2266
15070 1 1847
15075 1 3631
15095 1 869
15098 1 639
15099 1 5771
15102 11 1625
15103 1 1258
15104 1 520
15106 1 997
15112 2 141
15121 1 911
15124 1 1201
15133 1 972
15135 2 1562
15197 1 546
15216 37 707
15220 1 1503
15226 1 688
15230 2 886
15236 4 951
15245 1 7336
15264 1 675
15269 3 1122
15270 1 545
15276 1 643
15281 1 1900
15293 3 5587
15301 1 5730
15307 1 605
15493 1 817
15497 1 1224
15514 1 934
15516 1 990
15517 15 2551
15556 1 1110
15560 1 1729
15564 1 1140
15571 3 3116
15572 3 3411
15575 5 3094
15583 3 1612
15584 3 996
15586 17 3732
15604 1 727
15664 2 1538
15672 1 1879
15737 2 3706
15754 4 772
15757 2 7636
15760 2 2135
15811 1 1369
15812 1 591
15823 1 906
15827 3 1880
15832 1 2615
15844 1 1278
15855 1 547
15871 1 677
15904 5 2397
15915 1 623
15922 1 3916
15927 1 428
15957 10 8025
15969 2 51
16004 1 1576
16021 1 1876
16024 1 1099
16034 1 1059
16036 2 684
16099 1 706
16101 1 2125
16103 3 1875
16105 1 1661
16117 1 2540
16118 1 2119
16139 1 861
16144 1 798
16166 1 1359
16167 1 1204
16185 5 2268
16188 1 1274
16190 1 721
16192 1 1427
16201 1 3976
16204 1 3527
16206 1 2677
16219 2 1603
16221 1 1793
16230 1 648
16235 1 4462
16238 5 11763
16255 1 2187
16257 2 6019
16258 2 7609
16260 2 4783
16281 5 3429
16284 1 1751
16292 2 2759
16296 1 449
16297 1 1746
16298 2 1534
16314 1 1260
16316 1 3859
16320 1 1958
16325 2 1100
16338 1 359
16341 3 9421
16345 1 1095
16351 2 1039
16359 1 486
16368 5 4019
16371 1 727
16390 2 801
16392 2 920
16393 2 966
16411 3 732
16428 1 2245
16433 1 2178
16437 1 2983
16439 1 738
16442 1 1557
16455 1 1401
16464 1 3565
16480 1 1705
16496 14 5161
16497 1 988
16499 1 1594
16505 1 1869
16509 1 1890
16510 2 851
16529 1 559
16571 1 215
16574 1 2535
16576 2 1066
16588 1 1592
16590 3 3144
16591 1 6896
16635 1 7678
16646 12 774
16649 1 4446
16651 1 1054
16652 1 1090
16656 5 465
16657 1 1834
16673 1 1199
16674 1 2131
16676 4 1021
16720 3 1027
16724 2 706
16733 7 1326
16734 1 1316
16736 8 1860
16758 3 806
16763 1 1331
16769 2 282
16770 1 474
16774 3 1246
16780 1 2693
16781 1 978
16793 2 1184
16803 1 1575
16813 2 4537
16827 2 1151
16835 2 3680
16843 1 15992
16847 1 1048
16849 1 6516
16854 1 1347
16862 1 2184
16867 1 1515
16868 1 905
16870 1 1104
16871 1 1031
16872 1 1005
16873 2 1059
16893 1 5510
16907 1 473
16909 1 1643
16914 1 2130
16925 1 1943
16935 1 3050
16942 6 12267
16967 2 1212
16970 1 1181
16971 1 829
16977 3 993
16981 5 1907
17007 1 492
17010 2 3499
17011 1 1488
17012 1 3524
17013 2 9772
17025 1 2138
17027 2 6203
17038 1 1354
17040 2 3349
17043 17 1433
17089 4 3402
17096 3 1504
17100 6 3005
17108 4 2260
17114 5 6140
17121 1 6700
17132 1 471
17141 2 1634
17158 1 2334
17160 2 1760
17167 2 1537
17168 1 3800
17173 2 1072
17182 1 3085
17189 2 5992
17194 1 1502
17196 3 1736
17199 1 1582
17209 1 818
17211 1 2036
17212 1 2040
17250 1 1492
17261 1 4916
17274 1 738
17284 2 1040
17295 1 3426
17298 3 777
17304 3 5827
17306 1 776
17331 1 766
17334 1 2470
17347 1 588
17349 1 829
17385 1 3998
17390 2 3105
17409 1 1250
17417 1 1434
17423 1 382
17424 1 2766
17426 1 7075
17439 1 1217
17447 2 1361
17464 4 1805
17467 1 6562
17473 2 897
17494 1 4778
17497 1 1775
17510 4 13439
17520 1 955
17521 1 3039
17523 3 709
17570 1 5402
17574 3 904
17589 2 12110
17591 1 3099
17598 1 1092
17606 1 486
17638 3 6007
17640 2 675
17642 1 966
17643 1 999
17653 1 5954
17655 1 1980
17669 1 5167
17681 1 2190
17704 1 2320
17717 1 3139
17755 1 405
17758 10 28986
17761 1 2572
17776 1 948
17780 1 1209
17788 1 2252
17789 1 2222
17793 1 2999
17795 1 1063
17810 7 1705
17817 2 6494
17843 1 1862
17844 3 5452
17848 1 2460
17857 1 1045
17868 1 521
17869 1 7948
17883 1 345
17904 3 6041
17918 2 604
17919 2 803
17923 1 1095
17980 1 329
17981 1 1639
17992 1 724
17996 1 1106
18004 1 5488
18026 1 937
18032 2 3246
18034 3 3151
18036 1 3329
18037 1 3117
18038 2 3203
18049 1 457
18053 1 473
18055 1 1082
18057 1 851
18092 1 1678
18096 1 1110
18116 2 867
18121 1 1538
18122 1 1701
18123 1 2594
18124 1 993
18136 1 1353
18137 2 1301
18138 1 967
18144 1 857
18148 2 989
18153 1 3810
18168 2 1639
18173 1 1152
18224 2 228
18262 1 1741
18263 1 2623
18264 1 3866
18265 2 4164
18275 2 895
18276 2 1341
18281 1 953
18291 1 945
18317 1 2463
18318 2 434
18345 12 1603
18353 1 1350
18355 2 1022
18364 1 973
18370 1 975
18382 1 886
18383 1 1509
18384 1 1261
18385 1 6531
18396 6 12783
18402 2 613
18404 1 200
18419 1 2124
18420 2 1885
18460 2 275
18486 1 1075
18490 2 1473
18519 1 1780
18524 1 353
18525 1 867
18540 1 318
18560 1 1168
18567 2 1311
18577 1 810
18597 2 6498
18616 2 1907
18617 1 1998
18620 1 3943
18621 1 5046
18622 1 5539
18626 1 1312
18639 1 1434
18652 1 2264
18653 4 4815
18654 2 15696
18656 2 1667
18659 1 1736
18660 1 933
18675 1 157
18685 1 4688
18688 1 1233
18721 1 983
18733 2 1012
18743 2 179
18750 1 569
18757 1 992
18764 9 2816
18765 2 3181
18773 1 1318
18781 1 1692
18788 2 1109
18797 1 3696
18824 1 3146
18837 2 930
18840 1 4890
18848 1 289
18863 1 2559
18865 2 2334
18879 1 3453
18889 1 746
18891 5 395
18906 1 3883
18933 1 6035
18945 11 6732
18953 1 916
18959 1 905
18965 1 20789
18966 3 7427
18974 1 479
18998 1 635
19000 1 1062
19001 1 1062
19004 1 7776
19023 2 2348
19030 1 651
19038 1 2622
19043 2 4707
19064 5 843
19079 2 16454
19084 1 259
19092 2 2849
19093 1 3292
19110 2 1343
19111 3 4980
19115 1 1346
19130 1 548
19133 1 2181
19144 4 2063
19194 4 5424
19229 2 1661
19315 1 966
19375 4 4252
19384 5 5576
19385 1 2378
19390 1 3260
19391 3 3144
19409 1 1342
19410 1 1119
19502 2 2113
19504 1 6279
19512 1 3132
19558 1 5943
19559 5 6375
19562 1 7991
19570 1 2209
19574 1 643
19595 1 875
19615 2 1558
19620 2 1044
19643 2 3951
19664 2 4781
19670 3 1951
19678 1 6792
19681 3 10198
19684 1 2620
19689 4 2057
19693 1 694
19698 19 1249
19707 1 1040
19718 1 852
19726 1 853
19730 1 709
19732 1 1155
19786 1 655
19792 3 3925
19801 1 1215
19827 1 944
19828 2 689
19831 2 1394
19835 2 1651
19846 1 493
19858 5 711
19859 1 1222
19873 1 1291
19875 1 826
19883 1 5667
19886 2 1995
19890 1 2034
19891 1 4302
19895 1 3842
19896 1 4758
19897 1 3289
19898 1 4338
19901 1 1057
19902 2 3107
19904 1 1476
19931 5 425
19932 1 1327
19934 1 984
19935 1 1523
19953 2 683
19970 1 1209
19978 2 754
19985 3 8977
19986 2 1620
20001 1 2461
20005 1 2489
20014 1 1053
20017 1 5287
20021 1 1258
20030 2 4962
20140 2 624
20144 2 279
20166 1 1465
20172 5 1820
20178 2 4163
20191 2 870
20193 4 1368
20200 1 30304
20201 1 1137
20206 3 1631
20243 2 1017
20256 1 584
20263 1 3682
20267 4 1549
20274 2 794
20279 1 1548
20305 2 953
20306 2 951
20310 3 4111
20313 1 803
20324 38 1362
20376 1 1300
20382 1 677
20384 1 1291
20396 1 370
20408 1 864
20421 7 12627
20422 6 12210
20423 7 5021
20425 1 3934
20434 1 2324
20606 2 609
20607 2 4252
20610 1 577
20639 1 2734
20655 4 891
20663 1 2969
20682 1 5585
20696 1 314
20698 2 3736
20703 1 3191
20707 5 35797
20708 26 24696
20711 1 6388
20714 1 181
20745 1 1505
20767 1 998
20778 4 4580
20779 1 1150
20800 1 1099
20804 5 1029
20808 2 1960
20811 11 4558
20816 1 1533
20823 1 1234
20829 2 522
20832 6 1914
20856 5 1576
20868 1 3295
20875 1 801
20907 1 2997
20908 1 1965
20918 1 801
20924 2 1135
20925 2 931
20928 5 1673
20937 4 3666
20938 2 3851
20949 1 1116
20977 1 2515
20981 7 4198
20986 1 1810
20995 1 1840
21002 1 922
21022 1 189
21033 3 188
21060 1 2143
21074 4 5552
21081 1 1093
21084 1 1596
21100 1 1816
21102 1 3237
21110 1 670
21136 2 857
21137 1 658
21145 2 879
21163 1 842
21174 1 1423
21180 2 1918
21183 1 674
21188 1 1794
21202 1 758
21224 2 221
21226 1 2663
21237 1 881
21245 1 880
21252 1 747
21279 1 1380
21283 1 1603
21285 1 888
21286 1 691
21291 2 1443
21293 1 878
21294 1 914
21299 8 9163
21310 4 1905
21311 1 1560
21318 7 7108
21321 5 7104
21324 1 1830
21330 1 642
21345 2 2751
21347 3 1066
21353 1 1391
21359 1 13839
21361 2 1874
21363 3 3866
21377 2 1374
21410 1 1510
21411 2 3667
21415 2 797
21416 2 626
21420 3 4351
21421 2 1866
21422 2 2156
21434 2 441
21455 3 1624
21465 1 1283
21468 1 1468
21486 2 954
21496 1 1009
21498 1 425
21507 3 7373
21514 1 639
21527 3 6412
21533 1 1795
21540 1 2076
21541 1 2076
21542 36 37742
21552 3 3528
21559 2 1049
21569 1 1048
21574 5 1373
21575 4 4680
21600 3 2318
21608 7 4754
21632 7 2786
21635 1 520
21637 2 10855
21643 1 994
21644 2 11884
21648 4 6487
21649 1 2333
21653 1 1859
21658 1 1361
21659 1 890
21660 3 862
21695 1 1941
21729 6 789
21765 2 1014
21767 2 6211
21770 4 4733
21771 1 1070
21781 4 2594
21814 29 4204
21829 1 407
21837 2 825
21839 3 4667
21852 3 6758
21858 2 2839
21865 2 2056
21867 1 1612
21877 1 1400
21887 3 893
21890 2 2113
21895 3 797
21900 2 1945
21903 2 3153
21908 2 640
21910 2 1846
21913 16 3148
21922 1 2981
21943 1 2866
21947 1 628
21951 1 1086
21955 1 2133
21969 3 4332
21970 1 683
21972 2 2236
21974 1 2768
21979 1 861
21983 6 8628
21989 1 2096
21993 6 2572
21996 2 2579
21998 2 2024
22011 1 1160
22017 5 2683
22020 1 203
22032 1 4462
22034 1 1880
22042 2 533
22047 1 2622
22062 2 175
22063 3 1399
22065 1 839
22067 1 1179
22079 2 5115
22092 8 8456
22093 1 10393
22099 2 277
22100 2 267
22105 1 2168
22112 3 1097
22121 1 958
22137 2 4439
22138 1 4091
22144 1 1923
22166 6 1970
22204 1 532
22216 1 13756
22219 1 1236
22226 1 1638
22232 1 390
22357 2 65
22428 4 3769
22431 2 801
22456 1 1938
22472 2 684
22473 2 432
22478 5 1558
22505 4 899
22508 2 621
22526 2 2933
22528 2 3156
22533 1 193
22546 1 1147
22547 2 5064
22567 1 1443
22572 3 1369
22575 1 1360
22592 1 2031
22594 1 732
22599 16 2198
22604 1 1011
22631 1 1807
22773 2 871
22774 16 367
22778 1 936
22779 3 723
22782 1 788
22867 5 2220
22871 1 295
22877 1 1527
22880 1 1358
22891 1 725
22896 1 1030
22904 2 1053
22909 1 1035
22924 1 3942
22925 1 1408
22927 1 2118
22936 2 635
22983 2 1051
22987 2 235
22996 1 834
23003 1 912
23014 1 3266
23029 1 1645
23034 4 1221
23062 1 507
23064 3 7447
23066 1 773
23125 1 1534
23146 1 825
23149 1 916
23207 1 949
23219 2 1740
23229 1 194
23291 1 379
23350 1 642
23360 1 1678
23363 1 3369
23364 3 2776
23367 1 1364
23368 1 2432
23411 13 2833
23413 1 1692
23416 2 750
23420 1 1191
23427 3 1196
23460 1 1670
23466 7 2473
23468 3 1323
23472 1 907
23478 1 981
23489 2 7818
23491 1 580
23510 1 1027
23514 9 8145
23525 1 3680
23544 2 1694
23549 4 1477
23557 1 1303
23567 4 2368
23583 2 3023
23584 1 894
23599 2 349
23602 1 2222
23637 3 2848
23644 1 2056
23655 1 746
23661 3 1416
23663 1 1136
23669 1 2196
23691 1 1646
23717 1 757
23732 1 4739
23735 16 1708
23765 1 11324
23795 2 1876
23829 10 8025
23899 3 1117
23908 1 854
23911 2 758
23979 1 726
23984 2 181
24004 1 793
24016 1 341
24022 1 364
24088 1 1581
24093 1 4836
24119 9 14616
24124 1 2547
24127 1 1281
24139 2 1298
24142 1 845
24152 1 1364
24153 1 1241
24157 2 10311
24166 2 1006
24176 1 1121
24186 5 1580
24189 1 2072
24198 1 1131
24210 1 1259
24212 1 4006
24213 1 481
24225 1 1419
24245 1 346
24246 1 615
24247 4 814
24258 2 176
24268 1 1365
24275 1 852
24277 1 1031
24278 4 651
24279 4 651
24291 1 195
24366 1 875
24374 4 3085
24383 1 1705
24389 1 1096
24422 3 863
24444 1 1797
24454 1 2201
24455 1 1185
24457 1 5563
24463 1 1344
24475 2 2124
24479 10 2991
24482 6 1427
24506 3 7516
24513 1 1816
24539 2 3939
24540 1 4575
24541 2 5645
24548 1 1104
24554 1 557
24556 3 2926
24557 1 994
24561 1 3084
24566 1 3241
24567 2 1635
24568 3 5820
24579 1 834
24580 3 1272
24594 2 1258
24614 2 1048
24667 1 2550
24674 1 626
24679 1 619
24681 2 529
24688 1 459
24695 1 871
24707 1 2560
24727 2 1692
24738 1 4416
24747 1 5509
24748 1 4627
24773 1 1028
24777 4 896
24789 1 4093
24791 6 2527
24800 2 1161
24802 1 15
24803 1 5803
24807 1 3878
24816 1 804
24826 1 1650
24834 1 2002
24840 1 9627
24842 2 3916
24844 1 1882
24848 1 1701
24849 3 4735
24867 4 547
24872 1 458
24878 1 533
24882 9 8171
24883 9 8171
24896 6 4879
24897 4 4588
24898 4 4667
24899 2 3770
24900 2 2275
24901 2 2275
24902 2 2275
24903 2 531
24904 2 530
24905 2 513
24906 5 900
24907 9 892
24908 9 867
24909 13 274
24910 2 261
24911 2 801
24912 2 830
24926 1 2341
24934 1 684
25038 2 552
25041 1 947
25042 1 783
25047 2 1186
25056 1 650
25057 2 2293
25060 1 1525
25062 1 1262
25066 1 1878
25078 2 436
25134 1 772
25136 1 620
25146 1 1145
25150 1 1598
25158 1 1300
25184 5 896
25230 1 600
25234 3 4341
25235 1 7935
25240 1 1105
25243 1 3615
25248 1 1068
25252 2 950
25267 4 2724
25271 1 1229
25274 1 416
25282 3 1395
25305 1 653
25323 1 1577
25324 2 2744
25374 1 62
25380 1 931
25407 5 3649
25410 1 764
25422 1 2424
25472 1 1286
25477 3 3314
25478 1 3302
25490 1 4592
25494 1 807
25507 1 1510
25518 4 395
25520 1 986
25522 1 2549
25533 1 994
25535 2 1634
25536 1 422
25545 2 2403
25546 2 3100
25553 1 3595
25562 2 3195
25592 1 913
25593 1 909
25606 1 776
25616 1 624
25621 1 754
25624 4 582
25706 1 325
25715 1 2184
25719 2 1177
25721 2 618
25738 1 1011
25765 1 1150
25766 1 1160
25771 1 2483
25772 1 2171
25773 1 358
25783 1 3260
25790 1 1549
25815 1 1594
25816 1 1482
25822 3 694
25832 1 1204
25869 2 635
25877 2 720
25895 2 1814
25901 1 1582
25902 4 2698
25907 1 216
25951 9 1225
25957 2 1091
25961 1 1637
25966 1 2171
25967 2 1738
25969 4 1852
26012 1 1755
26031 1 132
26043 2 570
26044 1 1261
26049 1 2989
26078 3 996
26081 1 721
26088 1 1925
26095 2 5070
26098 1 859
26123 1 1139
26124 1 597
26139 2 1202
26140 1 1008
26143 2 571
26163 2 8177
26203 3 970
26205 1 1479
26218 1 3037
26220 1 1669
26228 4 768
26236 3 301
26239 5 1707
26241 1 5926
26257 3 3709
26258 4 7349
26259 3 3718
26260 3 3718
26261 3 3710
26262 3 3711
26324 1 1329
26333 1 1024
26346 4 642
26349 1 1236
26359 1 3794
26364 2 1388
26376 2 1314
26377 1 813
26382 2 3521
26388 1 3682
26434 14 3200
26449 1 7560
26461 1 830
26463 1 563
26465 1 1529
26477 2 1705
26486 2 1259
26492 2 177
26498 1 32423
26505 1 418
26511 1 1621
26525 1 2013
26532 1 1485
26534 1 3621
26541 1 4809
26546 1 1029
26556 1 261
26572 2 326
26573 1 285
26574 1 377
26576 2 1569
26577 1 971
26584 2 1355
26586 3 2458
26587 1 823
26592 1 2640
26605 3 902
26614 4 3554
26622 2 3312
26624 1 1595
26631 1 8025
26641 7 4691
26668 1 3364
26678 3 515
26688 2 4422
26700 1 1342
26704 2 531
26705 1 1443
26733 1 381
26756 2 2627
26766 1 1561
26767 1 514
26779 1 705
26791 6 4660
26795 1 849
26796 5 2116
26797 1 1479
26812 3 1962
26820 2 5014
26821 2 4111
26825 2 2133
26836 1 2928
26863 1 1540
26904 1 421
26911 1 1477
26923 1 1173
26944 1 2864
26945 1 2664
26980 6 1029
26986 4 1174
27127 1 1556
27170 1 1435
27174 1 2438
27199 1 2023
27206 1 561
27207 1 1176
27208 1 1202
27213 6 2166
27216 1 1262
27258 1 1835
27264 1 750
27270 1 2026
27272 1 1722
27277 1 748
27290 1 1365
27301 1 984
27308 2 7530
27309 1 2591
27310 2 1076
27311 1 1044
27321 4 7344
27322 3 3721
27323 1 2478
27324 3 3721
27345 1 1252
27349 1 422
27375 1 979
27385 1 728
27390 1 1355
27394 2 1701
27409 4 4419
27417 1 1328
27425 1 2871
27431 1 2548
27475 1 5550
27493 1 726
27510 1 1431
27522 1 2865
27537 1 952
27538 2 957
27552 1 506
27557 1 857
27568 4 2345
27570 1 710
27576 1 2018
27585 1 1037
27592 1 903
27607 1 1453
27621 3 715
27665 2 870
27675 1 1003
27677 1 765
27678 1 708
27681 1 1250
27692 1 462
27748 2 1234
27759 1 1052
27771 1 696
27774 1 2355
27821 1 981
27830 3 5835
27836 1 3088
27839 1 427
27841 1 1689
27843 2 832
27851 8 5844
27852 10 5540
27853 10 3446
27854 4 916
27855 2 855
27856 2 872
27857 2 868
27858 8 1075
27859 8 1040
27860 8 1041
27861 4 1009
27862 3 8511
27865 3 1464
27866 1 4412
27868 1 2792
27872 1 3102
27883 2 4980
27925 1 2804
28011 1 788
28043 11 1906
28063 4 1017
28064 1 1150
28083 1 804
28086 2 1091
28092 2 1582
28093 1 873
28098 2 10589
28103 6 5130
28104 1 1950
28105 1 3202
28107 2 701
28115 7 2406
28116 5 76
28117 3 2403
28118 2 818
28123 4 7111
28132 2 1353
28200 1 614
28202 8 1911
28203 8 1911
28204 8 1911
28216 1 296
28218 1 1482
28257 1 3449
28261 5 11790
28266 1 1597
28277 1 2560
28294 1 651
28308 2 709
28338 1 623
28351 1 89
28413 4 1726
28414 2 3568
28431 1 1798
28440 1 823
28446 10 9326
28454 1 5320
28455 1 665
28457 8 5857
28458 8 5864
28459 10 5561
28460 10 5545
28461 2 926
28462 8 1040
28463 4 1008
28464 4 1082
28465 4 1008
28467 3 8583
28468 3 8583
28469 3 8615
28474 1 1304
28477 3 3627
28491 2 4917
28571 4 768
28600 1 59
28639 5 2821
28655 1 1313
28662 1 730
28671 2 1093
28680 1 665
28688 2 599
28696 1 3559
28711 3 2834
28739 5 1791
28740 4 2382
28758 1 755
28768 5 734
28772 1 1602
28782 1 1807
28783 2 708
28785 5 402
28796 2 2216
28799 2 4713
28801 1 165
28832 1 853
28852 7 425
28860 1 652
28861 1 1189
28866 8 1774
28877 11 705
28884 2 1347
28918 1 1609
28919 1 1463
28920 1 1476
28921 2 1799
28951 7 4581
28956 1 744
28958 1 739
28959 8 1911
28960 8 1911
28961 8 1911
28962 8 1911
28963 8 1911
28964 8 1911
28981 1 1946
28983 1 1151
29034 1 468
29044 6 22965
29045 1 1313
29058 1 1399
29076 1 1924
29089 2 4866
29095 2 555
29104 1 738
29117 2 928
29122 1 459
29131 1 376
29134 1 1030
29142 1 1126
29164 1 588
29180 9 3520
29287 4 1288
29351 2 2081
29354 2 696
29360 1 886
29371 1 1059
29377 1 593
29387 1 2788
29392 2 775
29396 2 8576
29416 1 1065
29418 2 3556
29433 1 1359
29446 1 2735
29455 1 422
29471 1 1106
29486 1 1334
29489 5 1691
29491 1 3124
29493 1 3306
29496 1 2933
29519 199 8686
29520 1 443
29523 3 10213
29524 1 1209
29525 1 616
29526 1 442
29527 1 336
29528 1 656
29529 1 4211
29532 1 804
29533 1 1384
29540 1 1456
29555 1 1529
29556 1 1585
29557 2 7051
29592 1 1374
29594 1 984
29595 1 934
29596 1 1432
29597 1 1002
29609 2 35
29625 2 10200
29630 1 1791
29638 3 812
29644 2 1114
29646 1 1067
29648 1 8110
29670 1 1640
29671 1 1645
29672 1 1641
29673 1 908
29687 3 2532
29688 3 2530
29713 3 702
29714 2 623
29715 8 4501
29718 1 670
29719 1 751
29720 7 808
29721 2 6842
29722 4 9450
29725 2 540
29785 1 1968
29800 1 784
29802 2 4831
29851 1 1758
29868 1 2187
29871 5 771
29877 1 2973
29892 2 947
29928 1 595
29951 3 2090
29981 1 1139
29983 1 961
29991 5 10803
30016 1 1022
30050 1 774
30060 1 1690
30065 2 1794
30072 4 1276
30079 1 65
30088 10 2391
30178 2 1110
30181 1 608
30182 1 1248
30186 1 1205
30195 1 1266
30210 1 942
30249 1 750
30254 3 568
30255 2 2558
30257 1 1126
30273 1 2533
30307 1 3452
30308 1 140
30325 1 1728
30342 1 537
30369 1 2927
30377 1 674
30385 2 1151
30394 2 1246
30404 11 1125
30405 11 1071
30406 15 1136
30433 1 4735
30438 1 1750
30444 1 731
30450 3 1607
30506 3 1016
30519 5 5484
30520 1 1146
30526 1 4142
30542 1 612
30543 1 2733
30547 2 1086
30555 1 4027
30559 1 632
30561 2 730
30573 1 2812
30598 1 1152
30604 2 1396
30606 1 2666
30635 1 2140
30636 2 1957
30638 1 1053
30639 1 8117
30645 1 2128
30700 2 272
30701 2 265
30716 1 940
30744 1 1162
30751 1 1190
30752 1 1610
30754 1 1367
30757 1 1418
30774 1 567
30800 1 2230
30801 1 1675
30824 2 896
30833 1 1063
30846 2 2865
30850 2 212
30858 1 950
30865 1 902
30870 1 2859
30871 1 261
30877 2 1541
30897 1 535
30911 2 821
30912 3 744
30923 1 1078
30964 6 1304
30971 1 1467
30973 11 7204
30977 2 950
30978 2 951
30979 2 952
30980 2 951
30981 2 952
30992 1 208
30993 1 197
30999 1 1474
31006 3 285
31010 31 775
31027 1 732
31045 4 24677
31058 3 3446
31061 1 1776
31069 2 735
31074 2 511
31076 1 654
31090 2 1205
31095 6 1243
31123 2 2317
31128 4 698
31137 48 4691
31143 2 529
31147 1 1461
31155 1 2064
31244 1 603
31245 1 773
31246 1 821
31263 1 134
31275 1 1109
31288 5 2833
31291 1 325
31308 1 1198
31312 1 684
31321 1 710
31327 1 3711
31351 2 1654
31353 1 980
31354 1 394
31357 1 1173
31360 2 3008
31378 2 1060
31391 1 2998
31409 1 716
31410 2 2031
31417 1 1164
31421 1 270
31435 1 1144
31440 2 955
31449 1 1693
31488 1 509
31489 1 623
31491 1 549
31500 1 826
31501 3 1067
31504 1 595
31506 1 833
31508 3 3777
31511 5 731
31513 2 1104
31516 7 1397
31518 1 5634
31519 1 52
31543 3 2159
31546 1 3809
31549 1 487
31560 2 2403
31563 1 728
31576 1 235
31608 1 1464
31633 2 689
31635 2 644
31639 1 1056
31647 1 1002
31675 3 1174
31688 3 2740
31694 4 3337
31730 1 635
31731 5 3982
31736 1 1926
31739 1 977
31756 1 625
31760 1 1909
31763 2 2057
31772 1 1194
31791 1 535
31793 1 784
31821 1 4061
31829 2 14263
31835 8 2763
31845 2 951
31846 2 952
31847 2 951
31852 1 1764
31881 47 1085
31893 1 981
31921 1 1208
31922 1 812
31929 1 15160
31930 1 4739
31931 1 1507
31936 2 3664
31945 1 2616
31949 3 6125
31954 1 2261
31956 1 1770
31971 1 439
31974 1 846
32013 2 487
32016 1 19
32019 4 4793
32022 1 463
32023 2 2558
32034 1 1185
32042 1 828
32046 1 2058
32125 1 1327
32196 2 620
32197 1 619
32227 1 1465
32238 1 4115
32240 1 3457
32241 1 5341
32242 1 1349
32263 1 652
32275 2 856
32277 1 1178
32287 1 3033
32288 2 3260
32290 3 3009
32292 2 3278
32294 3 3074
32299 1 3515
32301 3 3186
32302 2 3115
32312 3 836
32322 1 876
32325 1 444
32326 1 1541
32330 2 739
32360 1 1518
32374 4 3413
32376 1 3793
32386 1 2500
32387 1 1022
32388 1 24490
32399 1 1839
32407 2 1478
32408 2 2851
32413 3 2301
32430 1 1546
32484 1 502
32486 1 2886
32487 1 1186
32488 1 588
32489 1 784
32491 1 6991
32498 7 2231
32553 1 811
32570 1 1155
32573 1 734
32574 1 2622
32584 1 2115
32663 4 3914
32687 3 1255
32694 7 2647
32711 2 4218
32743 12 1903
32746 1 2142
32747 1 807
32749 1 1148
32751 1 1482
32753 2 1998
32759 1 1321
32778 1 488
32787 1 388
32798 1 595
32822 3 2367
32958 5 1960
32960 2 1227
32966 2 1131
32972 3 11367
32986 1 3067
32992 1 835
32999 1 201
33023 1 679
33037 1 754
33069 1 3021
33075 1 1601
33078 2 5728
33079 1 3096
33091 13 10334
33125 1 771
33131 2 1235
33145 1 1201
33167 6 1396
33196 2 955
33227 1 221
33231 6 320
33232 2 1378
33240 1 9576
33259 6 139
33262 1 744
33265 1 1309
33268 1 3327
33279 1 1074
33286 2 1992
33309 1 657
33310 16 9499
33317 1 1673
33319 1 2701
33335 2 9267
33359 1 890
33365 1 974
33372 1 1921
33403 3 5506
33420 1 1024
33430 2 1572
33439 2 496
33470 1 1076
33488 1 984
33494 1 11341
33495 2 2452
33501 1 1328
33504 2 1979
33505 1 969
33509 1 2659
33522 1 869
33550 2 1909
33565 1 213
33585 2 3694
33597 1 177
33598 1 971
33617 1 557
33619 1 1176
33626 1 991
33638 1 256
33641 2 2126
33650 4 817
33657 1 1436
33663 2 5738
33697 1 1438
33728 1 874
33750 16 2944
33754 1 661
33757 1 1989
33762 1 641
33775 1 721
33778 1 1184
33785 1 1393
33786 7 3235
33787 1 3331
33788 2 772
33804 6 6411
33806 4 2866
33816 4 651
33817 4 651
33818 4 655
33829 1 837
33831 1 6374
33844 1 162
33849 1 1016
33850 2 1130
33859 6 7228
33865 1 4323
33870 1 2415
33882 5 1010
33892 1 754
33915 5 545
33921 1 614
33924 3 11847
33925 1 684
33928 1 774
33932 1 831
33937 1 14231
33955 3 3773
33967 3 1014
33993 1 845
33996 9 4294
34027 18 1328
34029 2 3971
34035 1 2575
34039 2 23394
34046 3 3718
34058 1 476
34061 2 1055
34062 1 2698
34067 2 1675
34082 1 694
34085 1 4021
34087 1 3646
34137 1 974
34141 1 1487
34159 1 1830
34164 1 1224
34172 1 582
34192 1 1198
34196 1 1544
34208 2 2130
34209 1 1701
34212 2 904
34222 2 3470
34250 1 1738
34261 1 329
34264 1 389
34268 2 3482
34285 1 1511
34291 1 1443
34298 4 6813
34303 3 4581
34324 1 692
34330 2 590
34335 1 1518
34342 14 5941
34347 1 1729
34351 3 2425
34392 1 3063
34394 4 8616
34408 1 1352
34410 1 1478
34439 2 1490
34440 2 2290
34449 4 3565
34457 1 1594
34465 3 5422
34481 1 3475
34484 2 1718
34489 1 1568
34505 1 3691
34507 2 1422
34509 2 1584
34534 2 1101
34535 1 3465
34551 2 992
34552 2 2327
34583 2 4980
34624 2 259
34625 2 277
34628 2 654
34645 1 1526
34648 3 245
34661 1 22673
34680 1 1201
34689 1 1908
34706 1 1801
34707 1 1676
34708 1 1716
34713 1 1199
34723 1 966
34729 2 503
34747 1 868
34749 3 1894
34750 2 960
34757 2 1160
34767 1 384
34773 1 788
34779 1 2859
34781 1 4211
34785 1 558
34793 1 953
34795 8 4142
34796 1 674
34799 1 159
34804 4 3895
34805 1 784
34813 3 2197
34819 1 2388
34820 2 7148
34843 1 983
34850 1 636
34853 2 950
34854 2 1136
34861 1 4582
34901 2 18201
34917 1 1013
34922 1 900
34932 1 731
34944 1 946
34946 1 1109
34949 1 1920
34954 1 779
34960 4 2476
34963 2 754
34964 2 1938
34986 4 1778
34987 3 1168
34990 4 5418
34995 1 3471
35020 1 1589
35041 2 7162
35053 1 773
35055 2 1150
35061 3 530
35069 2 3840
35074 1 656
35144 2 491
35146 1 1199
35149 19 9307
35150 1 619
35151 1 4287
35160 8 628
35177 1 1731
35280 1 258
35317 1 1885
35336 2 1307
35337 1 1479
35345 1 1795
35365 1 687
35373 1 1558
35382 1 218
35387 2 4967
35398 2 4556
35399 2 6478
35408 4 705
35410 1 1461
35427 2 12574
35428 2 12657
35434 2 1365
35437 1 2276
35446 1 494
35461 1 1748
35463 1 601
35504 1 1747
35524 1 2484
35538 1 1446
35547 8 946
35548 2 1681
35549 1 514
35559 4 2826
35591 1 632
35599 1 1705
35602 4 651
35605 2 214
35645 1 3206
35658 2 276
35660 7 1256
35663 1 83
35664 6 447
35683 3 1542
35703 1 1010
35713 1 700
35717 1 818
35721 15 515
35740 2 1139
35841 2 958
35852 1 3364
35857 1 1888
35858 1 1063
35861 2 10960
35863 2 1564
35887 2 4260
35904 1 1088
35906 1 1780
35945 1 2222
35989 3 5185
35991 1 1056
35993 1 1442
35994 1 743
36018 1 1940
36021 2 348
36023 3 5721
36026 1 309
36027 3 7080
36028 1 1853
36033 2 3256
36042 2 6053
36046 1 967
36069 3 2227
36079 2 1377
36085 2 153
36100 12 3371
36109 4 12698
36130 1 2211
36139 1 1353
36148 1 496
36151 2 442
36158 1 771
36177 1 2374
36180 2 691
36181 3 544
36182 2 456
36196 1 1795
36210 1 1205
36222 1 1383
36238 1 1023
36249 2 2162
36258 1 582
36264 1 1039
36332 1 810
36343 1 1778
36373 1 2127
36376 1 304
36379 1 1733
36383 2 2040
36389 3 6107
36390 3 6107
36391 4 7515
36394 2 5251
36395 2 5251
36396 2 5251
36397 1 8678
36398 1 8678
36402 1 2671
36403 15 2989
36404 15 2989
36405 15 2989
36414 1 3031
36415 1 4207
36416 4 1685
36433 3 940
36440 1 2527
36455 2 2503
36460 1 778
36482 1 745
36498 4 8241
36552 1 1625
36558 1 1161
36559 8 2030
36565 2 835
36583 1 1261
36590 1 5680
36600 2 1304
36612 1 2808
36619 2 994
36628 2 4247
36656 1 863
36678 1 653
36684 1 1952
36685 1 3543
36692 1 1033
36723 1 271
36724 2 2272
36729 3 1013
36731 2 885
36736 14 851
36757 1 2134
36770 1 2401
36775 3 4563
36776 2 171
36779 2 1172
36785 1 1843
36799 1 1043
36806 3 523
36809 1 702
36850 4 288
36852 2 2431
36881 1 1464
36882 4 6259
36898 3 793
36910 2 499
36946 4 651
36955 1 610
36962 1 5960
36981 1 772
36989 1 293
36998 1 864
37023 1 2246
37035 1 1914
37036 1 1014
37039 1 1824
37040 4 2087
37057 2 5130
37058 1 460
37066 1 767
37067 1 1829
37070 3 2552
37072 4 2165
37074 6 3457
37075 1 595
37076 1 845
37105 2 5309
37126 11 1157
37127 13 1188
37128 14 1079
37173 1 856
37174 1 1808
37177 1 10680
37182 3 13117
37193 10 4630
37197 2 3237
37202 1 876
37205 1 2953
37212 1 697
37214 1 528
37268 1 333
37284 1 2087
37308 1 1081
37310 3 7113
37324 1 5244
37336 1 1229
37337 1 1916
37357 1 917
37359 2 2181
37362 1 1647
37368 2 1160
37369 14 5846
37385 1 1327
37388 1 936
37389 1 921
37407 1 1372
37409 1 2886
37416 13 1147
37420 1 266
37423 2 13622
37424 2 1300
37425 1 4184
37428 1 810
37434 1 6835
37436 3 9722
37447 2 1838
37449 1 931
37454 1 8351
37456 1 2083
37462 3 1410
37469 1 977
37470 1 972
37471 1 828
37473 1 701
37474 1 732
37483 2 823
37495 1 315
37499 1 258
37501 2 4449
37502 6 1948
37520 1 1281
37521 2 3207
37544 1 946
37548 1 1203
37570 1 929
37576 2 1478
37583 2 1026
37588 1 1267
37594 1 1661
37602 1 1078
37605 1 1281
37616 1 8646
37618 1 744
37620 1 1774
37621 1 648
37648 1 1170
37671 1 2694
37685 1 2123
37691 1 371
37692 1 1697
37707 2 761
37712 3 8990
37722 1 953
37723 1 2373
37726 1 1722
37734 1 3488
37747 2 4991
37749 2 325
37788 1 983
37803 1 351
37842 2 263
37843 2 261
37844 2 270
37850 2 760
37885 2 814
37887 1 1454
37889 3 4249
37892 1 5282
37906 1 1709
37912 1 1515
37918 1 993
37928 1 3618
37929 1 2603
37930 1 681
37932 9 17484
37949 4 2150
37950 1 1675
37952 1 1675
37962 4 2971
37967 1 453
38001 1 978
38002 4 678
38004 1 2166
38007 1 1299
38025 1 2248
38040 2 1063
38041 2 1095
38049 1 511
38058 2 533
38059 1 1549
38062 4 2930
38067 1 2040
38106 1 339
38122 1 1267
38130 1 2260
38151 1 2229
38154 1 2189
38161 20 648
38168 1 976
38169 2 702
38178 1 648
38186 1 1792
38189 1 3745
38195 1 2948
38267 1 892
38283 2 701
38288 1 1083
38324 1 672
38326 1 699
38344 4 1209
38351 1 2567
38400 2 1879
38402 1 678
38403 1 1800
38404 1 1515
38405 5 2475
38406 1 1770
38407 2 1761
38408 1 2338
38409 1 1711
38412 1 2954
38418 1 1491
38421 1 792
38441 2 3038
38443 1 1740
38445 1 2338
38446 1 1008
38447 1 2944
38448 1 6071
38449 3 1891
38450 4 589
38470 1 774
38474 1 637
38476 1 1139
38482 1 1834
38483 2 1201
38487 2 396
38502 1 1471
38520 1 1239
38535 1 373
38543 1 1310
38547 1 1121
38557 3 10387
38564 1 4067
38579 1 786
38582 3 666
38589 1 1121
38605 2 1076
38627 7 1433
38628 8 1814
38635 1 1518
38636 1 869
38662 1 292
38673 4 651
38680 4 834
38687 1 2099
38713 1 1687
38715 1 5564
38729 2 807
38730 2 754
38731 1 818
38743 1 1028
38751 1 504
38754 2 655
38771 1 353
38797 2 1539
38838 1 1464
38839 1 905
38842 1 1088
38851 1 4217
38852 1 374
38880 1 1528
38884 1 2693
38888 1 1184
38889 1 779
38891 69 3038
38910 2 7766
38926 1 1938
38929 1 709
38942 4 3171
38944 1 3052
38947 6 1466
38953 13 2359
38955 1 480
38964 1 973
38972 2 883
38976 7 3085
38979 3 1182
38999 1 4065
39001 3 4864
39012 14 1147
39043 1 685
39054 1 1497
39070 2 477
39079 1 303
39083 1 2721
39085 1 4795
39122 1 1147
39124 4 490
39126 1 1601
39132 2 3874
39142 1 518
39148 2 4610
39151 2 1763
39152 2 417
39164 1 2936
39173 2 713
39174 1 2046
39180 3 1551
39192 1 1347
39210 2 1517
39240 1 1187
39245 2 4290
39254 3 447
39270 1 2484
39271 1 2225
39273 1 1081
39276 1 3501
39277 2 2053
39278 6 5705
39279 7 5440
39289 2 818
39293 2 768
39295 1 660
39304 1 1175
39305 2 783
39307 2 2173
39311 2 2070
39312 1 1335
39315 1 788
39318 1 2523
39326 1 822
39327 2 897
39329 6 32477
39341 11 9083
39397 1 2248
39401 2 3431
39407 2 263
39408 2 270
39428 1 870
39448 1 3136
39453 1 574
39457 1 1408
39469 1 1674
39496 2 897
39497 1 5496
39518 1 1145
39519 1 1394
39523 1 852
39524 2 2137
39529 1 877
39536 1 1463
39555 2 95
39585 2 1891
39587 1 384
39590 1 969
39591 1 1013
39650 6 2173
39661 2 512
39690 1 2140
39702 1 949
39706 2 1567
39710 2 226
39712 1 1190
39718 2 892
39727 3 1539
39772 4 613
39773 4 1598
39802 4 1853
39807 4 435
39890 1 581
39916 2 1355
39924 1 1284
39941 2 545
39946 1 1267
39970 1 1979
39971 1 516
39978 3 30166
39993 2 6188
40007 1 1943
40024 1 2366
40034 1 811
40036 4 2425
40047 1 1267
40053 3 3632
40056 2 2607
40058 1 595
40059 4 938
40065 11 3427
40082 5 1394
40083 1 1444
40090 1 470
40091 1 952
40100 8 2099
40104 1 559
40113 6 2948
40131 1 5534
40132 1 890
40137 3 687
40155 1 849
40157 1 647
40163 4 1175
40167 1 1108
40168 2 919
40180 1 397
40185 1 802
40187 1 955
40198 1 5290
40201 1 1226
40224 6 1671
40225 5 1682
40226 6 1053
40227 4 865
40228 1 722
40241 4 651
40242 1 375
40249 3 903
40253 3 3705
40254 1 2478
40255 3 3713
40256 1 1952
40257 3 3718
40278 2 194
40281 1 206
40287 2 10480
40297 1 915
40298 1 1191
40320 4 7910
40334 2 965
40336 1 1079
40352 5 1634
40362 1 476
40367 14 191
40368 1 1151
40371 1 1103
40372 2 996
40378 3 480
40381 1 677
40398 1 739
40401 5 2725
40407 2 2371
40408 1 2400
40411 1 306
40412 1 2785
40417 1 1051
40435 3 2577
40437 1 757
40442 1 948
40448 1 3806
40496 37 3146
40512 1 2080
40520 1 881
40538 1 14088
40552 2 4962
40579 1 4144
40583 1 534
40585 2 1235
40586 1 8741
40595 1 1611
40599 2 1239
40600 2 555
40602 2 744
40605 1 1458
40617 1 1538
40624 2 1840
40625 1 980
40630 6 5684
40640 3 1436
40654 3 2946
40670 1 2018
40672 1 714
40686 1 2486
40695 6 8337
40696 3 6423
40697 2 2727
40728 2 454
40739 3 5778
40755 3 1578
40757 9 1772
40761 2 819
40763 1 3495
40766 2 780
40805 1 695
40819 4 10440
40820 3 4100
40826 2 1717
40829 2 3054
40837 2 1071
40846 1 1105
40896 1 1122
40901 2 712
40902 2 1290
40905 3 1163
40909 4 618
40943 1 1060
40977 2 4178
40978 1 1189
40987 1 356
40993 1 3833
41025 1 902
41047 2 1994
41048 1 1925
41052 1 6547
41057 4 3871
41076 1 1472
41083 10 834
41087 1 485
41090 1 911
41100 1 1368
41103 1 2097
41106 1 1181
41114 2 2690
41118 2 2966
41120 1 680
41128 1 2539
41131 5 4182
41147 2 1261
41152 1 1295
41166 4 721
41174 2 687
41182 3 2196
41184 1 7879
41219 4 1078
41235 1 2506
41252 3 1169
41253 1 654
41256 2 477
41259 1 862
41264 1 707
41298 3 756
41328 1 3986
41368 6 1320
41424 2 924
41427 1 4567
41431 4 1782
41434 1 1152
41436 1 713
41516 5 920
41518 7 573
41534 5 414
41540 1 2878
41584 1 185
41665 1 504
41668 2 645
41674 1 4187
41677 1 2045
41678 1 1464
41696 1 1507
41700 1 1452
41702 1 1250
41714 1 984
41720 1 1655
41726 13 2949
41732 2 1023
41754 1 1650
41758 1 294
41784 2 546
41785 1 1619
41798 1 856
41799 1 990
41815 2 212
41822 1 1997
41823 1 1274
41837 1 1734
41840 1 2915
41851 4 1458
41864 1 1341
41866 1 1666
41888 1 1197
41904 1 1303
41907 4 651
41942 1 2534
41945 1 1262
41948 1 183
41953 2 348
41958 9 552
41998 2 845
42004 2 1812
42005 7 1442
42009 3 3192
42010 2 2197
42012 4 963
42020 1 2292
42023 1 1026
42025 1 9933
42045 2 1121
42048 2 1192
42077 1 806
42082 1 987
42102 1 54
42112 2 1065
42114 2 5169
42135 2 5733
42148 1 3966
42149 2 9906
42161 3 9423
42165 1 1084
42173 1 1570
42221 1 2197
42226 2 510
42234 1 2137
42247 1 799
42255 1 167
42261 1 6604
42265 1 1288
42290 2 3287
42292 14 1752
42297 4 1946
42300 1 310
42304 2 1726
42310 2 809
42314 1 1280
42321 2 1615
42326 1 948
42328 4 414
42354 3 1506
42355 1 5228
42356 1 4608
42362 1 10503
42391 2 608
42424 1 6309
42431 1 712
42442 9 865
42445 1 420
42449 2 695
42450 1 647
42454 1 65
42469 1 1089
42473 2 3755
42477 2 1308
42487 1 1735
42510 1 1487
42516 1 823
42519 4 684
42521 1 979
42540 3 1612
42544 1 2256
42545 1 732
42555 21 2440
42557 1 2920
42560 1 1179
42568 1 1636
42572 1 2840
42599 2 1553
42629 3 3606
42667 1 1132
42668 1 984
42673 2 1898
42679 3 6107
42680 3 6107
42746 1 657
42751 2 718
42752 2 1192
42753 2 973
42758 1 1386
42763 1 6680
42764 1 1569
42767 5 8035
42768 2 4939
42769 8 8334
42770 2 823
42773 2 741
42774 1 5633
42777 1 1444
42820 1 2822
42823 2 2264
42824 1 1386
42827 1 817
42835 2 2837
42850 10 4255
42858 1 26
42883 1 997
42884 2 1169
42908 1 398
42912 4 1943
42933 5 743
42954 2 821
42965 1 569
42967 2 1104
43011 1 1189
43016 1 163
43021 3 983
43022 1 798
43040 2 1072
43044 1 1869
43061 1 3075
43094 1 761
43105 3 193
43109 1 2284
43128 1 554
43131 1 718
43134 1 533
43143 1 812
43150 13 9162
43186 18 985
43229 10 8025
43245 1 2907
43247 3 636
43255 1 1777
43256 4 205
43261 3 1175
43265 4 1262
43269 1 839
43335 4 441
43337 2 884
43347 1 1044
43350 1 2399
43399 1 173
43418 1 1353
43429 1 1731
43430 1 883
43438 3 2070
43442 1 2510
43448 8 5826
43454 2 741
43463 1 1072
43470 2 3949
43477 3 22611
43489 1 1060
43493 1 672
43506 1 1014
43518 1 800
43546 1 1261
43547 1 1029
43552 1 820
43557 1 783
43563 3 518
43576 1 5522
43577 1 3389
43582 8 2029
43589 2 293
43591 1 1736
43596 3 771
43602 1 435
43606 2 1561
43615 1 1591
43652 1 721
43659 1 1360
43662 4 190
43672 3 746
43675 1 685
43681 4 651
43684 1 438
43691 2 1413
43721 1 1135
43728 2 3240
43743 2 1070
43747 4 7125
43749 7 2541
43763 4 2590
43770 1 1254
43772 1 1303
43785 1 2976
43787 1 1288
43791 1 895
43804 7 3750
43813 1 981
43814 1 675
43837 1 3115
43844 2 2408
43861 1 1888
43862 1 1314
43868 1 446
43935 1 3104
43937 1 1476
43958 4 412
43976 1 771
43999 4 5400
44012 1 2752
44049 1 721
44050 6 4928
44056 1 2924
44061 2 796
44080 2 3596
44091 3 5768
44113 2 1415
44115 8 4306
44116 8 4462
44122 1 1272
44131 1 580
44133 1 384
44170 1 531
44175 1 865
44179 11 421
44187 1 1048
44206 2 1686
44218 2 6003
44220 6 7927
44230 4 612
44232 1 1116
44233 1 578
44235 3 574
44239 1 1290
44247 1 2369
44267 1 516
44269 1 271
44284 1 1674
44286 6 5425
44287 2 3176
44323 39 1224
44329 1 333
44336 6 9286
44363 1 757
44370 2 4236
44389 1 1440
44413 1 452
44416 2 1701
44417 1 1031
44428 4 1638
44444 1 1118
44447 1 1998
44461 1 1688
44469 3 1847
44475 1 1091
44479 1 5563
44495 5 805
44499 2 966
44506 1 1670
44513 4 497
44518 1 597
44530 1 442
44563 3 456
44570 2 734
44698 1 2666
44749 1 849
44758 2 2521
44759 1 533
44768 1 2523
44780 1 3261
44809 1 460
44816 1 1244
44817 1 2611
44829 4 501
44835 2 506
44856 1 1723
44862 1 300
44872 1 1054
44874 6 3594
44881 1 3374
44891 1 1753
44896 2 1132
44897 1 721
44900 1 509
44901 1 798
44902 2 881
44911 1 1376
44925 1 3438
44927 1 2922
44932 2 2141
44957 2 10010
44961 2 1596
44962 2 1439
44967 1 3619
44972 1 1148
44976 1 555
44979 2 1058
44981 3 1515
45076 1 545
45077 1 617
45080 1 749
45084 5 6555
45086 3 1001
45096 4 6217
45159 3 13537
45160 2 971
45163 1 1509
45187 1 658
45189 2 6148
45208 1 1331
45212 1 555
45223 1 548
45232 4 1922
45256 2 699
45269 3 995
45312 1 680
45313 14 1019
45318 2 1155
45336 2 1599
45362 1 885
45371 1 681
45376 1 1359
45385 1 1374
45430 1 399
45435 10 1178
45466 4 564
45467 1 569
45488 8 1176
45494 2 928
45503 1 516
45528 1 185
45554 1 185
45581 10 8025
45606 1 1351
45607 1 454
45611 1 1534
45617 2 441
45620 2 1038
45621 3 329
45680 1 405
45687 1 459
45701 1 743
45707 1 3610
45709 1 1143
45817 5 755
45820 2 1773
45826 1 8235
45827 1 658
45828 1 855
45844 1 1043
45845 1 278
45859 1 21421
45863 9 805
45868 1 965
45874 1 989
45878 3 1656
45882 1 1165
45890 1 1518
45915 2 1099
45918 2 552
45928 1 842
45929 1 920
45931 1 891
45938 2 1759
45954 2 399
45956 3 4392
45978 3 2264
45988 1 561
46019 2 626
46020 2 609
46022 3 547
46023 1 554
46028 2 997
46029 2 703
46034 2 865
46046 1 3634
46051 1 203
46056 1 187
46069 3 3643
46070 2 3987
46081 2 910
46087 1 1968
46105 2 945
46121 1 1017
46130 1 1076
46153 1 3988
46154 1 1899
46169 1 5011
46174 2 2910
46212 1 1331
46277 2 4798
46298 6 3741
46304 1 2249
46306 4 4474
46318 1 2246
46319 2 2904
46327 1 626
46331 1 4197
46334 2 891
46339 4 1678
46342 1 615
46368 1 224
46373 1 1182
46375 1 799
46377 1 731
46378 1 6175
46388 19 81863
46413 1 747
46423 1 613
46431 1 746
46437 2 331
46453 4 1153
46467 1 1655
46468 1 779
46475 3 939
46481 1 455
46498 1 642
46502 4 1023
46505 2 6279
46510 1 1994
46513 1 2610
46514 1 601
46519 3 5448
46544 3 2693
46547 1 1295
46550 1 1512
46553 2 1252
46559 1 619
46560 1 1151
46564 1 1709
46566 1 662
46568 1 644
46584 1 460
46589 1 1731
46591 8 1721
46592 2 1676
46611 1 2127
46615 2 3442
46634 2 2594
46657 1 812
46661 2 5001
46667 5 779
46694 1 3602
46698 2 1272
46725 1 1492
46730 2 1979
46744 2 1837
46749 2 6951
46753 1 1413
46759 1 2714
46773 1 1114
46777 1 3791
46794 1 1731
46807 2 977
46808 2 976
46809 2 883
46812 1 3767
46817 1 2737
46830 1 501
46831 1 516
46854 1 451
46882 2 259
46883 2 271
46891 3 5171
46905 2 1128
46921 4 854
46933 1 198
46939 1 2178
46950 2 2171
46954 10 5186
46962 1 1676
46963 1 1830
46964 1 1676
46978 3 743
46983 1 4196
46997 1 1325
47002 1 1260
47006 1 1196
47013 1 169
47040 1 1605
47044 1 210
47051 2 371
47065 1 1172
47067 1 706
47092 2 1683
47097 2 690
47098 1 869
47112 1 137
47119 1 729
47122 1 512
47124 1 628
47130 15 1232
47132 2 951
47136 1 436
47139 1 6464
47145 7 592
47156 2 1212
47161 1 1358
47190 1 1899
47193 1 186
47205 1 1857
47221 1 631
47251 2 946
47257 1 1521
47258 1 2107
47259 1 849
47279 1 617
47281 4 603
47288 4 188
47296 2 1535
47350 1 2865
47369 1 791
47371 4 650
47398 2 5716
47437 3 1517
47438 1 1445
47444 1 3470
47449 1 2847
47459 1 8496
47462 1 630
47471 1 1640
47473 1 1168
47474 1 5150
47475 1 992
47481 1 1797
47494 2 1324
47504 1 37
47505 1 1587
47508 1 1236
47513 4 155
47515 1 3985
47531 4 491
47540 2 1013
47543 2 2250
47546 1 1613
47551 1 1447
47552 2 1137
47573 2 1389
47609 1 1519
47616 2 562
47617 1 737
47620 1 1003
47623 2 1677
47649 2 3343
47651 3 3064
47654 3 3047
47682 1 1552
47683 1 1475
47684 1 1718
47686 1 728
47687 3 459
47712 1 250
47718 1 1045
47720 2 1789
47723 1 636
47749 1 7411
47753 1 250
47755 2 670
47757 2 1609
47760 1 1544
47770 1 929
47776 29 694
47780 1 5199
47800 3 10768
47812 4 582
47843 5 1288
47874 1 1462
47876 1 918
47911 1 647
47922 23 1893
47932 1 658
47933 1 660
47960 1 55
47983 2 576
47984 1 2548
47991 1 741
48002 1 2505
48037 1 1203
48045 1 11481
48063 1 1398
48070 1 205
48078 2 11919
48091 1 849
48108 2 1242
48112 2 1380
48116 1 1532
48133 1 2192
48151 1 975
48154 2 2396
48194 1 1229
48197 5 8238
48200 1 422
48202 1 2712
48205 1 3456
48209 2 2047
48213 1 317
48223 2 2573
48224 1 3121
48234 3 7467
48248 1 789
48251 1 1505
48256 1 1990
48262 2 1040
48268 5 5058
48269 1 11120
48286 1 3883
48288 3 2866
48290 1 2106
48294 1 1479
48312 1 1292
48314 1 1603
48329 1 913
48338 1 2760
48354 1 692
48360 2 621
48361 1 729
48375 1 759
48377 1 560
48379 4 6270
48381 1 692
48382 1 3039
48407 2 1657
48413 1 3524
48414 2 3926
48416 3 1759
48440 1 1635
48452 1 943
48463 1 1684
48467 1 2133
48475 1 4416
48495 2 1200
48502 32 719
48503 1 559
48506 1 1340
48507 1 1533
48508 1 1328
48510 1 1499
48525 3 392
48546 2 2386
48547 1 4836
48551 1 6659
48566 1 3055
48597 2 514
48602 1 421
48604 1 869
48628 6 1740
48633 1 865
48638 3 1013
48652 1 567
48664 1 1021
48671 1 1680
48674 1 1144
48675 1 2669
48676 1 1096
48680 1 695
48689 2 4283
48698 2 5259
48703 4 2166
48704 2 806
48705 2 767
48706 1 1434
48717 1 230
48728 1 2201
48745 1 1192
48756 2 925
48765 2 1857
48779 1 3569
48783 2 1440
48789 1 2728
48845 2 309
48858 1 3188
48866 2 970
48905 3 1954
48906 1 1435
48911 1 918
48917 2 6627
48918 2 1061
48919 3 5467
48921 1 2787
48924 1 3784
48935 1 1249
48936 1 1159
48948 2 1194
48951 1 6065
48954 2 4360
48962 2 857
48965 1 417
48966 2 971
48988 1 1035
48993 3 1384
49002 1 1155
49004 1 904
49009 3 1183
49010 1 866
49013 1 407
49015 2 2835
49017 1 1408
49019 1 520
49023 2 1908
49025 1 872
49026 1 1774
49027 1 589
49030 2 1393
49034 2 2025
49050 1 3091
49054 1 902
49056 1 2188
49058 1 1664
49074 1 2567
49079 1 1864
49091 1 2149
49100 1 2086
49118 4 618
49130 2 2701
49139 3 1280
49140 1 1377
49141 3 1639
49149 1 3141
49158 2 699
49163 1 1009
49167 1 1024
49173 2 10707
49175 1 9938
49176 4 11069
49184 2 2455
49185 1 1503
49203 1 1682
49211 1 701
49214 1 699
49217 1 938
49219 1 1069
49222 1 822
49230 1 785
49236 2 380
49251 1 625
49269 1 803
49276 4 5599
49278 1 909
49279 1 1210
49282 1 4687
49297 1 1223
49319 1 532
49323 18 5236
49343 1 1496
49352 3 2586
49354 7 2334
49361 1 393
49366 2 5125
49367 1 2106
49377 1 319
49395 1 580
49402 6 930
49439 2 1324
49440 1 988
49441 3 826
49455 1 2601
49458 1 1916
49459 1 3328
49469 6 521
49470 10 664
49471 2 1921
49474 2 3175
49482 2 1172
49498 2 1116
49503 1 652
49522 2 6160
49530 1 884
49543 1 1789
49552 2 1919
49571 2 1114
49597 1 784
49614 3 305
49672 1 1575
49673 1 810
49679 1 2751
49680 3 5727
49698 1 1736
49706 2 1142
49710 1 465
49734 2 2337
49766 1 1245
49776 6 9407
49782 1 2062
49790 1 782
49792 2 932
49804 8 2520
49809 2 1482
49816 1 1047
49842 2 2475
49843 1 728
49844 4 6972
49847 1 1395
49859 1 791
49861 1 1351
49876 1 1037
49896 1 1614
49903 1 802
49919 2 2203
49960 5 2195
49961 1 620
49963 1 364
49965 1 2813
49970 4 1052
49971 2 2684
50000 1 1686
50006 1 1086
50016 4 11583
50020 1 1485
50025 2 5763
50033 12 924
50034 1 1651
50040 3 6696
50042 1 1289
50120 1 1661
50122 2 1979
50123 1 1225
50143 9 8454
50144 2 5084
50162 1 2022
50173 1 1992
50174 3 1566
50192 1 1934
50197 2 2113
50223 7 6104
50224 2 612
50233 2 702
50241 8 2798
50264 1 1178
50291 1 599
50298 1 1458
50299 2 958
50307 1 1514
50326 2 262
50341 1 968
50355 1 3677
50368 2 228
50382 1 1337
50428 3 1275
50430 2 2601
50447 2 1637
50448 1 1330
50453 2 1051
50456 1 1372
50458 1 1281
50460 1 184
50462 4 589
50464 1 2946
50476 2 10882
50477 1 4990
50479 1 482
50483 1 1973
50504 1 2431
50516 1 1225
50539 1 725
50569 1 796
50571 1 990
50575 2 636
50584 1 781
50589 1 280
50596 1 1314
50597 1 2594
50599 1 5431
50602 1 710
50607 1 926
50620 1 2383
50622 1 847
50627 2 611
50640 3 2066
50669 1 1789
50672 1 2381
50719 1 2143
50722 2 3030
50734 1 2167
50735 3 2198
50749 1 1017
50755 2 3965
50765 1 589
50776 1 2775
50780 2 1361
50782 1 1453
50804 1 902
50805 1 872
50825 1 592
50838 1 210
50852 3 3288
50853 1 3547
50859 1 683
50866 2 2623
50870 1 908
50875 3 754
50879 2 579
50881 1 4909
50883 1 1879
50886 1 1179
50887 1 493
50894 1 1267
50914 1 754
50916 2 4044
50917 8 5455
50922 2 2085
50950 1 1239
50952 1 882
50973 4 569
50974 2 589
50975 2 604
50976 10 634
50978 1 1544
50983 8 16660
50984 1 1008
50988 1 1822
50997 1 1017
51000 1 1757
51002 1 1417
51017 1 3675
51020 1 535
51021 1 772
51025 2 1508
51026 2 1313
51027 2 2454
51028 2 1520
51063 1 507
51064 1 907
51082 2 1356
51091 3 1943
51099 2 1212
51100 1 2250
51142 2 838
51148 4 2969
51160 1 2041
51165 2 205
51171 1 743
51176 1 976
51178 1 414
51208 1 859
51222 10 1571
51228 3 1596
51229 1 1464
51231 1 1305
51232 1 1471
51236 2 1936
51237 1 2338
51256 2 1068
51290 1 6381
51294 1 801
51295 3 5729
51298 2 773
51299 1 651
51300 2 603
51301 1 765
51302 1 786
51303 1 794
51336 1 974
51355 1 860
51356 1 903
51372 1 789
51385 1 1887
51388 3 294
51412 1 1567
51413 1 848
51426 2 3586
51494 2 905
51495 1 928
51498 2 509
51512 1 973
51516 2 4186
51530 2 260
51537 1 480
51539 1 398
51545 6 10771
51560 1 1283
51563 2 612
51586 1 883
51593 1 486
51594 2 2007
51603 1 2317
51613 1 1134
51636 1 407
51660 1 1249
51661 2 526
51705 1 939
51707 1 986
51728 1 484
51736 4 626
51756 1 978
51774 2 1467
51776 1 612
51779 1 1487
51787 1 863
51789 2 1025
51790 1 1341
51802 3 5283
51803 1 2141
51824 2 1527
51827 1 2148
51828 1 2276
51831 1 734
51839 1 9735
51861 2 961
51862 1 958
51884 4 651
51899 4 12169
51958 1 1244
51959 2 886
51974 5 1918
51975 2 1186
51978 2 8282
51979 2 6703
51987 2 4909
51988 2 6522
51993 2 12689
52021 1 595
52033 1 1709
52041 13 1139
52048 1 4112
52074 14 7011
52098 2 1384
52102 2 856
52110 1 936
52111 1 3330
52146 2 10691
52183 3 1064
52187 11 1536
52191 1 640
52196 1 258
52213 2 3751
52214 1 6634
52222 2 1753
52253 1 704
52259 1 1440
52281 1 1244
52292 1 485
52307 1 616
52313 1 1351
52318 1 1092
52324 1 1192
52326 1 3702
52334 1 1231
52335 1 686
52336 1 1219
52343 1 950
52366 5 1215
52384 10 3160
52392 1 1061
52396 4 4756
52397 10 4823
52400 1 1455
52406 4 4365
52424 1 1543
52440 2 6680
52443 1 995
52450 1 1698
52457 1 4403
52465 1 543
52480 1 2295
52484 2 5765
52500 1 3237
52501 1 1203
52525 2 269
52527 1 399
52541 1 3260
52557 2 5509
52561 2 52057
52562 2 1279
52571 1 508
52574 1 1013
52582 1 2859
52586 1 430
52603 12 3071
52606 2 952
52616 1 3287
52631 6 4596
52643 1 323
52650 1 825
52718 1 2980
52720 3 2878
52792 1 1466
52793 2 1152
52794 2 385
52796 1 538
52801 1 1168
52804 2 4622
52815 2 809
52876 1 434
52925 3 1018
52933 3 581
52940 2 579
52961 2 476
52974 3 1854
52985 1 882
52988 5 24350
52989 2 465
53014 1 1208
53023 1 6088
53036 4 1242
53037 1 902
53040 1 1220
53046 1 6992
53049 1 913
53072 1 698
53090 1 791
53099 1 3241
53101 4 1846
53103 2 1051
53111 6 3883
53119 2 1085
53126 4 859
53138 1 1947
53139 3 3527
53143 1 2969
53155 1 1070
53158 4 9225
53202 1 823
53206 1 987
53210 2 1461
53217 11 2450
53222 1 1412
53225 4 706
53228 1 760
53229 1 714
53236 1 3296
53238 1 999
53242 3 4792
53243 1 3386
53244 1 2636
53307 3 1762
53341 4 2371
53342 1 3109
53369 1 223
53370 1 662
53398 4 1658
53399 3 1251
53401 2 827
53402 2 3120
53406 2 1067
53407 2 664
53409 2 986
53410 2 1196
53411 3 774
53430 8 48057
53438 2 5686
53442 1 8599
53455 3 379
53467 2 2163
53487 1 1821
53491 3 5993
53497 2 1219
53500 7 760
53511 1 4733
53517 1 1671
53539 1 1387
53541 1 1370
53543 2 2493
53549 1 1593
53550 1 1181
53551 1 314
53558 2 5589
53600 2 1756
53611 1 1215
53613 2 1723
53625 1 452
53626 1 790
53630 2 414
53639 2 788
53643 2 863
53646 4 2610
53651 1 1909
53659 1 220
53674 1 1401
53679 1 1230
53707 1 5088
53719 1 1519
53726 1 2312
53729 1 783
53769 1 2550
53780 4 3112
53787 2 992
53837 2 3485
53845 1 2571
53846 2 2470
53856 1 1385
53867 1 1992
53875 1 294
53878 1 623
53888 1 5712
53890 1 3997
53891 1 3993
53892 1 3994
53893 2 4170
53894 2 4154
53909 1 2366
53936 1 1821
53974 1 171
54032 1 181
54094 1 3257
54105 1 431
54125 1 600
54138 2 2492
54142 2 2860
54158 1 955
54160 2 1691
54163 1 685
54171 2 1740
54186 2 4524
54187 1 4739
54196 1 1353
54207 2 935
54208 1 1198
54212 1 1573
54220 1 1087
54243 3 502
54247 1 881
54248 3 789
54255 1 1127
54256 2 593
54261 2 808
54291 8 1911
54292 8 1911
54293 8 1911
54323 2 1293
54327 1 1517
54334 1 603
54349 2 12411
54350 1 8318
54353 1 544
54370 7 2398
54375 1 5885
54384 1 979
54393 3 874
54396 1 537
54441 1 4709
54445 1 950
54448 1 1195
54453 2 950
54454 2 951
54455 2 953
54457 1 1157
54458 1 1022
54461 2 377
54464 2 364
54467 1 409
54485 2 4555
54499 2 1270
54502 2 2792
54504 33 725
54510 1 1065
54511 1 1251
54512 1 1202
54525 2 1307
54552 1 2960
54554 2 2063
54566 1 8702
54577 2 727
54579 1 709
54589 1 2333
54609 1 894
54610 2 475
54627 1 316
54636 2 1438
54651 3 1877
54659 7 5192
54661 1 699
54664 1 3382
54681 1 326
54788 2 64
54886 1 649
54926 1 898
54931 1 718
54933 1 542
54935 1 976
54940 1 615
54944 1 464
54969 1 642
54973 2 1697
54979 1 380
54981 2 910
54995 1 1180
54996 1 1141
54998 1 1411
55018 1 401
55050 1 1233
55059 1 2098
55062 8 1110
55063 11 17333
55066 1 3616
55067 2 3184
55072 2 3317
55073 1 3312
55082 1 985
55094 1 12123
55096 1 1289
55097 1 626
55098 1 565
55099 1 1159
55100 1 868
55113 2 1550
55117 1 1442
55146 3 2594
55147 1 2912
55151 1 1332
55156 1 1405
55306 1 788
55316 1 951
55320 1 611
55322 1 643
55323 1 648
55411 2 830
55420 1 552
55433 8 1983
55449 1 1065
55481 1 867
55484 1 565
55496 2 5278
55516 1 1474
55537 1 7693
55546 1 781
55558 1 721
55559 1 706
55561 1 1229
55578 1 900
55583 2 434
55586 10 749
55588 1 668
55591 2 932
55607 1 9422
55616 2 765
55643 2 1214
55676 1 2434
55679 1 751
55681 2 940
55689 1 846
55701 6 1146
55716 1 1201
55724 2 378
55753 1 4189
55773 1 325
55871 1 184
55904 2 1384
55909 8 728
55911 2 618
55913 1 1188
55915 1 1378
55916 2 1109
55919 1 3288
55920 4 718
55937 3 791
56026 1 2074
56029 14 4442
56039 3 684
56040 1 962
56120 1 236
56141 1 62
56145 1 127
56189 1 1843
56191 2 2260
56193 1 1208
56194 1 1968
56199 1 1698
56223 7 5116
56231 1 1953
56249 1 2126
56252 1 1993
56253 1 1993
56262 2 259
56263 2 269
56275 1 552
56276 2 1882
56282 1 1567
56283 2 1928
56284 1 880
56286 2 2036
56293 4 457
56413 1 152
56424 2 1256
56428 1 1075
56476 2 1966
56487 2 3333
56489 3 5171
56497 2 2476
56498 1 2455
56505 2 5118
56506 2 932
56521 5 5019
56522 1 3726
56536 1 906
56541 4 1812
56553 13 7598
56564 1 1402
56573 1 819
56590 1 2070
56600 1 1942
56610 4 679
56630 4 3641
56637 1 746
56644 2 492
56647 1 418
56653 2 337
56654 5 1006
56685 2 31
56700 2 2072
56701 2 2806
56705 6 2241
56706 1 1698
56711 1 1301
56712 1 752
56714 2 1580
56727 1 974
56729 2 476
56732 1 1068
56783 1 780
56784 1 585
56788 2 2350
56801 1 5727
56802 2 8941
56812 2 404
56821 2 6607
56832 2 1352
56834 1 488
56839 1 8203
56851 37 778
56852 35 1247
56853 37 915
56860 1 1462
56861 1 1250
56885 1 1894
56888 1 2750
56889 1 820
56900 2 1808
56915 2 4927
56918 2 665
56919 1 665
56930 1 335
56952 1 621
56961 7 7535
56973 2 1260
56975 1 1351
56989 4 846
56991 3 854
57010 1 873
57024 4 5130
57036 2 455
57131 2 52
57215 1 843
57216 1 921
57288 1 2261
57306 1 1072
57310 1 1102
57321 1 1511
57328 1 215
57357 1 1387
57359 5 1917
57364 2 602
57367 1 2359
57371 1 1247
57382 2 3136
57384 2 3357
57406 1 758
57408 2 3005
57412 1 691
57413 2 6376
57414 2 844
57415 2 2127
57416 1 384
57421 1 1105
57441 2 2098
57460 5 2888
57476 1 1805
57494 4 3677
57496 1 285
57497 1 857
57510 1 2365
57511 1 2052
57517 2 1069
57523 2 1045
57530 2 2185
57623 2 3704
57624 2 3707
57625 2 3705
57639 5 1276
57643 1 8017
57644 1 641
57646 1 834
57647 1 705
57649 3 660
57651 5 6526
57653 2 697
57655 2 843
57658 1 917
57662 1 1009
57721 1 690
57725 3 1668
57728 1 3152
57730 1 1998
57754 1 764
57759 1 1949
57760 1 2085
57761 5 2116
57769 2 3472
57783 2 486
57801 1 2633
57817 3 4120
57821 1 4929
57833 2 2030
57834 1 4576
57838 2 1853
57875 1 663
57878 5 3882
57879 1 1521
57890 1 2563
57901 1 1975
57910 1 1801
57914 1 2836
57936 1 317
57946 10 5545
57947 10 5535
57948 1 5712
57949 1 5712
57952 3 8583
57953 3 8583
57954 1 4003
57955 2 4158
57956 2 4158
57974 1 1235
57989 1 3603
57993 1 1126
57997 1 4870
58192 3 3058
58199 1 4784
58201 1 1355
58207 1 3272
58214 1 1211
58227 2 1972
58239 1 848
58240 3 711
58244 1 850
58247 3 19391
58277 1 1047
58290 3 982
58293 2 2164
58308 1 1579
58315 5 2480
58319 1 719
58327 1 298
58379 1 1919
58380 1 2008
58390 3 1711
58392 8 1911
58393 8 1911
58394 8 1911
58395 8 1911
58396 8 1911
58397 8 1911
58398 8 1911
58399 8 1911
58400 8 1911
58401 8 1911
58402 8 1911
58403 8 1911
58408 2 4007
58486 1 1104
58493 1 958
58502 2 1134
58506 1 623
58514 1 1385
58526 2 151
58542 1 510
58676 1 1205
58697 1 1823
58698 2 1423
58741 1 535
58751 1 473
58752 1 773
58758 3 733
58762 2 4573
58780 1 581
58786 1 1487
58825 2 1206
58832 1 1304
58836 1 2335
58841 4 2975
58842 3 3299
58844 1 3246
58847 2 2073
58852 1 3464
58867 1 429
58868 1 803
58869 2 5200
58870 1 660
58871 1 435
58872 1 915
58874 1 1816
58875 1 957
58908 2 775
58913 1 960
58914 3 2294
58915 3 604
58920 1 293
58925 1 1726
58930 1 1881
58933 1 1093
58940 46 4530
58964 1 5289
58965 2 5140
58966 2 5767
58967 1 3481
59044 1 1645
59053 3 2530
59054 3 2531
59059 4 679
59072 3 10092
59075 1 1168
59156 1 197
59175 1 1913
59209 2 2825
59210 1 1617
59212 1 665
59227 4 4022
59230 1 780
59256 1 860
59263 1 5357
59292 1 1003
59312 2 649
59338 2 700
59347 2 9699
59348 2 10477
59356 1 1554
59357 1 1573
59362 2 1290
59384 1 227
59394 2 1328
59395 1 1240
59397 1 3596
59404 2 1587
59414 2 1099
59415 1 902
59417 1 1841
59423 5 13129
59429 4 1054
59430 1 3685
59444 4 689
59453 1 5553
59454 2 2821
59455 1 2220
59462 1 1879
59463 1 2182
59464 1 1707
59466 3 4209
59467 1 4546
59468 1 4334
59469 2 4789
59470 1 3154
59471 1 4583
59472 1 2189
59473 3 4291
59474 1 3565
59475 1 5201
59476 1 2145
59478 3 1258
59480 1 2579
59482 1 275
59485 1 745
59490 1 1051
59497 1 1102
59508 3 1122
59515 2 2280
59516 1 1925
59522 1 1856
59527 2 1590
59561 2 4211
59581 1 1325
59583 2 2857
59590 1 1196
59593 1 1584
59598 1 1721
59602 3 886
59613 1 1032
59620 1 2013
59626 1 2003
59627 6 4734
59630 6 5288
59633 2 4221
59635 2 4384
59639 2 3423
59640 1 5056
59641 1 4053
59642 1 3464
59662 2 14951
59676 1 816
59684 1 1088
59687 1 1419
59696 1 2013
59697 1 2431
59698 2 2181
59699 2 1994
59717 1 4807
59722 2 847
59728 1 826
59824 2 1816
59827 1 1670
59831 1 1069
59833 1 1248
59849 1 532
59859 1 642
59898 4 4986
59900 7 3360
59901 1 10800
59912 1 1051
59918 2 9598
59922 3 3476
59923 3 1326
59928 1 214
59929 1 865
59940 1 792
59946 1 1687
59956 1 436
59975 1 1343
59985 1 4522
59986 3 4731
59991 1 760
59999 1 931
60004 1 184
60017 1 1734
60018 1 2504
60019 17 5237
60030 8 10533
60032 1 1691
60037 2 4344
60038 2 3448
60039 1 4322
60044 2 1309
60046 38 858
60062 1 928
60069 1 3188
60079 1 1270
60080 1 1464
60081 1 1163
60082 3 1247
60102 1 987
60109 1 2379
60114 2 998
60116 6 1842
60117 1 438
60133 3 1287
60134 1 1270
60150 2 701
60155 1 11169
60156 1 5280
60157 1 3863
60178 2 1325
60181 1 1881
60217 2 2172
60218 1 247
60225 1 2094
60226 1 2054
60227 1 2086
60249 1 1398
60276 1 3089
60283 1 465
60285 1 1744
60288 2 1474
60291 1 1433
60295 1 662
60296 1 783
60297 1 923
60298 1 657
60299 1 637
60300 1 1826
60304 1 1261
60305 7 1305
60307 1 1114
60315 1 3263
60319 2 4138
60326 1 562
60327 5 3097
60328 1 1340
60342 1 1408
60351 3 2113
60353 2 678
60355 7 1074
60363 1 819
60380 1 388
60382 4 1238
60386 2 1300
60393 1 511
60403 2 2051
60418 1 1082
60425 1 929
60430 3 2173
60440 2 1116
60442 1 258
60444 1 1326
60475 1 1223
60476 1 1333
60486 1 1521
60509 1 4010
60515 2 924
60523 1 1348
60528 1 1837
60536 6 1572
60562 1 2105
60584 1 685
60595 4 3346
60598 2 2552
60600 2 734
60607 2 1057
60618 1 668
60625 1 994
60661 1 4572
60662 1 6202
60663 1 607
60665 1 1611
60670 3 1641
60674 2 1471
60678 1 3884
60696 1 834
60735 2 3139
60736 3 3344
60748 1 6845
60755 2 962
60757 1 988
60759 1 4854
60760 1 1737
60791 2 3468
60792 2 3202
60794 1 1921
60815 1 2171
60822 1 5864
60891 1 489
60913 1 250
60916 3 362
60932 1 903
60936 4 5117
60953 1 2570
60956 1 2287
60959 1 422
60963 3 3508
60969 2 607
60993 4 804
60995 2 1034
60998 1 2178
61003 1 1701
61017 1 2099
61018 1 1018
61020 2 13801
61021 2 5166
61064 4 956
61077 1 222
61091 2 1682
61098 4 1594
61117 5 2465
61167 2 3616
61168 1 657
61169 3 3257
61170 3 677
61186 1 14302
61187 6 15707
61188 3 29700
61198 1 746
61204 1 1714
61206 1 1042
61260 1 1077
61261 1 1071
61269 1 8764
61284 3 265
61287 1 2272
61293 2 1113
61323 1 374
61331 2 2243
61352 3 18809
61379 2 1394
61400 2 2056
61416 1 1659
61423 1 1232
61424 1 797
61438 2 1813
61468 4 2302
61469 2 1972
61472 1 2455
61497 5 5567
61502 1 1871
61520 1 844
61556 1 3140
61560 1 1336
61567 2 542
61568 3 720
61569 2 1055
61570 2 1105
61571 2 684
61604 2 416
61610 5 1320
61623 4 1505
61628 1 7244
61629 2 1176
61635 2 2149
61659 3 6067
61664 3 3204
61668 4 11710
61669 3 5944
61680 2 2168
61686 2 546
61717 1 765
61718 1 978
61720 2 970
61721 1 822
61731 14 1752
61770 1 1373
61771 6 11091
61777 2 1421
61792 9 1506
61824 1 4512
61832 1 2493
61833 1 7073
61837 1 1035
61860 1 7381
61867 1 1527
61878 1 2819
61879 3 2166
61880 1 2723
61881 1 2444
61882 1 454
61887 1 654
61891 1 987
61892 2 3071
61907 1 3429
61917 2 5083
61938 2 6544
61939 5 10305
61942 1 1229
61948 1 1548
61980 2 920
61999 1 1306
62004 4 2886
62006 1 132
62022 1 1888
62034 3 3365
62048 1 389
62055 1 581
62062 1 6529
62071 2 2363
62087 2 4114
62093 1 515
62094 2 455
62095 1 1686
62110 1 4274
62112 3 688
62113 1 412
62114 2 939
62115 1 755
62116 1 949
62117 1 1347
62137 2 2894
62162 1 169
62172 1 142
62192 3 937
62193 1 2441
62196 2 528
62199 3 2963
62201 2 625
62202 1 891
62205 5 1826
62215 1 1984
62218 2 2462
62229 3 7173
62235 1 550
62236 1 2326
62243 3 3964
62250 2 936
62251 1 542
62257 1 782
62264 1 749
62265 1 802
62298 1 846
62299 3 7136
62303 1 806
62308 1 395
62310 2 3144
62311 4 2373
62318 1 2185
62319 2 2313
62321 1 1110
62326 1 795
62327 1 792
62339 1 424
62340 2 4587
62349 1 2237
62356 2 532
62358 1 1453
62359 4 1342
62360 2 1370
62407 1 859
62416 2 2005
62417 5 11638
62426 1 170
62434 1 1233
62453 1 307
62455 3 513
62466 2 2353
62481 1 2543
62482 1 1901
62499 4 3759
62513 1 2915
62552 3 1225
62553 5 1227
62588 3 8596
62605 4 686
62606 1 1424
62613 1 5274
62624 1 772
62642 2 7441
62684 1 1705
62685 1 1321
62686 1 996
62687 1 994
62690 2 1289
62693 1 5347
62694 1 2218
62702 1 623
62720 3 1714
62723 1 3363
62727 1 3232
62729 1 2162
62730 3 2960
62748 1 592
62749 1 387
62752 3 886
62755 2 1796
62766 1 8596
62774 1 1461
62775 2 2968
62777 2 1035
62778 1 1898
62779 1 2483
62782 1 1115
62785 3 1476
62788 1 2229
62789 2 3394
62791 1 2675
62822 2 802
62824 1 4199
62833 1 711
62844 1 1986
62848 1 1515
62849 1 1721
62853 2 4078
62867 1 1739
62877 2 1563
62906 1 1723
62912 1 6714
62958 1 1187
62984 4 767
62986 1 679
62987 1 1559
62988 1 1646
62992 1 5430
62995 1 595
62996 1 707
62999 1 1473
63033 6 862
63051 6 1657
63060 1 1082
63062 1 1067
63073 1 6062
63075 1 3050
63077 2 5251
63093 1 3111
63106 1 2332
63118 1 876
63126 1 1393
63137 1 3259
63138 2 4006
63139 1 792
63140 1 504
63142 1 574
63143 1 1109
63155 2 1358
63156 3 1380
63166 1 2579
63167 1 3539
63168 1 2328
63170 1 1316
63173 1 1330
63182 1 1489
63190 1 400
63191 1 374
63200 1 714
63218 1 1308
63221 1 1689
63253 1 1086
63255 1 2143
63256 2 2229
63257 11 716
63258 1 1486
63281 1 1021
63287 1 2749
63323 1 549
63324 1 898
63325 4 587
63343 2 1651
63349 1 2002
63380 1 689
63402 13 735
63412 2 2324
63427 3 4477
63430 1 1309
63435 1 1477
63462 1 3556
63492 1 675
63494 2 235
63505 4 959
63508 1 398
63511 1 567
63519 1 2160
63527 4 475
63554 1 2850
63555 1 7057
63558 2 725
63559 2 765
63572 2 3748
63592 1 1009
63614 4 1640
63654 4 1086
63656 11 6872
63663 1 1347
63668 3 1184
63686 1 3010
63688 1 897
63690 2 3198
63691 1 2596
63693 1 792
63700 6 1270
63703 2 2027
63706 1 1710
63708 1 2012
63709 1 2193
63715 1 400
63728 3 1379
63736 3 1433
63740 2 1761
63741 1 642
63749 1 482
63759 1 1024
63764 1 536
63777 3 2978
63785 1 1430
63787 3 1499
63788 1 3142
63831 1 923
63836 1 3200
63837 1 6313
63839 9 635
63846 1 532
63851 1 1757
63854 1 401
63856 2 1512
63858 1 776
63875 1 595
63884 11 3456
63899 1 679
63915 1 1055
63922 1 861
63938 1 2930
63939 1 225
63949 4 1469
63967 1 884
63974 1 1872
63977 1 544
63980 1 749
64012 1 1614
64022 2 1923
64031 1 751
64034 1 2927
64047 1 559
64049 2 1033
64050 5 3580
64051 5 3589
64072 1 1416
64084 2 1486
64085 1 1615
64086 2 1979
64100 1 1352
64127 1 181
64271 2 4396
64311 1 4060
64315 1 685
64318 5 2610
64350 1 20899
64376 1 2975
64379 1 600
64400 1 837
64412 1 2859
64420 2 1908
64421 3 1681
64423 1 623
64433 1 432
64434 1 870
64454 2 1155
64461 1 771
64462 1 843
64493 1 956
64507 8 1911
64508 8 1911
64509 8 1911
64513 2 418
64536 2 1251
64542 1 1329
64543 2 1339
64559 3 4363
64564 2 1147
64571 1 1943
64582 1 1481
64607 1 386
64619 2 2292
64625 2 1074
64633 3 524
64645 1 275
64658 1 3929
64941 2 283
64951 2 1419
64996 1 354
65006 1 3064
65009 2 3343
65015 1 151
65019 1 1067
65034 2 3956
65035 1 1584
65040 1 1671
65062 1 1719
65087 1 1504
65099 2 2357
65102 1 351
65104 1 8712
65129 1 15643
65258 1 644
65263 1 900
65265 13 5510
65267 1 864
65272 1 2484
65355 4 862
65407 15 803
65410 1 1931
65420 1 1116
65429 2 789
65447 2 1309
65461 5 145
65474 3 1571
65483 3 537
65485 10 578
65486 3 595
65526 2 138
65528 1 674
65536 1 890
65537 2 3294
65539 2 628
65557 1 603
65565 2 1270
65594 1 1539
65595 3 1319
65596 1 1788
65614 1 2314
65615 1 461
65618 1 1810
65630 1 385
65631 2 288
65634 1 297
65637 1 563
65645 4 1634
65669 1 708
65674 2 660
65692 4 340
65697 1 649
65700 1 1274
65757 2 1393
65778 2 3404
65787 1 750
65790 1 5117
65792 1 886
65800 1 1457
65807 1 1381
65816 1 929
65838 2 1936
65858 1 120
65880 1 1390
65885 3 3324
65886 4 3075
65897 1 1239
65904 4 1952
65905 1 1164
65910 1 870
65911 1 948
65933 1 1896
65943 2 1234
65945 1 2536
65968 1 1412
65978 1 3467
65984 1 2219
65998 1 908
65999 1 7992
66008 2 1142
66012 1 1659
66015 1 4361
66018 1 1246
66048 7 1660
66058 1 983
66061 3 1219
66065 2 2315
66088 3 1445
66097 2 237
66116 1 812
66122 1 301
66124 2 1563
66151 1 1614
66159 1 587
66171 1 482
66176 1 787
66177 3 2510
66180 1 529
66191 5 452
66201 1 1133
66218 24 675
66219 1 1200
66226 1 1366
66235 3 743
66244 1 804
66249 4 579
66253 1 2409
66267 2 764
66269 2 1221
66273 2 132
66299 2 1007
66310 1 8271
66335 1 464
66357 1 539
66379 2 2917
66380 2 9761
66400 1 675
66403 2 759
66411 1 1865
66416 1 377
66420 1 1958
66425 2 943
66426 1 673
66431 1 2939
66444 4 3410
66464 1 1050
66471 1 3798
66478 2 1388
66494 2 1016
66495 7 933
66512 1 470
66515 1 6274
66516 1 912
66522 1 942
66559 3 5776
66564 1 2309
66581 1 952
66587 1 4790
66591 1 734
66593 2 1896
66596 1 463
66598 3 1411
66609 1 980
66614 1 1103
66636 2 1536
66657 1 1440
66666 2 979
66672 3 1215
66677 2 1321
66681 1 894
66698 2 2058
66708 1 1409
66712 1 757
66715 3 514
66716 1 908
66720 1 1705
66722 14 276701
66729 1 821
66734 1 1280
66744 2 4068
66751 6 11896
66761 1 362
66773 2 1006
66801 1 3195
66806 1 3247
66819 3 6321
66823 3 9403
66836 1 1242
66843 2 837
66845 2 1902
66846 3 3482
66847 2 2941
66896 2 519
66915 1 4319
66922 2 1292
66933 1 626
66947 3 18231
66949 2 1133
66958 2 1720
66963 1 1157
66972 2 3916
66979 1 1596
66987 1 2394
66992 2 1910
67001 3 1320
67003 2 549
67008 13 651
67014 1 772
67017 1 235
67019 1 1107
67021 1 6450
67034 1 2166
67065 1 920
67070 1 1258
67095 1 2223
67098 1 594
67100 1 1098
67102 4 590
67127 1 711
67136 1 784
67189 2 1207
67194 3 1602
67195 3 6824
67223 1 1469
67251 3 407
67253 1 752
67259 1 438
67261 1 1409
67263 2 1563
67278 1 982
67283 4 986
67289 1 1131
67304 2 754
67309 1 844
67313 2 1165
67320 1 631
67321 2 2010
67322 1 2602
67323 1 1622
67324 1 2007
67325 1 2060
67326 1 2402
67327 2 1861
67328 1 1541
67329 2 2207
67330 5 1983
67331 1 2083
67332 2 1624
67333 1 2666
67334 1 1465
67335 1 4046
67336 1 1641
67337 1 2444
67338 3 1942
67339 1 3088
67340 1 2960
67342 1 6010
67346 1 1614
67355 1 6043
67359 1 3255
67371 1 3756
67389 1 1731
67390 1 1665
67392 1 2594
67393 1 6324
67394 1 2122
67395 2 2737
67398 1 728
67406 1 1549
67408 5 5567
67410 1 7180
67415 1 10077
67428 1 2521
67441 1 902
67450 1 1510
67451 3 2767
67454 1 5854
67461 1 663
67467 3 270
67489 2 177
67547 1 1341
67562 1 1286
67576 1 1529
67584 1 3111
67588 1 2174
67596 1 273
67619 1 2054
67623 1 1432
67626 1 1388
67628 3 334
67636 4 811
67655 1 1887
67656 1 1484
67662 3 2616
67667 1 1004
67674 1 1995
67678 1 2911
67686 1 541
67707 6 1942
67717 1 781
67722 3 1758
67741 1 2150
67757 1 684
67759 2 602
67761 4 1455
67770 1 1180
67783 1 827
67784 1 2572
67798 2 1283
67800 1 1378
67817 1 603
67832 2 555
67838 2 746
67854 1 298
67858 1 1482
67871 2 1809
67879 4 825
67889 4 2813
67890 1 3387
67894 1 1091
67895 2 1554
67910 9 234
67916 2 1568
67917 3 768
67921 1 1368
67962 1 841
67963 3 2024
67985 1 2304
67986 1 2479
67987 1 2466
67988 1 2356
67991 1 2957
68005 1 1868
68015 3 6966
68025 4 2357
68028 2 481
68030 1 857
68045 1 860
68046 2 3345
68047 2 1652
68049 9 2229
68050 1 416
68060 1 1384
68072 1 1523
68081 5 282
68088 1 680
68092 3 8126
68098 1 893
68100 1 650
68102 1 989
68118 2 3343
68120 2 7511
68125 1 2444
68132 2 2295
68138 2 1799
68142 1 2271
68149 2 2354
68157 1 1827
68159 7 6709
68160 1 6120
68164 1 607
68175 1 740
68179 2 1413
68199 2 1903
68217 2 5161
68226 1 1021
68248 1 442
68249 1 1054
68261 3 1258
68263 2 5972
68274 1 942
68282 1 1506
68288 1 630
68289 1 514
68305 1 3491
68307 1 1697
68308 10 589
68311 2 1492
68330 5 8380
68335 1 1183
68336 1 1920
68351 2 1158
68368 1 1969
68369 13 11195
68370 2 1656
68378 1 1880
68388 1 2572
68389 4 7515
68390 4 7515
68391 4 7515
68393 5 3580
68404 1 1415
68405 1 1416
68420 2 2517
68424 7 1934
68446 1 3669
68636 1 618
68649 4 942
68658 1 1438
68680 1 9381
68691 1 2365
68712 2 335
68727 1 1593
68731 1 1135
68757 8 1151
68765 2 6394
68766 2 5324
68770 1 757
68776 2 1328
68777 1 1669
68783 1 1601
68787 4 1506
68788 1 2193
68790 1 2859
68799 2 1185
68805 2 604
68807 1 970
68823 1 2312
68833 1 626
68837 4 1538
68842 1 1215
68844 2 591
68851 1 931
68854 3 5781
68860 1 2402
68882 2 260
68892 4 1101
68893 2 1871
68895 8 1911
68900 1 3607
68902 1 773
68905 4 1846
68907 1 816
68909 1 2457
68920 1 2788
68930 2 1217
68931 1 1400
68934 37 765
68938 2 1260
68939 1 1221
68960 3 1724
68964 6 11197
68967 1 839
68973 1 1401
68991 1 1084
68997 1 793
69014 5 806
69018 1 972
69022 4 946
69043 1 1118
69050 1 768
69066 1 628
69081 4 838
69230 2 68
69313 2 348
69331 1 1693
69337 1 509
69354 2 801
69390 1 574
69405 2 326
69427 1 894
69433 3 2935
69434 3 3213
69435 2 3178
69443 4 878
69456 1 1329
69457 1 618
69460 1 2124
69462 1 998
69509 1 5379
69517 1 530
69528 1 1563
69538 1 1049
69548 2 1818
69711 1 651
69714 9 2593
69715 1 705
69717 1 4915
69720 1 717
69721 4 6125
69823 2 983
69831 1 909
69848 1 372
69849 1 422
69882 2 750
69901 3 491
69906 3 676
69913 2 7379
69914 1 7296
69941 2 1020
69948 1 901
69949 2 261
69961 1 671
70013 1 290
70054 1 1487
70065 4 770
70094 7 2235
70116 1 776
70118 2 820
70124 1 581
70135 1 693
70141 1 691
70169 10 8025
70207 1 10208
70210 1 5060
70213 1 1440
70222 1 950
70227 2 1812
70230 1 1801
70231 1 2953
70263 14 7023
70264 3 2207
70269 1 2397
70273 2 3305
70275 5 2825
70288 1 1765
70313 1 2371
70315 1 540
70351 1 1891
70355 6 455
70372 2 670
70373 1 1473
70374 1 826
70377 7 5997
70388 2 313
70406 3 1912
70418 1 303
70431 1 2476
70434 1 1090
70456 1 954
70460 1 552
70461 1 540
70462 1 541
70463 1 543
70464 1 548
70465 1 543
70466 1 543
70467 1 544
70468 1 549
70469 1 558
70470 1 551
70482 4 651
70487 1 511
70492 1 315
70530 1 1122
70534 3 5509
70535 1 1353
70537 1 1013
70582 1 1007
70583 1 837
70585 3 303
70591 1 4584
70592 1 761
70609 1 881
70701 1 2606
70704 1 1573
70749 1 6334
70841 1 8361
70849 4 1487
70929 1 6834
70938 1 1184
70954 5 6095
70993 3 5847
70994 2 761
71011 1 495
71015 1 841
71020 1 780
71022 3 2146
71060 1 2450
71072 1 933
71078 1 9605
71091 2 627
71101 1 852
71116 1 653
71131 2 5992
71137 5 9411
71152 5 1194
71169 2 514
71173 1 244
71190 1 636
71198 1 1202
71200 2 2058
71215 1 913
71219 1 2884
71220 1 2841
71221 1 3179
71238 1 144
71242 6 11150
71245 1 982
71251 1 1374
71252 1 1357
71282 2 1318
71297 1 1361
71299 1 1364
71313 1 520
71315 2 6723
71324 3 1535
71338 5 2157
71364 1 998
71374 1 1324
71383 1 1410
71399 1 2126
71427 1 1053
71428 1 231
71545 2 6773
71568 1 572
71580 1 1716
71606 2 4481
71622 2 2405
71664 1 1342
71669 4 204
71677 1 564
71683 2 1891
71706 4 5275
71719 1 940
71725 1 1376
71736 1 674
71738 2 1825
71744 1 2609
71745 1 667
71749 1 819
71797 5 2293
71800 3 811
71803 2 952
71804 2 952
71806 4 1826
71821 1 894
71827 2 6203
71828 1 1069
71830 1 1042
71836 2 5188
71849 25 1027
71850 28 642
71856 1 1198
71871 2 1232
71873 1 1004
71877 2 7422
71896 1 3955
71919 1 2543
71924 3 2521
71925 1 175
71943 1 3979
71944 2 7115
71962 2 1178
71973 1 1640
71974 1 1496
71988 1 2427
71991 1 1476
71995 1 637
72002 1 1963
72009 1 1448
72019 2 777
72038 1 3035
72041 1 1544
72046 1 2501
72048 3 5014
72060 1 791
72066 1 7004
72080 1 217
72098 1 19912
72102 3 290
72108 3 1166
72111 2 867
72146 2 1354
72148 2 300
72149 2 318
72150 2 550
72172 1 802
72177 1 1078
72182 1 1358
72186 1 391
72187 2 180
72189 1 712
72197 1 1837
72201 2 5125
72208 1 1405
72215 1 2153
72269 1 1104
72274 1 1293
72275 1 898
72281 6 6411
72282 3 2243
72290 4 651
72291 4 651
72306 4 2081
72307 2 3276
72316 1 973
72320 1 1701
72353 1 1879
72356 1 2591
72357 1 916
72362 1 1038
72366 2 1256
72368 6 1211
72372 2 1766
72380 1 3360
72382 3 4049
72384 1 268
72385 1 1087
72388 1 1980
72411 1 3344
72417 3 173
72437 1 8964
72441 1 3167
72478 2 2348
72481 1 1701
72498 6 11873
72503 1 514
72520 1 856
72533 1 858
72547 1 235
72548 2 1534
72552 1 1543
72562 1 1024
72570 1 1189
72592 4 955
72617 3 5161
72621 2 656
72628 1 559
72642 1 1456
72649 2 1028
72655 2 792
72675 1 8994
72682 8 1240
72704 1 1029
72707 1 563
72713 1 2218
72719 1 718
72725 2 174
72733 6 1843
72741 3 6306
72746 1 1433
72763 2 1138
72765 1 2690
72769 12 4944
72783 1 1487
72784 1 2240
72785 1 1571
72793 1 4219
72824 1 1931
72825 1 4050
72826 1 1996
72827 3 7031
72828 1 2935
72829 1 4528
72830 1 3747
72831 2 6567
72832 1 3890
72837 1 3948
72838 1 1838
72845 1 2164
72848 1 756
72858 1 1852
72859 1 1218
72862 1 773
72863 1 907
72878 3 4492
72879 3 7089
72888 1 1768
72895 1 1688
72899 4 20275
72906 1 2265
72919 1 5881
72920 6 5462
72921 2 2994
72924 1 1464
72925 1 1459
72936 1 2099
72937 1 2290
72938 3 10696
72945 1 2766
72946 1 1541
72950 1 1854
72952 1 456
72958 1 2627
72960 1 3082
72967 2 602
72973 2 3325
72982 2 5401
72983 1 1336
72999 1 3301
73011 1 4054
73018 2 2302
73019 2 1972
73028 1 1012
73029 1 1248
73068 1 403
73071 1 175
73084 1 2577
73087 1 217
73090 2 2159
73093 5 4058
73100 1 620
73108 2 826
73118 1 631
73119 1 636
73149 1 264
73156 1 324
73160 1 1243
73182 2 1485
73187 1 1091
73207 1 1418
73212 1 2390
73215 1 1228
73224 1 558
73228 1 570
73254 1 2203
73255 1 765
73271 6 1307
73272 2 1024
73274 2 634
73276 2 7711
73316 1 723
73339 2 1168
73350 1 2160
73417 1 3750
73446 1 989
73447 1 1087
73471 1 2068
73485 1 650
73494 1 1046
73495 1 934
73498 3 2553
73503 11 541
73520 1 1589
73535 2 1850
73538 1 926
73540 5 1496
73543 1 640
73550 2 1022
73553 1 657
73555 1 1159
73571 1 3969
73573 2 1075
73574 10 8025
73662 1 870
73669 1 1440
73682 1 135
73737 1 825
73755 1 1019
73762 1 2217
73799 4 6946
73820 2 1771
73844 1 432
73887 1 1505
73888 1 1605
73889 1 2079
73920 2 2452
73932 4 2612
73945 1 10857
73951 1 1097
73963 1 6843
73968 1 1524
73975 1 850
73976 1 844
73977 1 855
73995 1 1205
73996 2 7920
73997 1 10376
74019 1 1060
74023 3 1244
74031 1 970
74039 1 393
74042 1 3503
74045 1 1101
74047 1 590
74048 1 938
74049 1 844
74053 2 2613
74065 2 2514
74092 1 1697
74100 1 947
74107 2 1476
74109 1 680
74112 1 704
74114 1 3421
74117 1 1244
74122 1 1513
74125 1 2057
74136 2 476
74142 2 3188
74152 4 975
74162 1 577
74184 2 1502
74198 1 1315
74203 2 11999
74214 2 1016
74232 1 2451
74279 2 827
74284 1 1107
74355 4 1634
74356 2 1589
74373 1 1982
74378 2 897
74405 1 1483
74415 2 2117
74416 2 1198
74418 1 1264
74435 1 2232
74436 1 5029
74486 1 49
74499 9 2239
74509 1 1437
74531 2 833
74541 4 991
74543 1 5014
74552 2 1233
74572 3 8808
74591 1 3810
74610 1 604
74611 3 1155
74618 2 592
74619 3 1414
74676 1 999
74679 1 1229
74695 1 1627
74706 2 5592
74707 1 4337
74708 1 4408
74719 1 1319
74728 1 3896
74729 3 251
74746 1 5004
74764 1 1349
74765 1 1246
74766 3 6523
74767 3 5811
74774 2 725
74776 1 3788
74780 1 1098
74781 8 912
74785 1 4399
74788 1 1690
74792 3 1680
74801 1 899
74806 3 5040
74809 2 695
74812 1 4167
74813 1 5631
74819 1 295
74822 1 5130
74844 1 1805
74851 1 1682
74874 3 6108
74886 4 3171
74887 1 7880
74897 1 657
74911 1 916
74924 2 1448
74931 2 2115
74936 1 665
75090 1 927
75134 1 4335
75146 1 1593
75147 1 892
75151 2 1586
75158 1 685
75169 5 9895
75202 3 3010
75210 2 3198
75220 2 1738
75222 1 819
75223 1 434
75224 2 534
75226 8 1023
75227 2 960
75243 4 1489
75250 2 1780
75302 1 2125
75307 1 1330
75325 1 1661
75328 2 3938
75331 1 3149
75413 1 720
75420 10 5660
75466 1 256
75478 2 620
75517 1 987
75529 2 8980
75531 1 1582
75534 4 9607
75542 2 716
75546 2 823
75547 1 972
75618 1 419
75625 1 1046
75645 1 1914
75646 4 832
75659 1 744
75673 1 919
75679 1 4574
75705 1 3042
75755 1 955
75766 4 841
75825 1 1663
75834 1 760
75916 2 815
75917 3 1013
75927 1 4496
75928 2 1554
75929 1 522
75938 1 2373
75957 5 385
75960 1 2012
75961 3 1828
75962 1 1323
75968 1 256
75969 1 5873
75998 5 556
76001 2 177
76016 1 1243
76050 3 4066
76099 1 1514
76106 1 4999
76108 2 468
76120 1 1477
76126 1 1145
76132 2 1508
76137 1 2520
76162 2 3412
76199 1 1686
76217 1 3579
76222 1 521
76223 1 1582
76228 1 2247
76237 1 1365
76240 2 808
76245 1 6436
76246 2 6517
76247 2 4782
76248 1 1680
76291 1 677
76293 2 459
76310 4 4929
76338 1 1039
76353 5 3328
76359 1 742
76363 2 673
76368 1 1834
76391 1 1501
76406 1 303
76413 1 1514
76425 2 352
76426 2 720
76427 2 908
76439 2 139
76446 1 1112
76448 6 5583
76449 2 6086
76460 3 6070
76521 2 1643
76522 1 1798
76526 1 4857
76570 3 1218
76572 2 1429
76583 1 1134
76598 2 627
76620 2 460
76621 2 774
76622 2 540
76624 1 953
76628 1 476
76639 3 790
76640 2 1656
76654 1 247
76655 1 2833
76656 2 4057
76670 6 2879
76676 3 6037
76677 3 5739
76681 1 601
76698 1 633
76705 5 513
76719 4 1182
76724 3 1977
76726 1 2339
76734 1 1253
76735 2 1120
76745 1 1068
76755 2 5294
76762 6 7340
76765 1 1053
76767 1 637
76791 3 1042
76794 1 925
76797 1 1960
76842 1 568
76848 1 899
76859 3 1863
76865 3 642
76889 1 1635
76892 4 2271
76898 1 1240
76923 1 1539
76964 2 4663
76989 1 738
77010 5 6732
77019 1 882
77022 2 685
77023 1 2768
77024 1 1122
77030 2 428
77058 1 1110
77073 1 1322
77075 1 2473
77081 2 1905
77091 2 1850
77094 1 2168
77108 1 1362
77118 2 2646
77124 2 3644
77137 1 1799
77139 1 7313
77158 1 1076
77180 1 5716
77183 1 951
77199 3 3580
77202 1 8001
77203 2 4646
77204 2 4647
77207 4 4809
77208 16 4089
77209 25 4122
77210 25 4271
77211 12 3451
77212 11 3474
77213 11 3532
77214 9 3477
77215 12 1900
77216 7 919
77217 4 925
77218 4 916
77219 2 933
77220 3 686
77227 1 2803
77231 1 2551
77236 1 1989
77237 1 1988
77238 1 604
77239 1 604
77240 1 588
77244 2 1326
77246 1 6149
77268 1 629
77299 2 22
77390 1 3306
77438 1 1254
77450 1 5940
77451 6 1266
77455 1 458
77456 5 13066
77466 1 1607
77470 1 2244
77471 1 1687
77472 1 1959
77473 1 3580
77474 2 4717
77487 1 916
77541 1 801
77553 1 3529
77555 8 1911
77556 8 1911
77572 3 1247
77573 1 914
77576 4 4731
77580 6 1337
77582 4 1227
77628 1 540
77632 2 1321
77643 2 644
77655 1 342
77658 1 1463
77676 1 846
77683 1 217
77761 2 495
77788 1 67
77807 2 5880
77815 2 676
77817 1 4230
77829 1 983
77834 3 3498
77869 1 138
77876 1 3309
77877 2 3129
77893 6 2270
77916 1 230
77956 1 423
77957 3 1907
77961 5 8551
77962 1 3614
78012 1 917
78017 1 653
78018 1 779
78029 1 681
78030 8 745
78062 2 3649
78067 1 1940
78073 1 1288
78092 1 1018
78111 1 1861
78115 1 1322
78119 1 1030
78121 1 3206
78125 3 1056
