gorgeou gorgeou 1772 65215343 
50 2 2382
61 1 1005
147 1 3893
231 1 815
238 1 1183
351 1 908
375 9 10166
401 1 750
423 1 1981
559 2 4273
599 1 1086
666 1 452
676 2 640
731 1 259
777 27 11416
889 1 988
893 1 1259
894 1 1314
976 1 863
989 1 1444
1151 1 926
1178 2 1530
1185 1 15836
1391 2 932
1455 1 623
1467 1 576
1470 1 960
1484 1 6578
1520 1 1340
1566 1 3548
1567 1 2163
1632 1 1365
1646 1 1170
1648 1 2206
1704 1 216
1782 1 1433
1816 1 5747
1825 2 2370
2083 1 4561
2097 1 348
2121 1 4211
2142 1 955
2151 1 1771
2169 1 1619
2211 1 1151
2272 2 2226
2274 4 1188
2312 2 58
2367 1 685
2453 1 510
2463 1 3258
2603 1 870
2733 1 1374
2984 1 853
3025 1 642
3103 2 3185
3214 3 1663
3299 1 1600
3302 3 4954
3316 1 1325
3317 1 1223
3344 1 1259
3392 1 677
3537 3 1641
3585 1 522
3890 1 1312
3920 1 519
4004 1 2253
4006 1 990
4016 3 4260
4093 1 511
4110 1 2246
4258 2 2240
4286 1 1188
4293 1 683
4309 1 914
4428 1 2072
4449 1 1837
4470 1 1463
4517 1 1224
4536 1 1087
4604 1 96
4655 6 453
4728 2 1393
4915 1 4855
4916 1 4839
4948 1 3561
5225 1 1789
5268 1 584
5443 1 574
5454 1 6641
5816 1 886
5850 1 537
5857 1 779
5924 1 562
5936 4 3330
5940 1 1549
6019 2 820
6156 1 1167
6160 1 121
6316 1 3790
6359 1 1489
6635 1 592
6646 1 1067
6770 1 141
6900 1 654
6904 1 1029
7045 1 2855
7287 3 4774
7474 1 150
7480 1 134
7491 2 7708
7688 2 1312
7720 1 1667
7772 2 1666
7773 3 7884
7806 2 345
8018 1 576
8072 3 5760
8088 1 338
8089 1 20930
8121 4 891
8129 1 720
8204 8 4600
8228 2 1519
8371 1 1170
8383 1 1991
8430 2 1338
8458 1 770
8471 1 727
8550 2 1456
8896 1 1087
9098 3 774
9099 2 766
9100 2 708
9101 3 680
9103 1 780
9104 1 748
9105 1 694
9118 1 1714
9287 1 1027
9324 1 4421
9339 3 2490
9403 1 3133
9434 1 621
9495 2 1007
9505 14 3959
9551 2 1485
9580 2 1345
9649 1 760
9659 5 10789
9831 1 1501
9840 1 1435
9936 1 2878
9948 1 2209
9986 1 864
10036 6 3455
10054 1 1634
10278 1 2690
10376 1 1058
10377 6 2603
10456 1 2992
10489 2 1420
10594 1 729
10607 3 1225
10670 3 1360
10677 1 1048
10755 1 1298
10796 3 5414
10808 1 6608
10969 1 194
11003 1 636
11124 1 1521
11208 1 2507
11408 1 1192
11411 2 898
11463 2 459
11539 2 1285
11633 1 2246
11688 1 596
11758 1 2000
11879 1 8814
11985 3 2269
12114 1 615
12260 1 746
12338 1 1232
12359 1 1241
12377 1 1151
12420 1 1755
12516 17 409
12586 1 730
12624 1 460
12699 1 1939
12700 5 11926
12712 6 2391
12751 1 5083
12807 1 2985
12907 1 2394
12925 1 2837
12933 4 645
12978 2 883
13126 1 890
13233 1 893
13242 2 2319
13307 1 522
13330 3 640
13332 1 14933
13472 1 2549
13479 1 5487
13480 2 2096
13486 1 7532
13684 2 12301
13705 1 864
13711 6 4824
13803 1 1542
13863 2 3445
13882 2 1352
13896 1 1368
13940 1 1453
14004 1 1323
14068 1 2470
14101 1 130
14212 16 12149
14296 1 607
14373 10 6743
14374 4 3433
14489 1 721
14520 1 7541
14663 1 637
14756 1 3039
14779 1 3250
14887 5 5014
15018 1 243
15029 1 2103
15050 1 1758
15062 1 493
15073 2 2133
15236 1 951
15437 1 624
15471 3 924
15472 4 893
15769 2 157
15944 1 2753
16258 2 7609
16287 1 996
16354 1 986
16475 1 2055
16488 1 817
16491 2 6610
16492 2 3998
16533 1 1331
16534 1 1160
16535 1 994
16591 1 6896
16764 1 258
16832 1 690
16896 1 809
16926 1 1923
16935 5 3050
17027 1 6203
17101 1 544
17141 1 1634
17178 1 4206
17239 1 2179
17555 2 14925
17570 2 5402
17644 1 1115
17755 1 405
17777 1 359
17790 1 2095
17857 2 1045
17873 1 449
17901 1 1052
17964 1 1402
18327 2 1514
18341 2 768
18491 1 287
18514 1 993
18529 1 1805
18560 1 1168
18681 1 1069
18873 1 552
18909 1 300
18951 1 5208
18995 1 1038
18997 1 2415
19026 4 1706
19122 1 823
19124 1 1758
19186 2 6942
19383 1 3259
19511 1 1547
19560 1 8071
19629 1 923
19733 2 1292
19847 1 808
19848 1 939
19957 2 1260
20026 2 1825
20030 2 4962
20136 1 55
20143 1 636
20156 1 303
20200 1 30304
20234 1 1228
20258 3 1250
20259 2 1301
20260 2 1299
20313 1 803
20422 1 12210
20425 1 3934
20568 1 483
20574 1 695
20622 2 1417
20884 1 463
20892 1 1529
20915 1 2042
20916 7 2792
20943 1 769
21082 1 2229
21108 2 767
21114 1 1404
21180 1 1918
21217 1 30
21226 6 2663
21328 1 2276
21371 4 857
21459 1 817
21490 1 4936
21567 1 468
21653 1 1859
21654 1 1605
21712 1 965
21717 1 1108
21758 1 2344
21832 3 2721
21852 1 6758
21866 2 828
21873 1 630
22021 2 824
22053 4 977
22070 1 1420
22079 2 5115
22143 2 2573
22215 1 1991
22216 1 13756
22225 1 665
22413 1 1024
22424 2 626
22426 1 661
22462 1 1151
22487 1 1766
22536 4 3918
22584 1 2300
22592 1 2031
22869 1 1378
22881 1 1554
22923 1 2900
23030 4 1410
23048 1 522
23200 1 132
23211 2 1665
23245 2 424
23289 2 407
23408 2 5715
23497 1 1079
23534 1 830
23558 1 1014
23559 1 2529
23583 1 3023
23637 1 2848
23639 1 562
23685 1 1613
23688 4 2643
23698 1 1290
23714 1 766
23720 2 1499
23795 1 1876
23897 1 606
23914 1 161
24193 1 875
24210 1 1259
24388 1 1686
24506 1 7516
24511 1 755
24559 3 1044
24573 1 2513
24585 1 1914
24722 1 1133
24731 1 1332
24742 2 407
24784 1 1769
24842 1 3916
24896 1 4879
24940 1 318
24985 1 51
25024 1 989
25090 1 6934
25127 1 360
25153 1 3748
25202 1 698
25231 1 2410
25271 1 1229
25310 1 1434
25352 1 661
25432 1 835
25472 1 1286
25478 2 3302
25486 1 302
25779 1 1124
25853 1 1173
26075 1 3348
26106 1 245
26126 1 857
26161 4 14248
26169 1 2105
26384 1 334
26386 1 2024
26541 1 4809
26707 1 536
26779 1 705
26917 1 1554
27041 1 223
27219 1 1024
27222 1 930
27234 6 1266
27256 1 710
27301 2 984
27337 1 917
27396 1 2172
27429 1 658
27482 1 762
27521 1 1461
27547 1 742
27574 2 1312
27737 1 675
27747 1 1674
27853 1 3446
27883 4 4980
28122 1 1430
28207 1 1363
28224 1 744
28225 1 2588
28309 1 847
28414 1 3568
28491 4 4917
28639 1 2821
28676 1 229
28724 1 794
28754 1 629
28773 1 2068
28838 1 3316
28952 1 980
29009 1 1308
29073 1 463
29287 1 1288
29343 4 841
29344 2 853
29366 1 1080
29418 1 3556
29561 1 1008
29571 2 1682
29616 1 1832
29628 1 3312
29873 5 2458
29995 2 198
30218 1 383
30239 2 402
30277 1 1384
30562 6 371
30650 1 994
30747 1 4167
30821 1 1456
30853 1 908
30872 1 2105
30968 1 464
31058 1 3446
31105 1 989
31227 1 927
31229 2 4414
31234 1 2296
31300 1 446
31313 1 795
31337 9 5832
31755 2 1317
31927 1 1875
32150 9 2832
32163 1 634
32164 1 796
32166 1 660
32167 2 825
32168 2 738
32188 1 1300
32193 1 678
32200 1 968
32245 1 444
32329 1 5073
32648 1 612
32694 1 2647
32746 1 2142
32823 1 277
33003 1 409
33019 3 59
33246 1 1782
33264 3 1136
33268 1 3327
33291 3 895
33292 1 813
33377 2 1162
33517 1 1259
33529 1 114
33533 1 385
33607 1 1916
33663 2 5738
33692 1 738
33703 1 18894
33786 1 3235
33875 1 726
33980 1 2963
34069 3 1786
34087 2 3646
34222 2 3470
34286 1 590
34298 2 6813
34300 1 1190
34332 2 758
34425 1 820
34437 1 989
34465 1 5422
34548 1 2298
34583 2 4980
34621 4 898
34673 1 2293
34787 1 510
34832 1 582
34975 1 592
34987 1 1168
35038 1 749
35102 1 168
35160 1 628
35216 1 131
35275 2 424
35387 1 4967
35472 1 1008
35590 1 441
35653 1 775
35683 1 1542
35687 1 909
35766 1 1100
35787 2 681
35840 2 5256
35869 1 979
35957 1 278
36011 1 810
36311 1 2920
36343 1 1778
36394 1 5251
36395 1 5251
36396 1 5251
36462 1 293
36569 1 788
36692 1 1033
36832 1 4358
36837 2 1141
36915 1 866
37040 2 2087
37111 2 873
37213 2 612
37228 1 4061
37437 1 595
37441 1 2218
37472 1 774
37483 1 823
37687 2 753
37694 1 3082
37747 3 4991
37938 1 449
38008 2 1010
38012 1 1140
38094 1 2311
38168 1 976
38174 1 129
38289 1 1007
38309 1 1508
38344 1 1209
38410 1 952
38411 2 2671
38637 1 990
38730 1 754
38778 1 3309
39038 1 1980
39083 2 2721
39084 3 4248
39085 10 4795
39178 1 1298
39245 1 4290
39276 1 3501
39301 2 12335
39306 2 1355
39433 1 1508
39481 1 1302
39559 1 522
39683 1 657
39692 2 1262
39825 1 519
39887 2 2182
39895 1 340
39978 1 30166
39999 2 4187
40001 1 1577
40044 1 1776
40207 1 11
40215 1 861
40438 1 4462
40448 3 3806
40466 1 136
40579 1 4144
40583 1 534
40695 3 8337
40696 2 6423
40732 1 184
40768 1 619
40776 1 239
40936 1 3129
41072 1 1072
41075 1 2253
41103 2 2097
41117 1 1658
41412 1 898
41514 1 389
41540 1 2878
41546 1 918
41675 1 1320
41706 1 683
41726 1 2949
41769 1 1186
41826 1 2287
42030 1 2922
42051 3 2366
42053 1 3174
42106 1 1024
42119 1 4002
42137 1 537
42148 1 3966
42158 1 761
42206 1 560
42366 1 579
42394 1 473
42416 1 1931
42525 1 1213
42567 1 3374
42569 1 3491
42570 1 856
42585 1 2844
42593 1 2229
42629 1 3606
42630 1 2369
42632 1 2515
42653 1 2753
42749 2 214
42767 1 8035
43009 1 2498
43110 1 668
43147 4 797
43230 2 2504
43322 1 1848
43365 1 158
43394 1 406
43421 1 853
43446 1 8554
43486 1 687
43487 1 680
43574 3 1063
43591 2 1736
43728 1 3240
43796 1 5679
43798 1 5617
43837 1 3115
43944 1 514
43945 1 414
43961 1 636
44012 1 2752
44090 1 1267
44184 1 367
44191 1 1020
44362 1 3685
44410 4 768
44421 1 832
44442 1 1179
44478 1 1098
44576 2 489
44707 2 6048
44761 1 2510
45116 2 155
45261 1 7633
45335 1 2586
45408 1 678
45473 1 655
45651 4 148
45704 1 1557
45826 1 8235
45869 1 834
45870 2 639
45871 2 789
45872 2 779
46066 1 1672
46307 1 833
46378 1 6175
46388 1 81863
46538 1 1327
46584 1 460
46663 1 1197
46707 1 1302
46742 1 1316
46804 1 669
46838 1 431
46904 1 698
46961 1 1408
46969 1 1145
47149 1 2044
47177 1 1679
47194 1 2096
47208 1 1552
47343 1 652
47345 1 559
47510 1 889
47790 1 1897
47984 1 2548
48111 1 2300
48202 1 2712
48267 3 4317
48268 6 5058
48269 7 11120
48308 1 1162
48312 1 1292
48452 1 943
48475 1 4416
48527 1 789
48531 1 1863
48619 1 1429
48640 1 425
48673 1 6093
48698 2 5259
48747 2 1809
48751 1 1441
48960 1 2073
48984 1 574
49049 1 1735
49050 1 3091
49051 1 3490
49052 1 3420
49077 1 1137
49147 1 719
49192 1 853
49332 1 1151
49366 7 5125
49681 1 3266
49715 4 599
49769 1 799
49804 1 2520
49833 1 2286
49856 1 476
49968 1 451
50040 7 6696
50097 1 52
50430 6 2601
50464 1 2946
50492 1 3702
50516 1 1225
50578 1 385
50579 1 1575
50610 1 1696
50616 2 843
50678 1 1278
50783 1 2276
50926 1 1001
50978 1 1544
51030 1 2989
51088 1 2484
51105 1 1220
51170 2 643
51206 2 3478
51426 1 3586
51592 1 217
51699 1 1261
51730 1 505
51797 1 962
51862 1 958
51977 1 1239
52026 1 1300
52072 2 2361
52091 1 680
52111 1 3330
52149 2 1612
52345 1 3783
52445 1 482
52450 1 1698
52479 1 407
52480 2 2295
52493 2 2748
52508 1 1279
52557 1 5509
52933 1 581
53041 1 882
53083 1 538
53118 1 1138
53135 1 679
53224 1 1319
53241 1 4057
53262 1 904
53347 1 549
53430 1 48057
53439 1 1098
53513 1 936
53514 1 935
53674 1 1401
53678 1 248
53679 1 1230
53791 3 1482
53837 1 3485
54142 1 2860
54163 1 685
54164 1 594
54171 1 1740
54205 1 1188
54222 2 1066
54495 3 327
54509 1 3235
54558 1 1040
54561 1 393
54691 3 1895
54755 2 51
54893 1 3377
54962 1 2551
54966 1 6126
55054 2 4966
55536 1 49965
55693 1 662
55698 1 730
55703 1 695
55711 1 827
55916 1 1109
55952 4 164
56045 1 1527
56054 1 436
56091 1 485
56194 1 1968
56247 1 967
56511 1 870
56553 1 7598
56566 1 721
56720 1 1269
56723 1 1252
56771 2 2565
56942 1 715
56961 1 7535
57286 1 2048
57469 1 965
57878 1 3882
57904 1 1443
57906 1 1412
57965 2 3015
57997 4 4870
57998 2 863
58211 3 206
58267 1 477
58435 1 1168
58503 1 2202
58724 1 679
58727 1 874
58728 1 827
58729 1 873
58730 1 720
58732 1 869
58733 1 723
58740 1 536
58791 1 462
58909 4 1264
58910 1 544
58936 2 1464
58940 1 4530
59246 1 1035
59304 1 1871
59371 1 317
59522 1 1856
59561 1 4211
59568 1 1774
59569 1 1463
59666 2 1637
59717 3 4807
59868 3 1987
59870 1 1260
59884 1 1934
60088 1 301
60149 1 441
60157 1 3863
60172 1 1266
60179 1 867
60422 1 1453
60457 1 776
60507 1 4075
60575 1 2732
60747 1 1472
60784 1 472
61096 2 990
61131 1 2971
61287 1 2272
61317 3 1385
61331 1 2243
61444 1 1534
61506 2 3406
61516 1 1071
61527 4 2751
61530 1 517
61676 1 1974
61816 1 1916
61889 2 1761
61901 4 684
61917 2 5083
61982 1 995
61983 2 817
62057 1 601
62062 4 6529
62078 1 891
62176 1 3929
62299 1 7136
62321 1 1110
62344 1 1459
62349 1 2237
62369 1 1325
62398 1 242
62537 1 427
62553 2 1227
62773 1 856
62791 2 2675
62906 4 1723
63073 1 6062
63215 1 884
63250 1 923
63324 1 898
63348 1 203
63385 1 486
63438 1 560
63521 2 1186
63580 1 1896
63624 1 411
63693 1 792
63797 1 817
63803 1 2123
63896 1 1174
63972 1 1998
64012 2 1614
64015 1 2612
64021 1 4309
64032 1 1854
64094 1 3694
64295 1 1792
64300 1 656
64311 1 4060
64454 1 1155
64639 1 924
64672 1 561
65033 2 798
65084 1 2317
65099 1 2357
65252 2 383
65371 1 616
65377 1 589
65421 1 3586
65768 1 725
65770 1 665
65771 1 799
65772 1 969
65773 1 635
66010 4 955
66025 1 369
66113 1 1368
66240 1 1526
66255 1 1414
66339 1 169
66388 1 474
66422 1 771
66436 1 1259
66437 1 1259
66559 2 5776
66567 1 1232
66615 2 2064
66722 25 276701
66751 1 11896
66776 3 1404
66832 1 1718
66874 1 2969
66882 1 1598
66995 1 84
67021 2 6450
67189 2 1207
67195 1 6824
67283 1 986
67347 1 1319
67372 1 2781
67451 1 2767
67514 1 1549
67545 1 2013
67573 4 2299
67689 1 7619
67706 1 1416
67744 1 828
67800 1 1378
67866 1 1457
67871 1 1809
67894 1 1091
67934 1 1831
67976 1 545
67981 1 521
67983 1 345
68115 1 3242
68159 3 6709
68192 1 2334
68244 1 359
68276 1 284
68299 1 122
68322 1 1708
68355 1 1716
68445 1 513
68660 1 1533
68766 1 5324
68814 1 360
68823 1 2312
68898 1 907
68925 1 605
68988 2 372
69021 2 861
69325 1 606
69436 1 1123
69504 2 1208
69887 1 3269
69913 1 7379
70257 2 714
70277 1 1393
70279 3 12383
70377 1 5997
70442 1 4263
70449 1 320
70477 1 1011
70570 3 705
70604 2 818
70859 1 617
70861 1 486
70862 1 658
70956 2 734
71196 1 329
71313 1 520
71338 1 2157
71425 2 645
71524 1 1115
71662 1 907
71691 1 1602
71811 1 808
71841 1 570
71887 1 486
71964 1 433
71999 1 874
72000 1 811
72001 1 1171
72083 2 1040
72103 1 497
72168 2 1859
72198 1 2050
72306 1 2081
72387 1 2107
72480 1 585
72505 1 581
72576 1 1282
72613 1 1298
72761 1 1533
72821 1 855
72849 1 2190
72868 1 1891
72899 2 20275
72906 1 2265
72947 2 2310
72948 2 1879
72954 1 1348
72992 5 861
73090 1 2159
73211 1 1314
73221 4 4913
73222 5 3558
73277 3 1345
73336 1 1013
73373 1 5222
73398 1 567
73468 1 779
73478 1 691
73655 2 1423
73709 1 183
73772 2 375
73799 2 6946
73839 2 467
73965 1 226
73997 1 10376
74197 1 1338
74368 1 3668
74386 3 439
74432 1 3303
74438 1 1352
74440 1 1991
74579 1 720
74580 2 557
74591 1 3810
74635 1 2160
74644 1 1841
74730 1 351
74887 2 7880
75105 1 881
75107 1 623
75139 2 424
75149 1 662
75240 1 5462
75248 1 1379
75497 1 1847
75705 1 3042
75781 4 139
75785 1 164
75930 1 4094
76061 1 3128
76096 3 886
76100 1 976
76101 2 1397
76267 1 1564
76328 1 1281
76334 1 963
76344 3 2359
76349 1 2296
76398 1 487
76405 1 5489
76577 1 2515
76585 2 1877
76619 1 316
76690 1 2184
76856 1 1057
76971 1 1429
77108 1 1362
77124 1 3644
77137 1 1799
77207 1 4809
77208 1 4089
77209 1 4122
77210 1 4271
77211 1 3451
77212 1 3474
77213 1 3532
77214 1 3477
77233 4 4265
77265 2 691
77266 2 607
77323 1 33
77371 2 683
77425 1 2873
77446 1 635
77474 1 4717
77760 2 1117
77798 1 451
77800 2 853
77802 2 847
77834 1 3498
77852 1 521
77878 1 3028
77943 1 1110
78123 1 461
