mat mat 1177 65215343 
256 3 8243
270 1 865
271 2 940
428 1 2978
461 1 5431
556 2 3813
668 1 2059
907 1 1133
908 1 1287
909 3 688
952 1 1150
1097 3 953
1367 1 4065
1557 1 79
2122 1 1275
2291 1 797
2434 1 1321
2504 3 5375
2633 1 1505
2738 2 651
2777 2 565
3030 1 997
3207 1 737
3328 1 342
3329 2 677
3330 1 1137
3791 1 6472
4187 2 7906
4336 1 1088
4667 1 3501
4710 1 14020
4752 1 5044
4854 1 1945
4915 1 4855
4916 1 4839
5108 1 1101
5577 1 3747
5621 11 132
6012 1 3069
6094 1 1655
6179 5 1268
6357 1 1830
6590 2 988
6622 1 1147
6641 2 727
7036 2 604
7079 1 4960
7746 1 881
8005 1 667
8204 3 4600
8512 2 673
8577 5 2346
8584 1 802
8592 1 2003
8734 1 646
8745 1 617
8825 1 689
8919 1 1123
8977 2 1848
8978 2 1903
9306 1 1955
9320 2 1505
9467 1 4306
10456 2 2992
10534 2 900
10863 1 442
11042 2 624
11049 2 682
11062 1 1457
11125 1 1227
11126 1 666
11127 2 1514
11128 1 788
11208 2 2507
11279 1 1595
11288 1 9962
11362 1 2542
11474 1 1219
11487 9 651
11488 7 735
11659 3 193
11723 1 593
11746 4 646
12201 1 1165
12211 1 4041
12212 9 1344
12297 1 2001
12434 1 2955
12636 1 2613
12777 2 3961
12814 3 46677
12821 1 1412
13170 2 1024
13200 1 399
13321 24 4863
13618 1 28398
13691 1 2873
13956 3 1073
13957 1 947
14026 1 925
14105 3 9306
14172 1 928
14280 1 2667
14350 6 2898
14462 1 710
14542 1 1154
14666 1 801
14682 1 1418
14727 5 1409
14772 1 1113
15244 1 5618
15470 1 794
15529 1 947
15833 4 1583
15890 2 835
16248 1 761
16388 1 1730
16464 2 3565
16465 2 3291
16817 44 4292
16899 1 1633
17005 1 2314
17122 1 9203
17312 2 1027
17444 1 2110
17667 1 1104
18028 1 1889
18150 1 1485
18580 1 811
18581 1 3194
18624 1 1144
19186 1 6942
19188 1 737
19602 2 900
19674 3 2879
20205 1 890
20308 1 1500
20309 2 603
20397 1 3730
20653 1 6960
20698 1 3736
20699 1 1150
20700 1 2481
20701 6 2408
20702 1 1564
20703 1 3191
21003 1 928
21102 1 3237
21136 2 857
21289 1 3008
21835 2 423
21910 2 1846
21942 1 1543
22215 1 1991
22216 1 13756
22469 1 912
23117 1 279
23408 1 5715
24087 1 919
24093 1 4836
24773 2 1028
24896 1 4879
25035 2 62
25235 1 7935
25267 1 2724
25277 7 1839
25298 2 953
25535 1 1634
25557 1 1837
25862 7 1157
25866 14 1198
26796 1 2116
27315 1 314
27495 1 1622
27872 2 3102
27882 1 918
27961 1 54
28296 1 3859
28302 1 1228
28322 7 1357
28417 1 439
28566 1 474
28630 1 736
28642 1 446
28984 1 728
29149 1 556
29180 1 3520
29436 1 1447
29459 1 647
29482 1 643
29498 1 2955
29557 1 7051
29885 9 464
29888 1 3407
30535 1 976
30573 1 2812
30645 2 2128
30773 1 1925
30804 1 10416
30821 1 1456
30835 1 415
30889 1 725
30971 2 1467
31085 2 2635
31307 3 842
31337 2 5832
31518 1 5634
31736 1 1926
31776 1 512
31850 2 597
32150 3 2832
32198 1 823
32385 1 1964
32496 1 608
32562 15 494
32668 1 833
32769 11 225
32806 7 1111
32986 1 3067
33333 2 6676
33335 1 9267
33570 1 660
33875 1 726
34022 4 1978
34111 1 1079
34429 1 1037
34432 1 512
34491 1 1903
34502 1 586
34537 1 2175
34735 1 399
34878 1 2024
34902 2 514
34963 1 754
35182 15 13213
35435 1 1070
35661 1 405
36130 1 2211
36268 1 1022
36482 1 745
36575 2 603
36878 1 1195
36884 1 1553
37187 1 3415
37285 1 2205
37892 1 5282
37978 12 401
38076 1 1627
38077 30 968
38253 1 1048
38366 1 781
38367 2 2157
38368 1 599
38470 1 774
38542 1 2357
38555 2 946
38589 1 1121
38711 9 2289
38789 1 1489
38792 3 412
38907 1 4305
39014 1 615
39126 2 1601
39142 1 518
39143 1 2279
39175 1 3064
39184 1 1671
39289 6 818
39449 1 3105
39574 4 628
39687 2 517
40004 2 520
40085 1 813
40317 1 2400
40378 3 480
40569 1 1344
40891 2 1470
40975 1 814
41124 1 118
41343 1 559
41348 1 720
41353 1 619
41439 6 2390
41540 3 2878
41887 1 1056
42019 1 6660
42052 11 1735
42221 1 2197
42236 5 1927
42286 1 331
42533 1 653
42557 1 2920
42581 1 2953
42667 1 1132
42747 1 2556
42769 1 8334
42977 6 992
42978 1 571
42996 2 532
43029 3 1012
43088 2 407
43117 1 612
43171 16 553
43446 2 8554
43449 1 357
43456 1 1012
43739 1 1071
43743 1 1070
43830 1 948
44433 14 580
44439 2 2467
44520 1 3794
44542 1 1169
44791 1 1689
44792 1 3157
44925 1 3438
44957 1 10010
45424 2 470
45826 1 8235
46107 2 1152
46527 1 830
46683 1 3045
46691 3 1448
46984 1 764
47253 8 965
47446 1 2943
47476 4 2645
47498 1 3543
47559 1 11224
47565 1 1185
47818 1 1062
47835 1 984
47989 4 750
48094 2 1182
48432 1 747
48656 1 477
48758 2 595
48970 1 2668
48982 1 2668
49046 1 475
49392 1 4953
49417 34 575
49597 1 784
49636 1 915
49731 1 975
49804 9 2520
50012 1 3608
50031 1 1861
50137 1 1039
50138 1 718
50200 1 1454
50202 1 1056
50320 1 1262
50321 1 295
50408 1 3892
50963 4 985
51147 1 3111
51174 1 1037
51462 1 253
51532 2 612
51571 1 1053
51619 1 697
51828 1 2276
51969 1 1165
52006 5 2497
52410 1 1022
52415 1 2114
52484 1 5765
52552 8 1311
52557 3 5509
52616 1 3287
52635 1 3805
52717 1 3076
52813 2 911
52988 1 24350
53225 5 706
53247 2 904
53337 1 3782
53378 1 1601
53404 3 273
53484 2 493
53500 8 760
53596 2 1721
53777 1 3202
53778 1 4519
54181 1 1395
54192 2 426
54349 1 12411
54350 1 8318
54444 1 588
54461 4 377
54490 15 712
54613 1 3856
54614 1 3684
54946 1 617
54950 9 3726
55082 2 985
55502 1 1475
55587 2 651
56523 2 856
56630 2 3641
56955 1 3738
57001 3 7758
57032 2 1178
57216 1 921
57222 4 503
57497 1 857
57544 1 265
58185 1 714
58220 1 2264
58234 2 651
58289 1 366
58717 1 428
58721 1 592
58934 9 2758
59072 1 10092
59310 1 1560
59395 4 1240
59682 1 520
59712 3 4670
59812 1 1458
60187 8 1606
60422 1 1453
60470 1 897
60697 1 1552
60746 2 982
61444 6 1534
61722 1 873
61748 1 239
61786 1 849
62169 5 121
62176 1 3929
62199 4 2963
62201 2 625
62215 1 1984
62301 1 577
62409 1 576
62521 8 1136
62871 2 1931
62911 1 649
62930 1 2244
63167 1 3539
63208 6 1337
63399 2 4652
63411 1 1780
63520 2 1303
63634 1 5269
63969 1 2173
63970 1 4043
64050 1 3580
64051 1 3589
64332 1 523
64408 2 1707
64647 3 7320
64675 2 1128
64881 1 1311
64887 1 678
64889 2 557
65405 1 1056
65652 2 1795
66003 1 1673
66156 1 2338
66231 1 1159
66340 1 1753
66423 1 598
66424 2 726
66425 1 943
66660 1 1633
66751 1 11896
67007 1 413
67143 1 744
67195 1 6824
67410 2 7180
67435 1 836
67462 2 412
67532 1 1159
67671 1 6735
67692 2 1120
67708 1 1247
67758 1 2196
67782 1 1569
67834 1 1534
67900 1 1945
68054 1 542
68217 1 5161
68261 1 1258
68376 1 1833
68393 1 3580
68732 1 3543
68824 1 1068
69086 1 2497
69285 2 1380
69384 2 47
69431 1 3095
69504 2 1208
69530 1 3436
69701 1 1593
69721 2 6125
69928 4 901
70404 1 765
70601 5 2514
71308 1 1324
71330 1 1097
71513 1 1824
71686 2 842
71877 1 7422
72011 1 1094
72079 1 753
72115 1 806
72307 1 3276
72412 1 14176
72416 1 1773
72486 1 355
72592 1 955
72626 1 524
72653 1 508
73008 1 5555
73024 1 727
73032 2 1083
73109 1 1129
73148 1 5628
73150 3 911
73205 1 1376
73417 1 3750
73459 1 499
73543 1 640
73767 1 603
74092 1 1697
74094 2 3820
74175 2 671
74283 1 1036
74284 1 1107
74563 1 923
75090 1 927
75203 1 2977
75262 1 1538
75263 1 1329
75697 2 1062
76175 1 6943
76258 1 935
76263 6 1553
76305 7 1002
76427 1 908
76840 1 630
76899 1 638
76944 1 850
76982 1 663
77016 1 2119
77076 3 3304
77207 1 4809
77884 1 1887
77923 1 42
