hide hide 12356 65215343 
32 2 850
58 1 205
106 1 1472
174 11 979
175 4 818
176 1 535
177 1 1508
178 1 842
179 2 822
180 1 823
181 1 476
182 1 444
183 11 998
240 1 530
247 1 1642
256 1 8243
258 2 56657
270 2 865
301 1 487
331 1 735
332 1 493
333 1 427
334 1 434
335 1 447
336 1 525
337 1 570
413 2 702
414 2 453
415 2 2105
428 2 2978
429 1 3151
430 1 3354
444 1 141
465 40 1411
466 40 1460
485 2 1089
497 2 469
514 1 1954
529 1 6629
564 1 1452
613 1 3927
626 1 1140
683 1 928
689 1 1358
759 1 1985
761 1 831
770 1 944
896 2 338
937 2 467
965 2 2365
966 2 6046
971 1 1729
977 1 36
996 1 3316
1028 1 1298
1029 1 1302
1030 1 598
1060 1 1104
1096 10 3576
1155 1 103
1178 1 1530
1179 1 1708
1185 5 15836
1271 1 415
1308 1 1224
1309 1 1224
1332 1 1453
1337 1 588
1354 1 125
1356 1 108
1371 1 1930
1392 1 970
1393 1 244
1423 1 1158
1426 9 1867
1462 1 1187
1467 1 576
1503 1 915
1516 1 2384
1526 1 828
1528 2 1875
1566 1 3548
1634 1 30082
1635 48 22965
1660 1 639
1661 1 585
1662 1 586
1671 1 402
1767 1 13095
1812 1 1673
1826 5 1011
1892 2 11383
1946 1 1486
1973 3 16948
1988 1 1267
2042 1 934
2083 1 4561
2086 1 3653
2118 2 762
2119 2 883
2155 1 901
2192 1 5833
2193 1 1999
2234 4 629
2245 1 580
2375 1 3907
2382 1 1655
2388 2 1787
2398 1 259
2420 2 2316
2439 3 790
2441 2 7506
2536 1 2222
2632 3 1512
2701 10 899
2702 1 542
2703 1 527
2704 1 427
2705 9 1001
2706 4 581
2707 2 533
2708 11 1441
2709 11 1588
2710 1 462
2711 11 797
2736 2 78
2796 1 400
2925 4 2056
2926 5 1956
2928 1 498
2929 1 497
2930 1 495
2931 1 494
2932 1 482
2933 1 543
2934 1 512
2935 1 529
2936 1 486
2937 1 482
2983 1 722
3006 1 834
3008 1 107
3031 1 1586
3041 3 1558
3053 1 1047
3081 2 635
3082 2 635
3083 2 630
3103 1 3185
3104 1 3172
3105 6 3023
3106 6 3092
3107 1 3008
3108 1 2991
3109 1 3299
3125 1 695
3133 1 4214
3150 2 553
3151 40 1263
3152 40 1444
3176 3 986
3203 1 218
3214 1 1663
3215 1 1641
3219 1 839
3322 1 6038
3450 1 1374
3461 1 2177
3467 1 702
3484 1 1416
3493 1 1047
3579 1 4684
3599 3 11096
3614 1 1689
3708 2 3154
3723 1 73
3727 1 17097
3747 1 1430
3768 1 960
3776 2 1777
3794 1 2141
3883 7 1104
3937 7 2254
3939 1 800
4000 2 6980
4006 1 990
4012 1 330
4145 1 6518
4177 1 506
4220 2 538
4230 1 615
4324 1 469
4348 1 3712
4357 4 687
4417 1 4384
4422 1 2597
4450 1 6385
4452 1 910
4454 1 1950
4455 1 1818
4456 1 1644
4464 15 1473
4473 1 2419
4492 1 2351
4493 1 2130
4511 1 219
4528 1 1567
4529 1 487
4596 1 884
4744 7 6884
4767 1 1552
4809 2 783
4810 2 640
4811 2 894
4836 1 1272
4851 1 233
4864 4 3496
4888 2 1826
4889 1 2095
4905 1 7440
4906 1 8000
4907 1 8001
4908 1 8001
4942 1 1955
4954 8 2921
4961 1 1198
5170 2 2743
5214 1 1588
5225 1 1789
5241 2 1153
5297 1 925
5414 3 667
5415 3 3073
5416 1 925
5469 1 770
5470 11 917
5471 1 540
5472 1 908
5473 11 1107
5474 10 941
5475 1 642
5476 2 525
5477 11 1400
5478 1 526
5479 11 920
5480 2 510
5481 1 510
5482 10 935
5483 1 512
5484 9 921
5578 1 13045
5624 1 450
5789 6 2097
5790 4 2094
5802 1 499
5803 2 1752
5804 1 478
5805 1 477
5806 1 537
5807 1 475
5808 1 501
5809 1 506
5810 1 1753
5811 1 484
5837 1 111
5846 1 467
5847 1 551
5848 1 503
5849 1 759
5850 1 537
5851 1 560
5852 1 460
5853 1 668
5854 1 651
5855 1 1038
5865 1 1706
5874 1 787
5882 1 754
5891 1 283
5894 1 4730
5926 2 891
5981 2 661
5982 2 1168
5983 2 798
5984 2 638
6010 1 3182
6011 1 3214
6012 1 3069
6013 1 2929
6014 1 3067
6015 1 3323
6044 1 2681
6065 40 1429
6066 40 1297
6067 40 1302
6087 1 1469
6123 1 1295
6151 2 6692
6180 3 5070
6182 2 6597
6296 1 3125
6297 2 3321
6298 1 3012
6299 1 3048
6300 1 3029
6301 1 2972
6302 1 2959
6303 1 2969
6304 1 3270
6305 1 2963
6306 2 3001
6316 1 3790
6317 1 615
6323 40 1322
6324 40 1468
6325 40 1310
6326 40 1295
6337 1 3747
6454 1 2665
6459 2 912
6464 1 158
6465 1 158
6466 1 158
6467 1 158
6468 1 158
6469 1 158
6470 1 158
6471 1 203
6472 1 158
6473 1 158
6474 1 158
6475 1 158
6476 1 158
6477 1 158
6478 1 158
6479 1 194
6480 1 158
6481 1 158
6482 1 160
6483 1 170
6484 1 163
6485 1 162
6486 1 167
6487 1 158
6488 1 158
6489 1 158
6490 1 161
6491 1 162
6492 1 177
6493 1 158
6494 1 160
6495 1 158
6496 1 158
6497 1 162
6498 1 158
6499 1 162
6500 1 158
6501 1 165
6502 1 158
6503 1 162
6504 1 158
6505 1 158
6506 1 158
6507 1 162
6508 1 158
6509 1 159
6510 1 158
6511 1 175
6512 1 161
6513 1 158
6514 1 158
6515 1 147
6516 1 158
6517 1 155
6518 1 158
6519 1 171
6520 1 158
6521 1 162
6522 1 158
6523 1 153
6524 1 162
6578 3 2792
6595 2 882
6900 1 654
6925 1 152
6944 1 1564
6948 2 368
7002 2 6389
7040 1 1018
7075 1 507
7092 2 854
7232 1 1068
7483 1 416
7488 2 1408
7550 2 689
7580 3 9484
7647 2 1890
7688 1 1312
7689 2 764
7691 4 8794
7706 1 3286
7723 1 4731
7727 1 2490
7759 1 227
7769 1 958
8085 1 2815
8106 1 4128
8112 1 1014
8122 2 5509
8151 1 332
8162 1 957
8203 4 3715
8204 1 4600
8222 1 290
8274 2 896
8275 2 693
8276 2 670
8297 1 12133
8303 3 427
8311 1 4367
8403 1 2102
8408 1 5505
8409 1 3217
8438 1 2090
8442 1 1911
8450 2 1198
8451 1 826
8466 2 2863
8500 1 4697
8502 1 859
8509 1 551
8556 3 106
8650 1 9126
8716 1 843
8759 1 2291
8813 1 601
8880 11 859
8881 1 491
8882 11 1066
8883 11 928
8884 11 1640
8885 11 1388
8886 11 1109
8887 11 922
8888 1 487
9005 2 45220
9006 2 34059
9010 2 712
9018 2 2158
9071 12 6637
9072 1 185
9087 1 730
9088 1 598
9089 1 732
9090 1 695
9091 1 453
9092 1 495
9093 1 607
9094 1 614
9095 1 529
9124 1 950
9176 1 1666
9203 1 3221
9204 2 3049
9205 1 2860
9206 1 3079
9237 2 1379
9277 40 1358
9278 40 1364
9279 40 1500
9280 40 1381
9281 40 1465
9282 40 1511
9283 40 1422
9291 1 1056
9309 1 998
9317 1 2510
9419 1 1689
9429 1 1004
9451 3 988
9486 1 3118
9548 7 3267
9621 1 1647
9628 5 7931
9645 1 555
9676 1 994
9724 1 1634
9754 1 636
9806 2 6009
9858 1 1188
9950 2 201
9954 1 3197
10042 2 782
10043 2 825
10067 1 2395
10069 1 906
10101 1 12486
10251 1 1893
10257 1 639
10258 1 756
10298 1 2030
10306 1 2363
10338 1 1672
10344 1 2552
10362 1 331
10363 2 907
10393 1 2415
10422 3 2187
10427 6 2746
10428 6 665
10429 3 666
10430 5 713
10431 1 438
10446 1 132
10469 1 313
10495 1 1223
10539 5 1985
10540 5 2092
10541 2 1007
10542 2 3137
10548 1 488
10549 1 594
10550 1 503
10551 1 463
10552 1 479
10553 1 475
10554 1 486
10555 1 610
10556 1 483
10557 1 548
10558 1 489
10559 1 503
10560 1 518
10561 1 494
10562 1 509
10563 1 497
10564 1 504
10565 1 1750
10566 1 493
10568 2 3196
10572 1 1089
10612 1 1376
10617 2 1222
10652 2 3224
10653 3 3190
10654 1 3128
10655 2 2947
10656 1 3117
10668 1 2803
10706 1 1237
10763 1 2030
10808 1 6608
10819 1 158
10820 1 158
10821 1 158
10822 1 182
10823 1 158
10824 1 159
10825 1 158
10826 1 165
10827 1 176
10828 1 173
10829 1 158
10830 1 162
10831 1 158
10832 1 162
10833 1 162
10834 1 155
10835 1 158
10836 1 158
10838 1 27
10980 1 213
10988 1 547
10990 1 580
11002 1 118
11035 3 1021
11080 1 852
11108 1 854
11118 1 450
11131 1 4066
11157 1 340
11209 2 1032
11210 2 381
11211 2 368
11212 2 416
11213 2 426
11248 1 11766
11283 7 881
11285 1 806
11303 1 1172
11307 1 157
11308 1 158
11309 1 158
11310 1 158
11311 1 158
11312 1 158
11313 1 182
11314 1 158
11315 1 162
11316 1 162
11317 1 165
11318 1 158
11319 1 158
11320 1 157
11321 1 172
11322 1 161
11323 1 158
11324 1 187
11325 1 158
11326 1 153
11327 1 162
11328 1 158
11329 1 158
11330 1 162
11331 1 185
11332 1 156
11333 1 160
11334 1 158
11335 1 158
11336 1 158
11337 1 160
11338 1 167
11339 1 155
11340 1 162
11341 1 158
11342 1 158
11343 1 158
11344 1 159
11345 1 166
11346 1 162
11347 1 163
11348 1 158
11349 1 195
11350 1 151
11351 1 158
11352 1 158
11353 1 158
11354 1 172
11355 1 158
11356 1 158
11357 1 158
11358 1 158
11359 1 179
11360 1 174
11361 1 155
11369 1 3826
11382 1 1292
11392 1 231
11397 1 2289
11735 17 1078
12044 1 319
12076 1 130
12106 1 423
12125 1 577
12128 2 444
12156 1 13898
12165 1 1159
12171 5 5724
12172 1 1109
12185 1 1349
12208 1 853
12236 1 1669
12244 1 393
12247 1 2230
12253 1 928
12257 1 3211
12288 2 350
12297 1 2001
12327 1 728
12359 1 1241
12365 12 8585
12587 1 1250
12617 1 1750
12622 1 2177
12628 1 1841
12629 1 2039
12647 1 4896
12673 1 6656
12693 1 5024
12713 1 189
12714 1 219
12738 1 1150
12740 1 1789
12766 1 1423
12771 6 2032
12848 1 124
12953 1 1027
12975 2 2649
12979 1 1831
12984 1 307
13023 1 195
13024 1 131
13051 2 662
13122 2 8864
13212 1 3298
13226 1 4464
13282 1 1430
13290 1 1648
13313 1 1497
13316 2 991
13332 2 14933
13475 2 2437
13486 1 7532
13512 12 349
13518 1 16194
13566 1 649
13583 2 632
13584 2 679
13585 2 678
13609 2 1456
13611 4 765
13691 1 2873
13861 1 3305
13871 2 6056
13872 1 380
13936 1 3277
13959 1 135
14004 1 1323
14006 1 1552
14035 1 498
14036 1 576
14037 1 456
14038 1 481
14039 1 487
14040 6 1390
14041 7 750
14042 2 1826
14045 1 861
14051 1 864
14084 1 332
14105 1 9306
14128 1 489
14129 1 503
14130 1 482
14131 1 508
14132 1 520
14133 1 515
14134 1 488
14223 2 1023
14253 2 658
14254 2 458
14255 2 455
14271 1 2963
14272 1 3020
14273 1 2924
14274 1 2909
14322 2 612
14341 1 610
14487 1 25
14506 1 1097
14507 1 776
14555 2 2701
14631 2 2325
14642 1 362
14670 2 573
14671 2 784
14672 2 826
14692 1 3976
14714 1 5738
14723 1 4899
14756 1 3039
14763 1 1468
14820 3 4854
14833 1 7321
14857 4 656
14858 2 3107
14867 1 1170
14878 1 3248
14890 1 1376
14981 1 1286
14986 1 914
15088 2 1087
15185 1 1316
15197 2 546
15222 1 468
15223 8 762
15224 11 1573
15225 11 828
15226 1 688
15227 8 771
15228 1 540
15229 3 552
15230 11 886
15231 1 478
15232 1 523
15233 11 881
15234 11 863
15235 1 561
15293 1 5587
15418 4 2104
15419 1 534
15424 1 503
15427 1 502
15428 1 503
15429 1 502
15430 1 482
15431 1 497
15432 1 1871
15433 1 484
15434 1 481
15435 1 508
15436 1 542
15463 1 500
15464 1 649
15465 1 496
15466 1 531
15467 1 555
15500 1 1215
15517 2 2551
15551 2 613
15552 2 604
15568 1 3032
15569 1 3119
15570 1 2982
15571 1 3116
15572 1 3411
15573 1 2920
15574 1 3007
15575 1 3094
15576 1 2773
15606 40 1406
15607 40 1413
15608 40 1419
15622 1 556
15673 1 886
15742 1 2329
15743 1 2329
15744 1 2328
15763 1 186
15764 1 158
15765 1 161
15766 1 158
15767 1 158
15768 1 173
15769 1 157
15770 1 166
15771 1 158
15772 1 157
15773 1 162
15774 1 158
15775 1 177
15776 1 167
15777 1 177
15778 1 178
15779 1 163
15780 1 158
15781 1 162
15782 1 158
15783 1 173
15784 1 189
15785 1 167
15786 1 157
15789 1 162
15790 1 155
15791 1 169
15792 1 158
15793 1 158
15794 1 163
15795 1 158
15796 1 162
15797 1 164
15798 1 158
15799 1 158
15800 1 163
15801 1 153
15802 1 158
15803 1 162
15804 1 158
15805 1 166
15806 1 165
15865 1 1031
15906 1 679
15936 1 933
16040 1 827
16044 1 3747
16187 1 1638
16257 3 6019
16273 1 1466
16294 1 2089
16300 1 894
16333 2 1016
16341 1 9421
16353 1 1250
16376 1 1139
16414 1 524
16442 3 1557
16453 15 3149
16480 1 1705
16489 1 4179
16495 1 667
16496 3 5161
16499 1 1594
16501 2 1040
16589 1 3703
16591 1 6896
16635 3 7678
16668 1 260
16717 1 1216
16718 2 1664
16775 1 36
16776 2 539
16780 1 2693
16811 1 110
16812 1 102
16818 1 10022
16843 1 15992
16845 1 8711
16851 1 376
16857 1 2221
16858 1 2375
16859 1 2243
16860 1 2032
16861 1 2164
16862 1 2184
16863 1 2074
16864 1 2089
16865 1 1183
16915 2 1177
16943 1 10757
16948 1 966
16952 1 7998
17044 2 902
17060 2 2388
17064 1 763
17067 1 433
17078 1 783
17121 1 6700
17159 1 1453
17170 1 1231
17189 2 5992
17314 1 63
17351 2 4853
17361 1 1897
17454 2 2094
17458 4 10296
17551 12 349
17555 3 14925
17594 2 509
17599 1 4342
17642 1 966
17643 1 999
17647 1 1549
17658 3 2113
17679 1 1875
17680 1 1913
17681 2 2190
17716 1 2066
17719 1 837
17730 1 4474
17767 4 10423
17806 2 868
17818 1 4410
17829 11 1062
17830 1 1229
17831 1 468
17832 1 594
17876 1 1647
17923 1 1095
17933 1 187
17953 2 4826
17985 1 853
18010 2 776
18011 2 552
18012 2 573
18013 2 706
18031 2 2951
18032 1 3246
18033 1 3046
18034 1 3151
18035 1 2957
18036 2 3329
18037 1 3117
18038 1 3203
18116 1 867
18158 1 1200
18211 1 690
18225 1 843
18226 1 1550
18229 1 158
18230 1 162
18231 1 158
18232 1 175
18233 1 163
18234 1 181
18235 1 158
18236 1 192
18237 1 158
18238 1 167
18239 1 158
18240 1 158
18241 1 208
18242 1 162
18243 1 158
18244 1 179
18245 1 165
18246 1 158
18247 1 163
18248 1 162
18249 1 158
18250 1 162
18251 1 158
18252 1 158
18253 1 158
18254 1 187
18255 1 158
18256 1 158
18257 1 162
18258 1 186
18288 1 4353
18299 1 734
18361 1 780
18416 1 1500
18435 10 1115
18445 1 282
18452 2 771
18597 1 6498
18685 2 4688
18694 1 1433
18713 1 1412
18719 1 2396
18759 1 2997
18781 1 1692
18797 7 3696
18798 7 4126
18808 7 1566
18809 1 380
18810 1 344
18811 3 435
18840 1 4890
18965 2 20789
18986 1 508
19042 1 3327
19049 1 3228
19095 1 4478
19111 4 4980
19134 1 232
19186 1 6942
19311 1 537
19405 1 1541
19457 1 170
19458 1 175
19495 3 3545
19512 1 3132
19559 1 6375
19623 1 390
19681 1 10198
19703 1 570
19757 1 26
19782 1 898
19849 2 684
19850 2 581
19878 1 1514
19883 2 5667
19885 1 1727
19893 10 6194
19899 3 6214
19931 1 425
19933 1 1797
19961 1 2081
19968 3 486
19974 1 1575
19983 1 2232
19999 1 1543
20002 1 2451
20025 1 616
20154 1 3393
20252 1 3211
20326 4 597
20327 1 477
20328 11 1034
20329 1 510
20330 3 636
20331 8 794
20332 11 945
20333 1 744
20334 1 581
20335 11 1141
20336 11 1076
20337 1 916
20338 11 2253
20339 11 1011
20340 11 946
20341 11 1048
20342 3 559
20343 6 714
20344 11 863
20345 5 639
20346 1 478
20347 1 444
20348 11 1240
20349 11 1728
20350 11 1183
20351 1 486
20352 1 487
20353 3 551
20354 11 959
20355 6 911
20356 11 1129
20357 6 1306
20358 1 503
20359 6 686
20360 11 873
20361 6 708
20362 5 676
20363 11 915
20364 1 510
20365 1 1261
20366 3 553
20367 1 484
20368 2 512
20436 5 1915
20437 5 1969
20554 1 524
20555 1 492
20568 1 483
20569 1 685
20570 1 552
20571 1 457
20605 1 597
20627 1 374
20677 1 8655
20700 1 2481
20708 1 24696
20718 1 1829
20746 1 2626
20808 1 1960
20811 1 4558
20833 4 5441
20904 1 4287
20930 1 1211
21006 1 1452
21046 2 10160
21083 1 2413
21112 1 1220
21113 1 1247
21114 2 1404
21145 1 879
21154 3 897
21178 1 36
21222 1 483
21226 1 2663
21318 3 7108
21324 1 1830
21336 1 4593
21345 1 2751
21365 1 441
21366 1 643
21367 1 475
21368 1 756
21402 2 375
21432 2 1603
21456 1 1779
21484 1 1764
21499 1 696
21542 1 37742
21608 1 4754
21662 1 3618
21732 1 1004
21823 1 100
21827 2 301
21869 1 830
21919 2 642
21920 2 903
21921 2 762
21926 1 145
21955 1 2133
21972 1 2236
21973 1 1276
21978 4 498
21983 8 8628
21989 1 2096
21990 1 1578
21991 1 1915
21992 1 1844
21993 1 2572
21994 1 1872
21995 2 2336
21996 1 2579
21997 1 2196
21998 1 2024
22011 1 1160
22092 1 8456
22161 1 6376
22195 4 752
22385 1 506
22386 1 494
22387 1 487
22388 1 438
22389 1 482
22390 1 493
22391 1 485
22392 1 529
22394 1 489
22413 1 1024
22417 1 571
22418 1 555
22419 1 748
22420 1 508
22421 1 613
22422 1 583
22469 2 912
22501 2 554
22502 2 644
22505 1 899
22506 2 476
22507 2 857
22523 1 3123
22524 1 3107
22525 1 3022
22526 1 2933
22527 2 2945
22528 2 3156
22555 40 1437
22556 40 1484
22557 40 1305
22558 40 1404
22559 40 1297
22560 4 606
22561 40 1310
22562 40 1380
22563 40 1334
22564 40 1455
22565 6 484
22566 40 1385
22567 40 1443
22605 1 1238
22607 1 1086
22610 1 1706
22613 1 260
22787 1 158
22788 1 169
22789 1 147
22790 1 158
22791 1 162
22792 1 158
22793 1 164
22794 1 159
22795 1 169
22796 1 167
22797 1 177
22798 1 158
22799 1 158
22800 1 158
22801 1 187
22802 1 158
22803 1 158
22804 1 158
22805 1 162
22806 1 193
22807 1 164
22808 1 158
22809 1 155
22810 1 162
22811 1 158
22812 1 158
22813 1 160
22814 1 165
22815 1 158
22816 1 162
22817 1 175
22818 1 158
22819 1 178
22820 1 158
22821 1 173
22822 1 177
22823 1 161
22824 1 158
22825 1 158
22826 1 147
22828 1 158
22829 1 160
22830 1 158
22831 1 158
22832 1 158
22833 1 169
22834 1 158
22835 1 163
22836 1 156
22837 1 158
22838 1 158
22839 1 158
22840 1 181
22841 1 169
22842 1 162
22843 1 194
22844 1 158
22845 1 158
22846 1 147
22847 1 158
22848 1 157
22849 1 158
22850 1 158
22851 1 162
22852 1 158
22853 1 158
22854 1 158
22855 1 158
22856 1 158
22857 1 185
22858 1 147
22859 1 158
22860 1 160
22861 1 158
22862 1 155
22863 1 175
22876 1 979
22999 1 1517
23034 1 1221
23055 1 1418
23064 2 7447
23364 1 2776
23413 1 1692
23453 1 1593
23462 1 242
23469 2 500
23640 1 1222
23670 1 36
23671 1 7612
23682 1 101
23747 6 2274
23769 1 1738
23773 1 278
23787 1 804
24001 2 349
24104 2 387
24105 1 569
24125 1 670
24127 1 1281
24169 1 2066
24204 1 780
24251 1 1677
24255 1 3586
24259 2 644
24272 1 3323
24299 1 1073
24439 1 1008
24488 1 1218
24494 1 825
24514 1 13551
24540 2 4575
24580 1 1272
24603 40 14723
24616 1 6643
24694 1 343
24747 1 5509
24750 1 6415
24753 5 951
24779 1 283
24784 1 1769
24797 2 556
24798 2 824
24799 2 754
24842 1 3916
24861 5 4547
24865 1 2318
24866 1 1558
24884 1 7321
24885 1 7349
24915 4 652
25010 1 984
25150 1 1598
25160 3 3316
25243 1 3615
25267 1 2724
25285 2 506
25286 1 470
25287 7 698
25288 2 519
25289 1 618
25290 6 1547
25291 3 551
25292 5 654
25293 1 562
25294 11 1378
25295 2 513
25296 2 566
25297 1 501
25298 6 953
25299 1 454
25354 1 496
25355 1 501
25356 1 491
25357 1 1736
25358 1 484
25359 1 498
25360 1 481
25361 1 496
25362 1 490
25383 1 440
25384 1 440
25385 1 411
25386 1 569
25387 1 418
25439 1 655
25461 2 602
25462 2 557
25474 1 3568
25475 1 3015
25476 1 3033
25477 1 3314
25478 1 3302
25479 1 3085
25492 1 3700
25503 40 1229
25504 40 1376
25505 40 1316
25513 1 844
25547 1 3685
25603 2 852
25605 1 2072
25628 1 170
25629 1 193
25630 1 179
25631 1 162
25632 1 162
25633 1 158
25634 1 162
25635 1 158
25636 1 163
25637 1 162
25638 1 158
25639 1 158
25640 1 158
25641 1 158
25642 1 162
25643 1 162
25644 1 158
25645 1 158
25646 1 158
25647 1 158
25648 1 158
25649 1 159
25650 1 162
25652 1 158
25656 2 4885
25712 1 2401
25771 1 2483
25777 1 2790
25805 1 248
25895 2 1814
25948 1 158
25971 1 1539
26018 1 478
26057 2 399
26061 1 36
26097 1 1412
26108 1 1030
26159 2 636
26164 2 1169
26165 2 1178
26166 2 1178
26171 1 454
26184 5 685
26186 1 261
26242 1 1535
26253 1 525
26323 1 1258
26382 1 3521
26439 1 1615
26446 1 570
26502 1 3975
26589 1 437
26606 2 1164
26620 3 454
26697 1 28
26701 1 827
26733 3 381
26756 1 2627
26766 1 1561
26789 2 740
26790 2 749
26803 2 810
26817 1 1868
26821 1 4111
26833 4 804
26837 1 978
26852 1 834
26856 1 1093
26869 1 833
26870 1 3124
26875 1 1875
26923 1 1173
26942 1 485
26978 1 1136
27122 1 1117
27135 1 1071
27159 1 912
27168 2 1413
27197 1 1655
27225 2 597
27228 2 952
27229 2 598
27230 2 591
27231 2 1168
27232 2 568
27233 2 665
27234 5 1266
27258 1 1835
27326 1 916
27344 2 2977
27385 1 728
27394 1 1701
27435 1 104
27474 1 1604
27502 1 560
27513 1 185
27601 3 1888
27613 5 3476
27688 1 26
27707 12 3748
27750 2 735
27751 2 779
27752 2 828
27827 1 2297
27831 1 1261
27853 1 3446
28001 1 886
28032 1 1700
28037 1 487
28091 1 2614
28119 1 777
28129 1 1062
28238 1 1334
28239 1 459
28240 11 1341
28241 1 517
28242 11 871
28243 6 1304
28244 11 832
28245 1 494
28246 11 1258
28247 10 771
28248 11 849
28267 1 638
28333 1 485
28349 3 788
28414 2 3568
28416 1 1057
28698 1 2256
28709 1 590
28735 1 205
28772 2 1602
28792 1 623
28803 2 805
28805 2 1621
28807 1 876
28826 1 2041
28881 1 2326
29016 8 740
29017 1 475
29018 1 508
29019 10 867
29020 8 1013
29021 11 1122
29022 1 507
29023 11 904
29024 1 479
29025 1 564
29026 1 900
29027 5 713
29028 11 1337
29029 11 981
29030 11 954
29031 11 1192
29032 1 499
29033 6 1701
29044 48 22965
29081 3 1817
29176 2 724
29290 1 505
29291 1 488
29292 1 522
29293 1 506
29294 1 499
29295 1 1818
29296 1 762
29297 1 470
29298 1 503
29299 1 1683
29300 1 439
29301 1 485
29302 1 486
29332 1 593
29333 1 512
29334 1 517
29335 1 478
29336 1 554
29337 1 536
29338 1 462
29339 1 448
29340 1 506
29349 1 2088
29387 1 2788
29397 1 885
29416 2 1065
29418 1 3556
29422 1 461
29466 2 545
29467 2 618
29473 2 473
29474 2 546
29481 2 1307
29491 6 3124
29492 1 3204
29493 1 3306
29494 1 3066
29495 1 3137
29496 2 2933
29497 1 2942
29498 1 2955
29519 1 8686
29546 40 1287
29547 40 1675
29548 40 1483
29549 41 1282
29646 2 1067
29689 2 852
29694 2 1689
29730 1 175
29731 1 158
29732 1 165
29733 1 166
29734 1 158
29735 1 147
29736 1 177
29737 1 158
29738 1 155
29739 1 158
29740 1 158
29741 1 165
29742 1 175
29743 1 158
29744 1 158
29745 1 167
29746 1 158
29747 1 155
29748 1 158
29749 1 162
29750 1 158
29751 1 158
29752 1 160
29753 1 158
29754 1 162
29755 1 158
29756 1 158
29757 1 158
29758 1 155
29759 1 158
29760 1 158
29761 1 161
29762 1 185
29763 1 158
29764 1 158
29765 1 162
29766 1 164
29767 1 162
29768 1 162
29769 1 158
29770 1 158
29771 1 162
29772 1 158
29773 1 158
29774 1 158
29775 1 162
29776 1 158
29777 1 175
29778 1 161
29779 1 153
29780 1 158
29781 1 170
29787 1 430
29802 2 4831
29817 1 2179
29821 1 906
29823 1 2631
29825 1 3891
29826 2 625
29854 1 819
29878 1 1144
29965 1 763
29991 1 10803
30026 1 402
30043 10 1000
30056 40 1299
30057 40 1443
30058 40 1382
30114 1 162
30115 1 162
30116 1 179
30117 1 159
30118 1 158
30119 1 158
30120 1 158
30121 1 159
30122 1 158
30123 1 162
30124 1 158
30125 1 161
30126 1 173
30137 1 5022
30196 2 385
30285 1 1934
30345 1 764
30384 1 181
30516 4 781
30538 1 730
30552 1 4502
30554 2 3073
30590 2 568
30606 1 2666
30635 1 2140
30645 1 2128
30727 1 1425
30868 1 2055
30875 1 1543
30917 1 514
30999 2 1474
31017 1 781
31018 1 462
31019 1 518
31020 4 616
31058 1 3446
31085 1 2635
31155 5 2064
31188 1 556
31189 1 486
31190 1 482
31191 1 505
31192 2 1700
31193 1 486
31194 1 545
31218 1 477
31219 1 563
31220 1 691
31221 1 506
31222 1 644
31241 1 487
31268 2 797
31269 2 1094
31303 2 564
31304 2 553
31305 2 613
31310 2 475
31320 1 2381
31327 1 3711
31328 2 3214
31329 1 3009
31330 1 2751
31331 1 2964
31332 1 3032
31379 1 410
31381 2 766
31382 40 1446
31383 40 1325
31384 40 1334
31406 7 3326
31441 1 1845
31451 14 346
31521 1 3875
31522 1 1047
31523 1 162
31524 1 158
31525 1 158
31526 1 172
31527 1 179
31528 1 155
31529 1 171
31530 1 161
31531 1 158
31532 1 158
31533 1 170
31534 1 155
31535 1 158
31536 1 158
31537 1 158
31538 1 159
31539 1 158
31546 2 3809
31606 1 2118
31612 1 724
31744 2 7219
31825 1 3867
31841 1 1522
31875 1 270
31888 11 901
31889 2 531
31890 11 1127
31891 1 499
31892 2 557
31893 6 981
31894 8 1015
31895 1 538
31896 11 932
31897 11 819
31898 11 1326
31899 6 686
31900 11 995
31901 1 567
31902 11 1912
31903 11 914
31904 1 514
31905 11 943
31906 11 890
31907 11 1007
31908 1 476
31909 1 456
31910 1 475
31911 1 620
31912 1 574
31913 1 1930
31914 11 906
31989 1 930
32000 1 746
32046 5 2058
32047 5 2055
32123 18 9539
32126 1 495
32127 1 454
32128 1 515
32129 1 507
32130 1 484
32131 1 482
32148 1 2042
32151 1 632
32152 1 521
32153 1 470
32154 1 633
32155 1 545
32156 1 723
32157 1 586
32158 1 832
32169 6 795
32192 1 945
32255 2 550
32256 2 541
32257 2 557
32266 2 849
32286 1 3201
32287 1 3033
32288 2 3260
32289 1 2992
32290 1 3009
32291 1 3102
32292 1 3278
32293 2 3048
32294 1 3074
32295 1 3206
32296 1 2955
32297 1 3273
32298 2 3261
32299 2 3515
32300 1 3026
32301 1 3186
32302 2 3115
32303 1 2974
32304 1 2871
32314 2 2456
32343 1 868
32348 40 1430
32349 40 1351
32350 40 1382
32351 40 1416
32352 40 1388
32353 40 1385
32354 40 1471
32355 40 1418
32356 41 1306
32357 40 1452
32471 1 2840
32491 2 6991
32501 1 159
32502 1 167
32503 1 184
32504 1 158
32505 1 158
32506 1 158
32507 1 164
32508 1 158
32509 1 147
32510 1 179
32511 1 147
32512 1 169
32513 1 171
32514 1 175
32515 1 158
32516 1 157
32517 1 195
32518 1 158
32519 1 158
32520 1 158
32521 1 159
32522 1 177
32523 1 159
32524 1 161
32525 1 158
32526 1 158
32527 1 158
32528 1 183
32529 1 158
32530 1 175
32531 1 162
32532 1 158
32533 1 158
32534 1 162
32535 1 169
32536 1 158
32537 1 162
32538 1 158
32539 1 158
32540 1 158
32541 1 190
32542 1 158
32543 1 166
32544 1 158
32545 1 158
32546 1 158
32547 1 158
32574 1 2622
32608 1 1910
32697 1 304
32743 1 1903
32752 2 2880
32788 1 693
32869 1 784
32878 1 330
33056 1 512
33058 1 396
33080 2 2203
33085 2 412
33092 1 36
33141 1 1413
33151 1 2303
33155 1 1026
33240 1 9576
33268 1 3327
33294 1 1429
33325 1 657
33409 1 1260
33414 2 677
33448 1 421
33497 1 364
33582 1 1466
33591 2 417
33592 2 385
33617 1 557
33632 2 358
33646 1 1788
33647 1 1671
33662 2 1270
33678 1 718
33703 1 18894
33766 1 1101
33790 1 567
33804 12 6411
33859 1 7228
33961 1 181
33987 1 4548
34037 2 3652
34039 1 23394
34052 1 11789
34086 2 3765
34100 1 837
34141 1 1487
34272 1 1076
34287 1 2048
34291 1 1443
34340 1 27
34348 2 483
34429 2 1037
34444 2 585
34454 1 1630
34465 2 5422
34525 1 1736
34526 1 2380
34569 1 121
34578 1 2374
34661 134 22673
34710 3 787
34716 1 900
34752 1 1744
34863 1 280
34889 3 478
34890 1 1453
34891 2 519
34901 3 18201
34920 1 1576
34925 2 617
35017 33 17687
35041 1 7162
35156 2 673
35160 1 628
35162 1 1127
35200 2 236
35260 1 157
35261 1 465
35291 1 402
35348 2 408
35370 1 1313
35385 1 1452
35396 1 1669
35398 1 4556
35424 1 550
35435 1 1070
35473 2 432
35568 1 567
35592 1 826
35645 4 3206
35743 1 4461
35747 1 219
35855 1 820
35861 3 10960
35992 1 423
36044 6 581
36081 1 2438
36145 1 670
36169 12 349
36172 1 23
36175 1 1254
36178 2 4277
36250 2 546
36251 2 598
36312 1 1698
36364 1 2554
36385 1 928
36397 2 8678
36398 2 8678
36402 1 2671
36456 1 1042
36568 2 358
36678 1 653
36681 1 2010
36693 2 371
36694 2 419
36742 1 1373
36778 1 759
36788 1 1941
36903 1 807
36915 1 866
37053 1 2470
37057 4 5130
37070 1 2552
37081 1 183
37091 1 1834
37095 1 1446
37112 1 185
37172 1 2396
37177 1 10680
37216 1 1659
37228 1 4061
37334 2 317
37404 3 83
37419 1 13883
37425 1 4184
37465 1 519
37491 1 27
37578 2 945
37579 2 4434
37580 2 695
37598 1 1621
37615 1 2824
37652 1 339
37655 1 1979
37673 2 954
37679 1 582
37685 1 2123
37686 1 2096
37687 2 753
37698 2 5406
37720 1 910
37885 1 814
37949 1 2150
38008 1 1010
38012 1 1140
38014 1 1335
38025 2 2248
38067 1 2040
38068 1 158
38078 1 526
38094 1 2311
38101 1 2682
38223 2 12647
38251 1 523
38305 2 744
38316 3 1756
38356 1 1322
38374 1 1606
38413 1 6145
38429 1 450
38436 1 970
38450 1 589
38478 1 1991
38479 1 1418
38480 1 1546
38481 1 2169
38484 1 1425
38509 1 1250
38566 1 325
38584 1 728
38615 1 1026
38617 1 196
38625 2 127
38629 2 1020
38642 1 1372
38715 1 5564
38725 2 2848
38755 1 1706
38783 1 228
38785 1 483
38786 1 2614
38803 1 1055
38804 1 1858
38828 1 162
38863 1 737
38910 1 7766
38942 1 3171
38986 1 1668
39010 10 2843
39057 1 346
39112 1 528
39122 1 1147
39136 5 1787
39153 2 737
39154 2 795
39155 2 854
39179 2 2122
39204 1 908
39241 1 7079
39245 1 4290
39278 2 5705
39279 1 5440
39292 2 4867
39331 1 512
39344 2 679
39430 1 1661
39445 1 548
39464 1 552
39475 1 1192
39478 1 1398
39542 1 235
39543 1 476
39692 1 1262
39716 1 683
39724 2 202
39773 2 1598
39799 1 994
39818 1 368
39875 1 110
39895 1 340
39935 2 368
39936 2 481
39943 1 36
39979 1 1295
39995 1 2204
40012 1 1560
40092 1 1501
40098 1 1634
40102 2 537
40131 2 5534
40190 2 953
40213 1 496
40242 1 375
40319 1 3414
40320 1 7910
40345 1 1243
40424 1 757
40444 1 1611
40449 1 219
40512 7 2080
40530 1 1636
40538 1 14088
40625 1 980
40637 1 7547
40695 1 8337
40696 2 6423
40701 2 316
40754 1 583
40766 1 780
40811 1 552
40829 2 3054
40832 2 451
40848 1 630
40900 1 3388
40921 1 811
40968 1 3581
41013 1 2867
41060 3 2541
41091 2 584
41092 2 599
41093 2 758
41094 2 704
41095 2 670
41113 1 1884
41121 1 251
41123 1 2499
41131 1 4182
41154 1 1359
41163 1 1110
41273 1 1001
41275 1 1248
41289 1 304
41413 1 942
41536 1 322
41556 1 330
41626 1 504
41685 2 397
41712 1 847
41729 1 1363
41772 1 1868
41793 2 433
41826 1 2287
41847 1 286
41895 1 855
41937 2 347
41940 1 2265
41951 2 1203
41987 1 1216
41988 1 1757
41991 1 2217
42001 1 1519
42025 1 9933
42040 1 182
42058 1 1781
42060 1 1283
42146 1 1940
42149 1 9906
42161 2 9423
42173 2 1570
42219 1 724
42230 1 943
42297 1 1946
42309 2 5367
42326 1 948
42359 1 2478
42362 1 10503
42477 1 1308
42483 1 242
42487 1 1735
42547 2 769
42548 2 609
42549 2 675
42594 1 384
42600 1 2138
42601 1 2101
42629 1 3606
42655 2 1535
42668 1 984
42683 1 5788
42776 1 1111
42779 1 157
42780 1 169
42781 1 172
42782 1 158
42783 1 162
42784 1 169
42785 1 158
42786 1 162
42787 1 156
42788 1 170
42789 1 158
42790 1 158
42791 1 162
42792 1 158
42793 1 158
42794 1 166
42795 1 158
42796 1 158
42797 1 162
42798 1 162
42799 1 179
42800 1 175
42801 1 158
42802 1 158
42803 1 158
42804 1 165
42805 1 158
42806 1 158
42807 1 162
42808 1 171
42809 1 158
42810 1 156
42811 1 162
42812 1 169
42813 1 158
42814 1 158
43159 6 1478
43349 1 377
43429 2 1731
43452 2 457
43453 2 402
43458 1 36
43468 1 495
43475 1 553
43490 1 1268
43528 1 1054
43562 1 682
43574 3 1063
43592 1 1199
43595 2 1253
43728 2 3240
43770 1 1254
43798 3 5617
43818 1 112
43905 2 1196
43944 1 514
43945 1 414
43946 1 753
43947 1 550
43948 1 510
43999 1 5400
44014 1 2086
44080 1 3596
44110 1 1335
44127 1 904
44128 1 447
44168 1 1371
44220 5 7927
44286 1 5425
44336 12 9286
44394 1 2869
44434 2 680
44435 2 593
44436 2 667
44468 1 369
44487 1 1650
44525 1 593
44555 1 196
44561 2 661
44698 6 2666
44700 1 506
44701 1 485
44702 1 505
44703 1 506
44704 1 472
44705 1 503
44706 1 487
44709 1 481
44774 1 2787
44778 1 282
44791 2 1689
44801 2 874
44850 2 570
44851 2 509
44855 2 361
44873 1 3136
44874 1 3594
44875 1 2970
44876 1 3240
44877 1 2904
44878 1 2602
44879 2 3172
44880 1 2983
44881 1 3374
44912 40 1423
44913 40 1392
44922 1 712
44927 3 2922
44928 1 1161
45067 2 948
45074 2 969
45084 1 6555
45099 1 1823
45101 1 175
45102 1 158
45103 1 158
45104 1 158
45105 1 158
45106 1 149
45107 1 155
45108 1 158
45109 1 158
45110 1 155
45111 1 158
45112 1 179
45113 1 158
45114 1 162
45115 1 157
45116 1 155
45117 1 163
45118 1 158
45119 1 164
45120 1 168
45121 1 172
45122 1 162
45123 1 158
45124 1 163
45125 1 162
45126 1 147
45127 1 162
45128 1 158
45129 1 167
45130 1 158
45131 1 166
45132 1 162
45133 1 162
45134 1 166
45135 1 158
45136 1 161
45137 1 183
45138 1 158
45139 1 153
45140 1 169
45141 1 158
45142 1 181
45143 1 162
45144 1 158
45145 1 158
45146 1 166
45147 1 158
45148 1 166
45149 1 187
45150 1 158
45151 1 163
45152 1 158
45157 1 943
45159 1 13537
45166 1 2013
45285 1 1078
45394 1 1505
45396 1 890
45609 1 1092
45690 2 374
45712 10 454
45713 5 545
45714 1 379
45731 1 582
45738 2 476
45754 1 616
45822 1 1426
45826 2 8235
45832 2 318
45852 1 462
45861 1 693
45875 1 1388
45880 1 2642
45884 1 1710
45942 2 1251
45943 2 630
45944 2 825
46028 1 997
46040 1 1011
46089 1 844
46112 1 1216
46130 1 1076
46136 1 984
46154 1 1899
46169 1 5011
46261 1 29
46388 3 81863
46460 1 962
46509 1 2154
46519 1 5448
46563 1 640
46577 1 26
46588 2 606
46591 2 1721
46624 26 3546
46704 1 2665
46747 1 657
46779 1 1776
46780 1 1725
46781 1 3752
46782 1 1711
46783 1 2182
46784 1 2048
46814 1 2350
46815 1 227
46819 2 895
46837 1 2432
46851 1 851
46950 1 2171
47153 1 1159
47166 11 1017
47167 1 470
47168 4 652
47169 1 535
47170 7 720
47171 1 633
47172 1 758
47210 1 901
47227 1 1148
47299 5 2019
47307 1 900
47314 1 500
47315 1 489
47316 1 486
47317 1 518
47318 1 495
47319 1 482
47320 1 496
47321 1 479
47322 1 486
47323 1 505
47324 1 909
47325 1 476
47326 1 539
47340 1 610
47341 1 548
47344 1 1280
47364 1 752
47393 2 661
47398 1 5716
47414 1 293
47423 2 556
47424 2 670
47430 2 527
47431 2 402
47432 1 756
47444 2 3470
47445 1 2962
47446 1 2943
47447 1 3095
47448 2 3217
47449 2 2847
47484 40 1343
47485 40 1365
47486 40 1332
47487 40 1374
47488 40 1495
47559 1 11224
47561 24 3141
47565 2 1185
47577 1 1239
47602 2 1013
47606 1 1497
47627 1 163
47628 1 158
47629 1 158
47630 1 158
47631 1 162
47632 1 158
47633 1 159
47634 1 162
47636 1 181
47637 1 169
47638 1 147
47639 1 192
47640 1 169
47641 1 158
47642 1 159
47643 1 173
47644 1 177
47645 1 33
47652 1 2313
47780 1 5199
47784 1 724
48080 2 788
48087 1 2749
48169 1 335
48180 4 25164
48204 1 1943
48234 1 7467
48266 1 548
48267 5 4317
48268 5 5058
48269 5 11120
48314 2 1603
48509 1 479
48510 1 1499
48511 1 505
48512 1 1124
48513 1 726
48514 1 499
48515 1 591
48516 3 615
48517 1 570
48528 1 794
48547 1 4836
48564 1 1430
48616 2 470
48625 1 282
48679 1 2017
48777 1 2052
48787 1 218
48814 1 3174
48825 12 349
48833 1 679
48852 3 775
48875 2 773
48876 2 220
48925 1 4731
48948 1 1194
48951 1 6065
49005 1 2273
49026 1 1774
49035 1 1353
49070 1 951
49071 1 1361
49159 1 843
49164 2 1298
49215 1 836
49345 1 2775
49350 2 2540
49352 1 2586
49392 1 4953
49482 1 1172
49486 1 906
49522 4 6160
49604 2 4772
49676 1 756
49680 1 5727
49693 1 608
49749 1 802
49750 1 597
49783 1 306
49806 1 1527
49837 2 640
49838 2 676
49848 1 1148
49882 1 675
49925 1 1955
49931 1 2794
50012 1 3608
50024 2 617
50025 4 5763
50034 1 1651
50047 1 1726
50117 1 695
50198 3 442
50212 1 1522
50217 1 1971
50241 1 2798
50269 1 1701
50287 1 2869
50291 1 599
50328 1 1690
50478 1 3624
50485 1 3231
50523 1 503
50524 1 1087
50525 11 876
50526 1 614
50527 1 1391
50571 2 990
50578 1 385
50579 3 1575
50638 5 2138
50639 5 2175
50640 4 2066
50641 5 2091
50642 5 2005
50643 5 1973
50645 2 939
50646 2 1577
50649 1 501
50650 1 488
50651 1 458
50652 1 505
50653 1 447
50654 1 514
50655 1 502
50656 1 480
50657 1 1955
50658 1 493
50659 1 504
50660 1 598
50661 1 489
50662 1 488
50663 1 491
50664 1 505
50665 1 490
50666 1 489
50667 1 492
50668 1 1658
50672 2 2381
50716 1 849
50749 1 1017
50755 1 3965
50777 1 1369
50845 1 570
50852 1 3288
50853 2 3547
50854 1 3003
50855 2 3129
50857 6 6468
50866 3 2623
50901 40 1284
50902 40 1707
50903 40 1269
50904 43 1387
50905 40 1545
50906 40 1447
50907 40 1310
50954 5 1743
50983 1 16660
51042 2 1865
51062 1 2206
51081 1 579
51101 3 2052
51109 2 864
51147 1 3111
51148 2 2969
51149 1 3086
51150 1 2908
51151 1 2830
51184 40 1372
51185 40 1302
51186 40 1345
51187 40 1399
51188 40 1359
51204 1 1086
51306 1 162
51307 1 158
51308 1 158
51309 1 169
51310 1 162
51311 1 158
51312 1 192
51313 1 158
51314 1 158
51315 1 162
51316 1 157
51317 1 159
51318 1 158
51319 1 162
51320 1 161
51345 1 2417
51426 1 3586
51442 2 891
51453 1 670
51499 2 1229
51516 1 4186
51545 11 10771
51672 1 3436
51793 2 737
51798 1 1509
51839 1 9735
51893 1 635
51935 1 781
51987 4 4909
51988 4 6522
51990 1 189
52006 1 2497
52009 1 219
52030 1 1803
52146 1 10691
52235 1 290
52242 1 710
52301 1 8406
52320 1 2961
52322 1 249
52356 1 1329
52389 2 929
52390 2 708
52401 1 218
52402 1 1032
52412 3 766
52557 1 5509
52561 2 52057
52584 1 1788
52599 1 4808
52621 1 565
52622 1 538
52623 1 458
52624 1 86
52682 1 398
52683 1 502
52717 1 3076
52718 1 2980
52719 1 2978
52720 1 2878
52721 1 2968
52722 1 2934
52727 1 4203
52797 1 2584
52941 2 3400
52944 2 438
52974 1 1854
52975 1 550
52986 1 1447
52988 1 24350
53011 7 2109
53022 2 990
53095 1 299
53121 1 2359
53140 1 4214
53170 1 2693
53207 1 1218
53256 1 103
53261 1 1586
53387 1 178
53430 7 48057
53467 4 2163
53521 1 80
53524 1 1461
53550 1 1181
53660 12 349
53727 1 623
53744 2 788
53745 2 774
53746 2 789
53747 2 791
53748 2 972
53749 2 823
53750 2 588
53760 1 1772
53771 1 1481
53789 4 777
53794 1 2430
53837 1 3485
53860 1 1071
53879 1 1297
53914 2 1079
53918 1 1250
54106 1 1165
54197 1 150
54200 1 3379
54209 1 1340
54225 1 998
54243 1 502
54283 1 748
54329 11 899
54330 1 618
54331 1 506
54332 6 2659
54333 1 1417
54334 1 603
54335 11 925
54336 7 727
54337 3 568
54338 3 613
54339 1 706
54340 11 918
54341 5 738
54342 1 463
54343 1 491
54344 6 678
54345 1 465
54346 3 558
54347 1 473
54348 1 522
54441 1 4709
54496 1 1147
54509 1 3235
54517 1 514
54518 1 594
54519 1 458
54520 1 486
54521 11 1605
54522 3 557
54523 1 1390
54524 11 993
54525 10 1307
54526 2 534
54527 11 1295
54528 11 900
54529 11 916
54530 11 900
54531 12 802
54532 11 1019
54533 5 720
54534 1 1649
54535 11 873
54536 11 1001
54537 11 816
54538 4 692
54539 11 1132
54540 1 451
54541 1 597
54542 1 485
54543 1 1020
54544 4 689
54545 11 961
54546 1 525
54578 1 575
54692 4 1956
54859 1 453
54860 1 493
54863 1 507
54864 1 518
54865 1 532
54871 1 57
54930 1 1003
54985 2 1289
55037 2 625
55054 1 4966
55065 2 3081
55066 1 3616
55067 1 3184
55068 1 3268
55069 1 2948
55070 1 2984
55071 1 3179
55072 1 3317
55073 1 3312
55083 1 780
55094 2 12123
55111 40 1486
55112 40 1429
55113 40 1550
55151 1 1332
55164 1 1267
55318 2 977
55337 1 162
55338 1 157
55339 1 158
55340 1 167
55341 1 158
55342 1 162
55343 1 158
55344 1 179
55345 1 157
55346 1 196
55347 1 156
55348 1 158
55349 1 167
55350 1 158
55351 1 158
55352 1 158
55353 1 165
55354 1 171
55355 1 162
55356 1 153
55357 1 158
55358 1 147
55359 1 158
55360 1 165
55361 1 153
55362 1 161
55363 1 180
55364 1 158
55365 1 151
55366 1 158
55367 1 158
55368 1 158
55369 1 158
55370 1 173
55371 1 158
55372 1 158
55373 1 158
55374 1 169
55375 1 158
55376 1 158
55377 1 158
55378 1 158
55379 1 162
55380 1 157
55381 1 181
55382 1 162
55383 1 173
55384 1 147
55385 1 158
55387 1 169
55388 1 157
55389 1 173
55390 1 162
55391 1 162
55392 1 166
55393 1 158
55394 1 169
55395 1 158
55396 1 179
55397 1 156
55398 1 160
55399 1 162
55400 1 158
55402 1 179
55403 1 162
55404 1 158
55405 1 162
55406 1 158
55407 1 163
55408 1 158
55409 1 158
55410 1 158
55563 2 439
55607 1 9422
55608 3 4052
55659 1 287
55717 1 648
55929 1 241
56017 1 1819
56082 2 299
56099 1 156
56151 1 136
56175 1 8425
56189 1 1843
56223 1 5116
56280 1 585
56340 1 242
56347 1 55
56429 3 1448
56460 1 519
56489 3 5171
56497 1 2476
56523 1 856
56554 1 373
56600 1 1942
56625 2 1155
56673 1 1109
56785 2 706
56803 3 740
56805 1 1441
56824 1 1310
56826 1 647
56839 1 8203
56864 6 1163
56865 11 1045
56866 11 1626
56867 6 776
56868 1 485
56869 3 577
56870 2 527
56871 6 641
56872 6 1066
56873 1 962
56874 11 1184
56875 11 1032
56876 11 1055
56877 6 1601
56922 1 1234
56932 2 437
57001 1 7758
57160 4 2069
57161 4 2080
57162 5 2315
57168 1 478
57169 1 496
57170 1 487
57171 1 550
57172 1 491
57173 1 494
57174 1 496
57175 1 496
57176 1 483
57180 1 1975
57181 1 502
57182 1 482
57183 1 542
57184 1 505
57185 1 489
57217 1 1984
57221 1 698
57222 1 503
57223 1 578
57224 1 555
57225 1 474
57226 1 11510
57301 2 742
57302 2 815
57354 2 630
57380 1 3371
57381 1 2992
57382 6 3136
57383 1 3091
57384 1 3357
57385 1 2878
57386 2 2865
57387 1 2964
57388 1 3103
57393 1 1081
57438 40 1259
57439 40 1505
57440 40 1299
57460 1 2888
57464 1 904
57518 1 3333
57534 2 254
57537 1 924
57651 1 6526
57662 1 1009
57665 1 1013
57669 1 162
57670 1 162
57671 1 158
57672 1 162
57673 1 158
57675 1 147
57676 1 153
57677 1 173
57678 1 155
57679 1 169
57680 1 158
57681 1 164
57682 1 158
57683 1 162
57684 1 171
57685 1 162
57686 1 163
57687 1 158
57688 1 158
57689 1 165
57690 1 162
57691 1 164
57692 1 153
57693 1 158
57694 1 155
57695 1 158
57696 1 158
57697 1 165
57698 1 158
57699 1 162
57700 1 158
57701 1 166
57702 1 157
57703 1 177
57704 1 158
57705 1 158
57706 1 158
57707 1 168
57708 1 155
57709 1 162
57710 1 161
57711 1 158
57712 1 161
57713 1 158
57714 1 161
57715 1 167
57716 1 158
57717 1 158
57718 1 158
57719 1 158
57720 1 163
57805 43 654
57838 1 1853
57839 1 342
57847 1 1952
57878 1 3882
57881 1 2310
57898 2 652
57909 1 1075
57915 1 2190
58188 1 960
58234 1 651
58292 1 47
58319 1 719
58352 1 704
58439 11 834
58440 11 972
58441 11 1088
58442 2 535
58443 8 731
58444 3 708
58445 11 1394
58446 4 645
58447 2 523
58448 7 1131
58449 11 967
58450 4 657
58451 6 1894
58452 1 495
58453 1 564
58454 1 504
58455 11 988
58456 11 865
58457 1 471
58458 11 946
58459 11 1051
58460 1 641
58461 1 477
58462 1 1526
58463 1 563
58464 1 458
58465 5 615
58466 11 987
58505 1 300
58531 1 751
58553 4 1944
58677 1 506
58678 1 2423
58679 1 503
58680 1 477
58681 1 509
58682 1 486
58683 1 536
58684 1 473
58685 1 496
58686 1 512
58687 1 468
58688 1 516
58689 1 483
58690 1 476
58691 1 488
58692 1 501
58693 1 504
58694 1 520
58695 1 516
58696 1 435
58716 1 512
58717 1 428
58718 1 524
58719 1 512
58720 1 862
58721 1 592
58722 1 539
58723 1 436
58724 1 679
58766 1 757
58776 2 870
58786 1 1487
58815 2 603
58816 2 564
58818 2 607
58822 2 555
58823 2 454
58827 1 1069
58836 1 2335
58837 1 3342
58838 1 3151
58839 1 2933
58840 1 3131
58841 1 2975
58842 1 3299
58843 1 2916
58844 2 3246
58845 2 2901
58846 1 2959
58847 1 2073
58890 40 1405
58891 40 1447
58892 40 1567
58893 40 1474
58894 40 1412
58929 1 1342
58930 3 1881
58937 1 738
58940 2 4530
58966 1 5767
59063 1 3059
59072 1 10092
59083 1 147
59084 1 159
59085 1 169
59086 1 158
59087 1 158
59088 1 158
59089 1 180
59090 1 170
59091 1 158
59092 1 158
59093 1 173
59094 1 160
59095 1 171
59096 1 162
59097 1 147
59098 1 158
59099 1 175
59100 1 158
59101 1 158
59102 1 166
59103 1 155
59104 1 158
59106 1 158
59107 1 158
59108 1 158
59109 1 158
59110 1 163
59111 1 156
59112 1 158
59113 1 191
59114 1 187
59115 1 158
59116 1 162
59117 1 167
59118 1 158
59119 1 158
59120 1 166
59121 1 187
59122 1 158
59123 1 162
59124 1 158
59125 1 156
59126 1 158
59127 1 155
59128 1 157
59129 1 158
59130 1 162
59131 1 158
59132 1 158
59133 1 157
59134 1 158
59135 1 158
59136 1 158
59137 1 158
59138 1 162
59139 1 161
59140 1 162
59141 1 158
59142 1 158
59143 1 162
59144 1 159
59145 1 155
59146 1 158
59147 1 167
59148 1 158
59149 1 157
59169 1 2086
59171 1 1633
59173 1 511
59196 1 613
59209 1 2825
59211 2 3035
59269 1 426
59315 1 118
59319 1 701
59348 1 10477
59390 1 1152
59450 1 408
59561 1 4211
59627 1 4734
59630 1 5288
59633 1 4221
59662 3 14951
59673 1 1162
59683 4 635
59729 1 1041
59918 1 9598
59989 1 783
60037 1 4344
60053 6 1816
60054 11 1227
60055 11 912
60056 1 531
60057 1 489
60068 1 2246
60069 1 3188
60088 1 301
60135 1 508
60136 1 479
60137 1 520
60138 1 492
60139 1 483
60140 1 480
60141 1 535
60142 1 495
60143 1 517
60144 1 476
60145 1 493
60146 3 1774
60147 12 6561
60155 3 11169
60156 3 5280
60177 2 1472
60260 2 594
60265 2 891
60266 2 807
60267 2 598
60275 1 3073
60276 1 3089
60277 1 2988
60278 1 3357
60338 1 2635
60339 1 856
60367 4 48
60409 1 161
60410 1 161
60411 1 162
60412 1 157
60413 1 157
60414 1 155
60415 1 162
60429 2 5933
60444 1 1326
60495 1 417
60520 1 1023
60552 1 967
60562 1 2105
60583 11 1120
60667 1 276
60673 2 16517
60725 2 596
60727 2 588
60728 2 580
60730 2 900
60735 1 3139
60736 1 3344
60737 1 3128
60738 1 3062
60739 1 3026
60740 1 3274
60741 1 3011
60773 40 1253
60774 40 1280
60787 1 1533
60788 1 1075
60804 1 1666
60819 1 736
60822 1 5864
60866 1 158
60867 1 162
60868 1 158
60869 1 161
60870 1 158
60871 1 158
60872 1 158
60873 1 158
60874 1 158
60875 1 158
60876 1 159
60877 1 158
60878 1 158
60879 1 181
60880 1 156
60881 1 158
60882 1 158
60883 1 158
60884 1 158
60885 1 158
60886 1 158
60963 1 3508
61017 1 2099
61043 1 4069
61050 1 330
61144 1 226
61169 2 3257
61177 1 2363
61186 1 14302
61239 1 1502
61258 1 3684
61291 1 1645
61315 1 1199
61337 2 783
61357 1 3441
61358 1 671
61391 1 5684
61434 1 188
61435 1 106
61436 1 219
61463 2 1595
61528 1 599
61529 1 521
61530 1 517
61531 1 460
61532 1 452
61533 1 484
61534 1 549
61535 1 516
61536 1 520
61537 1 450
61538 1 498
61613 1 1024
61636 1 2406
61667 1 1003
61669 1 5944
61687 1 2218
61717 1 765
61771 8 11091
61788 1 1126
61796 2 12819
61819 1 196
61842 1 291
61862 2 5528
61867 1 1527
61876 1 2252
61877 1 2841
61879 1 2166
61880 1 2723
61881 1 2444
61891 1 987
61939 3 10305
62014 1 6015
62087 1 4114
62129 1 478
62138 1 1745
62173 1 826
62201 1 625
62204 3 8201
62207 1 367
62211 1 1096
62218 2 2462
62242 1 2867
62365 1 625
62366 1 496
62367 10 883
62368 1 470
62369 1 1325
62370 1 488
62371 1 453
62372 1 625
62373 1 508
62374 4 620
62375 4 673
62381 1 192
62417 4 11638
62463 1 1381
62588 1 8596
62622 1 874
62708 2 571
62709 2 754
62710 2 597
62723 2 3363
62724 2 3090
62725 2 3245
62726 2 2992
62727 2 3232
62728 1 3125
62729 1 2162
62730 1 2960
62731 1 2944
62732 2 2989
62827 40 1510
62828 40 1541
62829 40 1348
62849 1 1721
62870 1 1017
62871 1 1931
62901 2 900
62913 1 737
62929 1 5384
63003 1 162
63004 1 162
63005 1 158
63006 1 158
63007 1 162
63008 1 179
63009 1 158
63010 1 162
63011 1 165
63012 1 158
63013 1 163
63014 1 185
63015 1 159
63016 1 171
63017 1 162
63018 1 167
63019 1 164
63020 1 175
63021 1 162
63022 1 158
63023 1 158
63024 1 158
63025 1 158
63026 1 158
63027 1 162
63028 1 162
63029 1 158
63030 1 158
63031 1 158
63032 1 165
63132 1 1565
63142 1 574
63258 1 1486
63263 1 3119
63266 2 3285
63309 1 4077
63319 1 301
63390 1 746
63450 1 1448
63513 1 539
63518 1 192
63519 1 2160
63555 1 7057
63561 1 1320
63572 1 3748
63628 1 1675
63648 1 7209
63659 1 696
63690 1 3198
63694 2 288
63696 1 1202
63775 1 1020
63792 1 1726
63884 1 3456
63899 1 679
63942 2 743
63943 2 751
63944 2 818
63986 1 1741
63987 1 1321
64016 1 1043
64086 1 1979
64095 1 391
64103 1 401
64345 2 2095
64357 1 450
64420 1 1908
64444 2 682
64452 1 1016
64494 2 701
64544 1 460
64545 11 1001
64546 11 916
64547 1 510
64548 1 778
64549 11 840
64550 2 530
64551 1 489
64552 5 631
64553 11 873
64554 11 851
64555 1 827
64556 11 958
64557 7 706
64562 1 950
64647 1 7320
64835 1 518
64836 1 504
64837 1 502
64838 1 500
64839 1 477
64840 1 468
64841 1 488
64842 1 482
64843 1 478
64844 1 478
64884 1 785
64885 1 676
64886 1 727
64887 1 678
64888 1 627
64889 1 557
64890 1 401
64891 1 517
64892 1 614
64942 2 731
64959 8 1034
64977 2 564
64978 2 549
64979 2 669
64985 2 501
64986 2 609
65005 2 3081
65006 6 3064
65007 2 3159
65008 1 3012
65009 1 3343
65010 1 2912
65041 40 1469
65042 40 1185
65043 40 1343
65044 40 1475
65045 40 1414
65046 40 1430
65047 40 1509
65048 40 1262
65049 40 1334
65050 40 1333
65051 40 1455
65052 40 1530
65059 3 1706
65081 1 721
65087 1 1504
65130 2 3523
65276 1 158
65277 1 158
65278 1 158
65279 1 158
65280 1 158
65281 1 158
65282 1 158
65283 1 155
65284 1 181
65285 1 191
65286 1 158
65287 1 158
65288 1 153
65289 1 162
65290 1 163
65291 1 158
65292 1 162
65293 1 158
65294 1 162
65295 1 162
65296 1 163
65297 1 159
65298 1 162
65299 1 158
65300 1 158
65301 1 161
65302 1 181
65303 1 161
65304 1 175
65305 1 183
65306 1 162
65307 1 158
65308 1 158
65310 1 161
65311 1 179
65312 1 158
65313 1 162
65314 1 158
65315 1 158
65316 1 159
65317 1 158
65318 1 158
65319 1 147
65320 1 165
65321 1 158
65322 1 158
65323 1 158
65324 1 192
65325 1 163
65326 1 158
65327 1 162
65329 1 169
65330 1 158
65331 1 161
65332 1 169
65333 1 158
65334 1 169
65335 1 163
65336 1 158
65337 1 158
65338 1 162
65339 1 158
65340 1 158
65341 1 161
65342 1 158
65343 1 158
65344 1 156
65345 1 179
65346 1 158
65347 1 171
65348 1 157
65349 1 158
65350 1 168
65399 1 3181
65481 1 1071
65566 1 565
65567 1 462
65568 1 1157
65569 1 617
65570 1 456
65571 1 628
65572 1 451
65573 1 550
65684 2 17249
65713 5 1940
65731 1 520
65732 1 479
65733 1 483
65734 1 1674
65735 1 488
65736 1 493
65737 1 499
65738 1 506
65739 1 518
65740 1 536
65741 1 509
65742 1 501
65743 1 523
65744 1 574
65749 1 2193
65756 7 670
65760 1 443
65761 1 564
65762 1 365
65763 1 477
65764 1 492
65765 1 450
65766 1 558
65853 2 569
65854 2 641
65855 2 630
65856 2 570
65857 2 630
65864 3 680
65865 2 341
65869 7 440
65883 1 3190
65884 1 2980
65885 1 3324
65886 1 3075
65936 40 1413
65937 40 1474
65938 40 1482
65939 40 1340
65940 40 1495
65941 40 1299
65990 5 4364
66004 1 1492
66022 2 755
66065 1 2315
66067 1 161
66068 1 162
66069 1 158
66070 1 168
66071 1 173
66072 1 171
66073 1 162
66074 1 158
66075 1 158
66076 1 187
66077 1 158
66078 1 155
66079 1 158
66080 1 158
66113 1 1368
66125 1 1619
66128 1 227
66148 1 850
66152 1 521
66251 1 686
66255 1 1414
66278 1 2126
66326 1 683
66360 1 1483
66405 1 1623
66415 1 6038
66472 1 3818
66483 2 442
66511 1 1322
66529 1 1423
66610 1 1775
66727 1 1513
66744 1 4068
66760 1 1083
66785 1 509
66801 2 3195
66818 1 233
66841 1 658
66889 1 1986
66987 1 2394
66988 1 771
67021 1 6450
67030 1 306
67102 1 590
67318 1 1620
67355 1 6043
67372 1 2781
67396 1 613
67397 1 908
67409 1 5448
67410 2 7180
67420 1 2247
67421 1 1526
67435 1 836
67443 1 1802
67445 1 1377
67446 1 1396
67447 1 589
67448 1 1443
67449 1 1320
67492 1 489
67510 1 1379
67515 1 664
67655 1 1887
67724 1 650
67777 1 2113
67835 1 1309
67899 1 4652
67929 1 421
67933 1 3340
67960 1 1066
67964 1 428
67965 1 716
67966 1 607
67967 1 559
67968 1 577
67969 1 462
67970 1 450
67971 1 603
67972 1 460
67973 1 416
67974 1 513
67975 1 499
67976 1 545
67977 1 584
67978 1 421
67979 1 555
67980 1 566
67981 1 521
68002 1 3149
68005 2 1868
68007 1 795
68018 1 884
68030 1 857
68059 1 2106
68061 1 3322
68100 1 650
68110 1 748
68113 2 4826
68119 1 6225
68124 3 2400
68210 1 1864
68242 1 591
68265 1 233
68301 1 695
68336 1 1920
68348 1 2811
68374 1 390
68421 2 2923
68691 1 2365
68701 1 561
68766 1 5324
68778 1 432
68856 1 917
68859 1 989
68865 1 127
68898 1 907
68900 1 3607
68909 1 2457
68941 5 641
68942 1 638
68943 11 1054
68944 11 1017
68945 5 727
68946 1 548
68947 5 765
68948 1 1019
68949 1 540
68956 2 2895
69003 1 581
69021 1 861
69024 1 620
69048 1 1367
69099 4 2057
69153 2 43
69266 5 2497
69271 3 1800
69274 1 490
69275 1 495
69276 1 498
69277 1 487
69278 1 499
69279 1 489
69280 1 491
69281 1 486
69318 1 622
69319 1 699
69320 1 611
69321 1 483
69322 1 503
69323 1 394
69324 1 521
69347 1 566
69358 1 481
69367 2 1004
69401 2 573
69402 2 595
69407 2 834
69408 2 368
69409 2 509
69430 1 2889
69431 1 3095
69432 1 3080
69433 1 2935
69434 1 3213
69435 1 3178
69472 40 1422
69473 40 1366
69474 40 1458
69475 40 1362
69476 41 1519
69489 1 308
69524 1 453
69530 1 3436
69707 1 668
69731 1 147
69732 1 155
69733 1 175
69734 1 177
69735 1 158
69736 1 171
69737 1 158
69738 1 171
69739 1 166
69740 1 156
69741 1 158
69742 1 158
69743 1 159
69744 1 158
69745 1 168
69746 1 165
69747 1 162
69748 1 175
69749 1 175
69750 1 158
69751 1 158
69752 1 160
69753 1 172
69754 1 152
69755 1 158
69756 1 162
69757 1 158
69758 1 158
69759 1 158
69760 1 157
69761 1 158
69762 1 162
69763 1 158
69764 1 167
69765 1 158
69766 1 178
69767 1 176
69768 1 166
69769 1 175
69770 1 158
69771 1 160
69772 1 158
69773 1 158
69774 1 185
69775 1 158
69776 1 161
69777 1 158
69778 1 182
69779 1 162
69780 1 162
69781 1 158
69782 1 158
69783 1 158
69784 1 167
69785 1 158
69786 1 169
69787 1 158
69788 1 165
69789 1 158
69790 1 158
69791 1 158
69792 1 158
69793 1 158
69794 1 162
69795 1 159
69796 1 158
69797 1 162
69798 1 169
69799 1 156
69800 1 158
69801 1 158
69802 1 162
69803 1 158
69804 1 177
69805 1 187
69806 1 179
69807 1 162
69808 1 158
69809 1 158
69810 1 158
69811 1 194
69812 1 158
69813 1 158
69814 1 158
69815 1 158
69816 1 158
69817 1 158
69818 1 155
69819 1 158
69820 1 169
69851 1 2303
69888 1 559
69895 1 1151
70207 1 10208
70241 2 673
70244 2 443
70275 1 2825
70290 1 2102
70298 1 1605
70332 3 593
70333 1 1397
70377 1 5997
70406 1 1912
70435 1 3103
70442 1 4263
70444 1 861
70481 1 2683
70483 3 2371
70488 1 2098
70534 1 5509
70536 1 318
70595 2 2506
70612 1 106
70832 3 390
70860 1 425
70861 1 486
70877 1 1501
70929 3 6834
70934 1 944
70954 3 6095
71059 1 2012
71074 1 229
71075 1 213
71105 1 2599
71120 3 448
71242 8 11150
71285 2 756
71286 2 785
71334 1 2239
71341 1 1792
71407 1 227
71519 1 2955
71625 1 608
71635 1 1924
71701 1 1266
71790 1 2312
71827 2 6203
71860 1 1550
71861 1 640
71862 1 581
71863 11 1159
71864 1 597
71865 1 486
71866 1 1152
71867 6 694
71868 1 531
71869 1 529
71870 1 502
71871 9 1232
71872 1 529
71909 1 198
71945 1 495
71972 1 722
71973 1 1640
71991 1 1476
72046 1 2501
72051 2 479
72052 2 347
72053 2 472
72054 2 437
72055 2 458
72056 2 441
72068 1 8137
72072 1 196
72081 1 3204
72085 1 1025
72118 1 1417
72120 1 1437
72121 1 1320
72198 1 2050
72215 1 2153
72246 2 1076
72281 12 6411
72368 1 1211
72391 1 1146
72413 1 1983
72437 4 8964
72441 2 3167
72476 1 1214
72576 1 1282
72579 1 295
72613 1 1298
72677 1 1203
72750 1 698
72759 1 256
72825 4 4050
72856 1 1892
72899 3 20275
72920 1 5462
72921 1 2994
72930 1 2073
72931 1 1959
72932 1 1652
72933 1 2224
72934 3 2319
72935 1 2042
72936 1 2099
72937 1 2290
73022 1 2763
73088 2 4779
73193 11 1571
73194 4 906
73255 1 765
73285 1 861
73324 2 733
73349 2 2244
73391 1 993
73430 1 876
73539 1 555
73591 1 2230
73648 1 985
73649 1 2033
73796 1 218
73827 1 527
73844 2 432
73901 2 322
73902 2 347
73917 1 613
73932 1 2612
73952 1 1586
73988 1 2775
73994 7 2096
74013 1 773
74047 1 590
74053 1 2613
74058 2 672
74066 2 1093
74093 1 704
74177 2 4268
74203 1 11999
74267 2 340
74351 1 1240
74352 1 1409
74356 3 1589
74390 1 3030
74427 1 233
74430 1 1251
74432 1 3303
74443 2 1375
74446 1 1773
74451 1 209
74517 1 1657
74576 1 467
74577 1 547
74588 1 479
74635 1 2160
74645 2 6253
74646 1 2320
74715 1 806
74728 5 3896
74745 1 1846
74787 1 351
74811 1 1038
74822 1 5130
74872 1 1224
74875 1 297
74925 1 536
75046 5 2104
75053 1 472
75054 1 485
75055 1 481
75056 1 529
75057 1 502
75058 1 493
75059 1 483
75060 1 482
75061 1 486
75062 1 497
75063 1 489
75064 1 479
75065 1 486
75066 1 500
75067 1 286
75096 1 537
75097 1 481
75098 1 394
75099 1 524
75100 1 805
75101 1 727
75169 1 9895
75188 2 575
75191 2 492
75200 2 1348
75202 1 3010
75203 1 2977
75204 1 3081
75205 1 3189
75206 1 2994
75207 1 2937
75208 2 3202
75209 1 2934
75210 1 3198
75244 40 1376
75245 40 1375
75261 1 603
75325 1 1661
75400 1 2330
75411 1 1647
75428 1 147
75429 1 158
75430 1 158
75431 1 158
75432 1 158
75433 1 158
75434 1 158
75435 1 185
75436 1 173
75437 1 181
75438 1 158
75439 1 158
75440 1 158
75441 1 179
75442 1 158
75443 1 159
75444 1 158
75445 1 158
75446 1 158
75447 1 155
75448 1 162
75449 1 158
75450 1 162
75451 1 162
75452 1 162
75453 1 162
75454 1 166
75455 1 158
75456 1 169
75457 1 158
75458 1 173
75459 1 169
75460 1 158
75461 1 177
75462 1 153
75463 1 162
75464 1 158
75465 1 159
75515 1 204
75532 2 2113
75649 1 783
75865 2 239
75867 1 555
75903 1 440
75961 1 1828
75964 1 663
75985 2 1505
75999 1 654
76109 1 1242
76125 6 3583
76157 2 345
76176 1 1747
76202 1 1263
76204 2 2051
76214 1 1592
76228 1 2247
76269 1 3998
76270 1 193
76328 1 1281
76350 1 516
76370 2 13094
76411 2 6346
76455 1 1356
76479 1 955
76488 1 1071
76505 4 10048
76526 1 4857
76592 5 1400
76610 1 600
76712 1 532
76793 1 5567
76875 1 4263
76877 1 1735
76931 3 978
76995 5 1773
77032 2 591
77033 2 881
77034 2 1338
77103 1 1287
77124 1 3644
77125 1 387
77140 1 1726
77163 1 1994
77174 1 951
77202 1 8001
77211 1 3451
77212 1 3474
77213 1 3532
77214 1 3477
77228 1 227
77249 12 3213
77259 1 726
77379 1 500
77448 2 1098
77553 4 3529
77582 1 1227
77592 2 492
77593 2 527
77594 1 871
77595 11 1498
77596 1 563
77597 11 1016
77598 1 512
77599 1 875
77600 2 894
77601 1 560
77602 1 616
77603 1 430
77604 1 540
77605 11 1191
77606 11 903
77678 1 627
77760 1 1117
77762 1 532
77763 1 527
77764 1 521
77765 1 478
77766 1 488
77767 1 488
77768 1 591
77769 1 555
77770 1 453
77771 1 493
77772 1 505
77773 1 509
77775 1 484
77794 1 591
77795 1 430
77796 1 486
77797 1 427
77798 1 451
77816 1 2167
77823 1 877
77834 1 3498
77867 2 606
77874 1 3196
77875 1 3223
77876 2 3309
77877 1 3129
77878 2 3028
77879 1 2977
77880 1 3027
77881 1 2924
77893 1 2270
77902 40 1655
77904 40 1498
77948 1 3393
77954 1 4740
77957 1 1907
77961 2 8551
78035 1 173
78036 1 158
78037 1 158
78038 1 162
78039 1 175
78040 1 158
78041 1 158
78042 1 158
78043 1 158
78044 1 179
78045 1 162
78046 1 157
78047 1 158
78048 1 161
78049 1 158
78050 1 158
78051 1 170
78052 1 162
78053 1 155
78054 1 157
78055 1 162
78056 1 158
78057 1 160
78058 1 171
78059 1 161
78060 1 167
78061 1 179
78065 1 690
