stuff stuff 10189 65215343 
15 3 399
25 2 1096
30 1 83
50 1 2382
66 2 654
77 2 366
103 2 1217
109 1 290
117 3 6480
123 1 1067
131 6 14882
132 3 13051
157 3 2070
177 1 1508
189 1 1288
217 1 1753
256 1 8243
258 1 56657
303 1 370
351 2 908
358 1 2199
375 3 10166
383 1 719
391 1 200
398 1 1083
417 3 1007
420 1 1422
428 1 2978
434 1 303
436 1 918
446 1 1063
475 1 1753
494 1 451
514 1 1954
516 2 381
517 2 497
522 1 1558
528 1 1240
533 1 1661
556 2 3813
557 2 3639
559 1 4273
564 3 1452
583 2 1948
624 1 6440
626 1 1140
687 3 329
725 1 7096
726 1 1173
734 1 1711
751 1 764
772 1 1607
796 2 1564
807 2 1677
816 1 2271
849 1 112
876 2 4565
886 11 5811
887 2 1074
893 1 1259
898 2 317
909 1 688
928 1 888
945 2 333
950 1 380
961 1 1879
964 1 3624
966 1 6046
996 2 3316
998 1 521
1017 1 1666
1019 1 558
1032 3 1369
1038 9 6757
1048 1 1240
1049 1 2440
1052 3 3416
1102 1 1837
1118 2 2305
1128 1 2066
1149 2 1495
1180 1 676
1182 1 648
1185 4 15836
1201 1 342
1220 3 1617
1221 2 1597
1222 3 1620
1231 1 4288
1234 1 1033
1235 1 1164
1236 2 1198
1237 1 1668
1262 1 1096
1269 1 5091
1277 1 682
1300 2 809
1301 4 807
1302 2 729
1313 1 1940
1318 8 2815
1320 1 2908
1321 1 3750
1328 1 162
1351 1 540
1365 1 993
1369 2 676
1373 2 1192
1377 1 1131
1378 31 643
1402 4 3038
1419 1 1908
1425 1 1524
1430 6 625
1435 1 3772
1438 1 709
1450 1 1560
1465 1 830
1469 1 2455
1484 1 6578
1510 1 1264
1520 1 1340
1545 1 1438
1552 1 1020
1556 6 151
1559 1 230
1595 1 824
1597 1 3184
1607 1 840
1625 1 1302
1630 2 2072
1634 1 30082
1642 1 273
1643 1 429
1646 1 1170
1647 4 10572
1648 1 2206
1676 1 823
1684 1 1203
1722 1 1321
1726 1 2436
1733 3 458
1767 1 13095
1782 1 1433
1786 1 376
1795 1 858
1802 3 10218
1815 1 370
1861 2 5589
1909 1 655
1921 1 804
1948 1 5448
1953 1 730
1954 1 671
1955 1 1191
1962 1 482
1973 1 16948
2021 3 2089
2083 2 4561
2099 1 579
2105 1 1500
2120 1 198
2124 5 1028
2125 5 937
2126 3 968
2136 2 1025
2144 1 1168
2150 1 1809
2154 1 710
2156 1 1904
2168 1 1638
2177 1 2668
2234 1 629
2236 2 1793
2247 1 1040
2257 1 2275
2272 1 2226
2335 1 1168
2336 1 1341
2337 1 1339
2338 1 1264
2343 1 1153
2346 2 690
2362 1 3506
2375 1 3907
2386 4 1335
2387 1 1420
2389 1 3418
2397 1 632
2422 2 900
2427 2 1375
2436 1 474
2439 1 790
2441 2 7506
2450 4 981
2476 20 842
2477 30 1144
2478 33 1268
2482 1 1146
2487 1 1574
2490 1 1764
2491 1 1723
2495 2 135
2498 1 780
2509 2 772
2525 1 1298
2536 2 2222
2537 3 1224
2561 1 1412
2562 1 2880
2563 1 1141
2603 1 870
2622 4 2635
2632 1 1512
2647 1 882
2655 1 227
2662 1 908
2680 3 1224
2694 1 1346
2696 1 766
2702 1 542
2709 2 1588
2746 1 349
2754 1 757
2771 1 3216
2810 1 976
2845 1 2533
2868 2 67
2991 2 2631
3003 1 3697
3030 1 997
3044 2 327
3045 2 640
3056 1 948
3070 1 604
3082 1 635
3132 2 2453
3133 7 4214
3173 1 303
3195 1 2888
3197 1 1690
3200 2 1236
3202 2 6501
3228 1 1426
3280 1 924
3283 1 168
3302 2 4954
3313 1 2034
3314 1 2098
3320 2 316
3358 1 409
3378 3 4137
3379 1 4900
3391 2 1846
3408 2 3212
3418 1 532
3447 1 2791
3486 2 4565
3497 1 3011
3511 1 320
3516 1 888
3517 1 654
3522 1 1240
3527 1 799
3544 1 591
3550 1 396
3555 1 1239
3563 1 1688
3568 1 1340
3584 1 833
3590 1 1326
3591 1 1321
3592 1 916
3599 1 11096
3638 1 816
3639 1 3357
3647 1 491
3648 1 312
3664 1 889
3665 2 1640
3668 4 8976
3671 1 4789
3672 1 2946
3678 1 667
3680 4 637
3681 2 871
3682 1 687
3684 1 236
3686 1 1200
3687 1 3022
3705 1 1090
3708 1 3154
3714 1 1777
3715 1 704
3727 1 17097
3737 1 435
3776 1 1777
3780 1 1601
3819 12 840
3820 1 2163
3832 3 7941
3843 4 369
3860 3 1204
3861 2 801
3887 1 2632
3893 2 1570
3899 1 463
3915 1 1515
3922 3 4998
3946 14 1370
3958 1 970
3998 2 960
4000 2 6980
4006 1 990
4044 2 1940
4048 10 638
4050 1 4772
4064 2 1206
4069 1 3379
4076 1 4324
4112 2 838
4144 3 2194
4145 1 6518
4146 1 1296
4147 1 971
4178 3 3149
4179 1 2326
4192 1 855
4202 1 2037
4204 3 3711
4205 1 1328
4206 1 569
4211 2 6879
4251 1 2307
4255 1 620
4256 1 2171
4258 1 2240
4265 1 791
4286 3 1188
4302 1 3335
4307 1 2386
4312 1 482
4313 1 748
4321 3 913
4339 1 500
4346 1 1650
4348 2 3712
4368 3 4832
4396 1 1447
4422 1 2597
4441 1 873
4452 1 910
4453 1 1290
4459 11 4138
4460 7 3587
4461 6 4244
4462 3 6187
4463 3 4320
4472 1 393
4474 1 401
4485 1 2100
4493 1 2130
4495 1 2849
4496 1 6061
4509 2 1824
4518 1 2481
4533 2 1058
4540 1 1717
4556 1 59
4561 10 320
4562 3 195
4563 3 266
4576 1 1096
4584 1 633
4587 1 2393
4599 1 1293
4645 2 2574
4649 1 219
4665 1 893
4669 1 1245
4704 2 1493
4705 1 528
4708 2 767
4717 1 369
4727 2 1147
4732 1 823
4734 1 3115
4735 2 1217
4736 1 577
4752 1 5044
4771 1 4349
4779 1 503
4818 1 284
4822 4 1411
4847 4 2281
4855 1 1500
4861 4 2242
4866 2 980
4884 1 1052
4887 2 1082
4935 1 2499
4940 1 713
4945 1 194
4953 1 999
4965 1 1012
5057 10 310
5074 1 1241
5083 1 2915
5100 1 353
5101 2 1276
5130 1 596
5131 2 1622
5142 1 1220
5144 1 3069
5188 1 886
5189 2 3419
5201 1 934
5202 1 1878
5208 1 622
5235 1 1131
5269 2 587
5272 1 1109
5273 2 3302
5289 2 660
5314 1 1103
5404 1 980
5412 1 1515
5420 1 1911
5499 28 44062
5501 1 476
5518 1 2428
5534 14 728
5540 1 300
5545 1 1706
5582 1 1321
5585 1 795
5587 1 2202
5604 1 885
5606 2 1288
5616 1 495
5622 1 603
5628 1 414
5631 2 1323
5677 2 1201
5792 1 2530
5801 1 459
5838 1 278
5894 2 4730
5895 2 1433
5902 1 1225
5906 2 8444
5920 1 663
5921 1 1978
5932 3 2282
5935 1 2831
5944 1 2113
5946 1 996
5969 1 573
5994 1 1504
5998 1 268
6017 3 1532
6019 1 820
6041 1 611
6042 4 1836
6059 1 407
6063 3 1839
6065 1 1429
6078 1 1444
6080 1 648
6088 2 1753
6090 1 578
6093 1 2317
6095 1 247
6096 1 333
6097 1 233
6102 8 651
6127 3 1065
6132 1 1010
6143 1 346
6151 1 6692
6164 1 2727
6165 1 4900
6183 2 2719
6289 2 1534
6290 2 874
6297 1 3321
6351 1 1596
6356 1 1705
6360 1 6957
6361 2 4951
6363 2 4787
6364 6 7210
6453 1 2181
6462 1 1665
6528 1 803
6557 3 1488
6558 2 2607
6559 1 1745
6560 1 877
6566 1 395
6598 1 502
6601 1 1223
6609 1 826
6622 1 1147
6644 1 1635
6669 2 1845
6751 1 1332
6752 1 183
6839 1 457
6843 1 394
6883 3 662
6887 1 68
6899 1 564
6905 1 421
6911 1 166
6921 1 562
6925 1 152
6927 2 250
6929 1 637
6953 1 633
6954 2 1653
6985 1 1013
7002 2 6389
7012 5 611
7021 2 2137
7028 1 1722
7036 5 604
7042 1 722
7043 1 747
7045 1 2855
7062 1 3124
7067 1 1340
7074 3 651
7075 2 507
7076 1 474
7077 2 1610
7088 1 2350
7142 5 575
7156 1 761
7159 1 3906
7164 1 1104
7169 1 1071
7177 1 281
7179 3 920
7284 1 3123
7419 1 1155
7421 1 979
7426 15 458
7433 1 1229
7483 3 416
7491 4 7708
7510 2 1175
7511 4 2036
7512 3 2037
7527 1 4859
7541 1 1707
7556 2 1714
7566 1 1212
7570 1 9650
7595 1 1030
7601 1 856
7647 4 1890
7648 1 770
7649 1 589
7669 1 487
7671 1 286
7674 1 817
7681 1 618
7688 1 1312
7696 2 842
7744 4 2378
7759 1 227
7761 1 1037
7767 3 3013
7782 3 697
7806 1 345
7882 3 220
7899 1 1265
7900 2 1093
7909 2 1230
7910 2 900
7917 1 1240
7918 1 357
7927 1 748
7944 1 4834
7949 1 4128
8002 1 533
8004 2 2007
8014 2 1956
8022 1 7719
8036 1 706
8049 1 444
8072 1 5760
8079 1 294
8093 1 20088
8109 1 2224
8111 2 712
8176 1 304
8178 1 2357
8204 10 4600
8205 1 524
8263 1 2493
8264 1 371
8278 2 2385
8287 1 4172
8288 1 1533
8290 1 1567
8297 3 12133
8310 6 4695
8312 2 3567
8332 1 1567
8370 2 2235
8388 1 2999
8432 2 724
8438 1 2090
8447 1 2081
8465 1 1696
8503 10 523
8504 11 570
8505 3 232
8506 3 403
8508 1 5791
8546 1 2592
8549 1 660
8555 4 1695
8594 5 673
8595 7 691
8605 3 142
8611 1 869
8614 2 1436
8640 8 823
8650 3 9126
8681 1 1010
8690 2 879
8702 1 2609
8709 1 510
8718 3 262
8719 3 262
8720 3 262
8740 1 1067
8786 2 149
8824 1 1091
8828 3 2492
8835 1 676
8836 1 1224
8850 1 3830
8869 1 605
8894 1 494
8896 1 1087
8964 2 1138
8993 1 2404
8996 1 722
8997 1 599
8998 1 734
9008 1 998
9018 1 2158
9019 2 1294
9073 2 1275
9076 1 539
9124 1 950
9131 1 1076
9133 1 4066
9143 1 1856
9165 1 1394
9176 1 1666
9188 5 1630
9237 2 1379
9275 1 1311
9289 7 1772
9311 1 1417
9353 2 669
9369 4 483
9403 1 3133
9410 1 726
9447 1 762
9471 1 2467
9472 1 2285
9495 1 1007
9509 3 311
9543 1 375
9563 1 1392
9577 1 1476
9581 1 2040
9596 1 1486
9601 1 976
9624 1 294
9640 1 3873
9663 1 2530
9669 2 794
9701 1 1587
9702 1 2473
9705 7 1643
9721 1 1652
9741 1 1815
9760 4 2142
9761 1 2538
9768 1 597
9773 1 692
9789 2 4274
9830 5 1997
9831 5 1501
9832 5 2376
9833 2 831
9836 2 2482
9849 1 1030
9886 1 3914
9889 2 1688
9891 3 2022
9925 1 498
9928 1 257
9936 6 2878
9938 1 1161
9946 1 555
9956 1 541
9958 1 601
10015 1 1217
10054 1 1634
10069 3 906
10077 2 861
10087 1 1266
10096 1 2420
10101 3 12486
10104 6 780
10112 1 593
10144 1 3206
10145 1 697
10161 1 996
10231 4 9229
10275 1 1016
10278 8 2690
10280 1 1373
10289 1 8941
10294 1 437
10308 1 1840
10336 1 1025
10356 1 1443
10405 1 808
10421 6 740
10423 1 1332
10442 1 1664
10450 1 4672
10467 1 1457
10493 1 727
10502 2 700
10516 4 286
10528 1 2643
10542 1 3137
10560 1 518
10591 1 7784
10612 1 1376
10623 3 1141
10661 1 508
10665 4 3903
10667 1 1994
10670 2 1360
10684 1 1501
10685 1 2839
10693 1 1867
10703 1 519
10707 1 272
10708 1 307
10709 1 344
10721 2 782
10725 1 432
10731 1 2189
10738 1 955
10755 1 1298
10843 3 1551
10861 1 3297
10893 1 358
10907 1 1022
10940 1 7910
10950 1 513
10957 1 482
10977 1 1721
10995 2 1588
10998 1 1691
11015 1 548
11082 1 415
11098 1 159
11127 1 1514
11128 1 788
11147 1 120
11155 1 471
11162 1 655
11164 1 432
11179 1 646
11183 1 477
11194 1 1656
11214 1 1706
11248 14 11766
11253 1 284
11256 1 595
11258 1 1346
11269 2 1254
11292 1 1815
11302 2 710
11362 2 2542
11363 5 8263
11369 2 3826
11382 1 1292
11384 3 268
11386 1 1182
11423 1 440
11455 1 906
11497 1 1516
11503 1 2514
11507 1 3105
11566 2 877
11574 1 523
11599 2 1132
11603 1 1444
11628 1 1714
11650 2 1881
11704 1 759
11744 2 415
11745 1 1277
11751 1 2194
11759 1 2876
11763 3 739
11766 1 950
11776 1 107
11854 2 3272
11861 2 1107
11866 2 1990
11949 1 3637
11973 1 1285
11976 1 521
11996 1 1491
12026 2 459
12051 2 453
12057 1 392
12064 1 255
12067 1 434
12076 1 130
12082 1 106
12083 2 90
12087 11 351
12092 1 97
12095 1 528
12111 1 1131
12156 7 13898
12164 1 3148
12171 1 5724
12174 4 961
12188 1 909
12201 1 1165
12210 2 602
12216 3 1004
12222 1 2012
12223 1 6167
12232 1 1252
12248 2 1195
12257 2 3211
12278 1 2692
12326 1 4527
12343 1 248
12350 1 1687
12365 11 8585
12368 1 307
12378 1 835
12384 2 4014
12388 1 3483
12391 1 726
12408 1 723
12419 2 3083
12421 2 2680
12430 1 1737
12434 2 2955
12442 1 826
12462 1 908
12465 1 1108
12488 1 178
12492 1 1681
12494 1 1170
12514 1 6560
12520 1 6343
12526 2 21005
12577 1 1545
12592 1 1277
12594 1 1691
12601 1 3000
12627 5 4932
12628 4 1841
12629 2 2039
12641 1 1246
12642 1 2067
12647 3 4896
12653 1 1822
12658 6 1221
12674 2 6435
12680 4 1610
12695 1 1648
12702 2 776
12704 1 5255
12712 2 2391
12751 1 5083
12753 1 3395
12783 2 4316
12786 5 7289
12807 1 2985
12808 1 3060
12809 1 1615
12812 2 728
12814 8 46677
12818 1 3788
12821 6 1412
12851 2 2088
12889 1 1525
12906 5 2925
12912 1 1229
12963 2 1118
12964 1 825
13004 1 2478
13031 1 1525
13058 5 11569
13068 1 327
13081 1 734
13084 1 1445
13104 1 1437
13122 3 8864
13125 1 639
13126 1 890
13136 1 838
13152 1 145
13156 1 3209
13157 1 3217
13158 1 2677
13189 2 1276
13212 1 3298
13226 1 4464
13233 1 893
13275 1 187
13290 2 1648
13299 1 524
13305 1 660
13313 1 1497
13331 1 948
13332 1 14933
13344 3 5744
13365 1 879
13381 3 4238
13382 3 1460
13405 2 641
13407 1 3423
13412 1 1736
13455 1 1324
13458 2 1508
13460 1 169
13472 1 2549
13479 6 5487
13486 3 7532
13499 1 5895
13508 2 6492
13518 4 16194
13520 1 4296
13535 2 2364
13544 1 1201
13546 1 3149
13570 1 456
13574 1 1305
13607 1 814
13623 1 549
13656 1 1364
13659 1 3326
13695 1 2748
13709 1 1718
13737 1 72
13768 2 608
13780 1 685
13807 3 1095
13825 1 1811
13828 1 613
13841 1 4015
13854 1 835
13858 1 591
13860 1 460
13861 4 3305
13862 7 3335
13863 9 3445
13864 4 867
13875 3 2890
13896 1 1368
13900 2 303
13912 3 6746
13926 1 655
13939 1 1157
13965 2 3628
13982 1 3750
13985 2 11629
13995 1 444
14000 1 859
14006 1 1552
14022 1 104
14046 1 1429
14057 1 391
14077 1 774
14080 1 51830
14085 1 1012
14096 1 2291
14102 3 1027
14105 2 9306
14136 2 1858
14137 1 447
14172 1 928
14195 3 963
14212 1 12149
14215 3 754
14219 1 483
14226 2 681
14263 1 1981
14277 1 1582
14278 1 1192
14280 1 2667
14292 8 11958
14299 1 86
14300 2 445
14335 1 271
14356 1 893
14359 4 505
14360 2 1012
14366 1 1072
14373 1 6743
14463 1 574
14482 1 4658
14498 1 1088
14506 1 1097
14518 4 1186
14542 2 1154
14555 1 2701
14560 1 1173
14578 1 382
14593 1 821
14607 1 356
14612 1 744
14647 1 982
14648 1 339
14656 2 863
14692 1 3976
14714 1 5738
14725 1 561
14728 2 2287
14735 1 1483
14737 1 604
14755 2 2245
14792 1 1326
14801 1 446
14810 1 814
14817 2 1340
14822 1 538
14829 1 1080
14830 1 8170
14831 1 8171
14832 1 8172
14857 1 656
14858 1 3107
14868 1 1699
14869 1 469
14881 1 2726
14983 10 339
14984 3 261
14995 1 1056
14999 1 2703
15008 1 303
15028 2 4600
15035 1 983
15050 1 1758
15052 1 731
15075 1 3631
15092 4 2742
15099 4 5771
15109 1 1344
15136 6 875
15140 2 1513
15196 1 8919
15204 1 3771
15261 1 817
15302 1 1004
15310 29 3417
15426 1 463
15457 1 1030
15464 1 649
15470 1 794
15521 1 262
15580 1 2165
15589 1 1222
15604 1 727
15606 1 1406
15614 1 3253
15621 23 2140
15651 1 868
15659 1 763
15662 1 2550
15665 1 928
15737 1 3706
15740 1 1131
15741 1 1130
15746 1 1020
15819 1 613
15831 1 2451
15832 3 2615
15846 1 2009
15860 2 3929
15868 1 2468
15887 1 3518
15907 4 369
15909 1 750
15915 1 623
15937 3 2165
15938 2 650
15940 1 503
15944 1 2753
15981 2 1404
15983 1 341
16003 1 580
16004 1 1576
16007 3 6296
16008 4 6422
16011 1 769
16018 1 1112
16030 1 422
16037 1 409
16094 2 3553
16101 3 2125
16103 1 1875
16128 4 987
16169 2 661
16182 1 711
16196 4 1661
16197 1 2078
16204 1 3527
16216 1 836
16221 1 1793
16235 2 4462
16238 2 11763
16257 5 6019
16258 10 7609
16264 1 419
16269 1 828
16290 1 921
16311 1 2173
16322 1 2378
16331 2 900
16409 1 687
16415 1 846
16427 1 1330
16442 2 1557
16443 2 1618
16453 1 3149
16464 1 3565
16489 1 4179
16490 1 4549
16496 2 5161
16532 1 839
16543 1 444
16547 1 1030
16573 1 2315
16588 1 1592
16589 1 3703
16590 5 3144
16591 13 6896
16593 5 1551
16594 1 483
16624 1 1916
16625 1 1578
16634 3 1294
16635 27 7678
16655 2 808
16679 1 232
16710 1 311
16722 3 5137
16726 1 821
16727 1 744
16748 1 3753
16760 1 627
16774 1 1246
16776 1 539
16790 1 143
16797 1 2473
16800 1 2525
16810 2 2137
16813 1 4537
16823 1 478
16829 1 1094
16835 1 3680
16836 1 4094
16841 1 3185
16843 3 15992
16845 2 8711
16850 2 4537
16870 1 1104
16871 1 1031
16872 1 1005
16873 1 1059
16887 1 2199
16893 2 5510
16912 1 1012
16926 1 1923
16935 1 3050
16936 1 3648
16937 1 793
16943 2 10757
16948 1 966
16952 1 7998
16958 2 5800
16959 1 889
16968 2 2878
16978 1 1563
16981 4 1907
16995 1 4866
17004 2 2316
17005 3 2314
17006 1 1202
17008 1 658
17015 1 600
17018 1 1528
17027 2 6203
17028 1 1380
17029 1 661
17048 1 1204
17049 1 1216
17050 1 1042
17051 1 1194
17052 1 1174
17053 1 1456
17055 1 965
17065 1 907
17071 3 2160
17072 2 1836
17085 1 1385
17113 2 4319
17114 2 6140
17116 1 3516
17121 2 6700
17141 2 1634
17168 1 3800
17182 4 3085
17184 1 4374
17189 1 5992
17199 1 1582
17200 2 619
17202 2 2274
17237 5 448
17244 1 10025
17255 1 1594
17256 1 529
17257 1 2138
17258 1 1211
17259 1 702
17292 1 2207
17312 1 1027
17316 3 1581
17321 1 1749
17324 1 1401
17330 1 984
17357 1 1520
17363 1 2096
17384 1 2933
17388 1 471
17402 1 3104
17407 5 987
17411 1 441
17419 2 1979
17454 1 2094
17460 2 608
17467 3 6562
17483 1 280
17520 3 955
17523 1 709
17541 1 728
17570 1 5402
17589 1 12110
17592 2 3800
17613 1 2393
17646 1 976
17648 1 1079
17658 2 2113
17669 4 5167
17670 3 5050
17671 3 3280
17672 3 4557
17715 1 1230
17716 4 2066
17721 1 839
17758 3 28986
17789 1 2222
17790 1 2095
17803 1 909
17804 1 2146
17810 2 1705
17816 1 2870
17817 3 6494
17818 1 4410
17843 1 1862
17847 1 1020
17864 1 1385
17870 1 2093
17873 1 449
17904 1 6041
17914 1 844
17915 1 834
17924 2 1673
17971 1 435
17991 4 313
18011 1 552
18036 1 3329
18044 1 1073
18051 2 1999
18054 2 2177
18072 1 729
18102 2 1712
18113 1 811
18115 1 697
18117 2 2036
18148 5 989
18174 1 1018
18221 1 339
18226 1 1550
18228 2 4817
18263 3 2623
18272 2 367
18275 1 895
18295 1 509
18325 1 1711
18341 1 768
18350 1 1610
18355 6 1022
18356 6 502
18357 6 824
18360 1 1158
18385 1 6531
18399 1 1090
18403 1 917
18404 1 200
18407 1 391
18430 1 197
18438 4 452
18439 6 706
18465 2 1529
18478 1 619
18514 1 993
18517 1 1038
18519 2 1780
18520 2 1776
18521 2 2145
18522 3 1484
18526 1 2537
18531 1 2147
18567 1 1311
18577 1 810
18581 1 3194
18588 1 1245
18592 1 1762
18597 3 6498
18598 1 271
18600 1 123
18620 4 3943
18621 2 5046
18622 1 5539
18653 1 4815
18701 1 2590
18720 1 673
18729 2 928
18739 3 3057
18740 1 2994
18741 1 3106
18742 1 2981
18752 4 520
18761 1 466
18762 1 911
18769 1 2940
18773 1 1318
18798 1 4126
18800 4 967
18804 1 1574
18833 2 899
18840 3 4890
18849 2 2585
18854 1 1094
18855 1 1391
18873 1 552
18879 2 3453
18880 2 2491
18884 1 836
18930 2 2682
18933 1 6035
18951 3 5208
18952 4 1218
18961 2 690
18964 1 1035
18972 1 818
18976 1 1679
18977 1 1536
18981 5 944
18997 1 2415
19003 1 2796
19023 1 2348
19038 1 2622
19043 1 4707
19065 2 704
19077 30 2958
19078 30 2988
19079 8 16454
19092 1 2849
19093 1 3292
19094 1 3568
19095 1 4478
19108 4 692
19144 1 2063
19181 1 395
19182 2 914
19194 2 5424
19366 1 1507
19368 2 1125
19369 1 1689
19371 1 1293
19375 3 4252
19384 10 5576
19385 1 2378
19387 1 872
19427 1 1218
19490 3 952
19502 1 2113
19512 6 3132
19541 1 595
19552 1 447
19559 2 6375
19560 3 8071
19566 1 874
19613 1 1146
19628 1 1346
19647 1 3406
19654 1 618
19664 1 4781
19677 1 4468
19678 2 6792
19680 2 5229
19681 1 10198
19697 1 2330
19707 1 1040
19708 1 613
19737 1 501
19738 1 444
19771 1 523
19772 1 746
19773 1 783
19774 1 725
19794 1 390
19801 1 1215
19831 1 1394
19832 1 4109
19838 2 1452
19863 1 1885
19866 2 940
19872 1 1030
19879 1 139
19889 2 7969
19893 3 6194
19895 2 3842
19897 1 3289
19912 1 1384
19935 1 1523
19938 2 1181
19943 1 1820
19945 1 1525
19947 1 452
19984 1 3052
19987 1 3502
19995 1 736
19999 1 1543
20013 1 2102
20138 3 225
20154 1 3393
20192 3 1513
20200 29 30304
20204 1 902
20205 1 890
20206 1 1631
20253 1 1358
20258 2 1250
20259 2 1301
20260 1 1299
20275 4 1592
20308 1 1500
20310 2 4111
20312 1 179
20370 1 1259
20376 1 1300
20421 3 12627
20422 4 12210
20423 3 5021
20425 3 3934
20431 1 615
20556 1 693
20560 1 55
20575 2 4332
20580 1 1866
20592 1 1002
20633 1 268
20672 4 1292
20677 1 8655
20683 1 2155
20684 3 12924
20698 2 3736
20700 2 2481
20701 1 2408
20703 1 3191
20707 2 35797
20708 1 24696
20710 1 6801
20711 2 6388
20717 1 751
20722 3 1712
20736 1 840
20740 1 931
20758 1 1375
20761 1 1261
20762 1 1247
20764 1 1304
20776 1 953
20784 1 1238
20785 2 3062
20788 1 814
20789 1 916
20802 3 1887
20811 2 4558
20820 6 528
20826 1 981
20830 3 2279
20831 1 5707
20833 1 5441
20861 1 2236
20868 2 3295
20884 1 463
20885 1 294
20895 1 432
20898 1 659
20904 12 4287
20905 2 596
20906 4 1642
20907 8 2997
20908 8 1965
20913 1 469
20916 2 2792
20921 1 983
20932 1 1475
20940 1 1860
20975 1 1229
20976 1 1898
20977 1 2515
20978 1 1565
20981 1 4198
20982 1 1098
20995 3 1840
21003 3 928
21005 6 993
21006 2 1452
21046 3 10160
21048 5 914
21063 1 1794
21064 3 674
21083 1 2413
21101 3 2647
21102 3 3237
21111 1 715
21147 1 248
21151 1 1904
21154 2 897
21165 1 1080
21167 1 420
21170 1 744
21198 1 361
21223 2 793
21246 1 465
21247 6 1482
21248 1 585
21251 2 1022
21258 1 495
21289 2 3008
21290 1 930
21292 3 1797
21296 1 476
21297 5 1091
21299 1 9163
21302 1 670
21303 1 1520
21317 1 2286
21334 2 816
21336 1 4593
21352 1 1524
21357 3 5683
21359 2 13839
21361 3 1874
21363 1 3866
21379 1 2870
21380 1 2156
21390 3 1750
21393 1 797
21420 1 4351
21459 1 817
21462 3 189
21463 1 2707
21466 4 717
21469 1 3531
21470 1 3587
21484 1 1764
21499 1 696
21503 3 13267
21504 1 2429
21509 2 1773
21510 1 679
21521 3 523
21529 1 2347
21542 2 37742
21567 1 468
21610 1 1218
21626 3 876
21632 3 2786
21637 3 10855
21662 1 3618
21669 1 1370
21694 1 752
21702 1 3125
21742 1 1069
21763 1 1527
21767 2 6211
21812 1 1909
21828 2 678
21837 1 825
21840 1 6308
21873 1 630
21874 1 404
21875 1 498
21893 1 360
21903 1 3153
21916 1 916
21922 1 2981
21940 1 962
21954 1 241
21956 3 1239
21970 1 683
22007 6 562
22010 2 988
22017 1 2683
22033 1 451
22047 1 2622
22048 3 1210
22055 1 436
22059 1 821
22060 1 1495
22076 2 1006
22090 1 193
22092 4 8456
22093 3 10393
22103 1 5529
22114 1 337
22116 1 487
22144 1 1923
22148 4 1192
22156 2 107
22159 2 2515
22161 2 6376
22186 1 1860
22197 2 477
22205 1 803
22206 2 2514
22216 2 13756
22384 1 390
22453 1 1650
22535 1 1608
22541 2 355
22546 2 1147
22547 3 5064
22581 1 338
22586 2 627
22588 2 1983
22590 1 1209
22591 2 2289
22592 1 2031
22599 1 2198
22611 1 992
22615 1 355
22616 1 353
22617 1 509
22618 2 2272
22619 1 854
22620 1 345
22621 1 340
22622 1 335
22623 1 403
22624 4 1920
22625 1 316
22626 2 843
22627 1 319
22628 2 1515
22629 1 691
22630 1 320
22631 1 1807
22632 1 327
22633 2 1926
22634 1 401
22635 1 385
22636 1 389
22637 1 387
22767 1 47
22779 1 723
22840 2 181
22864 1 581
22880 1 1358
22887 2 4212
22932 2 440
22945 1 2400
22946 1 2519
22973 3 1006
22975 1 658
22984 1 1974
23015 1 1253
23016 1 626
23017 1 220
23021 1 4030
23029 1 1645
23039 1 612
23042 1 974
23045 1 719
23100 1 317
23126 1 2676
23141 2 1243
23142 2 1243
23143 2 1243
23211 1 1665
23215 2 318
23217 1 444
23240 1 486
23251 1 328
23254 2 395
23259 2 202
23274 1 257
23278 1 305
23287 1 104
23292 1 466
23293 1 149
23298 1 459
23305 1 132
23332 1 475
23348 1 408
23363 1 3369
23366 3 1782
23370 1 1836
23403 1 3089
23411 1 2833
23433 1 82
23457 1 980
23464 15 3921
23478 1 981
23482 1 374
23497 2 1079
23505 1 1415
23514 1 8145
23542 1 590
23543 1 2015
23544 1 1694
23554 1 475
23564 1 551
23585 1 356
23656 1 885
23659 1 176
23661 1 1416
23662 1 363
23667 1 366
23672 3 3661
23688 1 2643
23691 2 1646
23693 2 664
23694 1 793
23698 1 1290
23734 1 1825
23735 1 1708
23745 1 2692
23746 2 1757
23754 1 1131
23763 1 3449
23765 3 11324
23795 5 1876
23805 1 590
23807 1 488
23896 1 3005
23908 3 854
23912 1 1243
23947 5 177
23966 1 994
23971 2 321
24006 1 3059
24021 1 655
24035 1 79
24045 1 493
24048 1 565
24053 1 447
24080 1 1052
24093 2 4836
24094 2 3157
24095 1 3720
24096 2 3824
24097 1 3411
24098 2 2429
24119 8 14616
24126 2 1376
24157 1 10311
24171 1 446
24183 1 359
24186 1 1580
24217 9 788
24229 4 631
24253 1 936
24254 1 4321
24255 1 3586
24256 2 1172
24257 2 1154
24265 1 3355
24278 3 651
24279 3 651
24298 1 438
24344 2 1323
24357 3 1310
24391 1 892
24442 1 665
24451 2 2059
24452 1 2427
24462 1 8468
24467 2 491
24475 2 2124
24503 1 924
24506 1 7516
24510 2 918
24520 3 1701
24537 1 742
24539 5 3939
24540 5 4575
24541 4 5645
24542 1 979
24549 2 693
24567 1 1635
24574 1 3225
24596 1 3667
24664 1 216
24668 3 6702
24705 1 500
24714 4 575
24721 1 414
24736 1 818
24748 1 4627
24750 4 6415
24787 2 437
24807 1 3878
24824 1 1881
24827 1 1654
24831 4 1440
24842 1 3916
24847 2 1506
24853 1 398
24854 1 817
24882 1 8171
24883 1 8171
24915 1 652
24916 1 606
24918 1 194
24919 1 194
25014 3 261
25015 3 219
25024 1 989
25039 1 368
25040 1 340
25053 3 1722
25084 1 731
25087 1 1470
25141 1 456
25143 1 1215
25150 1 1598
25152 1 134
25153 2 3748
25154 2 4423
25175 1 4293
25184 1 896
25246 1 2093
25265 1 2233
25277 1 1839
25352 1 661
25353 1 382
25413 2 1011
25429 3 2282
25455 1 509
25493 1 811
25521 1 328
25523 1 1166
25534 1 243
25541 1 561
25545 2 2403
25553 1 3595
25555 1 3167
25562 1 3195
25613 3 432
25622 1 831
25655 3 2371
25710 2 937
25771 2 2483
25782 1 1018
25783 1 3260
25787 1 1161
25867 1 623
25960 2 313
25986 1 400
26013 2 226
26020 2 535
26022 2 707
26034 1 378
26052 1 785
26077 3 2040
26144 1 765
26147 2 924
26154 1 1382
26203 1 970
26210 1 1293
26253 2 525
26292 2 776
26327 1 915
26332 2 1975
26337 2 1218
26359 1 3794
26383 1 641
26411 2 2625
26431 1 2088
26449 2 7560
26465 2 1529
26477 1 1705
26498 1 32423
26507 5 4226
26541 15 4809
26542 1 1082
26579 1 1078
26584 2 1355
26586 1 2458
26622 1 3312
26630 1 629
26631 4 8025
26641 2 4691
26668 3 3364
26673 1 1184
26701 1 827
26702 2 2067
26746 2 568
26751 1 124
26767 1 514
26779 12 705
26791 4 4660
26797 1 1479
26813 1 1462
26825 1 2133
26870 2 3124
26872 1 717
26893 2 2171
26930 1 467
26980 1 1029
27033 2 320
27061 2 146
27065 1 534
27100 1 528
27105 1 392
27166 1 379
27182 3 3254
27207 1 1176
27208 1 1202
27209 1 800
27264 2 750
27292 1 1239
27300 2 2411
27307 1 570
27328 1 1057
27376 1 1008
27379 1 931
27385 1 728
27394 1 1701
27409 2 4419
27412 3 1992
27415 1 328
27427 1 1701
27431 2 2548
27433 1 1079
27456 1 1833
27461 1 4148
27471 1 350
27501 1 383
27504 1 650
27510 1 1431
27521 2 1461
27524 1 2332
27531 1 1681
27541 5 461
27545 1 991
27547 1 742
27548 1 1189
27559 1 665
27576 2 2018
27579 1 1272
27607 2 1453
27613 2 3476
27619 1 1247
27623 4 2360
27675 2 1003
27678 1 708
27700 4 2268
27701 1 402
27725 5 539
27727 1 2086
27742 1 1177
27758 2 1663
27761 1 1167
27773 1 1301
27779 2 4121
27782 2 1620
27808 4 2245
27831 1 1261
27832 1 1102
27833 1 795
27838 1 2876
27848 1 1948
27862 1 8511
27867 1 1485
27873 12 444
27881 1 1142
27936 1 877
27966 3 226
27967 3 427
27968 5 464
27978 1 1869
27988 1 338
27992 1 1645
27993 1 1601
28006 1 1748
28031 2 1140
28032 1 1700
28034 1 1005
28038 1 1449
28040 3 4385
28050 1 1132
28076 2 1785
28089 1 1360
28090 1 339
28091 2 2614
28097 1 685
28101 2 883
28103 1 5130
28117 5 2403
28122 1 1430
28124 1 1275
28154 1 527
28164 2 328
28166 1 327
28168 1 321
28202 1 1911
28203 1 1911
28204 1 1911
28225 1 2588
28232 1 294
28255 1 103
28257 1 3449
28266 1 1597
28269 1 2495
28271 1 1650
28280 2 2119
28302 1 1228
28333 1 485
28343 2 610
28418 2 2121
28435 2 922
28466 1 10312
28467 1 8583
28468 1 8583
28469 1 8615
28481 1 771
28622 10 314
28623 6 450
28624 5 476
28625 5 421
28662 1 730
28663 1 903
28682 1 1576
28683 2 1939
28698 2 2256
28711 1 2834
28727 1 670
28728 1 674
28741 1 311
28742 1 450
28750 3 4089
28779 4 1212
28783 1 708
28789 1 398
28799 3 4713
28806 1 4379
28807 1 876
28811 1 1831
28812 1 680
28829 4 1738
28837 1 499
28838 1 3316
28871 1 2000
28883 2 1741
28932 2 349
28936 1 360
28946 1 974
28951 1 4581
28959 1 1911
28960 1 1911
28961 1 1911
28962 1 1911
28963 1 1911
28964 1 1911
28988 1 821
29007 1 270
29045 2 1313
29065 1 1104
29081 1 1817
29089 6 4866
29144 1 2485
29154 1 549
29169 1 532
29182 2 839
29289 1 351
29291 1 488
29306 1 813
29331 1 309
29351 1 2081
29366 1 1080
29373 1 701
29375 1 871
29396 2 8576
29399 1 1118
29410 1 300
29520 1 443
29529 1 4211
29530 1 1631
29579 1 298
29580 1 257
29584 1 1507
29585 1 154
29598 1 365
29599 3 1621
29607 1 1086
29628 6 3312
29629 2 1492
29630 2 1791
29631 1 1819
29632 2 2000
29637 2 2315
29648 1 8110
29785 3 1968
29812 1 962
29813 1 1004
29823 3 2631
29873 2 2458
29876 2 1991
29880 1 1752
29889 2 594
29905 3 921
29948 1 425
29991 5 10803
30039 1 848
30049 1 962
30050 1 774
30057 1 1443
30073 4 2480
30077 1 3556
30128 3 1329
30137 3 5022
30158 2 1827
30164 2 2045
30191 1 312
30197 1 3083
30206 2 312
30214 1 249
30233 1 124
30263 1 761
30277 1 1384
30300 2 6017
30301 1 1460
30302 8 510
30307 4 3452
30314 5 1766
30325 2 1728
30345 2 764
30351 1 4754
30352 1 5973
30372 1 492
30379 3 1010
30382 1 1172
30438 2 1750
30481 1 967
30510 1 2362
30516 1 781
30533 1 268
30552 1 4502
30599 1 924
30609 1 3139
30622 3 2448
30632 1 1052
30642 1 3081
30661 1 2882
30690 10 313
30691 3 407
30704 1 389
30709 3 739
30752 1 1610
30757 1 1418
30803 1 729
30804 2 10416
30805 1 1056
30820 1 2711
30827 1 663
30830 1 1174
30832 1 578
30878 2 1359
30882 1 395
30887 1 10988
30913 2 1800
30919 1 487
30924 3 359
30936 2 2343
30947 1 1608
30953 1 4469
30973 8 7204
30985 1 455
31003 1 534
31013 1 947
31017 1 781
31045 8 24677
31052 1 3636
31084 1 929
31085 4 2635
31089 1 1949
31090 1 1205
31094 1 7803
31122 1 324
31138 1 481
31186 1 649
31187 1 579
31244 1 603
31272 1 586
31289 1 1482
31311 2 3229
31320 1 2381
31322 2 1237
31327 1 3711
31343 2 1798
31387 1 1573
31388 1 487
31408 1 273
31419 1 1480
31422 1 1455
31488 1 509
31489 1 623
31492 1 641
31494 1 233
31514 1 617
31544 2 2626
31555 1 1195
31574 3 659
31652 1 525
31689 2 2682
31723 2 9877
31731 1 3982
31755 1 1317
31760 1 1909
31774 1 1024
31797 2 1376
31829 1 14263
31854 1 297
31859 1 1265
31860 5 1825
31869 1 1376
31890 2 1127
31892 1 557
31901 1 567
31925 1 841
31929 2 15160
31930 1 4739
31933 1 1078
31939 1 888
31954 1 2261
31960 1 1028
31973 1 1614
31986 4 910
31994 1 367
32002 1 1104
32012 1 560
32019 2 4793
32022 1 463
32023 2 2558
32033 1 1250
32193 1 678
32204 1 379
32242 1 1349
32270 1 1127
32280 1 932
32283 1 470
32288 1 3260
32299 1 3515
32314 1 2456
32345 1 1361
32364 1 538
32376 1 3793
32379 1 285
32388 4 24490
32398 1 1410
32399 1 1839
32403 1 357
32409 1 897
32426 1 3386
32491 3 6991
32551 3 1569
32561 1 832
32584 2 2115
32619 1 377
32687 2 1255
32713 7 1212
32733 1 964
32749 1 1148
32767 2 1580
32871 1 1078
32893 3 512
32896 2 563
32899 1 415
32912 3 536
32936 1 137
32950 1 166
32958 1 1960
32972 15 11367
33020 1 384
33056 2 512
33076 1 1741
33079 1 3096
33090 2 1529
33091 1 10334
33107 2 1135
33133 1 1216
33161 1 1338
33185 1 1186
33188 1 10275
33190 1 1142
33215 1 1134
33230 1 235
33240 4 9576
33246 1 1782
33247 5 546
33261 1 726
33262 1 744
33268 1 3327
33272 1 1656
33275 1 1122
33286 2 1992
33288 2 1410
33289 2 309
33290 1 1065
33304 1 1326
33319 1 2701
33325 5 657
33328 2 3420
33331 1 622
33333 2 6676
33334 1 2979
33337 1 696
33354 1 1212
33358 1 553
33359 1 890
33403 2 5506
33423 1 1474
33435 1 698
33442 1 527
33456 1 957
33460 1 421
33467 1 415
33470 1 1076
33511 4 437
33516 1 1170
33521 2 744
33543 3 366
33544 1 2303
33557 1 471
33585 3 3694
33586 3 2998
33590 1 3769
33631 2 2116
33655 1 334
33668 1 1612
33681 2 859
33687 3 1874
33689 1 2181
33692 2 738
33695 2 3294
33712 1 518
33751 4 3258
33766 1 1101
33772 1 680
33792 2 972
33816 3 651
33817 3 651
33818 3 655
33819 1 4941
33831 1 6374
33847 1 7078
33848 1 1439
33850 1 1130
33857 1 644
33873 1 630
33889 2 1189
33890 1 1069
33904 3 1776
33909 1 1260
33910 1 1095
33911 1 683
33913 2 1278
33924 3 11847
33925 2 684
33929 1 409
33934 3 833
33935 2 765
33938 2 5544
33939 1 3908
33940 1 913
33942 5 1795
33943 4 2181
33944 3 1449
33953 2 719
33954 1 766
33957 3 507
33964 1 780
33976 2 978
33985 1 1091
34001 2 1517
34020 1 603
34022 4 1978
34035 1 2575
34039 6 23394
34042 1 449
34043 1 547
34046 10 3718
34060 1 452
34084 2 1320
34085 9 4021
34086 8 3765
34087 5 3646
34090 1 2456
34097 2 1166
34103 2 907
34150 1 1435
34170 4 771
34191 2 1190
34197 2 2057
34289 1 2981
34298 3 6813
34304 2 1756
34318 1 1326
34330 1 590
34356 1 733
34371 9 1014
34372 9 3359
34384 1 748
34387 1 660
34394 1 8616
34400 1 1529
34405 1 235
34465 1 5422
34467 5 838
34473 1 48
34484 3 1718
34496 1 1346
34528 4 3693
34534 1 1101
34540 1 975
34545 1 1028
34559 1 1551
34561 1 870
34581 1 840
34614 10 347
34615 4 464
34619 1 2069
34671 1 390
34687 3 327
34689 2 1908
34700 1 611
34706 2 1801
34708 2 1716
34715 1 489
34724 1 1355
34732 1 185
34758 1 349
34790 1 662
34794 1 1523
34795 1 4142
34851 1 587
34860 5 3758
34861 5 4582
34881 1 2427
34883 2 1692
34901 1 18201
34905 1 1534
34940 1 289
34946 1 1109
34986 1 1778
34995 1 3471
35020 1 1589
35041 3 7162
35043 1 155
35064 2 1243
35065 2 1243
35066 2 1243
35085 1 333
35148 1 1369
35149 1 9307
35154 1 1597
35170 1 1948
35211 2 273
35212 1 617
35245 2 77
35270 1 426
35303 1 143
35313 1 100
35333 4 5425
35340 4 4545
35341 3 814
35362 1 286
35363 1 1516
35368 1 2496
35378 11 803
35387 2 4967
35389 1 1068
35444 1 1003
35452 1 540
35456 1 2136
35507 2 1988
35518 5 750
35524 1 2484
35534 1 2007
35538 1 1446
35547 1 946
35586 1 1245
35602 3 651
35640 1 543
35645 1 3206
35677 2 2037
35687 1 909
35718 1 408
35722 1 318
35743 3 4461
35751 1 835
35760 6 5014
35767 2 2251
35771 6 5813
35773 1 1187
35786 1 577
35787 1 681
35788 1 231
35791 1 1953
35795 1 1082
35798 2 1407
35799 3 2340
35816 1 836
35824 2 3392
35828 2 5244
35837 1 2391
35844 1 1135
35852 1 3364
35868 1 272
35869 2 979
35890 1 199
35893 1 1446
35900 1 425
35906 2 1780
35909 3 3424
35918 5 430
35926 3 1322
35937 3 4486
35938 1 739
35946 1 3409
35955 1 1580
35989 2 5185
36034 1 1983
36042 1 6053
36043 1 1885
36046 1 967
36069 1 2227
36070 1 550
36084 1 1618
36109 3 12698
36129 2 1661
36134 2 19793
36170 1 168
36178 1 4277
36198 1 821
36214 1 2240
36220 1 531
36227 2 563
36257 1 1362
36264 1 1039
36286 1 1718
36287 1 1827
36290 1 1878
36331 1 613
36335 1 584
36336 1 5447
36344 1 1190
36348 1 1204
36363 1 2502
36383 4 2040
36385 1 928
36391 1 7515
36414 1 3031
36429 9 1513
36497 1 1543
36498 1 8241
36546 1 1536
36549 1 667
36558 1 1161
36559 1 2030
36599 1 542
36605 2 1696
36606 2 313
36627 1 331
36644 1 155
36653 2 89
36675 3 6019
36692 1 1033
36696 2 816
36705 1 487
36718 1 910
36732 18 18263
36753 1 993
36775 2 4563
36797 1 6365
36800 1 994
36818 1 1244
36832 2 4358
36881 3 1464
36884 1 1553
36893 1 726
36905 3 967
36913 2 3173
36937 1 187
36943 1 2403
36945 2 21910
36946 3 651
36954 1 1023
36956 2 4551
36957 1 559
36958 1 285
36961 1 1431
36962 1 5960
36991 1 430
37022 1 649
37025 1 811
37028 3 1017
37091 1 1834
37096 1 311
37106 4 3136
37126 1 1157
37164 1 3578
37174 1 1808
37177 3 10680
37182 11 13117
37187 1 3415
37193 1 4630
37196 4 1139
37197 2 3237
37252 2 192
37267 2 1801
37307 2 1003
37321 1 1056
37323 1 7159
37335 1 4505
37359 1 2181
37361 1 1594
37362 1 1647
37379 1 1264
37409 1 2886
37419 1 13883
37425 1 4184
37427 3 7481
37434 5 6835
37441 1 2218
37442 1 505
37446 1 948
37502 1 1948
37504 1 903
37505 1 759
37509 1 1007
37514 1 866
37547 2 1110
37550 1 1723
37566 1 1800
37573 1 551
37576 1 1478
37589 1 989
37592 2 1922
37597 2 824
37613 1 1538
37687 1 753
37696 2 1183
37737 1 1881
37787 1 193
37788 1 983
37830 10 484
37831 3 250
37846 1 304
37856 1 3403
37892 1 5282
37908 1 427
37923 1 597
37929 1 2603
37932 3 17484
37948 2 900
37951 1 902
37953 1 901
37954 1 902
37984 1 1580
37985 4 1036
38073 3 1947
38074 3 1582
38078 1 526
38089 1 3093
38090 1 790
38100 7 1085
38123 3 2113
38130 1 2260
38135 1 2718
38140 1 1404
38157 3 3920
38174 1 129
38177 2 1445
38189 4 3745
38202 1 457
38225 1 482
38259 2 1539
38260 4 1664
38292 1 557
38305 1 744
38309 1 1508
38325 1 386
38353 2 317
38354 2 317
38369 1 214
38383 2 443
38385 1 613
38386 1 464
38392 1 192
38411 1 2671
38412 1 2954
38413 1 6145
38414 1 1768
38415 3 871
38441 2 3038
38445 1 2338
38448 3 6071
38484 4 1425
38485 2 606
38491 3 770
38502 1 1471
38526 4 1143
38529 1 1224
38542 2 2357
38561 1 1357
38562 1 519
38564 4 4067
38574 2 2305
38614 3 855
38673 3 651
38677 1 584
38679 1 4243
38689 1 1157
38690 1 994
38691 1 1108
38692 1 1658
38702 1 337
38711 2 2289
38712 3 9962
38725 1 2848
38729 2 807
38730 2 754
38731 2 818
38733 1 798
38736 1 1093
38739 1 934
38747 1 989
38752 1 1447
38757 3 883
38758 3 1048
38759 1 150
38760 1 193
38778 2 3309
38780 1 918
38782 1 1808
38796 1 3677
38797 4 1539
38801 2 682
38802 1 4212
38803 1 1055
38808 3 2666
38831 2 986
38840 4 2481
38857 1 1230
38889 1 779
38890 1 934
38891 1 3038
38894 1 828
38895 1 402
38904 1 64
38907 4 4305
38953 2 2359
38964 1 973
38971 1 373
38975 1 912
38985 1 1422
39015 1 2466
39030 1 612
39031 6 159
39038 4 1980
39058 1 334
39059 1 366
39068 1 6017
39083 6 2721
39084 6 4248
39085 7 4795
39094 1 270
39115 1 1536
39157 1 1476
39163 1 879
39169 2 982
39180 1 1551
39183 1 4477
39187 2 715
39188 1 577
39210 3 1517
39240 1 1187
39241 1 7079
39257 1 2445
39275 1 1055
39278 1 5705
39283 1 2198
39305 1 783
39307 19 2173
39311 1 2070
39329 2 32477
39399 1 215
39437 1 354
39438 1 379
39440 2 869
39448 1 3136
39453 1 574
39457 1 1408
39496 1 897
39497 7 5496
39501 2 2201
39592 1 1058
39617 1 698
39690 1 2140
39693 1 994
39705 1 2975
39767 1 322
39782 1 1509
39788 2 315
39796 1 688
39797 1 2288
39799 1 994
39840 1 536
39842 1 272
39890 3 581
39929 1 1959
39934 1 1007
39939 1 2186
39958 1 1932
39978 30 30166
39999 2 4187
40020 1 704
40034 1 811
40053 1 3632
40059 1 938
40060 2 1447
40065 2 3427
40098 1 1634
40110 1 1588
40113 1 2948
40143 1 576
40145 1 1180
40149 2 1770
40152 3 601
40155 1 849
40157 1 647
40164 1 886
40165 2 439
40176 1 1287
40194 2 582
40195 2 521
40196 2 319
40198 4 5290
40222 1 1055
40241 3 651
40248 1 986
40249 1 903
40251 4 1196
40259 2 883
40287 2 10480
40297 3 915
40361 2 901
40372 2 996
40379 1 182
40382 1 2344
40394 1 481
40401 1 2725
40407 1 2371
40414 1 3454
40433 1 3797
40438 1 4462
40441 2 702
40444 1 1611
40445 1 1917
40456 2 23
40466 2 136
40479 1 1354
40547 3 1707
40557 3 979
40579 2 4144
40585 1 1235
40599 2 1239
40600 1 555
40624 1 1840
40627 1 1351
40628 1 402
40632 1 358
40648 9 7183
40652 1 1291
40668 1 3116
40676 1 1343
40681 1 420
40692 2 1154
40693 1 1541
40694 1 906
40695 15 8337
40696 19 6423
40697 1 2727
40721 1 200
40734 1 974
40764 1 793
40770 1 1680
40774 1 1038
40805 1 695
40816 1 1398
40819 6 10440
40865 1 1021
40897 2 2888
40899 2 5270
40915 1 521
40926 4 4236
40949 1 291
40950 1 408
40951 1 869
40954 1 224
40959 3 5445
41021 5 1682
41028 3 514
41043 1 665
41044 1 430
41059 1 283
41072 1 1072
41077 1 1806
41096 1 185
41101 1 750
41103 1 2097
41113 2 1884
41155 1 985
41187 2 1739
41192 1 1154
41231 1 504
41238 2 4035
41253 1 654
41263 1 2085
41272 1 995
41286 1 632
41298 1 756
41299 1 1272
41305 1 169
41306 1 2294
41327 1 4020
41328 2 3986
41341 2 1666
41439 1 2390
41440 2 1243
41441 2 1243
41442 2 1243
41443 2 1243
41444 2 1243
41445 2 1243
41446 2 1243
41452 1 683
41463 2 124
41526 2 313
41567 1 363
41574 1 163
41594 1 268
41597 2 680
41599 1 458
41633 1 493
41641 2 437
41646 1 67
41676 3 1348
41698 1 3701
41726 1 2949
41778 1 1214
41779 1 683
41822 1 1997
41842 1 1367
41848 1 605
41853 1 4530
41856 1 773
41884 1 964
41907 3 651
41935 1 1302
42020 2 2292
42025 2 9933
42028 3 3931
42049 1 2797
42052 1 1735
42053 1 3174
42075 1 1237
42083 1 1108
42085 4 6194
42086 2 754
42088 1 1078
42129 1 4735
42141 6 1064
42147 1 515
42148 1 3966
42149 1 9906
42155 2 2406
42161 1 9423
42172 2 2686
42207 1 824
42238 1 1943
42259 1 570
42290 1 3287
42292 1 1752
42321 1 1615
42345 1 323
42346 1 788
42347 1 848
42356 2 4608
42390 1 1124
42416 4 1931
42422 1 5724
42425 2 5948
42428 4 655
42439 1 1085
42465 1 321
42466 1 597
42476 1 2207
42485 1 1654
42496 1 489
42513 1 188
42524 5 1615
42533 3 653
42545 1 732
42559 1 2800
42569 2 3491
42573 1 1180
42577 1 1608
42580 1 8665
42585 2 2844
42595 1 978
42599 4 1553
42627 1 1127
42640 4 12636
42654 2 923
42655 1 1535
42673 1 1898
42682 1 3838
42747 2 2556
42751 1 718
42752 1 1192
42753 1 973
42763 1 6680
42767 1 8035
42769 1 8334
42777 1 1444
42817 1 1368
42852 3 512
42853 3 598
42855 10 3481
42914 1 1101
42922 1 1156
42928 1 2793
42966 1 1895
42981 18 614
43011 2 1189
43020 1 2004
43058 4 438
43061 3 3075
43120 1 815
43150 1 9162
43185 19 624
43230 1 2504
43242 3 552
43253 1 1588
43264 1 415
43280 4 155
43324 2 319
43332 1 994
43347 2 1044
43348 1 1318
43354 1 161
43373 1 500
43378 1 402
43394 1 406
43395 1 525
43402 2 378
43446 9 8554
43456 2 1012
43470 1 3949
43471 1 1044
43474 1 2661
43477 20 22611
43538 2 2943
43546 1 1261
43547 2 1029
43576 1 5522
43577 1 3389
43580 1 992
43599 1 486
43603 3 400
43607 1 742
43621 1 465
43658 1 779
43668 4 207
43681 3 651
43684 2 438
43747 1 7125
43749 4 2541
43772 1 1303
43791 1 895
43798 1 5617
43804 3 3750
43807 2 618
43830 1 948
43859 1 266
43890 2 2794
43898 1 2947
43900 1 1267
43933 1 748
43935 1 3104
43939 1 586
43999 1 5400
44000 2 1084
44024 2 1787
44063 2 772
44080 1 3596
44081 1 4117
44099 1 1566
44101 1 1035
44105 1 2359
44106 1 3394
44107 4 1972
44170 2 531
44175 1 865
44212 1 1650
44214 1 347
44259 2 776
44263 1 624
44265 1 736
44269 1 271
44278 1 306
44286 7 5425
44287 3 3176
44337 1 528
44362 3 3685
44387 1 500
44394 1 2869
44410 1 768
44419 1 1293
44423 2 2828
44424 1 1183
44429 1 1727
44442 1 1179
44475 2 1091
44497 1 839
44540 1 749
44544 1 1123
44551 1 500
44574 1 1177
44581 2 1194
44590 29 3346
44705 1 503
44707 1 6048
44708 1 475
44729 1 663
44735 1 3497
44745 1 748
44751 1 774
44753 1 560
44757 1 432
44765 1 411
44874 1 3594
44881 1 3374
44899 1 781
44901 1 798
44908 2 1142
44909 1 742
44929 2 474
44954 2 8549
44955 5 7733
44956 1 7041
44957 4 10010
45067 1 948
45083 1 811
45098 2 1554
45158 2 453
45161 2 1863
45166 1 2013
45246 1 2149
45254 1 467
45264 3 1437
45355 1 912
45356 1 680
45376 1 1359
45399 1 372
45404 1 1086
45435 1 1178
45436 1 399
45594 3 586
45619 1 415
45676 2 11251
45681 2 2190
45691 2 314
45699 1 201
45723 1 103
45728 1 398
45729 1 497
45731 3 582
45742 2 459
45749 1 70
45754 2 616
45773 1 235
45785 1 589
45791 1 72
45801 1 457
45814 1 3034
45816 1 899
45826 6 8235
45848 1 436
45851 2 2388
45859 19 21421
45882 1 1165
45887 9 382
45891 1 1092
45954 1 399
45956 1 4392
45958 1 2336
45966 1 349
45972 1 1715
45988 1 561
45998 1 1047
46003 3 313
46018 4 200
46030 1 415
46066 1 1672
46087 1 1968
46091 4 659
46126 2 1522
46151 1 537
46153 1 3988
46168 1 2539
46169 3 5011
46171 1 2235
46172 1 1337
46241 2 2498
46244 1 3024
46282 1 4059
46284 3 2305
46289 1 4086
46298 1 3741
46306 4 4474
46309 1 1589
46322 1 1537
46331 2 4197
46336 1 1174
46337 1 989
46339 3 1678
46342 1 615
46349 1 578
46352 2 836
46354 1 818
46369 1 5238
46378 3 6175
46388 7 81863
46392 1 457
46424 1 741
46440 2 734
46479 5 695
46490 1 2484
46494 1 688
46513 1 2610
46523 1 419
46527 3 830
46528 5 1148
46551 1 8597
46552 1 9921
46556 1 738
46565 1 787
46584 1 460
46592 1 1676
46600 1 746
46609 1 2149
46611 10 2127
46612 7 2153
46621 1 1413
46627 2 4426
46632 1 1335
46634 1 2594
46651 1 767
46653 1 784
46687 1 1479
46690 2 843
46694 1 3602
46696 1 1298
46707 1 1302
46739 1 1076
46744 1 1837
46749 1 6951
46753 4 1413
46771 1 1801
46782 1 1711
46795 1 783
46812 1 3767
46815 1 227
46822 1 746
46830 1 501
46844 2 873
46851 1 851
46873 1 999
46895 3 1024
46940 1 1893
46952 1 2067
46954 1 5186
46961 2 1408
46963 2 1830
46966 1 824
46967 1 838
46968 2 1661
46983 1 4196
47084 2 1448
47086 1 935
47111 1 966
47137 1 1329
47139 5 6464
47148 1 1482
47160 1 4319
47190 1 1899
47195 1 4703
47199 1 3686
47200 1 618
47205 1 1857
47227 2 1148
47251 2 946
47257 1 1521
47283 1 525
47365 5 634
47382 10 6307
47394 1 1036
47432 1 756
47444 1 3470
47448 1 3217
47449 1 2847
47459 4 8496
47460 1 1813
47461 1 1226
47491 4 2517
47508 1 1236
47516 1 309
47519 1 157
47545 1 1640
47549 1 978
47554 1 912
47602 1 1013
47604 4 991
47607 1 436
47649 1 3343
47651 2 3064
47659 1 3727
47687 1 459
47736 1 1046
47737 1 438
47754 1 2467
47758 1 1263
47777 1 852
47784 3 724
47800 1 10768
47805 3 1031
47818 2 1062
47839 2 1597
47840 1 1481
47872 2 1066
47898 1 1891
47979 1 4184
47984 2 2548
48002 1 2505
48004 1 384
48005 1 1484
48006 1 202
48034 1 79
48076 1 773
48080 1 788
48094 1 1182
48124 1 1276
48131 1 637
48134 1 1655
48164 1 599
48175 1 703
48180 5 25164
48190 3 399
48206 1 1787
48222 1 3062
48223 1 2573
48224 1 3121
48251 3 1505
48269 2 11120
48271 1 1700
48279 1 1412
48281 1 702
48285 2 1127
48287 2 2481
48288 2 2866
48296 1 1337
48305 1 667
48332 1 2627
48333 1 1599
48354 2 692
48359 2 3631
48367 5 1869
48407 1 1657
48413 4 3524
48414 1 3926
48425 1 255
48442 1 664
48452 1 943
48453 1 351
48467 2 2133
48468 1 1002
48469 2 2316
48470 3 2310
48471 3 2563
48475 1 4416
48481 3 776
48482 1 13125
48483 1 13114
48484 1 13248
48490 1 1046
48498 1 937
48502 2 719
48503 1 559
48512 1 1124
48538 1 576
48545 3 3140
48546 1 2386
48560 1 550
48618 2 1867
48619 3 1429
48641 1 762
48648 1 111
48658 1 425
48660 1 978
48661 1 1320
48662 2 522
48669 1 1039
48671 2 1680
48672 1 378
48675 1 2669
48683 1 1360
48699 1 652
48701 1 802
48709 1 790
48741 1 1388
48747 1 1809
48816 1 608
48817 1 480
48818 9 3023
48835 1 872
48859 1 1008
48864 1 1135
48885 2 368
48898 1 2208
48903 1 974
48905 1 1954
48906 1 1435
48911 1 918
48914 1 1166
48915 3 841
48917 1 6627
48939 1 1135
48940 1 321
48942 1 325
48943 1 290
48954 2 4360
49000 1 3581
49005 2 2273
49015 1 2835
49024 1 917
49048 2 776
49068 1 663
49070 1 951
49074 1 2567
49087 1 275
49088 1 310
49089 1 274
49090 1 264
49108 1 255
49109 1 431
49112 1 1134
49119 1 1455
49122 2 928
49130 2 2701
49148 2 1740
49149 4 3141
49150 1 4092
49152 1 937
49153 1 973
49159 1 843
49173 9 10707
49174 1 9273
49175 3 9938
49176 2 11069
49195 4 325
49197 1 46
49223 1 782
49228 1 2111
49235 3 2114
49248 1 366
49252 1 971
49276 1 5599
49292 1 1045
49309 1 771
49321 1 462
49328 2 1138
49329 1 470
49332 2 1151
49339 2 589
49366 1 5125
49445 1 1014
49449 2 816
49454 1 2489
49455 1 2601
49459 1 3328
49462 1 543
49463 1 566
49488 1 986
49518 2 715
49540 1 892
49626 3 1327
49662 1 2884
49696 3 2912
49706 1 1142
49750 8 597
49760 1 468
49761 1 471
49762 1 486
49776 1 9407
49782 1 2062
49798 1 852
49814 1 1613
49827 1 721
49833 2 2286
49834 1 904
49842 1 2475
49844 1 6972
49849 1 1035
49863 1 1748
49896 3 1614
49904 3 1193
49919 1 2203
49922 1 1533
49971 3 2684
49972 1 602
49977 1 691
49989 1 1751
49992 1 1485
50002 1 1163
50016 3 11583
50017 1 2970
50025 3 5763
50034 1 1651
50051 1 580
50060 1 2052
50116 10 423
50117 1 695
50123 1 1225
50124 1 1198
50125 1 1136
50165 2 929
50170 1 398
50173 1 1992
50223 1 6104
50260 1 1300
50279 1 914
50288 1 2416
50297 4 616
50298 5 1458
50302 1 845
50303 1 874
50307 2 1514
50308 2 1115
50310 4 1212
50324 1 1065
50353 3 2913
50354 4 2188
50367 1 1807
50388 1 592
50389 1 685
50408 2 3892
50409 1 2104
50431 3 1740
50464 2 2946
50476 2 10882
50492 1 3702
50496 1 13128
50497 1 13268
50498 2 13445
50499 1 13093
50509 1 446
50538 1 635
50539 1 725
50541 2 2524
50591 1 296
50601 1 937
50613 3 2424
50620 2 2383
50672 3 2381
50678 1 1278
50712 1 407
50724 1 2101
50741 1 1509
50743 1 1666
50776 1 2775
50778 1 1083
50796 1 1698
50800 1 183
50814 2 2147
50853 1 3547
50862 1 880
50863 1 1020
50868 1 670
50871 1 1144
50882 2 1190
50886 2 1179
50888 4 2791
50908 1 154
50913 1 1817
50916 2 4044
50941 1 268
50942 1 244
50943 1 280
50944 1 326
50945 1 293
50946 1 241
50966 2 8029
50983 2 16660
50994 1 1421
50996 1 5411
51012 2 1432
51019 1 1182
51030 5 2989
51040 2 2089
51042 1 1865
51043 1 1273
51056 1 583
51059 2 2082
51060 2 1311
51062 1 2206
51066 3 2595
51071 1 444
51086 1 607
51093 2 935
51094 1 729
51100 1 2250
51105 2 1220
51124 3 666
51167 1 1503
51173 2 1055
51177 1 2704
51192 1 1136
51206 1 3478
51213 3 934
51223 1 1143
51287 1 135
51290 2 6381
51291 2 1801
51292 1 1220
51326 3 2077
51386 5 2055
51389 1 984
51468 3 571
51469 1 1403
51493 2 1461
51523 1 1944
51545 1 10771
51559 1 1206
51561 2 1242
51606 2 947
51607 1 320
51608 1 1170
51609 1 1170
51610 1 1170
51613 1 1134
51619 2 697
51658 1 1259
51699 1 1261
51712 1 2167
51720 1 696
51791 1 1688
51816 1 4853
51817 1 643
51839 3 9735
51843 2 6718
51856 1 495
51859 1 1363
51867 1 4614
51881 2 4113
51884 3 651
51891 1 6407
51892 1 4521
51972 1 1385
51973 1 1062
51978 2 8282
51982 1 166
52000 1 1615
52004 1 937
52005 1 756
52023 1 1212
52028 1 5224
52072 1 2361
52111 3 3330
52146 3 10691
52149 1 1612
52179 1 61
52212 1 782
52219 1 929
52227 2 801
52233 3 1302
52255 4 1523
52257 1 1138
52271 1 8131
52283 1 2127
52290 5 3280
52301 5 8406
52320 1 2961
52339 1 1963
52360 1 1402
52372 1 710
52373 2 1549
52375 1 1385
52395 2 1520
52397 1 4823
52406 1 4365
52410 1 1022
52442 1 1703
52443 3 995
52461 1 1052
52463 2 556
52466 4 3696
52473 1 1195
52480 3 2295
52486 2 2426
52521 3 231
52523 3 272
52541 1 3260
52561 1 52057
52568 1 838
52573 1 724
52676 1 649
52711 1 325
52727 1 4203
52788 1 696
52801 1 1168
52802 2 314
52829 1 338
52837 1 521
52840 1 178
52845 1 159
52847 2 348
52852 1 83
52946 2 1982
52973 1 1307
52974 4 1854
52987 4 1151
53014 1 1208
53019 2 1688
53026 2 621
53027 6 1659
53034 3 2302
53038 2 2169
53039 1 1539
53078 2 3327
53080 1 384
53091 1 1258
53101 2 1846
53106 2 506
53107 2 470
53121 3 2359
53123 1 1339
53124 1 2131
53132 1 1846
53140 3 4214
53159 4 2323
53164 1 1163
53231 2 857
53236 6 3296
53237 5 763
53253 1 488
53261 1 1586
53274 1 1660
53329 2 3895
53367 4 1856
53370 1 662
53377 2 756
53386 5 3714
53401 1 827
53402 1 3120
53406 1 1067
53407 1 664
53424 1 5193
53426 2 265
53430 6 48057
53441 2 3363
53442 1 8599
53467 2 2163
53508 1 1704
53541 1 1370
53553 4 808
53558 1 5589
53639 1 788
53645 4 1386
53653 2 2179
53666 1 305
53670 2 839
53688 2 2329
53699 1 384
53707 2 5088
53709 2 7571
53712 1 539
53715 1 726
53725 1 951
53732 1 1332
53770 1 1540
53777 1 3202
53778 3 4519
53845 1 2571
53866 4 1764
53888 1 5712
54089 10 323
54090 5 1782
54091 5 572
54093 1 4103
54109 1 330
54123 5 2152
54132 2 1427
54181 1 1395
54186 3 4524
54187 3 4739
54189 1 436
54198 1 834
54200 1 3379
54207 1 935
54218 1 612
54290 1 785
54291 1 1911
54292 1 1911
54293 1 1911
54316 1 93
54333 1 1417
54398 1 409
54407 1 905
54445 2 950
54446 1 308
54460 7 1195
54469 2 1075
54472 1 256
54485 1 4555
54489 1 878
54523 2 1390
54534 1 1649
54551 1 2055
54552 2 2960
54553 1 2793
54554 1 2063
54555 2 1171
54556 1 1505
54557 1 1040
54615 5 2552
54619 4 10647
54659 3 5192
54661 1 699
54672 1 519
54673 1 1496
54682 2 1173
54862 1 256
54892 1 691
54928 1 700
54937 1 425
54946 1 617
54961 1 1281
55026 1 432
55034 1 434
55082 1 985
55092 1 1807
55094 2 12123
55098 4 565
55128 2 1409
55138 3 482
55140 1 1485
55146 1 2594
55153 2 1633
55166 1 705
55311 1 738
55333 2 1119
55412 1 574
55413 1 691
55433 1 1983
55438 1 323
55440 1 1255
55456 1 2236
55474 1 826
55479 1 1040
55485 2 1849
55495 1 174
55496 1 5278
55497 2 4177
55498 1 5155
55536 2 49965
55545 2 3187
55549 1 998
55604 4 381
55607 2 9422
55608 2 4052
55614 2 5399
55621 1 933
55669 2 315
55733 1 908
55886 1 5463
55914 2 956
55919 1 3288
56028 2 316
56038 1 1596
56040 1 962
56068 2 377
56071 2 278
56077 2 253
56091 1 485
56105 1 167
56107 1 160
56121 1 250
56153 1 237
56154 1 135
56163 1 88
56175 1 8425
56196 1 1404
56199 1 1698
56219 1 84
56221 1 1051
56223 2 5116
56241 4 201
56246 2 536
56266 1 1037
56276 1 1882
56339 1 392
56391 1 736
56395 3 256
56400 1 2072
56418 1 1368
56419 1 1590
56420 1 1446
56421 1 1078
56434 1 1631
56455 1 337
56477 1 4251
56485 1 889
56487 2 3333
56497 1 2476
56498 1 2455
56503 1 5900
56506 1 932
56517 2 1089
56521 2 5019
56527 1 1174
56536 1 906
56538 1 427
56561 1 535
56562 3 239
56569 2 660
56580 1 1537
56591 1 1805
56593 2 1203
56601 1 474
56602 29 1212
56637 1 746
56670 1 234
56686 1 542
56699 4 1181
56700 2 2072
56703 1 2682
56714 1 1580
56726 1 517
56735 2 2263
56788 1 2350
56791 1 600
56792 1 1075
56801 5 5727
56809 1 813
56815 1 249
56816 1 1923
56839 2 8203
56852 1 1247
56861 1 1250
56876 1 1055
56885 1 1894
56915 1 4927
56926 1 688
56934 1 1064
56956 5 1447
56969 1 1209
56976 4 591
57001 2 7758
57040 26 3492
57075 1 36
57178 3 2026
57179 1 446
57226 1 11510
57231 1 3603
57320 1 1640
57346 1 431
57350 1 838
57363 2 1222
57374 1 563
57397 1 927
57408 2 3005
57410 1 2492
57444 6 927
57452 1 856
57459 1 1142
57467 1 669
57469 1 965
57472 1 297
57474 1 747
57476 1 1805
57491 1 1106
57492 1 2215
57513 1 1139
57518 1 3333
57623 1 3704
57624 1 3707
57625 1 3705
57626 1 1133
57639 1 1276
57643 1 8017
57666 1 1813
57728 1 3152
57742 1 1058
57743 1 2000
57747 2 946
57755 1 685
57769 3 3472
57770 1 537
57774 3 582
57810 1 1482
57827 1 1465
57828 2 596
57830 2 1053
57833 3 2030
57838 3 1853
57844 1 1815
57846 2 2065
57879 4 1521
57883 1 867
57890 1 2563
57905 1 576
57906 1 1412
57931 2 1340
57935 1 740
57948 1 5712
57949 1 5712
57950 1 10362
57951 1 10312
57952 1 8583
57953 1 8583
57996 1 1452
58176 3 226
58177 10 390
58178 10 430
58179 5 871
58180 5 598
58181 5 435
58182 5 493
58192 1 3058
58201 1 1355
58203 1 367
58207 2 3272
58211 1 206
58226 1 2030
58243 1 1796
58247 14 19391
58252 1 454
58254 1 301
58265 1 412
58283 1 644
58290 2 982
58296 2 1436
58304 1 685
58319 1 719
58322 1 1624
58336 1 440
58340 3 1736
58383 1 1351
58386 2 975
58388 1 1662
58392 1 1911
58393 1 1911
58394 1 1911
58395 1 1911
58396 1 1911
58397 1 1911
58398 1 1911
58399 1 1911
58400 1 1911
58401 1 1911
58402 1 1911
58403 1 1911
58426 1 1265
58462 3 1526
58474 1 1482
58530 1 364
58686 1 512
58688 1 516
58692 1 501
58694 1 520
58761 1 414
58769 1 1152
58778 3 2282
58790 1 736
58813 3 500
58825 1 1206
58844 1 3246
58865 1 1126
58888 2 1058
58894 1 1412
58895 1 1062
58899 4 1039
58906 1 269
58920 1 293
58921 1 481
58922 2 536
58934 2 2758
58940 1 4530
58942 1 289
58943 1 327
58944 1 357
58945 1 328
58946 1 387
58947 1 283
58948 1 455
58949 1 339
58950 1 295
58951 1 1996
58952 1 304
58953 1 468
58954 1 314
58955 1 325
58956 1 314
58957 1 288
58958 1 388
58959 1 373
58960 1 385
58961 1 376
58962 1 383
58964 2 5289
58965 1 5140
58966 1 5767
59045 1 1137
59064 1 2318
59066 1 222
59072 3 10092
59084 2 159
59152 3 2763
59153 1 1086
59168 1 1245
59169 1 2086
59174 1 1244
59189 1 10518
59209 1 2825
59216 1 451
59218 1 470
59260 4 521
59263 5 5357
59276 1 1484
59288 1 368
59304 1 1871
59309 1 1651
59349 1 8147
59397 2 3596
59398 1 1993
59402 2 4509
59408 1 1795
59414 1 1099
59415 3 902
59416 4 2234
59418 2 9567
59421 1 1923
59423 2 13129
59425 1 969
59427 1 1336
59435 1 1065
59436 16 608
59438 1 976
59457 2 699
59458 1 1053
59466 1 4209
59472 3 2189
59474 1 3565
59475 1 5201
59501 3 962
59507 5 1225
59508 4 1122
59514 1 1322
59527 3 1590
59528 1 1202
59556 1 2338
59566 1 766
59590 1 1196
59592 2 2574
59596 2 988
59603 1 1181
59605 1 850
59624 1 1064
59627 1 4734
59631 2 2500
59642 1 3464
59674 1 774
59683 1 635
59694 2 569
59695 2 2300
59697 1 2431
59704 2 922
59708 1 323
59728 1 826
59732 1 921
59764 10 421
59765 3 248
59766 3 202
59767 3 231
59768 3 240
59769 3 392
59777 1 6060
59778 1 2131
59788 1 337
59789 1 302
59843 2 6525
59848 1 1216
59850 2 491
59866 1 505
59894 1 735
59920 1 478
59922 1 3476
59923 1 1326
59924 1 2257
59938 1 1265
59983 1 2990
59985 1 4522
59987 2 5303
59988 5 5229
60021 1 2368
60022 1 1635
60036 1 140
60039 3 4322
60062 2 928
60063 1 3984
60064 1 3872
60065 1 3606
60066 2 4785
60069 1 3188
60079 3 1270
60091 4 976
60095 1 3074
60103 1 1494
60109 2 2379
60124 26 3277
60134 1 1270
60137 1 520
60148 1 401
60149 1 441
60151 1 423
60158 1 1763
60178 2 1325
60199 1 3044
60222 1 1082
60223 2 1232
60255 1 788
60270 7 1523
60273 1 600
60285 1 1744
60300 1 1826
60302 1 1119
60303 1 126
60362 1 3186
60390 1 449
60396 1 279
60419 3 2011
60429 1 5933
60448 1 1453
60479 1 253
60504 1 336
60506 1 4289
60529 1 1952
60530 1 382
60598 3 2552
60603 1 787
60610 1 948
60625 1 994
60661 2 4572
60662 1 6202
60666 1 1088
60682 1 472
60713 1 3384
60744 1 2509
60746 3 982
60747 1 1472
60748 8 6845
60751 1 371
60754 1 712
60771 1 4604
60780 1 430
60818 1 247
60829 1 3490
60849 1 1785
60850 1 1791
60851 1 1784
60852 1 1600
60862 2 4275
60916 1 362
60997 1 3263
61047 1 1709
61059 1 4559
61091 1 1682
61142 2 421
61186 1 14302
61187 2 15707
61188 5 29700
61196 1 1748
61235 1 583
61237 1 941
61238 1 1279
61239 1 1502
61240 2 2043
61241 1 1632
61258 1 3684
61268 1 2756
61288 1 561
61321 1 954
61326 18 2485
61328 4 1075
61333 1 333
61352 5 18809
61366 1 1509
61400 1 2056
61403 1 1969
61404 1 2003
61405 1 1936
61406 1 1881
61407 2 2034
61408 2 2023
61409 3 3387
61418 1 2160
61428 3 8357
61438 1 1813
61441 2 825
61444 2 1534
61449 1 1279
61497 3 5567
61507 3 1577
61520 1 844
61545 2 814
61554 2 958
61558 1 237
61565 1 2333
61610 1 1320
61617 1 2377
61634 1 850
61635 2 2149
61639 2 958
61664 4 3204
61676 1 1974
61693 1 1481
61694 1 3121
61713 1 4885
61723 1 764
61789 1 1209
61821 1 3538
61822 1 5496
61833 1 7073
61839 3 1782
61844 2 2020
61860 2 7381
61865 1 544
61866 2 890
61867 1 1527
61877 2 2841
61892 1 3071
61899 1 2006
61938 2 6544
61939 7 10305
61940 1 870
61942 1 1229
61948 1 1548
62011 2 1430
62015 1 636
62028 1 6469
62034 2 3365
62052 1 2861
62055 2 581
62056 2 692
62061 1 1169
62062 1 6529
62090 2 868
62109 4 4903
62110 4 4274
62111 3 6309
62137 2 2894
62140 1 945
62143 2 2252
62158 1 1281
62190 1 838
62196 1 528
62201 1 625
62229 7 7173
62236 60 2326
62249 1 877
62267 1 526
62293 2 2903
62297 1 1310
62298 1 846
62299 1 7136
62304 1 1048
62325 1 250
62340 1 4587
62346 1 682
62349 1 2237
62369 1 1325
62386 1 448
62397 2 7643
62409 1 576
62417 2 11638
62432 2 5539
62435 1 383
62449 1 829
62477 1 1158
62481 1 2543
62491 1 4559
62494 1 1040
62550 2 1250
62614 5 1315
62616 1 1362
62662 1 152
62664 1 655
62684 1 1705
62688 1 1038
62689 1 1217
62720 2 1714
62723 1 3363
62727 1 3232
62771 1 500
62772 1 832
62773 1 856
62774 2 1461
62786 1 798
62788 1 2229
62791 1 2675
62828 1 1541
62835 4 736
62840 5 1377
62852 1 1986
62861 1 158
62862 1 1130
62871 1 1931
62872 1 831
62875 3 467
62880 3 555
62901 1 900
62911 1 649
62912 1 6714
62913 1 737
62932 1 1598
62935 1 1250
62940 1 1750
62942 1 1750
62943 1 1792
62945 1 1603
62946 1 1601
62947 1 1604
62951 1 2817
62957 1 1820
62982 1 151
63035 2 982
63048 1 335
63061 1 5120
63067 1 713
63073 1 6062
63077 1 5251
63079 1 1810
63089 2 975
63137 1 3259
63155 1 1358
63209 1 551
63265 2 1866
63266 2 3285
63267 1 540
63310 1 2477
63312 1 891
63343 1 1651
63356 3 1174
63358 1 1133
63475 1 1619
63506 1 1075
63513 1 539
63554 1 2850
63555 3 7057
63564 1 3674
63580 1 1896
63596 1 1377
63624 2 411
63634 1 5269
63635 1 127
63656 1 6872
63658 1 136
63659 2 696
63695 1 2625
63706 1 1710
63724 1 583
63725 1 591
63742 1 740
63792 1 1726
63793 1 663
63795 1 1855
63806 1 564
63812 3 2413
63836 1 3200
63850 1 499
63873 1 195
63874 1 387
63875 1 595
63884 2 3456
63902 1 911
63906 1 4261
63926 1 1163
63930 1 1373
63938 5 2930
63945 1 639
63964 1 1764
63973 1 2472
64011 1 1334
64081 1 1183
64268 11 622
64269 5 474
64270 7 541
64285 1 319
64293 2 1009
64294 1 2023
64300 1 656
64311 1 4060
64313 1 376
64350 20 20899
64352 1 1020
64362 1 617
64377 1 1147
64380 1 547
64381 1 1648
64382 1 392
64387 4 1212
64455 1 1106
64507 1 1911
64508 1 1911
64509 1 1911
64564 1 1147
64582 1 1481
64590 2 2177
64611 1 2134
64646 1 789
64647 1 7320
64660 3 1433
64665 1 300
64681 29 3466
64833 1 365
64836 1 504
64886 1 727
64906 1 504
64946 3 2282
64957 1 1055
64959 1 1034
64993 8 2041
64996 1 354
65029 1 946
65054 1 1000
65065 1 765
65068 1 2208
65069 1 352
65070 1 253
65081 3 721
65083 1 1451
65084 1 2317
65091 13 2809
65092 12 2579
65093 9 2401
65094 7 2609
65104 1 8712
65107 2 3809
65119 1 705
65120 5 2332
65121 1 319
65122 1 297
65123 1 308
65124 1 553
65125 1 675
65126 1 389
65127 1 402
65265 2 5510
65271 2 2676
65353 1 1202
65366 1 1282
65367 1 316
65399 1 3181
65400 1 331
65407 1 803
65421 1 3586
65433 3 2178
65438 1 1287
65440 3 264
65441 3 260
65479 4 841
65556 1 2099
65568 1 1157
65574 2 1775
65578 1 451
65583 2 423
65595 1 1319
65599 1 4712
65600 1 510
65614 1 2314
65619 1 1364
65650 1 702
65671 2 1356
65686 1 1470
65700 2 1274
65701 1 1209
65726 1 2684
65748 1 1674
65758 1 410
65778 2 3404
65792 1 886
65794 1 999
65817 4 1516
65825 1 909
65826 1 295
65828 2 555
65874 1 930
65880 1 1390
65896 1 3671
65905 1 1164
65945 9 2536
65946 2 1248
65964 1 296
65965 1 306
65966 1 293
65979 2 4694
65994 1 405
66002 1 1623
66009 2 1040
66011 3 1162
66022 1 755
66099 1 214
66112 1 742
66150 1 512
66162 1 3524
66169 1 617
66217 2 632
66238 1 327
66255 1 1414
66310 2 8271
66326 1 683
66351 1 901
66387 1 415
66413 1 614
66443 2 451
66451 1 724
66471 8 3798
66472 2 3818
66473 5 2015
66474 5 1387
66475 1 629
66480 1 981
66486 1 1876
66487 1 1154
66494 1 1016
66513 1 579
66515 3 6274
66535 1 761
66536 2 727
66538 1 2914
66542 1 1829
66581 5 952
66605 1 835
66619 2 2672
66636 2 1536
66648 3 1645
66661 1 988
66668 1 1340
66711 3 1344
66726 1 558
66732 1 291
66734 4 1280
66738 2 1248
66739 1 1244
66748 1 1830
66751 1 11896
66785 1 509
66795 2 970
66819 1 6321
66823 11 9403
66824 5 1604
66825 1 526
66826 1 681
66830 1 818
66832 5 1718
66833 3 1190
66849 1 340
66895 2 1147
66919 1 617
66920 1 367
66921 1 366
66986 1 1160
67001 1 1320
67022 1 1087
67027 4 2379
67074 1 9837
67095 2 2223
67108 1 742
67195 5 6824
67213 1 2231
67214 1 767
67257 2 1710
67263 2 1563
67266 1 4007
67325 1 2060
67326 2 2402
67329 1 2207
67344 2 2228
67347 2 1319
67352 1 2080
67355 2 6043
67371 2 3756
67374 1 1178
67375 1 994
67390 1 1665
67393 1 6324
67408 2 5567
67409 4 5448
67410 12 7180
67415 2 10077
67432 1 609
67460 2 791
67499 2 1293
67519 15 10460
67527 2 865
67538 1 751
67543 1 975
67552 1 741
67553 1 289
67554 1 645
67574 1 2213
67589 1 407
67598 2 984
67602 1 612
67603 1 612
67604 1 612
67605 1 614
67606 1 612
67634 1 792
67651 1 1272
67664 5 771
67665 6 815
67666 2 463
67667 2 1004
67671 2 6735
67689 1 7619
67708 1 1247
67710 2 1293
67711 2 1600
67712 2 2699
67714 1 666
67724 2 650
67732 1 601
67733 1 479
67746 1 731
67754 1 567
67756 2 5291
67763 2 670
67778 7 858
67779 7 775
67806 1 1454
67816 1 650
67830 1 160
67834 1 1534
67866 1 1457
67878 3 1072
67879 1 825
67888 1 1174
67891 1 810
67894 2 1091
67898 1 1778
67901 2 756
67902 1 1015
67921 2 1368
67927 2 210
67933 1 3340
67934 2 1831
68025 1 2357
68040 2 2912
68046 1 3345
68057 4 3416
68061 2 3322
68076 1 792
68090 1 5122
68091 7 10665
68092 9 8126
68115 1 3242
68116 1 4818
68118 5 3343
68119 4 6225
68120 2 7511
68136 3 860
68147 1 440
68159 3 6709
68160 1 6120
68161 1 1742
68202 1 326
68203 1 304
68217 1 5161
68261 1 1258
68263 2 5972
68266 2 296
68300 1 849
68305 1 3491
68325 1 668
68329 1 1531
68344 1 6836
68355 1 1716
68389 1 7515
68390 1 7515
68391 1 7515
68424 1 1934
68426 2 806
68628 10 340
68629 5 435
68639 1 567
68646 2 1168
68658 1 1438
68663 2 854
68664 1 3316
68681 2 4179
68704 1 4902
68706 2 313
68719 1 743
68727 4 1593
68737 3 3173
68766 1 5324
68830 1 195
68840 1 785
68895 1 1911
68912 1 60
68917 2 1219
68920 1 2788
68925 5 605
68942 1 638
68962 1 1281
68984 1 1210
69031 1 475
69046 1 439
69064 1 1196
69066 1 628
69082 1 1410
69093 4 374
69273 1 329
69328 1 515
69357 1 240
69359 1 789
69374 1 1453
69436 1 1123
69443 1 878
69455 1 942
69495 1 2757
69496 1 255
69497 1 281
69498 1 1144
69499 1 156
69505 3 876
69509 1 5379
69513 1 198
69515 7 3275
69530 3 3436
69532 2 2723
69548 1 1818
69696 2 1490
69712 1 1067
69717 2 4915
69722 1 1778
69822 1 877
69825 3 2564
69851 1 2303
69855 1 1583
69872 1 4385
69873 2 737
69883 1 466
69917 5 3612
69967 1 2207
69971 1 1060
69976 2 220
69977 1 1287
69996 2 927
70054 2 1487
70058 1 738
70137 1 655
70165 1 1399
70207 3 10208
70208 1 1316
70210 2 5060
70219 1 767
70221 2 1774
70236 3 3474
70260 1 585
70275 1 2825
70277 1 1393
70279 3 12383
70284 4 503
70288 1 1765
70297 1 5416
70313 1 2371
70316 9 357
70317 9 438
70350 1 1366
70351 2 1891
70377 1 5997
70388 1 313
70396 1 394
70415 1 2495
70417 1 765
70424 2 752
70434 1 1090
70435 1 3103
70473 2 1081
70482 3 651
70490 1 449
70521 1 431
70523 7 454
70534 1 5509
70586 1 2455
70591 1 4584
70595 2 2506
70638 1 1325
70702 4 2156
70737 1 2845
70749 2 6334
70836 1 1948
70838 1 1950
70839 1 3633
70841 1 8361
70842 1 1321
70852 1 698
70855 2 5396
70873 1 1758
70885 1 834
70888 1 746
70913 2 1388
70980 1 444
71002 2 725
71006 1 802
71078 2 9605
71137 1 9411
71157 1 1942
71166 1 480
71205 1 193
71228 1 1404
71229 1 887
71306 1 1543
71315 1 6723
71335 1 3121
71341 1 1792
71375 2 1370
71407 1 227
71463 1 534
71506 10 328
71520 1 1281
71526 1 815
71534 1 2382
71538 1 331
71545 2 6773
71547 1 4635
71549 1 2186
71569 1 653
71571 1 1589
71583 1 414
71592 1 1183
71602 2 917
71605 2 590
71606 1 4481
71630 1 3469
71643 1 602
71646 2 1815
71681 1 531
71702 1 675
71706 1 5275
71723 1 2839
71724 1 2839
71751 1 474
71796 1 785
71797 1 2293
71808 1 880
71827 1 6203
71836 2 5188
71840 1 1004
71852 2 998
71860 2 1550
71873 1 1004
71878 1 1338
71897 1 2249
71899 1 523
71924 1 2521
71936 1 1197
71943 2 3979
71966 1 746
71994 1 1432
71996 1 415
71999 1 874
72009 1 1448
72011 2 1094
72047 3 1766
72048 3 5014
72063 1 880
72067 1 9227
72068 5 8137
72081 1 3204
72082 1 2593
72084 1 753
72085 4 1025
72088 1 2347
72098 22 19912
72139 1 1020
72153 2 902
72154 2 1793
72162 1 694
72166 1 188
72168 1 1859
72176 2 2898
72182 1 1358
72201 1 5125
72216 1 613
72239 1 454
72254 3 564
72255 3 747
72256 9 1403
72257 3 1524
72258 3 1182
72259 3 1369
72261 3 1341
72284 4 6759
72287 2 355
72290 3 651
72291 3 651
72296 1 621
72300 1 291
72307 1 3276
72316 7 973
72317 1 240
72324 1 3100
72347 1 1722
72357 1 916
72374 1 166
72412 3 14176
72414 1 1956
72437 4 8964
72441 2 3167
72496 1 3731
72498 5 11873
72507 1 895
72525 1 2404
72556 1 1250
72557 3 894
72558 2 612
72576 1 1282
72578 1 1935
72613 1 1298
72619 3 5216
72650 2 6445
72666 1 116
72673 4 591
72677 1 1203
72681 1 559
72704 1 1029
72705 2 657
72741 1 6306
72756 2 1222
72781 1 1433
72789 2 964
72793 1 4219
72825 1 4050
72826 1 1996
72839 1 2764
72840 1 1216
72843 2 2753
72850 1 1161
72856 1 1892
72868 1 1891
72879 1 7089
72886 1 1142
72895 1 1688
72899 3 20275
72907 4 826
72912 1 1794
72913 1 1589
72914 1 1062
72922 2 1461
72938 3 10696
72942 3 822
72959 1 2654
72962 1 922
72964 1 2090
72982 1 5401
72987 10 428
72988 3 248
72989 3 216
72992 2 861
72995 30 339
73006 1 1145
73067 2 566
73088 1 4779
73098 1 915
73117 1 1006
73154 1 337
73159 1 907
73174 5 680
73195 1 409
73220 1 4868
73228 1 570
73233 1 395
73271 2 1307
73280 1 1189
73283 1 1921
73301 1 802
73336 1 1013
73345 1 784
73347 3 2316
73350 2 2160
73360 1 682
73373 1 5222
73388 2 1138
73409 1 310
73410 6 527
73445 2 664
73468 1 779
73473 1 600
73497 1 632
73552 18 731
73555 1 1159
73639 1 211
73645 1 5683
73669 2 1440
73730 2 2237
73732 1 1250
73737 1 825
73744 1 309
73762 4 2217
73768 1 242
73799 4 6946
73807 1 721
73808 1 588
73832 1 354
73834 1 97
73846 1 393
73884 1 569
73905 1 2175
73928 1 567
73932 1 2612
73956 1 2798
73963 2 6843
73972 1 849
73993 1 424
73998 1 2339
74027 1 1756
74031 1 970
74039 1 393
74042 1 3503
74045 1 1101
74067 2 6352
74082 1 208
74092 1 1697
74096 1 1732
74105 1 702
74118 5 710
74129 1 1104
74136 1 476
74142 2 3188
74145 1 384
74148 1 1271
74157 2 1025
74171 2 249
74176 3 4570
74179 1 4036
74180 2 1201
74200 2 676
74227 1 290
74266 4 839
74268 1 554
74278 2 1950
74291 7 482
74353 1 1284
74368 2 3668
74372 1 1337
74380 1 164
74397 1 634
74431 1 386
74432 1 3303
74433 1 1309
74440 1 1991
74444 3 1117
74475 1 574
74480 6 3260
74519 1 5618
74530 1 711
74543 1 5014
74551 1 2061
74554 1 253
74565 1 1723
74572 2 8808
74584 1 1755
74591 3 3810
74600 1 1183
74605 1 6001
74651 1 897
74657 1 2670
74658 2 855
74665 1 2881
74666 1 1855
74706 9 5592
74707 4 4337
74708 5 4408
74719 1 1319
74720 2 1158
74744 1 746
74769 1 281
74775 1 2772
74776 2 3788
74777 1 1991
74785 1 4399
74787 2 351
74788 2 1690
74803 4 6144
74811 1 1038
74828 1 2265
74863 1 710
74872 1 1224
74874 4 6108
74877 2 3262
74878 1 366
74887 2 7880
74913 1 602
74916 1 1608
74931 3 2115
74933 1 1532
74937 1 169
74940 1 569
74944 1 879
74949 1 421
75052 1 356
75095 1 1238
75105 1 881
75128 1 1475
75138 1 689
75153 1 545
75155 3 2282
75169 1 9895
75212 1 1417
75221 1 6839
75227 2 960
75240 3 5462
75253 1 1646
75258 1 1651
75259 1 1890
75264 1 257
75267 8 531
75268 10 592
75298 1 867
75305 2 2807
75326 2 2372
75407 1 48
75420 1 5660
75468 3 1247
75469 1 1046
75525 1 484
75529 1 8980
75534 1 9607
75582 2 521
75601 1 645
75603 1 888
75610 2 2134
75751 1 174
75752 1 1220
75753 1 1935
75756 1 814
75757 1 1343
75823 1 566
75830 2 311
75831 1 807
75839 1 1452
75867 1 555
75886 2 381
75911 1 581
75913 1 92
75930 3 4094
75938 1 2373
75943 2 1318
75949 1 980
75954 1 3743
75960 1 2012
75965 2 1326
76009 1 885
76013 1 482
76030 2 1041
76037 1 833
76038 1 3241
76040 1 3213
76050 1 4066
76053 1 229
76073 1 782
76097 2 1243
76104 2 2832
76105 2 6146
76106 2 4999
76109 3 1242
76111 2 841
76136 1 4953
76174 2 20998
76175 1 6943
76204 2 2051
76216 1 188
76236 3 1049
76237 6 1365
76243 1 713
76246 1 6517
76249 1 12565
76267 3 1564
76301 2 1532
76308 1 1854
76340 1 3506
76361 2 666
76363 1 673
76364 2 1174
76386 2 1594
76392 1 909
76400 5 308
76405 1 5489
76411 3 6346
76421 5 865
76458 2 312
76469 1 1291
76470 2 299
76480 1 1099
76526 2 4857
76534 1 461
76564 2 676
76578 1 872
76582 1 1126
76595 3 1593
76607 1 845
76615 1 3913
76617 1 1552
76629 2 528
76655 1 2833
76666 1 366
76690 4 2184
76706 2 765
76736 1 1139
76769 1 2417
76772 1 413
76773 1 2532
76775 1 1080
76785 1 581
76786 1 1262
76793 3 5567
76801 6 1258
76825 1 636
76851 1 1663
76871 1 919
76884 3 865
76886 3 4302
76890 1 1606
76899 1 638
76912 2 821
76932 3 3132
76933 1 1278
76952 1 554
76963 1 1460
76978 1 482
76989 1 738
76998 2 2076
77007 1 2330
77029 1 550
77042 1 1420
77046 1 463
77059 1 1688
77070 1 2357
77091 1 1850
77097 1 2699
77139 1 7313
77143 1 570
77180 1 5716
77187 2 320
77199 38 3580
77209 2 4122
77210 2 4271
77226 1 1491
77228 1 227
77242 1 1714
77246 1 6149
77355 10 433
77356 10 608
77357 3 218
77358 3 222
77363 1 1245
77373 1 388
77376 2 2050
77377 1 1880
77443 1 2709
77453 1 2217
77458 1 1185
77470 1 2244
77505 1 409
77552 1 3565
77555 1 1911
77556 1 1911
77580 1 1337
77584 4 1387
77596 1 563
77599 1 875
77611 1 337
77631 1 1190
77652 3 3016
77661 2 918
77679 1 1251
77760 3 1117
77769 1 555
77816 2 2167
77817 1 4230
77818 2 6471
77819 1 3260
77865 1 230
77876 1 3309
77884 1 1887
77893 1 2270
77901 1 683
77909 1 663
77917 1 294
77919 1 216
77943 1 1110
77950 1 1280
77954 2 4740
77961 2 8551
78017 1 653
78062 2 3649
78070 1 702
78111 1 1861
78113 2 2136
78116 1 5040
78117 1 1978
