stanford stanford 997 65215343 
132 1 13051
425 1 823
860 1 3051
918 2 511
965 1 2365
1050 1 992
1280 1 1350
1529 1 1094
1737 4 4121
1846 1 1054
1888 1 2450
2388 2 1787
3063 1 725
3322 1 6038
3413 6 350
3414 1 807
3419 2 1015
3483 1 1094
3574 1 867
3596 1 458
3727 2 17097
3831 1 3725
4028 1 1523
4068 1 8611
4204 2 3711
4376 2 2069
4518 1 2481
4641 1 1322
4732 2 823
4829 3 468
5067 1 1224
5183 1 419
5286 1 627
5391 1 3146
5670 1 564
6181 4 5519
6583 3 7454
6602 5 729
7145 3 1029
7505 6 4997
8193 1 1008
8317 3 1157
8904 1 1170
8935 1 687
8936 1 524
9174 2 702
9189 1 3116
9315 1 966
9503 1 6051
9645 2 555
9761 33 2538
10092 2 1363
10321 1 1516
10529 1 1603
10843 1 1551
10906 3 7912
11279 1 1595
11431 22 1008
11492 3 7197
11532 1 412
11590 1 1805
11854 1 3272
12527 12 1751
12674 1 6435
12753 1 3395
12814 1 46677
12987 2 824
13067 1 283
13282 18 1430
13454 1 1084
13576 4 2787
13632 11 769
13818 1 1042
13844 1 2190
13998 2 1149
14508 1 1400
14604 1 1059
14706 3 542
14707 1 937
14708 1 1144
15196 11 8919
15245 6 7336
15310 3 3417
15881 3 7036
16006 1 1307
16007 1 6296
16008 1 6422
16009 1 1037
16094 10 3553
16233 2 884
16238 1 11763
16555 4 1439
16748 1 3753
16893 1 5510
16978 1 1563
16997 2 2630
17205 1 1800
17495 2 1540
17570 8 5402
17649 1 646
17669 1 5167
17670 1 5050
17671 1 3280
17672 1 4557
17842 1 744
18226 1 1550
18285 6 1990
18394 1 1853
18685 1 4688
18965 2 20789
19004 1 7776
19194 1 5424
19237 3 1885
19373 1 1681
19561 1 5606
20017 2 5287
20164 1 1062
20338 1 2253
20394 1 601
20411 2 623
20607 1 4252
20707 3 35797
20710 1 6801
20721 2 1038
20747 1 465
20802 1 1887
20868 3 3295
20920 4 1439
20986 1 1810
20995 2 1840
21319 1 589
21339 2 4745
21362 2 2634
21412 1 421
21421 1 1866
21527 1 6412
21543 2 900
21562 1 836
21600 1 2318
21629 2 1236
21764 2 709
21776 3 1304
21826 1 1017
21957 1 1265
22162 4 696
22163 2 2087
22902 33 960
22941 3 11549
23397 2 1071
23401 4 2739
23414 1 880
23470 1 445
23678 1 5285
23688 1 2643
24256 1 1172
24750 1 6415
24785 1 1066
24815 1 1122
24837 2 1425
25129 1 990
25407 2 3649
25520 1 986
25522 1 2549
25545 1 2403
25728 1 5705
26454 1 1961
26455 1 351
26759 11 368
26767 1 514
27375 1 979
28104 2 1950
28703 23 899
28803 1 805
28847 3 1791
28858 1 1311
28883 3 1741
29062 1 457
29529 1 4211
29877 1 2973
29915 1 615
30744 1 1162
31286 1 845
31921 1 1208
32150 1 2832
32286 1 3201
32372 1 1632
32551 1 1569
32653 1 5663
32654 1 45225
33582 1 1466
33649 1 431
33713 1 2328
33932 1 831
34462 1 1693
34665 1 1365
34689 1 1908
34849 2 601
34850 6 636
34918 1 681
35182 1 13213
35334 3 4418
35595 1 934
35596 1 1116
35771 1 5813
35853 1 722
35891 2 2019
35984 2 885
36109 1 12698
36336 1 5447
36551 1 896
36728 1 1234
36873 4 4539
37035 4 1914
37422 1 917
37603 1 558
37850 1 760
38035 1 1861
38073 1 1947
38162 3 7201
38172 1 2261
38210 1 1326
38269 2 462
38445 1 2338
38665 1 376
38694 1 1649
38710 1 1030
38841 3 1307
38925 3 1372
39259 2 3420
39457 1 1408
39486 8 285
40093 3 4751
40538 2 14088
40586 6 8741
40639 1 1499
40672 1 714
40841 2 2352
41037 7 214
41128 2 2539
41140 1 1043
41184 3 7879
41266 1 1035
41426 1 4541
41427 1 4567
41888 2 1197
41899 1 432
41900 1 1156
41901 1 1154
41957 2 1028
42051 1 2366
42361 2 1063
42419 1 1182
42573 1 1180
42640 1 12636
42648 1 4779
42650 1 831
42928 2 2793
42959 1 5863
42960 3 7453
43251 1 788
43474 1 2661
43921 3 9448
44115 1 4306
44187 1 1048
44392 1 416
44590 3 3346
44966 2 1130
45169 1 721
45261 3 7633
45262 2 6033
45811 1 3205
45935 3 4684
45960 1 2353
46620 1 264
46697 2 1569
46747 1 657
46891 1 5171
46954 1 5186
47151 1 5857
47274 1 830
47625 3 907
47748 3 6961
47749 3 7411
48042 2 1229
48078 1 11919
48092 1 916
48103 15 987
48104 15 751
48210 10 741
48342 1 1350
48445 1 590
48595 4 1795
48673 1 6093
49010 1 866
49018 1 2181
49160 2 734
49163 1 1009
49173 2 10707
49354 1 2334
49375 4 11530
49376 1 5243
49473 3 585
49503 1 652
49752 1 1670
50156 4 749
50201 1 1131
50489 3 1085
50574 1 572
50575 1 636
50606 1 5596
50609 1 503
50913 2 1817
51066 1 2595
51816 1 4853
51899 3 12169
51994 1 9298
52244 1 1659
52325 1 1444
52605 2 656
52936 1 2566
52988 7 24350
53012 1 504
53242 2 4792
53365 5 748
53430 2 48057
53546 2 2364
53771 1 1481
53856 1 1385
54355 1 10248
55430 1 693
55431 1 725
55472 1 1061
55536 3 49965
55537 3 7693
55538 3 7491
55619 2 988
55720 1 646
55886 1 5463
55924 2 807
56186 1 1104
56400 2 2072
56706 2 1698
56802 1 8941
56890 1 933
57040 3 3492
57413 1 6376
57810 1 1482
57886 1 1002
58227 1 1972
58228 15 900
59210 1 1617
59225 1 6473
59251 4 6070
59442 1 1743
59712 3 4670
59760 1 5506
59833 2 1248
60124 3 3277
60372 1 1505
60557 1 1915
60759 1 4854
61016 1 1771
61043 1 4069
61199 1 1761
61259 1 1094
61262 1 1081
61428 1 8357
61500 1 1204
61601 1 819
61609 1 1119
61870 2 3147
61890 1 2025
61910 1 1215
62109 1 4903
62110 1 4274
62111 1 6309
62635 1 1315
62788 1 2229
62848 1 1515
63197 3 7220
63309 1 4077
63511 1 567
63572 1 3748
64013 4 2220
64018 2 997
64332 2 523
64491 2 1559
64587 4 1027
64681 3 3466
65129 2 15643
65687 1 699
65907 1 1300
66065 1 2315
66188 3 5739
66189 3 7316
66251 3 686
66408 1 969
66415 1 6038
66456 1 147
66594 2 491
66757 1 747
66870 1 2566
66891 1 467
67002 1 6563
67047 2 2295
67121 2 525
67213 1 2231
67214 1 767
67219 1 8613
67268 1 915
67391 1 4824
67415 3 10077
67448 4 1443
67454 1 5854
67565 1 1675
67652 1 2159
67678 1 2911
67689 1 7619
67735 1 1959
67736 1 1959
67782 8 1569
67957 1 963
68134 3 1228
68339 1 997
68684 1 991
68812 1 10319
69701 1 1593
69856 1 1831
69869 1 1333
69913 3 7379
69914 3 7296
70208 1 1316
70272 2 870
70471 4 1666
70530 2 1122
70830 1 995
71070 1 756
71705 1 10258
71896 1 3955
71897 1 2249
72293 1 1975
72298 1 1959
72319 1 945
72320 1 1701
72715 1 2456
72829 1 4528
72844 3 1589
72897 2 3666
73008 1 5555
73026 1 664
73035 1 451
73176 1 231
73276 3 7711
73644 1 2945
73870 2 1054
74142 1 3188
74295 1 964
74298 1 2423
74813 1 5631
75408 1 3231
75468 1 1247
75507 1 952
75529 3 8980
76175 1 6943
76267 1 1564
76632 1 2372
76797 1 1960
76829 1 436
76830 1 733
76888 1 1391
76896 1 1082
77110 1 1799
78078 6 540
