gpa gpa 94 65215343 
3295 1 2429
4228 1 736
4491 1 1897
5391 1 3146
8468 3 1615
9231 1 279
10298 1 2030
10418 1 920
10599 1 1369
12138 2 18363
12674 1 6435
13434 1 4024
13624 1 1236
16094 1 3553
20808 1 1960
22477 1 2074
23014 1 3266
27175 1 516
31357 5 1173
31735 1 1164
32836 1 711
33508 1 964
34303 1 4581
34375 1 1602
36013 4 2981
36364 1 2554
36873 1 4539
39644 1 1098
40093 1 4751
40745 1 776
40829 1 3054
41247 1 1335
42600 1 2138
44080 2 3596
44443 1 1543
45935 1 4684
46782 1 1711
48673 1 6093
48842 1 1231
48921 1 2787
48934 1 1502
50872 4 299
52341 1 1653
52502 1 6875
54242 1 419
54245 1 567
54355 1 10248
58378 1 2575
59251 1 6070
59355 1 891
59674 1 774
59843 2 6525
61043 1 4069
61573 1 474
63308 1 1302
63309 1 4077
63310 2 2477
64309 1 438
65515 2 1671
66277 1 1687
67187 5 694
68440 3 2081
68812 1 10319
71705 1 10258
71894 1 2159
71895 1 3069
71896 1 3955
71897 1 2249
73111 1 374
75415 1 1320
77450 1 5940
