bloodi bloodi 732 65215343 
48 1 1265
295 1 845
521 1 831
522 1 1558
559 1 4273
621 1 921
787 1 311
856 3 1130
1185 1 15836
1659 1 2425
1767 2 13095
1861 1 5589
2083 1 4561
2171 1 1919
2274 1 1188
2395 1 1045
2477 1 1144
2501 1 1452
2821 1 1096
3131 1 458
3195 1 2888
3202 6 6501
3245 1 741
3463 1 1003
3671 1 4789
3791 2 6472
4068 1 8611
4075 1 2561
4174 1 756
4248 1 1366
4258 1 2240
4474 1 401
4640 3 3309
4753 1 5716
4793 1 1498
4951 1 1444
5128 1 1147
5167 1 169
5436 1 456
5497 1 992
5574 1 679
5893 1 3259
6151 1 6692
6574 1 1030
6888 2 111
7121 1 3511
7565 80 933
7570 1 9650
7571 1 5357
8026 1 922
8130 5 2237
8152 2 6009
8297 1 12133
8311 1 4367
8382 1 19553
8388 1 2999
8466 1 2863
8578 1 1656
8696 2 1842
8697 2 2450
8698 2 2529
8852 1 1447
8908 2 1392
9142 1 523
9239 1 1961
9243 2 1282
9430 2 2392
9451 2 988
9492 1 6158
9557 1 453
9568 1 885
9826 1 2248
10101 1 12486
10344 1 2552
10623 12 1141
10677 1 1048
10706 1 1237
10991 1 1582
11051 1 1555
11362 2 2542
11480 1 1620
12091 1 361
12229 1 2226
12260 1 746
12359 8 1241
12422 1 1571
12526 2 21005
12786 1 7289
12885 1 6601
13040 1 1198
13184 1 242
13497 1 6632
13618 1 28398
13841 2 4015
13871 1 6056
14006 1 1552
14510 1 6161
14617 1 1152
14954 1 60
15563 1 1219
15658 3 2847
16209 1 1698
16348 1 1020
16405 1 1015
16418 9 726
16700 1 3762
16765 1 1110
16926 1 1923
17072 1 1836
17097 2 2690
17174 2 1157
17178 2 4206
17589 1 12110
17710 1 413
17843 1 1862
18439 1 706
18620 1 3943
18659 1 1736
18945 1 6732
18967 1 13159
19004 1 7776
19131 2 3297
19180 1 2589
19554 1 749
19558 1 5943
19674 1 2879
19677 1 4468
19678 1 6792
19681 3 10198
19685 2 4688
20005 1 2489
20258 1 1250
20619 1 689
20655 2 891
20990 2 2056
21048 1 914
21284 1 1012
21434 1 441
21507 1 7373
21694 1 752
21852 1 6758
21956 1 1239
21977 3 689
22105 1 2168
22195 1 752
22199 2 616
22597 1 649
22610 1 1706
22841 2 169
23211 1 1665
24119 1 14616
24223 1 826
24376 1 783
24444 2 1797
24457 2 5563
24616 4 6643
24631 1 1078
24790 1 2605
25231 1 2410
25323 1 1577
25447 1 833
25590 1 1824
25591 1 1824
25771 1 2483
26149 1 180
26382 1 3521
26449 1 7560
26459 3 1563
26701 1 827
26730 1 1483
26799 1 606
26825 1 2133
27519 1 1928
27521 1 1461
27524 1 2332
27623 2 2360
28076 2 1785
28314 1 1247
28918 1 1609
28919 1 1463
28920 1 1476
28921 1 1799
29011 1 2920
29125 1 657
29910 1 5908
29981 1 1139
30249 2 750
30510 1 2362
30552 1 4502
31109 1 516
31320 1 2381
31447 1 1008
31744 1 7219
32238 1 4115
32615 1 622
32781 1 2000
32812 1 747
33044 1 66
33075 1 1601
33080 1 2203
33329 1 2558
33335 3 9267
33819 1 4941
34029 1 3971
34052 1 11789
34097 1 1166
34465 1 5422
34548 1 2298
34652 1 1004
34901 1 18201
34938 2 5944
35182 1 13213
35948 1 838
36291 3 4374
36331 1 613
36455 1 2503
36792 1 1806
36799 1 1043
36993 1 753
37282 1 2473
37454 1 8351
37510 1 238
37594 1 1661
37927 13 380
38073 1 1947
38135 2 2718
38195 1 2948
38199 3 2577
38229 1 4034
38400 1 1879
38470 1 774
38847 1 1344
39121 2 2269
39193 1 3626
39299 1 1321
39329 1 32477
40382 2 2344
40397 1 1801
40414 1 3454
40534 1 4269
40622 2 541
40648 1 7183
40959 1 5445
41021 1 1682
41131 1 4182
41149 1 958
41947 4 2133
41991 1 2217
42025 1 9933
42394 1 473
42422 3 5724
42425 1 5948
42891 1 920
43359 1 409
43446 1 8554
43576 1 5522
43637 1 1684
43741 1 1954
43804 1 3750
44108 1 887
44217 1 3228
44394 2 2869
44469 1 1847
44812 1 1515
44928 1 1161
44955 1 7733
45189 1 6148
45350 1 693
45790 1 163
46154 1 1899
46282 1 4059
46536 1 1419
46552 1 9921
46599 2 1778
46707 1 1302
46998 1 1512
47432 1 756
47562 1 1450
47818 4 1062
47872 1 1066
47983 1 576
48069 1 3129
48118 1 590
48258 1 1163
48281 1 702
48562 2 447
48563 1 509
48670 1 539
48673 1 6093
48912 1 2452
49344 1 2202
49776 1 9407
49790 1 782
49896 1 1614
50211 3 1608
50218 1 1089
50285 1 4950
50595 1 269
50604 1 657
50796 1 1698
50845 1 570
51022 1 2835
51101 1 2052
51212 3 877
51329 2 740
51489 1 287
51763 1 2149
51796 5 1282
51828 1 2276
52222 1 1753
52283 5 2127
52301 4 8406
52426 1 1385
52935 5 2001
53425 2 881
53845 1 2571
53846 2 2470
53870 1 410
54200 1 3379
54334 3 603
54355 1 10248
54456 1 1473
54502 1 2792
54971 1 624
54995 2 1180
55071 1 3179
55171 1 2177
55310 1 2287
55538 1 7491
56191 1 2260
56397 1 691
56488 1 872
56495 6 1972
56621 2 1096
56771 2 2565
56877 6 1601
56961 2 7535
57415 5 2127
57890 1 2563
58379 1 1919
58380 1 2008
58474 1 1482
59199 1 332
59211 1 3035
59251 1 6070
59405 1 830
59430 1 3685
59472 1 2189
59572 1 1329
59647 1 1537
59874 1 4939
59902 1 1247
60243 1 860
60825 2 2017
60852 1 1600
61054 1 1507
62014 1 6015
62613 1 5274
62930 2 2244
62945 1 1603
62946 1 1601
62947 1 1604
63142 1 574
63281 1 1021
63342 1 1326
63580 2 1896
63646 1 993
63792 1 1726
63973 1 2472
64010 1 2508
64022 1 1923
64072 1 1416
64630 1 570
64949 1 631
65066 1 338
65106 2 1122
65425 2 2453
65646 1 277
65792 1 886
65795 2 682
65938 1 1482
66784 1 560
66841 1 658
66958 3 1720
66987 1 2394
67265 1 2055
67340 1 2960
67457 2 722
67783 8 827
67903 4 1428
68046 1 3345
68119 1 6225
68159 1 6709
68263 1 5972
68346 2 2235
68404 1 1415
68405 1 1416
68707 1 4537
68739 1 2373
68812 1 10319
68900 4 3607
68970 1 689
69421 1 1230
69851 1 2303
70534 1 5509
70601 1 2514
70632 1 1096
70937 1 1008
70957 1 867
71131 1 5992
71137 2 9411
71430 1 486
71547 1 4635
71581 4 1913
71635 1 1924
71685 1 371
71705 1 10258
72046 1 2501
72049 1 417
72068 1 8137
72412 2 14176
72436 1 1419
72741 1 6306
72829 1 4528
72883 1 1574
73035 1 451
73640 1 1044
73799 4 6946
74121 1 2293
74151 1 1393
74178 1 2150
74203 1 11999
74435 1 2232
74480 2 3260
74543 3 5014
74632 1 392
74633 1 854
74660 3 2184
74785 1 4399
75411 1 1647
75873 1 658
75920 1 4335
75930 1 4094
75974 1 257
76028 1 534
76040 1 3213
76075 1 871
76136 1 4953
76174 2 20998
76301 1 1532
76392 1 909
76411 2 6346
76583 1 1134
76929 1 1278
77101 1 813
77103 1 1287
77174 1 951
77341 1 53
77411 1 3629
78010 1 1823
78011 1 1824
