237 237 317 65215343 
132 1 13051
174 2 979
276 1 1471
415 1 2105
451 1 880
1205 1 379
1380 1 826
1812 1 1673
1828 1 427
1973 3 16948
2695 11 2852
2968 2 1115
3579 1 4684
4058 1 117
4106 1 2006
4587 1 2393
4639 2 826
4766 2 700
5138 1 784
5845 1 665
5854 1 651
5995 1 1761
6066 1 1297
6161 1 725
6823 1 721
7181 1 496
7284 1 3123
7508 1 924
8300 2 889
8435 1 2734
8583 2 792
8584 1 802
8585 1 819
8663 1 1004
8882 1 1066
9219 1 899
9236 1 788
9489 1 6134
9490 1 2974
9558 4 3824
10332 1 2802
10450 1 4672
10526 1 1032
11001 1 7028
11119 1 1442
11871 1 1292
11879 1 8814
12156 1 13898
12315 1 445
12809 1 1615
13122 1 8864
13130 1 1432
14388 1 823
14389 1 807
14675 1 1701
15324 1 43
15587 1 2694
16246 1 1169
16555 1 1439
16632 1 1018
17012 1 3524
17139 1 833
17293 1 645
17611 1 772
17661 1 5100
19379 1 4781
19469 1 154
20242 1 1036
20350 1 1183
20389 1 893
20397 1 3730
21005 2 993
21262 1 2285
21497 1 1023
22545 1 845
24284 1 4091
24632 1 815
25063 1 814
25826 1 2414
25898 1 200
26425 1 1535
26460 1 957
26791 1 4660
27836 1 3088
28011 1 788
28012 1 784
28026 1 704
28296 1 3859
28667 1 947
28699 1 795
28700 1 805
28859 1 1280
28872 1 437
29140 1 1340
29623 1 963
30157 1 653
30180 1 993
30293 2 6059
30320 1 1408
30353 1 3848
30884 1 576
30885 1 660
31262 1 1180
31355 1 5480
31439 1 972
31757 1 786
31806 1 93
31896 1 932
31957 1 1455
32215 1 1305
32350 2 1382
32424 1 1183
32961 1 846
32972 1 11367
33108 1 682
33894 1 1158
34026 1 1201
34089 1 382
34890 1 1453
34923 1 2774
35427 1 12574
35428 1 12657
36226 1 752
36594 1 830
36605 1 1696
36771 1 723
36829 1 155
37032 2 1856
37189 1 1036
37409 1 2886
37547 1 1110
37601 1 1897
37655 1 1979
38747 1 989
39034 1 604
39192 1 1347
39265 1 3702
39484 1 754
39815 1 1546
40063 1 357
41673 1 530
43501 1 322
43629 1 195
43683 1 1512
44439 1 2467
44841 1 416
44843 1 558
45282 1 935
45504 2 1326
45570 1 188
46511 1 3336
46697 1 1569
46769 1 2579
47195 1 4703
47682 3 1552
47683 3 1475
47684 3 1718
48608 1 3133
48609 1 3196
48699 1 652
48757 1 756
49016 1 869
49092 3 39956
50123 1 1225
50124 1 1198
50642 1 2005
50966 1 8029
51174 1 1037
52929 1 920
52935 1 2001
53753 1 667
54148 2 4159
54160 1 1691
55600 1 519
56434 1 1631
56471 1 13098
57446 1 1506
57520 3 5772
58521 1 596
58823 1 454
60317 1 1935
60429 1 5933
60598 1 2552
60708 1 1572
60758 1 909
61427 2 842
61461 1 37128
62563 1 1007
62857 1 350
63074 1 4609
63258 1 1486
63427 1 4477
63726 1 928
63945 1 639
64529 23 3125
64951 1 1419
65359 1 654
65599 1 4712
65961 1 2405
66124 3 1563
66125 3 1619
66126 3 1464
66127 3 1717
66722 1 276701
66724 1 909
66947 1 18231
66985 1 401
67334 1 1465
67394 1 2122
67581 1 435
67800 1 1378
67845 1 505
67872 1 409
67928 1 1081
68005 1 1868
68072 1 1523
68683 1 1378
68993 2 260
69415 1 1152
69416 1 1167
69458 1 1090
69509 2 5379
69722 1 1778
70163 1 1476
70292 1 2365
70297 1 5416
70857 1 1164
72552 1 1543
72553 1 1561
72747 1 681
72763 1 1138
73618 1 202
74179 1 4036
74257 1 576
74445 1 367
74589 1 507
74712 1 955
75245 1 1375
76143 1 3616
76393 1 1492
76452 1 337
76453 1 302
76660 1 528
77144 1 3383
77230 1 727
77393 1 790
77552 1 3565
