mortal mortal 627 65215343 
725 1 7096
729 1 2727
847 1 599
1371 1 1930
1486 1 680
1767 1 13095
1793 1 350
1956 1 3792
2019 1 319
2160 1 2295
2192 1 5833
3151 1 1263
3296 1 1494
3346 3 755
3383 2 10722
3508 1 655
3509 1 1454
3599 2 11096
3835 1 1418
3902 1 2905
3921 1 3235
3953 10 3340
4000 1 6980
4101 1 3929
4309 1 914
4346 2 1650
4363 2 1332
4364 3 1040
4368 1 4832
4369 1 4444
4370 1 3314
4371 1 3866
4372 1 3440
4373 1 4212
4374 1 5584
4375 1 1815
4376 1 2069
4377 1 1760
4480 1 376
4587 2 2393
4700 1 839
4717 1 369
4788 1 1060
5145 1 842
5882 1 754
6013 1 2929
6151 1 6692
6182 1 6597
6343 1 567
6363 3 4787
6639 2 1018
6945 2 3654
7432 1 470
7573 1 4835
7658 1 271
7701 2 1565
7727 1 2490
8176 1 304
8306 1 1820
8310 1 4695
8311 1 4367
8312 1 3567
8313 1 3754
8714 1 412
8827 1 6533
8890 1 5449
9316 1 4281
9492 1 6158
9766 1 4331
9813 1 793
9840 1 1435
10356 1 1443
10763 3 2030
11202 1 3466
11484 1 1267
11621 2 1133
12116 2 3604
12119 1 2327
12156 1 13898
12243 1 1176
12692 1 5477
12934 1 2463
12935 1 2445
12951 1 2247
13695 1 2748
13709 1 1718
14258 1 1857
14323 1 1990
15051 2 857
15092 1 2742
15303 1 1132
15757 2 7636
16111 1 1166
16183 1 2917
16221 2 1793
16574 1 2535
16843 1 15992
17129 4 3146
17316 1 1581
17458 2 10296
17555 2 14925
17568 1 1347
17758 1 28986
18044 1 1073
18415 2 5822
18420 1 1885
18527 1 2923
18751 1 986
18779 1 2121
18870 1 422
18871 1 1347
18881 1 2780
19079 1 16454
19390 2 3260
19424 1 673
19485 2 185
19560 1 8071
19876 2 1120
19877 2 1239
19893 2 6194
19929 1 1291
19935 1 1523
20263 1 3682
20295 2 809
20335 2 1141
20663 1 2969
20707 1 35797
20708 1 24696
20713 1 3777
20722 1 1712
20762 1 1247
20938 1 3851
20948 2 690
21080 2 1500
21225 1 4913
21310 1 1905
21318 7 7108
21490 1 4936
21648 2 6487
21713 1 1310
21770 1 4733
22520 1 918
22526 1 2933
22563 1 1334
23675 1 1065
24094 1 3157
24392 1 907
24616 2 6643
25622 1 831
26037 1 510
26081 1 721
26107 2 721
26163 1 8177
26197 2 569
26498 1 32423
26532 1 1485
26870 2 3124
27120 1 850
27393 1 643
28493 2 987
28750 12 4089
28847 1 1791
29376 1 736
29559 12 3217
29629 1 1492
29648 2 8110
29991 3 10803
30600 2 1084
31274 1 1664
31574 1 659
31749 1 1210
31793 1 784
31825 1 3867
31895 1 538
31924 1 559
31946 2 2395
32241 1 5341
32352 2 1388
32377 1 1401
32424 1 1183
33079 1 3096
33451 1 1239
33779 1 1792
33812 1 1095
33819 3 4941
33862 4 998
34029 8 3971
34052 1 11789
34067 2 1675
34081 2 3468
34097 1 1166
34175 1 2354
34349 1 1131
34535 4 3465
34650 1 2639
34672 1 942
35828 4 5244
35895 1 1498
36361 2 2132
36685 1 3543
36956 1 4551
37068 1 1051
37182 2 13117
37278 1 2964
37415 1 5377
37608 2 879
38318 1 1214
38413 1 6145
38804 1 1858
38916 1 6621
39058 1 334
39059 1 366
39182 1 3168
39183 1 4477
39264 1 7187
39276 2 3501
39478 1 1398
39818 1 368
39993 1 6188
40012 3 1560
40023 1 493
40579 1 4144
40648 5 7183
40696 1 6423
40747 1 5237
40833 1 2965
40949 1 291
42058 1 1781
42129 1 4735
42355 1 5228
42389 2 1357
42465 1 321
42681 3 2570
42949 1 2799
43025 1 3087
43042 2 1175
43253 1 1588
43444 1 2757
43536 1 1487
43538 2 2943
43784 1 1234
43837 1 3115
44098 1 1844
44370 2 4236
44588 9 2135
44707 1 6048
44885 3 2410
45159 3 13537
45251 1 2817
45605 1 360
45824 1 2571
45880 1 2642
46169 10 5011
46536 1 1419
46659 1 1042
46694 1 3602
46701 1 566
46726 1 1514
46749 1 6951
46773 1 1114
46774 1 2182
46844 1 873
47898 1 1891
49174 1 9273
49175 1 9938
49348 1 2857
49753 1 1126
49754 1 1006
50025 2 5763
50529 2 4267
50542 1 2306
50846 1 506
50916 1 4044
50966 2 8029
51187 1 1399
51523 1 1944
51763 1 2149
51776 1 612
51909 3 1309
51933 1 2717
51977 1 1239
52030 1 1803
52109 5 3805
52343 10 950
52842 1 567
53329 1 3895
53666 1 305
53773 1 1265
54134 3 2948
54927 1 1073
54930 1 1003
55076 3 2410
55077 3 2410
55604 1 381
56212 1 4266
56544 1 579
56839 1 8203
56883 1 713
56961 1 7535
57372 2 2559
57410 1 2492
57439 1 1505
57659 1 917
58199 1 4784
58737 2 903
58852 1 3464
58964 2 5289
58965 2 5140
58966 2 5767
59263 2 5357
59349 1 8147
59452 1 1493
59567 1 1069
59569 1 1463
59640 2 5056
59662 1 14951
59828 1 882
59982 1 4938
60066 2 4785
60171 1 1344
60224 3 8194
60244 4 630
60671 1 3451
60755 1 962
60773 1 1253
60833 1 979
61227 1 3378
61628 1 7244
61651 1 3956
61668 1 11710
61669 2 5944
61680 1 2168
61788 1 1126
62635 2 1315
62720 1 1714
62788 1 2229
62967 2 122
63310 1 2477
63516 2 644
63564 1 3674
63565 1 3099
63874 1 387
63893 1 319
64397 1 738
65041 2 1469
65043 1 1343
65051 2 1455
65130 3 3523
65439 1 667
65619 1 1364
65664 1 413
65691 1 716
65748 1 1674
65935 1 556
66268 1 1257
66487 1 1154
66583 1 1396
66681 1 894
66947 1 18231
66954 1 791
67085 1 901
67340 1 2960
67454 1 5854
67522 2 673
67721 1 1030
67914 1 481
68160 1 6120
68202 1 326
68203 1 304
68334 2 2381
68737 1 3173
68783 1 1601
68810 1 744
69990 1 3720
70207 1 10208
70231 1 2953
70702 1 2156
70733 1 1052
70749 1 6334
70929 7 6834
71057 1 412
71192 1 407
71229 1 887
71315 1 6723
71325 2 1098
71942 1 3216
71987 1 1438
72003 1 888
72004 5 8626
72067 1 9227
72203 1 387
72284 1 6759
72412 2 14176
72413 1 1983
72436 1 1419
72782 1 2059
73027 1 772
73408 1 1378
73865 3 928
74122 1 1513
74370 1 1237
74432 1 3303
74446 1 1773
75240 1 5462
75920 2 4335
75985 2 1505
76022 4 324
76932 1 3132
77597 1 1016
77817 1 4230
77865 8 230
77943 1 1110
