stress stress 4835 65215343 
26 3 693
41 1 1471
48 1 1265
72 1 431
131 1 14882
132 2 13051
147 1 3893
152 1 156
224 1 670
248 5 5568
258 16 56657
361 1 5027
373 1 1409
428 1 2978
430 2 3354
461 10 5431
500 1 1485
504 2 11283
623 2 515
625 4 5869
672 4 2537
674 2 1393
689 1 1358
759 1 1985
874 1 300
886 1 5811
905 1 493
908 1 1287
922 1 1765
964 1 3624
966 2 6046
1064 16 793
1098 1 659
1121 1 962
1124 1 753
1134 1 966
1149 7 1495
1184 1 307
1198 4 1535
1321 1 3750
1370 1 728
1460 6 678
1469 2 2455
1484 1 6578
1573 1 2363
1630 1 2072
1634 4 30082
1652 1 1683
1731 1 1417
1741 1 5895
1767 1 13095
1799 1 983
1821 2 2804
1829 1 1201
1899 1 684
1902 4 698
1909 1 655
1910 1 449
1912 1 477
1952 1 363
1956 2 3792
1981 1 1770
2057 1 2940
2058 1 377
2075 1 1934
2086 2 3653
2122 1 1275
2123 3 619
2181 1 1278
2192 2 5833
2197 1 1493
2214 2 1202
2216 1 2877
2239 1 680
2335 1 1168
2336 1 1341
2339 2 1043
2340 1 1182
2341 2 1394
2342 1 1088
2343 1 1153
2344 1 1030
2365 1 720
2405 2 578
2407 2 462
2408 2 1064
2409 2 1038
2418 3 528
2441 1 7506
2447 1 901
2463 1 3258
2499 4 781
2504 2 5375
2531 2 897
2568 3 4333
2627 1 1223
2634 1 1560
2662 5 908
2670 1 1152
2679 1 938
2680 1 1224
2687 1 1139
2716 4 4798
2757 1 1573
2809 1 8131
2821 14 1096
2963 2 3763
2991 1 2631
2995 1 2632
3003 2 3697
3063 1 725
3099 4 797
3109 2 3299
3165 3 1306
3169 1 1076
3196 1 2596
3207 2 737
3281 2 3667
3383 1 10722
3400 2 829
3471 1 4168
3500 1 260
3547 1 1585
3590 1 1326
3610 6 1186
3621 1 1327
3643 1 1997
3720 1 1051
3751 1 841
3780 2 1601
3832 2 7941
3835 1 1418
3926 2 435
4050 1 4772
4068 1 8611
4081 2 2482
4087 1 1383
4088 2 1023
4106 1 2006
4167 1 1027
4170 1 3258
4171 1 2956
4172 2 4084
4185 2 1839
4196 1 6780
4202 2 2037
4212 2 1877
4251 1 2307
4279 10 4524
4367 1 1283
4387 1 1182
4418 2 2251
4428 1 2072
4453 1 1290
4454 1 1950
4462 1 6187
4478 1 3007
4479 1 2646
4487 3 777
4534 2 773
4579 1 1909
4625 2 1120
4669 1 1245
4686 1 564
4752 1 5044
4768 1 996
4787 1 1159
4857 2 2912
4905 6 7440
4906 1 8000
4907 1 8001
4908 1 8001
4918 2 2282
4919 2 2024
4946 1 376
4948 4 3561
4958 1 409
5026 2 635
5075 1 1239
5076 1 1220
5092 1 3536
5131 2 1622
5133 1 793
5140 1 1465
5188 3 886
5242 1 1621
5247 1 6498
5255 1 1668
5261 3 773
5283 1 1128
5391 1 3146
5393 1 1000
5402 1 1205
5427 1 662
5454 2 6641
5455 1 15074
5465 1 1292
5496 1 938
5499 2 44062
5531 1 1561
5577 4 3747
5583 1 157
5587 2 2202
5608 1 622
5619 1 1587
5876 1 2035
5931 1 723
5938 1 5865
6012 1 3069
6015 1 3323
6042 7 1836
6057 3 1652
6078 1 1444
6088 1 1753
6120 1 1179
6180 1 5070
6296 1 3125
6328 1 1381
6354 1 171
6361 4 4951
6364 1 7210
6450 2 1006
6529 1 1619
6579 6 4887
6749 1 807
6760 1 806
7002 1 6389
7042 1 722
7051 1 1111
7052 1 1095
7053 1 1076
7054 1 1061
7055 2 2879
7062 1 3124
7130 1 736
7424 1 1087
7425 4 1228
7491 1 7708
7504 1 5695
7506 1 743
7536 1 1263
7544 9 995
7582 1 727
7593 2 601
7600 1 522
7638 1 1131
7647 1 1890
7672 2 1731
7680 3 282
7708 1 1422
7716 1 391
7723 1 4731
7729 1 1221
7740 1 1213
7745 1 1512
7755 1 2141
7763 1 2469
7783 1 2144
7900 1 1093
7944 7 4834
7947 1 511
7949 3 4128
7955 2 1555
7963 1 3329
7975 3 2578
8010 2 611
8051 10 1966
8089 8 20930
8122 3 5509
8177 1 2272
8226 2 658
8234 1 369
8293 1 3686
8380 1 2765
8382 2 19553
8416 1 4562
8422 1 5132
8460 1 2825
8559 1 4026
8592 1 2003
8625 1 1063
8639 1 2193
8702 10 2609
8726 2 1607
8737 1 1659
8759 2 2291
8836 1 1224
8876 1 1372
8890 3 5449
8913 4 12589
8974 1 1453
8998 2 734
9005 12 45220
9006 8 34059
9124 1 950
9125 1 931
9188 3 1630
9189 2 3116
9294 1 3543
9316 1 4281
9322 1 259
9446 1 6689
9463 1 3203
9499 1 425
9502 1 860
9580 3 1345
9643 1 755
9695 1 2000
9704 1 1126
9727 2 3290
9745 3 1624
9771 3 1844
9783 1 1288
9796 1 6203
9804 1 5129
9805 3 5191
9806 4 6009
9811 1 922
9812 1 903
9813 1 793
9814 1 350
9815 1 509
9832 2 2376
9911 1 1621
9984 1 842
9994 2 209
9998 1 2317
10005 1 430
10009 1 1505
10086 1 953
10095 1 1392
10107 1 1234
10117 5 538
10143 1 340
10144 4 3206
10148 1 564
10219 1 3447
10235 2 400
10291 1 724
10333 4 1574
10344 3 2552
10350 1 1251
10364 1 745
10402 4 997
10440 1 190
10445 1 850
10449 5 525
10467 1 1457
10493 1 727
10496 1 1615
10501 1 1217
10539 2 1985
10575 1 3815
10652 1 3224
10663 2 1315
10726 1 622
10731 1 2189
10760 2 228
10845 1 2183
10850 1 1482
10862 1 1361
10931 1 1408
10958 1 603
10971 1 946
11080 1 852
11085 9 1102
11104 1 858
11113 1 658
11206 1 1491
11245 4 1612
11248 2 11766
11255 1 490
11288 9 9962
11291 1 2301
11298 1 749
11378 2 6044
11403 2 2453
11434 1 1004
11442 1 1013
11483 2 703
11492 1 7197
11503 5 2514
11507 2 3105
11537 1 666
11544 2 1023
11569 1 6434
11603 2 1444
11654 2 1757
11685 2 1102
11863 1 1940
11866 1 1990
11890 1 963
11967 1 4440
11985 1 2269
12138 1 18363
12156 4 13898
12192 1 510
12228 1 1101
12275 4 707
12332 1 1098
12344 3 2265
12349 1 710
12350 1 1687
12367 4 9446
12377 1 1151
12390 1 3720
12430 1 1737
12436 1 1371
12441 1 832
12454 2 642
12499 1 3780
12520 1 6343
12609 1 1268
12627 1 4932
12636 2 2613
12638 1 6177
12661 7 897
12807 2 2985
12814 8 46677
12854 1 473
12902 1 1885
12940 1 639
12944 1 2185
12962 1 560
12974 1 4586
12975 1 2649
12976 1 1275
13046 4 1817
13058 29 11569
13060 2 3460
13061 7 2559
13062 1 2827
13086 1 1942
13156 1 3209
13157 2 3217
13158 1 2677
13212 1 3298
13229 2 3224
13238 1 877
13292 1 362
13314 1 733
13321 4 4863
13332 1 14933
13379 1 1294
13403 1 1298
13412 2 1736
13433 2 4168
13434 1 4024
13435 1 1340
13479 1 5487
13481 1 510
13486 1 7532
13497 2 6632
13502 1 1003
13532 7 1389
13548 2 6866
13600 1 1135
13641 2 769
13807 1 1095
13840 12 1860
13841 2 4015
13844 1 2190
13862 1 3335
13936 1 3277
13953 1 886
13985 5 11629
13997 1 276
14010 1 1649
14014 1 3934
14018 1 165
14020 2 123
14042 1 1826
14072 1 651
14080 3 51830
14093 1 384
14105 1 9306
14124 3 621
14176 1 2211
14220 1 2570
14227 1 805
14262 2 844
14281 1 322
14313 1 5288
14317 8 568
14358 1 402
14377 1 1063
14456 1 1069
14482 1 4658
14485 1 2125
14491 4 3791
14520 1 7541
14555 5 2701
14647 1 982
14674 1 1627
14768 1 1208
14809 1 542
14833 6 7321
14986 3 914
14993 1 1219
14994 2 1165
14995 2 1056
14996 1 1221
15007 8 555
15019 1 635
15027 1 1180
15028 2 4600
15039 1 1513
15049 3 2266
15133 1 972
15137 2 2521
15203 1 5461
15268 1 628
15276 1 643
15293 1 5587
15300 3 661
15301 3 5730
15566 4 625
15576 2 2773
15586 6 3732
15603 3 430
15604 1 727
15621 1 2140
15751 1 1372
15757 1 7636
15787 4 654
15788 1 592
15860 1 3929
15936 1 933
16004 3 1576
16008 1 6422
16023 1 810
16048 1 262
16101 1 2125
16120 1 1888
16175 1 932
16257 2 6019
16258 7 7609
16260 1 4783
16292 1 2759
16320 2 1958
16346 4 941
16354 1 986
16374 1 976
16421 3 956
16428 2 2245
16433 4 2178
16440 1 1049
16442 8 1557
16443 7 1618
16459 2 2465
16480 2 1705
16481 3 1327
16486 2 3020
16488 1 817
16489 2 4179
16499 1 1594
16540 3 2127
16574 2 2535
16575 2 2548
16629 1 727
16646 1 774
16718 1 1664
16743 1 1505
16745 3 600
16784 1 2834
16800 1 2525
16813 1 4537
16860 1 2032
16926 1 1923
16957 2 929
16981 2 1907
17033 1 452
17054 1 1596
17060 1 2388
17100 1 3005
17114 1 6140
17160 1 1760
17164 2 1069
17174 1 1157
17194 2 1502
17322 1 966
17389 1 1790
17446 3 3664
17510 3 13439
17527 2 651
17570 2 5402
17590 1 6514
17599 2 4342
17655 1 1980
17667 2 1104
17669 1 5167
17758 49 28986
17780 1 1209
17790 1 2095
17841 2 1098
17847 1 1020
17904 1 6041
17976 1 803
17997 2 325
17999 1 500
18027 1 869
18032 2 3246
18033 1 3046
18042 1 1029
18070 1 1477
18071 3 723
18086 1 385
18107 2 778
18116 1 867
18128 4 1604
18146 5 5814
18153 4 3810
18276 1 1341
18322 1 1063
18349 2 1057
18373 1 1926
18400 1 609
18408 3 1359
18472 1 766
18539 1 720
18568 3 1372
18620 1 3943
18652 1 2264
18654 1 15696
18694 1 1433
18719 1 2396
18728 1 2003
18738 2 940
18744 1 775
18753 2 2030
18769 1 2940
18773 1 1318
18779 2 2121
18853 2 1536
18883 1 1727
18892 1 2095
18933 1 6035
18967 1 13159
18968 1 2667
19036 2 1671
19079 9 16454
19091 1 1544
19092 2 2849
19093 1 3292
19094 1 3568
19095 1 4478
19112 1 251
19150 1 438
19177 1 1161
19186 1 6942
19187 1 826
19227 5 757
19229 2 1661
19367 1 1627
19369 1 1689
19384 1 5576
19385 1 2378
19504 1 6279
19558 1 5943
19560 1 8071
19561 1 5606
19562 2 7991
19563 2 5781
19575 1 253
19625 3 1321
19634 1 723
19677 1 4468
19678 1 6792
19681 1 10198
19684 1 2620
19716 1 478
19792 1 3925
19818 1 4232
19828 3 689
19856 1 1292
19897 1 3289
19902 1 3107
19906 1 1834
19935 2 1523
20015 2 2199
20311 1 733
20384 1 1291
20397 4 3730
20422 2 12210
20425 3 3934
20525 1 45
20653 2 6960
20655 1 891
20683 2 2155
20698 1 3736
20706 1 8010
20707 1 35797
20748 1 900
20762 1 1247
20778 1 4580
20802 1 1887
20811 1 4558
20899 1 3664
20924 4 1135
20934 1 595
20981 1 4198
20999 1 2745
21074 1 5552
21075 1 822
21076 2 1311
21101 2 2647
21201 1 748
21207 1 851
21266 4 4449
21310 2 1905
21343 1 810
21345 1 2751
21361 1 1874
21418 4 1031
21419 3 751
21420 13 4351
21421 7 1866
21422 4 2156
21453 4 196
21479 1 1262
21506 1 981
21507 1 7373
21552 15 3528
21567 1 468
21568 1 3870
21574 6 1373
21575 9 4680
21648 2 6487
21649 1 2333
21755 1 788
21781 1 2594
21833 1 1883
21839 1 4667
21858 1 2839
21892 1 383
21917 1 753
21997 2 2196
22011 1 1160
22016 2 306
22032 1 4462
22072 1 987
22079 1 5115
22105 1 2168
22137 3 4439
22138 3 4091
22143 1 2573
22178 1 634
22205 4 803
22216 3 13756
22327 1 34
22414 1 1144
22428 1 3769
22453 1 1650
22520 2 918
22522 1 1218
22523 1 3123
22526 1 2933
22603 1 779
22883 1 848
22918 4 427
22927 1 2118
22945 3 2400
22946 3 2519
23061 4 455
23133 1 523
23148 2 1086
23310 1 492
23464 1 3921
23489 2 7818
23490 1 788
23492 1 1618
23514 2 8145
23526 1 2714
23653 2 999
23669 2 2196
23676 1 1013
23697 1 5047
23843 2 1535
23844 2 1535
23845 2 1535
23869 3 202
23899 1 1117
23909 5 969
24088 1 1581
24119 1 14616
24157 2 10311
24163 1 1415
24175 1 1777
24181 1 669
24209 1 687
24219 2 7326
24222 1 3333
24256 1 1172
24257 1 1154
24284 1 4091
24462 1 8468
24506 1 7516
24540 1 4575
24546 1 1148
24556 1 2926
24564 1 965
24574 1 3225
24579 2 834
24583 6 808
24588 1 1540
24594 1 1258
24597 2 802
24619 1 1922
24669 1 2087
24673 1 627
24677 1 587
24679 1 619
24694 1 343
24713 5 3212
24747 1 5509
24752 1 1031
24791 1 2527
24798 3 824
24826 1 1650
24840 2 9627
24884 6 7321
24885 6 7349
24900 2 2275
24901 2 2275
24902 2 2275
24934 1 684
25046 1 816
25062 2 1262
25095 1 346
25128 1 3351
25174 2 490
25175 8 4293
25240 1 1105
25259 1 783
25391 1 2825
25409 1 4429
25414 1 265
25477 1 3314
25478 1 3302
25479 5 3085
25482 1 462
25555 1 3167
25564 1 507
25731 1 952
25755 1 613
25766 1 1160
25787 2 1161
25901 2 1582
25961 1 1637
25964 1 4294
26020 1 535
26050 5 1792
26071 1 694
26097 1 1412
26200 25 767
26202 1 920
26205 2 1479
26228 2 768
26239 1 1707
26273 1 186
26370 1 877
26388 1 3682
26390 1 613
26425 1 1535
26434 3 3200
26449 2 7560
26465 1 1529
26477 2 1705
26491 4 189
26498 4 32423
26502 6 3975
26541 3 4809
26586 1 2458
26622 1 3312
26678 1 515
26681 2 463
26686 1 709
26699 1 582
26727 9 4405
26791 8 4660
26860 1 575
26886 1 785
27098 2 1974
27134 1 823
27192 1 653
27224 1 269
27272 3 1722
27274 1 716
27275 4 1290
27311 1 1044
27388 1 1719
27408 1 1001
27411 3 1330
27475 2 5550
27527 1 621
27571 22 489
27623 1 2360
27626 2 1130
27676 1 813
27830 10 5835
27848 1 1948
27851 1 5844
27885 1 1416
27974 1 1432
28065 2 3068
28082 2 1956
28085 1 466
28098 1 10589
28123 1 7111
28260 1 1202
28268 5 811
28296 4 3859
28312 1 795
28320 1 1179
28428 1 1134
28446 1 9326
28457 1 5857
28458 1 5864
28495 1 1554
28662 1 730
28672 1 783
28704 1 630
28711 1 2834
28750 5 4089
28772 1 1602
28796 2 2216
28797 1 3851
28809 2 649
28819 1 1350
28866 1 1774
28915 1 1324
28946 1 974
29040 1 477
29064 4 1128
29074 1 769
29089 2 4866
29108 1 1272
29131 1 376
29180 1 3520
29414 2 1661
29419 6 2386
29433 1 1359
29494 2 3066
29498 1 2955
29506 1 409
29528 1 656
29559 1 3217
29710 1 721
29712 1 603
29713 1 702
29715 3 4501
29722 2 9450
29813 1 1004
29814 1 1053
29884 4 3052
30019 1 1130
30137 1 5022
30406 1 1136
30481 1 967
30482 1 926
30510 3 2362
30516 2 781
30527 1 303
30540 1 3125
30545 1 618
30552 1 4502
30555 1 4027
30556 3 648
30559 1 632
30569 2 715
30573 2 2812
30591 1 1307
30602 1 3594
30637 2 1514
30639 2 8117
30850 1 212
30878 2 1359
30965 1 592
30997 1 957
31024 1 913
31028 2 353
31045 11 24677
31058 2 3446
31078 1 895
31095 1 1243
31138 18 481
31147 3 1461
31213 1 325
31327 1 3711
31355 1 5480
31415 2 1059
31508 1 3777
31518 8 5634
31540 2 1089
31688 1 2740
31692 3 1527
31693 15 3857
31783 4 793
31822 1 3213
31929 1 15160
31944 1 1454
31955 1 632
31975 1 1903
31978 1 1274
32022 1 463
32023 1 2558
32170 1 1811
32214 1 700
32241 1 5341
32268 1 369
32287 23 3033
32295 2 3206
32297 2 3273
32298 2 3261
32322 2 876
32345 1 1361
32376 2 3793
32408 1 2851
32413 1 2301
32426 2 3386
32483 2 1282
32486 3 2886
32490 2 1063
32491 2 6991
32496 1 608
32510 2 179
32603 1 753
32657 2 867
32663 9 3914
32694 1 2647
32710 3 1429
32711 25 4218
32778 1 488
32976 2 1811
32992 1 835
32996 1 693
33091 1 10334
33146 1 836
33202 1 1394
33208 3 1069
33234 1 832
33241 1 455
33257 1 996
33264 1 1136
33276 1 1090
33279 1 1074
33310 1 9499
33367 2 1062
33413 1 845
33457 1 1116
33470 1 1076
33491 1 880
33560 2 248
33631 2 2116
33689 1 2181
33703 9 18894
33708 1 1605
33737 1 1077
33744 1 394
33763 1 2200
33802 12 1659
33847 1 7078
33862 2 998
33924 5 11847
33938 1 5544
33978 2 1552
34029 5 3971
34052 2 11789
34062 1 2698
34081 2 3468
34111 1 1079
34141 1 1487
34166 1 1251
34177 2 1899
34179 1 1686
34182 1 512
34191 1 1190
34266 1 3285
34277 2 1189
34303 2 4581
34331 4 772
34333 3 842
34342 2 5941
34394 14 8616
34396 1 5213
34408 1 1352
34446 2 998
34449 1 3565
34465 2 5422
34477 1 1168
34536 1 1429
34541 1 789
34580 5 1336
34618 2 97
34633 1 1016
34634 1 1126
34650 1 2639
34662 4 1885
34688 1 493
34695 2 697
34731 1 873
34771 1 1220
34795 1 4142
34804 1 3895
34842 15 675
34871 1 647
34892 3 1197
34901 6 18201
34905 3 1534
34945 1 745
34956 2 818
34974 1 931
35069 16 3840
35149 1 9307
35151 3 4287
35321 2 153
35342 2 651
35357 1 345
35359 1 634
35389 3 1068
35399 1 6478
35444 1 1003
35524 3 2484
35529 2 1080
35548 2 1681
35559 2 2826
35586 2 1245
35593 1 794
35594 4 898
35614 2 640
35647 1 522
35721 4 515
35798 1 1407
35799 1 2340
35813 1 47
35887 2 4260
35928 1 967
35937 12 4486
35945 1 2222
35983 1 2665
35993 1 1442
36069 1 2227
36081 1 2438
36143 1 589
36203 1 842
36210 2 1205
36223 14 2477
36257 3 1362
36263 1 1184
36350 1 893
36383 1 2040
36391 1 7515
36392 1 6574
36393 1 6574
36403 1 2989
36404 1 2989
36405 1 2989
36440 4 2527
36533 1 1642
36549 1 667
36552 1 1625
36684 1 1952
36746 1 1073
36823 1 1482
36860 1 879
36881 7 1464
36886 1 1100
36912 1 1844
36932 2 1538
36953 1 562
36967 1 138
37011 2 2340
37023 1 2246
37101 1 894
37177 1 10680
37182 1 13117
37325 1 5474
37409 1 2886
37411 2 375
37423 3 13622
37436 1 9722
37447 4 1838
37454 1 8351
37521 3 3207
37551 2 867
37571 1 569
37576 1 1478
37584 1 1233
37659 1 628
37892 4 5282
37893 8 7547
37929 1 2603
37932 2 17484
37933 1 1338
37985 1 1036
38058 3 533
38094 1 2311
38104 1 242
38123 1 2113
38172 1 2261
38178 1 648
38211 2 755
38300 1 745
38315 1 604
38375 2 1735
38413 1 6145
38457 2 1223
38464 1 575
38482 1 1834
38506 1 725
38533 1 1601
38549 1 551
38557 1 10387
38582 5 666
38605 1 1076
38608 2 4302
38620 2 1203
38660 3 1365
38663 1 3825
38710 1 1030
38713 6 1687
38725 5 2848
38771 1 353
38807 1 2365
38884 3 2693
38910 1 7766
38948 1 124
38960 2 417
38972 2 883
38991 7 1489
38993 1 249
39000 1 917
39001 3 4864
39015 1 2466
39023 1 663
39025 3 1374
39053 1 1408
39148 3 4610
39167 1 1736
39174 1 2046
39279 1 5440
39286 1 1507
39290 1 5621
39307 3 2173
39430 1 1661
39438 1 379
39448 1 3136
39449 2 3105
39471 1 1340
39488 1 1377
39489 1 1197
39497 2 5496
39514 3 578
39590 2 969
39669 1 571
39709 2 626
39712 2 1190
39930 2 624
39958 1 1932
40034 4 811
40035 1 1005
40059 1 938
40079 1 1161
40149 2 1770
40161 1 941
40162 1 914
40163 1 1175
40167 2 1108
40168 2 919
40183 1 1540
40198 2 5290
40224 1 1671
40225 1 1682
40226 1 1053
40229 2 744
40232 1 724
40287 1 10480
40301 2 1617
40320 6 7910
40321 1 1078
40334 2 965
40350 1 624
40375 1 2147
40389 1 1995
40400 1 2099
40414 1 3454
40522 1 960
40538 1 14088
40541 1 4650
40550 1 3684
40585 3 1235
40595 1 1611
40622 1 541
40637 3 7547
40639 1 1499
40654 2 2946
40659 2 2127
40694 1 906
40695 19 8337
40696 15 6423
40702 1 1044
40736 1 742
40747 1 5237
40752 1 606
40901 1 712
40924 1 666
40938 1 1411
40944 2 5673
41008 7 525
41032 1 2291
41035 1 972
41085 1 1046
41108 1 333
41117 1 1658
41146 1 669
41155 1 985
41180 15 763
41182 1 2196
41524 4 2455
41566 1 94
41678 1 1464
41694 2 657
41713 2 1310
41732 1 1023
41734 2 1494
41756 1 439
41837 3 1734
41840 1 2915
41888 3 1197
41931 1 186
41942 1 2534
41943 2 866
42001 2 1519
42005 3 1442
42025 1 9933
42050 5 774
42077 4 806
42158 1 761
42159 1 721
42207 1 824
42247 2 799
42266 5 1519
42267 1 723
42284 1 1827
42306 1 846
42309 1 5367
42355 2 5228
42391 1 608
42434 2 551
42436 3 871
42438 4 506
42485 1 1654
42503 1 757
42516 1 823
42525 3 1213
42557 1 2920
42651 1 1581
42664 1 1406
42668 1 984
42763 1 6680
42764 1 1569
42768 1 4939
42774 7 5633
42823 1 2264
42835 1 2837
42884 2 1169
42949 4 2799
42966 1 1895
43086 2 1175
43092 1 1330
43147 1 797
43149 1 530
43160 3 1940
43161 1 1596
43254 1 726
43265 7 1262
43335 3 441
43347 2 1044
43438 1 2070
43470 1 3949
43477 1 22611
43511 1 879
43520 1 684
43526 1 1427
43536 1 1487
43552 1 820
43576 1 5522
43678 1 956
43773 2 1247
43785 1 2976
43832 1 1187
43913 2 1273
43915 1 3241
43921 1 9448
44062 1 994
44087 1 368
44115 3 4306
44119 2 999
44122 1 1272
44206 1 1686
44227 3 676
44253 2 2425
44265 2 736
44286 2 5425
44287 1 3176
44319 1 408
44334 1 1214
44375 1 501
44389 1 1440
44401 1 323
44494 10 3303
44498 1 1049
44506 1 1670
44520 4 3794
44754 1 431
44761 1 2510
44775 5 2616
44874 2 3594
44880 2 2983
44891 1 1753
44892 1 1152
45078 2 635
45084 3 6555
45086 1 1001
45159 1 13537
45160 1 971
45182 1 412
45208 1 1331
45237 5 434
45251 4 2817
45275 1 1123
45302 1 1230
45322 2 682
45369 1 1016
45422 1 776
45437 5 332
45456 1 1098
45465 1 1142
45606 1 1351
45609 3 1092
45610 2 1452
45620 1 1038
45622 1 1477
45676 4 11251
45698 1 1045
45812 1 376
45826 1 8235
45877 1 683
45878 1 1656
45901 1 618
45906 1 1209
45924 1 1296
45934 3 941
45958 1 2336
45970 1 558
45972 1 1715
45978 3 2264
46010 1 846
46027 4 719
46034 1 865
46079 2 1905
46089 1 844
46106 2 1123
46124 22 1204
46134 4 596
46141 1 1036
46153 9 3988
46292 2 695
46298 1 3741
46306 1 4474
46319 1 2904
46331 1 4197
46339 1 1678
46340 1 882
46354 1 818
46378 2 6175
46388 3 81863
46441 3 765
46443 1 518
46473 1 583
46475 4 939
46492 42 1037
46510 1 1994
46511 2 3336
46544 1 2693
46601 1 967
46661 33 5001
46681 1 893
46774 2 2182
46783 2 2182
46893 1 1066
46947 1 720
46952 36 2067
46972 1 915
47034 1 1302
47035 3 1907
47051 3 371
47052 1 1071
47057 1 997
47065 1 1172
47095 4 6494
47130 1 1232
47137 1 1329
47151 1 5857
47204 1 1502
47210 1 901
47216 1 573
47337 1 337
47389 1 785
47394 2 1036
47398 1 5716
47446 1 2943
47459 1 8496
47476 2 2645
47497 1 2515
47559 3 11224
47561 2 3141
47621 1 2092
47651 1 3064
47654 3 3047
47754 1 2467
47757 1 1609
47780 2 5199
47840 1 1481
47900 1 1530
48020 1 1218
48069 1 3129
48078 2 11919
48093 1 744
48102 1 1483
48134 1 1655
48135 1 1627
48175 1 703
48197 1 8238
48205 17 3456
48206 7 1787
48224 1 3121
48232 1 847
48234 1 7467
48246 2 924
48247 2 2933
48256 1 1990
48287 1 2481
48288 1 2866
48305 6 667
48314 3 1603
48338 2 2760
48362 1 5057
48379 1 6270
48380 2 522
48478 1 1058
48545 2 3140
48664 1 1021
48674 1 1144
48683 1 1360
48698 2 5259
48705 1 767
48889 1 867
48901 1 1611
48912 1 2452
48917 1 6627
48919 1 5467
48948 1 1194
48951 1 6065
48989 5 1067
49005 1 2273
49029 1 3596
49030 1 1393
49046 2 475
49074 1 2567
49130 1 2701
49203 1 1682
49212 1 933
49223 1 782
49228 1 2111
49238 6 2254
49251 1 625
49252 1 971
49269 3 803
49328 4 1138
49340 1 2095
49344 1 2202
49357 1 584
49521 3 1279
49522 2 6160
49523 1 488
49574 1 240
49583 1 212
49606 1 821
49628 1 575
49679 1 2751
49705 1 1264
49766 1 1245
49806 1 1527
49811 1 1751
49844 5 6972
49970 1 1052
49971 1 2684
49984 1 1693
50123 1 1225
50124 2 1198
50126 1 1046
50127 1 917
50128 2 1038
50129 2 1730
50131 1 1217
50132 1 1107
50177 2 1060
50205 2 7146
50207 3 2916
50209 25 1735
50247 1 1590
50312 2 1045
50341 1 968
50355 2 3677
50404 1 1746
50481 2 2364
50482 1 1225
50515 1 3053
50529 3 4267
50541 1 2524
50549 4 434
50565 4 600
50632 4 1689
50716 3 849
50722 1 3030
50726 1 2071
50808 1 623
50829 5 253
50888 1 2791
50966 1 8029
50984 1 1008
50989 1 3307
50994 2 1421
51021 1 772
51057 2 1367
51146 2 2691
51147 1 3111
51290 9 6381
51291 1 1801
51292 1 1220
51295 1 5729
51305 5 1663
51325 1 1021
51341 1 331
51344 2 2554
51425 1 1083
51475 1 1015
51479 2 731
51524 1 1734
51589 1 521
51638 1 3650
51661 2 526
51729 1 529
51777 1 1830
51798 2 1509
51827 3 2148
51917 1 671
51921 1 820
51978 1 8282
52069 1 2292
52072 1 2361
52086 1 452
52109 2 3805
52156 1 522
52191 1 640
52211 1 730
52212 2 782
52271 1 8131
52283 10 2127
52301 1 8406
52395 1 1520
52396 4 4756
52402 2 1032
52405 1 2273
52449 1 3942
52455 1 1525
52472 1 1216
52473 1 1195
52480 1 2295
52491 2 501
52565 2 885
52579 2 1308
52580 2 466
52592 1 1343
52631 2 4596
52635 4 3805
52717 1 3076
52728 1 1010
52804 2 4622
52897 1 1089
52936 1 2566
52940 2 579
52988 1 24350
53037 1 902
53090 1 791
53099 1 3241
53103 3 1051
53158 2 9225
53203 1 1666
53261 1 1586
53265 2 1603
53369 1 223
53371 1 2205
53398 1 1658
53425 1 881
53430 4 48057
53465 1 618
53467 3 2163
53469 2 2932
53497 5 1219
53519 1 1735
53533 1 1937
53539 1 1387
53558 2 5589
53624 1 512
53632 2 466
53650 1 1107
53702 2 194
53704 1 623
54091 1 572
54123 2 2152
54138 1 2492
54207 1 935
54212 3 1573
54218 2 612
54225 2 998
54288 1 993
54327 1 1517
54368 4 1871
54379 1 1041
54381 3 660
54457 36 1157
54465 2 423
54469 1 1075
54478 1 147
54557 1 1040
54566 2 8702
54589 1 2333
54596 1 411
54606 1 855
54613 4 3856
54614 4 3684
54616 1 1314
54640 1 1444
54661 1 699
54966 2 6126
55054 1 4966
55066 2 3616
55068 2 3268
55073 1 3312
55094 1 12123
55306 1 788
55325 2 657
55330 1 1014
55433 1 1983
55496 1 5278
55504 1 179
55530 1 446
55586 1 749
55607 5 9422
55646 1 673
55733 1 908
55914 2 956
56046 2 800
56179 1 517
56198 1 712
56212 1 4266
56223 1 5116
56227 1 1370
56264 2 2223
56286 1 2036
56289 1 91
56290 1 826
56418 1 1368
56419 1 1590
56420 1 1446
56422 1 1132
56423 1 1323
56424 1 1256
56425 1 1074
56426 1 1399
56427 1 1290
56428 1 1075
56433 1 1099
56472 1 525
56476 3 1966
56477 1 4251
56494 1 1522
56511 3 870
56512 2 1050
56521 1 5019
56522 1 3726
56524 1 4137
56527 2 1174
56541 7 1812
56553 1 7598
56557 1 1778
56581 4 2134
56607 1 2013
56631 2 118
56637 2 746
56673 3 1109
56735 1 2263
56784 1 585
56785 1 706
56849 2 1501
56860 1 1462
56881 4 4650
56918 1 665
56955 4 3738
56961 2 7535
56972 1 547
56993 1 1027
56996 1 572
57011 40 1023
57024 1 5130
57226 2 11510
57228 1 1834
57255 3 2815
57263 1 974
57321 1 1511
57357 1 1387
57359 1 1917
57367 1 2359
57380 1 3371
57387 1 2964
57396 1 1224
57415 2 2127
57435 1 533
57467 1 669
57643 2 8017
57658 1 917
57660 1 6533
57674 1 499
57730 1 1998
57838 1 1853
57881 1 2310
57906 2 1412
57923 1 2383
58140 1 51
58251 1 4547
58324 3 1125
58334 10 867
58349 1 565
58467 3 4185
58484 4 1130
58490 1 904
58493 10 958
58514 1 1385
58750 1 999
58837 2 3342
58842 2 3299
59072 4 10092
59168 1 1245
59276 1 1484
59316 1 1089
59338 4 700
59408 1 1795
59458 1 1053
59473 5 4291
59484 1 1395
59487 1 1447
59518 1 928
59563 2 2110
59564 1 1594
59603 1 1181
59649 1 702
59662 1 14951
59684 1 1088
59845 1 835
59849 2 532
59858 2 1684
59873 1 599
59894 1 735
59914 1 824
59988 2 5229
60003 2 422
60021 1 2368
60028 3 116
60030 4 10533
60066 2 4785
60116 2 1842
60157 1 3863
60178 1 1325
60199 1 3044
60224 8 8194
60265 1 891
60277 1 2988
60344 1 755
60421 1 2492
60443 1 1233
60444 1 1326
60445 1 1364
60446 1 1213
60504 1 336
60505 4 2933
60506 2 4289
60526 2 773
60629 2 3596
60661 1 4572
60662 1 6202
60693 2 7521
60736 2 3344
60739 1 3026
60748 1 6845
60750 2 12275
60819 1 736
60982 1 1133
60997 1 3263
61004 2 2305
61006 1 1253
61016 1 1771
61035 1 588
61100 1 618
61157 1 783
61188 4 29700
61216 1 353
61239 1 1502
61269 1 8764
61391 2 5684
61404 2 2003
61428 1 8357
61470 1 2495
61668 7 11710
61721 3 822
61792 1 1506
61799 1 1049
61801 1 1303
61860 6 7381
61994 4 535
62033 2 1470
62039 1 720
62109 1 4903
62122 1 275
62167 1 142
62201 1 625
62204 1 8201
62264 1 749
62265 1 802
62289 1 772
62310 1 3144
62316 1 1602
62334 1 499
62432 1 5539
62499 1 3759
62500 1 685
62588 2 8596
62605 1 686
62621 1 795
62633 1 457
62642 6 7441
62654 1 2607
62684 1 1705
62722 3 812
62789 1 3394
62822 2 802
62825 1 437
62853 1 4078
62858 1 984
62906 1 1723
62929 1 5384
62992 1 5430
63051 1 1657
63055 1 898
63064 1 1202
63163 2 2048
63172 5 1456
63339 1 1381
63350 1 2253
63354 1 933
63412 1 2324
63421 1 1523
63427 1 4477
63637 1 460
63656 1 6872
63659 1 696
63695 1 2625
63714 1 1284
63740 8 1761
63778 1 2846
63810 1 1000
63861 1 591
63908 1 588
63909 1 628
63929 1 1348
63974 1 1872
64016 1 1043
64273 1 1659
64311 1 4060
64352 1 1020
64376 6 2975
64397 5 738
64453 2 10145
64454 1 1155
64493 2 956
64522 3 528
64559 3 4363
64619 2 2292
64637 1 878
64646 1 789
64924 3 2526
64934 1 1579
64951 1 1419
65004 1 972
65006 1 3064
65009 3 3343
65031 2 3879
65113 1 1073
65265 1 5510
65415 2 951
65420 1 1116
65437 7 372
65474 1 1571
65515 1 1671
65524 1 1206
65576 5 4667
65684 4 17249
65699 1 956
65719 1 1648
65757 3 1393
65799 9 4143
65885 1 3324
65911 1 948
65990 1 4364
65995 1 6936
66013 1 2760
66015 1 4361
66055 2 1289
66184 1 373
66208 1 403
66226 2 1366
66268 1 1257
66269 1 1221
66277 9 1687
66281 1 1481
66282 1 1537
66310 5 8271
66369 1 39
66376 3 1935
66378 3 1248
66391 3 1172
66398 1 1079
66400 1 675
66442 1 841
66515 1 6274
66527 1 611
66538 1 2914
66587 1 4790
66599 1 1088
66651 1 700
66684 2 1462
66698 1 2058
66742 2 3877
66751 3 11896
66842 1 731
66915 1 4319
66994 4 2517
67001 1 1320
67027 5 2379
67034 1 2166
67043 2 858
67044 2 797
67045 2 805
67046 2 871
67060 3 895
67068 1 1097
67075 2 1010
67142 10 699
67320 1 631
67347 2 1319
67355 1 6043
67374 1 1178
67408 3 5567
67409 1 5448
67410 1 7180
67427 1 2019
67428 1 2521
67450 1 1510
67454 1 5854
67518 2 2462
67547 1 1341
67585 10 2443
67627 15 2254
67696 1 1147
67713 2 677
67721 1 1030
67727 1 3367
67728 1 2471
67770 1 1180
67836 1 686
67879 1 825
67931 4 1269
67998 3 138
68028 1 481
68057 1 3416
68108 2 1275
68117 3 4150
68118 1 3343
68167 1 612
68173 1 958
68198 1 710
68214 1 456
68314 1 685
68334 2 2381
68351 2 1158
68363 1 584
68369 1 11195
68389 1 7515
68390 1 7515
68391 1 7515
68392 1 6574
68435 1 1168
68649 1 942
68713 1 3702
68730 1 346
68731 1 1135
68737 2 3173
68744 2 773
68756 1 2028
68766 1 5324
68772 1 904
68783 1 1601
68789 1 1320
68798 1 1805
68810 2 744
68849 1 603
68884 1 565
68893 14 1871
68938 1 1260
68960 7 1724
69030 1 437
69038 1 1165
69048 3 1367
69431 1 3095
69468 1 364
69483 1 3191
69498 1 1144
69508 1 886
69710 1 5755
69722 1 1778
69823 2 983
69954 1 638
70065 1 770
70067 2 2001
70076 1 833
70209 2 566
70213 1 1440
70218 2 1422
70231 10 2953
70263 5 7023
70264 1 2207
70269 2 2397
70293 2 768
70294 3 772
70295 1 753
70296 1 475
70298 1 1605
70434 1 1090
70487 1 511
70591 1 4584
70609 1 881
70960 2 2677
70980 2 444
70994 1 761
71050 10 3333
71080 1 1970
71164 1 723
71166 1 480
71219 1 2884
71220 1 2841
71221 1 3179
71255 2 712
71279 7 792
71288 3 595
71289 3 607
71290 3 1120
71303 2 1741
71306 1 1543
71317 1 1023
71331 1 1104
71335 3 3121
71384 1 2877
71385 1 2877
71386 1 2880
71414 1 303
71432 1 2398
71519 1 2955
71520 1 1281
71521 1 1133
71522 1 1158
71523 1 1243
71524 1 1115
71525 2 1462
71562 1 835
71567 1 4513
71582 2 1381
71595 13 1738
71634 1 2564
71683 1 1891
71695 2 1178
71725 2 1376
71731 1 4830
71748 1 679
71827 6 6203
71837 3 622
71896 1 3955
71902 1 565
71924 1 2521
71944 2 7115
71945 1 495
71990 1 1101
72009 3 1448
72041 4 1544
72045 1 2213
72066 1 7004
72081 1 3204
72082 2 2593
72088 2 2347
72094 3 714
72113 2 641
72176 2 2898
72178 1 855
72201 1 5125
72206 1 2593
72214 1 786
72278 2 1211
72279 2 1454
72295 1 2968
72299 1 1853
72305 2 1854
72312 1 596
72366 1 1256
72369 1 1408
72372 1 1766
72387 1 2107
72394 14 753
72422 1 4394
72484 1 1254
72498 4 11873
72517 1 1018
72518 2 1027
72519 1 1167
72520 1 856
72662 1 376
72730 1 1020
72746 1 1433
72766 1 1339
72830 1 3747
72835 1 2083
72853 1 548
72858 1 1852
72886 1 1142
72899 1 20275
72938 1 10696
72959 1 2654
72964 1 2090
73008 1 5555
73027 1 772
73028 1 1012
73069 1 2055
73094 1 1712
73099 1 1820
73109 1 1129
73155 1 3609
73180 1 1271
73283 1 1921
73449 1 632
73455 1 2168
73483 1 1287
73546 1 638
73555 1 1159
73594 2 1535
73645 1 5683
73945 1 10857
73946 7 904
73968 1 1524
73996 4 7920
73997 7 10376
74018 2 1288
74019 1 1060
74069 1 999
74085 2 884
74120 1 2512
74121 2 2293
74140 1 1711
74158 1 1846
74180 1 1201
74201 2 1126
74224 2 571
74270 1 1439
74298 1 2423
74355 1 1634
74405 1 1483
74419 1 1583
74443 2 1375
74481 1 190
74516 1 396
74574 1 499
74612 1 1132
74635 1 2160
74645 2 6253
74707 1 4337
74717 1 1115
74736 2 2126
74750 2 2927
74788 1 1690
74795 1 2070
74822 2 5130
74902 2 774
74909 1 966
74933 1 1532
74940 2 569
75047 1 1177
75125 1 1224
75198 1 1269
75203 1 2977
75241 1 901
75258 1 1651
75259 1 1890
75331 1 3149
75471 1 3184
75497 4 1847
75523 1 268
75556 1 1021
75645 1 1914
75703 1 420
75704 2 936
75819 1 1134
75839 1 1452
75927 5 4496
75963 1 2775
76017 1 1083
76075 1 871
76081 1 1493
76100 5 976
76111 1 841
76162 1 3412
76199 1 1686
76203 3 1000
76225 1 890
76239 7 921
76242 1 165
76344 1 2359
76353 1 3328
76405 1 5489
76436 1 1234
76448 1 5583
76449 3 6086
76469 1 1291
76517 1 735
76572 1 1429
76615 1 3913
76626 1 4388
76651 1 686
76656 10 4057
76671 7 599
76722 1 2126
76773 1 2532
76873 1 376
76974 1 503
77010 3 6732
77015 1 1847
77041 1 499
77058 8 1110
77088 1 4377
77194 1 812
77199 6 3580
77202 1 8001
77269 1 1124
77364 1 1225
77411 1 3629
77456 1 13066
77458 1 1185
77573 1 914
77647 1 1135
77654 1 1454
77655 2 342
77675 1 306
77700 2 69
77824 1 4856
77886 1 496
77913 3 1380
77960 3 527
78077 6 662
78121 6 3206
78125 1 1056
