seller seller 7918 65215343 
127 7 877
131 1 14882
147 1 3893
164 1 646
248 1 5568
256 9 8243
268 2 901
269 2 928
270 2 865
271 2 940
303 4 370
331 1 735
332 1 493
333 2 427
334 1 434
335 1 447
336 1 525
337 1 570
338 1 667
339 1 663
340 2 2546
362 1 343
397 1 1583
427 5 907
433 1 1676
474 1 3627
477 1 3143
485 2 1089
565 1 524
624 2 6440
723 2 1018
792 1 1601
808 1 631
812 1 581
845 1 1480
886 1 5811
897 1 1032
914 1 1067
959 1 1761
1000 1 2589
1005 1 683
1028 1 1298
1029 2 1302
1059 16 1913
1060 19 1104
1126 3 463
1194 1 152
1269 1 5091
1272 1 2455
1376 1 652
1421 1 800
1570 1 1617
1593 1 2577
1594 1 988
1613 2 784
1660 2 639
1661 1 585
1662 2 586
1663 1 889
1664 1 598
1675 6 1220
1830 3 1777
1832 2 1266
1833 1 1154
1882 1 2462
1973 1 16948
2024 1 816
2036 1 831
2048 1 1132
2061 1 1075
2086 3 3653
2109 1 944
2139 1 1034
2141 1 437
2142 1 955
2248 1 351
2327 1 872
2376 2 1246
2420 1 2316
2423 1 726
2536 2 2222
2546 1 1042
2571 1 712
2572 2 627
2578 1 1034
2636 1 1393
2637 1 995
2656 8 750
2686 1 1195
2694 1 1346
2695 4 2852
2795 2 398
2797 1 342
2809 3 8131
2847 1 1039
2964 8 585
2994 3 2004
3033 1 1192
3128 1 1311
3134 1 1532
3251 1 303
3267 2 3085
3334 1 326
3421 1 954
3447 2 2791
3542 16 1834
3543 11 1381
3589 1 1008
3606 10 924
3607 7 763
3668 1 8976
3706 5 6639
4138 1 534
4169 1 723
4219 2 606
4337 1 823
4348 1 3712
4362 1 1166
4419 1 920
4444 1 768
4445 1 451
4460 1 3587
4518 1 2481
4530 1 1032
4531 1 1036
4532 1 980
4533 1 1058
4610 2 1311
4652 1 121
4683 4 641
4700 1 839
4775 8 1939
4801 1 858
4802 2 845
4827 1 532
4842 1 2135
4964 1 930
4965 1 1012
4972 1 783
5002 4 577
5110 9 4935
5135 1 1764
5152 1 981
5155 3 591
5184 11 2478
5190 1 1414
5229 1 566
5246 1 1448
5255 2 1668
5307 1 821
5453 1 1797
5523 6 719
5580 11 6581
5663 1 645
5801 5 459
5846 1 467
5847 1 551
5848 1 503
5849 2 759
5850 1 537
5851 1 560
5852 1 460
5853 1 668
5854 1 651
5855 1 1038
5856 1 732
5857 1 779
5858 1 816
5947 1 935
6019 8 820
6101 2 1241
6338 1 1825
6364 1 7210
6529 1 1619
6590 2 988
6591 2 809
6592 2 697
6595 2 882
6596 2 814
6597 1 601
6629 1 1414
6649 1 1075
6661 1 680
6663 1 1112
6759 2 962
6828 1 456
6937 1 670
6996 12 1163
6997 14 1942
7008 1 725
7014 13 1878
7070 1 2748
7144 2 1209
7272 1 901
7273 1 519
7274 1 1168
7275 2 1286
7276 6 1237
7277 7 1309
7278 4 1716
7279 1 646
7280 3 758
7282 3 1284
7283 1 2390
7284 4 3123
7285 2 626
7286 1 2279
7287 3 4774
7288 1 1137
7289 1 1079
7290 1 855
7291 2 832
7415 1 2592
7425 1 1228
7549 1 413
7592 1 473
7730 1 623
7782 2 697
7885 1 2709
7963 2 3329
7989 1 734
7990 1 118
7991 3 80
7992 1 770
7993 1 705
8056 2 878
8061 1 808
8066 1 580
8078 1 948
8092 1 3223
8284 2 3146
8315 1 776
8320 1 664
8399 1 774
8400 1 421
8401 1 649
8469 1 1089
8582 4 1026
8599 2 269
8600 1 467
8601 1 75
8745 1 617
8822 5 569
8827 2 6533
8851 1 355
8864 1 344
8865 1 305
8872 1 1283
8873 1 1489
8989 1 486
9018 1 2158
9021 2 943
9022 2 796
9023 2 882
9024 2 868
9057 2 1319
9087 1 730
9088 1 598
9089 1 732
9090 1 695
9091 1 453
9092 2 495
9093 2 607
9094 2 614
9095 1 529
9096 1 258
9097 1 956
9098 1 774
9099 1 766
9100 1 708
9101 1 680
9102 1 777
9103 1 780
9104 1 748
9105 1 694
9302 1 3665
9306 9 1955
9341 1 837
9383 1 1234
9444 1 507
9446 2 6689
9447 1 762
9512 3 2693
9557 1 453
9611 1 1387
9612 1 1331
9613 1 1310
9614 1 1341
9615 1 1341
9630 1 651
9640 2 3873
9650 1 604
9666 1 786
9715 2 826
9716 1 751
9717 2 950
9718 1 922
9719 1 811
9720 2 1087
9721 1 1652
9740 1 146
9884 1 856
9948 1 2209
9980 1 294
10009 3 1505
10010 1 656
10011 1 677
10012 1 597
10013 1 606
10032 2 529
10034 2 940
10038 2 1127
10048 1 543
10105 1 8600
10253 3 2883
10255 3 2770
10271 1 930
10289 1 8941
10294 3 437
10331 2 673
10342 1 377
10369 1 1033
10425 1 1190
10486 26 2750
10488 4 1531
10526 1 1032
10530 2 887
10531 2 754
10532 2 871
10533 2 963
10534 2 900
10535 2 1040
10536 2 366
10580 3 1106
10584 1 721
10591 2 7784
10601 4 2025
10679 4 1155
10803 1 844
10923 1 705
10930 1 1025
11086 2 599
11119 2 1442
11292 6 1815
11300 1 653
11371 1 1485
11401 2 704
11511 2 975
11512 2 836
11513 2 904
11514 2 716
11515 2 919
11516 2 883
11517 2 935
11522 2 1015
11523 2 999
11524 2 1007
11525 2 979
11526 2 951
11527 2 909
11528 2 1000
11604 1 1010
11617 1 566
11639 1 1335
11640 1 1355
11641 1 1329
11670 1 662
11679 1 287
11696 1 628
11722 6 1625
11882 2 891
11890 1 963
12164 1 3148
12235 13 991
12236 17 1669
12237 17 1444
12249 2 484
12289 1 1759
12297 1 2001
12298 10 2322
12299 13 1048
12300 13 1761
12301 11 1096
12302 12 1574
12323 1 795
12369 4 1673
12371 8 812
12372 7 829
12411 1 1615
12444 1 1257
12445 1 1249
12446 1 1227
12496 1 1055
12744 1 1046
12745 1 972
12746 2 1213
12747 3 3912
12748 1 3182
12749 2 846
12750 1 1084
12751 3 5083
12752 1 743
12753 6 3395
12754 3 1143
12755 2 985
12756 2 990
12757 2 1946
12758 1 1074
12759 3 1866
12760 1 1563
12761 1 877
12762 2 5406
12889 1 1525
12927 1 993
12928 1 1026
12929 1 973
12930 1 1053
12943 12 1937
12944 18 2185
12945 13 2019
12946 12 1292
12947 12 1366
12948 14 2044
12949 13 2158
12950 15 2140
12951 13 2247
12952 12 1158
12953 13 1027
12954 12 1599
12955 13 1221
12956 13 1280
12957 13 1944
12958 17 1362
12959 14 1956
12962 9 560
12971 1 495
12979 15 1831
13058 5 11569
13201 2 1224
13202 1 777
13203 1 697
13204 1 1820
13205 1 2644
13206 1 1206
13207 1 1202
13208 1 2020
13210 1 1144
13221 4 2420
13224 1 3401
13232 1 1271
13357 6 630
13380 2 1436
13505 2 1133
13520 1 4296
13598 1 1521
13599 1 1426
13618 2 28398
13796 1 895
13807 1 1095
13850 1 321
13886 1 3122
13916 1 51
13968 2 579
14097 5 1755
14105 9 9306
14121 2 757
14122 2 875
14123 1 541
14137 4 447
14203 1 597
14301 1 2773
14384 1 768
14455 1 354
14675 4 1701
14691 1 802
14699 1 803
14700 1 635
14704 1 702
14713 1 863
14750 1 1292
14800 1 746
14882 1 1053
14883 1 1025
14884 1 912
15020 3 913
15040 1 326
15041 1 872
15042 1 583
15043 1 60
15255 7 555
15426 4 463
15463 1 500
15464 1 649
15465 1 496
15466 1 531
15467 1 555
15468 2 1078
15469 2 1058
15470 1 794
15471 1 924
15472 1 893
15473 1 655
15546 1 625
15602 3 279
15624 2 1071
15832 1 2615
15836 1 413
15888 2 893
15889 2 1032
15890 2 835
15893 2 1081
15894 2 898
15900 1 850
15906 1 679
15922 1 3916
15945 1 105
16027 1 907
16036 1 684
16046 2 705
16052 1 781
16128 2 987
16180 1 805
16205 1 2813
16259 17 1458
16333 3 1016
16376 3 1139
16385 3 1811
16411 2 732
16435 1 1396
16464 3 3565
16465 1 3291
16474 1 329
16499 1 1594
16506 3 2246
16507 1 1847
16553 1 869
16700 1 3762
16836 2 4094
16865 1 1183
17023 3 1195
17141 2 1634
17190 1 1264
17248 1 2188
17257 1 2138
17363 1 2096
17458 6 10296
17595 3 963
17599 1 4342
17626 3 202
17627 1 176
17628 1 710
17629 1 496
17630 1 86
17631 1 118
17638 1 6007
17762 1 700
17765 1 279
17786 2 444
17788 8 2252
17789 13 2222
17793 1 2999
17942 6 383
17943 2 1248
18077 1 720
18103 2 729
18105 1 278
18116 1 867
18132 1 1192
18153 1 3810
18172 1 1289
18290 1 982
18416 1 1500
18438 2 452
18456 1 1310
18457 1 1389
18458 1 1332
18461 3 2262
18480 3 1001
18497 1 341
18575 1 678
18636 2 1655
18644 1 2789
18658 1 1985
18685 6 4688
18687 2 3261
18688 1 1233
18689 1 2550
18708 1 1066
18791 8 434
18812 13 1141
18813 14 1761
18814 14 1715
18881 1 2780
18884 1 836
18885 2 1038
18886 1 1074
18893 8 852
18894 7 780
18965 1 20789
18999 1 340
19125 1 917
19131 1 3297
19237 2 1885
19307 1 983
19309 3 2189
19310 1 864
19383 4 3259
19391 1 3144
19412 2 230
19687 1 2998
19726 2 853
19832 3 4109
19857 1 385
19874 1 1603
19875 1 826
19896 1 4758
19913 1 2014
19952 1 553
19985 1 8977
20020 1 1073
20263 1 3682
20294 1 3768
20568 1 483
20569 2 685
20570 1 552
20571 1 457
20572 2 820
20573 1 483
20574 1 695
20575 2 4332
20651 5 764
20660 1 777
20661 2 1660
20707 1 35797
20778 6 4580
20812 2 1234
20915 1 2042
20919 8 752
20982 1 1098
21062 1 2438
21083 1 2413
21185 2 969
21187 2 992
21188 1 1794
21247 16 1482
21262 1 2285
21263 1 1339
21264 2 838
21265 1 1264
21266 3 4449
21299 3 9163
21317 4 2286
21365 1 441
21366 2 643
21367 1 475
21368 2 756
21369 1 655
21370 1 538
21371 1 857
21372 1 553
21373 1 714
21391 1 4613
21455 1 1624
21490 1 4936
21507 1 7373
21570 2 745
21631 3 1530
21644 2 11884
21645 1 377
21712 1 965
21717 1 1108
21779 1 1083
21788 3 309
21807 2 1202
21870 1 315
21913 1 3148
21916 1 916
21937 1 764
21938 1 578
21939 1 541
21940 1 962
21951 3 1086
22013 1 1044
22032 4 4462
22072 1 987
22073 1 1079
22074 1 979
22075 1 1098
22076 1 1006
22093 1 10393
22141 1 2921
22215 3 1991
22216 3 13756
22384 4 390
22415 1 1257
22417 1 571
22418 2 555
22419 1 748
22420 1 508
22421 1 613
22422 2 583
22423 1 507
22424 1 626
22425 1 560
22426 1 661
22453 1 1650
22522 1 1218
22950 2 1033
22951 2 851
22952 2 867
22953 2 280
22954 2 911
22955 2 681
22959 2 1249
22960 2 855
22961 2 995
22962 2 1318
23003 1 912
23023 1 1334
23024 2 1356
23025 1 1343
23045 1 719
23046 1 820
23065 10 1447
23070 1 1018
23411 2 2833
23447 12 1194
23448 14 1669
23449 12 1675
23450 13 2158
23451 19 2126
23473 15 1771
23474 15 1785
23510 6 1027
23514 1 8145
23526 1 2714
23547 1 539
23637 5 2848
23673 1 552
23731 1 479
23732 3 4739
23733 3 2720
23734 4 1825
23735 1 1708
23736 3 2381
23737 1 648
23738 3 679
23739 1 907
23740 2 816
23741 1 633
23742 1 1052
23743 1 972
23744 1 1051
23745 1 2692
23746 1 1757
23777 1 1334
23840 5 235
23904 1 1172
23979 2 726
24119 1 14616
24123 1 1686
24124 1 2547
24162 12 1116
24163 12 1415
24164 18 1966
24165 15 2487
24166 13 1006
24176 1 1121
24219 3 7326
24242 10 831
24254 1 4321
24270 1 158
24304 1 685
24366 2 875
24376 1 783
24424 1 2471
24430 1 779
24431 2 1396
24432 1 863
24433 2 2363
24434 4 1249
24435 1 559
24436 1 720
24437 4 3970
24438 2 3027
24469 1 715
24506 2 7516
24560 2 1080
24596 1 3667
24715 1 393
24749 1 4668
24783 1 99
24796 1 714
24812 1 1148
24928 1 1142
24929 1 1195
25072 3 587
25073 1 63
25092 1 453
25118 1 775
25148 1 716
25184 2 896
25277 1 1839
25282 1 1395
25353 4 382
25383 1 440
25384 1 440
25385 1 411
25386 1 569
25387 1 418
25388 1 457
25389 1 689
25390 1 753
25411 3 2077
25412 1 283
25440 8 1655
25519 1 420
25609 2 166
25627 1 637
25693 1 2462
25713 2 3056
25719 1 1177
25738 2 1011
25739 2 995
25740 2 1192
25741 2 864
25745 2 730
25746 2 948
25747 2 894
25809 1 1289
25810 1 1591
25811 1 1318
25909 2 904
25955 3 382
25970 1 335
26131 14 1898
26132 18 2930
26164 3 1169
26165 3 1178
26166 3 1178
26167 14 1204
26168 12 1153
26169 12 2105
26171 1 454
26192 2 427
26214 10 968
26225 3 554
26234 1 143
26298 4 263
26370 1 877
26420 1 911
26421 4 995
26423 4 3280
26424 1 743
26425 1 1535
26426 1 1023
26427 3 912
26428 1 1156
26429 2 644
26430 1 984
26431 4 2088
26432 4 2149
26433 2 793
26434 4 3200
26449 1 7560
26534 1 3621
26593 1 1889
26596 1 412
26667 5 746
26727 1 4405
26739 3 615
26778 1 1498
26807 1 1054
26809 1 463
26810 1 739
26827 1 2251
26854 2 750
26855 2 905
26857 2 917
26858 2 1016
26877 1 1219
26890 1 1680
26905 1 1309
26979 1 787
27035 1 1356
27131 1 1909
27167 7 707
27195 1 3108
27196 14 1661
27197 13 1655
27198 19 2800
27216 1 1262
27228 4 952
27229 3 598
27230 3 591
27231 3 1168
27232 3 568
27233 3 665
27234 3 1266
27235 15 2671
27236 12 1397
27237 11 1168
27238 14 1588
27239 15 1244
27284 1 1496
27298 2 663
27341 1 906
27387 1 697
27458 2 478
27459 1 1123
27460 1 653
27461 2 4148
27463 2 604
27464 1 662
27465 1 648
27466 2 551
27467 1 879
27469 1 1105
27568 8 2345
27569 4 969
27590 1 1661
27654 1 2800
27767 1 568
27841 2 1689
27853 2 3446
27862 2 8511
27879 1 1030
27880 1 1171
27968 2 464
27970 1 517
28021 1 982
28023 1 983
28025 1 988
28028 1 209
28029 1 108
28040 1 4385
28094 1 2585
28192 1 2315
28208 7 995
28216 1 296
28230 1 1438
28261 2 11790
28315 1 755
28321 1 562
28346 1 620
28432 1 1851
28446 2 9326
28467 2 8583
28468 2 8583
28469 2 8615
28486 1 1421
28489 1 1123
28623 2 450
28624 2 476
28625 2 421
28696 1 3559
28716 3 74
28717 1 425
28718 1 233
28819 2 1350
28854 1 1290
29002 1 1504
29003 1 1532
29066 2 1322
29136 3 1011
29137 1 640
29187 1 908
29289 5 351
29328 1 2531
29330 6 497
29332 1 593
29333 1 512
29334 1 517
29335 1 478
29336 2 554
29337 1 536
29338 2 462
29339 1 448
29340 1 506
29341 1 761
29342 1 609
29343 1 841
29344 1 853
29346 2 5736
29385 2 3769
29409 1 654
29423 1 405
29429 1 1618
29486 3 1334
29637 1 2315
29693 1 1825
29714 2 623
29722 1 9450
29868 14 2187
29871 1 771
29899 1 815
29903 1 1998
29918 2 903
29919 2 943
29920 2 851
29921 2 947
29922 2 928
29923 2 990
29924 2 964
29925 2 896
29932 2 1003
29933 2 927
29934 2 955
29935 2 964
29936 2 945
29937 2 1043
29938 2 1016
29943 1 834
29951 7 2090
29958 1 634
30059 1 2773
30135 2 680
30139 1 856
30164 1 2045
30211 1 3859
30273 1 2533
30297 15 1169
30310 19 2537
30311 15 1862
30312 12 1701
30599 1 924
30642 1 3081
30651 1 1026
30873 1 731
30878 1 1359
30894 1 375
30952 2 3956
31008 1 1281
31094 1 7803
31109 1 516
31110 1 1316
31116 1 63
31117 1 853
31145 1 605
31152 2 419
31187 5 579
31218 1 477
31219 1 563
31220 1 691
31221 1 506
31222 1 644
31223 1 552
31224 5 950
31225 1 753
31226 1 530
31227 1 927
31267 1 7536
31322 2 1237
31385 2 909
31416 2 1544
31456 2 1127
31512 1 857
31544 3 2626
31564 9 431
31565 9 431
31659 1 568
31717 1 6445
31779 1 171
31784 1 817
31855 7 827
31879 1 1482
31985 1 810
32034 1 1185
32150 3 2832
32151 1 632
32152 1 521
32153 1 470
32154 1 633
32155 1 545
32156 1 723
32157 2 586
32158 1 832
32159 1 588
32160 1 745
32161 2 679
32162 1 632
32163 1 634
32164 1 796
32165 1 546
32166 1 660
32167 1 825
32168 1 738
32169 1 795
32308 1 1418
32328 3 1109
32376 3 3793
32388 27 24490
32571 9 431
32572 9 431
32646 1 847
32668 2 833
32669 2 948
32670 2 1056
32678 2 914
32679 2 863
32689 1 616
32706 1 1372
32709 6 977
32753 1 1998
32758 1 1307
32759 1 1321
32807 1 710
32815 1 395
32822 2 2367
32828 1 632
32836 1 711
32906 2 740
32907 1 1937
32973 1 594
32983 1 491
33180 12 1113
33181 13 1712
33182 14 1778
33183 13 1139
33184 11 911
33220 13 1178
33253 1 260
33256 1 1321
33272 12 1656
33290 1 1065
33292 1 813
33307 1 154
33420 1 1024
33439 1 496
33472 2 650
33512 2 777
33671 11 1779
33672 11 1607
33673 12 1075
33674 12 1050
33675 15 2486
33676 13 1188
33677 13 1132
33678 4 718
33681 1 859
33685 1 361
33724 1 1476
33726 16 1999
33776 9 871
33787 21 3331
33800 1 151
33874 1 987
33875 1 726
33899 4 661
33937 5 14231
33938 2 5544
33946 1 914
33988 1 1595
34004 1 5029
34063 6 624
34182 4 512
34212 1 904
34307 1 1047
34318 4 1326
34342 3 5941
34449 1 3565
34479 1 1119
34480 1 2110
34515 1 1018
34517 1 764
34518 1 777
34684 1 1140
34688 1 493
34715 3 489
34781 4 4211
34811 2 612
34824 1 468
34860 8 3758
34861 28 4582
34928 1 647
35039 2 2773
35151 1 4287
35340 1 4545
35363 1 1516
35413 1 226
35427 39 12574
35428 39 12657
35430 16 2096
35431 12 1278
35432 14 1823
35433 11 1624
35434 16 1365
35435 4 1070
35482 12 1290
35483 13 1826
35484 11 1144
35485 13 1364
35486 16 1430
35487 15 1788
35550 8 809
35565 1 237
35661 1 405
35683 8 1542
35710 2 777
35714 1 1619
35730 1 850
35731 1 931
35816 4 836
35818 5 2401
35819 5 1617
35820 2 1281
35821 1 906
35822 2 834
35824 2 3392
35825 2 3773
35826 1 838
35827 2 1651
35828 3 5244
35829 4 1300
35830 1 2280
35831 3 3206
35832 1 2158
35833 2 1394
35834 1 756
35835 1 1430
35837 1 2391
35838 1 1185
35839 2 1075
35840 6 5256
35841 3 958
35842 2 1606
35843 3 742
35844 4 1135
35845 2 605
35846 3 1532
35847 1 965
35848 1 849
35850 1 2980
35851 1 845
35856 1 1565
35857 1 1888
35946 1 3409
36082 1 1049
36171 1 1022
36177 1 2374
36269 1 457
36271 1 587
36282 1 821
36288 1 686
36297 14 1282
36313 1 1437
36330 1 1117
36333 1 1086
36353 1 807
36414 11 3031
36424 1 1300
36465 1 430
36472 2 868
36476 1 489
36498 1 8241
36503 1 651
36534 2 413
36565 1 835
36569 2 788
36573 2 638
36668 1 657
36685 1 3543
36770 1 2401
36783 13 1431
36784 14 1169
36785 15 1843
36786 14 1500
36787 16 1432
36788 13 1941
36789 12 1662
36830 1 842
36836 15 1458
36837 12 1141
36838 14 1144
36896 8 659
36914 3 304
36930 1 171
37069 1 761
37072 10 2165
37074 1 3457
37086 1 615
37164 3 3578
37165 1 1811
37171 1 1206
37418 2 1786
37436 1 9722
37439 3 636
37450 5 672
37462 1 1410
37556 2 196
37583 1 1026
37607 1 1334
37650 1 2418
37658 6 788
37678 1 1076
37679 1 582
37682 1 295
37712 1 8990
37741 1 1024
37892 1 5282
37928 2 3618
37929 2 2603
37932 1 17484
37971 1 1025
38049 1 511
38060 1 592
38123 1 2113
38147 6 241
38304 1 677
38326 1 699
38375 1 1735
38445 2 2338
38448 1 6071
38508 14 2464
38509 4 1250
38510 16 1907
38511 14 1138
38512 12 1647
38555 1 946
38560 1 898
38572 1 909
38610 1 1389
38633 1 1558
38708 1 486
38811 1 1238
38928 1 2507
38944 1 3052
38945 1 1483
39081 1 1592
39090 1 1090
39101 1 562
39124 1 490
39136 2 1787
39264 1 7187
39319 1 414
39341 1 9083
39488 1 1377
39547 1 1316
39548 1 1379
39549 1 1321
39550 1 1569
39551 1 1323
39556 2 1631
39595 1 667
39618 3 1328
39635 1 662
39715 2 797
39805 1 367
39809 1 1224
39836 1 169
39921 1 768
39972 1 276
39978 1 30166
39996 1 314
40043 11 1164
40044 12 1776
40045 11 1106
40046 11 1113
40047 10 1267
40048 12 1831
40049 14 1679
40051 11 1276
40110 12 1588
40111 16 1287
40112 15 2159
40113 14 2948
40114 16 1204
40182 9 924
40214 1 284
40218 1 93
40219 3 983
40353 3 652
40402 2 1116
40412 1 2785
40444 1 1611
40494 1 1017
40495 5 2423
40496 2 3146
40497 1 754
40498 3 1626
40499 4 2513
40500 2 672
40501 2 764
40502 5 2207
40503 1 586
40504 1 758
40505 4 983
40506 2 1973
40507 2 1527
40508 1 461
40509 2 2348
40510 1 1126
40511 1 1191
40567 2 875
40750 1 961
40783 1 1857
40902 1 1290
41070 1 1462
41112 1 922
41189 1 967
41194 2 976
41195 2 832
41196 2 783
41197 2 723
41198 2 263
41199 2 949
41201 1 538
41206 2 974
41207 2 988
41208 2 931
41209 2 1060
41210 2 882
41221 1 641
41257 1 630
41278 1 1339
41279 1 1297
41280 1 1332
41281 1 1323
41282 1 1639
41283 1 1427
41284 1 1587
41288 1 572
41303 10 1589
41312 1 274
41319 1 599
41357 1 691
41449 1 820
41458 1 1078
41536 1 322
41537 1 1041
41541 1 1241
41726 2 2949
41763 12 1149
41764 12 1047
41765 16 2363
41766 13 1995
41767 13 1154
41768 11 1829
41769 11 1186
41770 15 1891
41771 12 1628
41772 4 1868
41782 3 964
41802 18 2461
41803 15 2074
41832 1 331
41859 10 860
41891 1 1058
42027 2 465
42043 1 207
42052 1 1735
42106 1 1024
42107 3 1958
42108 1 1305
42109 1 680
42110 2 893
42111 1 648
42112 1 1065
42113 1 765
42114 6 5169
42115 1 810
42116 5 1185
42118 6 2292
42119 3 4002
42120 1 626
42121 1 793
42122 2 1063
42123 2 998
42124 1 1068
42127 1 1483
42184 1 600
42261 2 6604
42314 1 1280
42328 1 414
42330 1 6012
42331 1 4860
42355 3 5228
42362 3 10503
42476 1 2207
42537 1 504
42558 1 1161
42564 1 880
42565 1 1069
42579 1 857
42823 5 2264
42849 1 792
42948 1 807
42963 1 729
42972 2 851
42973 2 907
42974 2 856
42975 2 929
42976 2 760
42977 2 992
42985 2 867
42986 2 731
42987 2 1054
42988 2 837
42989 2 1055
43003 1 650
43009 1 2498
43044 2 1869
43046 1 1122
43080 1 1369
43081 1 1287
43082 1 1328
43083 1 1414
43084 1 1401
43094 1 761
43114 1 416
43130 1 505
43134 2 533
43242 2 552
43323 1 879
43336 1 412
43474 1 2661
43528 11 1054
43529 14 2195
43530 13 1721
43531 16 1419
43532 16 1790
43564 1 1228
43574 2 1063
43575 14 1608
43596 1 771
43624 1 1564
43640 7 634
43654 2 318
43673 1 1826
43732 1 199
43745 1 301
43746 3 534
43810 1 966
43888 1 759
43889 2 983
43890 1 2794
43891 1 826
43892 2 829
43893 2 958
43894 1 764
43895 1 1163
43896 2 1645
43897 2 772
43898 6 2947
43899 2 865
43900 1 1267
43943 2 2720
43944 1 514
43945 1 414
43946 1 753
43947 2 550
43948 1 510
43955 1 984
44050 3 4928
44372 1 5509
44459 1 681
44460 1 709
44467 1 980
44542 1 1169
44544 4 1123
44707 7 6048
44708 4 475
44788 1 1806
44798 5 969
44896 1 1132
44927 1 2922
45265 1 747
45266 1 754
45278 2 992
45279 2 1096
45280 2 1000
45281 2 1018
45282 2 935
45283 2 948
45284 2 985
45290 2 905
45291 2 1023
45292 2 794
45293 2 757
45294 2 1026
45397 2 1394
45419 1 374
45420 1 631
45421 1 765
45450 1 583
45461 1 892
45486 1 687
45488 10 1176
45489 1 772
45506 1 433
45582 1 282
45594 2 586
45614 1 959
45623 2 615
45676 1 11251
45684 1 513
45700 1 855
45908 14 1320
45909 14 1106
45910 14 1479
45911 13 1361
45912 13 1084
45942 3 1251
45943 3 630
45944 3 825
45945 15 1539
45958 1 2336
45996 9 1166
46004 3 798
46078 1 173
46083 1 1036
46093 1 342
46130 3 1076
46155 1 263
46234 1 759
46235 1 872
46236 1 637
46237 2 1678
46238 1 642
46239 3 914
46240 1 1000
46241 5 2498
46242 2 748
46243 2 817
46244 4 3024
46245 2 505
46246 1 778
46247 3 736
46248 1 493
46306 1 4474
46347 1 1459
46388 2 81863
46440 1 734
46443 4 518
46456 1 728
46485 1 528
46538 1 1327
46615 1 3442
46670 1 1475
46703 1 941
46839 1 1057
47139 22 6464
47156 1 1212
47160 1 4319
47226 2 671
47245 1 6757
47253 1 965
47339 1 1070
47340 1 610
47341 1 548
47342 1 607
47343 1 652
47344 1 1280
47345 1 559
47350 1 2865
47545 1 1640
47559 1 11224
47771 1 974
47846 1 1298
47847 1 1388
47897 1 1442
47905 1 685
47995 1 902
48069 1 3129
48276 2 1396
48287 2 2481
48341 1 811
48379 1 6270
48459 1 337
48461 7 757
48471 1 2563
48478 1 1058
48495 1 1200
48496 1 1185
48497 1 1231
48575 1 449
48602 3 421
48680 1 695
48704 1 806
48705 1 767
48753 2 958
48754 2 953
48755 2 1010
48756 2 925
48757 2 756
48758 2 595
48759 2 938
48760 2 1039
48761 2 985
48762 2 878
48774 2 1091
48812 6 298
48859 1 1008
48898 2 2208
48905 1 1954
49006 1 837
49031 1 1285
49093 2 901
49253 2 1284
49282 1 4687
49367 1 2106
49381 1 2611
49417 1 575
49418 10 1568
49420 1 835
49502 1 623
49508 1 1329
49532 1 1310
49533 1 1303
49534 2 1337
49535 1 1450
49554 1 557
49580 3 315
49581 3 420
49586 1 395
49594 1 586
49596 1 531
49613 2 907
49639 1 548
49705 1 1264
49736 1 660
49801 2 763
49812 1 693
49844 1 6972
49868 1 730
49869 1 1403
49875 1 816
49876 1 1037
49877 1 780
49878 1 1027
49879 1 1402
49880 1 865
49881 1 827
49882 1 675
49886 1 619
49934 7 3099
50036 1 1008
50037 1 1127
50038 1 770
50049 3 332
50118 1 666
50163 3 4995
50223 1 6104
50262 1 420
50288 1 2416
50306 1 1418
50543 2 455
50606 1 5596
50718 6 431
50723 2 3146
50811 1 989
50835 1 656
50988 1 1822
50990 1 2134
51201 2 1247
51343 9 434
51412 1 1567
51480 1 1345
51481 1 1345
51482 1 1341
51483 1 1357
51484 1 1340
51485 1 1335
51486 1 1336
51487 1 1378
51502 1 709
51585 1 3964
51606 1 947
51710 1 699
51752 12 1305
51794 1 1133
51800 12 1044
51846 7 1126
51856 1 495
51857 2 294
51869 1 153
51932 3 457
51993 9 12689
52000 1 1615
52228 1 3809
52349 1 930
52356 1 1329
52368 1 596
52385 1 309
52396 1 4756
52406 1 4365
52459 1 704
52503 1 1083
52561 1 52057
52599 1 4808
52682 1 398
52683 1 502
52684 1 642
52685 1 918
52686 1 592
52725 2 910
52875 1 390
52897 1 1089
52925 1 1018
52973 1 1307
53015 12 1833
53016 11 1044
53017 12 1186
53018 15 2688
53019 11 1688
53020 14 2596
53021 14 1808
53022 4 990
53046 3 6992
53053 14 2577
53054 13 2664
53100 8 928
53101 2 1846
53164 1 1163
53167 1 1157
53168 1 337
53247 4 904
53248 1 5457
53329 3 3895
53330 2 1075
53331 2 1135
53332 3 2573
53333 1 1349
53334 5 1319
53335 1 2146
53336 3 1130
53337 4 3782
53338 3 1463
53339 1 837
53340 1 551
53341 3 2371
53342 1 3109
53343 1 2474
53478 4 749
53524 1 1461
53603 1 2774
53617 1 494
53761 1 1331
53777 1 3202
53888 4 5712
53929 1 1032
53930 1 1054
54090 2 1782
54091 2 572
54158 1 955
54181 1 1395
54249 1 1272
54259 1 738
54313 1 316
54322 1 1561
54323 1 1293
54375 1 5885
54386 2 606
54452 2 541
54480 2 438
54486 1 308
54499 1 1270
54500 1 1795
54566 3 8702
54629 1 894
54633 5 910
54635 1 536
54643 1 622
54673 1 1496
54691 2 1895
54862 5 256
54945 4 2058
54976 1 558
55032 1 622
55063 1 17333
55078 1 1284
55118 1 4304
55131 2 1109
55161 3 978
55162 2 1219
55443 1 1365
55551 2 964
55552 2 975
55553 2 945
55554 2 749
55555 2 999
55556 2 778
55557 2 996
55558 2 721
55559 2 706
55566 2 941
55567 2 952
55568 2 946
55569 2 896
55570 2 955
55571 2 717
55572 2 899
55573 2 1012
55574 2 824
55575 2 758
55665 1 1299
55666 1 1316
55667 1 1339
55695 1 462
55698 2 730
55753 1 4189
55887 1 307
55926 1 650
55928 1 1167
55931 2 316
56048 3 188
56049 4 1502
56191 1 2260
56273 1 2200
56278 1 964
56285 1 1032
56422 1 1132
56500 1 2556
56503 1 5900
56514 1 1583
56519 1 7799
56529 1 1042
56530 1 553
56597 1 958
56793 1 1177
56813 1 436
56839 3 8203
56847 1 1961
56981 1 496
56984 1 794
56995 1 1253
56997 1 619
57001 9 7758
57035 2 431
57179 5 446
57218 6 560
57221 1 698
57222 2 503
57223 1 578
57224 2 555
57225 1 474
57226 2 11510
57259 3 532
57295 2 581
57375 1 432
57409 1 701
57469 2 965
57543 1 26
57652 1 1616
57782 2 1036
57794 1 859
57797 1 730
57798 1 409
57829 1 2379
57948 4 5712
57949 4 5712
57952 2 8583
57953 2 8583
57992 1 1010
57993 1 1126
57994 1 1029
58179 2 871
58180 3 598
58181 2 435
58182 2 493
58236 1 247
58237 1 1040
58238 3 1044
58239 1 848
58240 1 711
58241 1 105
58316 1 769
58320 7 2273
58409 7 780
58431 1 1274
58482 1 659
58483 3 711
58486 1 1104
58514 1 1385
58536 10 642
58676 3 1205
58715 6 787
58716 1 512
58717 1 428
58718 1 524
58719 2 512
58720 1 862
58721 1 592
58722 2 539
58723 1 436
58724 1 679
58725 1 443
58726 1 316
58727 1 874
58728 1 827
58729 1 873
58730 1 720
58731 1 728
58732 1 869
58733 1 723
58734 1 847
58762 1 4573
58771 1 595
58781 1 410
58782 3 2475
58832 3 1304
58862 2 1318
58909 2 1264
59231 2 991
59232 2 844
59233 2 959
59234 2 854
59235 2 985
59238 2 1214
59239 2 1020
59240 2 934
59241 2 733
59276 1 1484
59287 2 827
59302 1 1303
59353 10 1437
59355 1 891
59406 1 1386
59407 1 569
59408 1 1795
59409 1 1186
59410 1 623
59494 1 2310
59670 5 1595
59682 2 520
59729 7 1041
59784 2 736
59792 2 601
59836 1 1097
59925 1 3361
59926 1 3221
60039 1 4322
60051 2 1118
60073 2 1178
60148 5 401
60149 5 441
60152 165 7811
60158 1 1763
60421 3 2492
60475 1 1223
60507 1 4075
60666 6 1088
60670 5 1641
60671 6 3451
60675 2 1688
60713 5 3384
60756 1 636
60785 2 956
60802 5 116
60887 1 229
60903 9 432
60904 9 432
60957 1 3093
60973 1 441
61034 2 1069
61094 1 1747
61170 1 677
61205 1 759
61243 2 862
61264 1 449
61403 1 1969
61404 1 2003
61405 1 1936
61406 1 1881
61407 1 2034
61408 1 2023
61419 1 1002
61467 3 1809
61468 3 2302
61469 3 1972
61470 1 2495
61471 1 2207
61472 3 2455
61502 1 1871
61527 2 2751
61528 1 599
61529 2 521
61530 1 517
61531 1 460
61532 1 452
61533 1 484
61534 1 549
61535 1 516
61536 1 520
61537 1 450
61538 1 498
61539 1 371
61556 4 3140
61604 1 416
61660 1 1219
61661 1 1674
61667 1 1003
61719 3 816
61804 1 677
61811 1 724
61812 1 476
61814 1 927
61820 1 5698
61862 1 5528
61915 1 984
61938 2 6544
62045 1 157
62050 4 841
62062 2 6529
62077 1 85
62091 1 925
62092 1 1030
62157 2 489
62177 1 572
62318 7 2185
62319 13 2313
62351 1 1347
62352 1 1206
62537 8 427
62556 2 929
62557 2 910
62558 2 779
62559 2 939
62560 2 1029
62561 2 1012
62562 2 890
62563 2 1007
62564 2 902
62573 2 1569
62607 6 399
62632 1 451
62839 1 1047
62865 1 860
62866 2 1794
62867 1 1739
62868 1 1757
62907 1 480
62965 9 2001
63077 2 5251
63106 1 2332
63231 1 560
63255 1 2143
63266 3 3285
63326 1 1307
63327 1 1286
63328 1 1422
63329 1 1339
63330 1 1372
63331 1 1592
63359 1 765
63372 1 1597
63382 3 408
63400 2 304
63418 1 694
63468 1 43
63505 1 959
63523 2 749
63529 2 1062
63582 1 643
63583 2 983
63761 15 1163
63792 1 1726
63924 1 1454
63952 1 811
63954 1 741
63956 1 958
63957 1 1067
63963 1 733
64010 1 2508
64049 1 1033
64087 4 1520
64088 4 1712
64097 1 997
64098 1 1021
64099 1 1630
64268 3 622
64269 2 474
64270 3 541
64335 1 785
64341 3 1110
64342 1 100
64350 1 20899
64384 1 659
64434 1 870
64439 2 294
64536 1 1251
64537 1 1417
64646 1 789
64647 9 7320
64676 2 951
64833 4 365
64882 6 444
64885 1 676
64886 1 727
64887 1 678
64888 1 627
64889 1 557
64890 1 401
64891 1 517
64892 2 614
64893 1 548
64894 1 501
64895 1 1024
64896 1 495
64947 1 529
64951 1 1419
64952 1 1538
64959 8 1034
65072 2 1170
65077 1 2772
65252 1 383
65261 1 629
65562 1 1948
65587 1 1146
65674 1 660
65703 2 991
65704 2 602
65711 3 1186
65712 2 1221
65760 1 443
65761 1 564
65762 1 365
65763 1 477
65764 1 492
65765 1 450
65766 1 558
65767 1 953
65768 1 725
65769 1 619
65770 1 665
65771 1 799
65772 1 969
65773 1 635
65774 1 617
65819 2 2102
65828 2 555
65909 18 439
65929 2 774
66026 1 1362
66290 1 1342
66291 1 1544
66349 1 602
66371 5 253
66380 7 9761
66523 1 1015
66563 1 3128
66564 12 2309
66565 12 1348
66566 15 1220
66567 14 1232
66568 13 1368
66569 12 1234
66570 15 2510
66611 3 775
66622 11 1633
66623 16 1360
66665 3 3178
66679 10 849
66680 1 251
66691 3 1652
66813 1 679
67026 1 1094
67029 1 2546
67103 1 558
67106 1 1293
67128 1 630
67218 1 1147
67256 2 609
67265 1 2055
67266 1 4007
67280 1 506
67283 3 986
67325 2 2060
67329 4 2207
67335 1 4046
67356 1 2111
67371 1 3756
67390 1 1665
67391 5 4824
67392 1 2594
67394 1 2122
67446 1 1396
67495 15 1466
67496 14 1960
67497 12 1082
67498 12 1107
67499 13 1293
67500 14 1244
67501 14 1463
67502 15 2163
67503 12 1092
67504 12 1365
67505 12 1399
67506 12 1322
67507 12 1072
67508 14 1345
67510 16 1379
67511 13 1130
67512 16 1455
67513 13 1744
67514 14 1549
67515 3 664
67519 1 10460
67520 5 1075
67551 1 366
67555 1 1084
67564 1 413
67624 4 820
67642 10 813
67643 8 940
67644 9 847
67669 3 238
67676 1 1751
67727 2 3367
67756 1 5291
67781 1 316
67828 1 197
67894 1 1091
67928 1 1081
67964 1 428
67965 1 716
67966 1 607
67967 1 559
67968 2 577
67969 1 462
67970 1 450
67971 2 603
67972 1 460
67973 1 416
67974 1 513
67975 1 499
67976 2 545
67977 2 584
67978 1 421
67979 1 555
67980 1 566
67981 1 521
67982 1 601
67983 1 345
68074 1 2212
68099 2 812
68110 1 748
68227 1 432
68322 1 1708
68371 1 952
68383 5 1172
68441 1 991
68442 1 971
68629 2 435
68697 1 1133
68715 1 480
68716 1 173
68718 1 440
68747 1 1553
68789 4 1320
68825 3 1160
68829 1 1011
68884 1 565
68901 7 846
68907 1 816
68918 1 825
68928 1 1832
68929 1 1431
68930 1 1217
68931 1 1400
68932 1 1876
68978 6 617
69043 1 1118
69273 4 329
69313 2 348
69315 6 587
69317 1 752
69318 1 622
69319 1 699
69320 2 611
69321 1 483
69322 1 503
69323 1 394
69324 1 521
69325 1 606
69363 5 1762
69387 4 1411
69428 4 1154
69522 1 2679
69544 1 545
69713 1 1370
69714 1 2593
69716 4 7169
69838 1 966
69850 9 431
69924 2 988
69925 2 986
69926 2 843
69927 2 862
69928 2 901
69929 2 933
69930 2 745
69931 2 1036
69937 2 887
69938 2 652
69939 2 838
69940 2 889
69941 2 1020
69957 1 531
70031 1 1376
70032 1 1290
70033 1 1365
70059 1 944
70100 1 600
70118 1 820
70177 5 276
70214 4 432
70229 2 1001
70276 1 1117
70338 13 1452
70339 15 1475
70340 14 1983
70341 16 2434
70342 13 1205
70371 1 808
70379 14 1981
70429 7 856
70457 1 226
70534 1 5509
70603 1 934
70604 1 818
70701 1 2606
70708 1 720
70731 1 925
70732 1 666
70733 3 1052
70734 1 771
70735 1 952
70736 2 626
70737 1 2845
70738 3 3457
70739 3 2069
70740 1 545
70741 1 789
70742 1 761
70743 2 935
70745 5 1602
70746 3 851
70860 1 425
70861 1 486
70862 1 658
70863 1 575
70956 2 734
71083 1 621
71157 1 1942
71193 1 333
71287 1 180
71307 1 869
71319 1 1521
71330 1 1097
71422 1 998
71545 1 6773
71547 1 4635
71576 1 374
71713 6 205
71729 1 693
71738 2 1825
71807 2 3340
71818 7 793
71831 1 845
71845 1 1171
71941 1 1460
71944 8 7115
72011 5 1094
72048 1 5014
72061 1 833
72093 1 927
72098 1 19912
72106 1 1024
72142 1 2964
72174 1 315
72225 1 635
72232 1 1430
72239 2 454
72242 1 1531
72284 1 6759
72294 2 1227
72318 1 630
72362 1 1038
72387 1 2107
72393 2 834
72402 2 1487
72440 3 1314
72441 1 3167
72442 1 1934
72480 1 585
72521 10 6698
72554 1 897
72577 1 269
72592 2 955
72686 1 648
72714 2 1957
72744 1 708
72756 16 1222
72760 1 729
72774 1 1680
72797 1 2288
72806 4 1383
72845 3 2164
72849 1 2190
72886 1 1142
72899 136 20275
72950 1 1854
73024 1 727
73032 1 1083
73033 1 1060
73080 1 2339
73089 1 890
73095 6 3401
73105 1 1321
73164 15 1192
73180 1 1271
73245 1 950
73291 2 988
73292 2 882
73293 2 870
73294 2 241
73295 2 947
73296 2 909
73297 2 933
73305 2 895
73306 2 648
73307 2 905
73308 2 316
73309 2 792
73310 2 1043
73311 2 895
73327 1 882
73336 1 1013
73356 1 748
73432 1 1327
73433 1 1294
73434 1 1396
73435 1 1288
73436 1 1351
73460 1 777
73478 1 691
73481 1 619
73526 1 873
73670 2 818
73760 1 592
73889 2 2079
73930 1 1679
73931 1 2768
73971 6 264
74006 11 1133
74007 13 1201
74008 14 1811
74009 12 1857
74010 14 1216
74011 12 1947
74012 13 1048
74013 3 773
74014 16 2062
74066 2 1093
74114 3 3421
74115 1 2664
74131 2 681
74134 1 669
74148 1 1271
74154 8 798
74155 9 848
74156 1 1504
74173 2 330
74293 1 271
74373 2 1982
74395 3 905
74437 1 6261
74473 1 164
74498 2 670
74499 1 2239
74500 1 1059
74501 1 469
74502 1 874
74503 1 861
74504 1 819
74505 2 457
74506 2 1008
74507 2 688
74508 2 552
74509 3 1437
74510 2 1467
74512 2 1312
74513 1 623
74515 2 1068
74517 1 1657
74576 1 467
74577 1 547
74578 1 733
74579 1 720
74580 1 557
74604 14 5954
74605 1 6001
74718 1 189
74955 1 660
74964 2 1304
75052 4 356
75093 2 1237
75096 1 537
75097 1 481
75098 1 394
75099 1 524
75100 1 805
75101 1 727
75102 1 581
75103 1 609
75104 1 632
75105 1 881
75106 1 822
75107 1 623
75134 1 4335
75164 1 100
75200 1 1348
75225 2 1408
75497 1 1847
75558 2 973
75559 2 913
75560 2 874
75564 2 853
75565 2 263
75566 2 364
75632 1 1327
75633 1 1312
75634 1 1358
75635 1 1633
75636 1 1309
75637 1 1362
75652 1 658
75657 1 274
75663 1 666
75676 3 656
75685 10 1610
75692 1 737
75713 4 352
75769 9 1045
75838 1 410
75840 2 1024
75843 3 323
75917 1 1013
75983 1 3426
76005 11 1341
76006 13 1171
76007 2 868
76023 1 523
76045 14 1232
76046 15 1623
76047 14 1489
76059 1 805
76096 10 886
76136 1 4953
76225 5 890
76302 3 1858
76304 6 5487
76305 1 1002
76307 3 887
76308 1 1854
76309 1 2573
76310 2 4929
76311 1 978
76349 1 2296
76448 1 5583
76479 1 955
76525 1 858
76633 1 1561
76673 4 1000
76714 1 181
76721 1 2056
76722 1 2126
76792 1 1248
76905 3 286
76971 1 1429
76995 2 1773
77005 1 1472
77045 4 451
77053 1 995
77061 1 999
77064 1 781
77080 1 981
77097 1 2699
77107 6 1115
77211 2 3451
77212 2 3474
77213 2 3532
77214 2 3477
77233 1 4265
77260 1 1072
77261 1 1024
77262 1 1031
77398 3 3728
77403 1 986
77406 1 984
77408 1 983
77414 1 870
77456 1 13066
77490 6 359
77559 7 986
77573 1 914
77680 1 604
77794 2 591
77795 1 430
77796 1 486
77797 1 427
77798 1 451
77799 1 695
77800 1 853
77801 1 658
77802 1 847
77833 1 349
77892 1 1122
78022 1 624
