river river 4420 65215343 
16 4 1318
28 3 2843
52 2 1874
159 1 761
247 1 1642
256 7 8243
300 1 1935
343 10 793
355 1 872
356 1 684
433 1 1676
463 2 1357
474 1 3627
513 1 350
514 1 1954
531 1 645
613 1 3927
635 17 1049
678 1 1380
716 3 1108
780 1 643
796 2 1564
797 1 1537
799 1 845
800 1 987
834 1 372
850 1 328
982 2 2403
1131 1 978
1141 2 465
1142 2 465
1143 2 465
1185 3 15836
1211 1 115
1269 2 5091
1322 1 523
1362 1 3521
1370 1 728
1371 2 1930
1377 1 1131
1382 5 1306
1395 2 348
1419 1 1908
1435 3 3772
1436 1 662
1461 1 1379
1462 1 1187
1569 1 830
1640 1 4776
1721 1 1229
1767 1 13095
1817 1 511
1861 1 5589
1896 1 2074
1898 2 3856
1947 2 1288
1986 1 880
2049 1 627
2080 2 8786
2136 1 1025
2137 1 1480
2143 1 1938
2160 1 2295
2184 1 1827
2218 3 1529
2244 1 2544
2323 1 713
2362 1 3506
2378 1 155
2420 1 2316
2461 1 420
2463 6 3258
2568 1 4333
2716 2 4798
2727 1 4008
2808 15 654
2825 1 2998
2839 2 1144
2926 2 1956
2971 1 848
2972 2 1458
3048 2 491
3087 2 782
3092 9 1098
3107 1 3008
3171 7 1390
3176 1 986
3202 2 6501
3271 1 2311
3298 22 1620
3302 1 4954
3336 1 1048
3364 4 1238
3379 1 4900
3383 2 10722
3386 1 1245
3415 2 4495
3444 7 1229
3470 1 486
3484 1 1416
3529 1 989
3536 1 1404
3579 6 4684
3590 1 1326
3591 1 1321
3599 3 11096
3634 5 379
3730 1 1241
3775 1 459
3832 1 7941
3898 1 1858
3930 1 1380
4005 1 354
4007 1 825
4053 1 3172
4075 1 2561
4076 46 4324
4077 1 648
4082 1 446
4083 1 581
4180 1 1353
4188 1 2646
4195 1 1194
4196 1 6780
4256 1 2171
4263 1 1825
4326 1 852
4342 3 1391
4359 9 2427
4391 1 481
4417 2 4384
4438 2 44
4495 2 2849
4496 7 6061
4497 5 652
4504 2 553
4521 2 1703
4522 2 2966
4523 2 2304
4524 2 2046
4525 2 1554
4527 1 3429
4598 2 1028
4620 1 2669
4634 1 8813
4639 1 826
4680 9 643
4788 2 1060
4825 1 760
4828 4 1756
4854 1 1945
4856 11 1923
4893 1 630
4906 1 8000
4907 1 8001
4908 1 8001
4967 1 794
5073 8 487
5110 1 4935
5137 2 735
5142 1 1220
5291 1 1187
5313 1 1178
5401 1 706
5453 2 1797
5455 3 15074
5497 1 992
5499 1 44062
5503 1 1464
5504 1 1390
5523 1 719
5528 2 2535
5538 1 1629
5598 5 667
5607 1 1001
5611 1 8061
5641 1 1037
5645 1 1175
5669 1 662
5867 1 5884
5868 1 501
5876 2 2035
5923 1 1033
5933 2 571
5936 1 3330
5960 3 1674
5975 1 365
5990 2 750
6002 2 1405
6011 1 3214
6068 1 1127
6075 1 1285
6083 2 1394
6142 2 1106
6148 1 2770
6180 1 5070
6288 1 1336
6302 1 2959
6305 1 2963
6317 2 615
6636 1 1118
6639 1 1018
6823 1 721
6988 1 2056
6995 1 637
7277 1 1309
7527 1 4859
7572 4 1609
7581 2 495
7602 2 901
7605 2 780
7668 1 1538
7689 7 764
7764 3 2460
7767 2 3013
7914 2 37
8004 3 2007
8038 4 1234
8085 1 2815
8089 1 20930
8093 5 20088
8109 1 2224
8120 1 1513
8122 1 5509
8191 2 1326
8267 1 1357
8273 1 562
8293 7 3686
8297 5 12133
8301 2 2361
8323 1 1446
8329 1 481
8336 1 1754
8372 1 3639
8402 1 8226
8403 1 2102
8405 1 941
8430 4 1338
8459 2 2749
8460 2 2825
8462 2 3138
8463 2 2137
8483 1 15
8484 4 658
8582 1 1026
8589 1 809
8597 1 1147
8633 2 312
8670 1 1141
8761 1 1006
8825 1 689
8890 2 5449
8993 1 2404
9005 3 45220
9006 9 34059
9057 1 1319
9076 1 539
9123 1 595
9173 2 6443
9193 1 2601
9204 10 3049
9229 8 554
9239 1 1961
9303 6 567
9307 13 1394
9323 1 1192
9324 2 4421
9325 2 4336
9410 1 726
9440 1 650
9491 2 6177
9543 1 375
9544 5 1343
9548 1 3267
9577 4 1476
9589 1 1054
9640 1 3873
9750 1 1343
9850 12 2963
9864 1 1138
10039 1 2247
10250 1 1105
10253 1 2883
10255 1 2770
10256 2 1836
10330 1 1216
10382 2 1030
10405 1 808
10483 1 478
10486 1 2750
10574 1 1648
10633 2 692
10671 1 1284
10711 2 1129
10723 1 514
10749 2 2979
10949 1 4327
10995 2 1588
11062 1 1457
11097 1 163
11119 1 1442
11127 2 1514
11131 1 4066
11207 1 1893
11248 1 11766
11268 1 1582
11289 1 922
11382 1 1292
11388 1 2085
11465 1 2175
11480 2 1620
11539 1 1285
11559 1 183
11615 2 1661
11655 1 249
11745 2 1277
11760 2 1905
11958 1 1894
11968 2 1385
11990 1 648
12004 1 431
12068 3 354
12107 1 924
12196 1 864
12218 1 1075
12247 5 2230
12276 1 3077
12296 1 174
12327 1 728
12336 16 3437
12338 2 1232
12355 2 612
12359 1 1241
12384 1 4014
12391 3 726
12422 10 1571
12521 1 347
12529 1 750
12638 1 6177
12641 6 1246
12643 3 1624
12673 1 6656
12697 1 1979
12783 1 4316
12794 2 549
12807 1 2985
12808 1 3060
12814 5 46677
12818 3 3788
13004 1 2478
13024 2 131
13038 7 854
13053 1 3052
13059 2 1221
13071 1 434
13117 1 1571
13122 1 8864
13131 2 1016
13154 1 108
13173 1 7475
13215 1 947
13226 2 4464
13266 5 1854
13272 1 1049
13273 4 977
13305 1 660
13339 1 2880
13431 1 613
13432 1 875
13436 1 898
13458 1 1508
13486 2 7532
13497 2 6632
13567 1 589
13600 1 1135
13601 1 1798
13638 1 1679
13640 11 4066
13747 1 57
13801 1 1533
13825 12 1811
13840 1 1860
13874 1 747
13879 1 581
13880 1 1368
13969 3 440
14000 1 859
14105 7 9306
14179 1 2772
14188 2 748
14223 1 1023
14263 1 1981
14264 1 2175
14301 2 2773
14336 1 297
14348 13 1551
14354 1 350
14387 1 1368
14472 1 1594
14474 1 3842
14508 1 1400
14649 2 3074
14756 1 3039
14830 4 8170
14831 4 8171
14832 4 8172
14878 1 3248
14883 1 1025
15114 1 1801
15189 1 1006
15196 1 8919
15204 5 3771
15220 1 1503
15251 1 827
15252 1 1312
15281 3 1900
15292 2 2070
15409 1 26
15471 1 924
15516 1 990
15521 1 262
15614 1 3253
15648 1 734
15737 1 3706
15868 1 2468
15922 2 3916
16229 2 2303
16251 2 1023
16285 1 2520
16310 1 1612
16321 1 1829
16353 1 1250
16360 1 855
16436 2 463
16446 3 2051
16491 3 6610
16492 1 3998
16515 1 17
16547 2 1030
16588 1 1592
16713 1 737
16734 4 1316
16763 2 1331
16780 1 2693
16815 1 1088
16849 2 6516
16904 9 1560
16970 1 1181
16993 2 1557
16997 1 2630
17002 1 968
17013 1 9772
17116 3 3516
17122 2 9203
17199 1 1582
17202 1 2274
17235 6 1114
17260 2 1596
17353 1 1336
17361 4 1897
17377 1 680
17385 2 3998
17390 1 3105
17395 1 1269
17441 1 2608
17455 1 1212
17467 1 6562
17494 1 4778
17505 1 5120
17605 17 1687
17607 8 624
17670 1 5050
17693 2 868
17754 4 1063
17758 1 28986
17812 1 1141
17818 1 4410
17822 1 526
17843 2 1862
17845 1 1053
17856 3 998
17882 8 668
17958 1 1236
18043 13 3632
18058 1 1082
18080 2 2638
18138 6 967
18140 1 787
18163 1 359
18276 1 1341
18287 1 1632
18291 1 945
18327 1 1514
18331 4 3395
18346 1 692
18381 6 1590
18396 2 12783
18407 1 391
18489 1 726
18565 2 798
18611 1 103
18696 1 1646
18705 1 535
18759 10 2997
18761 1 466
18764 1 2816
18788 1 1109
18798 1 4126
18905 3 3741
18906 3 3883
18907 3 3535
18928 1 593
18978 1 481
18998 6 635
19004 1 7776
19026 12 1706
19094 1 3568
19105 1 1245
19161 1 687
19385 1 2378
19390 1 3260
19394 1 1246
19609 2 673
19630 1 2098
19636 5 1326
19651 1 2122
19654 1 618
19711 1 589
19733 1 1292
19842 1 2475
20001 3 2461
20004 1 2446
20005 1 2489
20015 2 2199
20016 2 3043
20154 2 3393
20238 1 1094
20265 1 1580
20294 4 3768
20311 1 733
20370 1 1259
20432 1 2495
20451 1 42
20589 1 1293
20605 1 597
20606 1 609
20641 1 2659
20653 1 6960
20655 1 891
20690 1 1232
20707 1 35797
20803 1 693
20806 1 1566
20827 2 562
20936 1 2518
20947 1 1003
20969 1 1019
20971 1 884
20974 1 36
20989 1 2034
20995 1 1840
21054 6 515
21080 1 1500
21107 2 975
21108 1 767
21151 1 1904
21351 1 363
21362 1 2634
21389 1 3999
21463 1 2707
21469 3 3531
21470 3 3587
21598 1 2235
21631 1 1530
21648 2 6487
21653 1 1859
21654 1 1605
21655 1 1486
21705 1 1432
21717 1 1108
21767 1 6211
21770 1 4733
21863 1 379
21946 1 1327
21960 1 7778
21962 1 484
21964 3 1399
21981 1 3068
21998 1 2024
22032 2 4462
22038 1 1606
22069 4 1463
22072 1 987
22082 3 264
22092 1 8456
22124 2 1782
22128 1 835
22137 2 4439
22138 2 4091
22143 1 2573
22144 7 1923
22188 1 670
22206 1 2514
22216 1 13756
22454 1 507
22456 1 1938
22461 2 397
22505 1 899
22509 2 1358
22605 1 1238
22623 1 403
22867 2 2220
22885 2 532
22923 4 2900
22927 1 2118
22935 1 1648
23029 4 1645
23156 1 118
23324 1 775
23332 4 475
23347 1 436
23359 2 1250
23382 1 852
23429 1 526
23532 1 408
23556 1 1763
23568 1 1244
23583 1 3023
23601 1 1486
23639 1 562
23672 1 3661
23676 2 1013
23678 3 5285
23863 1 191
24023 2 404
24091 1 743
24117 1 338
24126 1 1376
24186 1 1580
24194 1 1282
24212 3 4006
24222 26 3333
24225 1 1419
24226 1 1365
24227 1 1351
24228 1 1329
24267 1 1344
24269 1 1407
24272 1 3323
24369 1 297
24462 1 8468
24471 5 518
24506 2 7516
24509 3 628
24514 4 13551
24540 1 4575
24557 1 994
24593 1 1736
24596 1 3667
24743 1 761
24813 12 1576
24814 3 1629
24817 1 476
24839 1 1127
24842 1 3916
24849 2 4735
24867 3 547
24882 4 8171
24883 4 8171
25062 2 1262
25310 1 1434
25311 1 1219
25329 3 1614
25332 3 874
25347 1 33
25421 1 1140
25428 5 2396
25485 1 361
25562 2 3195
25569 2 223
25672 2 296
25772 1 2171
25782 1 1018
25788 2 386
25821 1 721
25900 1 990
25950 1 723
25966 1 2171
26085 1 1188
26132 9 2930
26248 1 1814
26258 3 7349
26285 1 288
26296 2 1258
26300 1 461
26449 1 7560
26454 1 1961
26498 2 32423
26516 1 2569
26541 1 4809
26695 7 918
26711 1 295
26719 1 332
26727 4 4405
26741 1 777
26813 1 1462
26828 1 1420
26863 2 1540
26903 1 173
26944 3 2864
26947 1 1581
26982 1 1036
27130 1 358
27173 1 3255
27198 8 2800
27292 2 1239
27321 3 7344
27351 1 39
27396 1 2172
27456 1 1833
27482 1 762
27549 2 801
27568 1 2345
27574 3 1312
27581 1 901
27596 2 450
27625 4 2383
27661 1 614
27777 4 2817
27809 2 1060
27812 1 3494
27845 2 821
27876 1 1111
27885 2 1416
27991 1 1463
28076 1 1785
28084 1 448
28098 2 10589
28193 2 2289
28241 1 517
28257 4 3449
28261 1 11790
28414 1 3568
28419 1 3437
28474 2 1304
28540 2 198
28674 2 221
28696 1 3559
28743 3 1455
28771 3 1129
28793 1 571
28804 2 884
28814 1 1242
28816 2 2084
28846 1 1687
28847 1 1791
28883 4 1741
28895 1 129
28945 1 874
28952 2 980
28979 1 821
28980 1 1423
29002 2 1504
29069 1 402
29074 1 769
29132 1 1023
29144 1 2485
29153 2 859
29177 1 190
29374 1 665
29379 1 653
29396 1 8576
29545 1 2155
29573 3 623
29595 1 934
29596 1 1432
29652 2 1619
29718 1 670
29857 1 731
29860 1 653
29880 6 1752
29887 1 3070
29966 1 301
29979 1 1172
30055 2 2125
30083 1 1284
30134 1 674
30169 1 1491
30320 1 1408
30323 1 65
30324 1 729
30353 1 3848
30354 2 582
30390 1 1242
30459 2 1537
30649 2 2455
30694 1 444
30710 1 966
30814 1 490
30825 2 431
30853 1 908
30887 14 10988
30999 2 1474
31025 1 178
31106 5 101
31144 1 918
31236 1 1725
31246 1 821
31267 3 7536
31272 1 586
31289 1 1482
31340 2 1091
31410 1 2031
31429 1 1352
31441 1 1845
31446 3 1347
31447 1 1008
31544 1 2626
31572 1 1379
31608 1 1464
31623 8 8156
31686 1 1986
31751 1 1084
31767 1 1437
31858 4 1811
31945 3 2616
31949 1 6125
31984 2 33
31999 2 1430
32013 10 487
32125 1 1327
32219 3 908
32220 1 839
32286 2 3201
32289 1 2992
32408 3 2851
32421 1 729
32424 3 1183
32609 1 443
32755 1 590
32767 2 1580
33075 1 1601
33106 1 316
33214 1 818
33217 2 1141
33225 1 518
33285 1 3524
33317 1 1673
33322 4 332
33323 4 332
33394 1 836
33451 6 1239
33577 1 863
33580 1 1700
33600 2 711
33611 1 1184
33647 1 1671
33703 1 18894
33715 2 1183
33727 2 1134
33756 1 1299
33765 1 4124
33769 1 975
33770 1 975
33856 1 533
33870 3 2415
33899 3 661
33922 1 815
34004 12 5029
34086 2 3765
34087 2 3646
34146 1 1989
34169 1 890
34175 1 2354
34178 2 2529
34211 1 298
34298 25 6813
34301 2 440
34389 3 268
34399 1 738
34505 1 3691
34509 1 1584
34563 1 2401
34564 1 1271
34574 1 2252
34575 2 2031
34593 1 324
34698 1 1163
34776 2 2068
34795 1 4142
34832 1 582
34892 1 1197
34932 1 731
34938 1 5944
34972 2 2699
34977 1 1179
34987 4 1168
35020 2 1589
35037 1 993
35055 1 1150
35161 11 984
35387 1 4967
35427 2 12574
35428 2 12657
35475 1 12761
35678 1 1277
35685 1 780
35710 1 777
35720 2 4608
35724 1 2406
35753 1 3277
35764 2 1421
35771 11 5813
35833 1 1394
35840 1 5256
35863 1 1564
35905 1 407
36088 3 1171
36178 1 4277
36277 1 868
36295 1 882
36331 1 613
36335 1 584
36336 5 5447
36343 8 1778
36372 1 1404
36381 1 1502
36391 1 7515
36392 1 6574
36393 1 6574
36399 1 1236
36400 1 1236
36401 1 1236
36406 3 1238
36407 3 1238
36429 1 1513
36468 1 911
36520 2 712
36590 1 5680
36617 1 627
36671 1 1332
36674 1 889
36683 3 1069
36832 1 4358
36865 1 1497
36873 3 4539
36935 2 867
36948 4 332
36949 4 332
36950 4 716
37006 1 421
37101 2 894
37165 1 1811
37177 1 10680
37187 3 3415
37193 1 4630
37205 1 2953
37224 14 1689
37235 1 1413
37271 3 2000
37415 1 5377
37424 4 1300
37446 2 948
37497 5 1658
37592 1 1922
37598 1 1621
37604 1 1897
37620 1 1774
37621 1 648
37650 1 2418
37671 3 2694
37698 1 5406
37734 2 3488
37735 2 1882
37736 2 1948
37886 1 449
37929 1 2603
38159 1 1705
38172 1 2261
38187 1 1442
38229 1 4034
38234 2 914
38238 1 695
38259 2 1539
38264 3 683
38265 1 80
38411 1 2671
38415 1 871
38418 3 1491
38440 1 603
38493 1 752
38506 1 725
38596 2 465
38730 1 754
38758 1 1048
38804 2 1858
38815 2 1731
38884 1 2693
38939 1 1520
39076 1 869
39084 1 4248
39098 1 676
39121 2 2269
39188 5 577
39194 2 764
39195 3 2112
39197 1 859
39211 1 824
39238 2 1675
39240 1 1187
39241 1 7079
39249 2 1162
39257 1 2445
39258 1 1773
39272 2 730
39276 1 3501
39289 1 818
39350 2 1856
39492 1 2059
39497 1 5496
39528 1 1351
39593 1 239
39658 2 766
39706 2 1567
39774 1 1715
39815 1 1546
39917 1 932
39958 1 1932
39960 3 750
40020 3 704
40093 4 4751
40201 1 1226
40217 1 241
40249 3 903
40319 1 3414
40336 1 1079
40342 1 1617
40343 1 986
40353 3 652
40380 14 339
40398 5 739
40406 12 822
40414 2 3454
40436 1 948
40494 1 1017
40499 6 2513
40541 1 4650
40636 1 3362
40644 1 2413
40676 1 1343
40695 1 8337
40722 2 1210
40771 1 1289
40772 1 2487
40787 1 597
40848 3 630
40861 8 317
40900 9 3388
40902 1 1290
40959 1 5445
40964 1 558
41012 1 593
41098 1 1211
41105 1 440
41131 1 4182
41140 1 1043
41161 2 2501
41172 1 1797
41243 1 725
41268 1 629
41509 2 162
41674 1 4187
41675 2 1320
41689 1 530
41721 1 2315
41796 31 1342
41798 2 856
41818 1 3884
41870 1 1014
41884 1 964
41901 1 1154
41913 1 123
41984 1 578
42032 1 351
42037 1 450
42058 2 1781
42118 1 2292
42135 1 5733
42171 1 1306
42184 1 600
42239 2 1971
42261 1 6604
42307 11 570
42424 1 6309
42460 1 1971
42559 1 2800
42568 5 1636
42570 2 856
42577 2 1608
42669 1 1190
42670 1 1290
42750 1 633
42818 10 1646
42819 3 605
42837 1 2818
42882 1 1324
42917 1 1070
42934 2 942
42995 4 1142
43100 6 131
43102 1 764
43103 3 506
43322 1 1848
43446 12 8554
43465 1 1139
43633 11 1373
43634 9 1505
43635 8 1334
43677 1 1436
43862 3 1314
43898 1 2947
44089 1 473
44097 1 470
44183 1 494
44210 1 1542
44238 1 800
44247 2 2369
44273 2 846
44333 2 2947
44337 1 528
44425 1 392
44450 1 546
44451 1 786
44465 1 1702
44467 1 980
44478 1 1098
44479 1 5563
44533 3 1482
44571 2 428
44588 1 2135
44748 1 758
44817 1 2611
44954 3 8549
44955 3 7733
44956 4 7041
44957 2 10010
45180 6 838
45224 1 605
45293 1 757
45345 1 503
45460 3 1051
45465 2 1142
45467 1 569
45685 1 150
45809 2 1675
45813 1 909
45881 1 995
45884 1 1710
45935 4 4684
46076 1 1687
46116 6 5154
46174 1 2910
46302 2 1086
46328 2 654
46391 3 2268
46420 1 1091
46426 2 3573
46432 1 3117
46433 1 595
46436 1 416
46502 1 1023
46509 1 2154
46525 18 984
46527 1 830
46532 1 2752
46659 1 1042
46691 1 1448
46701 2 566
46707 2 1302
46725 1 1492
46734 3 1928
46753 1 1413
46754 2 1931
46759 13 2714
46778 2 838
46817 3 2737
46824 1 1526
46825 1 1815
46837 2 2432
46903 2 1038
46910 1 1422
46917 1 887
46950 1 2171
46985 6 432
47008 5 1472
47039 2 2061
47113 1 917
47147 1 1098
47171 1 633
47175 1 1171
47245 12 6757
47270 2 2703
47365 1 634
47432 3 756
47474 1 5150
47540 2 1013
47547 1 1528
47551 1 1447
47676 1 535
47682 1 1552
47790 1 1897
47802 1 1203
47819 1 2102
47848 1 2980
47898 2 1891
47901 1 225
47977 1 1512
47984 3 2548
48087 7 2749
48144 2 943
48145 3 957
48146 2 954
48187 1 1085
48202 9 2712
48204 4 1943
48217 1 6375
48247 4 2933
48286 2 3883
48288 3 2866
48291 4 390
48296 2 1337
48343 1 882
48489 1 2490
48512 1 1124
48551 1 6659
48566 1 3055
48567 1 1221
48632 4 3473
48641 2 762
48673 4 6093
48679 1 2017
48693 6 470
48772 1 2396
48822 1 1408
48833 1 679
48867 9 1265
48916 6 2862
48925 2 4731
49025 2 872
49055 1 1309
49113 2 1472
49122 7 928
49124 1 1073
49140 1 1377
49151 1 1897
49232 2 5655
49303 1 690
49307 1 531
49341 1 2395
49344 1 2202
49345 1 2775
49346 1 1190
49347 1 1309
49349 1 2177
49350 1 2540
49362 2 699
49365 2 184
49366 1 5125
49375 2 11530
49435 5 1167
49451 1 183
49461 1 2195
49474 4 3175
49480 2 988
49511 1 861
49529 5 2335
49662 2 2884
49680 4 5727
49781 1 845
49782 1 2062
49888 2 870
49900 1 481
49928 11 2263
49931 1 2794
49939 2 1882
49965 1 2813
49966 1 2862
50014 2 1452
50015 1 1420
50024 1 617
50033 1 924
50121 1 2247
50122 4 1979
50204 1 2083
50216 1 1284
50223 1 6104
50230 1 1104
50233 1 702
50247 2 1590
50302 2 845
50371 1 1728
50450 1 322
50518 2 812
50529 2 4267
50558 1 1035
50597 2 2594
50599 1 5431
50606 3 5596
50610 1 1696
50616 3 843
50632 1 1689
50642 1 2005
50712 1 407
50824 3 714
50825 1 592
50834 2 3519
50839 1 1083
50840 1 161
50865 1 1252
50895 2 2073
50950 1 1239
50952 1 882
50954 9 1743
50988 1 1822
51006 1 2540
51045 1 1182
51058 1 3191
51142 2 838
51177 1 2704
51201 1 1247
51231 1 1305
51290 1 6381
51369 1 518
51493 1 1461
51495 1 928
51523 2 1944
51569 1 245
51664 2 1826
51668 11 812
51708 1 994
51828 1 2276
51841 1 978
51842 1 971
51849 1 661
51858 2 3972
51875 1 521
51886 1 1112
51899 1 12169
51907 1 193
51915 1 627
51927 2 689
51930 1 410
51973 1 1062
51976 1 1263
52030 2 1803
52048 4 4112
52049 8 3857
52100 1 2791
52184 2 4601
52255 1 1523
52271 11 8131
52325 1 1444
52384 3 3160
52408 1 1385
52449 1 3942
52455 1 1525
52478 1 2078
52484 2 5765
52500 2 3237
52506 1 1015
52545 6 2822
52548 1 1684
52561 3 52057
52684 1 642
52782 1 137
52892 1 343
52937 5 296
53011 1 2109
53019 1 1688
53130 1 979
53143 2 2969
53170 1 2693
53199 1 493
53227 21 728
53228 12 760
53236 3 3296
53274 1 1660
53345 1 972
53350 1 1432
53357 1 1058
53359 1 2051
53424 2 5193
53430 1 48057
53441 1 3363
53442 3 8599
53509 1 1285
53534 1 1069
53553 3 808
53618 1 887
53628 1 513
53633 12 948
53652 1 1858
53768 1 2855
53784 3 1362
53840 1 298
53844 11 2218
53880 1 958
53910 2 1481
53911 1 833
53934 1 1246
53942 1 190
53958 5 205
54045 2 448
54048 1 784
54185 1 680
54200 1 3379
54219 2 1337
54222 1 1066
54282 1 865
54349 1 12411
54355 4 10248
54357 1 730
54441 1 4709
54500 2 1795
54928 1 700
54935 1 976
54943 1 259
54959 1 305
54966 2 6126
55054 2 4966
55092 5 1807
55094 1 12123
55095 1 388
55145 1 987
55308 1 905
55438 1 323
55456 5 2236
55472 1 1061
55481 2 867
55519 2 665
55566 1 941
55627 1 454
55660 1 679
55720 1 646
55935 1 485
56021 1 501
56178 2 700
56181 2 1977
56194 2 1968
56274 1 2124
56282 1 1567
56283 1 1928
56440 1 1858
56498 3 2455
56503 1 5900
56521 1 5019
56569 21 660
56582 3 1624
56602 1 1212
56680 1 1247
56689 1 1387
56782 1 788
56849 1 1501
56857 3 2166
56860 1 1462
56867 3 776
56881 2 4650
56888 2 2750
56903 3 636
56997 4 619
57001 7 7758
57216 3 921
57219 2 261
57226 1 11510
57364 2 602
57383 2 3091
57436 2 3484
57517 2 1069
57540 2 529
57623 1 3704
57624 1 3707
57625 1 3705
57768 2 232
57793 2 976
57802 1 603
57811 1 280
57834 3 4576
57877 1 488
57879 1 1521
57905 1 576
57930 2 1080
57939 1 630
57980 1 898
57995 3 2088
58018 3 213
58231 2 4145
58246 2 1561
58283 1 644
58306 1 973
58311 1 723
58328 1 1060
58329 1 1243
58330 1 1851
58360 1 51
58383 1 1351
58391 1 973
58467 2 4185
58492 1 285
58524 5 103
58762 2 4573
58767 8 540
58781 1 410
58810 1 891
58852 1 3464
58868 1 803
58898 1 2227
58914 1 2294
58929 1 1342
58964 1 5289
59045 1 1137
59066 1 222
59179 1 1184
59219 1 1647
59251 4 6070
59309 5 1651
59313 2 398
59340 2 349
59348 3 10477
59378 1 357
59413 3 1448
59423 4 13129
59427 3 1336
59454 4 2821
59489 1 1634
59495 2 2353
59502 2 2133
59508 1 1122
59575 1 864
59588 2 1547
59660 1 2783
59661 1 2342
59662 2 14951
59771 1 2668
59824 3 1816
59843 2 6525
59900 1 3360
59938 1 1265
60012 1 394
60032 1 1691
60037 1 4344
60065 1 3606
60069 1 3188
60079 3 1270
60087 1 850
60114 9 998
60185 1 1405
60205 1 513
60216 1 1578
60224 1 8194
60270 1 1523
60276 2 3089
60302 1 1119
60362 2 3186
60371 1 3906
60392 1 1512
60425 1 929
60429 1 5933
60433 22 623
60462 5 1668
60474 1 724
60525 5 1252
60538 1 2351
60548 6 981
60590 1 622
60591 1 494
60741 1 3011
60747 1 1472
60815 1 2171
60908 1 558
60953 1 2570
60955 1 1899
60956 1 2287
60957 1 3093
60994 4 1924
61019 2 1394
61021 1 5166
61048 1 1704
61050 1 330
61186 2 14302
61210 1 982
61218 1 218
61262 2 1081
61286 1 851
61294 1 796
61295 2 465
61352 2 18809
61569 3 1055
61617 1 2377
61668 1 11710
61669 1 5944
61680 1 2168
61681 1 785
61713 8 4885
61736 2 3608
61788 1 1126
61815 1 1799
61865 1 544
61867 1 1527
61948 3 1548
61976 1 4025
61993 1 294
62001 7 806
62012 1 622
62014 37 6015
62027 3 722
62041 1 1021
62054 1 758
62092 1 1030
62119 2 4116
62159 1 1095
62236 1 2326
62289 2 772
62310 1 3144
62335 2 994
62349 1 2237
62537 3 427
62552 1 1225
62621 1 795
62622 1 874
62766 1 8596
62767 7 14162
62768 1 9553
62831 1 1012
62837 6 1565
62902 1 2612
63107 4 855
63108 7 943
63147 1 1729
63157 2 3445
63161 1 1664
63162 1 1516
63163 1 2048
63164 1 2016
63165 1 2124
63166 1 2579
63167 1 3539
63168 1 2328
63169 2 1823
63171 1 1012
63213 7 1090
63280 1 3788
63427 1 4477
63519 5 2160
63655 7 959
63699 1 2535
63701 13 2880
63747 1 1196
63757 1 750
63795 1 1855
63837 1 6313
63892 1 1816
63944 8 818
63962 2 3096
64009 2 3743
64025 1 481
64030 1 809
64032 2 1854
64045 2 1220
64052 3 2458
64053 3 2458
64087 4 1520
64088 4 1712
64090 1 622
64294 1 2023
64319 5 4532
64335 1 785
64388 5 1483
64496 1 760
64519 1 377
64529 1 3125
64537 2 1417
64559 2 4363
64571 6 1943
64645 1 275
64647 8 7320
64914 1 518
64933 2 322
65022 1 526
65068 1 2208
65084 1 2317
65104 2 8712
65366 1 1282
65413 1 2296
65515 1 1671
65530 1 1872
65554 1 543
65555 1 382
65576 2 4667
65585 1 302
65589 1 1568
65659 1 223
65684 6 17249
65741 2 509
65778 1 3404
65819 3 2102
65822 1 702
65883 2 3190
65944 7 4400
65958 10 1390
65968 13 1412
65973 1 1049
65976 1 2618
65978 1 3467
65980 1 4583
65984 1 2219
65990 9 4364
66007 1 174
66015 1 4361
66126 1 1464
66132 1 202
66160 1 774
66174 2 806
66234 5 1935
66244 1 804
66293 1 326
66450 1 426
66462 1 904
66536 1 727
66614 1 1103
66666 1 979
66668 1 1340
66760 1 1083
66793 1 1291
66801 1 3195
66868 1 2032
66870 1 2566
66976 1 1294
67048 1 1998
67072 3 1326
67219 1 8613
67339 1 3088
67395 2 2737
67421 3 1526
67454 1 5854
67486 1 938
67526 1 813
67578 1 750
67635 1 1741
67650 1 1030
67667 1 1004
67678 1 2911
67689 3 7619
67693 1 163
67725 1 1884
67756 2 5291
67763 1 670
67810 1 1023
67821 1 138
67822 4 1141
67899 1 4652
67900 1 1945
67926 1 1401
67987 1 2466
68003 1 415
68011 3 290
68057 5 3416
68074 1 2212
68086 1 311
68088 2 680
68117 1 4150
68120 4 7511
68176 3 2781
68197 5 625
68217 1 5161
68228 2 6756
68262 1 891
68268 1 2304
68383 3 1172
68389 1 7515
68390 1 7515
68391 1 7515
68392 1 6574
68394 3 2458
68395 3 2458
68437 1 2115
68572 2 1068
68697 1 1133
68701 1 561
68708 2 6905
68752 1 1201
68757 2 1151
68771 5 1848
68783 1 1601
68812 4 10319
68900 3 3607
68928 3 1832
68929 1 1431
68931 2 1400
68978 1 617
69086 1 2497
69361 1 2957
69381 1 920
69387 4 1411
69413 1 538
69462 2 998
69479 1 418
69495 1 2757
69530 1 3436
69889 1 1917
69913 5 7379
69918 1 1583
69967 8 2207
70044 1 512
70109 1 676
70236 1 3474
70292 2 2365
70380 10 6991
70409 1 1089
70442 1 4263
70534 1 5509
70609 4 881
70637 1 1177
70881 1 1568
70913 1 1388
70922 1 2787
70934 1 944
70984 2 461
71007 8 1032
71037 8 313
71057 1 412
71139 1 427
71141 34 1124
71257 3 2362
71258 2 1385
71312 1 2042
71331 1 1104
71395 3 1529
71396 3 1529
71397 3 1529
71398 3 1529
71419 2 2738
71459 1 2233
71508 1 811
71513 1 1824
71537 1 1108
71636 2 554
71676 1 2168
71705 4 10258
71722 1 335
71794 4 812
71807 1 3340
71877 18 7422
71886 1 801
71891 2 693
71916 3 1640
71920 1 799
72046 1 2501
72047 1 1766
72048 1 5014
72050 1 1296
72065 1 9229
72106 6 1024
72107 1 206
72164 1 1004
72221 2 130
72238 2 518
72252 1 682
72265 1 709
72275 1 898
72282 1 2243
72294 1 1227
72314 3 1495
72344 2 815
72357 2 916
72361 1 553
72376 2 1507
72377 1 1912
72390 3 1313
72413 2 1983
72433 1 1492
72455 1 1202
72498 1 11873
72521 1 6698
72571 3 2681
72612 2 2177
72650 2 6445
72675 1 8994
72734 3 2436
72750 1 698
72755 1 605
72791 1 435
72812 1 1731
72828 3 2935
72858 1 1852
72873 1 3122
72879 3 7089
72887 3 758
72894 3 522
72895 1 1688
72929 1 3019
72937 1 2290
72945 1 2766
72990 1 1401
73022 7 2763
73033 1 1060
73117 1 1006
73148 1 5628
73252 1 2017
73253 1 2048
73261 1 423
73269 1 1625
73276 2 7711
73322 1 486
73422 1 855
73426 2 1568
73449 1 632
73727 1 322
73728 1 354
73780 1 112
73956 2 2798
73966 1 1422
73990 2 1201
73994 1 2096
73997 1 10376
74053 4 2613
74118 1 710
74119 2 11686
74120 25 2512
74150 8 1327
74203 1 11999
74351 3 1240
74400 1 315
74402 8 12340
74446 2 1773
74503 1 861
74655 3 858
74813 1 5631
74821 1 1520
74858 29 1001
75090 3 927
75151 1 1586
75192 1 318
75198 1 1269
75222 1 819
75249 1 1176
75295 1 2546
75297 13 1533
75305 1 2807
75306 1 2908
75308 2 1471
75501 1 540
75523 1 268
75530 1 2216
75531 1 1582
75532 1 2113
75534 10 9607
75601 1 645
75646 1 832
75700 4 1441
75940 1 2480
76015 2 793
76066 14 3438
76067 15 2476
76077 1 1366
76101 2 1397
76104 1 2832
76105 1 6146
76106 1 4999
76136 2 4953
76176 1 1747
76177 1 883
76200 2 636
76211 1 1215
76245 1 6436
76247 7 4782
76267 2 1564
76298 7 1324
76301 3 1532
76302 2 1858
76325 2 1450
76340 3 3506
76387 2 372
76405 2 5489
76435 1 2179
76510 1 631
76519 2 3579
76526 11 4857
76531 1 1613
76617 1 1552
76634 1 557
76635 13 1327
76636 2 626
76674 1 823
76675 1 531
76710 3 1056
76713 1 568
76752 1 709
76760 1 2589
76780 1 5196
76826 1 1007
76888 1 1391
76987 1 1485
77060 1 4150
77088 1 4377
77109 1 806
77124 1 3644
77128 2 1010
77136 1 3236
77158 1 1076
77161 1 812
77180 7 5716
77202 1 8001
77253 1 1729
77481 1 296
77571 1 193
77599 2 875
77621 2 1859
77627 1 927
77645 1 538
77658 2 1463
77807 1 5880
77811 1 729
77829 1 983
77832 2 421
77840 1 1022
77894 2 941
78094 1 790
78097 1 1097
78099 1 1017
78117 1 1978
