agreement agreement 5149 65215343 
84 1 2015
86 1 1442
97 1 672
116 1 897
128 1 213
186 1 774
202 1 609
256 7 8243
327 1 2668
352 1 2404
384 1 1662
428 1 2978
429 1 3151
430 1 3354
473 2 5126
474 2 3627
475 2 1753
476 2 1866
477 2 3143
504 2 11283
521 1 831
674 2 1393
707 1 625
710 1 958
712 3 201
733 1 1616
736 3 2617
782 1 2324
783 1 2303
886 1 5811
890 1 1543
891 1 687
905 2 493
969 2 1583
975 1 538
998 1 521
1003 1 2079
1028 2 1298
1029 2 1302
1030 2 598
1059 1 1913
1060 1 1104
1080 1 1254
1094 12 705
1115 1 324
1149 1 1495
1237 2 1668
1270 1 2273
1308 1 1224
1309 1 1224
1326 1 1588
1459 1 1079
1512 1 8417
1760 1 805
1795 1 858
1796 2 1148
1797 11 5684
1832 1 1266
1855 1 2208
1861 1 5589
1892 2 11383
1940 11 848
1960 2 1186
1997 1 349
2001 1 2255
2005 5 1057
2041 4 775
2046 6 13880
2060 1 1072
2080 1 8786
2084 2 1228
2145 1 1693
2168 2 1638
2177 1 2668
2178 1 806
2184 1 1827
2252 1 646
2366 1 2774
2370 1 1211
2386 2 1335
2387 1 1420
2393 6 451
2396 1 1417
2420 1 2316
2479 1 573
2483 5 4389
2554 1 313
2628 1 534
2639 1 835
2657 1 191
2658 1 193
2659 1 453
2660 1 359
2661 1 353
2795 1 398
2805 1 558
2843 1 5588
2981 1 1712
2994 1 2004
3012 1 1166
3014 2 1125
3063 1 725
3094 2 1813
3103 1 3185
3104 1 3172
3105 1 3023
3106 1 3092
3107 1 3008
3108 1 2991
3109 1 3299
3130 1 276
3158 2 1946
3165 3 1306
3175 1 533
3197 12 1690
3200 1 1236
3205 1 1426
3213 1 1551
3249 1 10966
3322 1 6038
3347 2 335
3389 2 444
3413 1 350
3415 1 4495
3418 1 532
3421 1 954
3429 1 2188
3430 1 783
3435 2 360
3450 1 1374
3486 1 4565
3491 3 930
3541 2 551
3542 1 1834
3543 1 1381
3602 1 639
3636 1 595
3646 1 35
3684 1 236
3706 4 6639
3740 2 1184
3748 1 990
3751 1 841
3791 2 6472
3804 1 1022
3808 1 2032
3831 2 3725
3902 1 2905
3928 3 1658
4000 1 6980
4025 1 1200
4116 11 5941
4117 11 5825
4118 11 5861
4128 1 535
4145 2 6518
4147 1 971
4156 1 451
4196 2 6780
4199 1 820
4249 1 2710
4269 1 7767
4301 1 739
4326 1 852
4355 1 1088
4361 1 44
4366 2 1654
4368 1 4832
4369 1 4444
4370 1 3314
4371 1 3866
4372 1 3440
4373 1 4212
4374 1 5584
4375 1 1815
4376 1 2069
4377 1 1760
4379 1 1474
4380 1 1204
4385 1 1633
4387 1 1182
4391 1 481
4392 1 1464
4393 1 1545
4394 1 783
4428 1 2072
4429 1 723
4430 1 1152
4431 1 1407
4439 1 2516
4447 1 552
4448 1 609
4450 1 6385
4473 1 2419
4478 1 3007
4479 1 2646
4496 1 6061
4518 7 2481
4522 1 2966
4552 2 1468
4554 1 144
4618 1 873
4620 2 2669
4621 2 862
4636 2 1557
4671 1 1282
4675 1 722
4695 2 458
4709 1 2954
4722 2 579
4740 1 2057
4748 1 642
4749 1 1366
4831 1 2521
4838 1 5657
4839 1 1862
4840 1 5531
4842 3 2135
4844 1 1123
4852 1 1294
4853 2 1774
4866 1 980
4868 1 1260
4896 1 1508
4900 1 1550
4915 1 4855
4916 1 4839
4934 2 2573
4950 1 3067
4955 1 342
5092 1 3536
5095 1 120
5135 2 1764
5142 1 1220
5232 1 449
5297 1 925
5427 1 662
5428 1 704
5429 1 493
5430 1 219
5435 3 932
5455 3 15074
5543 1 747
5576 12 4592
5841 1 1235
5862 1 2267
5866 1 660
5876 3 2035
5917 1 431
5935 2 2831
5993 1 1055
6010 1 3182
6011 1 3214
6012 1 3069
6013 1 2929
6014 1 3067
6015 1 3323
6076 2 3091
6127 1 1065
6180 1 5070
6296 1 3125
6297 1 3321
6298 1 3012
6299 1 3048
6300 1 3029
6301 1 2972
6302 1 2959
6303 1 2969
6304 1 3270
6305 1 2963
6306 1 3001
6329 2 3134
6336 1 3254
6337 1 3747
6338 1 1825
6339 1 2231
6351 1 1596
6359 1 1489
6527 1 1415
6610 1 521
6625 1 383
6632 1 2264
6973 2 826
6996 1 1163
6997 1 1942
7014 1 1878
7016 2 1558
7075 2 507
7078 2 2260
7079 3 4960
7093 2 1350
7123 1 1203
7143 2 1502
7144 2 1209
7147 1 592
7148 1 1172
7159 1 3906
7162 4 1574
7502 1 965
7529 11 5927
7570 1 9650
7578 1 5752
7704 1 3369
7705 4 4973
7706 1 3286
7707 1 1904
7708 1 1422
7709 1 2370
7710 4 4326
7721 2 714
7724 1 1797
7729 1 1221
7736 1 1605
7775 1 3220
7963 1 3329
7973 2 774
7974 1 2073
8015 2 1526
8054 1 482
8060 1 1283
8077 1 1482
8177 1 2272
8191 1 1326
8212 2 1131
8217 1 177
8270 1 1577
8280 1 142
8296 1 1165
8306 1 1820
8310 1 4695
8311 1 4367
8312 1 3567
8313 1 3754
8315 3 776
8316 1 823
8317 1 1157
8318 1 1271
8329 1 481
8332 1 1567
8374 1 748
8378 1 412
8382 1 19553
8383 2 1991
8384 1 1186
8385 1 2645
8386 1 2545
8389 1 1392
8394 1 1250
8403 1 2102
8422 2 5132
8434 1 702
8473 1 803
8509 1 551
8565 2 1375
8567 1 1533
8570 10 1765
8582 1 1026
8638 1 905
8639 2 2193
8812 1 887
8827 2 6533
8839 1 168
8840 1 291
8841 1 266
8842 1 327
8843 1 812
8844 1 312
8845 1 289
8846 1 298
8847 1 433
8848 2 2976
8849 1 366
8852 3 1447
8872 1 1283
8947 1 700
9190 1 1362
9203 1 3221
9204 1 3049
9205 1 2860
9206 1 3079
9211 6 136
9292 2 3389
9293 2 1715
9294 2 3543
9354 1 725
9388 1 1072
9396 1 1018
9401 2 1529
9416 5 1927
9425 1 1245
9427 1 1180
9434 1 621
9459 1 1001
9489 1 6134
9490 1 2974
9491 2 6177
9492 1 6158
9494 1 742
9534 1 642
9539 1 890
9567 7 5360
9604 1 2143
9605 1 2284
9608 1 1260
9749 1 752
9800 2 3911
9804 1 5129
9826 1 2248
9926 1 682
9929 1 506
9935 1 18475
10008 1 1778
10023 1 1926
10055 1 520
10067 1 2395
10068 1 1756
10078 2 921
10100 1 703
10101 2 12486
10118 1 370
10231 1 9229
10239 2 672
10240 1 816
10241 2 1011
10280 6 1373
10289 1 8941
10313 1 620
10537 1 438
10541 1 1007
10542 1 3137
10583 1 635
10599 1 1369
10601 1 2025
10652 1 3224
10653 1 3190
10654 1 3128
10655 1 2947
10656 1 3117
10661 1 508
10662 6 1275
10668 2 2803
10670 1 1360
10677 1 1048
10696 4 1520
10720 1 738
10749 1 2979
10750 1 1327
10751 1 1074
10752 1 1467
10755 1 1298
10814 1 870
10843 1 1551
10870 1 541
10898 1 1274
10946 2 713
10954 2 2770
10977 2 1721
11081 11 1920
11131 2 4066
11241 1 828
11242 1 738
11244 2 833
11368 2 343
11399 1 373
11415 1 304
11441 1 1134
11554 1 804
11558 1 252
11564 12 2793
11569 1 6434
11576 1 664
11582 5 763
11590 1 1805
11628 2 1714
11856 1 1147
11969 3 539
11976 2 521
11977 2 298
12102 1 664
12117 1 397
12132 1 423
12133 1 953
12138 3 18363
12167 1 1026
12169 1 689
12185 1 1349
12223 7 6167
12235 1 991
12236 1 1669
12237 2 1444
12288 1 350
12297 1 2001
12298 1 2322
12299 1 1048
12300 1 1761
12301 1 1096
12302 1 1574
12304 1 1066
12367 1 9446
12369 4 1673
12379 1 663
12428 1 818
12514 6 6560
12526 1 21005
12587 1 1250
12589 1 768
12648 2 1081
12650 5 2168
12666 1 462
12674 5 6435
12701 1 7084
12726 1 651
12751 1 5083
12767 2 838
12814 2 46677
12827 1 1123
12834 2 2681
12835 1 985
12838 2 2280
12918 1 2623
12943 1 1937
12944 1 2185
12945 1 2019
12946 1 1292
12947 1 1366
12948 1 2044
12949 1 2158
12950 1 2140
12951 1 2247
12952 1 1158
12953 1 1027
12954 1 1599
12955 1 1221
12956 1 1280
12957 1 1944
12958 1 1362
12959 1 1956
12979 1 1831
12982 2 1294
13053 2 3052
13060 1 3460
13122 1 8864
13130 1 1432
13148 1 1862
13149 1 2234
13172 1 1025
13250 2 692
13261 2 2305
13277 3 1667
13283 1 339
13344 1 5744
13374 2 2277
13433 1 4168
13508 1 6492
13518 1 16194
13523 1 359
13524 1 621
13525 1 446
13548 1 6866
13556 1 2449
13577 2 805
13609 1 1456
13614 1 1453
13639 1 1946
13643 1 1259
13644 1 1144
13649 2 1057
13657 1 1124
13658 1 1095
13659 1 3326
13662 1 828
13682 1 1174
13693 1 789
13835 1 1581
13838 1 965
13871 3 6056
13886 1 3122
13889 3 724
13891 1 2917
13911 1 2738
13912 1 6746
13985 1 11629
14019 1 141
14105 7 9306
14185 1 2424
14271 1 2963
14272 1 3020
14273 1 2924
14274 1 2909
14301 2 2773
14312 2 1988
14313 2 5288
14314 4 1929
14315 2 3896
14365 1 1356
14474 1 3842
14500 2 1554
14535 1 2058
14536 1 1661
14595 1 676
14600 1 1048
14604 2 1059
14649 1 3074
14692 1 3976
14709 1 1785
14711 1 1117
14714 14 5738
14718 1 430
14721 1 4901
14722 1 6567
14723 1 4899
14724 1 5113
14728 1 2287
14729 1 690
14745 1 1156
14750 3 1292
14755 2 2245
14758 2 1080
14768 1 1208
14769 2 2384
14771 1 643
14773 1 4394
14779 1 3250
14797 1 2125
14798 1 1575
15019 1 635
15023 1 1799
15078 1 542
15133 2 972
15191 1 470
15236 3 951
15515 1 474
15568 1 3032
15569 1 3119
15570 1 2982
15571 1 3116
15572 1 3411
15573 1 2920
15574 1 3007
15575 1 3094
15576 1 2773
15580 1 2165
15609 6 1362
15614 2 3253
15615 2 3882
15618 1 1203
15664 2 1538
15670 1 1155
15671 1 1154
15756 1 717
15762 1 2141
15957 2 8025
15982 7 4744
16114 2 1601
16117 1 2540
16125 1 213
16167 6 1204
16191 1 1319
16198 1 953
16224 1 1417
16229 1 2303
16230 1 648
16232 1 517
16240 1 465
16241 1 1533
16253 1 370
16273 1 1466
16289 2 1395
16333 1 1016
16376 1 1139
16417 1 1733
16442 1 1557
16443 1 1618
16475 1 2055
16493 1 484
16505 3 1869
16673 2 1199
16705 6 3332
16711 5 2292
16717 1 1216
16719 1 3541
16763 2 1331
16802 1 2436
16813 1 4537
16829 1 1094
16836 3 4094
16843 1 15992
16932 1 4752
16936 1 3648
16943 1 10757
16984 1 5305
16993 2 1557
17000 1 1473
17002 1 968
17023 1 1195
17058 1 1516
17106 13 3919
17147 1 697
17170 1 1231
17219 1 1500
17237 1 448
17244 1 10025
17248 1 2188
17284 1 1040
17304 11 5827
17325 1 1320
17377 2 680
17391 1 2225
17426 8 7075
17441 1 2608
17583 1 447
17584 1 605
17585 1 438
17608 1 1036
17645 1 718
17660 1 591
17670 1 5050
17720 1 785
17728 2 584
17758 2 28986
17768 1 1274
17769 1 1270
17770 1 1270
17771 1 1274
17772 1 1266
17773 1 1267
17774 1 1267
17834 1 724
17847 1 1020
17850 1 559
17869 22 7948
17923 6 1095
17961 2 1859
17969 1 491
18003 1 1231
18031 1 2951
18032 1 3246
18033 1 3046
18034 2 3151
18035 1 2957
18036 1 3329
18037 1 3117
18038 3 3203
18073 1 967
18106 1 157
18228 1 4817
18259 1 284
18263 1 2623
18264 3 3866
18288 6 4353
18290 1 982
18368 2 846
18385 1 6531
18389 1 561
18395 1 6885
18396 3 12783
18401 1 1110
18409 1 1928
18413 3 795
18415 20 5822
18421 1 160
18490 1 1473
18583 1 1790
18584 1 605
18585 1 826
18586 1 855
18587 1 996
18588 1 1245
18616 1 1907
18652 2 2264
18654 4 15696
18660 1 933
18689 2 2550
18694 1 1433
18695 1 896
18709 1 949
18713 1 1412
18744 4 775
18812 1 1141
18813 1 1761
18814 1 1715
18838 1 781
18904 1 1338
18926 1 1782
19007 1 1081
19049 18 3228
19066 1 1990
19111 1 4980
19121 2 1022
19122 1 823
19395 1 1859
19420 1 532
19501 1 1047
19560 1 8071
19647 1 3406
19681 2 10198
19684 1 2620
19686 1 4573
19692 1 692
19726 2 853
19818 3 4232
19868 1 593
19873 1 1291
19883 1 5667
19884 1 5873
19885 1 1727
19886 1 1995
19887 1 3613
19888 1 1794
19889 1 7969
19890 1 2034
19891 1 4302
19892 1 2205
19893 1 6194
19894 1 2667
19895 1 3842
19896 1 4758
19897 1 3289
19898 4 4338
19899 1 6214
19901 1 1057
19902 1 3107
19939 1 813
19943 1 1820
19945 1 1525
19953 1 683
19960 1 1151
19985 1 8977
20002 1 2451
20005 1 2489
20200 1 30304
20216 1 967
20233 1 3879
20299 1 444
20421 1 12627
20617 4 1245
20618 2 705
20677 1 8655
20678 1 4807
20682 3 5585
20684 4 12924
20685 1 959
20686 1 750
20706 2 8010
20707 17 35797
20708 4 24696
20710 1 6801
20715 1 802
20719 1 500
20729 1 902
20730 1 3239
20746 1 2626
20791 1 919
20999 4 2745
21046 14 10160
21084 1 1596
21092 1 1053
21112 1 1220
21113 1 1247
21184 2 529
21185 2 969
21186 2 1061
21187 2 992
21283 2 1603
21318 1 7108
21353 1 1391
21357 1 5683
21387 1 3030
21391 3 4613
21417 1 1547
21527 7 6412
21644 1 11884
21662 1 3618
21698 1 2267
21767 2 6211
21816 1 575
21818 1 1465
21840 1 6308
21842 1 145
21899 1 1045
21922 1 2981
21947 1 628
21948 1 2447
21950 1 1511
21951 1 1086
21952 1 983
21962 1 484
21963 1 2029
22029 9 806
22032 1 4462
22044 1 912
22048 1 1210
22079 1 5115
22103 2 5529
22124 1 1782
22132 1 739
22219 1 1236
22457 4 225
22514 1 1133
22523 1 3123
22524 1 3107
22525 1 3022
22526 1 2933
22527 1 2945
22528 1 3156
22570 1 1844
22604 1 1011
22609 1 1445
22610 1 1706
22883 1 848
22909 1 1035
22923 1 2900
22927 1 2118
22990 1 90
23413 1 1692
23447 1 1194
23448 1 1669
23449 1 1675
23450 1 2158
23451 3 2126
23469 1 500
23473 1 1771
23474 1 1785
23487 1 796
23510 3 1027
23533 2 258
23637 1 2848
23640 1 1222
23641 1 522
23660 1 118
23749 1 570
23795 1 1876
23797 1 968
23829 2 8025
23896 2 3005
24093 1 4836
24096 1 3824
24107 1 909
24139 3 1298
24162 1 1116
24163 1 1415
24164 1 1966
24165 1 2487
24166 1 1006
24245 1 346
24275 1 852
24284 1 4091
24340 1 239
24344 1 1323
24366 1 875
24368 3 1647
24371 1 1319
24441 1 601
24463 1 1344
24561 1 3084
24566 6 3241
24568 11 5820
24574 1 3225
24667 3 2550
24677 1 587
24707 1 2560
24737 1 1993
24749 5 4668
24762 1 240
24819 2 1466
24823 1 2274
24824 1 1881
24825 1 1588
24827 1 1654
24829 1 703
24834 2 2002
24840 3 9627
24844 3 1882
24847 1 1506
24848 1 1701
24849 1 4735
24867 2 547
24879 1 557
24896 1 4879
25053 2 1722
25056 1 650
25102 1 1292
25124 1 1130
25128 1 3351
25411 1 2077
25442 1 904
25474 1 3568
25475 1 3015
25476 1 3033
25477 1 3314
25478 1 3302
25479 1 3085
25509 2 1876
25542 1 2369
25546 1 3100
25555 1 3167
25561 1 219
25564 2 507
25655 1 2371
25656 1 4885
25698 4 1650
25766 2 1160
25768 1 1167
25770 1 1009
25795 1 353
25804 1 2275
25902 1 2698
26076 1 361
26086 1 694
26095 1 5070
26097 1 1412
26123 2 1139
26131 1 1898
26132 1 2930
26159 1 636
26164 1 1169
26165 1 1178
26166 1 1178
26167 1 1204
26168 1 1153
26169 1 2105
26235 2 3242
26253 2 525
26258 2 7349
26294 2 1451
26297 1 585
26323 1 1258
26324 1 1329
26358 1 830
26359 1 3794
26367 1 1044
26411 1 2625
26470 1 1686
26498 13 32423
26507 1 4226
26516 1 2569
26590 2 2388
26592 2 2640
26606 1 1164
26614 2 3554
26641 1 4691
26684 1 884
26722 1 1894
26723 1 1586
26730 1 1483
26746 1 568
26802 1 973
26814 1 1736
26820 1 5014
26821 1 4111
26822 1 1713
26825 2 2133
26834 1 380
26899 1 1342
27039 2 1645
27161 1 1496
27163 1 1060
27168 1 1413
27174 2 2438
27196 1 1661
27197 1 1655
27198 1 2800
27225 1 597
27228 1 952
27229 1 598
27230 1 591
27231 1 1168
27232 1 568
27233 1 665
27234 1 1266
27235 1 2671
27236 1 1397
27237 1 1168
27238 1 1588
27239 1 1244
27308 4 7530
27321 2 7344
27390 1 1355
27406 1 1609
27413 1 1577
27510 2 1431
27541 1 461
27545 1 991
27568 1 2345
27585 1 1037
27595 1 505
27625 5 2383
27665 21 870
27706 1 1893
27761 1 1167
27772 4 3134
27777 1 2817
27778 1 1834
27779 1 4121
27788 1 611
27809 1 1060
27812 1 3494
27814 1 697
28056 1 1056
28208 1 995
28209 1 192
28210 1 265
28211 1 335
28212 1 196
28213 1 302
28214 1 488
28215 1 236
28216 1 296
28259 1 6624
28261 2 11790
28340 1 589
28419 1 3437
28421 1 891
28446 3 9326
28479 1 859
28666 5 880
28674 1 221
28682 2 1576
28683 2 1939
28689 2 1875
28696 5 3559
28707 1 606
28725 1 1071
28750 1 4089
28790 1 387
28813 1 1461
28919 1 1463
28971 1 391
28972 1 569
28973 1 424
28974 1 254
28975 1 762
28976 1 387
28977 1 244
28978 2 1473
28981 1 1946
29057 1 644
29066 2 1322
29349 1 2088
29396 3 8576
29402 1 1186
29418 1 3556
29482 1 643
29491 1 3124
29492 1 3204
29493 1 3306
29494 1 3066
29495 1 3137
29496 1 2933
29497 1 2942
29498 1 2955
29524 2 1209
29529 1 4211
29557 3 7051
29558 2 3685
29559 2 3217
29560 1 1313
29582 1 507
29591 1 790
29624 1 1181
29637 1 2315
29650 1 2908
29690 1 2211
29691 1 2211
29785 1 1968
29802 1 4831
29970 2 249
29973 1 1093
29978 4 1161
29981 2 1139
29987 1 1548
29990 1 235
30064 3 1072
30084 1 1077
30128 1 1329
30145 2 1077
30158 1 1827
30167 2 1260
30191 1 312
30209 1 101
30255 1 2558
30277 1 1384
30285 2 1934
30297 1 1169
30310 2 2537
30311 1 1862
30312 1 1701
30314 1 1766
30345 2 764
30351 1 4754
30352 1 5973
30380 1 1089
30519 9 5484
30555 2 4027
30587 5 1782
30588 3 3696
30598 1 1152
30602 1 3594
30604 1 1396
30622 1 2448
30635 6 2140
30639 2 8117
30752 1 1610
30762 1 982
30804 1 10416
30843 9 4224
30857 1 479
30858 1 950
30891 1 2618
30911 1 821
30953 2 4469
30956 1 561
30964 2 1304
30973 1 7204
30987 1 267
31061 1 1776
31067 1 380
31086 1 1136
31094 2 7803
31258 2 860
31308 1 1198
31327 1 3711
31328 1 3214
31329 1 3009
31330 1 2751
31331 1 2964
31332 1 3032
31380 2 1553
31393 2 1881
31394 1 956
31395 2 3700
31441 1 1845
31446 1 1347
31447 1 1008
31506 1 833
31550 1 1019
31623 1 8156
31679 1 895
31682 1 180
31694 1 3337
31703 1 1955
31790 2 1335
31821 2 4061
31856 1 222
31918 1 928
31975 2 1903
32226 2 3217
32242 1 1349
32266 1 849
32274 2 543
32286 1 3201
32287 1 3033
32288 1 3260
32289 1 2992
32290 1 3009
32291 1 3102
32292 1 3278
32293 1 3048
32294 1 3074
32295 1 3206
32296 1 2955
32297 1 3273
32298 1 3261
32299 1 3515
32300 1 3026
32301 1 3186
32302 1 3115
32303 1 2974
32304 1 2871
32308 1 1418
32329 2 5073
32366 2 3530
32367 2 3181
32376 1 3793
32377 2 1401
32407 1 1478
32408 1 2851
32412 1 1195
32413 1 2301
32422 1 581
32551 1 1569
32584 1 2115
32644 1 1032
32654 3 45225
32718 7 5437
32719 7 5014
32753 1 1998
32764 1 2272
32765 1 2291
32766 1 2278
32788 2 693
32976 1 1811
33007 1 495
33130 1 1040
33138 1 1739
33141 1 1413
33167 1 1396
33180 1 1113
33181 1 1712
33182 1 1778
33183 1 1139
33184 1 911
33220 1 1178
33277 1 2857
33302 1 870
33325 2 657
33372 7 1921
33409 1 1260
33475 1 5068
33494 2 11341
33501 1 1328
33509 2 2659
33515 1 951
33571 1 1163
33574 1 1229
33598 1 971
33610 1 1314
33627 1 763
33632 1 358
33633 2 292
33646 2 1788
33647 2 1671
33671 1 1779
33672 1 1607
33673 1 1075
33674 1 1050
33675 1 2486
33676 1 1188
33677 1 1132
33678 1 718
33726 1 1999
33762 1 641
33779 4 1792
33815 1 371
33831 1 6374
33853 1 1271
33859 1 7228
33860 1 239
33862 1 998
33879 1 396
33894 1 1158
33895 1 1427
33945 2 364
33946 1 914
33996 1 4294
34052 2 11789
34209 1 1701
34243 1 1382
34298 1 6813
34380 1 1216
34445 1 2643
34456 1 1514
34465 2 5422
34477 1 1168
34478 1 1361
34491 1 1903
34497 2 1468
34507 1 1422
34514 1 2438
34520 1 2339
34524 1 879
34526 1 2380
34541 1 789
34564 2 1271
34586 1 663
34674 2 2253
34679 1 1212
34722 1 1829
34747 2 868
34748 1 832
34749 1 1894
34766 1 437
34767 1 384
34768 1 1348
34769 1 408
34820 25 7148
34843 2 983
34858 1 184
34904 1 768
34922 1 900
34923 1 2774
34926 3 1110
35041 1 7162
35145 1 827
35291 2 402
35373 1 1558
35385 1 1452
35430 1 2096
35431 1 1278
35432 1 1823
35433 1 1624
35434 1 1365
35435 1 1070
35454 2 2122
35469 2 1178
35473 1 432
35475 1 12761
35482 1 1290
35483 1 1826
35484 1 1144
35485 1 1364
35486 1 1430
35487 1 1788
35504 1 1747
35532 2 4534
35595 1 934
35611 1 683
35688 1 705
35728 2 571
35729 2 796
35730 1 850
35731 1 931
35761 1 995
35791 1 1953
35872 1 285
35891 1 2019
35918 1 430
35983 1 2665
35993 18 1442
36023 11 5721
36027 1 7080
36033 2 3256
36057 2 2918
36069 1 2227
36083 1 1627
36175 1 1254
36223 1 2477
36254 1 2032
36264 3 1039
36278 1 469
36290 1 1878
36291 3 4374
36292 1 3895
36293 1 3644
36294 1 3160
36297 1 1282
36306 1 2219
36341 1 828
36344 1 1190
36345 1 798
36358 1 1651
36458 2 622
36539 1 45
36603 3 1068
36614 18 2919
36701 1 971
36728 1 1234
36732 2 18263
36742 1 1373
36763 1 821
36777 3 173
36779 1 1172
36783 1 1431
36784 1 1169
36785 1 1843
36786 1 1500
36787 1 1432
36788 1 1941
36789 1 1662
36836 1 1458
36837 1 1141
36838 1 1144
36840 1 619
36869 1 1242
36881 1 1464
36932 1 1538
36962 1 5960
36981 1 772
37035 1 1914
37057 1 5130
37067 1 1829
37072 11 2165
37139 2 1195
37169 1 628
37182 1 13117
37211 1 1200
37395 1 1119
37407 1 1372
37419 4 13883
37422 1 917
37423 1 13622
37436 2 9722
37450 1 672
37459 1 679
37460 1 696
37496 1 2380
37545 1 2346
37548 1 1203
37562 1 167
37599 2 1374
37605 1 1281
37606 1 903
37614 1 4640
37615 1 2824
37616 1 8646
37617 1 1086
37618 1 744
37620 1 1774
37624 1 782
37630 1 2027
37653 2 1054
37661 1 5314
37662 1 2053
37684 1 1530
37698 6 5406
37712 1 8990
37725 1 2498
37883 4 843
37895 2 1340
37896 2 871
37907 1 454
37932 1 17484
37974 1 1488
37986 1 3131
37998 1 1440
38005 1 3590
38073 1 1947
38074 1 1582
38107 1 482
38122 1 1267
38133 2 490
38154 2 2189
38200 1 3117
38210 1 1326
38233 1 905
38242 1 1095
38243 1 1851
38257 1 551
38278 1 1163
38315 1 604
38359 2 1335
38435 1 1582
38437 1 644
38443 1 1740
38448 1 6071
38452 1 1545
38462 1 709
38478 3 1991
38479 2 1418
38480 2 1546
38481 2 2169
38508 1 2464
38509 1 1250
38510 1 1907
38511 1 1138
38512 1 1647
38524 1 387
38557 1 10387
38686 3 2997
38700 1 1259
38710 1 1030
38733 1 798
38734 1 636
38848 1 791
39049 1 1028
39071 2 460
39073 1 552
39098 1 676
39116 2 1277
39158 1 1513
39165 2 1217
39173 1 713
39182 7 3168
39183 1 4477
39190 2 710
39191 1 737
39238 3 1675
39245 2 4290
39247 1 836
39256 1 1626
39257 1 2445
39259 2 3420
39263 1 1191
39264 1 7187
39277 1 2053
39283 1 2198
39292 8 4867
39304 2 1175
39458 2 1860
39470 1 2520
39474 1 1378
39479 1 301
39482 3 1937
39501 1 2201
39510 1 1784
39519 1 1394
39532 2 2114
39588 2 6063
39698 1 777
39720 1 1188
39775 1 1300
39915 9 894
39923 1 964
39942 1 797
39952 1 1363
39960 1 750
39967 1 878
39976 1 699
39977 1 711
39978 3 30166
39995 1 2204
40043 1 1164
40044 1 1776
40045 1 1106
40046 1 1113
40047 1 1267
40048 1 1831
40049 1 1679
40051 1 1276
40058 1 595
40061 1 993
40102 1 537
40110 1 1588
40111 1 1287
40112 1 2159
40113 1 2948
40114 1 1204
40131 1 5534
40320 2 7910
40345 1 1243
40347 1 461
40402 1 1116
40408 1 2400
40412 1 2785
40414 9 3454
40518 1 647
40550 1 3684
40586 1 8741
40636 1 3362
40644 1 2413
40668 1 3116
40690 2 1709
40739 11 5778
40763 5 3495
40775 8 1455
40787 1 597
40817 1 2302
40833 1 2965
40985 1 2120
41049 1 2451
41054 3 847
41114 1 2690
41118 1 2966
41124 1 118
41165 2 1234
41172 1 1797
41237 1 235
41605 1 996
41729 1 1363
41763 1 1149
41764 1 1047
41765 1 2363
41766 1 1995
41767 1 1154
41768 1 1829
41769 1 1186
41770 1 1891
41771 1 1628
41772 1 1868
41790 1 1242
41793 1 433
41802 2 2461
41803 1 2074
41846 1 987
41866 1 1666
41987 1 1216
42023 1 1026
42029 1 766
42035 1 3392
42128 1 580
42149 1 9906
42150 1 2706
42185 1 854
42229 1 695
42234 1 2137
42261 4 6604
42266 9 1519
42297 1 1946
42309 1 5367
42357 3 1544
42359 1 2478
42550 1 2066
42571 1 844
42572 1 2840
42580 1 8665
42581 1 2953
42582 1 1649
42585 1 2844
42591 1 1191
42625 3 5865
42640 1 12636
42643 1 496
42648 1 4779
42651 1 1581
42652 1 2519
42653 1 2753
42668 4 984
42676 3 1415
42769 1 8334
42869 1 992
43009 5 2498
43019 1 590
43022 1 798
43036 3 612
43226 2 837
43229 2 8025
43331 1 1364
43429 1 1731
43440 4 1860
43442 5 2510
43473 1 515
43476 1 2726
43477 1 22611
43490 1 1268
43492 1 1324
43524 3 932
43528 1 1054
43529 2 2195
43530 1 1721
43531 1 1419
43532 1 1790
43571 1 1045
43574 1 1063
43575 1 1608
43576 2 5522
43596 1 771
43649 13 4774
43659 2 1360
43717 1 976
43718 1 1052
43719 1 1105
43720 1 1093
43721 1 1135
43722 1 942
43739 4 1071
43763 1 2590
43767 1 502
43770 1 1254
43810 2 966
43816 1 523
44011 1 1934
44050 2 4928
44091 11 5768
44096 1 479
44097 1 470
44143 1 3570
44144 3 1388
44154 1 1236
44168 1 1371
44210 1 1542
44214 1 347
44272 1 375
44294 4 1110
44303 1 2027
44304 1 1936
44305 1 1936
44334 2 1214
44376 1 1032
44377 1 1880
44447 1 1998
44474 1 1141
44498 1 1049
44761 1 2510
44780 1 3261
44782 2 655
44842 1 592
44872 1 1054
44873 1 3136
44874 1 3594
44875 1 2970
44876 1 3240
44877 1 2904
44878 1 2602
44879 1 3172
44880 1 2983
44881 1 3374
44898 1 618
44918 2 2627
44925 1 3438
44962 1 1439
44972 1 1148
45178 1 378
45184 1 136
45189 1 6148
45255 2 323
45349 2 455
45350 3 693
45368 3 1076
45384 1 388
45388 1 1745
45581 2 8025
45615 1 933
45858 1 2087
45859 2 21421
45868 1 965
45875 1 1388
45884 2 1710
45890 1 1518
45904 3 932
45908 1 1320
45909 1 1106
45910 1 1479
45911 1 1361
45912 1 1084
45942 1 1251
45943 1 630
45944 1 825
45945 1 1539
45997 1 647
46071 2 1693
46112 1 1216
46146 1 874
46150 1 802
46152 1 907
46153 1 3988
46317 1 286
46318 1 2246
46338 1 1674
46354 2 818
46466 1 371
46505 1 6279
46512 1 4395
46544 1 2693
46552 1 9921
46595 1 625
46649 1 836
46661 1 5001
46678 1 1390
46687 1 1479
46694 3 3602
46707 2 1302
46726 1 1514
46730 1 1979
46749 1 6951
46750 1 978
46754 1 1931
46758 1 762
46762 1 774
46771 1 1801
46774 1 2182
46778 1 838
46816 1 445
46950 1 2171
46954 13 5186
46972 1 915
47030 1 496
47032 1 387
47126 8 692
47199 1 3686
47257 1 1521
47261 1 657
47308 1 1139
47369 1 791
47378 2 589
47398 7 5716
47444 1 3470
47445 1 2962
47446 1 2943
47447 1 3095
47448 1 3217
47449 1 2847
47468 1 987
47471 1 1640
47482 2 1551
47498 4 3543
47499 1 1307
47506 1 1955
47512 1 1268
47518 1 552
47522 1 1342
47538 2 4411
47550 1 1068
47551 1 1447
47552 1 1137
47559 2 11224
47562 1 1450
47745 3 773
47782 1 625
47790 1 1897
47910 1 1921
47919 2 665
47979 1 4184
47980 1 1153
48040 1 1021
48042 1 1229
48071 2 1208
48073 1 903
48112 1 1380
48144 1 943
48145 2 957
48146 1 954
48180 3 25164
48194 2 1229
48197 5 8238
48209 1 2047
48234 4 7467
48357 1 398
48362 2 5057
48366 1 1222
48382 1 3039
48383 1 1983
48413 1 3524
48414 2 3926
48415 1 950
48497 1 1231
48529 1 473
48551 1 6659
48565 1 702
48608 1 3133
48609 1 3196
48667 1 416
48696 1 647
48772 2 2396
48777 1 2052
48783 1 1440
48842 1 1231
48857 2 982
48960 2 2073
48964 1 689
48976 1 206
49017 2 1408
49030 1 1393
49051 2 3490
49055 1 1309
49061 2 1867
49062 2 1778
49063 1 1301
49098 1 464
49139 1 1280
49140 1 1377
49141 1 1639
49146 1 381
49147 1 719
49156 3 1148
49165 3 759
49167 1 1024
49173 1 10707
49174 3 9273
49175 4 9938
49217 1 938
49233 1 1231
49253 1 1284
49256 3 1312
49257 3 1855
49258 3 1049
49259 3 953
49260 3 1319
49261 3 1071
49282 13 4687
49306 1 527
49319 1 532
49331 4 1081
49340 1 2095
49341 8 2395
49342 1 921
49391 1 2970
49447 1 742
49459 3 3328
49552 3 1919
49610 1 566
49672 2 1575
49673 2 810
49677 1 991
49678 1 483
49683 1 761
49784 2 740
49885 1 1429
49900 1 481
49901 1 1363
49905 2 2350
49919 1 2203
49920 1 1231
49921 1 1842
49922 2 1533
49923 2 738
49932 1 1098
49939 1 1882
49940 1 1997
49965 1 2813
49966 1 2862
50044 1 999
50186 1 5705
50191 1 1276
50192 2 1934
50194 3 1013
50197 4 2113
50218 1 1089
50219 1 771
50223 2 6104
50250 1 395
50285 1 4950
50364 1 1047
50404 1 1746
50439 2 3976
50465 1 382
50466 1 192
50467 1 315
50468 1 237
50469 1 288
50470 1 357
50471 1 745
50472 1 597
50473 1 312
50474 1 452
50475 1 458
50528 1 614
50532 1 336
50539 8 725
50540 1 2734
50719 1 2143
50734 1 2167
50761 1 1045
50772 2 848
50777 2 1369
50804 1 902
50852 1 3288
50853 1 3547
50854 1 3003
50855 1 3129
50889 1 5625
50920 2 1937
50921 2 3926
50922 2 2085
50923 2 2197
50924 2 1807
50925 2 2062
50955 1 946
50966 1 8029
50990 15 2134
50999 3 500
51019 1 1182
51066 1 2595
51068 1 1394
51072 1 778
51147 1 3111
51148 1 2969
51149 1 3086
51150 1 2908
51151 1 2830
51194 2 2656
51195 2 2015
51211 1 1371
51213 1 934
51224 1 1011
51226 1 2481
51227 1 1328
51231 1 1305
51232 1 1471
51240 1 221
51326 1 2077
51346 1 398
51368 1 71
51375 1 558
51385 1 1887
51460 1 1604
51599 1 102
51602 1 951
51674 1 1066
51683 1 367
51688 2 4314
51699 1 1261
51752 1 1305
51753 1 183
51764 1 2864
51768 1 1070
51779 1 1487
51793 1 737
51800 1 1044
51816 3 4853
51891 1 6407
51892 1 4521
51899 3 12169
51923 1 286
51928 1 1289
51954 1 1366
51955 1 1040
51987 1 4909
51988 1 6522
51994 1 9298
52180 1 1192
52184 8 4601
52214 1 6634
52215 1 1222
52236 4 1423
52267 1 949
52279 1 1231
52352 1 587
52365 1 693
52373 4 1549
52396 1 4756
52406 1 4365
52410 1 1022
52415 1 2114
52423 3 1405
52424 1 1543
52440 1 6680
52442 2 1703
52452 1 375
52455 15 1525
52502 1 6875
52545 1 2822
52576 1 433
52577 1 391
52578 1 895
52579 1 1308
52581 1 514
52592 1 1343
52693 1 515
52694 2 407
52717 1 3076
52718 1 2980
52719 1 2978
52720 1 2878
52721 1 2968
52722 1 2934
52977 1 1736
52978 1 713
52986 1 1447
53010 1 1173
53015 1 1833
53016 1 1044
53017 1 1186
53018 1 2688
53019 1 1688
53020 1 2596
53021 1 1808
53022 1 990
53032 1 739
53049 1 913
53053 1 2577
53054 1 2664
53104 1 959
53142 1 754
53158 1 9225
53207 1 1218
53208 1 935
53242 1 4792
53244 1 2636
53247 1 904
53252 1 743
53308 1 2307
53359 1 2051
53430 1 48057
53465 1 618
53491 11 5993
53495 1 776
53538 1 2024
53557 1 2541
53640 1 1546
53682 1 1860
53729 1 783
53741 2 763
53761 1 1331
53769 1 2550
53776 1 2483
53777 2 3202
53778 1 4519
53782 1 1204
53848 1 64
53849 1 1071
53853 1 2874
53854 1 1693
53861 1 635
53897 1 1195
53898 1 1192
53899 1 1192
53900 1 1192
54112 3 491
54132 2 1427
54139 1 944
54144 3 2965
54255 2 1127
54303 1 197
54304 1 400
54305 1 318
54323 1 1293
54349 5 12411
54377 1 888
54380 1 618
54443 1 486
54470 1 2185
54474 1 489
54475 1 396
54513 1 694
54559 6 2260
54572 1 1067
54681 3 326
54924 1 714
54945 1 2058
54983 1 1045
55035 1 537
55065 1 3081
55066 1 3616
55067 1 3184
55068 1 3268
55069 1 2948
55070 1 2984
55071 1 3179
55072 1 3317
55073 1 3312
55078 1 1284
55096 1 1289
55116 1 1669
55118 2 4304
55126 1 3321
55138 1 482
55151 1 1332
55163 1 1097
55440 1 1255
55446 1 138
55497 1 4177
55501 11 2314
55515 1 1874
55529 2 309
55628 1 2339
55672 2 1335
56026 3 2074
56175 1 8425
56176 1 676
56181 2 1977
56182 1 926
56204 1 1621
56212 1 4266
56215 1 1081
56222 1 611
56225 1 1378
56266 1 1037
56469 1 731
56484 2 494
56485 2 889
56503 2 5900
56505 2 5118
56519 41 7799
56549 1 1195
56553 3 7598
56581 3 2134
56590 2 2070
56636 1 486
56704 1 1297
56707 1 1732
56717 1 2410
56802 1 8941
56818 1 435
56819 1 278
56892 1 120
56901 2 51
56904 1 1550
56980 1 306
57001 7 7758
57220 11 1104
57226 1 11510
57259 1 532
57273 2 1248
57380 1 3371
57381 1 2992
57382 1 3136
57383 1 3091
57384 1 3357
57385 1 2878
57386 1 2865
57387 1 2964
57388 1 3103
57393 1 1081
57406 2 758
57436 1 3484
57449 2 3288
57450 2 3346
57451 2 3058
57475 1 693
57476 1 1805
57514 4 1041
57518 1 3333
57523 1 1045
57535 1 1177
57655 1 843
57730 1 1998
57766 1 595
57776 1 574
57808 1 633
57817 1 4120
57818 1 3557
57819 1 2006
57820 1 3637
57821 1 4929
57823 1 833
57827 1 1465
57837 1 1247
57843 1 1480
57874 1 803
57892 1 1014
57893 1 876
57894 1 1008
57897 2 3276
57899 1 2146
57910 1 1801
57913 2 1261
57963 1 1707
57964 4 1922
58216 1 1715
58231 1 4145
58247 1 19391
58328 2 1060
58365 1 1275
58385 1 342
58410 1 724
58411 1 611
58412 1 528
58413 1 447
58414 1 155
58415 1 366
58483 1 711
58508 1 1384
58661 2 56
58676 1 1205
58756 1 680
58830 2 2010
58836 1 2335
58837 1 3342
58838 1 3151
58839 1 2933
58840 1 3131
58841 1 2975
58842 1 3299
58843 1 2916
58844 1 3246
58845 1 2901
58846 1 2959
58847 1 2073
58852 4 3464
58908 1 775
58928 2 493
58936 1 1464
59057 1 2210
59058 1 2211
59072 3 10092
59075 6 1168
59152 1 2763
59227 1 4022
59270 2 742
59347 3 9699
59348 1 10477
59349 4 8147
59355 1 891
59405 1 830
59452 1 1493
59453 1 5553
59454 1 2821
59455 1 2220
59459 1 1393
59461 1 385
59462 1 1879
59463 1 2182
59464 1 1707
59466 1 4209
59467 1 4546
59468 1 4334
59469 1 4789
59470 1 3154
59471 1 4583
59472 1 2189
59473 1 4291
59474 1 3565
59475 1 5201
59476 1 2145
59481 1 1817
59486 3 1273
59487 1 1447
59489 2 1634
59500 1 671
59502 1 2133
59516 1 1925
59528 1 1202
59561 2 4211
59564 3 1594
59566 2 766
59567 2 1069
59574 1 1852
59582 2 1698
59583 6 2857
59584 2 2273
59585 1 1481
59591 1 1374
59592 1 2574
59593 1 1584
59594 1 1660
59597 1 1676
59598 1 1721
59600 1 794
59618 1 1895
59619 1 3498
59620 1 2013
59621 1 2882
59625 1 914
59626 1 2003
59634 1 2585
59635 12 4384
59637 8 2484
59642 10 3464
59647 1 1537
59666 2 1637
59672 1 3130
59735 1 57
59777 10 6060
59808 1 1147
59813 4 1702
59820 1 1834
59821 1 1475
59843 1 6525
59874 1 4939
59876 1 657
59879 1 1719
59885 2 1086
59900 3 3360
59901 4 10800
59925 1 3361
59926 1 3221
59981 1 1693
60007 1 510
60008 1 762
60009 1 311
60010 1 767
60011 1 486
60012 1 394
60013 1 206
60018 7 2504
60019 2 5237
60038 1 3448
60158 1 1763
60173 1 2847
60188 5 229
60199 2 3044
60215 1 2296
60217 3 2172
60225 1 2094
60226 1 2054
60227 1 2086
60228 1 2197
60238 2 1338
60275 1 3073
60276 1 3089
60277 1 2988
60278 1 3357
60281 1 677
60301 13 767
60314 2 2506
60315 2 3263
60316 2 3178
60317 2 1935
60318 2 3852
60319 2 4138
60328 1 1340
60338 1 2635
60343 1 1358
60353 1 678
60354 1 837
60355 1 1074
60378 1 1208
60383 2 39
60419 1 2011
60429 1 5933
60506 1 4289
60507 1 4075
60508 1 699
60509 1 4010
60510 1 896
60524 1 765
60532 1 3124
60536 4 1572
60538 1 2351
60549 1 257
60557 1 1915
60580 1 237
60599 2 3625
60671 2 3451
60678 1 3884
60693 20 7521
60701 1 1999
60702 1 1966
60703 1 1672
60735 1 3139
60736 1 3344
60737 1 3128
60738 1 3062
60739 1 3026
60740 1 3274
60741 1 3011
60759 5 4854
60771 1 4604
60777 3 3095
60778 2 3600
60963 1 3508
60964 2 3850
60995 13 1034
61011 2 233
61016 1 1771
61020 1 13801
61047 2 1709
61166 1 3006
61169 3 3257
61186 9 14302
61187 16 15707
61188 2 29700
61199 2 1761
61202 1 539
61227 1 3378
61243 1 862
61245 1 1084
61246 2 1024
61259 1 1094
61265 1 186
61266 1 188
61269 8 8764
61283 1 234
61287 1 2272
61352 1 18809
61409 1 3387
61416 2 1659
61419 2 1002
61420 1 2042
61428 1 8357
61497 2 5567
61511 4 2320
61628 1 7244
61659 11 6067
61680 1 2168
61689 1 941
61692 1 1993
61696 1 1162
61701 2 1679
61737 1 537
61799 2 1049
61814 2 927
61820 2 5698
61821 1 3538
61822 1 5496
61823 1 3825
61824 1 4512
61825 1 2161
61826 1 3738
61827 1 4204
61828 1 2374
61829 1 3211
61830 1 2081
61831 2 1756
61832 1 2493
61833 1 7073
61834 1 2191
61836 2 807
61837 1 1035
61838 1 1648
61839 1 1782
61844 1 2020
61845 1 3591
61855 1 988
61856 1 2579
61857 1 1621
61863 1 887
61864 1 1251
61870 1 3147
61873 1 756
61889 2 1761
61890 3 2025
61891 1 987
61918 2 644
61944 1 875
62011 2 1430
62109 2 4903
62119 1 4116
62152 1 2461
62187 6 9768
62191 1 3053
62243 4 3964
62251 1 542
62272 1 1274
62300 1 784
62319 2 2313
62351 1 1347
62399 1 278
62415 1 646
62417 3 11638
62432 2 5539
62436 1 781
62499 1 3759
62588 1 8596
62596 1 2402
62622 1 874
62723 1 3363
62724 1 3090
62725 1 3245
62726 1 2992
62727 1 3232
62728 1 3125
62729 1 2162
62730 1 2960
62731 1 2944
62732 1 2989
62746 6 133
62766 1 8596
62767 1 14162
62768 1 9553
62782 3 1115
62789 2 3394
62850 2 849
62852 1 1986
62875 1 467
62892 1 1071
62930 1 2244
62981 1 2414
62987 1 1559
63058 11 1372
63094 2 985
63145 1 490
63146 1 1124
63162 3 1516
63174 1 1111
63182 2 1489
63183 2 1780
63184 1 2633
63210 1 456
63216 1 3807
63245 1 991
63250 1 923
63268 1 944
63462 2 3556
63501 2 1200
63570 1 477
63602 1 1204
63656 1 6872
63704 1 493
63799 1 536
63969 1 2173
63970 1 4043
63973 1 2472
63978 2 1445
63979 1 933
64020 1 1412
64023 1 1042
64025 1 481
64033 1 1242
64086 1 1979
64303 1 816
64311 2 4060
64322 1 1022
64326 2 1704
64375 2 514
64466 1 748
64516 1 239
64517 1 871
64573 1 751
64574 1 658
64647 7 7320
64666 1 1098
65005 1 3081
65006 1 3064
65007 1 3159
65008 1 3012
65009 1 3343
65010 1 2912
65057 2 1925
65071 1 1082
65083 1 1451
65129 4 15643
65265 1 5510
65353 1 1202
65417 1 408
65418 1 309
65481 1 1071
65524 1 1206
65542 1 284
65543 1 364
65544 1 259
65546 1 1217
65556 1 2099
65621 1 360
65724 1 1237
65788 5 959
65794 1 999
65807 2 1381
65870 1 732
65872 1 5814
65883 1 3190
65884 1 2980
65885 1 3324
65886 1 3075
65907 2 1300
65929 2 774
65932 1 905
65969 1 1157
65978 1 3467
65979 1 4694
65980 6 4583
65990 1 4364
66008 1 1142
66018 1 1246
66115 1 517
66118 1 6182
66124 1 1563
66126 2 1464
66225 1 658
66247 2 841
66253 2 2409
66380 1 9761
66415 1 6038
66440 2 373
66482 1 2199
66513 1 579
66520 1 611
66529 1 1423
66546 2 509
66564 1 2309
66565 1 1348
66566 1 1220
66567 1 1232
66568 1 1368
66569 1 1234
66570 1 2510
66608 7 419
66621 1 134
66622 1 1633
66623 1 1360
66684 1 1462
66686 2 1271
66708 5 1409
66719 2 2207
66768 1 1929
66789 1 1034
66834 2 614
66835 2 845
66837 1 1559
66945 1 178
66947 5 18231
66985 3 401
66992 2 1910
67027 1 2379
67028 1 2731
67029 1 2546
67030 1 306
67031 7 5324
67032 7 5505
67045 1 805
67093 1 720
67104 1 1228
67262 1 994
67278 6 982
67286 2 1904
67326 1 2402
67327 12 1861
67329 1 2207
67343 1 170
67345 1 1856
67401 1 1996
67402 1 736
67403 1 3316
67415 1 10077
67420 1 2247
67421 1 1526
67445 3 1377
67446 2 1396
67447 2 589
67448 2 1443
67449 2 1320
67493 1 746
67495 1 1466
67496 1 1960
67497 1 1082
67498 1 1107
67499 1 1293
67500 1 1244
67501 1 1463
67502 1 2163
67503 1 1092
67504 1 1365
67505 1 1399
67506 1 1322
67507 1 1072
67508 1 1345
67510 1 1379
67511 1 1130
67512 1 1455
67513 1 1744
67514 1 1549
67515 1 664
67519 1 10460
67579 1 1444
67580 1 910
67588 1 2174
67637 1 4061
67639 1 914
67661 1 952
67678 1 2911
67711 2 1600
67724 2 650
67800 1 1378
67801 1 1053
67802 1 310
67803 1 932
67844 1 2522
67850 1 650
67858 1 1482
67869 1 1785
67898 1 1778
67922 2 1263
68026 1 1767
68053 1 1448
68073 4 3133
68091 1 10665
68092 1 8126
68112 1 733
68124 2 2400
68190 1 1318
68207 2 464
68210 2 1864
68214 1 456
68260 1 1973
68271 1 653
68275 1 592
68282 1 1506
68283 1 875
68307 1 1697
68330 7 8380
68334 1 2381
68344 1 6836
68347 1 788
68375 1 1502
68378 1 1880
68383 1 1172
68446 2 3669
68677 4 810
68685 1 1022
68697 4 1133
68756 1 2028
68763 1 591
68816 1 1558
68883 1 472
68902 1 773
69344 9 1670
69355 18 1142
69423 1 1278
69430 1 2889
69431 1 3095
69432 1 3080
69433 1 2935
69434 1 3213
69435 1 3178
69483 2 3191
69498 1 1144
69505 1 876
69523 1 630
69528 1 1563
69538 1 1049
69717 1 4915
69724 2 917
69725 2 1479
69825 1 2564
69886 1 2262
69893 1 1325
70169 2 8025
70223 2 2061
70227 1 1812
70249 1 743
70276 1 1117
70277 1 1393
70279 2 12383
70282 1 3028
70290 4 2102
70315 1 540
70334 3 932
70338 1 1452
70339 1 1475
70340 1 1983
70341 1 2434
70342 1 1205
70379 1 1981
70415 1 2495
70430 1 1501
70525 8 723
70539 1 473
70603 2 934
70604 2 818
70704 3 1573
70841 1 8361
70886 1 959
70929 1 6834
70991 1 2170
70993 11 5847
71043 1 4249
71078 1 9605
71103 1 804
71143 1 1298
71161 1 610
71165 2 840
71172 1 1858
71287 1 180
71315 1 6723
71323 1 3523
71332 1 1266
71336 2 1531
71342 2 1785
71344 1 805
71345 1 1079
71352 1 1829
71381 1 151
71473 1 58
71505 1 1058
71525 2 1462
71543 1 2407
71547 1 4635
71571 2 1589
71634 1 2564
71735 2 881
71741 1 669
71819 2 307
71838 1 910
71843 2 615
71883 1 600
71891 1 693
72048 1 5014
72093 1 927
72096 1 1559
72106 1 1024
72118 2 1417
72120 2 1437
72121 2 1320
72156 1 1534
72167 1 644
72178 1 855
72201 5 5125
72224 1 743
72247 1 1555
72263 1 563
72274 2 1293
72279 3 1454
72283 1 1448
72350 1 570
72351 1 1344
72352 1 873
72353 2 1879
72358 1 1752
72367 1 485
72390 1 1313
72392 2 352
72393 1 834
72394 1 753
72456 1 792
72457 1 831
72458 1 720
72550 1 1699
72560 2 1232
72575 1 929
72585 2 1118
72588 3 1618
72655 1 792
72699 1 421
72708 2 1418
72713 2 2218
72714 1 1957
72727 1 867
72766 2 1339
72767 1 788
72803 1 813
72804 1 556
72805 1 684
72822 1 1397
72824 1 1931
72825 1 4050
72826 1 1996
72827 1 7031
72828 1 2935
72829 1 4528
72830 1 3747
72831 1 6567
72832 1 3890
72833 1 2038
72834 1 2774
72835 1 2083
72836 2 2346
72837 1 3948
72838 1 1838
72839 1 2764
72843 1 2753
72844 1 1589
72845 1 2164
72852 1 1113
72869 1 902
72870 1 1077
72871 1 828
72873 1 3122
72879 1 7089
72885 1 1376
72888 1 1768
72889 1 1741
72890 1 691
72895 1 1688
72897 5 3666
72908 1 810
72948 2 1879
72961 3 1521
73004 1 1253
73017 1 798
73076 1 376
73095 1 3401
73105 1 1321
73152 1 481
73257 1 992
73335 1 627
73356 1 748
73385 1 293
73396 1 1365
73414 1 386
73420 1 2204
73503 6 541
73571 2 3969
73574 2 8025
73935 1 1293
73945 2 10857
73949 2 3890
73952 1 1586
73988 1 2775
73991 1 1562
74006 1 1133
74007 1 1201
74008 1 1811
74009 1 1857
74010 1 1216
74011 1 1947
74012 1 1048
74013 1 773
74014 1 2062
74035 1 431
74053 1 2613
74056 1 1960
74058 1 672
74066 1 1093
74099 1 442
74114 2 3421
74120 1 2512
74260 1 945
74261 1 1079
74262 1 1107
74298 1 2423
74351 1 1240
74352 1 1409
74373 2 1982
74395 1 905
74397 1 634
74405 1 1483
74567 2 1654
74581 1 1084
74618 1 592
74766 11 6523
74767 11 5811
74799 1 1061
74803 2 6144
74813 1 5631
74858 1 1001
74866 1 1680
74887 1 7880
75124 1 2419
75169 1 9895
75202 1 3010
75203 1 2977
75204 1 3081
75205 1 3189
75206 1 2994
75207 1 2937
75208 1 3202
75209 1 2934
75210 1 3198
75250 2 1780
75468 1 1247
75469 2 1046
75470 2 204
75483 1 882
75490 2 2840
75530 1 2216
75534 2 9607
75556 1 1021
75611 1 293
75919 1 1340
75933 2 1628
75963 2 2775
75969 1 5873
76005 1 1341
76006 1 1171
76007 1 868
76045 1 1232
76046 1 1623
76047 2 1489
76109 1 1242
76174 1 20998
76202 1 1263
76203 1 1000
76205 2 3668
76225 3 890
76298 1 1324
76367 1 1133
76421 1 865
76460 11 6070
76495 1 3655
76508 1 2897
76676 11 6037
76677 11 5739
76713 1 568
76755 1 5294
76756 1 4633
76881 4 2393
76917 1 2139
76918 1 1833
76919 1 1352
76926 1 956
76972 2 799
77060 1 4150
77073 1 1322
77074 1 1362
77076 1 3304
77082 1 5693
77083 1 3037
77084 1 2028
77085 1 2310
77086 1 5533
77091 1 1850
77099 1 852
77103 1 1287
77104 1 249
77109 1 806
77126 2 1012
77136 1 3236
77138 1 679
77139 1 7313
77140 1 1726
77145 1 1172
77161 1 812
77248 1 1903
77249 1 3213
77420 1 816
77450 1 5940
77457 2 551
77473 1 3580
77560 1 603
77561 1 488
77562 1 341
77563 1 320
77564 1 312
77565 1 570
77566 1 634
77567 1 208
77568 1 228
77569 1 592
77570 2 929
77571 1 193
77672 1 434
77874 1 3196
77875 1 3223
77876 1 3309
77877 1 3129
77878 1 3028
77879 1 2977
77880 1 3027
77881 1 2924
77886 1 496
77908 2 2693
77913 2 1380
77918 1 948
77942 1 3229
77943 1 1110
