remix remix 3587 65215343 
34 7 1511
35 2 653
154 2 314
175 17 818
178 3 842
179 1 822
180 8 823
373 7 1409
392 1 721
415 1 2105
597 1 541
691 1 417
748 1 1209
786 4 307
793 2 239
798 1 123
801 1 773
851 6 282
1070 2 592
1079 7 445
1118 5 2305
1127 3 889
1163 4 1777
1201 3 342
1322 1 523
1335 1 803
1339 2 619
1363 1 1368
1394 3 1190
1426 1 1867
1555 6 655
2350 2 692
2357 7 485
2666 6 6601
2676 1 477
2702 1 542
2709 1 1588
2770 1 658
2818 1 1636
2977 1 233
3007 6 909
3030 16 997
3037 2 1774
3038 3 1345
3039 3 1046
3080 1 411
3125 2 695
3135 1 703
3273 1 1487
3299 1 1600
3347 1 335
3366 1 313
3407 1 801
3470 2 486
3505 1 490
3539 1 1721
3592 2 916
3647 4 491
3648 3 312
3789 1 450
3800 1 1260
3808 2 2032
3839 1 390
4062 7 526
4120 1 239
4267 2 330
4347 1 166
4380 1 1204
4484 3 393
4485 25 2100
4494 1 303
4582 4 1235
4588 4 782
4589 1 716
4667 1 3501
4726 4 2646
4788 1 1060
4859 1 961
5149 1 1132
5203 4 711
5209 1 878
5385 2 679
5418 2 1906
5448 1 251
5470 2 917
5472 2 908
5473 4 1107
5474 4 941
5475 2 642
5477 2 1400
5478 2 526
5481 3 510
5483 1 512
5484 6 921
5518 27 2428
5839 1 928
5875 1 239
5990 1 750
5995 1 1761
6341 1 549
6557 1 1488
6558 2 2607
6583 1 7454
6821 1 470
6953 1 633
6980 1 491
7028 3 1722
7029 3 1173
7031 3 1107
7032 3 1787
7033 3 1085
7034 3 864
7421 2 979
7564 1 496
7709 1 2370
8233 2 118
8395 4 1291
8421 5 1142
8509 1 551
8528 3 654
8529 2 661
8531 2 745
8595 2 691
8612 3 497
8689 1 136
8880 2 859
8882 1 1066
8883 2 928
8884 6 1640
8885 2 1388
8895 4 643
8937 1 1958
8938 2 1527
8963 1 1411
8970 2 832
9142 5 523
9144 1 1064
9167 1 1639
9198 4 1104
9404 1 240
9405 5 411
9406 2 1257
9421 1 508
9443 2 708
9466 34 2176
9467 89 4306
9503 1 6051
9515 1 354
9570 1 518
9581 2 2040
9638 2 310
9706 3 554
9707 3 554
9834 1 231
9837 2 1313
9937 1 579
9999 1 703
10020 3 922
10021 5 274
10113 1 367
10221 1 727
10323 1 22
10348 3 273
10427 20 2746
10428 2 665
10430 4 713
10494 2 832
10906 1 7912
10931 1 1408
10982 3 536
10996 1 1633
11303 12 1172
11380 1 579
11457 1 545
11461 1 706
11492 1 7197
11494 4 274
11643 1 361
11955 1 1189
12143 1 308
12151 1 821
12160 2 790
12214 1 408
12293 2 1151
12321 1 704
12326 1 4527
12400 5 690
12414 5 1226
12512 5 855
12609 1 1268
12629 3 2039
12637 1 1065
12645 1 564
12821 2 1412
12863 1 1161
12888 6 339
12907 1 2394
12941 5 587
13151 1 953
13215 1 947
13252 2 1333
13257 1 353
13370 3 327
13427 1 2521
13431 1 613
13432 1 875
13492 3 404
13536 7 1435
13537 6 294
13686 1 343
13913 1 522
13914 3 997
13932 3 2151
13933 5 1767
13981 4 708
14027 3 350
14040 13 1390
14041 1 750
14077 2 774
14079 3 168
14099 3 1426
14179 5 2772
14181 1 1012
14297 1 820
14321 3 411
14382 1 662
14415 1 1577
14509 1 555
14523 1 48
14649 1 3074
14650 1 1209
14881 3 2726
15000 1 677
15074 1 355
15226 1 688
15228 1 540
15235 2 561
15272 1 573
15282 3 400
15507 1 331
15592 2 849
15745 1 276
15810 1 4391
15881 1 7036
15929 5 398
15943 1 537
16083 1 468
16087 1 433
16213 1 1047
16214 1 1149
16215 1 821
16371 7 727
16514 1 365
16572 2 448
16654 1 933
16655 5 808
16774 5 1246
16811 1 110
16895 1 1762
17034 3 185
17064 2 763
17066 1 1101
17142 2 707
17260 1 1596
17261 1 4916
17262 1 3246
17263 1 1393
17297 1 1229
17449 1 1065
17460 3 608
17477 1 375
17633 1 453
17664 1 328
17682 4 1732
17683 3 2520
17684 2 2134
17829 3 1062
17830 2 1229
17832 2 594
17852 5 1403
17911 3 689
17912 3 693
18225 1 843
18325 16 1711
18392 1 754
18396 1 12783
18666 1 430
18773 1 1318
19808 1 2160
19820 1 856
19951 1 677
19969 41 2159
20149 3 715
20150 5 682
20229 3 391
20230 8 455
20328 9 1034
20333 3 744
20334 1 581
20335 10 1141
20337 5 916
20339 2 1011
20343 2 714
20344 5 863
20349 3 1728
20350 12 1183
20356 10 1129
20365 11 1261
20583 1 1743
20604 1 235
20659 1 132
20693 2 760
20718 1 1829
21050 2 1359
21302 3 670
21375 4 565
21431 1 492
21557 1 543
21654 1 1605
21728 1 1259
21743 15 448
21770 2 4733
21821 1 2616
21865 1 2056
21929 2 655
22039 3 521
22125 3 1410
22191 1 1914
22505 3 899
22547 1 5064
22875 2 276
22935 1 1648
22941 1 11549
23026 1 625
23131 2 661
23378 2 973
23385 4 748
23420 2 1191
23675 1 1065
23751 1 1862
23764 4 420
23771 3 1389
23779 1 825
23895 1 226
23896 1 3005
23979 1 726
24113 8 308
24179 1 482
24180 1 545
24229 3 631
24556 1 2926
24557 1 994
24558 1 623
24590 2 4782
24668 1 6702
24724 1 777
24728 1 2573
24729 1 2591
24763 1 277
24780 13 1382
24850 3 697
24871 14 376
25017 8 816
25112 4 875
25113 2 819
25151 1 321
25176 1 441
25250 1 1859
25251 1 1958
25289 1 618
25290 5 1547
25293 3 562
25294 12 1378
25296 3 566
25308 3 600
25326 1 271
25380 1 931
25400 1 239
25728 1 5705
25805 2 248
25812 5 548
25822 1 694
26073 1 874
26161 21 14248
26305 1 1140
26380 3 698
26406 1 1079
26537 1 348
26663 1 1859
26807 1 1054
26893 2 2171
27151 1 659
27300 11 2411
27413 1 1577
27862 1 8511
27863 6 977
27864 6 977
27979 2 730
27981 5 678
28014 1 58
28240 2 1341
28242 2 871
28243 14 1304
28273 1 526
28276 1 299
28295 1 476
28311 1 734
28417 1 439
28445 6 429
28466 1 10312
28467 1 8583
28468 1 8583
28469 1 8615
28470 6 977
28978 1 1473
29020 6 1013
29021 7 1122
29026 1 900
29028 12 1337
29029 2 981
29031 15 1192
29033 10 1701
29111 2 572
29199 19 1213
29601 3 707
29619 1 1879
29709 1 1886
29813 1 1004
29851 46 1758
30081 2 1275
30718 6 740
30719 3 701
30778 1 614
31017 5 781
31040 2 1514
31041 2 1280
31081 1 545
31130 2 793
31377 10 507
31435 2 1144
31490 2 827
31498 6 355
31632 1 1179
31648 2 413
31649 1 805
31723 1 9877
31890 3 1127
31891 1 499
31893 10 981
31894 2 1015
31895 10 538
31897 1 819
31898 4 1326
31901 3 567
31906 2 890
31913 4 1930
31914 2 906
31950 8 668
31976 7 1282
32352 1 1388
32472 2 1402
32481 4 965
32653 1 5663
32659 3 1206
33169 1 721
33207 2 783
33213 4 721
33243 3 944
33601 1 995
33613 1 697
33711 2 830
33941 5 446
34047 1 1237
34115 1 1103
34122 1 461
34223 1 1760
34250 1 1738
34490 1 1136
34542 1 502
34700 1 611
34738 1 303
34746 1 1014
34819 2 2388
34855 4 395
34890 10 1453
34909 1 563
35042 2 118
35121 1 154
35143 1 546
35291 1 402
35343 1 1162
35353 1 963
35357 1 345
35685 2 780
35771 1 5813
35846 2 1532
35854 1 1371
35867 1 601
35879 2 407
36070 1 550
36071 1 327
36128 1 1319
36188 1 47
36216 1 962
36380 3 926
36408 1 763
36409 1 1169
36410 1 1169
36411 6 950
36412 2 969
36413 2 969
36416 2 1685
36713 1 851
36945 9 21910
36963 1 916
37068 1 1051
37102 2 1529
37213 1 612
37218 4 150
37507 4 273
37508 3 860
37551 1 867
37560 1 337
37676 1 747
37694 23 3082
37704 1 472
37858 5 698
37928 1 3618
38064 3 177
38087 1 1289
38162 1 7201
38189 2 3745
38199 1 2577
38256 8 353
38313 6 284
38320 3 422
38338 3 463
38418 2 1491
38510 3 1907
38525 7 467
38574 5 2305
38627 7 1433
38628 3 1814
38683 3 310
38780 1 918
38793 1 1377
38795 3 762
38806 2 730
38876 1 474
39005 9 620
39108 9 485
39112 1 528
39239 1 819
39421 2 702
39494 1 867
39587 1 384
39767 1 322
39945 3 842
39966 1 577
40098 9 1634
40099 22 1540
40106 2 1533
40155 15 849
40248 5 986
40355 1 445
40443 2 1853
40542 2 1292
40661 1 212
40720 2 1380
40768 5 619
40948 1 498
41183 1 4967
41184 1 7879
41248 1 533
41268 3 629
41286 3 632
41287 1 316
41532 1 4045
41682 1 2132
41688 1 1836
42038 1 409
42259 1 570
42345 1 323
42346 1 788
42504 17 876
42505 1 1014
42550 2 2066
42682 1 3838
42776 4 1111
42846 1 1285
42960 1 7453
43013 4 554
43088 6 407
43093 5 440
43270 1 256
43459 2 528
43782 1 418
43828 1 26
43861 8 1888
43950 6 525
44141 2 134
44324 7 1220
44646 1 56
44744 1 238
44767 4 382
44791 16 1689
44792 46 3157
44959 5 615
45068 6 513
45234 1 1222
45261 1 7633
45327 8 517
45399 6 372
45405 1 579
45853 1 610
45972 7 1715
45985 2 689
46008 1 1836
46325 2 484
46406 1 27
46502 1 1023
46533 1 368
46641 1 605
46688 1 618
46791 1 889
46900 1 728
46910 3 1422
47016 1 25
47166 11 1017
47167 6 470
47168 2 652
47171 1 633
47172 4 758
47380 1 727
47420 1 1161
47545 1 1640
47687 1 459
47748 1 6961
47749 1 7411
47850 3 519
47851 6 388
47861 1 1318
47925 1 1584
47985 1 1731
48027 2 716
48149 1 949
48189 1 336
48347 1 783
48348 1 980
48349 1 791
48350 1 743
48432 6 747
48434 1 1143
48466 1 528
48475 1 4416
48510 21 1499
48512 17 1124
48513 1 726
48605 1 288
48632 1 3473
48826 1 238
48827 1 238
48853 2 287
48922 1 2935
49192 1 853
49375 5 11530
49490 1 834
49696 2 2912
49698 4 1736
49699 1 561
49743 6 700
49799 1 1576
49870 2 1382
49871 2 763
49876 1 1037
49957 1 375
49979 3 393
50224 1 612
50427 3 702
50441 2 1469
50492 1 3702
50527 1 1391
50599 4 5431
50825 3 592
50885 1 615
50928 1 384
50934 3 433
51215 2 531
51259 1 586
51489 3 287
51495 7 928
51557 1 319
51678 2 402
51679 4 867
51773 1 166
51796 4 1282
52006 64 2497
52027 1 545
52188 5 1096
52481 3 272
52622 2 538
52623 1 458
52627 2 1261
52628 4 1306
52629 2 1444
52726 1 307
52788 1 696
52960 2 685
52968 1 814
53014 10 1208
53047 16 1702
53111 1 3883
53134 2 656
53140 2 4214
53271 5 309
53479 2 1784
53489 2 624
53542 2 401
53712 1 539
53754 4 439
53764 1 660
53870 1 410
53888 1 5712
53890 1 3997
53891 1 3993
53892 1 3994
53893 1 4170
53894 1 4154
53895 1 1788
53896 1 1788
53897 1 1195
53898 1 1192
53899 1 1192
53900 1 1192
53901 1 1141
53902 1 1141
53903 1 1141
53904 1 1250
53905 1 411
53906 1 395
54121 1 1116
54188 2 475
54332 25 2659
54333 1 1417
54339 1 706
54348 1 522
54517 1 514
54521 10 1605
54524 2 993
54525 1 1307
54527 2 1295
54529 11 916
54533 4 720
54534 4 1649
54535 3 873
54536 4 1001
54544 1 689
54586 1 1015
54616 1 1314
54900 1 991
54919 1 237
54920 1 237
54966 7 6126
54992 11 722
55150 2 441
55498 1 5155
55536 1 49965
55537 1 7693
55538 1 7491
55681 1 940
56150 6 192
56505 1 5118
56591 1 1805
56670 1 234
56802 1 8941
56854 5 965
56864 18 1163
56865 2 1045
56866 11 1626
56868 4 485
56873 2 962
56876 4 1055
56877 29 1601
56910 1 265
57098 1 50
57215 1 843
57237 1 233
57275 1 439
57299 7 1272
57349 1 277
57350 1 838
57419 3 757
57471 1 1255
57662 4 1009
57666 2 1813
57721 5 690
57728 1 3152
57811 1 280
57929 6 435
57934 4 372
57942 3 513
57948 1 5712
57949 1 5712
57950 1 10362
57951 1 10312
57952 1 8583
57953 1 8583
57954 1 4003
57955 1 4158
57956 1 4158
57957 1 1797
57958 1 1788
57959 1 413
57975 1 247
58332 2 319
58445 7 1394
58448 1 1131
58449 4 967
58451 1 1894
58454 1 504
58459 16 1051
58463 3 563
58479 2 963
58806 1 371
58930 1 1881
59305 2 1145
59442 1 1743
59599 1 1077
59779 3 670
59780 4 668
59801 1 1104
59975 3 1343
59976 3 732
59984 4 2885
60038 1 3448
60040 3 5727
60053 15 1816
60054 7 1227
60056 2 531
60057 2 489
60079 4 1270
60150 1 701
60172 1 1266
60197 5 446
60205 2 513
60234 3 909
60235 1 821
60236 1 760
60300 1 1826
60407 5 486
60562 2 2105
60563 1 714
60593 2 637
60682 3 472
60683 1 238
60684 1 238
60764 1 32
60855 1 1401
60862 2 4275
60916 1 362
60963 1 3508
61017 2 2099
61049 1 243
61067 4 651
61080 2 238
61194 1 1390
61195 1 1379
61196 1 1748
61255 1 4815
61444 1 1534
61462 1 568
61508 3 1333
61810 8 890
61870 1 3147
61892 6 3071
61967 1 548
61970 2 694
61974 1 699
62004 1 2886
62009 5 1118
62024 1 444
62136 4 1682
62338 2 300
62367 2 883
62369 2 1325
62372 2 625
62373 1 508
62436 1 781
62692 1 1474
62790 1 519
62960 7 636
63197 1 7220
63399 57 4652
63521 1 1186
63568 1 1949
63613 1 408
63634 1 5269
63724 1 583
63725 1 591
63884 5 3456
63891 4 1095
63900 2 979
63912 1 601
63938 5 2930
63955 1 1233
64063 1 1177
64064 1 1174
64065 1 1174
64066 2 1206
64067 2 1210
64068 2 1224
64070 1 1259
64072 1 1416
64073 1 763
64074 1 1141
64075 1 1250
64076 1 1250
64077 5 1341
64078 5 1341
64079 5 1341
64414 2 806
64544 1 460
64547 2 510
64548 4 778
64551 1 489
64552 1 631
64553 1 873
64555 4 827
64556 7 958
64610 1 1012
64986 1 609
65105 1 718
65120 2 2332
65249 3 541
65566 3 565
65568 3 1157
65571 1 628
65572 1 451
65617 1 1340
65618 2 1810
65647 3 805
65659 1 223
65690 1 1167
65708 1 335
65796 4 347
65812 21 832
65813 1 1982
65829 2 1093
65838 1 1936
65847 1 859
65880 1 1390
65944 1 4400
65976 1 2618
66095 1 602
66100 1 430
66101 1 742
66156 34 2338
66189 1 7316
66297 2 720
66321 1 691
66490 1 754
66722 3 276701
66875 1 578
66878 2 750
66884 6 3426
66973 4 1116
67002 1 6563
67047 2 2295
67048 1 1998
67049 1 617
67108 3 742
67188 1 519
67248 3 491
67249 1 476
67347 1 1319
67373 1 883
67381 1 586
67382 1 623
67383 1 631
67384 1 550
67385 1 531
67386 1 598
67398 1 728
67439 1 900
67440 1 831
67441 1 902
67442 1 716
67486 1 938
67525 3 442
67622 1 384
67789 2 1357
67859 1 1130
67873 1 326
67934 1 1831
67962 1 841
68013 3 196
68054 3 542
68060 1 1384
68253 1 687
68305 2 3491
68373 1 267
68399 1 1174
68400 1 1167
68401 2 1206
68402 1 1259
68403 1 1259
68404 1 1415
68405 1 1416
68407 1 763
68408 1 769
68409 1 1250
68410 5 1341
68411 1 1167
68412 1 1167
68413 6 973
68414 6 973
68415 6 973
68416 2 969
68417 2 969
68418 2 969
68643 1 572
68654 2 699
68732 1 3543
68755 1 934
68876 1 1494
68888 1 543
68898 1 907
68904 1 1018
68941 2 641
68942 6 638
68944 2 1017
68945 2 727
68946 1 548
68948 1 1019
68949 1 540
69033 2 718
69064 3 1196
69070 2 741
69354 1 801
69484 1 684
69548 7 1818
69842 1 886
69848 1 372
69849 1 422
69898 1 1027
69913 1 7379
69914 1 7296
69990 1 3720
70102 4 108
70181 1 308
70210 4 5060
70271 1 623
70420 1 452
70431 2 2476
70534 2 5509
70632 6 1096
71017 1 298
71060 11 2450
71204 1 82
71267 2 269
71276 1 2862
71310 10 845
71556 3 1415
71726 1 906
71860 2 1550
71862 2 581
71863 2 1159
71866 4 1152
71869 1 529
71871 4 1232
71872 2 529
71873 2 1004
71986 2 445
72004 7 8626
72271 1 1759
72272 1 1892
72276 2 1201
72328 4 671
72412 1 14176
72421 2 693
72462 1 26
72484 8 1254
72485 6 565
72506 1 672
72573 7 1791
72661 1 613
72691 13 1208
72790 1 693
73047 1 694
73115 2 2759
73174 1 680
73182 1 1485
73193 2 1571
73276 1 7711
73372 1 662
73643 1 261
73884 1 569
74039 1 393
74040 1 732
74582 7 602
74743 1 1598
74744 2 746
74745 4 1846
74806 2 5040
74852 2 792
75111 3 2479
75126 1 238
75135 1 363
75138 1 689
75295 1 2546
75401 1 1247
75522 2 555
75526 3 1968
75610 2 2134
75770 1 248
75817 1 806
75842 2 761
75847 2 448
75981 1 637
75984 1 373
76007 1 868
76113 2 243
76141 6 326
76167 5 846
76321 4 546
76348 5 602
76388 1 334
76392 6 909
76446 2 1112
76735 1 1120
76762 1 7340
76773 1 2532
76780 1 5196
76912 1 821
76953 2 1414
76965 5 311
76966 1 632
77048 3 1229
77065 1 571
77103 1 1287
77186 1 1060
77221 2 973
77222 5 1336
77374 6 244
77435 2 804
77448 2 1098
77478 1 186
77592 2 492
77594 15 871
77595 2 1498
77597 4 1016
77601 1 560
77602 1 616
77604 3 540
77621 13 1859
77622 43 1784
77623 2 95
77668 1 373
77805 3 2119
77835 12 857
77836 3 808
77848 1 466
77864 1 749
78091 1 29
