herb herb 1631 65215343 
33 1 274
120 1 4128
256 2 8243
258 11 56657
268 2 901
427 1 907
430 1 3354
467 1 1380
482 3 1039
556 1 3813
792 2 1601
863 1 1185
872 1 1329
1085 3 5635
1433 1 1522
1573 9 2363
1802 1 10218
1905 1 597
2033 2 1127
2108 1 617
2116 1 701
2121 10 4211
2375 1 3907
2441 1 7506
2504 1 5375
2580 1 1032
2589 2 691
2650 8 440
2694 14 1346
2727 1 4008
2771 1 3216
2984 1 853
3109 1 3299
3202 1 6501
3302 1 4954
3482 1 3281
4023 1 926
4081 3 2482
4194 1 531
4284 2 571
4580 1 543
4690 2 532
4693 10 461
4726 2 2646
4804 1 804
5195 1 1844
5314 1 1103
5499 15 44062
5842 2 1750
6057 1 1652
6306 2 3001
6361 1 4951
6364 3 7210
6449 1 535
7060 1 3208
7134 2 1943
7477 1 151
7647 1 1890
7783 2 2144
7884 1 1076
7948 1 2839
8089 382 20930
8239 2 624
8823 4 468
8850 1 3830
8890 1 5449
8913 1 12589
8974 1 1453
9073 1 1275
9106 2 1688
9134 1 337
9205 5 2860
9289 1 1772
9339 1 2490
9613 1 1310
9668 2 1757
9881 27 693
9982 1 1822
10036 1 3455
10069 2 906
10104 1 780
10143 1 340
10652 1 3224
10665 1 3903
11080 1 852
11245 2 1612
11269 1 1254
11288 1 9962
11639 1 1335
11859 2 4320
11863 1 1940
11958 1 1894
12174 1 961
12192 1 510
12222 2 2012
12243 2 1176
12601 2 3000
12638 1 6177
12814 4 46677
12832 3 1318
13083 1 3119
13356 1 1677
13369 5 435
13556 3 2449
13684 1 12301
13841 2 4015
13942 1 1276
13994 4 844
14048 1 527
14105 2 9306
14126 2 990
14317 1 568
14319 3 1202
14320 1 646
14444 3 1070
14986 1 914
15099 3 5771
15301 2 5730
15302 2 1004
15492 1 680
15576 1 2773
15734 1 2035
15735 1 2037
15860 1 3929
15949 2 349
16017 1 755
16030 2 422
16043 2 726
16126 1 2272
16139 6 861
16204 1 3527
16362 1 1214
16440 1 1049
16480 1 1705
16490 1 4549
16491 1 6610
16719 3 3541
16829 8 1094
16958 1 5800
16997 1 2630
17164 5 1069
17262 2 3246
17271 10 370
17313 1 699
17573 2 1355
17762 1 700
17784 1 1003
17999 2 500
18031 1 2951
18317 2 2463
18396 1 12783
18571 1 542
18580 1 811
18635 1 423
18849 1 2585
19091 2 1544
19112 1 251
19545 1 9624
19558 1 5943
19625 1 1321
19838 1 1452
20255 1 970
20422 2 12210
20425 1 3934
20653 2 6960
20748 1 900
20924 1 1135
21192 1 703
21251 2 1022
21328 3 2276
21329 2 1062
21362 1 2634
21648 4 6487
21816 2 575
21916 1 916
21969 2 4332
22091 1 569
22447 1 821
22527 1 2945
22547 7 5064
22927 2 2118
22973 1 1006
23033 1 1939
23149 2 916
23520 1 442
23556 1 1763
23896 2 3005
24208 1 696
24357 4 1310
24522 1 802
24612 1 1430
24695 4 871
24752 1 1031
25020 1 642
25111 1 366
25164 1 491
25248 2 1068
25324 1 2744
25656 1 4885
25764 1 2679
26022 2 707
26210 2 1293
26238 1 1609
26241 1 5926
26388 2 3682
26604 1 621
26828 1 1420
26905 1 1309
27410 1 796
27475 3 5550
27571 1 489
27680 1 211
27759 1 1052
27872 4 3102
28004 1 428
28078 1 919
28100 1 1191
28750 1 4089
28781 1 2730
28802 1 952
28918 1 1609
28919 1 1463
28920 1 1476
28921 1 1799
29385 1 3769
29396 1 8576
29483 1 169
29533 1 1384
29571 1 1682
29593 1 1567
29637 1 2315
29712 1 603
29715 3 4501
29876 2 1991
29975 1 1410
30077 2 3556
30113 1 537
30510 6 2362
30693 1 403
30804 3 10416
30909 1 470
31028 6 353
31075 1 434
31311 2 3229
31330 1 2751
31360 7 3008
31545 1 322
31792 1 1389
31941 1 770
31993 7 1186
32033 1 1250
32293 1 3048
32295 1 3206
32297 1 3273
32298 1 3261
32300 14 3026
32360 1 1518
32386 1 2500
32495 1 932
32892 1 459
32904 1 1247
32905 2 686
33109 1 1341
33146 1 836
33152 1 968
33335 1 9267
33354 1 1212
33358 1 553
33631 1 2116
33703 2 18894
33724 1 1476
33786 1 3235
33857 1 644
33874 1 987
34177 3 1899
34446 2 998
34949 1 1920
34954 1 779
35020 2 1589
35071 1 1273
35379 1 422
35389 1 1068
35396 1 1669
35511 1 891
35594 5 898
35853 1 722
36096 2 914
36215 1 2448
36223 6 2477
36387 1 3582
36389 1 6107
36390 1 6107
36391 2 7515
36392 6 6574
36393 6 6574
36552 1 1625
36670 1 752
36737 1 707
36746 1 1073
36760 2 1102
37053 1 2470
37323 2 7159
37368 1 1160
37545 1 2346
37984 3 1580
38004 1 2166
38076 1 1627
38367 1 2157
38566 1 325
39301 1 12335
39549 1 1321
39704 1 1282
39978 2 30166
40024 1 2366
40176 2 1287
40430 1 1721
40495 4 2423
40692 1 1154
40834 1 757
41049 1 2451
41057 10 3871
41283 1 1427
41431 1 1782
41450 1 1521
41455 15 647
41672 1 1500
41732 1 1023
41744 1 281
41835 1 241
41861 1 496
41870 1 1014
42281 2 864
42503 1 757
42679 1 6107
42680 1 6107
42774 8 5633
42845 17 1246
42884 1 1169
43493 1 672
43536 2 1487
43588 5 316
43642 1 944
43728 1 3240
43777 8 3197
44075 1 1304
44076 1 361
44333 1 2947
44561 1 661
44828 1 578
44878 2 2602
44954 1 8549
44955 1 7733
44956 1 7041
44957 1 10010
45084 3 6555
45201 1 941
45208 1 1331
45609 1 1092
45676 1 11251
45709 15 1143
45826 1 8235
45846 3 1458
45859 1 21421
46028 1 997
46080 5 2003
46139 1 980
46244 1 3024
46388 1 81863
46423 2 613
46495 6 743
46892 1 555
46904 1 698
47037 1 1110
47095 5 6494
47394 1 1036
47448 2 3217
47481 5 1797
47533 1 563
47617 1 737
47757 1 1609
47900 5 1530
48075 1 410
48277 2 1700
48489 1 2490
48859 2 1008
48999 1 265
49017 1 1408
49034 2 2025
49035 2 1353
49105 1 2283
49106 1 2247
49366 49 5125
49672 1 1575
49716 1 1286
49835 1 731
50124 1 1198
50134 2 619
50260 1 1300
50341 1 968
50636 1 674
50755 7 3965
50854 4 3003
50931 1 1730
51148 1 2969
51173 1 1055
51290 2 6381
51291 1 1801
51292 1 1220
51341 1 331
51785 1 415
52191 1 640
52254 6 736
52307 1 616
52345 4 3783
52631 1 4596
52988 2 24350
53136 23 5288
53158 1 9225
53438 4 5686
53469 3 2932
53533 1 1937
53866 1 1764
54222 1 1066
54226 1 1236
54327 4 1517
54349 3 12411
54368 4 1871
54386 1 606
54614 1 3684
54799 1 74
55066 1 3616
55068 1 3268
55422 1 549
55614 1 5399
56580 1 1537
56880 2 575
57001 2 7758
57367 1 2359
57386 2 2865
57466 1 1951
57643 1 8017
57660 2 6533
57838 1 1853
58379 1 1919
58380 1 2008
58503 1 2202
58837 1 3342
58845 1 2901
58919 2 131
59244 1 540
59246 1 1035
59299 1 485
59652 1 274
60063 1 3984
60064 1 3872
60065 3 3606
60066 1 4785
60257 1 762
60344 1 755
60515 2 924
60720 1 570
60751 1 371
60848 1 1052
61007 1 1253
61527 1 2751
61765 1 2458
61939 1 10305
61951 1 581
62033 1 1470
62202 1 891
62441 5 429
62554 1 1366
62726 1 2992
62731 1 2944
62750 1 1350
62791 1 2675
62853 10 4078
62888 1 1082
62893 1 618
62937 1 1048
62938 1 1036
62939 1 1044
62957 1 1820
62958 1 1187
63093 2 3111
63141 1 569
63262 1 1616
63329 1 1339
63908 1 588
63909 1 628
64198 1 480
64453 2 10145
64454 1 1155
64522 2 528
64647 2 7320
64672 1 561
65034 7 3956
65619 2 1364
65662 1 1443
65985 1 307
65995 1 6936
66012 1 1659
66058 1 983
66376 1 1935
66698 2 2058
66823 1 9403
66870 1 2566
67142 5 699
67225 1 1254
67266 2 4007
67302 4 876
67374 1 1178
67611 1 626
67639 1 914
67674 2 1995
67756 1 5291
67765 1 304
67989 1 1380
68025 2 2357
68193 2 675
68205 1 1021
68334 1 2381
68389 2 7515
68390 2 7515
68391 2 7515
68392 6 6574
68681 1 4179
68737 1 3173
68920 1 2788
69022 3 946
69038 1 1165
69044 3 1004
70010 1 668
70033 1 1365
70287 2 987
70298 1 1605
70383 1 448
70836 2 1948
70960 3 2677
71432 2 2398
71631 1 803
71691 55 1602
71710 2 476
71738 1 1825
71921 1 465
71975 1 418
72068 1 8137
72098 2 19912
72353 2 1879
72483 1 1370
72521 1 6698
72765 1 2690
72827 1 7031
72940 1 994
73028 1 1012
73288 1 341
73649 2 2033
73882 1 1565
73973 1 800
74075 1 337
74125 1 2057
74159 1 1009
74512 1 1312
74738 1 254
74873 1 4014
75149 2 662
75398 1 2037
75408 1 3231
75927 7 4496
76163 2 709
76214 1 1592
76443 11 440
76448 1 5583
76516 2 5399
76577 2 2515
76588 2 1544
76626 1 4388
76651 1 686
76656 9 4057
76720 1 705
76878 1 829
77244 1 1326
77652 3 3016
77679 1 1251
77703 2 41
77878 1 3028
