damn damn 1543 65215343 
1 1 260
4 1 930
24 1 774
439 2 1320
449 1 555
497 1 469
515 1 1091
529 4 6629
555 1 1894
557 1 3639
613 2 3927
725 1 7096
816 1 2271
933 2 470
966 1 6046
995 2 3497
997 1 1162
1038 1 6757
1118 1 2305
1177 1 1685
1323 1 931
1348 3 958
1499 2 179
1521 1 461
1547 1 577
1619 1 1446
1646 1 1170
1715 1 128
1744 1 667
1822 1 1972
2021 1 2089
2272 2 2226
2302 1 52
2420 1 2316
2421 1 602
2457 1 731
2530 1 727
2592 1 19
2705 2 1001
2737 1 98
3017 1 1056
3215 1 1641
3283 2 168
3312 1 588
3314 1 2098
3378 1 4137
3415 1 4495
3562 1 1205
3599 1 11096
3708 1 3154
3716 1 1221
3747 1 1430
3891 1 1661
3974 2 186
3979 1 171
4050 1 4772
4051 1 2046
4066 5 163
4067 5 3490
4068 5 8611
4069 5 3379
4142 2 3987
4172 1 4084
4196 1 6780
4200 1 1162
4201 1 732
4211 2 6879
4295 1 1636
4346 3 1650
4366 1 1654
4667 1 3501
4826 1 662
4836 1 1272
4840 1 5531
4855 1 1500
4912 1 7415
4946 1 376
5139 1 660
5518 1 2428
5527 1 2431
5657 1 3480
5660 1 667
5964 1 471
6029 1 1479
6091 1 2877
6151 4 6692
6163 1 4318
6170 1 854
6364 1 7210
6454 1 2665
6463 1 649
6576 1 1635
6577 1 1930
6578 1 2792
6604 1 291
6607 2 1415
6636 1 1118
6639 1 1018
6857 1 380
6865 1 269
6883 2 662
6900 1 654
6923 1 378
7121 1 3511
7491 4 7708
7571 2 5357
7577 2 2093
7647 1 1890
8007 3 486
8093 1 20088
8290 2 1567
8324 1 886
8382 2 19553
8421 1 1142
8603 1 1373
8606 1 914
8750 1 589
8827 2 6533
8876 1 1372
8979 1 361
9018 2 2158
9115 1 1738
9124 1 950
9144 1 1064
9204 1 3049
9234 1 1133
9287 1 1027
9430 1 2392
9431 1 3717
9432 1 1601
9453 1 985
9568 1 885
9653 1 1497
9676 1 994
9705 2 1643
9741 3 1815
9758 1 745
9763 1 651
9859 6 396
9925 1 498
10055 1 520
10087 1 1266
10123 1 2079
10155 1 1544
10301 2 799
10377 1 2603
10393 1 2415
10617 1 1222
10685 2 2839
10738 1 955
10796 1 5414
10940 1 7910
10999 1 1962
11062 1 1457
11067 1 210
11069 1 219
11122 1 741
11202 1 3466
11248 1 11766
11320 2 157
11321 2 172
11359 3 179
11450 1 1097
11466 1 2113
11721 1 3482
11766 1 950
11866 1 1990
11900 1 158
11994 1 875
12004 2 431
12029 3 84
12057 1 392
12067 1 434
12091 1 361
12146 1 2689
12238 1 173
12326 2 4527
12345 1 1250
12526 1 21005
12647 1 4896
12783 1 4316
12786 2 7289
12842 1 520
12857 1 2354
12900 2 1037
12902 1 1885
13044 2 1428
13122 3 8864
13158 1 2677
13188 1 2230
13268 1 2970
13321 1 4863
13457 2 706
13470 1 2696
13479 1 5487
13489 1 432
13499 1 5895
13799 1 1501
13985 1 11629
14006 1 1552
14077 1 774
14163 1 51
14210 1 1997
14212 2 12149
14306 2 886
14341 1 610
14714 1 5738
14721 2 4901
14737 2 604
14794 1 644
14999 2 2703
15072 1 604
15127 1 1201
15261 1 817
15517 2 2551
15761 1 778
15777 2 177
15832 1 2615
15976 2 211
15978 1 209
16063 1 417
16083 1 468
16235 1 4462
16236 1 5204
16237 1 2746
16238 1 11763
16241 1 1533
16252 1 201
16288 1 1218
16490 1 4549
16496 1 5161
16540 1 2127
16571 1 215
16705 7 3332
16721 1 536
16722 2 5137
16797 1 2473
16799 1 3514
16800 1 2525
16846 1 1076
16850 1 4537
16893 2 5510
16895 1 1762
16899 1 1633
16968 1 2878
16991 1 1092
16993 1 1557
17012 1 3524
17013 4 9772
17065 1 907
17066 1 1101
17085 1 1385
17156 1 1346
17182 1 3085
17185 1 1163
17187 1 1065
17211 1 2036
17212 1 2040
17222 1 575
17239 1 2179
17261 1 4916
17263 1 1393
17337 1 528
17589 1 12110
17660 1 591
17682 2 1732
17683 1 2520
17761 3 2572
17904 1 6041
17905 1 2215
17986 1 1122
18331 1 3395
18382 2 886
18383 2 1509
18384 2 1261
18438 1 452
18469 1 489
18475 1 2196
18534 1 1729
18656 1 1667
18676 1 450
18750 1 569
18799 1 2303
18868 1 607
18951 6 5208
18967 2 13159
19004 1 7776
19020 8 828
19021 4 1100
19066 1 1990
19067 1 2040
19079 4 16454
19094 1 3568
19164 1 999
19180 1 2589
19424 4 673
19481 2 179
19593 1 135
19677 1 4468
19678 1 6792
19681 1 10198
19687 2 2998
19689 1 2057
19732 1 1155
19896 1 4758
19910 1 1042
19912 1 1384
19985 1 8977
20029 1 1532
20112 1 53
20200 1 30304
20238 1 1094
20243 2 1017
20258 1 1250
20348 2 1240
20677 1 8655
20684 2 12924
20690 1 1232
20700 1 2481
20802 1 1887
20936 1 2518
20990 1 2056
21046 3 10160
21074 1 5552
21084 1 1596
21151 1 1904
21154 1 897
21155 1 263
21191 1 323
21199 1 768
21234 1 3393
21302 1 670
21321 1 7104
21363 2 3866
21379 4 2870
21380 5 2156
21386 1 1881
21430 1 3084
21504 1 2429
21540 1 2076
21541 1 2076
21637 5 10855
21649 1 2333
21741 1 1979
21770 1 4733
21774 1 1025
21960 2 7778
22009 1 828
22073 1 1079
22105 1 2168
22148 3 1192
22428 1 3769
22536 1 3918
23021 1 4030
23211 1 1665
23291 1 379
23314 2 127
23505 1 1415
23514 1 8145
23751 1 1862
24048 2 565
24093 2 4836
24094 1 3157
24097 1 3411
24109 1 618
24118 1 2970
24157 4 10311
24268 1 1365
24461 1 554
24513 1 1816
24731 1 1332
24749 1 4668
24787 3 437
24790 4 2605
24803 1 5803
24886 1 7415
24887 1 7415
24888 1 7415
24931 1 330
25089 1 294
25116 1 656
25455 1 509
25490 1 4592
25494 3 807
25507 1 1510
25534 3 243
25771 3 2483
25787 1 1161
25826 1 2414
25832 1 1204
25895 1 1814
25984 1 278
26022 2 707
26195 1 1803
26305 1 1140
26332 1 1975
26350 1 721
26525 1 2013
26710 1 638
27108 1 411
27153 1 1004
27431 1 2548
27504 1 650
27520 1 3462
27623 1 2360
27681 1 1250
28032 1 1700
28046 1 931
28076 1 1785
28101 1 883
28123 1 7111
28242 2 871
28290 1 712
28471 2 1574
28475 1 803
28492 1 413
28613 1 61
28686 1 1805
28707 1 606
28838 1 3316
28988 1 821
29025 1 564
29136 1 1011
29375 1 871
29547 1 1675
29589 1 788
29598 4 365
29610 1 1172
29625 1 10200
29630 2 1791
29680 1 917
29681 1 2182
29682 1 2183
29687 1 2532
29688 1 2530
29785 1 1968
29991 1 10803
30058 2 1382
30224 1 410
30294 1 647
30464 2 176
30470 3 196
30552 1 4502
30661 2 2882
30709 1 739
30808 3 2494
30891 1 2618
31089 1 1949
31196 1 756
31320 1 2381
31391 2 2998
31411 1 714
31546 2 3809
31716 1 1042
31723 1 9877
31829 1 14263
31949 1 6125
32033 1 1250
32388 1 24490
32398 1 1410
32614 1 617
32641 1 1814
32822 2 2367
32824 1 2602
32958 1 1960
32972 2 11367
33090 2 1529
33168 1 810
33240 2 9576
33248 3 1227
33333 2 6676
33335 1 9267
33403 1 5506
33523 1 525
33530 2 104
33585 1 3694
33763 2 2200
33819 1 4941
33949 1 537
34022 1 1978
34029 1 3971
34109 2 182
34141 1 1487
34248 1 827
34349 1 1131
34481 2 3475
34485 1 658
34499 1 890
34535 4 3465
34556 1 2148
34573 1 2200
34706 2 1801
34708 2 1716
34739 1 659
34901 1 18201
35046 1 1032
35099 4 147
35200 2 236
35229 1 997
35275 1 424
35302 1 377
35353 1 963
35560 1 295
35702 1 1151
35771 1 5813
35852 1 3364
35863 1 1564
35881 1 849
35883 1 93
35909 2 3424
35926 1 1322
35929 1 1123
35967 3 1072
36012 1 1501
36178 1 4277
36196 1 1795
36278 3 469
36303 1 543
36331 2 613
36336 1 5447
36344 2 1190
36373 2 2127
36455 1 2503
36498 1 8241
36688 1 1758
36697 1 754
36698 1 904
36792 1 1806
36854 1 622
36893 1 726
36926 1 888
37053 1 2470
37089 1 528
37177 1 10680
37182 3 13117
37192 1 921
37196 2 1139
37228 3 4061
37250 2 193
37261 1 1582
37282 1 2473
37321 1 1056
37364 1 170
37454 1 8351
37614 1 4640
37616 2 8646
37712 1 8990
37959 2 3028
38199 2 2577
38221 1 1823
38325 2 386
38381 1 981
38412 1 2954
38454 1 255
38520 1 1239
38543 1 1310
38574 1 2305
38687 2 2099
38711 2 2289
38715 1 5564
38747 1 989
38778 3 3309
38782 1 1808
38910 1 7766
38999 1 4065
39038 2 1980
39092 1 2067
39093 1 555
39182 2 3168
39201 1 1223
39329 4 32477
39492 1 2059
39588 1 6063
39740 1 144
39877 1 501
39895 1 340
39978 1 30166
40012 1 1560
40098 1 1634
40131 1 5534
40222 1 1055
40318 2 1714
40382 1 2344
40426 1 626
40447 1 3358
40538 1 14088
40555 1 779
40590 1 379
40637 2 7547
40659 1 2127
40670 1 2018
40676 7 1343
40681 1 420
40768 1 619
40770 1 1680
40828 1 514
40959 1 5445
41057 1 3871
41131 1 4182
41233 1 1484
41427 2 4567
41438 1 850
41447 1 381
41502 1 150
41519 1 741
41643 1 449
41695 2 484
41874 1 571
41936 3 2170
41956 1 1616
42085 1 6194
42129 1 4735
42132 1 1554
42135 3 5733
42155 1 2406
42247 1 799
42299 1 1013
42309 1 5367
42487 2 1735
42559 1 2800
42590 1 1040
42821 2 680
42832 1 1721
43020 1 2004
43044 1 1869
43446 1 8554
43540 1 243
43547 1 1029
43624 2 1564
43637 1 1684
43747 2 7125
43764 2 9601
44080 3 3596
44109 1 1504
44256 1 1298
44286 3 5425
44324 3 1220
44495 1 805
44707 2 6048
44711 1 54
44870 1 1470
45166 1 2013
45168 1 1295
45264 1 1437
45321 1 739
45595 1 208
45721 1 404
45743 1 229
45779 1 502
45859 1 21421
46116 6 5154
46140 1 1373
46369 2 5238
46388 1 81863
46425 5 276
46426 5 3573
46490 1 2484
46541 1 1240
46744 1 1837
46762 1 774
46808 1 976
46811 1 2035
46950 1 2171
46963 2 1830
46983 4 4196
47087 1 880
47139 1 6464
47149 1 2044
47160 1 4319
47229 1 384
47459 2 8496
47475 3 992
47494 1 1324
47872 1 1066
47966 1 66
47977 2 1512
47979 1 4184
48180 1 25164
48182 1 1935
48197 1 8238
48212 1 840
48312 2 1292
48315 1 2681
48324 2 520
48325 2 433
48332 1 2627
48510 1 1499
48592 1 907
48595 2 1795
48661 1 1320
48728 1 2201
48751 1 1441
48968 1 273
49015 1 2835
49029 2 3596
49108 4 255
49187 1 1258
49276 1 5599
49458 1 1916
49754 1 1006
50000 1 1686
50006 3 1086
50025 1 5763
50120 1 1661
50223 3 6104
50224 1 612
50246 1 1315
50271 2 288
50285 1 4950
50287 2 2869
50408 1 3892
50430 1 2601
50524 1 1087
50597 1 2594
50599 1 5431
50611 1 700
50654 2 514
50796 1 1698
50857 1 6468
50881 1 4909
50953 1 507
51037 1 1338
51326 1 2077
51357 1 1190
51618 1 212
51764 3 2864
51978 6 8282
51979 1 6703
51991 1 4229
52085 1 575
52109 2 3805
52120 1 639
52124 2 184
52301 1 8406
52440 1 6680
52483 2 894
52647 1 888
52727 1 4203
52792 1 1466
52845 1 159
53123 1 1339
53124 1 2131
53222 1 1412
53248 3 5457
53270 1 413
53308 1 2307
53366 1 793
53386 1 3714
53388 1 434
53430 3 48057
53439 1 1098
53441 1 3363
53550 1 1181
53552 2 1304
53603 1 2774
53664 2 2300
53733 1 1832
53838 1 2228
54074 1 48
54109 1 330
54142 2 2860
54147 1 1217
54175 2 2289
54200 2 3379
54334 1 603
54372 1 1111
54441 1 4709
54534 2 1649
54619 1 10647
54907 1 984
55134 1 511
55607 2 9422
55614 2 5399
55775 1 336
56017 7 1819
56143 1 429
56175 1 8425
56392 1 218
56400 2 2072
56564 1 1402
56575 1 1164
56630 1 3641
56884 1 1443
56934 1 1064
56994 1 966
57178 1 2026
57372 1 2559
57518 1 3333
57701 4 166
57835 2 642
57846 1 2065
57980 1 898
57996 1 1452
58192 1 3058
58231 1 4145
58390 1 1711
58491 2 914
58738 1 497
58769 1 1152
59047 1 917
59048 1 919
59049 1 2182
59053 1 2530
59054 1 2531
59153 1 1086
59225 1 6473
59263 1 5357
59288 1 368
59372 1 326
59454 3 2821
59460 1 1795
59475 2 5201
59476 1 2145
59512 1 3204
59590 1 1196
59632 1 2405
59633 1 4221
59634 1 2585
59635 1 4384
59636 1 2251
59637 1 2484
59638 1 3389
59639 1 3423
59640 1 5056
59641 1 4053
59642 1 3464
59679 1 2650
59732 1 921
59867 1 342
59874 1 4939
59918 1 9598
60039 5 4322
60057 1 489
60362 1 3186
60392 3 1512
60394 5 1136
60567 1 919
60570 1 921
60746 2 982
60792 1 3202
60833 1 979
60848 1 1052
60862 1 4275
61021 2 5166
61170 1 677
61237 1 941
61238 1 1279
61239 1 1502
61240 1 2043
61241 1 1632
61258 1 3684
61315 1 1199
61516 1 1071
61634 1 850
61635 1 2149
61636 1 2406
61637 1 582
61821 2 3538
62028 1 6469
62258 1 2177
62267 1 526
62310 1 3144
62321 1 1110
62481 1 2543
62624 1 772
62642 2 7441
62767 1 14162
62922 1 2154
62937 1 1048
62938 1 1036
62939 1 1044
63155 1 1358
63257 2 716
63258 2 1486
63270 1 3034
63287 1 2749
63419 1 1505
63505 1 959
63555 2 7057
63706 1 1710
63708 1 2012
63791 1 1978
63812 1 2413
63835 1 4072
63930 7 1373
63941 2 1650
63975 1 725
64285 1 319
64302 1 2600
64423 1 623
64424 1 739
64935 1 1041
65052 1 1530
65081 4 721
65104 3 8712
65107 60 3809
65701 1 1209
65809 3 309
65812 2 832
65854 2 641
65864 1 680
65866 1 1221
65938 1 1482
65961 3 2405
65999 1 7992
66086 1 2643
66092 1 4332
66177 1 2510
66339 2 169
66372 1 206
66394 2 685
66404 1 1459
66431 1 2939
66487 1 1154
66735 1 936
66786 1 915
66811 2 599
66915 2 4319
66944 1 330
67218 1 1147
67248 1 491
67249 1 476
67258 1 584
67361 1 1019
67415 1 10077
67454 1 5854
67689 1 7619
67718 3 406
67756 1 5291
67776 1 2260
67783 1 827
67825 1 1677
67872 1 409
67933 1 3340
68002 1 3149
68092 1 8126
68120 1 7511
68124 1 2400
68142 1 2271
68325 1 668
68346 2 2235
68366 1 643
68436 1 2388
68727 1 1593
68752 2 1201
68803 1 1117
68956 1 2895
68991 3 1084
69038 1 1165
69074 1 294
69532 30 2723
69837 1 747
69917 1 3612
69973 1 835
70064 1 1128
70204 1 191
70210 3 5060
70227 1 1812
70236 2 3474
70238 1 1571
70286 2 806
70382 1 1908
70435 1 3103
70534 1 5509
70749 1 6334
70951 1 917
70992 1 141
71035 1 774
71326 1 599
71543 1 2407
71635 1 1924
71852 1 998
71861 1 640
71878 1 1338
71913 2 363
71929 1 410
72004 1 8626
72066 3 7004
72067 2 9227
72098 1 19912
72153 1 902
72154 1 1793
72229 1 1439
72231 1 1446
72284 1 6759
72304 1 2094
72380 1 3360
72383 1 1146
72498 2 11873
72642 1 1456
72856 1 1892
72857 1 635
72858 1 1852
72888 1 1768
72936 1 2099
72961 1 1521
72973 1 3325
73066 1 2939
73100 2 620
73350 1 2160
73417 2 3750
73762 2 2217
73807 1 721
73911 1 1008
74067 2 6352
74435 1 2232
74591 4 3810
74642 1 586
74645 1 6253
74675 1 1006
74676 1 999
74745 1 1846
74763 1 127
74776 1 3788
74803 1 6144
74812 1 4167
74887 1 7880
74926 1 367
74932 1 1237
75179 1 471
75200 1 1348
75214 3 2338
75240 1 5462
75303 1 2682
75325 1 1661
75529 3 8980
75603 1 888
75901 1 995
75911 1 581
75930 2 4094
76038 1 3241
76174 1 20998
76175 2 6943
76203 1 1000
76234 2 1291
76262 1 3194
76361 1 666
76521 1 1643
76529 1 10440
76624 1 953
76703 1 664
76748 1 801
76805 3 1044
76859 1 1863
76966 1 632
76975 2 408
76993 1 680
77086 1 5533
77095 1 1057
77139 2 7313
77186 1 1060
77246 1 6149
77453 1 2217
77622 2 1784
77666 1 949
77679 1 1251
77954 1 4740
78071 2 1162
