ca ca 9206 65215343 
47 1 887
53 4 834
56 1 996
59 2 1451
113 1 2441
121 2 952
123 2 1067
133 1 3237
141 2 222
142 3 5418
143 3 5521
144 3 5538
145 3 5371
155 1 1851
157 1 2070
203 1 5213
207 1 740
251 1 844
306 1 646
327 1 2668
334 1 434
346 1 1457
347 1 1443
348 1 1450
349 1 1411
350 1 1468
375 1 10166
379 1 309
400 6 1208
484 1 880
568 1 50
570 5 196
613 1 3927
618 1 72
623 2 515
646 1 836
668 1 2059
677 2 300
694 1 1606
714 2 240
721 2 1682
738 2 384
770 2 944
772 1 1607
873 4 402
952 1 1150
955 2 861
971 1 1729
972 1 1224
973 1 811
985 11 628
986 1 2025
987 1 2023
988 1 2173
1050 1 992
1065 1 703
1084 4 1247
1089 1 226
1097 4 953
1098 2 659
1118 3 2305
1120 2 463
1128 1 2066
1139 3 428
1141 2 465
1142 2 465
1143 2 465
1156 1 568
1182 1 648
1185 1 15836
1208 1 553
1213 1 3659
1227 6 458
1263 1 254
1270 1 2273
1307 1 735
1309 1 1224
1316 1 30
1356 2 108
1379 1 1071
1422 2 950
1512 1 8417
1584 6 1777
1596 4 645
1619 1 1446
1653 1 1086
1678 6 1025
1679 6 1005
1816 2 5747
1881 1 1247
1887 2 1785
1892 2 11383
1970 1 1066
1973 7 16948
1983 1 5638
2057 1 2940
2070 1 537
2105 2 1500
2113 8 864
2145 1 1693
2167 3 1863
2177 2 2668
2178 2 806
2184 1 1827
2197 2 1493
2198 2 2369
2230 1 1380
2341 2 1394
2342 2 1088
2343 2 1153
2367 1 685
2422 3 900
2428 1 898
2434 1 1321
2466 1 193
2472 3 689
2477 1 1144
2483 1 4389
2503 1 29
2509 1 772
2568 1 4333
2622 4 2635
2624 1 1168
2627 1 1223
2633 1 1505
2645 2 952
2655 1 227
2658 3 193
2670 1 1152
2681 3 112
2722 1 1364
2841 1 330
2899 2 40
2900 2 38
2901 2 38
2902 2 39
2903 2 42
2904 2 41
2905 2 50
2906 2 57
2907 2 41
2908 2 41
3003 1 3697
3029 1 1873
3049 2 788
3051 1 860
3057 2 865
3104 1 3172
3153 3 832
3201 1 353
3218 2 237
3267 1 3085
3287 1 1376
3319 1 1682
3325 1 699
3341 1 531
3350 1 735
3370 2 557
3372 4 940
3378 1 4137
3383 1 10722
3384 1 1216
3385 1 478
3393 1 12
3396 5 927
3402 1 2468
3403 1 2172
3404 2 2168
3405 1 2857
3435 1 360
3446 1 894
3450 2 1374
3482 2 3281
3483 1 1094
3503 2 943
3506 2 597
3512 1 12
3541 1 551
3542 1 1834
3543 1 1381
3571 1 1011
3572 1 283
3599 1 11096
3602 2 639
3608 1 254
3614 1 1689
3615 1 500
3625 1 228
3651 1 462
3665 1 1640
3684 3 236
3698 1 162
3707 1 2467
3712 1 1548
3720 1 1051
3739 3 488
3745 1 735
3753 1 1450
3801 2 795
3834 1 2458
3847 4 27149
3866 1 87
3879 1 55
3885 5 1049
3888 1 1674
3890 1 1312
3892 1 846
3924 1 356
3926 1 435
3932 1 1367
3941 1 294
4000 7 6980
4002 1 882
4029 2 1276
4039 2 26
4053 3 3172
4101 1 3929
4124 1 338
4142 8 3987
4175 1 986
4187 3 7906
4194 1 531
4269 1 7767
4313 1 748
4356 2 3544
4368 1 4832
4369 1 4444
4370 1 3314
4371 1 3866
4372 1 3440
4373 1 4212
4374 2 5584
4375 1 1815
4376 1 2069
4377 1 1760
4390 4 1399
4391 13 481
4395 3 445
4417 9 4384
4418 2 2251
4430 2 1152
4431 2 1407
4453 1 1290
4459 39 4138
4460 18 3587
4461 20 4244
4462 61 6187
4463 15 4320
4478 2 3007
4479 2 2646
4506 1 1210
4509 2 1824
4518 1 2481
4526 3 1155
4529 1 487
4547 2 230
4552 1 1468
4589 1 716
4630 1 764
4634 367 8813
4710 2 14020
4749 2 1366
4768 1 996
4791 1 639
4803 1 594
4819 1 1397
4833 1 2973
4838 2 5657
4839 1 1862
4840 1 5531
4846 2 1404
4854 9 1945
4856 3 1923
4859 2 961
4962 3 361
4971 2 285
5059 1 951
5100 1 353
5120 1 330
5127 7 1687
5173 1 118
5185 1 756
5189 3 3419
5195 1 1844
5214 4 1588
5231 1 281
5243 4 876
5249 1 1852
5269 1 587
5301 1 381
5308 1 293
5415 1 3073
5445 1 685
5455 2 15074
5458 1 1024
5471 6 540
5487 3 136
5582 2 1321
5589 1 1188
5608 2 622
5610 1 430
5623 1 788
5651 1 340
5759 2 55
5843 4 2680
5870 1 795
5906 2 8444
5910 2 1668
5921 8 1978
5932 4 2282
5938 3 5865
5940 1 1549
5947 1 935
5949 6 1365
5995 2 1761
6003 2 1183
6010 1 3182
6032 1 519
6078 9 1444
6124 1 396
6163 1 4318
6164 1 2727
6165 1 4900
6183 1 2719
6352 2 65
6449 2 535
6557 1 1488
6589 1 1306
6620 1 1074
6629 1 1414
6723 2 201
6934 1 700
6940 1 326
6945 2 3654
6961 1 321
6966 1 996
6976 2 808
7007 2 1244
7012 1 611
7014 1 1878
7085 1 970
7088 1 2350
7132 1 556
7139 1 1063
7143 1 1502
7144 1 1209
7151 1 610
7167 1 819
7233 8 4878
7287 1 4774
7337 2 18
7381 2 24
7405 1 1072
7526 1 821
7549 3 413
7560 3 367
7591 1 616
7642 1 892
7686 2 1415
7691 1 8794
7704 1 3369
7705 1 4973
7706 1 3286
7707 1 1904
7708 1 1422
7709 1 2370
7710 1 4326
7712 1 11
7724 2 1797
7754 1 1350
7897 1 785
7900 2 1093
7927 1 748
7928 1 808
7958 7 357
8002 1 533
8085 1 2815
8124 1 798
8131 2 1630
8256 1 561
8289 1 386
8299 8 1374
8300 8 889
8304 1 777
8306 4 1820
8310 2 4695
8311 1 4367
8312 1 3567
8313 1 3754
8328 4 332
8329 13 481
8332 2 1567
8336 2 1754
8370 1 2235
8372 1 3639
8382 2 19553
8387 1 26
8393 2 3193
8403 1 2102
8411 2 432
8422 2 5132
8452 1 7747
8549 1 660
8563 2 870
8565 1 1375
8575 7 1694
8589 1 809
8618 1 141
8620 1 248
8642 1 1636
8650 2 9126
8662 1 1187
8667 10 634
8669 1 861
8701 1 555
8721 3 956
8726 18 1607
8736 1 477
8759 1 2291
8760 1 668
8777 3 173
8807 1 149
8825 1 689
8841 1 266
8843 10 812
8847 6 433
8849 11 366
8850 1 3830
8852 1 1447
8855 1 1546
8857 1 2274
8873 3 1489
8891 1 953
8983 2 1450
9012 1 153
9071 18 6637
9113 1 1749
9114 1 1891
9115 1 1738
9116 1 1889
9117 1 1753
9118 1 1714
9119 1 1956
9120 1 1738
9121 1 1865
9131 12 1076
9189 1 3116
9233 5 979
9275 1 1311
9288 5 631
9289 1 1772
9291 1 1056
9303 1 567
9320 1 1505
9333 1 294
9349 1 334
9376 2 46
9393 1 1260
9442 1 1261
9484 1 354
9492 1 6158
9501 1 732
9527 1 363
9544 2 1343
9577 4 1476
9589 1 1054
9599 10 694
9601 1 976
9612 1 1331
9615 2 1341
9688 3 227
9695 2 2000
9723 1 1034
9725 1 654
9726 1 890
9748 1 823
9767 1 905
9774 1 378
9786 1 30
9797 1 456
9798 1 2651
9799 2 3095
9800 1 3911
9801 2 3599
9829 1 18
9830 5 1997
9831 1 1501
9848 1 552
9889 1 1688
9905 1 907
9922 1 451
9935 12 18475
9981 1 1819
9982 1 1822
9998 1 2317
10027 5 671
10039 1 2247
10040 1 1184
10041 1 376
10063 4 298
10069 1 906
10078 1 921
10079 1 746
10081 4 2613
10104 5 780
10248 1 741
10249 1 1601
10280 1 1373
10288 1 64
10322 1 11
10330 1 1216
10376 2 1058
10398 1 12
10433 1 120
10439 2 1699
10528 1 2643
10529 1 1603
10547 1 1528
10569 13 1399
10654 1 3128
10661 3 508
10685 1 2839
10687 1 1299
10695 1 217
10704 1 289
10706 1 1237
10727 2 97
10762 1 1336
10793 1 1709
10797 2 462
10798 2 462
10799 2 462
10852 1 582
10862 5 1361
10868 1 1224
10870 1 541
10934 1 529
10954 1 2770
10968 1 698
10975 1 915
11000 1 59
11012 3 1191
11015 1 548
11063 2 1726
11078 1 922
11202 1 3466
11209 1 1032
11213 6 426
11223 5 553
11225 7 914
11243 3 641
11246 2 614
11247 2 582
11262 1 1739
11268 1 1582
11269 1 1254
11281 2 462
11283 2 881
11369 2 3826
11378 3 6044
11383 3 216
11403 2 2453
11408 5 1192
11412 1 192
11420 1 965
11486 1 889
11503 1 2514
11507 1 3105
11518 1 1129
11534 1 568
11558 1 252
11575 2 481
11598 1 142
11639 1 1335
11640 1 1355
11641 1 1329
11707 2 752
11726 1 744
11784 1 786
11790 2 197
11808 2 209
11817 2 195
11821 2 202
11833 2 213
11858 3 4134
11949 2 3637
11986 10 680
12027 1 59
12114 2 615
12129 4 1202
12130 1 698
12138 1 18363
12143 1 308
12149 1 315
12163 1 127
12171 1 5724
12215 1 1073
12216 1 1004
12223 1 6167
12234 1 429
12268 1 1241
12273 2 85
12292 1 684
12297 1 2001
12311 1 2392
12343 6 248
12344 1 2265
12355 3 612
12379 3 663
12396 1 1166
12400 7 690
12410 1 455
12425 1 268
12444 3 1257
12462 1 908
12488 1 178
12491 1 376
12498 3 3985
12499 2 3780
12507 1 2373
12510 2 1894
12586 1 730
12605 15 771
12606 7 582
12625 2 647
12631 1 521
12647 1 4896
12652 1 1023
12674 1 6435
12677 6 1410
12690 1 336
12693 1 5024
12704 7 5255
12707 3 235
12708 2 1605
12739 1 548
12742 1 235
12747 1 3912
12753 1 3395
12762 2 5406
12767 1 838
12790 1 1062
12834 1 2681
12838 1 2280
12854 2 473
12871 6 1331
12882 1 138
12890 7 2391
12892 2 973
12907 1 2394
12932 1 598
12933 1 645
12946 2 1292
12950 2 2140
12981 1 169
12995 8 424
13004 5 2478
13060 11 3460
13061 10 2559
13062 15 2827
13071 1 434
13078 1 1080
13106 1 470
13117 1 1571
13159 1 586
13160 1 846
13161 1 779
13162 1 721
13163 1 523
13195 2 565
13204 1 1820
13245 1 1191
13268 1 2970
13274 1 193
13283 1 339
13286 1 1437
13316 2 991
13336 3 2457
13365 3 879
13377 1 277
13412 1 1736
13413 4 561
13415 1 1087
13431 2 613
13432 2 875
13452 1 84
13459 1 1269
13467 1 502
13472 1 2549
13475 1 2437
13497 1 6632
13530 1 849
13579 1 803
13597 1 1011
13607 1 814
13613 14 2061
13614 1 1453
13618 1 28398
13619 2 1734
13624 1 1236
13640 3 4066
13664 1 307
13665 1 224
13666 1 196
13668 2 699
13677 1 17
13690 3 1229
13699 1 1924
13808 2 668
13837 1 302
13850 6 321
13888 2 502
13889 4 724
13936 1 3277
13982 4 3750
13988 8 1041
13991 1 1803
14048 6 527
14053 1 1354
14055 1 671
14080 26 51830
14085 2 1012
14120 1 2870
14168 1 922
14181 1 1012
14192 3 1494
14233 6 1003
14234 6 1454
14235 6 1311
14333 1 133
14338 1 581
14355 3 554
14364 2 881
14385 1 284
14450 2 772
14520 8 7541
14534 6 502
14637 2 918
14654 2 1157
14663 2 637
14692 1 3976
14709 1 1785
14714 24 5738
14721 1 4901
14722 1 6567
14723 2 4899
14724 1 5113
14732 1 798
14733 2 212
14756 1 3039
14773 10 4394
14777 1 23
14779 1 3250
14840 1 1378
14995 2 1056
14996 2 1221
15008 1 303
15061 3 904
15104 2 520
15115 1 602
15234 1 863
15272 1 573
15287 1 710
15293 3 5587
15310 1 3417
15486 1 830
15498 5 296
15528 1 2844
15529 6 947
15533 1 90
15534 1 36
15537 1 468
15569 1 3119
15624 1 1071
15661 2 1088
15749 1 50
15750 2 462
15757 1 7636
15809 1 12
15814 4 1001
15821 2 1007
15830 1 240
15835 1 395
15846 1 2009
15895 1 836
15904 1 2397
15915 1 623
15976 1 211
16004 1 1576
16035 1 631
16128 1 987
16169 1 661
16177 1 974
16183 1 2917
16193 7 1084
16194 3 700
16202 1 1892
16203 1 1469
16227 1 2985
16240 2 465
16289 1 1395
16309 3 668
16310 1 1612
16311 5 2173
16312 3 792
16314 1 1260
16343 1 826
16362 1 1214
16401 1 311
16426 2 1061
16433 1 2178
16435 1 1396
16436 2 463
16475 2 2055
16503 5 818
16539 1 576
16566 2 936
16585 1 516
16589 13 3703
16590 13 3144
16591 13 6896
16592 13 2447
16605 1 194
16628 7 1063
16640 1 275
16641 1 2049
16642 2 2366
16643 1 2232
16648 1 586
16666 1 1110
16702 2 521
16715 1 723
16745 1 600
16759 1 263
16762 1 11
16765 1 1110
16774 1 1246
16777 1 538
16794 1 536
16813 3 4537
16816 1 4136
16854 1 1347
16856 2 2460
16857 1 2221
16858 1 2375
16859 1 2243
16860 1 2032
16861 1 2164
16862 1 2184
16863 1 2074
16864 1 2089
16888 1 1462
16889 1 1208
16890 2 674
16891 1 1176
16906 3 474
16943 2 10757
16958 1 5800
16965 1 517
16981 1 1907
17012 1 3524
17013 1 9772
17019 3 1349
17027 1 6203
17034 1 185
17035 1 467
17052 1 1174
17074 1 721
17095 1 731
17097 1 2690
17129 8 3146
17133 1 1532
17156 2 1346
17158 1 2334
17183 2 2046
17195 2 2000
17196 2 1736
17198 2 2072
17238 1 457
17264 1 948
17293 3 645
17345 1 1291
17346 1 1254
17351 1 4853
17377 2 680
17383 1 907
17389 1 1790
17423 4 382
17456 1 1175
17458 1 10296
17510 1 13439
17588 2 389
17589 2 12110
17590 2 6514
17591 4 3099
17592 2 3800
17619 1 359
17649 1 646
17663 1 1183
17720 1 785
17730 1 4474
17759 1 382
17767 5 10423
17768 1 1274
17769 1 1270
17770 1 1270
17771 1 1274
17772 1 1266
17773 1 1267
17774 1 1267
17788 2 2252
17789 1 2222
17793 1 2999
17794 5 278
17809 1 12
17817 4 6494
17845 1 1053
17850 3 559
17853 6 769
17873 1 449
17886 1 32
17921 1 1455
17927 1 219
17959 3 721
17960 4 385
17962 5 680
18030 1 984
18037 1 3117
18072 1 729
18078 2 38
18103 8 729
18113 1 811
18117 2 2036
18129 3 25
18147 2 763
18216 2 460
18217 2 463
18218 2 462
18219 2 462
18220 2 462
18267 2 933
18279 1 609
18292 1 822
18344 1 740
18368 2 846
18381 1 1590
18395 15 6885
18410 2 925
18411 1 554
18457 1 1389
18472 2 766
18577 1 810
18579 2 1051
18599 1 449
18604 1 108
18617 1 1998
18621 1 5046
18640 1 464
18648 1 1076
18716 1 1408
18726 2 336
18732 1 149
18755 1 1492
18757 4 992
18765 1 3181
18790 3 554
18797 2 3696
18798 2 4126
18800 1 967
18804 1 1574
18805 1 637
18812 1 1141
18813 1 1761
18814 1 1715
18816 1 772
18855 3 1391
18929 1 1995
18933 1 6035
18965 2 20789
18966 1 7427
19008 9 1510
19021 1 1100
19071 3 669
19084 1 259
19093 1 3292
19096 1 636
19097 1 516
19098 1 77
19104 1 233
19106 1 1080
19107 1 74
19111 2 4980
19180 4 2589
19186 4 6942
19190 1 717
19262 1 52
19267 1 51
19365 1 1024
19384 2 5576
19385 1 2378
19393 1 277
19395 2 1859
19397 2 1024
19399 1 634
19400 2 611
19404 1 1932
19462 2 173
19465 2 140
19473 6 226
19489 1 175
19509 1 1523
19510 3 1532
19515 2 1607
19560 1 8071
19601 1 409
19610 1 1644
19639 1 1580
19650 1 615
19657 6 367
19664 2 4781
19668 1 887
19687 1 2998
19737 2 501
19754 1 152
19761 1 892
19780 1 505
19847 1 808
19869 8 2203
19883 1 5667
19884 3 5873
19885 1 1727
19886 1 1995
19887 1 3613
19888 1 1794
19889 2 7969
19890 2 2034
19891 1 4302
19892 1 2205
19893 1 6194
19894 1 2667
19895 1 3842
19896 1 4758
19897 1 3289
19898 1 4338
19899 1 6214
19904 2 1476
19939 2 813
19941 1 21
20036 2 197
20139 1 1612
20172 1 1820
20222 1 793
20224 1 428
20252 1 3211
20267 1 1549
20268 2 1431
20294 1 3768
20305 2 953
20306 2 951
20307 11 914
20312 1 179
20467 2 34
20579 1 1292
20580 1 1866
20581 1 1771
20582 1 1369
20583 1 1743
20584 1 1282
20585 1 1770
20586 1 1928
20587 1 999
20588 1 1915
20589 1 1293
20590 1 1876
20591 1 1911
20592 1 1002
20593 2 1768
20594 1 1014
20595 1 1894
20596 1 1769
20597 1 1712
20598 1 1777
20599 1 1378
20600 1 996
20601 1 1785
20602 1 1884
20635 1 863
20656 1 964
20663 1 2969
20671 1 702
20676 1 606
20678 1 4807
20687 1 57
20703 1 3191
20708 5 24696
20757 2 19
20776 2 953
20780 1 1126
20784 3 1238
20806 1 1566
20826 1 981
20885 5 294
20886 1 302
20887 1 11
20899 1 3664
20914 1 1215
20916 1 2792
20920 1 1439
20934 15 595
20938 2 3851
20995 4 1840
21003 2 928
21009 1 149
21055 1 274
21056 1 1401
21058 1 297
21059 1 2178
21062 1 2438
21071 5 784
21072 1 780
21075 1 822
21094 2 715
21111 1 715
21182 17 1547
21185 1 969
21195 1 1075
21196 1 879
21197 1 1044
21279 1 1380
21280 1 1259
21281 1 1524
21282 2 1212
21299 1 9163
21339 11 4745
21373 1 714
21382 1 736
21399 1 155
21491 1 1255
21500 1 4276
21530 2 2863
21544 2 200
21570 3 745
21583 1 783
21617 1 450
21618 1 287
21619 1 336
21643 1 994
21644 4 11884
21646 1 410
21687 1 796
21695 1 1941
21699 1 454
21715 1 976
21811 1 724
21813 1 930
21814 1 4204
21854 1 571
21861 3 1816
21862 1 3630
21869 1 830
21915 2 1773
21934 1 368
21941 10 1755
21943 7 2866
21944 3 1690
21946 1 1327
21952 1 983
21960 8 7778
21962 13 484
21983 3 8628
21986 1 1177
21994 1 1872
22026 3 1430
22027 2 1931
22032 1 4462
22033 1 451
22034 1 1880
22049 1 775
22088 1 778
22091 2 569
22133 2 349
22220 1 383
22472 3 684
22482 2 354
22486 1 90
22514 1 1133
22524 1 3107
22543 7 639
22572 3 1369
22586 1 627
22587 1 172
22639 1 3403
22763 1 323
22768 2 462
22769 2 462
22899 2 1555
22926 2 1353
22966 2 320
22968 1 346
22976 1 1924
22992 1 735
23014 1 3266
23023 1 1334
23024 1 1356
23025 1 1343
23028 2 1701
23042 1 974
23126 1 2676
23145 1 1118
23204 1 145
23218 1 166
23221 1 647
23228 1 801
23283 1 4182
23375 4 839
23395 5 81
23408 1 5715
23413 2 1692
23426 1 275
23430 1 12
23434 1 213
23437 3 764
23442 9 1311
23466 1 2473
23471 1 661
23473 1 1771
23474 1 1785
23531 1 2398
23547 1 539
23551 1 198
23578 1 191
23581 1 175
23637 1 2848
23671 4 7612
23696 1 4960
23777 1 1334
23814 1 396
23849 2 197
23912 2 1243
23972 1 546
24048 2 565
24097 1 3411
24117 1 338
24139 1 1298
24157 2 10311
24162 1 1116
24164 1 1966
24175 1 1777
24223 1 826
24248 10 195
24256 1 1172
24299 1 1073
24437 1 3970
24438 1 3027
24454 12 2201
24506 1 7516
24521 1 1321
24542 3 979
24569 1 29
24590 1 4782
24591 1 4881
24592 1 4881
24597 3 802
24614 2 1048
24624 1 1145
24662 1 1247
24698 1 651
24735 2 2767
24790 2 2605
24819 1 1466
24823 1 2274
24824 1 1881
24825 1 1588
24842 1 3916
24849 8 4735
24876 1 2039
25038 1 552
25039 1 368
25040 1 340
25043 1 1300
25057 7 2293
25066 2 1878
25128 1 3351
25133 1 23
25159 1 487
25235 1 7935
25236 1 199
25238 2 705
25243 1 3615
25252 2 950
25262 3 5430
25265 5 2233
25302 3 136
25323 5 1577
25385 1 411
25392 1 964
25429 4 2282
25440 1 1655
25441 6 1222
25444 1 855
25446 1 90
25455 1 509
25456 1 543
25457 1 88
25482 1 462
25495 4 1308
25514 2 136
25515 24 1521
25522 9 2549
25533 2 994
25538 2 116
25550 1 770
25611 2 461
25612 2 460
25627 1 637
25667 1 1110
25692 1 929
25726 1 775
25769 1 1128
25802 1 1717
25809 1 1289
25810 1 1591
25832 1 1204
25882 1 1550
25888 2 687
25902 1 2698
25904 3 1133
25913 1 1179
25964 1 4294
26042 1 106
26054 3 1978
26055 1 588
26058 31 720
26092 2 23
26106 1 245
26110 2 277
26131 1 1898
26150 2 666
26161 20 14248
26164 1 1169
26182 1 34
26210 1 1293
26215 1 203
26240 1 208
26285 1 288
26332 1 1975
26337 1 1218
26351 5 1903
26360 2 682
26361 12 1386
26380 1 698
26381 1 1479
26384 1 334
26405 4 1346
26431 2 2088
26432 1 2149
26475 1 149
26498 2 32423
26559 1 1105
26583 26 589
26608 1 1078
26632 1 1338
26663 1 1859
26705 1 1443
26796 1 2116
26814 1 1736
26817 2 1868
26820 2 5014
26821 1 4111
26822 1 1713
26827 2 2251
26835 1 65
26836 2 2928
26872 1 717
26880 1 1488
26905 1 1309
26910 1 1469
26964 2 200
26975 1 1997
27081 1 346
27188 1 214
27196 1 1661
27197 1 1655
27199 2 2023
27213 1 2166
27236 2 1397
27237 2 1168
27242 1 31
27272 1 1722
27301 1 984
27319 1 1266
27338 1 305
27343 1 2701
27417 2 1328
27425 1 2871
27461 1 4148
27475 1 5550
27495 1 1622
27503 1 205
27506 1 2292
27535 2 1646
27554 1 43
27585 1 1037
27620 1 710
27691 1 1205
27726 1 2897
27772 7 3134
27777 1 2817
27778 1 1834
27779 1 4121
27787 1 81
27812 2 3494
27814 2 697
27854 1 916
27891 2 195
27922 5 969
27968 1 464
27971 1 1073
27974 2 1432
27988 1 338
28001 1 886
28074 1 1848
28081 6 1204
28082 1 1956
28091 1 2614
28093 2 873
28098 2 10589
28111 1 943
28207 1 1363
28210 9 265
28213 1 302
28215 1 236
28219 3 5367
28223 1 1145
28227 1 505
28252 1 206
28253 2 1082
28257 1 3449
28280 1 2119
28284 1 239
28285 1 1038
28290 1 712
28305 1 270
28312 1 795
28407 1 30
28414 1 3568
28419 1 3437
28421 2 891
28437 3 1135
28454 5 5320
28486 1 1421
28513 2 208
28565 2 3391
28603 1 74
28623 1 450
28649 1 516
28662 1 730
28663 1 903
28697 1 12
28704 1 630
28742 1 450
28761 21 956
28771 3 1129
28779 1 1212
28795 1 108
28798 1 1425
28806 30 4379
28809 2 649
28813 1 1461
28814 1 1242
28815 1 2670
28826 1 2041
28832 2 853
28840 1 12057
28896 1 434
28946 1 974
28977 5 244
28978 1 1473
29026 1 900
29039 2 1081
29043 1 611
29055 6 693
29087 1 325
29126 7 879
29131 1 376
29167 1 506
29177 1 190
29200 6 1552
29284 1 508
29333 1 512
29358 1 875
29387 1 2788
29392 1 775
29396 1 8576
29409 1 654
29421 1 603
29423 3 405
29436 6 1447
29444 1 88
29452 1 581
29492 1 3204
29495 1 3137
29506 1 409
29508 1 2855
29522 1 849
29550 1 256
29552 1 697
29572 2 2781
29591 1 790
29594 2 984
29595 2 934
29596 2 1432
29597 2 1002
29599 3 1621
29622 1 810
29645 3 225
29650 2 2908
29706 1 172
29708 2 462
29820 1 861
29832 1 1083
29833 1 835
29842 1 1058
29843 1 921
29866 1 1160
29888 3 3407
29891 7 4871
29910 1 5908
29984 1 11
29985 1 604
29991 1 10803
30013 1 229
30027 1 54
30044 1 127
30060 1 1690
30087 4 666
30164 1 2045
30181 1 608
30214 1 249
30267 2 279
30293 2 6059
30300 1 6017
30301 1 1460
30309 1 33
30310 2 2537
30311 2 1862
30312 1 1701
30320 1 1408
30324 1 729
30353 2 3848
30373 2 937
30376 1 1201
30534 2 695
30602 1 3594
30622 2 2448
30643 4 1318
30661 1 2882
30753 3 913
30758 1 898
30759 7 1879
30795 1 124
30799 1 2179
30804 3 10416
30820 1 2711
30834 1 465
30837 1 406
30859 1 796
30875 1 1543
30888 2 2250
30889 4 725
30947 2 1608
30952 1 3956
30953 1 4469
30977 2 950
30978 2 951
30979 2 952
30980 2 951
30981 2 952
30985 1 455
30997 1 957
31008 1 1281
31025 3 178
31050 1 270
31085 4 2635
31180 4 2360
31185 1 742
31215 1 280
31224 1 950
31234 1 2296
31235 1 1666
31236 1 1725
31237 1 2292
31239 2 429
31250 10 1677
31258 2 860
31289 6 1482
31293 1 90
31320 1 2381
31375 3 272
31399 2 1760
31416 5 1544
31436 1 149
31444 1 3894
31446 1 1347
31447 1 1008
31496 2 462
31497 2 462
31570 3 508
31585 1 870
31586 1 1305
31622 1 412
31634 1 596
31689 1 2682
31694 1 3337
31696 1 521
31713 1 239
31715 2 298
31724 1 54
31735 1 1164
31744 1 7219
31751 2 1084
31772 1 1194
31821 2 4061
31822 1 3213
31825 1 3867
31836 1 347
31845 2 951
31846 2 952
31847 2 951
31854 1 297
31879 1 1482
31881 1 1085
31905 1 943
31936 5 3664
31956 1 1770
31976 1 1282
31998 1 698
32123 25 9539
32163 1 634
32171 2 914
32175 1 1787
32176 1 1706
32177 2 1654
32178 1 1008
32179 1 1003
32180 1 1289
32181 1 2305
32182 1 1464
32183 1 1671
32184 1 2319
32185 1 1792
32186 1 1322
32187 1 2315
32188 1 1300
32219 1 908
32242 6 1349
32248 1 886
32286 1 3201
32291 1 3102
32304 1 2871
32307 1 284
32319 5 598
32325 1 444
32344 2 1543
32359 1 1514
32385 1 1964
32388 3 24490
32395 1 11
32429 3 228
32473 1 833
32478 2 462
32479 2 462
32483 1 1282
32499 1 1344
32556 1 313
32567 1 588
32579 1 442
32706 1 1372
32750 1 830
32781 1 2000
32788 1 693
32872 1 345
32893 1 512
32960 1 1227
32972 1 11367
32993 1 110
33047 4 397
33079 1 3096
33086 6 719
33091 1 10334
33095 1 1520
33105 2 277
33107 7 1135
33110 1 321
33119 1 988
33120 1 978
33121 1 751
33143 1 2059
33147 1 336
33150 1 2622
33170 6 202
33176 2 315
33177 3 5478
33190 1 1142
33220 1 1178
33252 1 13
33271 1 1800
33296 1 489
33303 2 928
33329 1 2558
33334 2 2979
33377 1 1162
33393 2 549
33408 1 429
33412 1 800
33430 2 1572
33434 5 620
33494 1 11341
33509 2 2659
33588 28 990
33600 1 711
33601 11 995
33666 3 5443
33667 3 5472
33677 2 1132
33679 1 1064
33689 1 2181
33697 1 1438
33710 1 1002
33724 1 1476
33726 1 1999
33757 2 1989
33781 1 27
33794 1 210
33833 1 1730
33846 1 275
33855 1 914
33859 1 7228
33862 1 998
33865 1 4323
33871 1 447
33874 1 987
33879 1 396
33923 1 534
33928 1 774
33958 1 852
34013 2 52
34026 1 1201
34052 10 11789
34061 4 1055
34062 2 2698
34072 1 817
34082 2 694
34089 2 382
34116 1 1053
34123 1 520
34135 1 996
34146 2 1989
34164 2 1224
34165 1 1237
34197 3 2057
34216 1 929
34220 1 370
34231 1 109
34235 1 386
34249 1 274
34251 1 920
34268 1 3482
34269 1 1019
34300 1 1190
34304 1 1756
34364 1 520
34380 1 1216
34434 1 277
34448 4 5637
34449 1 3565
34451 1 23
34453 2 908
34461 8 673
34465 1 5422
34483 1 11
34490 1 1136
34494 2 1658
34502 1 586
34509 1 1584
34520 1 2339
34528 14 3693
34538 1 177
34574 2 2252
34580 2 1336
34616 1 365
34626 1 852
34627 1 1130
34643 2 168
34666 2 699
34670 7 1968
34692 1 44
34701 1 879
34703 1 331
34722 1 1829
34748 1 832
34760 1 31
34763 1 30
34804 1 3895
34853 2 950
34858 1 184
34869 1 1137
34870 1 976
34875 1 522
34890 1 1453
34920 1 1576
34923 1 2774
34937 2 1326
34946 2 1109
34984 1 636
35017 37 17687
35044 1 1362
35045 1 1304
35046 1 1032
35047 1 1718
35048 1 1360
35050 1 337
35051 2 525
35146 1 1199
35165 29 1160
35168 1 775
35182 12 13213
35226 1 622
35229 2 997
35249 1 459
35327 4 848
35340 4 4545
35347 1 866
35349 1 669
35353 8 963
35396 5 1669
35418 2 800
35422 3 5435
35433 2 1624
35434 3 1365
35448 1 136
35470 1 379
35475 2 12761
35482 2 1290
35486 1 1430
35487 1 1788
35512 10 414
35524 1 2484
35584 1 263
35606 1 1070
35639 1 273
35640 1 543
35642 1 741
35653 5 775
35660 1 1256
35679 1 1197
35680 1 322
35683 1 1542
35720 2 4608
35729 1 796
35754 1 1157
35766 5 1100
35789 3 399
35792 2 195
35824 1 3392
35886 1 671
35987 2 184
35988 3 723
35994 1 743
36030 1 298
36080 3 449
36134 3 19793
36244 1 874
36246 1 2302
36247 1 418
36268 1 1022
36288 1 686
36291 1 4374
36292 1 3895
36293 1 3644
36294 3 3160
36306 6 2219
36341 1 828
36345 2 798
36358 1 1651
36381 12 1502
36409 1 1169
36443 1 1970
36458 1 622
36557 2 952
36563 10 492
36605 1 1696
36612 1 2808
36614 13 2919
36685 1 3543
36695 1 1231
36702 1 778
36714 10 654
36722 1 419
36730 1 751
36732 1 18263
36747 1 79
36750 1 1341
36762 1 753
36771 1 723
36775 20 4563
36780 3 5418
36786 1 1500
36788 2 1941
36789 2 1662
36791 1 180
36797 1 6365
36836 2 1458
36837 1 1141
36838 1 1144
36862 1 547
36872 2 546
36882 1 6259
36895 1 891
36909 11 832
36920 1 147
36945 2 21910
36956 1 4551
36987 1 1333
37010 1 1050
37012 43 1013
37057 2 5130
37078 4 2030
37080 1 77
37108 1 908
37130 2 2162
37216 2 1659
37223 12 1759
37267 1 1801
37285 2 2205
37337 1 1916
37370 1 582
37371 1 348
37375 1 441
37468 1 561
37488 1 354
37513 1 546
37533 6 446
37545 1 2346
37555 1 959
37565 3 1282
37567 1 2983
37568 1 269
37600 7 1454
37602 2 1078
37614 1 4640
37615 1 2824
37616 2 8646
37661 2 5314
37662 2 2053
37694 1 3082
37698 1 5406
37725 1 2498
37733 2 1162
37739 1 3012
37741 1 1024
37744 3 1092
37881 1 1592
37906 1 1709
37930 1 681
37932 1 17484
37971 1 1025
37979 1 826
37986 2 3131
37995 3 499
37997 1 392
37999 2 873
38004 1 2166
38011 1 880
38014 1 1335
38035 5 1861
38042 3 240
38050 1 445
38069 2 3382
38076 4 1627
38077 1 968
38094 4 2311
38095 1 901
38105 2 1881
38118 3 846
38148 1 586
38150 1 297
38151 1 2229
38160 4 549
38177 1 1445
38185 1 645
38213 1 660
38242 1 1095
38262 1 520
38288 1 1083
38305 1 744
38355 1 28
38419 1 1224
38433 1 2018
38434 1 2883
38444 1 352
38448 1 6071
38462 3 709
38481 5 2169
38554 3 229
38566 1 325
38574 3 2305
38586 19 3019
38595 1 12
38596 2 465
38619 1 453
38647 3 686
38658 2 671
38663 10 3825
38668 1 449
38678 6 408
38694 2 1649
38701 1 1080
38714 1 2044
38726 2 926
38756 3 619
38758 1 1048
38795 1 762
38841 1 1307
38866 1 1238
38942 1 3171
38987 1 559
39005 1 620
39020 1 827
39024 1 8349
39068 2 6017
39088 1 252
39148 1 4610
39179 1 2122
39182 9 3168
39183 21 4477
39184 1 1671
39238 7 1675
39245 1 4290
39282 2 675
39292 1 4867
39329 4 32477
39437 1 354
39438 1 379
39456 2 1320
39474 7 1378
39485 1 880
39486 1 285
39501 1 2201
39518 2 1145
39533 1 1603
39547 1 1316
39548 1 1379
39550 1 1569
39650 6 2173
39655 1 1225
39674 1 334
39683 2 657
39717 1 236
39773 1 1598
39824 1 74
39842 2 272
39895 1 340
39921 3 768
39929 3 1959
39933 1 284
39936 10 481
39938 1 773
39945 1 842
39946 2 1267
39949 11 413
39960 9 750
39978 1 30166
39985 4 3132
39989 1 423
39993 7 6188
40014 1 1723
40016 15 1388
40042 1 433
40043 1 1164
40045 2 1106
40046 2 1113
40063 3 357
40079 1 1161
40106 1 1533
40114 1 1204
40158 1 295
40176 1 1287
40182 3 924
40184 7 1340
40185 3 802
40188 1 108
40194 5 582
40195 4 521
40196 2 319
40198 1 5290
40213 1 496
40251 3 1196
40288 1 278
40293 7 446
40301 1 1617
40302 1 500
40336 1 1079
40340 2 794
40346 1 1147
40348 1 855
40363 13 478
40364 7 437
40390 3 1186
40397 10 1801
40404 2 679
40405 8 1113
40442 1 948
40444 1 1611
40445 9 1917
40448 1 3806
40534 1 4269
40556 1 233
40557 1 979
40569 1 1344
40668 1 3116
40691 1 503
40747 1 5237
40763 1 3495
40785 2 1677
40840 1 721
40841 1 2352
40891 2 1470
40938 1 1411
40959 2 5445
41076 1 1472
41079 1 708
41085 1 1046
41110 1 381
41114 1 2690
41117 3 1658
41123 1 2499
41137 1 1577
41165 2 1234
41217 1 487
41219 1 1078
41252 2 1169
41278 1 1339
41280 1 1332
41283 1 1427
41370 2 650
41410 2 646
41413 1 942
41519 2 741
41528 4 451
41541 1 1241
41672 2 1500
41684 4 857
41692 2 920
41696 1 1507
41720 2 1655
41758 1 294
41770 1 1891
41802 2 2461
41803 1 2074
41805 1 28
41818 14 3884
41837 1 1734
41838 2 718
41858 1 565
41859 2 860
41866 1 1666
41877 1 1119
41894 1 508
41934 1 355
41988 1 1757
41997 3 1167
42053 2 3174
42056 1 1410
42063 1 1105
42075 1 1237
42128 4 580
42129 1 4735
42131 1 1494
42148 1 3966
42161 1 9423
42173 1 1570
42184 2 600
42237 1 1264
42257 2 194
42258 2 187
42265 1 1288
42296 1 285
42307 1 570
42363 1 628
42366 1 579
42419 1 1182
42461 5 734
42467 1 878
42502 1 786
42541 1 901
42545 1 732
42579 1 857
42580 1 8665
42581 1 2953
42582 1 1649
42593 1 2229
42597 7 1554
42629 1 3606
42640 2 12636
42653 1 2753
42681 1 2570
42771 1 2420
42772 1 1367
42774 1 5633
42842 1 2027
42848 1 318
42850 2 4255
42868 2 620
42877 1 1269
42884 1 1169
42914 1 1101
42951 1 1525
42968 1 2559
42991 1 553
42998 1 628
43001 1 856
43002 1 1109
43024 1 805
43042 1 1175
43081 1 1287
43082 1 1328
43083 1 1414
43191 2 530
43222 1 205
43395 2 525
43444 1 2757
43522 2 1077
43523 3 5434
43531 1 1419
43566 2 1261
43575 1 1608
43594 5 983
43596 1 771
43638 2 476
43674 1 180
43682 3 642
43684 1 438
43727 1 428
43736 1 2026
43764 9 9601
43788 1 2027
43839 1 1259
43871 1 49
43938 1 1026
43966 6 999
43967 8 1030
44050 1 4928
44108 1 887
44155 1 1605
44159 1 211
44163 2 1618
44206 2 1686
44213 7 886
44277 1 823
44386 1 466
44426 1 597
44430 1 967
44454 1 11
44470 1 1049
44498 1 1049
44553 2 2254
44567 2 801
44675 2 42
44676 2 41
44677 2 48
44735 1 3497
44738 1 1542
44739 1 1416
44740 1 1004
44775 3 2616
44823 1 90
44832 2 430
44876 1 3240
44885 1 2410
44928 1 1161
44930 1 290
44973 1 61
45157 2 943
45159 1 13537
45201 1 941
45202 2 1016
45245 1 1068
45281 1 1018
45310 1 1152
45311 1 12
45324 1 253
45335 7 2586
45341 1 834
45348 1 240
45374 1 54
45383 1 1334
45397 1 1394
45436 1 399
45549 2 215
45575 2 181
45676 1 11251
45679 1 695
45811 1 3205
45824 1 2571
45833 4 684
45834 1 780
45874 2 989
45928 1 842
45945 1 1539
45961 1 834
45978 1 2264
45991 1 377
46069 1 3643
46074 1 456
46126 1 1522
46277 1 4798
46285 1 713
46286 1 1012
46314 1 562
46318 1 2246
46319 2 2904
46327 1 626
46334 3 891
46366 1 410
46420 1 1091
46421 1 268
46502 2 1023
46515 1 757
46527 2 830
46528 1 1148
46531 1 994
46603 1 494
46623 2 389
46633 1 1565
46664 2 716
46667 2 779
46683 1 3045
46684 77 2323
46694 1 3602
46726 1 1514
46759 8 2714
46760 2 528
46762 2 774
46774 1 2182
46827 1 830
46831 2 516
46853 2 942
46873 2 999
46876 3 1869
46891 14 5171
46916 1 219
46922 1 16
46941 1 1454
46954 2 5186
46959 1 366
47017 4 384
47018 1 31
47022 1 29
47024 1 29
47026 1 28
47028 1 15
47029 2 840
47037 1 1110
47116 5 1420
47129 2 803
47132 2 951
47156 1 1212
47161 1 1358
47171 2 633
47182 2 563
47200 1 618
47213 1 585
47214 1 966
47245 8 6757
47247 1 561
47257 4 1521
47280 1 271
47351 1 1367
47352 1 1025
47353 1 1046
47354 1 1367
47355 1 1023
47356 1 1695
47369 10 791
47374 1 1188
47407 3 314
47411 1 90
47447 1 3095
47470 1 516
47495 1 1207
47497 3 2515
47510 1 889
47524 3 817
47531 1 491
47538 9 4411
47551 1 1447
47559 1 11224
47563 1 454
47610 2 463
47611 2 463
47667 1 752
47674 1 654
47675 1 541
47731 1 1046
47733 2 69
47756 1 3021
47758 1 1263
47818 1 1062
47819 1 2102
47829 1 666
47841 1 968
47847 1 1388
47865 1 1970
47922 1 1893
47925 2 1584
47951 1 62
48027 1 716
48039 1 807
48045 1 11481
48085 7 2386
48103 1 987
48179 3 1000
48181 2 1551
48182 1 1935
48251 1 1505
48258 1 1163
48269 2 11120
48270 5 2441
48281 1 702
48299 3 3767
48300 2 2019
48308 1 1162
48325 1 433
48383 33 1983
48384 1 448
48448 1 11
48485 1 924
48542 1 1004
48548 2 289
48600 1 353
48632 4 3473
48640 1 425
48660 2 978
48673 1 6093
48731 1 240
48774 1 1091
48785 1 127
48791 2 1334
48815 1 714
48847 1 400
48870 2 231
48960 1 2073
49000 1 3581
49008 1 1016
49018 1 2181
49022 1 2746
49029 1 3596
49035 1 1353
49056 4 2188
49059 1 24
49091 1 2149
49140 1 1377
49141 1 1639
49159 2 843
49173 1 10707
49174 1 9273
49175 2 9938
49176 1 11069
49183 2 2240
49184 2 2455
49235 1 2114
49255 1 1301
49281 1 1836
49282 1 4687
49339 1 589
49340 3 2095
49349 1 2177
49475 2 367
49519 1 1422
49520 2 873
49530 1 884
49535 1 1450
49552 3 1919
49572 1 876
49637 1 633
49662 11 2884
49728 1 1147
49803 1 785
49805 1 616
49806 1 1527
49819 6 736
49826 1 338
49843 1 728
49862 1 73
49883 9 2198
49886 1 619
49900 13 481
49928 3 2263
49929 1 11
49959 1 282
49960 1 2195
49992 1 1485
49994 1 1551
50014 1 1452
50050 1 128
50128 2 1038
50129 2 1730
50130 1 12
50170 1 398
50199 1 22
50209 1 1735
50210 1 2088
50213 1 1995
50214 1 1560
50216 1 1284
50223 3 6104
50245 1 460
50246 1 1315
50253 1 682
50291 2 599
50292 2 306
50310 1 1212
50322 1 337
50328 1 1690
50365 2 700
50370 1 2048
50376 3 1371
50429 2 2393
50431 2 1740
50440 1 51
50441 2 1469
50453 2 1051
50466 1 192
50468 9 237
50471 4 745
50553 1 2439
50560 3 788
50592 1 12
50597 1 2594
50598 5 5177
50599 7 5431
50601 2 937
50613 2 2424
50629 1 828
50669 1 1789
50676 1 685
50719 1 2143
50722 2 3030
50749 3 1017
50750 2 828
50864 1 1034
50865 1 1252
50870 1 908
50876 1 1330
50916 5 4044
50949 2 1000
50997 1 1017
51022 2 2835
51029 2 220
51038 1 360
51043 1 1273
51068 1 1394
51083 1 230
51085 1 599
51086 4 607
51092 55 3069
51121 6 1534
51125 1 90
51149 1 3086
51162 1 468
51231 1 1305
51237 3 2338
51287 1 135
51338 1 759
51428 1 327
51454 1 271
51456 1 319
51466 1 1121
51473 1 127
51474 1 822
51480 2 1345
51482 1 1341
51484 1 1340
51485 1 1335
51486 1 1336
51487 2 1378
51545 3 10771
51556 1 446
51600 5 1428
51713 1 140
51734 1 279
51735 1 338
51748 3 5468
51749 3 5454
51768 1 1070
51790 2 1341
51800 1 1044
51816 2 4853
51820 1 363
51827 1 2148
51846 1 1126
51858 2 3972
51861 1 961
51885 1 844
51894 7 3076
51896 1 1311
51897 1 1033
51898 1 1288
51918 1 145
51939 2 776
51950 2 1782
51953 1 583
51980 1 328
51987 1 4909
51988 2 6522
51992 1 1395
51994 2 9298
52015 1 27
52028 1 5224
52032 1 1614
52039 6 816
52044 2 58
52046 3 871
52048 1 4112
52069 2 2292
52112 1 942
52147 4 691
52180 1 1192
52205 1 1233
52249 1 716
52257 1 1138
52258 2 1184
52268 1 1097
52324 1 1192
52338 1 2169
52376 1 1027
52380 1 725
52384 1 3160
52405 2 2273
52408 7 1385
52415 1 2114
52445 1 482
52449 1 3942
52457 3 4403
52466 14 3696
52489 4 868
52490 4 1314
52499 1 936
52522 1 5557
52526 1 1430
52544 1 877
52561 12 52057
52584 1 1788
52599 1 4808
52606 2 952
52674 2 496
52688 2 1495
52689 1 1489
52690 1 1737
52691 1 1724
52702 1 455
52804 7 4622
52880 1 457
52943 3 822
52947 3 3634
52973 3 1307
52985 2 882
52988 8 24350
53009 1 1486
53036 1 1242
53053 1 2577
53054 1 2664
53061 1 30
53104 5 959
53106 3 506
53107 7 470
53112 1 342
53143 1 2969
53153 1 254
53159 1 2323
53160 1 363
53202 1 823
53227 1 728
53228 1 760
53239 1 329
53241 20 4057
53242 20 4792
53243 8 3386
53244 8 2636
53250 4 814
53283 1 17
53349 2 708
53350 2 1432
53378 1 1601
53388 1 434
53457 1 150
53462 3 954
53478 1 749
53487 3 1821
53493 1 8152
53546 1 2364
53552 2 1304
53596 2 1721
53597 1 721
53668 3 168
53706 1 2705
53708 1 2017
53771 1 1481
53776 1 2483
53777 1 3202
53778 1 4519
53784 6 1362
53791 2 1482
53792 7 621
53837 1 3485
53841 1 718
53844 3 2218
53849 2 1071
53866 2 1764
53918 2 1250
53931 1 1369
53962 2 196
53969 2 204
53973 2 193
53975 2 204
53983 2 197
53990 2 196
54007 2 191
54035 2 527
54042 2 210
54090 1 1782
54115 1 228
54134 1 2948
54135 1 596
54140 1 1791
54144 2 2965
54162 1 132
54164 2 594
54165 1 402
54181 6 1395
54186 2 4524
54205 2 1188
54209 1 1340
54278 1 137
54289 1 1258
54296 3 821
54303 1 197
54308 3 5441
54355 1 10248
54391 2 1246
54453 2 950
54454 2 951
54455 2 953
54472 1 256
54482 2 784
54483 2 1091
54500 2 1795
54521 1 1605
54566 1 8702
54616 3 1314
54664 4 3382
54681 1 326
54747 1 31
54861 2 1691
54888 1 1182
54896 1 1448
54897 1 972
54898 1 1396
54899 1 1696
54900 1 991
54901 1 1729
54902 1 1410
54903 1 1448
54904 2 1382
54905 1 987
54906 1 1014
54907 1 984
54908 1 1710
54909 1 1341
54910 1 1293
54911 1 1699
54912 1 1275
54913 1 1712
54914 1 1493
54966 4 6126
54975 1 1380
54998 6 1411
55004 1 36
55008 1 470
55023 1 570
55063 45 17333
55076 1 2410
55077 1 2410
55094 1 12123
55106 1 712
55126 1 3321
55129 1 293
55137 5 481
55161 1 978
55162 1 1219
55167 2 1518
55435 1 640
55437 1 880
55466 1 831
55467 1 1056
55471 1 763
55497 1 4177
55522 1 164
55545 2 3187
55549 1 998
55550 1 2151
55581 3 545
55614 1 5399
55644 1 54
55666 1 1316
55667 1 1339
55718 4 1931
55753 1 4189
55838 2 189
55915 1 1378
55940 1 175
55964 2 163
56029 1 4442
56048 1 188
56058 1 532
56179 1 517
56204 2 1621
56212 1 4266
56227 2 1370
56245 1 765
56256 1 1380
56257 1 1380
56258 1 1380
56270 1 1574
56425 2 1074
56426 2 1399
56427 2 1290
56428 2 1075
56455 1 337
56584 1 973
56590 2 2070
56628 1 28
56652 1 5800
56665 4 358
56677 4 187
56692 4 1282
56731 8 646
56732 1 1068
56790 1 13
56815 1 249
56852 1 1247
56921 1 11
56965 1 12
57019 1 115
57033 1 605
57034 1 407
57139 2 45
57140 2 44
57141 2 51
57216 1 921
57217 1 1984
57256 10 1106
57311 1 436
57313 1 774
57323 7 1349
57329 1 88
57369 1 1953
57383 1 3091
57395 1 481
57396 2 1224
57401 1 1176
57413 1 6376
57431 1 3175
57444 1 927
57495 4 1255
57503 1 306
57541 2 244
57637 1 139
57638 2 463
57726 1 414
57767 1 1708
57789 4 806
57817 4 4120
57818 1 3557
57819 1 2006
57820 1 3637
57821 1 4929
57844 7 1815
57878 1 3882
57893 2 876
57894 2 1008
57916 3 1132
57927 1 448
57996 2 1452
57997 1 4870
58011 2 201
58045 2 214
58048 2 202
58052 2 208
58091 2 227
58179 1 871
58180 1 598
58203 1 367
58212 1 689
58213 3 518
58216 5 1715
58231 5 4145
58247 1 19391
58268 1 606
58380 1 2008
58390 1 1711
58408 1 4007
58425 2 802
58431 1 1274
58445 1 1394
58505 1 300
58697 1 1823
58728 1 827
58755 1 228
58771 1 595
58778 4 2282
58781 3 410
58782 2 2475
58796 1 90
58838 1 3151
58840 1 3131
58851 1 381
58913 2 960
59061 1 420
59068 2 463
59069 2 462
59070 2 463
59076 1 702
59155 1 11
59171 1 1633
59189 1 10518
59212 1 665
59261 7 363
59309 1 1651
59348 1 10477
59362 1 1290
59402 2 4509
59412 5 875
59427 7 1336
59428 8 398
59429 2 1054
59441 3 1940
59442 1 1743
59452 1 1493
59453 25 5553
59454 8 2821
59455 4 2220
59457 1 699
59459 1 1393
59466 1 4209
59467 1 4546
59468 1 4334
59469 1 4789
59470 1 3154
59471 1 4583
59472 1 2189
59473 1 4291
59474 1 3565
59475 1 5201
59476 1 2145
59486 2 1273
59487 2 1447
59500 1 671
59528 2 1202
59561 1 4211
59570 1 1256
59573 1 1577
59588 8 1547
59589 1 1085
59614 1 1217
59618 1 1895
59619 1 3498
59620 1 2013
59621 1 2882
59632 1 2405
59636 1 2251
59639 2 3423
59640 1 5056
59643 2 41
59644 1 683
59645 1 12
59683 6 635
59770 1 1910
59771 1 2668
59788 1 337
59789 1 302
59794 1 584
59806 3 152
59821 5 1475
59829 1 1756
59843 5 6525
59877 1 686
59918 1 9598
59922 1 3476
59923 1 1326
59925 2 3361
59991 2 760
59996 2 1482
60018 5 2504
60019 1 5237
60037 7 4344
60040 8 5727
60074 5 1151
60146 9 1774
60147 18 6561
60158 2 1763
60174 1 611
60175 1 847
60182 1 507
60184 8 998
60185 10 1405
60186 10 880
60187 10 1606
60221 2 30
60237 3 383
60238 6 1338
60239 6 1030
60240 6 1594
60241 6 709
60242 6 1441
60248 1 88
60276 1 3089
60326 4 562
60355 1 1074
60356 2 898
60400 2 462
60401 2 462
60418 1 1082
60422 4 1453
60434 1 1031
60448 5 1453
60516 1 9
60521 3 969
60525 2 1252
60567 1 919
60606 1 246
60607 1 1057
60641 2 51
60671 1 3451
60678 1 3884
60686 11 1454
60718 1 90
60795 1 27
60815 2 2171
60828 1 3367
60843 1 871
60854 1 589
60857 2 462
60858 2 462
60890 1 11
60957 1 3093
61043 1 4069
61073 34 8875
61091 1 1682
61092 1 1272
61174 1 269
61182 3 699
61187 11 15707
61201 2 329
61210 81 982
61213 1 1171
61233 1 476
61255 1 4815
61270 1 32
61271 1 28
61295 2 465
61296 2 45
61297 2 45
61298 2 45
61299 2 45
61300 2 117
61301 2 116
61302 2 117
61303 2 117
61304 2 117
61317 1 1385
61331 1 2243
61352 3 18809
61367 1 401
61382 1 190
61383 1 843
61403 1 1969
61404 1 2003
61405 1 1936
61406 1 1881
61407 1 2034
61408 1 2023
61416 1 1659
61439 1 886
61442 4 2563
61465 1 1295
61505 2 27
61525 1 11
61528 1 599
61537 1 450
61559 1 708
61567 1 542
61610 1 1320
61619 4 1308
61624 2 1565
61625 2 1309
61626 2 1747
61651 1 3956
61680 2 2168
61681 2 785
61691 2 1496
61694 1 3121
61764 1 507
61765 1 2458
61766 2 3802
61771 3 11091
61815 7 1799
61818 1 1458
61820 1 5698
61821 1 3538
61822 2 5496
61823 1 3825
61824 1 4512
61825 1 2161
61826 1 3738
61827 1 4204
61828 1 2374
61829 1 3211
61830 1 2081
61831 1 1756
61832 1 2493
61833 1 7073
61834 1 2191
61843 1 1277
61844 3 2020
61855 2 988
61856 2 2579
61857 2 1621
61860 3 7381
61861 4 2244
61862 15 5528
61889 1 1761
61890 2 2025
61949 1 1699
61950 1 773
61987 1 664
62007 1 12
62011 1 1430
62012 2 622
62066 1 709
62109 1 4903
62112 2 688
62128 1 518
62136 1 1682
62138 2 1745
62150 1 386
62182 1 943
62204 1 8201
62267 1 526
62272 1 1274
62318 1 2185
62319 1 2313
62323 2 619
62325 1 250
62335 2 994
62396 42 1733
62401 1 340
62434 1 1233
62440 1 303
62455 2 513
62514 1 3635
62541 1 287
62573 1 1569
62606 1 1424
62616 2 1362
62660 1 127
62700 1 517
62716 1 352
62728 15 3125
62757 2 693
62758 2 2293
62759 2 1339
62775 1 2968
62778 1 1898
62824 1 4199
62835 1 736
62858 1 984
62859 2 510
62872 5 831
62893 1 618
62895 1 755
62906 2 1723
62914 2 2398
62924 1 163
62925 1 612
62929 1 5384
62930 1 2244
62961 1 1298
62964 1 1101
62975 2 462
62976 2 463
62977 2 462
62978 2 463
62979 2 462
62980 2 462
63047 2 1890
63061 1 5120
63067 1 713
63068 1 2332
63073 1 6062
63074 1 4609
63075 1 3050
63076 1 3881
63077 1 5251
63083 1 1965
63092 1 798
63106 4 2332
63121 1 718
63124 1 778
63146 1 1124
63155 1 1358
63179 1 135
63216 1 3807
63228 1 576
63270 1 3034
63284 1 92
63308 1 1302
63309 1 4077
63310 1 2477
63312 1 891
63330 1 1372
63356 1 1174
63366 2 796
63372 4 1597
63399 101 4652
63412 1 2324
63413 1 535
63495 1 1230
63583 13 983
63648 1 7209
63701 1 2880
63741 1 642
63747 1 1196
63763 1 1020
63843 1 567
63954 1 741
63963 1 733
63969 1 2173
63970 1 4043
63983 8 558
64009 8 3743
64021 2 4309
64023 2 1042
64025 13 481
64075 1 1250
64096 1 158
64105 2 205
64113 2 228
64135 2 193
64155 2 209
64180 2 252
64283 1 144
64300 1 656
64302 2 2600
64315 1 685
64321 1 668
64350 4 20899
64354 1 388
64361 1 420
64371 1 1070
64387 1 1212
64420 1 1908
64426 2 416
64448 5 335
64476 1 704
64516 9 239
64517 9 871
64521 3 5475
64537 1 1417
64562 1 950
64590 1 2177
64603 3 838
64623 2 692
64658 1 3929
64683 1 684
64832 1 116
64906 1 504
64914 1 518
64946 4 2282
64947 1 529
64949 1 631
64964 1 88
65020 1 571
65068 1 2208
65077 8 2772
65078 1 1249
65079 1 1254
65080 1 1255
65092 1 2579
65117 1 931
65129 1 15643
65130 1 3523
65253 1 349
65254 2 460
65255 2 461
65257 2 1601
65357 1 12
65393 1 534
65394 1 1148
65413 29 2296
65430 1 480
65525 62 1339
65544 1 259
65547 3 474
65552 2 570
65596 5 1788
65605 1 12
65711 1 1186
65749 1 2193
65781 1 1689
65782 1 1701
65783 1 1724
65784 1 1034
65785 1 1670
65824 1 712
65837 1 1272
65876 1 394
65883 1 3190
65889 1 1013
65906 1 274
65932 1 905
65944 3 4400
65949 2 1541
65951 1 1360
65958 1 1390
65959 1 575
65974 2 657
66003 1 1673
66005 1 1390
66008 1 1142
66049 1 142
66051 2 462
66052 2 463
66055 1 1289
66105 1 1033
66114 1 739
66118 1 6182
66234 2 1935
66243 1 32
66247 2 841
66252 1 357
66277 1 1687
66281 1 1481
66314 25 629
66350 4 839
66380 1 9761
66412 1 11
66478 1 1388
66482 1 2199
66491 1 817
66497 1 2312
66518 1 709
66525 1 9
66532 1 230
66554 1 713
66589 1 3260
66604 1 685
66621 1 134
66622 3 1633
66623 1 1360
66647 8 446
66656 2 271
66657 2 1440
66660 2 1633
66664 3 2151
66690 6 370
66699 1 1497
66713 1 210
66744 7 4068
66756 1 394
66757 1 747
66776 1 1404
66777 2 2447
66783 2 486
66797 2 1766
66806 1 3247
66832 1 1718
66833 1 1190
66836 1 1242
66852 2 111
66868 1 2032
66871 1 1139
66929 1 278
66931 1 389
66990 1 509
67018 1 376
67089 1 1117
67090 2 581
67092 1 585
67131 4 338
67228 1 185
67262 9 994
67294 1 1338
67301 1 1352
67360 4 1780
67365 1 1630
67406 1 1549
67417 1 456
67424 2 777
67448 5 1443
67451 2 2767
67454 1 5854
67468 1 810
67481 1 211
67484 1 200
67497 1 1082
67503 1 1092
67508 2 1345
67552 2 741
67565 10 1675
67566 2 1008
67601 1 133
67602 2 612
67603 2 612
67604 2 612
67605 2 614
67606 2 612
67607 3 256
67608 3 256
67609 3 256
67610 3 256
67635 2 1741
67689 6 7619
67702 2 1327
67712 1 2699
67744 3 828
67761 1 1455
67762 1 1401
67763 2 670
67790 1 3052
67804 1 433
67812 3 1753
67840 1 966
67842 1 201
67852 6 533
67867 1 531
67869 2 1785
67870 1 12
67875 1 1176
67892 2 1691
67957 1 963
67958 1 997
67959 1 669
67982 1 601
68005 2 1868
68026 2 1767
68045 2 860
68064 16 712
68073 1 3133
68082 2 1865
68085 1 281
68122 1 2437
68123 1 1190
68142 1 2271
68149 1 2354
68268 1 2304
68322 1 1708
68334 1 2381
68416 1 969
68473 2 191
68483 2 205
68485 2 221
68489 2 199
68522 2 228
68528 2 221
68542 2 197
68570 2 214
68708 4 6905
68730 1 346
68805 1 604
68812 1 10319
68885 62 757
68902 10 773
68931 1 1400
68932 1 1876
69017 1 325
69055 1 3045
69056 2 2064
69069 1 396
69078 1 282
69264 1 45
69271 9 1800
69313 1 348
69373 1 1063
69374 1 1453
69378 3 396
69383 3 995
69388 1 90
69432 1 3080
69445 3 2697
69482 1 1352
69495 1 2757
69509 1 5379
69533 1 12
69547 3 5735
69548 1 1818
69696 3 1490
69702 2 462
69835 1 188
69843 1 216
69844 1 450
69855 5 1583
69890 1 1178
69897 1 390
69898 4 1027
69950 1 620
69969 8 676
69992 1 378
70033 1 1365
70054 1 1487
70098 1 1411
70165 6 1399
70231 1 2953
70252 2 662
70258 4 306
70261 1 499
70299 1 171
70341 3 2434
70379 1 1981
70413 1 1043
70415 25 2495
70431 2 2476
70448 1 2617
70541 1 514
70605 1 1064
70737 1 2845
70796 2 30
70856 1 1075
70870 1 2226
70891 1 32
71023 1 329
71024 1 1463
71040 1 162
71219 1 2884
71220 1 2841
71221 1 3179
71242 3 11150
71247 1 1642
71278 1 546
71328 8 679
71344 2 805
71345 2 1079
71352 1 1829
71362 1 1353
71365 3 1140
71395 1 1529
71522 2 1158
71523 2 1243
71524 2 1115
71561 2 168
71580 1 1716
71582 1 1381
71602 3 917
71675 1 907
71694 1 404
71696 2 732
71697 1 1008
71705 1 10258
71762 1 1315
71790 2 2312
71803 2 952
71804 2 952
71845 2 1171
71852 3 998
71891 1 693
71894 1 2159
71895 1 3069
71896 1 3955
71897 1 2249
71900 1 688
72001 1 1171
72007 1 1256
72061 4 833
72062 1 865
72076 1 614
72098 1 19912
72120 5 1437
72130 2 320
72136 1 764
72184 1 393
72241 1 232
72255 1 747
72261 4 1341
72285 1 487
72304 2 2094
72309 2 352
72316 1 973
72327 1 746
72344 1 815
72397 1 512
72402 3 1487
72478 1 2348
72480 1 585
72490 2 536
72491 1 7016
72509 1 544
72517 1 1018
72518 1 1027
72519 1 1167
72520 1 856
72521 12 6698
72560 1 1232
72572 1 1253
72581 1 1872
72582 1 1345
72583 1 1935
72584 1 1934
72592 2 955
72609 1 1961
72650 7 6445
72663 2 1320
72734 1 2436
72750 1 698
72756 3 1222
72767 2 788
72810 7 1218
72811 7 1255
72812 10 1731
72818 1 952
72824 1 1931
72825 1 4050
72826 1 1996
72827 1 7031
72828 1 2935
72829 1 4528
72830 1 3747
72831 1 6567
72832 1 3890
72833 1 2038
72834 1 2774
72835 1 2083
72836 1 2346
72837 1 3948
72838 1 1838
72839 1 2764
72869 2 902
72870 2 1077
72871 2 828
72873 5 3122
72884 3 2069
72885 2 1376
72899 2 20275
72904 1 26
72910 2 1222
72911 2 1004
72912 2 1794
72923 6 1527
72947 1 2310
72948 2 1879
72963 2 2184
73004 1 1253
73009 2 847
73018 7 2302
73019 7 1972
73029 1 1248
73082 1 819
73088 1 4779
73093 1 4058
73096 1 2375
73126 1 744
73167 1 837
73168 2 212
73169 2 316
73170 3 5445
73171 3 5544
73172 3 5440
73239 1 191
73267 1 1566
73277 2 1345
73286 1 2501
73291 2 988
73315 1 466
73344 1 195
73360 1 682
73432 1 1327
73434 1 1396
73436 1 1351
73469 5 422
73516 1 906
73519 1 380
73550 1 1022
73591 1 2230
73738 2 1220
73750 4 764
73902 5 347
73911 1 1008
73942 5 1013
73944 1 13
73948 1 30
73956 2 2798
73969 1 784
73981 2 1169
73988 1 2775
73990 1 1201
73992 2 3335
74000 3 5543
74006 1 1133
74038 1 12
74076 1 381
74104 1 697
74121 1 2293
74122 1 1513
74142 1 3188
74156 2 1504
74205 1 468
74206 1 430
74258 1 275
74268 1 554
74275 1 1747
74284 3 1107
74350 1 756
74361 3 1446
74368 1 3668
74373 1 1982
74437 1 6261
74468 1 1344
74475 1 574
74480 1 3260
74509 1 1437
74519 3 5618
74553 1 1171
74597 3 246
74710 1 12
74745 2 1846
74786 1 879
74787 3 351
74806 1 5040
74812 2 4167
74815 3 835
74816 1 344
74857 1 2102
74882 1 1151
74887 3 7880
74914 2 387
75090 1 927
75103 1 609
75155 4 2282
75159 1 754
75205 1 3189
75218 3 261
75248 1 1379
75256 2 1760
75294 3 671
75306 1 2908
75329 3 237
75331 1 3149
75332 1 726
75409 2 462
75410 2 461
75424 4 1024
75479 3 169
75493 5 1348
75501 1 540
75569 1 502
75589 1 381
75633 1 1312
75634 1 1358
75636 1 1309
75637 1 1362
75686 8 1598
75701 1 544
75718 1 329
75719 2 204
75722 2 221
75723 2 208
75772 2 1151
75774 1 1079
75825 3 1663
75831 1 807
75838 2 410
75938 1 2373
75952 1 302
75957 1 385
75959 1 141
76002 3 5452
76005 1 1341
76015 1 793
76032 1 79
76045 2 1232
76054 1 109
76066 1 3438
76075 1 871
76078 1 279
76109 6 1242
76154 1 313
76156 1 768
76158 1 3909
76159 1 4003
76160 1 6409
76165 1 1767
76167 1 846
76198 1 587
76205 1 3668
76222 1 521
76224 1 832
76235 1 991
76250 1 586
76298 4 1324
76412 1 1272
76481 1 4881
76505 1 10048
76516 1 5399
76522 1 1798
76567 1 1024
76607 1 845
76698 1 633
76777 4 1440
76787 1 595
76797 5 1960
76877 1 1735
76886 2 4302
76905 1 286
76953 1 1414
76971 1 1429
76972 3 799
76993 5 680
77016 1 2119
77025 2 2461
77075 1 2473
77076 5 3304
77080 1 981
77082 1 5693
77083 1 3037
77084 1 2028
77085 5 2310
77086 1 5533
77094 3 2168
77124 1 3644
77136 1 3236
77138 2 679
77139 3 7313
77140 2 1726
77154 1 168
77157 1 1001
77185 6 1959
77217 1 925
77218 1 916
77219 1 933
77244 2 1326
77265 1 691
77373 1 388
77378 107 1421
77388 7 1700
77421 1 1506
77423 1 506
77427 1 151
77443 2 2709
77474 1 4717
77476 2 289
77553 1 3529
77560 1 603
77572 1 1247
77581 1 35
77613 1 677
77651 2 82
77832 7 421
77833 3 349
77845 1 90
77853 1 82
77906 1 278
77941 1 196
77954 4 4740
77962 4 3614
78023 2 462
78024 2 463
78025 2 463
78093 1 909
78120 1 274
