text text 15235 65215343 
12 1 1981
21 1 1980
37 3 720
66 1 654
89 1 1101
117 1 6480
118 1 166
141 3 222
143 1 5521
144 1 5538
159 1 761
189 1 1288
196 1 107
202 1 609
203 1 5213
221 1 304
222 2 673
258 2 56657
259 1 1003
261 3 818
272 1 383
279 1 50
280 1 39
281 1 43
282 1 54
283 1 61
284 1 39
285 1 39
286 1 63
287 1 70
288 1 95
289 1 70
290 1 60
291 1 63
292 1 26
293 1 35
294 1 40
306 1 646
343 3 793
346 1 1457
347 1 1443
348 1 1450
349 1 1411
350 1 1468
359 15 1896
361 1 5027
362 2 343
363 2 1011
364 1 993
370 2 921
371 1 984
376 1 1200
400 4 1208
433 1 1676
435 1 1005
455 1 3709
464 1 2497
477 1 3143
486 2 57
490 1 919
504 9 11283
521 1 831
540 1 1077
547 1 1844
552 1 704
553 1 466
554 1 1127
556 1 3813
557 1 3639
559 1 4273
576 1 755
597 2 541
616 1 853
625 2 5869
651 1 645
654 1 1015
676 1 640
681 5 752
682 5 457
683 5 928
690 1 3348
691 1 417
696 1 849
717 1 1260
721 1 1682
726 1 1173
733 2 1616
734 1 1711
735 1 837
768 1 358
782 5 2324
783 5 2303
843 1 1656
845 1 1480
896 1 338
953 1 454
954 1 942
996 4 3316
1003 2 2079
1010 1 902
1038 7 6757
1072 1 2029
1074 1 159
1103 1 389
1111 1 186
1117 1 865
1120 1 463
1148 1 890
1153 3 6533
1159 6 1368
1168 1 880
1172 1 644
1175 1 321
1179 3 1708
1185 3 15836
1214 4 650
1300 1 809
1301 1 807
1302 1 729
1308 1 1224
1309 1 1224
1313 1 1940
1315 1 126
1328 1 162
1337 1 588
1344 1 353
1364 1 460
1392 13 970
1396 1 4255
1420 2 409
1424 1 1200
1428 1 1327
1459 1 1079
1468 1 1121
1469 1 2455
1471 2 738
1478 1 386
1484 5 6578
1512 2 8417
1552 1 1020
1562 1 712
1609 1 1543
1619 1 1446
1621 1 275
1635 10 22965
1638 1 1745
1659 6 2425
1765 1 690
1767 3 13095
1797 1 5684
1810 1 886
1813 2 1195
1816 6 5747
1818 3 621
1832 1 1266
1844 1 349
1849 12 510
1852 1 2619
1853 1 313
1855 1 2208
1934 1 685
1940 1 848
1973 7 16948
1999 1 665
2039 1 637
2042 1 934
2046 1 13880
2051 1 233
2055 1 1645
2065 5 288
2136 4 1025
2144 4 1168
2145 1 1693
2151 1 1771
2159 2 1594
2162 1 1205
2164 1 1939
2165 1 1384
2174 1 1180
2177 4 2668
2178 4 806
2186 1 747
2192 1 5833
2193 1 1999
2196 17 1234
2245 2 580
2252 1 646
2254 4 348
2255 4 407
2329 1 1435
2361 1 119
2374 1 1286
2388 3 1787
2390 2 392
2397 2 632
2399 1 1466
2401 3 8256
2430 4 442
2472 1 689
2477 9 1144
2482 1 1146
2504 1 5375
2562 1 2880
2563 1 1141
2565 2 2867
2595 4 1834
2626 1 303
2628 1 534
2629 9 3838
2639 1 835
2646 2 1971
2664 1 1043
2669 1 925
2675 2 226
2696 1 766
2714 1 1489
2722 1 1364
2727 1 4008
2728 3 1179
2750 1 1082
2754 1 757
2757 1 1573
2760 1 764
2767 1 411
2776 1 1576
2791 1 1385
2803 1 635
2809 3 8131
2845 3 2533
2850 1 28
2851 1 22
2853 1 61
2854 1 44
2855 1 45
2856 1 44
2857 1 43
2858 1 36
2859 1 42
2860 1 57
2861 1 53
2862 1 36
2863 1 58
2864 1 58
2865 1 61
2866 1 45
2867 1 60
2868 1 67
2869 1 60
2870 1 57
2871 1 59
2872 1 52
2874 1 69
2875 1 47
2876 1 39
2877 1 86
2880 1 55
2882 1 68
2883 1 83
2884 1 52
2885 1 68
2886 1 74
2887 1 62
2888 1 40
2889 1 50
2890 1 49
2891 1 52
2892 1 40
2893 1 43
2894 1 61
2895 1 44
2896 1 43
2897 1 58
2898 1 60
2899 1 40
2900 1 38
2901 1 38
2902 1 39
2903 1 42
2904 1 41
2905 1 50
2906 1 57
2907 1 41
2908 1 41
2909 1 52
2910 1 50
2911 1 56
2912 1 36
2913 1 71
2914 1 69
2915 1 18
2916 1 20
2917 1 21
2918 1 18
2919 1 16
2920 1 47
2921 1 43
2922 1 46
2923 1 34
2924 1 42
2940 1 754
2941 1 679
2987 3 932
2989 15 2074
3003 1 3697
3009 1 608
3010 2 1261
3037 3 1774
3038 3 1345
3039 3 1046
3057 1 865
3065 1 477
3066 2 617
3067 1 617
3068 1 128
3069 1 460
3070 1 604
3071 1 577
3072 1 579
3074 1 221
3081 4 635
3082 4 635
3146 1 289
3147 7 1324
3170 1 547
3172 1 766
3182 1 1068
3189 1 158
3196 1 2596
3197 1 1690
3200 1 1236
3205 1 1426
3214 1 1663
3219 1 839
3229 2 2889
3245 1 741
3249 26 10966
3283 3 168
3295 6 2429
3314 1 2098
3315 1 659
3322 2 6038
3336 2 1048
3338 1 1856
3357 6 1191
3368 1 428
3374 1 688
3375 1 749
3376 4 1139
3377 1 1482
3378 1 4137
3383 2 10722
3391 1 1846
3421 1 954
3432 5 696
3434 1 567
3439 1 831
3442 2 1041
3447 1 2791
3450 1 1374
3461 1 2177
3471 1 4168
3473 1 1294
3516 1 888
3584 1 833
3595 2 1270
3611 1 410
3641 2 918
3643 1 1997
3660 4 272
3671 3 4789
3673 2 568
3674 2 390
3683 10 1562
3685 1 155
3708 1 3154
3721 1 1585
3730 1 1241
3771 1 1035
3806 1 283
3856 1 324
3891 7 1661
3921 2 3235
3945 1 1359
4000 3 6980
4011 1 1251
4029 1 1276
4053 1 3172
4068 1 8611
4075 1 2561
4076 2 4324
4101 2 3929
4116 1 5941
4117 1 5825
4118 1 5861
4138 1 534
4187 3 7906
4201 1 732
4204 3 3711
4216 1 1283
4234 1 51
4251 2 2307
4257 1 736
4260 1 485
4268 17 352
4296 1 6626
4297 6 7592
4298 1 7423
4302 1 3335
4335 1 520
4352 1 728
4358 1 1491
4359 2 2427
4372 1 3440
4375 1 1815
4379 1 1474
4380 1 1204
4396 4 1447
4418 1 2251
4425 1 1104
4430 4 1152
4431 5 1407
4439 1 2516
4455 3 1818
4456 1 1644
4457 17 1168
4473 1 2419
4491 1 1897
4530 2 1032
4531 2 1036
4532 2 980
4533 2 1058
4576 1 1096
4579 1 1909
4599 1 1293
4601 1 220
4606 1 638
4615 6 3920
4618 2 873
4621 1 862
4637 2 1404
4663 1 290
4686 2 564
4696 4 885
4707 2 812
4710 2 14020
4722 2 579
4727 3 1147
4743 1 338
4744 1 6884
4746 1 2258
4753 1 5716
4768 1 996
4771 1 4349
4772 1 2116
4776 1 351
4780 7 1197
4782 3 6257
4800 8 1404
4820 1 1191
4822 1 1411
4826 1 662
4828 1 1756
4831 1 2521
4835 1 37
4844 2 1123
4845 1 1449
4858 3 604
4861 1 2242
4864 4 3496
4866 1 980
4884 1 1052
4886 1 1349
4888 1 1826
4889 1 2095
4931 1 1648
4951 1 1444
4952 1 465
4955 3 342
4964 2 930
4965 2 1012
4971 1 285
5005 1 23
5058 1 27
5104 1 916
5108 1 1101
5110 2 4935
5122 1 798
5130 2 596
5131 1 1622
5140 1 1465
5142 1 1220
5153 1 713
5156 3 1087
5158 1 544
5161 1 660
5196 1 628
5214 2 1588
5215 1 333
5217 4 566
5230 1 913
5259 2 6380
5260 1 302
5264 1 2502
5297 1 925
5325 1 780
5334 1 906
5399 1 383
5405 1 2643
5415 1 3073
5463 1 882
5502 1 977
5532 1 730
5542 1 746
5551 1 378
5570 2 521
5573 3 603
5577 16 3747
5578 1 13045
5587 2 2202
5642 1 852
5652 1 799
5654 2 1031
5679 1 25
5681 1 39
5682 1 47
5683 1 44
5685 1 42
5686 1 57
5687 1 65
5688 1 63
5689 1 69
5690 1 61
5691 1 54
5692 1 40
5693 1 37
5694 1 73
5696 1 45
5697 1 33
5698 1 40
5699 1 40
5700 1 61
5701 1 57
5702 1 40
5703 1 52
5704 1 47
5706 1 56
5707 1 65
5708 1 50
5709 1 53
5710 1 47
5711 1 47
5712 1 46
5713 1 52
5714 1 50
5715 1 50
5716 1 51
5717 1 55
5718 1 66
5719 1 54
5720 1 68
5721 1 68
5722 1 68
5723 1 35
5724 1 35
5725 1 34
5726 1 59
5727 1 73
5728 1 38
5729 1 41
5730 1 55
5731 1 77
5732 1 61
5733 1 58
5734 1 52
5735 1 67
5736 1 77
5737 1 74
5738 1 86
5739 1 62
5740 1 51
5741 1 61
5742 1 81
5743 1 66
5744 1 78
5745 1 83
5746 1 76
5747 1 66
5748 1 81
5749 1 49
5750 1 49
5751 1 45
5752 1 66
5754 1 54
5755 1 44
5756 1 44
5757 1 47
5758 1 47
5759 1 55
5760 1 39
5761 1 46
5762 1 53
5763 1 40
5764 1 60
5765 1 49
5766 1 61
5773 1 43
5774 1 57
5775 1 39
5776 1 17
5777 1 16
5778 1 19
5779 1 31
5780 1 18
5781 1 15
5782 1 20
5783 1 23
5784 1 21
5785 1 41
5786 1 40
5787 1 30
5788 4 35
5790 1 2094
5792 5 2530
5815 1 742
5816 1 886
5823 1 60
5839 1 928
5867 4 5884
5868 1 501
5869 1 779
5870 1 795
5876 1 2035
5890 2 387
5902 1 1225
5904 2 426
5906 4 8444
5915 1 896
5938 2 5865
5949 4 1365
5962 1 563
5963 1 564
5964 2 471
5965 1 382
5966 1 507
5967 1 529
5968 1 373
5969 1 573
5970 1 452
5971 1 473
5972 1 478
5981 4 661
5982 4 1168
5983 4 798
6014 2 3067
6021 3 508
6042 1 1836
6057 1 1652
6063 1 1839
6096 1 333
6127 1 1065
6143 1 346
6144 1 1199
6147 1 1885
6148 1 2770
6150 1 282
6153 2 1222
6166 2 567
6175 1 1916
6176 2 1652
6177 1 916
6180 3 5070
6181 3 5519
6182 1 6597
6292 2 233
6314 3 827
6360 1 6957
6463 2 649
6526 2 1191
6561 2 350
6562 2 294
6563 2 555
6564 2 476
6565 2 311
6566 2 395
6567 2 306
6568 2 456
6587 1 2605
6607 1 1415
6611 1 670
6617 1 719
6620 1 1074
6624 1 1092
6638 1 1121
6656 1 737
6735 2 731
6744 1 214
6748 1 533
6868 1 483
6921 1 562
6938 1 947
6954 1 1653
6974 4 1220
7000 1 189
7021 1 2137
7024 2 954
7033 1 1085
7044 3 270
7062 1 3124
7070 60 2748
7075 1 507
7122 2 1098
7143 8 1502
7144 43 1209
7145 1 1029
7162 1 1574
7231 6 457
7278 2 1716
7282 1 1284
7283 4 2390
7284 2 3123
7288 1 1137
7289 1 1079
7293 1 1224
7487 1 559
7505 4 4997
7510 1 1175
7511 1 2036
7512 1 2037
7515 1 746
7527 2 4859
7528 1 987
7529 1 5927
7542 1 750
7569 3 2616
7616 3 824
7647 1 1890
7668 2 1538
7669 1 487
7673 18 4544
7675 1 437
7690 1 756
7691 24 8794
7698 2 1482
7704 1 3369
7706 1 3286
7713 1 1920
7714 1 1818
7717 1 461
7722 3 1567
7723 1 4731
7724 4 1797
7727 2 2490
7730 1 623
7786 1 2135
7883 2 389
7892 2 1336
7902 1 1082
7909 2 1230
7910 2 900
7911 1 214
7924 1 842
7933 1 529
7944 4 4834
7952 7 971
7953 1 2188
7961 1 412
7969 1 1771
7978 1 170
7982 2 1453
8008 7 465
8026 2 922
8084 3 651
8089 1 20930
8093 25 20088
8101 2 4863
8112 1 1014
8122 7 5509
8139 1 4927
8157 1 687
8198 1 643
8203 3 3715
8237 1 726
8263 1 2493
8287 4 4172
8292 4 917
8293 1 3686
8297 1 12133
8301 1 2361
8304 1 777
8308 4 971
8316 1 823
8317 1 1157
8318 1 1271
8321 2 786
8326 1 972
8330 1 36
8332 4 1567
8378 1 412
8380 1 2765
8382 4 19553
8384 1 1186
8385 1 2645
8386 1 2545
8391 1 2171
8395 1 1291
8396 1 1026
8397 1 479
8398 1 1691
8402 32 8226
8405 1 941
8408 1 5505
8409 1 3217
8411 3 432
8426 1 151
8435 1 2734
8447 1 2081
8469 2 1089
8500 1 4697
8508 3 5791
8546 1 2592
8561 1 3145
8565 1 1375
8569 1 314
8576 3 2461
8577 1 2346
8579 3 8222
8603 2 1373
8650 3 9126
8663 1 1004
8701 1 555
8732 1 2463
8753 1 927
8754 1 712
8761 1 1006
8855 1 1546
8862 1 728
8865 2 305
8927 1 2370
8930 1 557
8946 2 445
8980 1 780
8992 2 2708
8996 4 722
8998 15 734
9005 1 45220
9006 1 34059
9010 4 712
9028 1 368
9038 1 41
9039 1 42
9040 1 58
9041 1 75
9042 1 80
9043 1 92
9044 1 59
9046 1 32
9047 1 45
9048 1 77
9049 1 50
9050 1 51
9051 1 18
9052 1 34
9053 1 34
9054 1 49
9055 1 38
9071 24 6637
9113 1 1749
9114 1 1891
9115 2 1738
9116 1 1889
9117 1 1753
9118 1 1714
9119 2 1956
9120 1 1738
9121 1 1865
9123 1 595
9131 2 1076
9132 1 3040
9133 1 4066
9135 4 875
9138 2 885
9173 9 6443
9183 2 1291
9188 1 1630
9200 1 1285
9203 1 3221
9232 1 1398
9235 1 642
9332 4 3267
9336 1 1530
9337 1 1665
9359 2 1309
9363 1 1874
9379 1 884
9383 3 1234
9385 5 897
9392 1 768
9400 2 551
9426 3 1273
9446 1 6689
9448 1 447
9489 1 6134
9492 1 6158
9500 5 555
9501 5 732
9502 5 860
9504 1 691
9506 1 451
9512 1 2693
9513 1 2653
9524 1 706
9543 1 375
9545 1 4422
9559 2 937
9560 1 1447
9567 1 5360
9568 1 885
9581 2 2040
9588 1 688
9592 4 257
9604 5 2143
9605 5 2284
9625 1 523
9628 17 7931
9670 1 1046
9689 1 1002
9697 2 1369
9708 4 2371
9721 1 1652
9751 41 2038
9774 4 378
9795 2 6831
9796 10 6203
9800 1 3911
9809 1 635
9838 1 195
9845 3 1179
9868 1 2464
9871 2 1358
9872 1 764
9883 2 976
9915 1 304
9921 3 637
9936 1 2878
9945 1 664
9951 1 322
9954 2 3197
9963 2 816
9991 1 760
9996 4 2093
9998 1 2317
10033 4 8876
10036 1 3455
10052 2 1469
10055 3 520
10065 1 628
10067 2 2395
10068 1 1756
10073 1 1739
10074 3 915
10078 1 921
10083 1 2180
10096 4 2420
10097 1 1553
10101 2 12486
10102 2 1336
10122 2 2093
10123 1 2079
10124 1 1117
10132 3 218
10144 1 3206
10212 2 916
10227 1 1110
10231 13 9229
10237 2 420
10241 1 1011
10249 1 1601
10251 2 1893
10252 1 1476
10271 1 930
10317 1 4163
10326 1 439
10344 1 2552
10357 2 573
10370 1 702
10374 3 9128
10386 1 475
10387 1 297
10393 1 2415
10412 1 778
10449 3 525
10452 2 979
10459 4 216
10520 3 2057
10569 2 1399
10570 1 506
10575 35 3815
10605 5 1427
10634 1 225
10636 1 358
10647 3 808
10653 4 3190
10665 1 3903
10668 1 2803
10669 1 505
10684 1 1501
10721 2 782
10724 1 362
10746 2 51
10818 2 695
10842 1 1865
10843 1 1551
10879 1 35
10880 1 35
10881 1 35
10882 1 35
10883 1 35
10895 1 388
10947 1 464
10949 1 4327
11061 4 1473
11075 1 1309
11108 1 854
11128 2 788
11180 1 303
11209 1 1032
11229 36 1795
11243 1 641
11248 3 11766
11266 1 14
11276 1 171
11278 1 159
11283 2 881
11284 1 883
11294 6 744
11305 2 1551
11363 1 8263
11365 1 1363
11378 3 6044
11393 1 250
11425 1 380
11452 2 316
11453 2 365
11485 5 483
11486 5 889
11487 5 651
11488 5 735
11489 5 635
11503 3 2514
11507 1 3105
11508 1 2406
11555 2 454
11564 3 2793
11577 1 1673
11578 3 1481
11581 1 280
11606 1 1638
11616 1 577
11633 1 2246
11653 2 370
11665 1 1141
11722 1 1625
11751 1 2194
11763 1 739
11782 1 342
11894 2 643
11955 2 1189
11969 2 539
11978 1 250
11998 1 402
12040 1 545
12073 1 404
12091 3 361
12100 5 1451
12109 3 5974
12122 1 358
12146 1 2689
12156 1 13898
12164 1 3148
12167 4 1026
12171 8 5724
12172 2 1109
12185 1 1349
12210 2 602
12226 1 864
12229 1 2226
12233 1 1218
12238 1 173
12253 1 928
12270 1 393
12276 16 3077
12289 1 1759
12290 2 420
12293 1 1151
12295 1 422
12311 2 2392
12330 1 918
12331 3 3864
12351 1 209
12365 6 8585
12379 1 663
12388 2 3483
12389 2 4357
12394 1 1962
12396 1 1166
12416 1 1052
12417 3 3309
12418 1 1053
12421 1 2680
12436 1 1371
12441 1 832
12443 1 420
12454 1 642
12458 1 3716
12462 1 908
12514 1 6560
12523 1 579
12579 1 631
12587 1 1250
12609 2 1268
12612 2 1451
12636 1 2613
12642 1 2067
12648 13 1081
12649 1 954
12651 1 453
12653 1 1822
12657 1 1597
12669 2 1147
12671 1 803
12697 2 1979
12710 1 1223
12712 1 2391
12723 3 1350
12740 1 1789
12748 1 3182
12750 1 1084
12751 3 5083
12753 1 3395
12754 3 1143
12764 1 1458
12766 5 1423
12784 1 485
12801 1 1360
12808 1 3060
12834 6 2681
12835 1 985
12841 2 1000
12851 1 2088
12863 1 1161
12902 4 1885
12906 2 2925
12927 2 993
12928 2 1026
12929 2 973
12930 3 1053
12934 1 2463
12935 1 2445
12946 2 1292
12947 4 1366
12948 1 2044
12951 1 2247
12954 1 1599
12956 2 1280
12977 1 809
13030 1 691
13059 2 1221
13066 1 1485
13079 1 1457
13094 1 1335
13121 1 564
13137 4 355
13140 3 736
13148 2 1862
13150 1 1345
13163 1 523
13175 1 1506
13191 1 311
13199 3 1429
13204 1 1820
13205 2 2644
13206 1 1206
13207 1 1202
13208 1 2020
13244 2 1069
13272 1 1049
13299 4 524
13321 1 4863
13345 1 772
13400 1 2450
13431 2 613
13432 2 875
13450 1 1581
13470 1 2696
13479 2 5487
13486 1 7532
13518 6 16194
13527 1 1200
13528 3 1196
13533 1 1585
13548 2 6866
13549 2 2185
13565 1 2701
13571 3 841
13587 12 878
13591 6 326
13593 1 44
13594 1 43
13595 1 45
13598 5 1521
13606 1 1668
13607 1 814
13609 1 1456
13614 1 1453
13615 4 976
13618 1 28398
13620 2 1358
13624 3 1236
13625 1 761
13627 2 3259
13628 1 1090
13629 1 585
13635 1 1237
13636 1 1160
13638 1 1679
13641 1 769
13643 1 1259
13644 1 1144
13660 1 514
13662 4 828
13669 2 1253
13684 7 12301
13702 1 715
13706 1 1656
13779 1 148
13795 1 709
13812 1 611
13826 2 1442
13829 1 1750
13843 1 1026
13849 1 1566
13854 1 835
13855 1 1396
13876 2 357
13893 1 755
13900 1 303
13929 1 1229
13976 1 1984
13983 1 349
13985 6 11629
13988 1 1041
14012 1 130
14033 1 955
14034 1 2239
14042 1 1826
14044 1 364
14046 1 1429
14048 1 527
14072 1 651
14074 1 446
14112 2 793
14125 2 720
14140 1 636
14141 1 103
14170 4 824
14174 1 684
14178 1 961
14181 1 1012
14187 1 183
14191 15 1859
14192 2 1494
14195 1 963
14196 1 668
14206 2 703
14227 1 805
14233 4 1003
14234 4 1454
14235 4 1311
14244 1 380
14245 1 102
14246 1 582
14265 1 2579
14280 1 2667
14296 1 607
14303 1 1086
14326 2 49
14330 1 929
14336 1 297
14342 1 115
14347 1 285
14364 2 881
14367 3 1792
14383 3 302
14426 2 2114
14428 2 2122
14446 1 538
14463 2 574
14515 3 1354
14516 5 752
14520 2 7541
14541 1 821
14555 1 2701
14560 2 1173
14567 1 209
14568 4 712
14581 3 830
14587 2 1029
14596 1 2342
14613 1 173
14655 2 846
14657 1 603
14664 1 344
14668 3 445
14689 1 36
14693 6 1549
14694 4 1912
14696 1 473
14697 1 567
14698 1 466
14701 1 36
14709 1 1785
14711 1 1117
14728 2 2287
14731 1 788
14735 4 1483
14738 2 1827
14746 1 1733
14748 1 1244
14750 1 1292
14754 4 1214
14766 1 964
14768 1 1208
14773 6 4394
14791 1 1301
14792 1 1326
14795 1 2968
14808 1 1232
14809 2 542
14827 1 2870
14842 1 897
14843 1 896
14844 1 906
14870 1 504
14882 2 1053
14883 2 1025
14884 2 912
14987 1 773
15024 1 1186
15045 3 961
15050 1 1758
15075 2 3631
15080 1 525
15092 4 2742
15127 1 1201
15190 1 824
15191 1 470
15193 1 1214
15245 2 7336
15250 1 76
15251 1 827
15264 1 675
15277 1 1372
15280 1 361
15298 2 535
15314 1 53
15315 1 89
15316 1 38
15317 1 20
15318 1 68
15319 1 33
15320 1 92
15321 1 66
15322 1 45
15323 1 51
15324 1 43
15325 1 65
15326 1 42
15327 1 42
15328 1 84
15329 1 39
15330 1 42
15332 1 61
15333 1 129
15334 1 68
15335 1 57
15336 1 62
15337 1 51
15338 1 67
15339 1 48
15340 1 57
15341 1 48
15342 1 48
15343 1 45
15344 1 59
15345 1 52
15346 1 55
15347 1 63
15348 1 51
15349 1 68
15350 1 64
15351 1 79
15352 1 59
15353 1 49
15354 1 75
15355 1 80
15356 1 70
15357 1 46
15358 1 55
15359 1 58
15360 1 60
15361 1 61
15362 1 54
15363 1 65
15364 1 61
15365 1 55
15366 1 67
15367 1 75
15368 1 64
15369 1 66
15370 1 82
15371 1 58
15372 1 103
15373 1 65
15374 1 73
15375 1 64
15376 1 46
15377 1 104
15378 1 70
15379 1 69
15380 1 88
15381 1 104
15382 1 60
15383 1 57
15384 1 83
15385 1 90
15386 1 100
15387 1 91
15388 1 34
15389 1 58
15390 1 54
15391 1 53
15392 1 38
15393 1 49
15394 1 39
15404 1 72
15405 1 55
15406 1 34
15407 1 15
15408 1 21
15409 1 26
15410 1 21
15411 1 47
15412 1 16
15413 1 19
15414 1 31
15415 1 33
15416 1 33
15417 1 27
15418 1 2104
15437 1 624
15460 3 1105
15480 1 896
15481 1 524
15482 1 791
15483 1 532
15484 1 794
15485 1 822
15486 1 830
15487 1 516
15496 15 1821
15498 2 296
15500 3 1215
15528 1 2844
15529 2 947
15533 3 90
15534 1 36
15536 1 438
15537 1 468
15539 1 383
15540 1 397
15541 1 457
15542 1 481
15543 1 462
15545 1 257
15546 1 625
15547 1 615
15551 4 613
15552 4 604
15562 1 748
15566 1 625
15572 2 3411
15578 1 1021
15580 1 2165
15609 2 1362
15646 1 568
15647 1 863
15660 1 763
15661 2 1088
15662 3 2550
15664 1 1538
15667 3 354
15675 4 849
15710 1 1672
15711 1 1636
15731 1 1798
15732 1 1772
15733 1 521
15734 1 2035
15735 1 2037
15736 1 3238
15737 1 3706
15738 1 1218
15739 1 1220
15740 1 1131
15741 1 1130
15742 1 2329
15743 1 2329
15744 1 2328
15751 1 1372
15825 1 556
15826 1 1438
15857 38 1018
15858 2 422
15859 2 410
15860 1 3929
15862 2 791
15880 5 691
15886 5 1047
15895 1 836
15909 1 750
15914 2 843
15916 1 470
15932 1 326
15937 1 2165
15956 1 157
15982 2 4744
16012 3 856
16021 1 1876
16023 1 810
16024 1 1099
16027 1 907
16044 6 3747
16051 1 931
16060 5 138
16061 2 136
16094 1 3553
16101 2 2125
16103 1 1875
16121 2 284
16126 3 2272
16181 1 321
16197 3 2078
16198 1 953
16218 1 1177
16222 1 949
16225 1 564
16228 3 807
16249 1 583
16250 2 1198
16255 1 2187
16257 3 6019
16273 1 1466
16276 1 3744
16292 1 2759
16311 2 2173
16317 1 857
16325 1 1100
16337 4 1008
16341 2 9421
16360 1 855
16365 1 1383
16368 6 4019
16375 1 389
16417 3 1733
16426 1 1061
16440 1 1049
16453 1 3149
16489 1 4179
16496 1 5161
16497 1 988
16561 4 668
16562 4 1204
16576 1 1066
16581 4 1859
16634 1 1294
16635 1 7678
16717 1 1216
16722 1 5137
16743 1 1505
16757 2 1292
16783 34 4266
16789 1 877
16810 1 2137
16813 1 4537
16816 2 4136
16818 1 10022
16857 2 2221
16863 3 2074
16887 1 2199
16889 1 1208
16896 1 809
16912 1 1012
16930 1 877
16942 35 12267
16956 2 923
16984 1 5305
16994 4 2449
16996 2 1017
17002 1 968
17009 2 3115
17034 1 185
17038 1 1354
17040 1 3349
17041 1 462
17052 1 1174
17053 1 1456
17054 1 1596
17058 3 1516
17083 6 1481
17096 1 1504
17106 8 3919
17111 1 1220
17121 1 6700
17129 1 3146
17141 2 1634
17157 1 1062
17160 1 1760
17170 11 1231
17181 1 941
17184 1 4374
17215 1 266
17216 1 1476
17242 1 2797
17248 1 2188
17269 1 254
17304 1 5827
17337 1 528
17341 3 1300
17351 1 4853
17353 1 1336
17377 2 680
17389 4 1790
17402 6 3104
17422 1 1077
17439 1 1217
17458 1 10296
17470 1 426
17479 2 1106
17496 1 658
17502 1 664
17519 1 581
17536 1 576
17555 4 14925
17570 2 5402
17574 1 904
17589 1 12110
17590 1 6514
17627 1 176
17628 1 710
17646 1 976
17651 1 3602
17668 2 1358
17669 2 5167
17670 1 5050
17671 1 3280
17672 1 4557
17758 1 28986
17767 25 10423
17811 1 605
17821 2 615
17822 1 526
17823 1 505
17826 4 448
17827 2 696
17909 5 479
17953 8 4826
17961 15 1859
17965 1 421
17981 1 1639
17984 1 321
18009 1 577
18010 4 776
18011 4 552
18012 4 573
18013 4 706
18019 1 98
18040 75 2907
18046 1 450
18047 1 1617
18049 1 457
18074 1 1263
18079 3 834
18088 1 1041
18113 1 811
18138 2 967
18144 3 857
18145 8 554
18155 1 339
18158 1 1200
18176 1 2271
18177 1 2271
18178 1 2270
18179 1 2271
18213 2 2075
18227 2 485
18262 1 1741
18263 1 2623
18265 10 4164
18266 6 1904
18282 1 553
18313 1 1183
18317 1 2463
18326 3 6203
18344 1 740
18372 1 1808
18382 1 886
18383 1 1509
18384 1 1261
18385 3 6531
18399 4 1090
18422 1 238
18429 1 2153
18484 108 804
18581 3 3194
18593 4 897
18612 1 141
18630 1 394
18636 1 1655
18639 1 1434
18644 1 2789
18692 1 819
18694 1 1433
18696 1 1646
18698 5 1306
18712 3 781
18713 1 1412
18787 1 1516
18798 1 4126
18800 1 967
18802 1 1147
18803 1 507
18808 2 1566
18811 1 435
18830 3 1272
18835 1 97
18851 1 1501
18863 1 2559
18865 1 2334
18879 3 3453
18881 2 2780
18892 1 2095
18904 2 1338
18912 2 608
18924 3 3309
18926 1 1782
18935 3 931
18955 1 1036
18956 1 1036
18964 1 1035
18967 1 13159
18968 1 2667
19008 1 1510
19031 1 13
19033 1 782
19043 13 4707
19045 1 3919
19049 1 3228
19058 1 377
19065 1 704
19066 2 1990
19067 2 2040
19073 16 315
19075 1 1178
19082 1 502
19094 1 3568
19096 1 636
19117 1 1805
19118 1 1358
19121 5 1022
19122 5 823
19123 1 1226
19178 3 49
19194 1 5424
19310 1 864
19314 2 212
19371 2 1293
19384 2 5576
19393 1 277
19404 3 1932
19405 8 1541
19413 1 1698
19457 4 170
19458 4 175
19495 1 3545
19509 1 1523
19545 1 9624
19607 12 394
19631 2 2285
19633 1 217
19647 1 3406
19668 2 887
19677 1 4468
19678 1 6792
19681 1 10198
19728 37 1498
19730 1 709
19737 1 501
19762 1 730
19815 1 1176
19820 1 856
19822 1 258
19823 2 320
19835 1 1651
19864 1 1262
19870 2 1995
19872 4 1030
19873 1 1291
19881 1 50
19883 1 5667
19902 1 3107
19909 1 1003
19911 1 36
19913 1 2014
19933 1 1797
19935 1 1523
19938 3 1181
19939 4 813
19945 1 1525
19951 1 677
19961 1 2081
19966 7 798
19980 1 94
19983 1 2232
19984 21 3052
19985 10 8977
19996 1 885
20020 2 1073
20032 4 742
20034 2 456
20098 1 56
20129 3 101
20139 1 1612
20153 1 1172
20154 1 3393
20159 2 1013
20164 1 1062
20180 1 1773
20191 1 870
20200 4 30304
20202 3 742
20231 1 740
20233 1 3879
20241 1 1133
20294 1 3768
20299 1 444
20311 1 733
20322 2 669
20389 1 893
20397 16 3730
20399 1 623
20405 1 1411
20425 1 3934
20439 1 23
20448 1 36
20449 1 33
20450 1 27
20451 1 42
20453 1 59
20458 1 53
20459 1 77
20460 1 61
20461 1 39
20462 1 42
20463 1 38
20464 1 65
20465 1 51
20466 1 48
20467 1 34
20468 1 54
20469 1 50
20470 1 107
20471 1 46
20472 1 46
20473 1 56
20474 1 39
20475 1 39
20476 1 39
20477 1 46
20478 1 68
20479 1 40
20480 1 34
20481 1 46
20482 1 39
20483 1 68
20484 1 46
20485 1 45
20486 1 71
20487 1 53
20488 1 54
20489 1 51
20490 1 49
20491 1 43
20492 1 42
20493 1 43
20494 1 62
20495 1 48
20496 1 47
20497 1 49
20498 1 44
20499 1 48
20500 1 42
20501 1 61
20502 1 76
20503 1 58
20504 1 39
20505 1 57
20506 1 52
20507 1 54
20508 1 49
20509 1 36
20510 1 41
20511 1 40
20512 1 37
20513 1 54
20514 1 52
20515 1 47
20517 1 48
20518 1 40
20519 1 51
20520 1 46
20521 1 49
20522 1 51
20524 1 56
20525 1 45
20526 1 31
20527 1 49
20528 1 50
20529 1 53
20530 1 17
20531 1 15
20532 1 21
20533 1 19
20534 1 19
20535 1 17
20536 1 29
20538 1 41
20539 1 37
20540 1 34
20541 1 56
20542 1 40
20543 1 42
20544 1 39
20545 1 46
20546 1 46
20547 1 52
20548 4 63
20551 1 14
20575 7 4332
20579 1 1292
20580 1 1866
20581 1 1771
20582 1 1369
20583 1 1743
20584 1 1282
20585 1 1770
20586 1 1928
20587 1 999
20588 1 1915
20589 1 1293
20590 1 1876
20591 1 1911
20592 1 1002
20593 1 1768
20594 1 1014
20595 1 1894
20596 1 1769
20597 1 1712
20598 1 1777
20599 1 1378
20600 1 996
20601 1 1785
20602 1 1884
20617 2 1245
20622 1 1417
20639 2 2734
20643 1 137
20661 1 1660
20663 3 2969
20685 1 959
20686 1 750
20698 1 3736
20701 3 2408
20706 2 8010
20707 2 35797
20708 5 24696
20716 1 552
20730 2 3239
20734 1 728
20746 1 2626
20776 1 953
20786 1 452
20802 3 1887
20806 5 1566
20808 1 1960
20835 1 1832
20903 1 2764
20905 1 596
20930 1 1211
20937 1 3666
20968 1 609
20978 2 1565
20983 1 1210
20992 4 636
20993 4 415
20997 6 6199
20999 1 2745
21048 1 914
21069 1 807
21071 1 784
21100 1 1816
21101 1 2647
21102 7 3237
21110 1 670
21112 1 1220
21113 1 1247
21151 1 1904
21185 2 969
21187 15 992
21191 1 323
21262 1 2285
21263 1 1339
21289 1 3008
21300 1 1461
21321 5 7104
21336 4 4593
21339 3 4745
21393 1 797
21395 1 236
21400 2 1853
21417 3 1547
21424 1 839
21429 1 21
21472 1 1719
21476 2 1235
21486 3 954
21501 2 416
21542 119 37742
21543 2 900
21552 1 3528
21558 1 510
21581 1 368
21597 1 813
21626 2 876
21641 1 1648
21644 1 11884
21648 1 6487
21651 1 346
21656 1 904
21670 1 1140
21673 1 365
21688 1 2146
21698 1 2267
21702 5 3125
21712 1 965
21727 1 2096
21738 1 742
21739 1 601
21744 1 836
21756 2 2820
21758 1 2344
21764 3 709
21767 5 6211
21823 5 100
21860 1 2805
21861 1 1816
21862 1 3630
21869 2 830
21870 1 315
21878 1 414
21913 2 3148
21942 1 1543
21944 2 1690
21948 1 2447
21950 1 1511
21951 1 1086
21952 1 983
21957 10 1265
21968 1 995
21970 1 683
21975 1 710
21976 1 3253
21977 1 689
21981 2 3068
21983 18 8628
21986 1 1177
21991 1 1915
21994 1 1872
21995 1 2336
21996 1 2579
21997 1 2196
21998 1 2024
22030 1 663
22045 1 2727
22058 2 110
22059 2 821
22072 2 987
22073 2 1079
22074 2 979
22075 2 1098
22076 2 1006
22085 1 1109
22088 1 778
22092 1 8456
22093 1 10393
22095 1 55
22096 1 58
22108 3 2108
22115 2 2632
22116 1 487
22117 1 381
22165 1 818
22169 2 74
22171 12 1177
22173 2 618
22184 1 842
22186 3 1860
22189 1 279
22218 1 777
22238 1 50
22239 1 42
22240 1 51
22241 1 45
22242 1 43
22243 1 33
22244 1 44
22245 1 40
22246 1 34
22247 1 54
22248 1 61
22249 1 56
22250 1 48
22251 1 51
22252 1 90
22253 1 43
22254 1 56
22255 1 67
22262 1 42
22263 1 45
22264 1 18
22265 1 20
22266 1 13
22267 1 41
22270 1 21
22271 1 43
22272 1 65
22273 1 49
22274 1 43
22275 1 44
22276 1 42
22277 1 58
22278 1 72
22279 1 45
22280 1 39
22281 1 44
22282 1 44
22283 1 44
22284 1 94
22285 1 45
22286 1 43
22288 1 38
22289 1 59
22290 1 69
22292 1 39
22293 1 73
22294 1 33
22295 1 42
22296 1 42
22297 1 51
22298 1 75
22299 1 40
22300 1 88
22301 1 45
22302 1 49
22303 1 43
22304 1 48
22305 1 61
22306 1 47
22307 1 48
22308 1 48
22309 1 42
22310 1 72
22311 1 57
22312 1 43
22313 1 36
22314 1 38
22315 1 58
22316 1 47
22317 1 57
22318 1 48
22319 1 48
22320 1 54
22321 1 55
22322 1 37
22323 1 42
22324 1 65
22325 1 30
22326 1 55
22327 1 34
22328 1 37
22329 1 36
22330 1 46
22331 1 56
22332 1 52
22333 1 40
22334 1 39
22335 1 63
22336 1 58
22337 1 48
22338 1 35
22339 1 37
22340 1 53
22341 1 52
22343 1 38
22344 1 45
22345 1 44
22346 1 59
22347 1 43
22348 1 43
22349 1 43
22350 1 58
22352 1 51
22353 1 44
22354 1 65
22355 1 44
22356 1 55
22357 1 65
22358 1 60
22359 1 84
22360 1 48
22361 1 54
22362 1 44
22363 1 52
22364 1 53
22365 1 63
22366 1 54
22367 1 57
22368 1 8
22369 1 18
22370 1 17
22371 1 17
22372 1 18
22373 1 18
22374 1 15
22375 1 18
22376 1 11
22377 1 25
22378 1 34
22379 1 24
22380 1 39
22381 1 29
22396 1 646
22429 2 997
22432 1 496
22433 1 538
22434 1 480
22435 1 533
22436 1 552
22437 1 560
22438 1 527
22439 1 567
22440 1 514
22441 1 524
22442 1 544
22443 1 534
22444 1 537
22482 1 354
22486 3 90
22488 1 540
22490 1 145
22491 1 507
22493 1 529
22501 4 554
22502 4 644
22509 1 1358
22528 4 3156
22554 1 875
22584 2 2300
22589 1 254
22599 1 2198
22604 1 1011
22607 2 1086
22618 2 2272
22639 2 3403
22785 2 1506
22887 1 4212
22912 2 396
22913 2 301
22914 2 431
22915 2 359
22916 2 500
22934 1 1223
22938 5 451
22939 5 678
22940 5 455
22945 1 2400
22946 1 2519
22956 1 3079
22973 1 1006
22976 1 1924
22986 1 1800
23013 1 4500
23016 1 626
23031 1 119
23150 2 753
23267 1 128
23268 1 89
23283 8 4182
23343 1 533
23349 4 659
23350 6 642
23353 1 695
23362 1 1820
23363 1 3369
23364 1 2776
23365 1 1070
23401 1 2739
23405 6 459
23410 1 621
23413 1 1692
23416 3 750
23419 1 1204
23420 1 1191
23421 1 633
23424 1 604
23437 1 764
23453 8 1593
23459 1 764
23464 1 3921
23495 4 1385
23511 1 1553
23512 3 382
23525 1 3680
23526 1 2714
23532 1 408
23559 1 2529
23567 2 2368
23591 1 883
23592 1 1076
23640 1 1222
23657 3 435
23659 1 176
23662 1 363
23673 3 552
23678 5 5285
23688 1 2643
23692 1 3047
23715 1 365
23717 2 757
23720 1 1499
23745 1 2692
23746 1 1757
23760 4 1343
23775 10 1008
23784 1 578
23843 1 1535
23844 1 1535
23845 1 1535
23906 1 439
23908 1 854
23913 3 182
23967 1 713
23991 1 173
24006 13 3059
24074 3 995
24078 1 401
24080 1 1052
24119 2 14616
24126 1 1376
24185 1 699
24188 1 634
24217 1 788
24220 1 1196
24234 1 822
24251 3 1677
24275 1 852
24284 6 4091
24286 1 1402
24299 1 1073
24355 2 1305
24357 1 1310
24371 6 1319
24374 3 3085
24437 2 3970
24440 1 1452
24462 1 8468
24463 1 1344
24475 1 2124
24503 1 924
24521 7 1321
24548 1 1104
24558 1 623
24566 2 3241
24568 1 5820
24571 3 611
24585 1 1914
24596 11 3667
24603 19 14723
24662 1 1247
24668 4 6702
24670 1 730
24705 1 500
24707 1 2560
24765 1 1351
24769 2 162
24775 3 6446
24807 1 3878
24809 3 1190
24811 1 715
24813 1 1576
24834 2 2002
24837 1 1425
24838 1 1751
24839 1 1127
24847 2 1506
24848 1 1701
24850 1 697
24861 4 4547
24866 1 1558
24870 1 817
24906 1 900
24928 2 1142
24929 2 1195
24958 1 840
25054 1 1376
25056 1 650
25066 14 1878
25109 4 1281
25120 1 1142
25124 2 1130
25163 1 338
25170 1 1000
25190 4 1528
25194 1 1545
25235 5 7935
25240 2 1105
25265 1 2233
25266 1 937
25275 3 2035
25304 1 1061
25312 4 52
25322 1 76
25323 1 1577
25335 1 83
25336 1 42
25337 1 90
25338 1 36
25339 1 50
25340 1 21
25341 1 15
25342 1 14
25343 1 18
25344 1 15
25345 1 49
25346 1 27
25347 1 33
25365 1 745
25380 1 931
25391 1 2825
25396 1 901
25397 1 869
25407 4 3649
25419 1 17
25428 1 2396
25430 5 1037
25433 1 237
25441 4 1222
25446 3 90
25450 1 398
25451 1 448
25452 1 525
25453 1 414
25454 1 357
25455 1 509
25456 1 543
25461 4 602
25462 4 557
25469 2 1741
25490 1 4592
25492 1 3700
25520 4 986
25530 5 1188
25531 3 530
25534 5 243
25536 2 422
25556 3 354
25568 1 2008
25590 1 1824
25591 1 1824
25592 1 913
25593 1 909
25594 1 1893
25595 1 1880
25596 1 962
25597 1 967
25598 1 1060
25599 1 1300
25600 1 1299
25601 1 618
25602 1 708
25603 1 852
25626 2 631
25655 1 2371
25671 1 232
25701 2 319
25702 2 299
25703 4 625
25704 2 374
25705 2 413
25708 1 186
25722 5 825
25723 5 784
25724 5 502
25725 5 574
25726 5 775
25727 5 726
25736 1 2577
25749 1 836
25771 1 2483
25773 1 358
25776 2 1136
25777 1 2790
25781 1 1240
25792 1 606
25804 5 2275
25832 2 1204
25902 2 2698
25950 1 723
25985 1 558
26006 1 38
26012 1 1755
26022 5 707
26046 1 509
26060 1 2133
26075 4 3348
26097 1 1412
26128 1 744
26161 1 14248
26163 1 8177
26191 1 456
26242 1 1535
26246 1 803
26253 2 525
26257 1 3709
26258 3 7349
26259 1 3718
26260 1 3718
26261 1 3710
26262 1 3711
26323 1 1258
26341 1 436
26343 2 4639
26350 1 721
26359 5 3794
26370 1 877
26371 10 571
26376 1 1314
26377 2 813
26386 1 2024
26411 3 2625
26419 1 1113
26421 1 995
26422 1 945
26425 1 1535
26430 1 984
26432 5 2149
26434 3 3200
26436 4 1206
26437 1 245
26449 3 7560
26469 1 750
26472 1 399
26475 1 149
26498 6 32423
26507 2 4226
26511 1 1621
26516 1 2569
26541 1 4809
26586 1 2458
26604 2 621
26606 1 1164
26614 1 3554
26628 1 556
26631 1 8025
26688 2 4422
26713 1 427
26714 1 1065
26746 1 568
26755 2 2434
26756 1 2627
26782 3 459
26807 1 1054
26808 1 581
26810 2 739
26816 1 2936
26818 1 43
26825 1 2133
26828 1 1420
26837 1 978
26872 1 717
26874 2 555
26876 1 281
26889 1 1805
26893 5 2171
26914 1 892
26923 1 1173
26942 1 485
26980 6 1029
27028 3 562
27029 3 443
27114 2 869
27115 2 937
27124 1 583
27130 1 358
27161 2 1496
27168 1 1413
27190 8 1135
27191 3 2750
27195 2 3108
27206 1 561
27226 2 203
27235 1 2671
27278 3 304
27293 1 815
27321 3 7344
27322 1 3721
27323 1 2478
27324 1 3721
27326 3 916
27341 1 906
27385 1 728
27391 2 4345
27392 2 4376
27406 1 1609
27414 1 870
27418 2 626
27469 1 1105
27496 1 296
27506 5 2292
27538 1 957
27578 2 714
27589 3 1280
27597 1 404
27601 3 1888
27608 1 213
27672 1 1098
27707 1 3748
27726 1 2897
27761 1 1167
27766 1 439
27771 1 696
27774 1 2355
27808 1 2245
27814 4 697
27823 1 1303
27824 1 2281
27827 1 2297
27836 1 3088
27865 2 1464
27879 2 1030
27880 2 1171
27905 1 644
27983 1 1113
28041 1 2090
28092 4 1582
28115 1 2406
28123 1 7111
28155 1 362
28208 1 995
28234 1 1181
28253 1 1082
28268 1 811
28279 1 1131
28296 16 3859
28298 2 437
28309 1 847
28355 1 30
28356 1 44
28357 1 62
28358 1 55
28359 1 42
28360 1 52
28361 1 53
28362 1 39
28363 1 58
28364 1 51
28365 1 49
28366 1 34
28367 1 34
28368 1 61
28369 1 45
28370 1 46
28371 1 62
28372 1 42
28373 1 44
28374 1 86
28375 1 41
28376 1 62
28377 1 53
28378 1 60
28379 1 45
28380 1 51
28381 1 58
28382 1 48
28384 1 37
28387 1 71
28388 1 43
28390 1 61
28391 1 48
28392 1 48
28393 1 37
28394 1 58
28395 1 48
28396 1 45
28397 1 44
28398 1 59
28399 1 40
28400 1 48
28401 1 51
28402 1 63
28403 1 42
28404 1 63
28405 1 44
28406 1 55
28413 1 1726
28421 5 891
28429 1 1748
28430 1 2319
28437 15 1135
28456 1 264
28466 1 10312
28473 2 1706
28477 1 3627
28489 2 1123
28490 1 1612
28610 2 57
28638 3 1123
28654 1 1104
28666 1 880
28667 4 947
28677 8 1137
28679 1 224
28683 1 1939
28686 1 1805
28693 3 501
28695 3 1876
28696 3 3559
28698 3 2256
28710 1 944
28721 1 456
28722 1 848
28724 1 794
28743 1 1455
28752 5 334
28781 1 2730
28799 4 4713
28809 4 649
28813 4 1461
28818 4 453
28825 4 654
28838 1 3316
28861 1 1189
28867 1 765
28916 1 43
28923 1 500
28950 6 1066
28951 1 4581
28985 1 622
28993 2 559
29011 1 2920
29039 1 1081
29044 11 22965
29046 1 638
29055 1 693
29057 2 644
29058 1 1399
29081 1 1817
29084 2 434
29090 2 430
29091 1 451
29096 1 764
29098 1 715
29103 1 554
29108 1 1272
29112 2 246
29134 1 1030
29135 1 356
29154 2 549
29168 1 749
29176 6 724
29189 3 930
29199 1 1213
29200 1 1552
29204 1 28
29205 1 49
29206 1 19
29207 1 67
29208 1 40
29209 1 34
29210 1 72
29211 1 51
29212 1 36
29213 1 42
29214 1 49
29215 1 56
29216 1 45
29217 1 40
29219 1 68
29220 1 56
29221 1 56
29222 1 61
29223 1 57
29224 1 52
29225 1 45
29226 1 50
29227 1 47
29228 1 56
29229 1 36
29230 1 47
29231 1 54
29232 1 60
29233 1 52
29234 1 46
29235 1 64
29236 1 51
29237 1 41
29239 1 36
29240 1 41
29241 1 57
29242 1 50
29243 1 39
29244 1 54
29246 1 50
29247 1 49
29248 1 45
29249 1 49
29250 1 57
29251 1 46
29252 1 45
29253 1 49
29254 1 42
29255 1 42
29257 1 53
29258 1 43
29259 1 46
29260 1 40
29261 1 37
29262 1 40
29263 1 39
29265 1 71
29267 1 51
29268 1 45
29269 1 53
29270 1 41
29271 1 23
29272 1 22
29273 1 26
29274 1 16
29275 1 27
29276 1 14
29277 1 14
29278 1 30
29279 1 49
29280 1 29
29281 4 115
29286 4 597
29306 1 813
29346 3 5736
29352 3 2338
29355 1 498
29356 1 857
29357 1 856
29358 1 875
29359 1 537
29360 1 886
29361 1 520
29362 2 557
29363 1 885
29364 1 859
29387 138 2788
29389 2 348
29396 25 8576
29405 1 17
29427 1 918
29434 1 921
29436 4 1447
29444 1 88
29449 1 644
29450 1 439
29452 1 581
29453 1 370
29454 1 405
29455 1 422
29456 1 447
29457 1 393
29458 1 474
29466 4 545
29467 4 618
29476 1 1140
29493 2 3306
29508 1 2855
29521 3 588
29529 1 4211
29533 1 1384
29545 1 2155
29547 1 1675
29567 1 64
29572 1 2781
29598 3 365
29619 3 1879
29639 1 310
29646 1 1067
29650 1 2908
29651 1 519
29653 1 814
29654 1 374
29667 1 752
29668 1 664
29669 1 447
29670 1 1640
29671 1 1645
29672 1 1641
29673 1 908
29674 1 501
29675 1 963
29676 1 943
29677 1 1300
29678 1 1181
29679 1 1182
29680 1 917
29681 1 2182
29682 1 2183
29683 1 619
29684 1 1867
29685 1 853
29686 1 854
29687 1 2532
29688 1 2530
29689 1 852
29690 1 2211
29691 1 2211
29705 5 196
29709 1 1886
29722 5 9450
29784 1 951
29785 1 1968
29802 4 4831
29820 1 861
29829 1 723
29856 1 1766
29861 2 622
29862 2 694
29863 2 658
29864 2 334
29865 2 396
29894 7 489
29895 5 940
29896 5 1023
29897 5 647
29898 6 707
29899 5 815
29900 5 618
29901 5 757
29914 1 2420
29940 1 223
29941 1 950
29942 1 894
29966 1 301
29968 1 1029
29978 1 1161
29991 2 10803
29992 1 1640
29995 1 198
30016 1 1022
30022 1 430
30032 1 647
30055 1 2125
30059 1 2773
30073 5 2480
30128 1 1329
30135 1 680
30147 2 388
30148 2 337
30149 2 621
30150 2 467
30151 2 335
30152 2 627
30153 2 368
30164 2 2045
30179 1 574
30187 1 646
30193 1 1249
30196 2 385
30211 1 3859
30233 1 124
30250 14 320
30274 2 234
30277 2 1384
30331 1 1019
30345 1 764
30349 5 533
30351 1 4754
30352 1 5973
30353 2 3848
30382 1 1172
30390 3 1242
30391 1 5079
30475 2 177
30520 1 1146
30521 1 1136
30523 1 918
30533 1 268
30552 2 4502
30569 4 715
30573 7 2812
30598 1 1152
30604 1 1396
30605 1 1929
30608 1 36
30622 5 2448
30632 1 1052
30635 1 2140
30639 1 8117
30642 1 3081
30644 1 787
30646 1 3639
30653 1 884
30655 1 535
30662 1 638
30686 1 58
30733 1 638
30738 1 1986
30754 1 1367
30779 4 1137
30808 1 2494
30865 1 902
30877 3 1541
30902 1 1476
30905 1 1442
30929 1 1671
30930 1 1699
30936 2 2343
30959 1 394
30966 6 1185
31045 2 24677
31051 25 1618
31123 1 2317
31134 2 414
31138 2 481
31146 1 1006
31159 1 56
31160 1 42
31161 1 45
31162 1 40
31163 1 50
31164 1 64
31165 1 53
31166 1 66
31167 1 47
31168 1 41
31169 1 101
31170 1 37
31171 1 41
31172 1 41
31173 1 44
31174 1 45
31175 1 45
31176 1 20
31179 1 31
31234 1 2296
31235 1 1666
31236 1 1725
31237 1 2292
31240 1 360
31250 1 1677
31256 1 933
31257 2 1242
31289 4 1482
31293 3 90
31296 1 410
31297 1 407
31298 1 545
31303 4 564
31304 4 553
31305 4 613
31311 3 3229
31327 1 3711
31328 5 3214
31340 1 1091
31353 1 980
31395 3 3700
31399 1 1760
31406 1 3326
31417 1 1164
31431 3 574
31432 3 574
31441 2 1845
31447 1 1008
31449 3 1693
31451 1 346
31452 3 419
31461 35 4365
31464 1 750
31465 1 1141
31514 1 617
31543 1 2159
31544 1 2626
31548 22 1600
31550 1 1019
31564 2 431
31565 2 431
31574 1 659
31599 2 596
31606 1 2118
31612 1 724
31613 2 284
31614 2 290
31615 2 613
31616 2 346
31635 10 644
31636 5 631
31637 5 561
31644 1 1272
31649 1 805
31658 1 694
31689 1 2682
31695 2 1371
31698 2 457
31708 3 1052
31709 3 1133
31710 3 952
31730 2 635
31731 1 3982
31775 1 161
31821 1 4061
31825 1 3867
31827 2 344
31834 6 1157
31854 1 297
31855 2 827
31859 1 1265
31860 3 1825
31874 2 640
31929 3 15160
31936 1 3664
31947 2 1265
31951 1 962
31952 1 1105
31954 1 2261
31957 1 1455
31961 1 705
31963 2 475
32000 1 746
32019 1 4793
32020 1 1581
32030 8 812
32031 1 202
32056 1 26
32057 1 37
32058 1 27
32062 1 53
32063 1 50
32064 1 56
32065 1 47
32066 1 57
32067 1 40
32068 1 32
32069 1 57
32070 1 81
32071 1 34
32072 1 45
32073 1 46
32074 1 39
32075 1 48
32076 1 57
32077 1 37
32078 1 40
32079 1 60
32080 1 43
32081 1 41
32082 1 43
32083 1 54
32084 1 59
32085 1 49
32086 1 54
32087 1 51
32088 1 45
32089 1 48
32090 1 63
32091 1 55
32092 1 83
32093 1 93
32094 1 38
32095 1 80
32096 1 71
32097 1 64
32098 1 54
32099 1 49
32100 1 47
32101 1 51
32102 1 52
32103 1 51
32104 1 39
32105 1 53
32106 1 54
32107 1 35
32108 1 19
32109 1 16
32110 1 18
32111 1 19
32112 1 27
32113 1 35
32114 1 30
32115 1 42
32116 1 35
32117 1 43
32118 1 33
32119 4 83
32121 1 2253
32123 36 9539
32124 2 1277
32175 1 1787
32176 1 1706
32177 1 1654
32178 1 1008
32179 1 1003
32180 1 1289
32181 1 2305
32182 1 1464
32183 1 1671
32184 1 2319
32185 1 1792
32186 1 1322
32187 1 2315
32188 1 1300
32205 3 687
32211 2 954
32217 1 1083
32221 1 719
32240 2 3457
32241 1 5341
32242 4 1349
32249 1 638
32255 4 550
32256 4 541
32257 4 557
32269 2 550
32274 1 543
32302 4 3115
32314 1 2456
32328 1 1109
32329 1 5073
32347 1 824
32388 2 24490
32390 1 237
32391 1 365
32401 3 574
32402 3 574
32407 1 1478
32408 2 2851
32413 1 2301
32422 1 581
32426 1 3386
32432 1 1300
32475 1 179
32483 1 1282
32500 2 657
32551 1 1569
32565 1 1204
32569 1 1631
32571 2 431
32572 2 431
32579 2 442
32584 1 2115
32610 2 1082
32617 2 258
32618 2 377
32619 2 377
32620 2 431
32621 2 526
32622 2 413
32623 2 461
32624 2 490
32625 2 315
32626 2 443
32627 2 366
32628 2 306
32629 2 434
32640 1 714
32651 5 710
32652 5 757
32662 1 2165
32663 3 3914
32664 2 1019
32681 1 941
32694 1 2647
32699 1 810
32703 1 345
32716 1 477
32718 1 5437
32719 1 5014
32727 3 1017
32728 3 981
32739 1 297
32742 1 922
32749 1 1148
32752 1 2880
32768 1 892
32781 1 2000
32789 1 341
32790 1 350
32811 1 1871
32822 1 2367
32918 2 188
32976 1 1811
32981 1 1223
32986 1 3067
32987 1 993
33004 1 1703
33020 2 384
33065 1 2052
33068 1 21
33085 1 412
33091 3 10334
33127 2 235
33133 8 1216
33141 1 1413
33169 1 721
33176 3 315
33188 3 10275
33195 1 626
33206 2 858
33215 1 1134
33232 2 1378
33263 1 532
33272 2 1656
33285 1 3524
33302 1 870
33310 1 9499
33325 1 657
33332 2 230
33364 1 721
33409 1 1260
33412 2 800
33421 1 784
33479 3 184
33550 1 1909
33561 1 716
33585 1 3694
33586 2 2998
33590 2 3769
33611 1 1184
33615 2 228
33620 1 971
33627 1 763
33633 1 292
33657 1 1436
33667 1 5472
33675 1 2486
33714 1 797
33736 1 162
33763 1 2200
33764 3 331
33779 1 1792
33788 1 772
33804 21 6411
33808 1 1401
33831 1 6374
33847 1 7078
33856 1 533
33901 2 1734
33922 2 815
33933 1 503
33946 3 914
33948 3 1368
33949 1 537
33953 1 719
33954 1 766
33976 1 978
33982 1 3039
33986 1 268
33995 1 315
34001 1 1517
34003 2 1358
34029 3 3971
34052 2 11789
34060 1 452
34062 1 2698
34089 2 382
34100 1 837
34127 1 968
34142 1 303
34159 2 1830
34176 1 924
34198 1 556
34201 3 2057
34208 1 2130
34209 1 1701
34223 1 1760
34233 2 297
34245 1 480
34248 17 827
34251 3 920
34254 1 763
34255 1 670
34268 1 3482
34272 1 1076
34289 2 2981
34332 1 758
34350 3 194
34362 1 806
34372 8 3359
34392 4 3063
34395 1 2479
34396 1 5213
34397 1 1067
34401 1 529
34439 1 1490
34445 1 2643
34454 2 1630
34457 4 1594
34467 1 838
34468 1 44
34469 1 37
34470 1 45
34471 1 47
34472 1 41
34473 1 48
34474 1 43
34475 1 50
34476 2 142
34478 1 1361
34479 1 1119
34480 1 2110
34481 1 3475
34492 1 36
34496 3 1346
34498 1 817
34505 1 3691
34516 1 459
34526 1 2380
34534 1 1101
34548 1 2298
34556 1 2148
34652 1 1004
34662 3 1885
34665 1 1365
34684 1 1140
34713 1 1199
34722 2 1829
34752 1 1744
34757 3 1160
34791 1 1079
34792 1 862
34793 1 953
34820 3 7148
34840 1 591
34876 1 459
34883 1 1692
34923 1 2774
34937 1 1326
34959 1 618
34972 1 2699
34983 3 656
34986 4 1778
34990 1 5418
35000 1 31
35001 1 37
35002 1 40
35003 1 41
35004 1 56
35005 1 43
35006 1 64
35007 1 47
35008 1 48
35009 1 61
35010 1 14
35011 1 25
35012 1 45
35017 71 17687
35039 10 2773
35044 1 1362
35045 1 1304
35046 1 1032
35047 1 1718
35048 1 1360
35073 1 1101
35084 5 180
35151 3 4287
35156 1 673
35170 1 1948
35191 1 374
35204 1 727
35206 2 776
35229 1 997
35235 1 473
35319 2 534
35336 1 1307
35368 1 2496
35378 1 803
35385 1 1452
35393 1 970
35399 4 6478
35471 2 1247
35476 1 180
35482 1 1290
35483 2 1826
35504 1 1747
35513 1 481
35518 1 750
35562 1 738
35569 1 768
35577 1 18
35645 11 3206
35658 1 276
35661 2 405
35678 1 1277
35714 2 1619
35728 1 571
35729 38 796
35730 2 850
35732 7 981
35766 1 1100
35818 1 2401
35825 1 3773
35828 1 5244
35830 2 2280
35832 1 2158
35835 1 1430
35836 1 1061
35837 4 2391
35840 3 5256
35848 1 849
35850 1 2980
35861 3 10960
35881 2 849
35887 1 4260
35946 1 3409
35986 1 611
36023 1 5721
36028 1 1853
36051 1 3640
36059 3 488
36061 2 213
36083 2 1627
36109 1 12698
36130 8 2211
36134 4 19793
36135 1 1001
36175 2 1254
36180 3 691
36181 2 544
36182 1 456
36214 1 2240
36215 1 2448
36245 2 843
36258 1 582
36262 1 35
36264 2 1039
36270 1 1047
36274 2 765
36276 2 1101
36278 1 469
36283 1 691
36287 1 1827
36290 1 1878
36295 1 882
36299 1 2612
36304 3 1491
36305 1 731
36309 1 36
36311 1 2920
36313 1 1437
36330 1 1117
36333 1 1086
36334 1 1139
36341 1 828
36342 5 1083
36345 4 798
36350 5 893
36361 2 2132
36363 4 2502
36364 1 2554
36375 1 503
36382 1 254
36443 1 1970
36444 1 1023
36453 1 355
36454 1 499
36498 9 8241
36553 1 1086
36589 1 43
36590 1 5680
36600 1 1304
36612 3 2808
36628 1 4247
36662 1 161
36664 3 1214
36672 1 641
36678 1 653
36701 1 971
36718 1 910
36732 2 18263
36733 1 685
36734 14 782
36735 6 457
36737 1 707
36742 1 1373
36745 10 3421
36763 3 821
36778 1 759
36828 1 1444
36863 10 3262
36882 1 6259
36885 3 309
36892 1 224
36903 1 807
36906 4 991
36931 2 1745
36933 1 355
36935 1 867
36945 16 21910
36955 1 610
36959 8 662
36962 1 5960
37038 2 1290
37039 5 1824
37062 1 484
37092 1 703
37164 6 3578
37165 1 1811
37206 1 2132
37207 1 308
37211 1 1200
37216 2 1659
37263 1 63
37308 1 1081
37310 2 7113
37321 2 1056
37347 1 858
37368 1 1160
37378 3 1224
37381 1 1394
37382 1 3256
37384 1 1980
37400 1 1054
37411 1 375
37419 1 13883
37454 1 8351
37469 5 977
37567 1 2983
37572 4 262
37587 2 2098
37592 1 1922
37599 3 1374
37604 2 1897
37605 1 1281
37611 1 45
37612 1 39
37617 1 1086
37618 1 744
37620 1 1774
37623 1 913
37631 1 36
37649 1 1913
37650 1 2418
37661 5 5314
37662 5 2053
37676 1 747
37677 1 486
37683 1 1248
37686 1 2096
37693 1 191
37698 1 5406
37711 2 674
37712 10 8990
37720 1 910
37726 1 1722
37741 2 1024
37778 1 1729
37885 2 814
37893 3 7547
37896 1 871
37897 2 1027
37911 3 8246
37929 3 2603
37936 1 335
37959 2 3028
37962 3 2971
37972 1 1436
37984 1 1580
38014 1 1335
38019 1 1935
38020 1 688
38031 1 493
38035 3 1861
38071 1 743
38073 1 1947
38074 1 1582
38087 2 1289
38109 1 1202
38128 2 689
38131 1 386
38136 3 701
38140 6 1404
38151 1 2229
38156 2 1254
38168 1 976
38195 2 2948
38199 1 2577
38223 13 12647
38228 1 392
38233 1 905
38237 1 4950
38243 5 1851
38305 1 744
38325 3 386
38330 1 672
38365 1 774
38377 1 936
38384 1 314
38385 2 613
38452 2 1545
38457 1 1223
38459 5 335
38564 6 4067
38567 1 628
38569 1 928
38611 2 5792
38625 1 127
38631 1 1317
38642 3 1372
38656 1 1164
38671 2 1330
38679 2 4243
38698 1 345
38699 1 1357
38703 2 646
38715 1 5564
38729 1 807
38730 1 754
38731 1 818
38740 1 120
38759 1 150
38760 1 193
38770 2 933
38778 1 3309
38785 2 483
38790 1 382
38794 1 2594
38797 1 1539
38820 4 2102
38843 1 1325
38845 2 413
38846 2 403
38847 4 1344
38880 2 1528
38891 8 3038
38896 1 1300
38944 1 3052
38973 3 508
38974 1 514
38984 1 268
38985 4 1422
38991 2 1489
38992 2 261
39010 2 2843
39087 1 392
39099 1 926
39115 1 1536
39116 2 1277
39148 1 4610
39162 5 311
39163 2 879
39164 2 2936
39170 4 1347
39174 2 2046
39175 1 3064
39181 2 3063
39187 1 715
39191 2 737
39193 1 3626
39195 1 2112
39196 2 1333
39197 1 859
39198 2 2105
39200 2 1003
39202 6 2039
39205 1 770
39206 1 36
39207 1 36
39208 1 36
39239 3 819
39241 1 7079
39250 1 644
39255 1 1425
39275 1 1055
39278 1 5705
39279 1 5440
39280 1 2767
39281 1 1733
39284 1 476
39294 1 1948
39301 7 12335
39341 2 9083
39344 3 679
39401 3 3431
39428 1 870
39431 1 836
39442 1 585
39473 1 461
39494 1 867
39496 1 897
39503 1 311
39508 1 543
39511 4 1178
39558 1 388
39561 2 896
39587 1 384
39615 1 1113
39617 2 698
39672 1 479
39719 1 1016
39781 1 1529
39790 1 720
39799 1 994
39833 1 472
39852 1 170
39856 1 418
39907 1 453
39912 1 471
39920 2 1039
39927 1 1251
39939 2 2186
39963 1 452
39978 2 30166
39979 2 1295
39981 1 637
39993 1 6188
39995 1 2204
40018 4 544
40022 1 2312
40036 1 2425
40044 5 1776
40053 6 3632
40068 1 596
40070 2 1450
40108 1 371
40131 1 5534
40184 1 1340
40187 1 955
40198 2 5290
40200 1 2237
40234 3 220
40242 2 375
40253 1 3705
40254 1 2478
40255 1 3713
40256 1 1952
40257 1 3718
40262 14 1516
40298 1 1191
40345 1 1243
40379 1 182
40402 3 1116
40407 2 2371
40414 1 3454
40435 1 2577
40494 1 1017
40510 1 1126
40517 2 413
40534 1 4269
40538 3 14088
40586 2 8741
40644 1 2413
40648 1 7183
40663 2 2472
40671 1 872
40683 4 1321
40689 1 446
40693 5 1541
40694 1 906
40695 1 8337
40696 1 6423
40697 1 2727
40699 1 141
40714 1 881
40728 4 454
40738 1 1070
40739 1 5778
40747 1 5237
40768 1 619
40772 1 2487
40775 1 1455
40788 2 1583
40800 1 213
40817 1 2302
40819 15 10440
40820 3 4100
40899 2 5270
40918 6 1001
40938 1 1411
40965 3 616
40966 3 1237
40968 2 3581
40969 1 944
40983 1 261
41013 2 2867
41032 1 2291
41033 1 2191
41035 2 972
41038 1 877
41041 2 175
41047 1 1994
41052 1 6547
41054 1 847
41057 2 3871
41077 2 1806
41100 1 1368
41111 2 2649
41113 4 1884
41131 1 4182
41150 2 378
41151 2 438
41168 1 251
41178 5 684
41179 5 771
41180 5 763
41181 5 594
41191 1 2001
41192 1 1154
41219 1 1078
41247 1 1335
41256 7 477
41270 1 1544
41272 1 995
41273 3 1001
41327 1 4020
41341 2 1666
41413 1 942
41460 2 193
41476 4 158
41487 1 169
41620 1 603
41664 2 608
41674 1 4187
41675 1 1320
41714 1 984
41719 2 632
41721 1 2315
41726 1 2949
41729 1 1363
41735 1 659
41736 1 693
41765 1 2363
41817 1 353
41825 1 325
41839 1 1382
41847 1 286
41853 5 4530
41891 1 1058
41943 1 866
41946 1 908
41981 2 154
41987 1 1216
41991 1 2217
42018 2 811
42019 1 6660
42020 1 2292
42027 1 465
42028 2 3931
42029 2 766
42030 1 2922
42031 4 1805
42032 1 351
42036 1 684
42047 4 818
42051 1 2366
42061 6 3008
42075 1 1237
42079 1 462
42085 1 6194
42107 1 1958
42114 1 5169
42118 4 2292
42119 1 4002
42131 1 1494
42135 1 5733
42148 1 3966
42161 3 9423
42179 1 1490
42182 7 2436
42236 2 1927
42261 2 6604
42297 2 1946
42310 1 809
42314 1 1280
42318 1 143
42326 3 948
42336 1 305
42344 1 3974
42359 1 2478
42362 1 10503
42374 4 1702
42377 1 617
42473 1 3755
42476 1 2207
42502 1 786
42511 1 1464
42523 2 439
42530 2 309
42541 2 901
42556 1 882
42559 4 2800
42562 1 1134
42563 1 471
42567 3 3374
42568 1 1636
42569 1 3491
42570 1 856
42572 1 2840
42576 6 1655
42578 1 41
42584 4 1300
42585 1 2844
42593 3 2229
42595 1 978
42600 1 2138
42601 1 2101
42635 1 1088
42640 5 12636
42643 1 496
42650 1 831
42655 1 1535
42661 1 1027
42681 1 2570
42758 4 1386
42769 2 8334
42837 4 2818
42842 1 2027
42847 1 1125
42892 1 2540
42896 1 3235
42899 1 1614
42903 2 311
42904 2 732
42905 2 386
42906 2 315
42907 2 734
42908 5 398
42909 2 319
42914 7 1101
42916 1 528
42919 2 443
42922 1 1156
42957 5 640
42958 5 605
42968 1 2559
42969 1 2363
42993 1 577
43001 1 856
43010 2 493
43011 1 1189
43019 1 590
43022 1 798
43027 2 1898
43033 1 57
43036 1 612
43069 1 1058
43071 1 864
43150 22 9162
43252 1 1159
43253 1 1588
43260 2 1445
43316 1 1838
43331 1 1364
43332 1 994
43418 8 1353
43421 1 853
43423 2 415
43425 1 386
43428 3 1779
43432 1 919
43433 1 562
43434 1 572
43435 2 400
43446 1 8554
43447 1 1494
43448 2 5826
43476 2 2726
43477 3 22611
43480 1 672
43481 5 1042
43490 1 1268
43507 1 1101
43508 1 1409
43511 1 879
43519 9 1593
43526 1 1427
43570 1 790
43572 1 693
43573 1 393
43583 1 569
43587 3 408
43591 1 1736
43595 16 1253
43611 1 1321
43632 1 1125
43649 5 4774
43657 1 1637
43659 1 1360
43670 12 3188
43679 4 494
43740 4 638
43746 1 534
43764 2 9601
43770 1 1254
43796 3 5679
43800 1 839
43808 1 1297
43810 2 966
43832 9 1187
43838 1 5071
43849 1 648
43868 1 446
43890 1 2794
43895 1 1163
43898 1 2947
43900 1 1267
43901 1 134
43923 1 602
43937 2 1476
43942 1 2137
43964 1 1339
43995 2 1181
43999 1 5400
44016 1 981
44023 3 1497
44050 1 4928
44065 1 318
44081 8 4117
44091 1 5768
44094 1 738
44099 3 1566
44130 2 6601
44138 1 299
44145 1 1893
44169 1 640
44182 1 930
44191 2 1020
44220 17 7927
44273 1 846
44276 1 730
44289 3 611
44323 1 1224
44330 1 696
44336 23 9286
44361 1 390
44363 2 757
44368 1 538
44370 1 4236
44371 1 1226
44372 1 5509
44375 1 501
44402 1 1038
44417 13 1031
44423 3 2828
44439 1 2467
44447 2 1998
44453 1 58
44456 4 1155
44458 1 718
44461 1 1688
44462 1 1299
44465 5 1702
44466 1 1110
44487 1 1650
44499 1 966
44506 1 1670
44517 1 652
44520 16 3794
44534 1 1427
44595 1 47
44596 1 54
44598 1 59
44599 1 43
44600 1 60
44601 1 53
44602 1 39
44603 1 46
44604 1 40
44605 1 42
44606 1 41
44607 1 43
44608 1 47
44609 1 46
44610 1 35
44612 1 56
44613 1 67
44614 1 59
44615 1 38
44616 1 59
44617 1 51
44618 1 42
44619 1 52
44620 1 62
44621 1 46
44622 1 50
44623 1 54
44624 1 53
44625 1 56
44626 1 53
44627 1 72
44628 1 42
44629 1 55
44630 1 66
44631 1 51
44632 1 38
44633 1 58
44634 1 46
44635 1 43
44636 1 57
44637 1 49
44638 1 39
44639 1 57
44640 1 71
44641 1 50
44642 1 47
44643 1 47
44644 1 42
44645 1 52
44646 1 56
44647 1 84
44648 1 48
44649 1 57
44651 1 50
44652 1 52
44653 1 61
44657 1 72
44658 1 58
44659 1 52
44660 1 40
44661 1 56
44662 1 77
44663 1 52
44664 1 62
44665 1 52
44666 1 49
44667 1 53
44668 1 58
44669 1 67
44670 1 62
44671 1 67
44672 1 58
44673 1 50
44674 1 50
44675 1 42
44676 1 41
44677 1 48
44679 1 59
44680 1 22
44681 1 19
44682 1 39
44683 1 33
44684 1 16
44685 1 38
44686 1 40
44687 1 18
44688 1 20
44689 1 16
44690 1 15
44691 1 14
44692 1 27
44693 1 13
44694 1 35
44695 1 37
44696 1 27
44697 1 41
44738 1 1542
44739 1 1416
44740 1 1004
44780 2 3261
44795 1 1052
44806 1 2433
44823 3 90
44826 1 603
44827 1 486
44828 1 578
44829 1 501
44830 1 458
44831 1 128
44832 1 430
44833 1 409
44834 1 218
44835 1 506
44838 1 374
44839 1 576
44841 1 416
44842 1 592
44843 1 558
44845 1 536
44850 4 570
44874 1 3594
44879 4 3172
44901 1 798
44914 1 33
44939 1 389
44942 1 292
44953 2 900
44956 1 7041
44957 2 10010
44958 1 985
44962 1 1439
44965 1 542
44970 1 1122
44971 1 278
45074 5 969
45098 1 1554
45159 6 13537
45162 1 989
45163 1 1509
45171 1 528
45184 1 136
45186 1 516
45225 2 254
45226 2 390
45227 2 590
45228 2 566
45229 2 279
45230 2 316
45231 2 262
45239 1 487
45246 2 2149
45258 5 799
45259 6 611
45260 5 899
45271 1 463
45273 1 2683
45320 1 1520
45332 1 1739
45347 1 167
45369 1 1016
45388 5 1745
45402 1 933
45411 2 845
45527 2 219
45630 2 178
45683 1 694
45690 1 374
45696 1 232
45707 1 3610
45724 1 99
45731 1 582
45740 1 121
45800 1 431
45805 4 507
45809 1 1675
45810 3 1799
45816 1 899
45820 1 1773
45822 8 1426
45848 15 436
45852 1 462
45858 2 2087
45859 2 21421
45860 1 972
45862 9 480
45875 1 1388
45882 1 1165
45898 1 550
45906 1 1209
45913 1 1708
45969 3 1208
45976 1 1351
45986 1 366
45987 1 517
45994 1 993
46024 1 51
46112 1 1216
46119 1 135
46126 1 1522
46136 1 984
46146 3 874
46159 1 1337
46239 1 914
46289 1 4086
46291 1 2129
46306 2 4474
46319 1 2904
46338 1 1674
46417 1 1264
46418 1 1254
46435 1 1078
46456 1 728
46482 1 1205
46502 2 1023
46512 1 4395
46593 3 770
46605 1 941
46611 10 2127
46612 8 2153
46614 1 752
46624 1 3546
46633 1 1565
46634 2 2594
46637 1 1010
46670 1 1475
46686 5 311
46687 1 1479
46689 2 1372
46690 1 843
46696 4 1298
46699 1 1461
46708 1 53
46709 1 47
46710 1 32
46711 1 52
46712 1 57
46713 1 43
46714 1 39
46715 1 47
46716 1 41
46717 1 31
46718 1 45
46719 1 40
46720 1 39
46721 1 28
46722 1 37
46723 1 40
46724 1 34
46730 1 1979
46733 1 728
46734 1 1928
46735 1 1806
46739 1 1076
46740 1 1167
46743 2 441
46749 2 6951
46750 1 978
46757 1 1103
46762 4 774
46768 5 712
46769 1 2579
46771 1 1801
46776 1 214
46780 1 1725
46782 1 1711
46783 1 2182
46784 1 2048
46811 1 2035
46821 1 1634
46825 1 1815
46835 1 182
46839 2 1057
46845 1 878
46913 1 1961
46923 2 508
46937 4 1271
46938 3 8253
46940 6 1893
46979 1 544
46996 1 318
47002 1 1260
47015 1 614
47056 1 414
47057 1 997
47058 1 892
47070 1 1023
47073 1 300
47087 1 880
47133 1 1102
47148 2 1482
47153 9 1159
47160 1 4319
47190 1 1899
47192 1 687
47193 1 186
47199 2 3686
47215 12 1630
47216 3 573
47220 2 631
47258 1 2107
47270 1 2703
47274 1 830
47284 1 781
47299 1 2019
47300 1 38
47301 1 53
47302 1 42
47303 1 98
47304 1 46
47305 1 38
47328 1 556
47329 1 667
47350 16 2865
47351 1 1367
47352 1 1025
47353 1 1046
47354 1 1367
47355 1 1023
47356 1 1695
47369 1 791
47376 2 842
47377 2 1217
47393 2 661
47411 3 90
47413 1 464
47414 1 293
47415 1 441
47416 1 698
47417 1 366
47423 4 556
47424 4 670
47459 1 8496
47466 1 9
47471 4 1640
47493 2 426
47496 1 2373
47507 2 2065
47526 2 967
47530 1 349
47538 1 4411
47543 3 2250
47544 3 1704
47552 1 1137
47556 3 415
47559 1 11224
47576 2 2029
47608 1 147
47614 1 645
47648 3 683
47651 1 3064
47664 3 2616
47696 1 35
47740 1 269
47747 5 757
47755 3 670
47756 1 3021
47758 1 1263
47760 1 1544
47789 1 522
47794 1 2859
47800 1 10768
47803 2 1029
47804 1 739
47808 2 572
47829 1 666
47830 1 479
47863 5 1267
47865 1 1970
47890 1 959
47921 5 336
47925 1 1584
47929 1 716
48022 7 541
48045 10 11481
48064 2 262
48069 1 3129
48073 1 903
48078 2 11919
48080 1 788
48091 1 849
48094 1 1182
48097 2 494
48102 1 1483
48114 3 991
48125 1 1715
48130 1 978
48136 1 802
48137 1 809
48138 1 781
48139 1 671
48142 5 326
48148 1 1709
48149 1 949
48150 2 1299
48155 2 478
48156 2 539
48172 1 448
48181 1 1551
48187 2 1085
48197 2 8238
48199 6 1135
48216 1 365
48224 1 3121
48231 1 387
48234 1 7467
48247 1 2933
48269 3 11120
48279 1 1412
48290 1 2106
48314 1 1603
48359 1 3631
48378 1 893
48379 4 6270
48407 1 1657
48408 2 1213
48420 1 299
48421 1 301
48422 1 309
48423 1 468
48424 1 456
48433 2 400
48440 2 1635
48452 1 943
48454 2 2048
48463 1 1684
48470 1 2310
48491 4 545
48498 1 937
48499 1 504
48525 1 392
48539 1 210
48546 6 2386
48565 1 702
48566 1 3055
48578 1 203
48621 8 525
48624 1 404
48628 1 1740
48662 1 522
48676 1 1096
48685 1 193
48686 1 275
48687 1 299
48688 11 237
48703 4 2166
48723 1 863
48728 1 2201
48767 2 559
48773 1 47
48779 1 3569
48782 1 1152
48814 11 3174
48817 1 480
48818 2 3023
48834 1 616
48852 1 775
48861 1 789
48864 6 1135
48872 1 79
48876 1 220
48912 4 2452
48914 11 1166
48945 1 294
48952 1 1906
48954 2 4360
48960 1 2073
48963 1 927
48967 1 1372
48978 7 153
48980 7 151
48986 1 152
48989 3 1067
49009 1 1183
49013 1 407
49015 1 2835
49023 1 1908
49071 1 1361
49077 1 1137
49091 4 2149
49108 3 255
49112 1 1134
49128 1 643
49139 1 1280
49140 1 1377
49141 1 1639
49154 1 588
49173 6 10707
49174 8 9273
49175 5 9938
49176 10 11069
49182 3 1444
49183 8 2240
49184 1 2455
49188 2 720
49203 1 1682
49217 1 938
49231 1 1134
49236 1 380
49243 1 817
49254 1 610
49257 1 1855
49280 1 703
49324 2 319
49341 3 2395
49366 1 5125
49367 2 2106
49369 3 512
49371 5 753
49372 5 893
49373 5 709
49374 1 223
49390 1 2010
49391 1 2970
49392 1 4953
49403 1 850
49436 1 668
49447 1 742
49484 1 3481
49497 2 288
49517 2 1671
49582 1 216
49607 1 466
49654 4 1685
49679 5 2751
49680 10 5727
49681 1 3266
49685 1 767
49710 2 465
49750 2 597
49776 1 9407
49782 1 2062
49806 1 1527
49827 2 721
49831 2 997
49844 1 6972
49845 1 1113
49857 2 693
49860 3 2471
49869 9 1403
49870 1 1382
49872 1 577
49873 1 452
49874 1 919
49879 8 1402
49882 3 675
49891 4 673
49894 2 100
49895 1 652
49919 1 2203
49920 1 1231
49921 1 1842
49923 1 738
49931 2 2794
49934 2 3099
49940 4 1997
49982 1 647
49985 2 901
49990 4 3509
50017 1 2970
50025 1 5763
50034 1 1651
50036 2 1008
50037 2 1127
50038 2 770
50133 1 525
50158 1 404
50186 1 5705
50192 1 1934
50193 3 184
50195 1 94
50198 1 442
50200 1 1454
50207 1 2916
50212 3 1522
50217 1 1971
50220 3 1015
50223 2 6104
50236 2 1937
50239 1 163
50251 2 895
50252 2 981
50263 1 1162
50264 1 1178
50307 1 1514
50405 1 1353
50409 1 2104
50436 1 72
50443 1 391
50444 1 331
50454 1 927
50488 1 1982
50508 4 635
50519 1 1368
50520 2 3232
50521 1 2941
50522 1 757
50536 1 884
50570 9 224
50591 1 296
50616 1 843
50624 4 512
50676 1 685
50677 1 794
50678 1 1278
50714 1 1566
50722 1 3030
50723 11 3146
50745 1 284
50749 4 1017
50750 1 828
50753 31 1998
50764 2 729
50765 2 589
50766 2 1255
50767 3 385
50771 1 1277
50786 1 1972
50794 1 404
50823 2 566
50832 1 321
50834 1 3519
50851 1 780
50861 3 652
50866 4 2623
50871 1 1144
50886 1 1179
50889 1 5625
50895 1 2073
50900 1 1783
50917 4 5455
50921 3 3926
50955 1 946
50966 10 8029
50983 4 16660
50995 1 1053
51015 3 337
51049 2 2306
51066 1 2595
51072 1 778
51094 1 729
51121 4 1534
51125 3 90
51127 1 434
51128 1 441
51142 3 838
51175 1 1150
51204 1 1086
51207 2 680
51213 1 934
51222 1 1571
51237 2 2338
51305 1 1663
51326 1 2077
51329 1 740
51343 2 434
51344 1 2554
51375 2 558
51385 1 1887
51397 5 795
51400 1 527
51404 1 2165
51420 1 814
51461 3 678
51466 1 1121
51477 1 605
51494 1 905
51544 1 1056
51545 18 10771
51588 5 1269
51631 1 120
51635 2 516
51639 2 235
51648 1 642
51650 3 757
51652 2 500
51657 1 1524
51672 3 3436
51674 1 1066
51699 2 1261
51700 1 972
51702 1 686
51712 2 2167
51733 1 416
51739 1 12
51748 1 5468
51796 1 1282
51802 1 5283
51803 9 2141
51805 1 952
51834 6 674
51837 3 273
51843 4 6718
51872 1 51
51873 1 735
51891 2 6407
51892 1 4521
51893 1 635
51894 2 3076
51899 1 12169
51915 1 627
51932 1 457
51954 4 1366
51966 1 593
51982 1 166
51990 1 189
51991 3 4229
51997 3 1007
52001 1 444
52004 1 937
52005 2 756
52017 1 975
52024 1 219
52025 1 712
52028 1 5224
52040 1 291
52097 2 816
52109 1 3805
52120 1 639
52147 11 691
52158 1 1149
52198 1 41
52204 1 729
52214 12 6634
52215 2 1222
52221 1 1170
52222 1 1753
52223 2 1842
52231 3 759
52244 2 1659
52246 1 358
52260 1 1065
52261 2 3083
52271 2 8131
52301 1 8406
52320 1 2961
52326 1 3702
52331 1 823
52345 11 3783
52382 2 1562
52392 1 1061
52406 3 4365
52409 2 1665
52410 1 1022
52411 1 563
52421 1 1746
52461 1 1052
52463 1 556
52490 1 1314
52493 1 2748
52503 2 1083
52504 1 676
52528 1 18
52541 1 3260
52546 3 8264
52561 1 52057
52601 1 580
52613 1 1549
52631 1 4596
52635 16 3805
52643 1 323
52651 1 2028
52659 1 82
52661 1 40
52662 1 46
52663 1 39
52664 1 41
52665 1 60
52666 1 59
52667 1 50
52668 1 56
52669 1 46
52673 1 38
52688 1 1495
52689 1 1489
52690 1 1737
52691 1 1724
52720 2 2878
52732 2 2006
52791 1 766
52797 5 2584
52807 1 293
52836 1 303
52845 1 159
52865 1 82
52881 1 432
52897 9 1089
52923 1 53
52926 1 841
52946 2 1982
52980 3 791
52981 7 842
52986 1 1447
52988 1 24350
53014 1 1208
53078 2 3327
53092 1 1626
53093 2 729
53094 3 299
53103 1 1051
53104 1 959
53132 6 1846
53138 1 1947
53139 1 3527
53140 1 4214
53143 2 2969
53158 2 9225
53207 1 1218
53210 2 1461
53214 1 129
53232 1 325
53240 2 154
53249 1 556
53252 1 743
53261 3 1586
53300 2 548
53329 2 3895
53337 1 3782
53342 1 3109
53343 1 2474
53347 2 549
53348 1 265
53350 1 1432
53355 1 319
53357 1 1058
53379 1 463
53380 1 281
53387 1 178
53391 1 578
53424 6 5193
53450 25 842
53463 1 630
53464 1 666
53467 1 2163
53491 1 5993
53493 8 8152
53519 2 1735
53538 1 2024
53650 1 1107
53674 3 1401
53706 1 2705
53707 1 5088
53708 1 2017
53709 6 7571
53717 2 4413
53726 1 2312
53760 2 1772
53763 1 423
53764 1 660
53768 2 2855
53769 1 2550
53772 5 1100
53774 1 37
53780 2 3112
53785 2 1323
53794 1 2430
53841 4 718
53845 1 2571
53846 1 2470
53847 2 1188
53849 4 1071
53888 1 5712
53917 1 715
53920 1 596
53929 2 1032
53930 2 1054
53936 4 1821
54093 1 4103
54144 2 2965
54145 3 943
54157 1 5381
54176 1 1327
54209 1 1340
54212 1 1573
54219 1 1337
54220 1 1087
54243 1 502
54288 1 993
54313 2 316
54317 1 368
54326 1 3836
54440 1 366
54441 1 4709
54443 1 486
54457 1 1157
54458 1 1022
54482 1 784
54486 2 308
54509 1 3235
54549 8 1029
54572 1 1067
54583 2 941
54585 3 328
54588 1 600
54589 1 2333
54604 1 450
54613 16 3856
54614 16 3684
54625 1 277
54691 1 1895
54706 1 50
54707 1 44
54708 1 45
54709 1 38
54710 1 96
54711 1 47
54713 1 46
54714 1 62
54715 1 74
54716 1 46
54717 1 46
54718 1 43
54719 1 60
54721 1 51
54722 1 38
54723 1 59
54724 1 51
54725 1 45
54726 1 60
54727 1 51
54728 1 58
54729 1 90
54730 1 62
54731 1 48
54732 1 52
54733 1 48
54734 1 40
54736 1 35
54737 1 58
54738 1 48
54739 1 49
54740 1 42
54741 1 38
54742 1 42
54743 1 47
54744 1 57
54745 1 45
54746 1 48
54747 1 31
54748 1 49
54749 1 68
54750 1 60
54751 1 55
54752 1 80
54753 1 89
54754 1 73
54755 1 51
54756 1 60
54757 1 84
54758 1 65
54759 1 64
54760 1 76
54762 1 41
54763 1 60
54764 1 65
54765 1 37
54766 1 45
54767 1 61
54768 1 56
54769 1 55
54770 1 45
54771 1 36
54772 1 55
54773 1 68
54774 1 66
54775 1 43
54776 1 54
54777 1 55
54778 1 50
54779 1 56
54780 1 54
54781 1 110
54782 1 61
54783 1 42
54784 1 49
54785 1 53
54786 1 58
54787 1 62
54788 1 64
54789 1 73
54790 1 51
54791 1 55
54792 1 37
54793 1 56
54794 1 48
54795 1 48
54796 1 36
54797 1 36
54798 1 51
54799 1 74
54800 1 57
54802 1 42
54803 1 95
54804 1 58
54805 1 61
54806 1 49
54807 1 25
54808 1 21
54809 1 15
54810 1 30
54811 1 39
54812 1 28
54813 1 41
54814 1 24
54815 1 30
54816 1 30
54817 1 35
54818 1 49
54819 1 40
54820 1 32
54821 1 36
54822 1 31
54823 1 35
54824 1 38
54825 1 39
54826 1 23
54827 1 19
54828 1 50
54829 1 19
54830 1 20
54831 1 19
54832 1 30
54833 1 20
54834 1 19
54835 1 22
54836 1 12
54837 1 14
54838 1 19
54839 1 18
54840 1 16
54841 1 22
54842 1 18
54843 1 19
54844 1 23
54845 1 16
54846 1 17
54847 1 19
54848 1 47
54849 1 21
54850 1 35
54851 1 34
54852 1 56
54853 1 40
54854 4 75
54855 4 99
54861 2 1691
54886 2 649
54896 1 1448
54897 1 972
54898 1 1396
54899 1 1696
54900 1 991
54901 1 1729
54902 1 1410
54903 1 1448
54904 1 1382
54905 1 987
54906 1 1014
54907 1 984
54908 1 1710
54909 1 1341
54910 1 1293
54911 1 1699
54912 1 1275
54913 1 1712
54914 1 1493
54960 2 830
54966 2 6126
54998 4 1411
55004 1 36
55007 1 137
55008 1 470
55009 1 630
55010 1 424
55011 1 622
55012 1 632
55016 1 470
55017 1 479
55018 1 401
55019 1 518
55020 1 405
55022 1 406
55023 1 570
55024 1 463
55025 4 438
55026 1 432
55029 1 355
55030 1 463
55031 1 456
55032 1 622
55033 1 358
55034 1 434
55035 1 537
55036 1 473
55037 4 625
55047 3 527
55056 4 1176
55096 1 1289
55098 1 565
55099 1 1159
55110 1 1197
55117 1 1442
55126 1 3321
55138 1 482
55139 1 237
55147 1 2912
55151 2 1332
55164 1 1267
55166 1 705
55308 1 905
55310 1 2287
55317 2 1034
55335 2 1116
55425 3 633
55441 1 718
55446 1 138
55449 1 1065
55479 1 1040
55482 1 877
55486 2 515
55487 2 316
55488 2 816
55489 2 331
55490 2 843
55491 2 509
55492 2 408
55493 2 400
55494 2 380
55496 2 5278
55498 1 5155
55515 1 1874
55533 5 939
55534 5 599
55535 5 726
55544 1 2066
55545 2 3187
55607 1 9422
55632 1 985
55634 1 1214
55647 2 478
55653 1 4392
55681 2 940
55771 1 315
55886 61 5463
55925 1 701
55928 2 1167
55940 3 175
56021 1 501
56044 1 506
56097 3 78
56100 1 284
56107 1 160
56137 1 121
56144 1 458
56165 1 403
56172 2 827
56173 3 557
56178 1 700
56180 1 1457
56181 2 1977
56189 1 1843
56191 1 2260
56199 2 1698
56201 1 1323
56202 2 276
56204 4 1621
56221 1 1051
56222 1 611
56223 1 5116
56246 1 536
56276 2 1882
56285 2 1032
56291 1 259
56321 1 2422
56399 1 1021
56409 1 1089
56428 1 1075
56452 1 393
56471 78 13098
56476 2 1966
56479 1 214
56485 1 889
56489 5 5171
56495 2 1972
56503 1 5900
56505 4 5118
56519 1 7799
56536 1 906
56553 7 7598
56554 1 373
56583 1 1551
56607 2 2013
56623 1 236
56644 1 492
56674 1 701
56698 1 1186
56700 1 2072
56703 4 2682
56705 1 2241
56711 5 1301
56737 1 1156
56738 1 1204
56739 1 1907
56743 1 820
56771 1 2565
56775 1 342
56778 1 340
56779 1 256
56780 1 345
56788 1 2350
56800 3 388
56801 6 5727
56824 1 1310
56830 1 705
56834 1 488
56839 3 8203
56857 1 2166
56858 1 2421
56861 1 1250
56938 3 699
56950 1 610
56955 16 3738
56961 1 7535
56975 1 1351
56983 1 230
56994 1 966
57020 2 635
57046 1 57
57047 1 76
57048 1 59
57049 1 51
57050 1 43
57051 1 45
57053 1 77
57054 1 25
57055 1 41
57056 1 35
57057 1 59
57058 1 58
57059 1 39
57060 1 75
57061 1 57
57062 1 52
57063 1 45
57064 1 69
57065 1 62
57066 1 50
57067 1 47
57068 1 31
57069 1 34
57070 1 50
57071 1 47
57072 1 33
57073 1 52
57074 1 41
57076 1 40
57077 1 44
57078 1 44
57079 1 49
57080 1 61
57081 1 38
57082 1 60
57084 1 53
57085 1 50
57086 1 39
57087 1 44
57088 1 117
57089 1 56
57090 1 45
57091 1 38
57092 1 51
57093 1 48
57094 1 79
57095 1 42
57096 1 53
57097 1 53
57098 1 50
57099 1 58
57100 1 49
57101 1 52
57102 1 52
57103 1 72
57104 1 65
57105 1 55
57106 1 52
57107 1 49
57108 1 51
57109 1 61
57110 1 61
57111 1 52
57112 1 60
57113 1 85
57114 1 58
57115 1 55
57116 1 55
57117 1 46
57118 1 61
57119 1 75
57120 1 79
57121 1 63
57122 1 52
57123 1 61
57124 1 56
57125 1 70
57126 1 58
57127 1 52
57128 1 80
57129 1 90
57130 1 58
57131 1 52
57132 1 39
57133 1 52
57134 1 68
57135 1 60
57136 1 69
57137 1 52
57139 1 45
57140 1 44
57141 1 51
57142 1 56
57143 1 43
57144 1 52
57145 1 50
57146 1 43
57148 1 23
57149 1 16
57150 1 16
57151 1 23
57152 1 23
57153 1 13
57154 1 26
57155 1 33
57156 1 39
57157 1 40
57158 1 36
57159 4 47
57161 1 2080
57188 1 824
57189 1 103
57213 1 1593
57215 1 843
57256 1 1106
57272 2 889
57273 2 1248
57291 1 785
57298 1 137
57299 3 1272
57323 4 1349
57329 1 88
57333 1 409
57334 1 475
57335 1 478
57336 1 511
57337 1 115
57338 1 400
57339 1 463
57340 1 604
57341 1 666
57342 1 574
57343 1 500
57344 1 584
57345 1 466
57346 1 431
57380 2 3371
57401 1 1176
57406 15 758
57436 1 3484
57443 1 1121
57476 2 1805
57490 1 1202
57493 1 795
57496 1 285
57518 1 3333
57523 1 1045
57528 1 566
57537 1 924
57546 1 1271
57547 2 503
57548 1 1424
57549 1 1672
57550 1 1672
57551 1 1637
57616 1 1787
57617 1 1772
57618 1 1770
57619 1 520
57620 1 3241
57621 1 3239
57622 1 3240
57623 1 3704
57624 1 3707
57625 1 3705
57626 1 1133
57635 1 160
57654 1 592
57667 2 648
57725 1 1668
57734 2 515
57743 1 2000
57748 2 1258
57756 1 588
57757 1 1344
57758 1 2719
57796 1 423
57800 1 1391
57801 1 2633
57804 1 1385
57812 2 446
57815 1 43
57823 1 833
57827 1 1465
57829 1 2379
57832 2 1094
57837 1 1247
57842 1 36
57845 1 1225
57847 1 1952
57888 1 1043
57890 1 2563
57893 4 876
57894 5 1008
57900 5 317
57901 2 1975
57906 4 1412
57908 4 893
57911 1 1835
57914 1 2836
57915 2 2190
57916 15 1132
57927 2 448
57937 1 716
57940 1 284
57948 1 5712
57949 1 5712
57950 1 10362
57951 1 10312
57965 2 3015
57966 1 43
57990 1 1694
57992 2 1010
57993 2 1126
57994 2 1029
57997 2 4870
58195 3 704
58196 2 1000
58213 3 518
58215 1 1221
58221 3 8233
58239 1 848
58247 2 19391
58314 1 717
58315 2 2480
58317 1 576
58318 1 718
58324 1 1125
58378 1 2575
58381 1 413
58409 2 780
58420 1 8658
58428 1 3148
58434 1 1166
58502 2 1134
58514 1 1385
58557 1 40
58558 1 41
58559 1 45
58560 1 44
58562 1 43
58563 1 55
58564 1 52
58565 1 58
58566 1 49
58567 1 38
58568 1 62
58569 1 48
58570 1 59
58571 1 39
58572 1 42
58573 1 55
58574 1 44
58575 1 55
58576 1 56
58577 1 72
58578 1 66
58580 1 37
58581 1 55
58582 1 53
58583 1 55
58584 1 42
58585 1 51
58586 1 50
58587 1 58
58588 1 56
58589 1 52
58590 1 50
58591 1 47
58592 1 40
58593 1 51
58594 1 39
58595 1 51
58596 1 38
58597 1 41
58598 1 51
58599 1 56
58600 1 54
58601 1 61
58602 1 46
58603 1 42
58604 1 49
58605 1 49
58606 1 60
58607 1 49
58608 1 49
58609 1 52
58610 1 59
58611 1 49
58612 1 42
58613 1 58
58614 1 42
58615 1 49
58616 1 33
58617 1 49
58619 1 40
58620 1 39
58621 1 57
58622 1 57
58623 1 57
58624 1 57
58625 1 57
58626 1 57
58627 1 57
58628 1 64
58629 1 57
58630 1 39
58631 1 39
58632 1 40
58633 1 45
58634 1 45
58635 1 42
58636 1 46
58637 1 47
58638 1 39
58639 1 39
58640 1 44
58641 1 48
58644 1 58
58645 1 52
58646 1 58
58647 1 57
58648 1 49
58649 1 44
58650 1 54
58651 1 59
58652 1 60
58653 1 49
58654 1 59
58655 1 57
58656 1 53
58657 1 46
58658 1 54
58659 1 50
58660 1 53
58661 3 56
58662 1 8
58663 1 14
58664 1 16
58665 1 8
58666 1 27
58667 1 15
58668 1 18
58669 1 23
58670 1 46
58671 1 39
58737 1 903
58738 1 497
58739 1 865
58740 1 536
58741 1 535
58742 1 891
58743 1 909
58744 1 866
58745 1 525
58747 1 1652
58761 1 414
58782 1 2475
58796 3 90
58798 1 534
58799 1 328
58800 1 479
58801 1 204
58802 1 475
58803 1 523
58804 1 493
58805 1 615
58806 1 371
58815 4 603
58816 4 564
58827 1 1069
58866 2 1688
58874 2 1816
58889 1 1343
58925 2 1726
58937 1 738
58940 3 4530
58966 1 5767
58967 6 3481
58968 1 815
58969 1 800
58970 1 799
58984 1 754
58985 1 752
59043 1 451
59044 1 1645
59045 1 1137
59046 1 942
59047 1 917
59048 1 919
59049 1 2182
59050 1 1865
59051 1 1868
59052 1 852
59053 1 2530
59054 1 2531
59055 1 510
59056 1 508
59057 1 2210
59058 1 2211
59082 2 754
59152 1 2763
59161 2 898
59198 2 458
59199 2 332
59200 2 340
59208 1 663
59213 1 439
59220 1 428
59222 5 699
59223 5 726
59224 5 872
59262 1 1268
59267 2 1398
59269 3 426
59283 1 186
59287 1 827
59348 1 10477
59350 1 8331
59357 2 1573
59403 1 989
59413 1 1448
59416 1 2234
59429 1 1054
59430 3 3685
59434 1 2472
59436 1 608
59437 2 1226
59438 1 976
59440 5 836
59460 3 1795
59462 2 1879
59463 1 2182
59464 2 1707
59474 1 3565
59477 1 343
59489 1 1634
59490 3 1051
59494 2 2310
59495 2 2353
59502 1 2133
59503 1 664
59511 1 1631
59512 1 3204
59514 1 1322
59515 1 2280
59525 1 1109
59528 4 1202
59555 3 1177
59556 1 2338
59596 3 988
59603 1 1181
59618 1 1895
59621 1 2882
59622 7 1137
59624 1 1064
59626 1 2003
59627 1 4734
59628 1 1173
59629 1 2062
59630 1 5288
59631 1 2500
59650 1 338
59662 2 14951
59676 2 816
59678 1 1480
59679 1 2650
59681 1 3350
59687 1 1419
59690 1 2297
59711 1 469
59712 1 4670
59722 1 847
59724 1 1133
59807 3 546
59808 2 1147
59812 1 1458
59813 2 1702
59824 3 1816
59830 1 881
59835 1 490
59841 1 713
59855 2 1222
59859 1 642
59922 15 3476
59945 5 941
59951 6 756
59979 1 364
59980 1 342
59984 4 2885
59985 3 4522
59987 1 5303
59988 1 5229
60017 2 1734
60025 1 176
60032 1 1691
60033 1 767
60040 2 5727
60044 3 1309
60062 2 928
60065 2 3606
60074 1 1151
60096 1 636
60097 1 640
60103 4 1494
60107 2 667
60115 2 586
60121 1 851
60126 1 47
60127 1 60
60128 1 50
60129 1 56
60130 4 111
60146 6 1774
60147 24 6561
60155 1 11169
60156 1 5280
60166 2 1269
60182 1 507
60184 1 998
60185 1 1405
60186 2 880
60187 1 1606
60200 2 1255
60223 2 1232
60224 1 8194
60237 3 383
60238 4 1338
60239 4 1030
60240 4 1594
60242 4 1441
60248 3 88
60256 1 627
60260 4 594
60270 2 1523
60273 1 600
60285 1 1744
60288 3 1474
60337 1 662
60343 1 1358
60345 1 484
60346 1 410
60350 1 1659
60351 3 2113
60356 2 898
60357 2 615
60373 1 368
60384 4 604
60388 2 978
60391 1 637
60407 2 486
60419 1 2011
60421 1 2492
60440 1 1116
60451 1 2513
60458 1 35
60460 2 925
60472 1 416
60485 11 2859
60486 1 1521
60494 1 398
60507 16 4075
60508 1 699
60518 2 425
60523 3 1348
60541 2 1488
60542 3 1829
60543 1 1510
60544 1 1178
60545 1 1028
60548 3 981
60562 3 2105
60565 2 57
60576 1 396
60581 1 423
60597 1 571
60600 1 734
60601 2 354
60611 2 2420
60624 2 536
60636 1 22
60639 1 47
60640 1 83
60641 1 51
60642 1 48
60643 1 40
60644 1 47
60645 1 51
60646 1 46
60647 1 39
60648 1 36
60649 1 39
60650 1 43
60651 1 43
60653 1 67
60654 1 39
60655 1 73
60656 1 30
60657 1 25
60658 1 23
60659 1 23
60662 4 6202
60668 1 103
60673 10 16517
60675 4 1688
60679 9 463
60686 1 1454
60718 3 90
60720 1 570
60721 1 476
60722 1 480
60725 4 596
60727 4 588
60728 4 580
60730 4 900
60740 2 3274
60741 2 3011
60742 1 42
60744 1 2509
60747 14 1472
60748 3 6845
60750 1 12275
60755 1 962
60771 1 4604
60806 2 672
60807 2 695
60808 2 690
60815 1 2171
60848 1 1052
60849 1 1785
60850 1 1791
60851 1 1784
60852 1 1600
60903 2 432
60904 2 432
60910 1 2877
60924 1 35
60925 1 35
60926 1 35
60938 2 429
60939 2 310
60940 2 324
60941 2 347
60942 2 330
60943 2 332
60944 2 442
60956 5 2287
60978 1 970
61005 2 1679
61006 1 1253
61007 1 1253
61017 3 2099
61042 3 749
61056 1 361
61059 2 4559
61073 6 8875
61074 1 668
61129 1 689
61147 1 640
61152 2 782
61153 1 863
61155 1 688
61157 1 783
61186 3 14302
61187 3 15707
61188 2 29700
61199 2 1761
61206 2 1042
61213 1 1171
61234 1 1412
61237 1 941
61238 1 1279
61239 1 1502
61240 1 2043
61241 1 1632
61247 1 993
61251 1 994
61269 3 8764
61285 1 456
61308 2 562
61343 2 1180
61344 12 3189
61352 4 18809
61356 1 265
61357 17 3441
61403 8 1969
61418 1 2160
61419 5 1002
61420 1 2042
61430 2 495
61463 3 1595
61469 1 1972
61470 1 2495
61471 1 2207
61497 2 5567
61499 1 254
61500 1 1204
61558 1 237
61568 1 720
61630 1 1422
61634 1 850
61635 5 2149
61636 4 2406
61651 2 3956
61659 1 6067
61667 1 1003
61681 2 785
61694 5 3121
61696 1 1162
61732 1 169
61737 1 537
61756 1 553
61758 3 980
61764 2 507
61765 1 2458
61766 1 3802
61768 1 485
61771 26 11091
61787 14 1326
61794 5 309
61795 5 309
61796 2 12819
61798 3 2257
61805 1 1227
61807 1 926
61808 1 799
61809 1 416
61810 1 890
61816 1 1916
61818 1 1458
61838 1 1648
61839 1 1782
61844 1 2020
61845 2 3591
61852 1 36
61853 1 37
61854 1 36
61855 4 988
61856 4 2579
61857 5 1621
61863 1 887
61864 1 1251
61870 1 3147
61878 1 2819
61880 1 2723
61881 1 2444
61883 1 577
61893 3 1205
61898 1 2787
61904 2 119
61915 2 984
61938 1 6544
61939 1 10305
61986 1 725
61991 1 301
62002 4 528
62003 1 2012
62004 1 2886
62016 2 209
62053 1 223
62070 1 1331
62084 1 426
62094 1 455
62096 1 958
62109 1 4903
62110 1 4274
62111 1 6309
62213 1 589
62229 1 7173
62236 2 2326
62310 2 3144
62311 2 2373
62312 2 459
62314 1 580
62321 1 1110
62323 2 619
62340 4 4587
62349 1 2237
62390 1 442
62426 1 170
62432 1 5539
62460 2 779
62462 1 825
62466 4 2353
62467 1 655
62468 1 2405
62576 1 38
62577 1 46
62578 1 39
62579 1 45
62580 1 42
62581 1 50
62582 1 39
62583 1 53
62584 1 63
62585 1 44
62593 1 2061
62631 1 866
62632 2 451
62651 1 342
62669 1 1183
62689 11 1217
62694 1 2218
62700 1 517
62701 1 549
62702 2 623
62703 1 484
62704 1 527
62706 1 453
62708 4 571
62709 4 754
62710 4 597
62725 4 3245
62755 1 1796
62767 3 14162
62775 1 2968
62778 1 1898
62791 2 2675
62824 1 4199
62825 1 437
62845 1 1156
62853 32 4078
62866 1 1794
62867 1 1739
62875 1 467
62916 1 572
62928 1 709
62929 1 5384
62930 1 2244
62931 3 2235
62936 1 1651
62937 1 1048
62938 1 1036
62939 1 1044
62940 1 1750
62942 1 1750
62943 1 1792
62945 1 1603
62946 1 1601
62947 1 1604
62951 1 2817
62957 1 1820
62981 1 2414
62992 1 5430
62993 1 607
62994 1 924
63001 2 558
63051 4 1657
63070 1 161
63073 1 6062
63074 1 4609
63075 1 3050
63076 1 3881
63077 1 5251
63093 1 3111
63095 1 433
63137 1 3259
63138 5 4006
63168 2 2328
63174 1 1111
63187 2 629
63192 5 625
63193 5 686
63194 5 559
63211 1 1886
63212 1 2663
63257 1 716
63258 1 1486
63265 1 1866
63268 1 944
63271 2 1472
63278 1 513
63288 3 419
63297 1 715
63298 1 474
63380 1 689
63462 2 3556
63474 1 217
63510 1 562
63555 2 7057
63564 1 3674
63565 8 3099
63569 1 1387
63570 1 477
63572 1 3748
63588 3 835
63590 2 1793
63597 2 1946
63638 2 842
63640 1 481
63656 2 6872
63664 2 572
63688 9 897
63697 1 578
63700 2 1270
63703 4 2027
63777 1 2978
63788 2 3142
63796 1 555
63801 1 509
63803 1 2123
63812 1 2413
63832 9 1265
63880 2 1289
63885 3 516
63889 1 694
63906 1 4261
63930 2 1373
63951 1 380
63955 1 1233
63961 1 1470
63962 2 3096
63968 1 39
63973 1 2472
63975 4 725
63977 1 544
63978 2 1445
63982 1 36
63985 1 978
63986 1 1741
64010 1 2508
64011 4 1334
64014 1 1052
64019 1 613
64020 1 1412
64021 1 4309
64022 1 1923
64023 4 1042
64034 1 2927
64048 1 531
64077 2 1341
64078 2 1341
64079 2 1341
64097 2 997
64098 2 1021
64099 1 1630
64305 2 1132
64325 3 1028
64331 1 3013
64343 1 1275
64350 2 20899
64358 1 747
64363 1 894
64365 3 755
64377 1 1147
64425 1 458
64444 1 682
64453 1 10145
64469 1 1141
64491 1 1559
64494 4 701
64502 1 680
64519 1 377
64529 1 3125
64567 1 521
64570 6 1583
64589 4 430
64597 2 751
64603 1 838
64627 10 380
64658 4 3929
64687 1 38
64688 1 54
64689 1 57
64690 1 34
64691 1 54
64692 1 64
64693 1 55
64694 1 37
64695 1 48
64697 1 47
64698 1 68
64699 1 44
64700 1 84
64701 1 43
64702 1 40
64703 1 43
64704 1 62
64705 1 46
64706 1 46
64707 1 40
64708 1 46
64709 1 49
64710 1 40
64711 1 40
64712 1 47
64713 1 51
64714 1 51
64715 1 43
64716 1 46
64717 1 40
64718 1 58
64719 1 48
64720 1 58
64721 1 58
64722 1 48
64723 1 48
64724 1 64
64725 1 63
64726 1 45
64727 1 65
64728 1 42
64729 1 51
64730 1 42
64731 1 39
64732 1 39
64733 1 57
64734 1 48
64735 1 52
64736 1 45
64737 1 55
64738 1 45
64739 1 57
64740 1 53
64741 1 51
64742 1 72
64743 1 52
64744 1 75
64745 1 57
64746 1 51
64747 1 54
64748 1 45
64749 1 71
64750 1 44
64751 1 44
64752 1 56
64753 1 68
64754 1 72
64755 1 78
64756 1 63
64757 1 57
64758 1 48
64759 1 52
64760 1 61
64761 1 46
64762 1 63
64763 1 60
64764 1 51
64765 1 49
64766 1 63
64767 1 61
64768 1 70
64769 1 63
64770 1 61
64771 1 41
64772 1 46
64775 1 59
64777 1 57
64778 1 82
64779 1 42
64780 1 16
64781 1 18
64782 1 17
64783 1 37
64784 1 43
64785 1 39
64786 1 23
64788 1 63
64789 1 44
64790 1 48
64791 1 46
64792 1 48
64793 1 40
64794 1 61
64795 1 39
64796 1 50
64797 1 36
64798 1 35
64799 1 44
64800 1 55
64801 1 43
64802 1 52
64803 1 67
64804 1 47
64805 1 63
64806 1 52
64807 1 64
64808 1 36
64809 1 50
64810 1 68
64811 1 32
64812 1 89
64813 1 50
64814 1 44
64815 1 38
64816 1 41
64817 1 77
64818 1 49
64819 1 53
64820 1 51
64821 1 66
64822 1 56
64823 1 77
64824 1 62
64825 1 16
64826 1 14
64827 1 17
64828 1 22
64829 1 23
64830 1 123
64846 1 657
64847 1 611
64848 1 1187
64903 1 538
64904 1 539
64905 1 505
64906 1 504
64907 1 489
64908 1 495
64909 1 499
64910 1 506
64911 1 475
64912 1 499
64913 1 497
64914 1 518
64915 1 533
64916 1 479
64923 1 828
64925 2 369
64959 1 1034
64964 1 88
64966 1 192
64967 1 668
64968 1 520
64970 1 526
64977 4 564
64978 4 549
64979 4 669
64993 2 2041
65007 4 3159
65019 1 1067
65026 2 304
65067 1 1069
65074 2 903
65080 1 1255
65081 3 721
65092 1 2579
65093 1 2401
65104 2 8712
65108 3 1542
65115 1 789
65129 2 15643
65130 4 3523
65131 6 1018
65265 1 5510
65271 1 2676
65272 1 2484
65359 1 654
65393 1 534
65398 1 1016
65403 3 1211
65421 6 3586
65433 1 2178
65521 1 240
65551 1 1082
65552 1 570
65581 1 659
65594 1 1539
65596 1 1788
65597 2 303
65601 1 1045
65614 1 2314
65623 1 510
65626 2 603
65645 1 1634
65656 4 3685
65668 1 993
65684 1 17249
65685 1 1579
65687 1 699
65716 1 60
65717 1 50
65718 1 44
65724 2 1237
65747 1 648
65756 2 670
65781 1 1689
65782 1 1701
65783 1 1724
65784 1 1034
65785 1 1670
65798 15 1604
65807 2 1381
65819 1 2102
65843 1 536
65844 1 550
65845 1 616
65846 1 526
65853 4 569
65854 4 641
65855 4 630
65856 4 570
65887 1 723
65889 1 1013
65902 1 357
65913 1 1357
65949 1 1541
65955 1 885
65971 1 1398
65973 1 1049
65977 4 887
65990 1 4364
65998 2 908
66008 1 1142
66027 1 937
66055 1 1289
66064 1 887
66066 2 431
66082 1 1232
66093 1 1350
66129 1 326
66130 1 1341
66140 1 35
66155 3 2599
66169 2 617
66177 1 2510
66186 5 636
66191 1 452
66226 1 1366
66244 1 804
66254 1 850
66267 1 764
66268 1 1257
66269 2 1221
66312 4 528
66350 1 839
66367 1 1530
66376 1 1935
66395 2 187
66415 2 6038
66417 1 2862
66471 1 3798
66472 1 3818
66473 1 2015
66474 1 1387
66479 3 1154
66487 1 1154
66495 1 933
66515 1 6274
66516 2 912
66529 1 1423
66548 1 825
66552 1 932
66556 1 988
66563 2 3128
66611 1 775
66646 1 98
66666 1 979
66678 1 1148
66683 1 317
66722 1 276701
66729 2 821
66730 2 376
66740 1 1112
66747 1 917
66751 1 11896
66766 4 1240
66784 1 560
66797 3 1766
66835 4 845
66838 3 1366
66867 7 2736
66880 1 3032
66889 1 1986
66916 1 188
66931 1 389
66947 1 18231
66965 1 1054
66966 8 1624
66973 10 1116
66974 1 1255
66999 1 1267
67004 2 710
67027 2 2379
67031 3 5324
67032 1 5505
67034 1 2166
67042 61 1358
67046 1 871
67047 1 2295
67048 1 1998
67051 1 423
67067 1 392
67074 2 9837
67084 2 1137
67087 1 797
67124 1 334
67140 1 1130
67224 1 359
67230 5 769
67253 3 752
67257 1 1710
67275 2 1069
67294 2 1338
67302 1 876
67309 1 844
67310 1 448
67318 8 1620
67321 1 2010
67335 1 4046
67337 2 2444
67342 1 6010
67345 1 1856
67346 1 1614
67347 1 1319
67353 1 750
67354 1 709
67355 1 6043
67359 1 3255
67375 1 994
67408 1 5567
67409 1 5448
67410 1 7180
67415 4 10077
67420 1 2247
67421 1 1526
67428 1 2521
67430 1 541
67444 1 307
67451 1 2767
67499 2 1293
67508 1 1345
67512 1 1455
67541 3 1378
67594 1 3023
67619 1 2054
67623 1 1432
67652 1 2159
67655 1 1887
67656 2 1484
67662 1 2616
67663 1 755
67701 3 3309
67706 2 1416
67721 1 1030
67724 2 650
67725 2 1884
67733 1 479
67734 1 820
67739 2 520
67740 2 989
67741 2 2150
67742 2 1745
67772 1 1925
67807 1 623
67811 1 686
67830 1 160
67841 1 1637
67844 8 2522
67849 1 571
67852 1 533
67871 1 1809
67873 1 326
67876 2 873
67884 1 954
67887 1 5056
67897 1 1662
67914 1 481
67928 1 1081
67932 1 1483
67962 1 841
67991 5 2957
67997 1 94
68006 1 982
68014 2 456
68030 1 857
68057 1 3416
68074 3 2212
68094 2 739
68106 1 587
68110 1 748
68113 8 4826
68114 1 2294
68120 3 7511
68121 1 129
68122 2 2437
68132 2 2295
68133 2 220
68175 1 740
68183 3 1099
68210 1 1864
68215 1 646
68231 3 1269
68233 3 522
68248 2 442
68283 2 875
68296 3 468
68299 1 122
68308 5 589
68311 1 1492
68327 1 255
68347 1 788
68357 1 205
68368 1 1969
68369 1 11195
68410 2 1341
68420 5 2517
68424 1 1934
68429 1 863
68441 2 991
68442 2 971
68449 1 485
68574 1 151
68677 1 810
68681 1 4179
68686 2 900
68696 3 8254
68697 2 1133
68707 1 4537
68734 1 1218
68740 2 887
68765 1 6394
68766 1 5324
68767 1 172
68772 1 904
68778 2 432
68825 2 1160
68876 3 1494
68880 1 376
68883 1 472
68905 10 1846
68911 1 1547
68920 2 2788
68960 1 1724
68964 1 11197
68973 1 1401
68981 2 358
68996 1 183
69005 2 668
69007 2 727
69088 1 388
69102 1 33
69103 1 73
69104 1 41
69106 1 40
69107 1 57
69108 1 78
69109 1 63
69110 1 48
69111 1 68
69112 1 62
69113 1 38
69114 1 77
69115 1 55
69116 1 46
69117 1 42
69118 1 40
69119 1 43
69120 1 50
69121 1 85
69122 1 55
69123 1 82
69124 1 52
69125 1 34
69126 1 55
69127 1 40
69128 1 43
69129 1 68
69130 1 122
69131 1 104
69132 1 108
69133 1 89
69134 1 102
69135 1 40
69136 1 61
69137 1 57
69138 1 55
69139 1 59
69140 1 43
69141 1 51
69142 1 53
69143 1 63
69144 1 51
69145 1 40
69146 1 40
69147 1 43
69148 1 46
69149 1 43
69150 1 53
69151 1 43
69152 1 47
69153 1 43
69154 1 40
69155 1 46
69156 1 50
69157 1 40
69158 1 51
69159 1 42
69160 1 45
69161 1 42
69162 1 42
69163 1 49
69164 1 49
69165 1 67
69166 1 65
69167 1 55
69168 1 42
69169 1 39
69170 1 45
69171 1 55
69172 1 45
69173 1 45
69174 1 45
69175 1 42
69176 1 48
69177 1 45
69178 1 45
69179 1 47
69180 1 93
69181 1 64
69182 1 54
69183 1 48
69184 1 52
69185 1 52
69186 1 51
69187 1 51
69189 1 75
69190 1 38
69191 1 50
69192 1 59
69193 1 56
69194 1 53
69195 1 59
69196 1 53
69197 1 54
69198 1 59
69199 1 47
69200 1 57
69201 1 52
69202 1 74
69203 1 49
69204 1 50
69205 1 59
69206 1 50
69207 1 51
69208 1 52
69209 1 70
69210 1 52
69211 1 60
69212 1 67
69213 1 62
69214 1 59
69215 1 53
69216 1 61
69217 1 55
69218 1 68
69219 1 44
69220 1 43
69221 1 44
69222 1 67
69223 1 49
69224 1 47
69226 1 64
69227 1 48
69229 1 32
69230 1 68
69231 1 67
69232 1 58
69233 1 49
69234 1 55
69235 1 74
69236 1 56
69237 1 63
69238 1 64
69239 1 43
69240 1 59
69241 1 48
69242 1 72
69243 1 60
69244 1 78
69245 1 52
69246 1 72
69247 1 64
69248 1 73
69249 1 57
69250 1 83
69251 1 59
69252 1 77
69253 1 73
69254 1 44
69255 1 68
69256 1 19
69257 1 24
69258 1 17
69259 1 17
69260 1 19
69261 1 23
69262 1 25
69263 1 42
69264 1 45
69265 1 27
69267 1 2149
69271 6 1800
69282 1 672
69283 2 642
69335 1 503
69336 1 491
69337 1 509
69338 1 539
69355 2 1142
69363 1 1762
69378 3 396
69383 1 995
69388 3 90
69390 7 574
69392 1 416
69393 1 506
69394 1 582
69396 1 529
69401 4 573
69402 4 595
69406 2 912
69415 2 1152
69416 2 1167
69423 3 1278
69451 2 293
69457 1 618
69460 1 2124
69471 1 979
69484 2 684
69504 1 1208
69505 1 876
69507 1 361
69528 1 1563
69530 1 3436
69535 1 616
69545 2 711
69547 2 5735
69548 1 1818
69690 1 2102
69692 2 1165
69710 1 5755
69717 3 4915
69721 1 6125
69722 1 1778
69730 2 505
69824 3 1647
69825 1 2564
69850 2 431
69874 3 650
69875 3 687
69876 2 300
69877 2 528
69879 2 363
69886 1 2262
69893 1 1325
69909 5 816
69910 5 648
69911 5 666
69912 5 863
69920 1 2823
69948 1 901
69977 1 1287
69990 2 3720
69998 1 964
70050 4 1597
70051 4 825
70164 1 377
70166 1 714
70173 2 54
70219 2 767
70224 1 656
70225 1 1695
70249 1 743
70259 1 1430
70277 2 1393
70279 1 12383
70290 1 2102
70292 1 2365
70360 5 785
70361 1 608
70374 2 826
70377 9 5997
70392 1 162
70403 3 1958
70411 2 773
70424 1 752
70426 1 973
70427 1 356
70431 2 2476
70432 1 1122
70448 2 2617
70480 4 1306
70483 14 2371
70484 1 265
70532 2 1139
70544 1 1131
70574 1 2062
70592 1 761
70603 8 934
70604 1 818
70631 1 5041
70633 1 938
70704 1 1573
70737 1 2845
70738 1 3457
70749 5 6334
70836 1 1948
70864 1 939
70877 2 1501
70890 2 2440
70958 3 1036
70959 1 877
70993 1 5847
71004 1 1117
71031 1 346
71043 1 4249
71065 1 881
71078 1 9605
71105 7 2599
71130 1 498
71141 3 1124
71144 1 267
71152 2 1194
71156 1 563
71169 1 514
71175 1 787
71181 1 1143
71198 3 1202
71217 1 2704
71229 1 887
71231 1 483
71242 26 11150
71251 5 1374
71252 1 1357
71253 1 217
71271 2 464
71287 1 180
71301 1 38
71302 1 1687
71309 1 941
71310 1 845
71311 1 36
71312 2 2042
71315 2 6723
71323 2 3523
71326 2 599
71327 1 1804
71334 1 2239
71336 1 1531
71342 2 1785
71344 4 805
71345 5 1079
71351 1 1055
71352 2 1829
71363 1 1914
71365 15 1140
71408 3 780
71422 2 998
71545 2 6773
71546 1 662
71581 2 1913
71585 3 988
71586 3 8248
71587 1 691
71605 1 590
71649 1 730
71650 1 741
71651 1 741
71654 7 1043
71706 8 5275
71723 1 2839
71724 1 2839
71725 2 1376
71745 1 667
71757 5 2729
71797 1 2293
71805 1 1266
71806 1 1826
71813 1 1515
71826 1 234
71830 1 1042
71838 1 910
71852 2 998
71855 1 863
71877 11 7422
71887 1 486
71891 1 693
71892 1 1268
71896 1 3955
71898 1 1998
71907 2 481
71941 1 1460
71942 4 3216
71943 2 3979
71977 4 132
71994 2 1432
72004 1 8626
72008 1 499
72013 3 180
72014 1 387
72017 4 755
72022 1 827
72030 1 582
72031 1 933
72032 1 809
72046 5 2501
72093 1 927
72096 2 1559
72098 1 19912
72142 2 2964
72153 1 902
72154 1 1793
72157 1 995
72164 1 1004
72166 1 188
72196 1 846
72213 1 3012
72215 1 2153
72226 2 1219
72228 2 1246
72234 1 609
72243 1 317
72244 4 840
72280 1 1053
72281 21 6411
72283 1 1448
72307 1 3276
72344 2 815
72348 2 1677
72374 1 166
72383 1 1146
72393 15 834
72394 1 753
72396 1 2100
72407 1 589
72412 1 14176
72426 1 2227
72431 2 771
72432 2 1377
72433 2 1492
72434 1 156
72436 1 1419
72437 2 8964
72441 1 3167
72442 1 1934
72453 2 545
72454 4 779
72455 4 1202
72498 1 11873
72525 2 2404
72554 1 897
72577 1 269
72578 1 1935
72589 1 691
72590 1 2848
72591 2 2016
72613 1 1298
72615 1 316
72618 1 5500
72632 2 618
72667 1 275
72690 1 412
72706 3 549
72708 2 1418
72709 1 256
72712 2 1839
72713 1 2218
72714 1 1957
72715 1 2456
72727 2 867
72730 1 1020
72733 2 1843
72734 1 2436
72764 3 342
72769 7 4944
72771 1 40
72772 1 45
72773 1 28
72794 1 1190
72803 1 813
72807 5 679
72811 1 1255
72815 1 1450
72816 1 1634
72818 2 952
72819 1 562
72823 1 697
72838 1 1838
72843 1 2753
72844 1 1589
72845 1 2164
72850 1 1161
72853 1 548
72854 2 1357
72862 1 773
72863 2 907
72865 1 35
72866 1 37
72867 1 36
72869 4 902
72870 4 1077
72871 4 828
72879 2 7089
72881 1 587
72886 1 1142
72893 1 929
72913 1 1589
72914 1 1062
72918 2 783
72919 2 5881
72920 1 5462
72921 1 2994
72922 1 1461
72923 1 1527
72925 1 1459
72931 2 1959
72933 1 2224
72934 1 2319
72935 1 2042
72936 1 2099
72937 1 2290
72938 14 10696
72982 1 5401
72995 4 339
72999 2 3301
73006 1 1145
73008 4 5555
73011 39 4054
73023 1 1400
73030 3 8248
73076 1 376
73080 1 2339
73090 2 2159
73091 1 483
73093 3 4058
73108 1 826
73152 1 481
73168 3 212
73169 3 316
73171 1 5544
73202 2 741
73229 2 282
73230 2 743
73231 2 307
73232 2 405
73233 1 395
73243 2 463
73271 1 1307
73274 5 634
73275 5 590
73286 1 2501
73287 1 2713
73298 1 685
73345 1 784
73358 2 1564
73362 1 481
73378 1 534
73387 1 281
73396 1 1365
73397 1 471
73408 3 1378
73420 5 2204
73455 1 2168
73471 5 2068
73495 2 934
73503 1 541
73571 2 3969
73573 2 1075
73594 1 1535
73640 4 1044
73645 3 5683
73676 1 2052
73774 2 1177
73782 1 96
73799 2 6946
73803 1 689
73810 1 133
73817 1 645
73820 1 1771
73822 1 259
73860 1 290
73870 2 1054
73874 1 900
73876 3 1770
73879 1 901
73880 2 469
73907 1 2638
73909 1 608
73917 1 613
73920 35 2452
73926 1 444
73935 2 1293
73936 2 839
73942 1 1013
73943 1 768
73945 3 10857
73952 1 1586
73968 2 1524
73981 2 1169
73992 1 3335
74000 1 5543
74005 1 339
74050 1 871
74059 41 2064
74062 1 1079
74064 1 440
74067 4 6352
74105 1 702
74117 1 1244
74125 2 2057
74135 1 1169
74149 1 1131
74182 1 842
74203 8 11999
74218 1 909
74222 3 1233
74224 1 571
74279 1 827
74282 1 1215
74351 1 1240
74352 1 1409
74362 4 108
74380 1 164
74391 1 1030
74392 1 838
74418 4 1264
74420 1 783
74435 1 2232
74436 1 5029
74444 1 1117
74449 1 1802
74467 1 900
74499 2 2239
74509 1 1437
74517 1 1657
74520 1 94
74549 14 451
74581 1 1084
74597 1 246
74602 2 427
74604 1 5954
74605 4 6001
74624 1 819
74635 1 2160
74651 1 897
74666 1 1855
74677 1 1481
74708 1 4408
74717 1 1115
74722 1 459
74766 1 6523
74767 1 5811
74772 1 792
74795 1 2070
74823 2 891
74886 1 3171
74887 1 7880
74925 7 536
74933 1 1532
74936 1 665
74950 3 380
74952 10 642
74963 1 51
74967 1 39
74969 1 82
74970 1 38
74971 1 39
74972 1 34
74973 1 65
74974 1 48
74975 1 53
74976 1 47
74977 1 72
74978 1 40
74979 1 53
74980 1 55
74981 1 87
74982 1 81
74983 1 56
74984 1 61
74985 1 60
74986 1 49
74987 1 55
74988 1 66
74989 1 59
74990 1 62
74991 1 67
74992 1 76
74993 1 74
74994 1 52
74995 1 65
74996 1 69
74997 1 71
74998 1 61
74999 1 52
75000 1 80
75001 1 71
75002 1 75
75003 1 91
75004 1 69
75005 1 64
75006 1 61
75007 1 71
75008 1 70
75009 1 97
75010 1 97
75011 1 73
75012 1 55
75013 1 127
75014 1 79
75015 1 73
75016 1 62
75017 1 46
75018 1 39
75019 1 52
75037 1 48
75038 1 57
75039 1 30
75040 1 22
75041 1 11
75042 1 22
75043 1 28
75044 1 39
75045 1 39
75109 1 1277
75115 1 763
75116 1 890
75117 1 848
75118 1 806
75119 1 534
75120 1 748
75121 1 800
75127 2 1412
75134 5 4335
75136 1 191
75140 2 1565
75141 1 669
75145 4 422
75146 1 1593
75149 1 662
75153 2 545
75173 1 433
75174 1 358
75175 1 444
75176 1 602
75177 1 365
75179 2 471
75180 1 416
75181 1 478
75182 1 484
75188 4 575
75198 1 1269
75208 4 3202
75217 1 548
75227 2 960
75243 1 1489
75247 4 1491
75252 1 1409
75256 1 1760
75293 4 756
75294 3 671
75313 1 1575
75328 1 3938
75330 3 1976
75398 1 2037
75399 1 1219
75400 1 2330
75420 1 5660
75468 1 1247
75483 2 882
75490 3 2840
75518 2 300
75519 2 344
75520 2 343
75529 1 8980
75543 5 528
75544 5 730
75554 1 2902
75587 1 168
75591 1 241
75610 5 2134
75617 1 387
75713 1 352
75775 2 197
75831 1 807
75832 1 866
75896 1 99
75917 1 1013
75940 2 2480
75965 2 1326
75966 8 498
75972 2 359
76005 1 1341
76046 1 1623
76050 5 4066
76105 1 6146
76106 1 4999
76121 2 917
76132 1 1508
76143 1 3616
76200 1 636
76202 1 1263
76216 1 188
76233 1 1717
76241 1 836
76244 1 937
76245 1 6436
76309 1 2573
76311 1 978
76354 1 3077
76364 3 1174
76370 12 13094
76413 3 1514
76431 1 851
76455 2 1356
76460 1 6070
76479 1 955
76491 2 1557
76505 24 10048
76508 1 2897
76510 1 631
76577 1 2515
76607 1 845
76626 1 4388
76632 1 2372
76633 3 1561
76676 1 6037
76677 1 5739
76682 17 1002
76696 7 888
76703 1 664
76734 2 1253
76755 1 5294
76756 1 4633
76760 1 2589
76793 1 5567
76844 7 501
76846 1 444
76882 1 561
76895 3 676
76899 1 638
76900 1 800
76903 1 313
76953 13 1414
76956 2 564
76964 1 4663
76974 2 503
77025 1 2461
77045 1 451
77050 5 311
77054 1 1501
77057 4 1725
77062 1 553
77063 1 616
77070 1 2357
77073 1 1322
77077 1 898
77078 1 689
77079 1 35
77081 2 1905
77084 3 2028
77091 1 1850
77096 2 1129
77097 1 2699
77110 2 1799
77122 4 543
77138 4 679
77139 5 7313
77140 4 1726
77154 1 168
77159 1 2784
77200 2 916
77208 1 4089
77209 1 4122
77210 1 4271
77222 2 1336
77223 2 562
77250 3 323
77260 2 1072
77261 2 1024
77262 2 1031
77263 1 1231
77298 1 21
77336 1 62
77379 1 500
77390 5 3306
77392 3 8245
77415 1 537
77416 1 626
77419 1 304
77456 14 13066
77465 20 1129
77494 1 976
77559 14 986
77576 1 4731
77577 1 751
77626 1 76
77627 1 927
77640 1 512
77641 1 414
77647 2 1135
77648 3 1212
77649 2 232
77672 8 434
77688 1 78
77689 1 69
77690 1 62
77691 1 86
77692 1 68
77693 1 52
77694 1 45
77695 1 55
77696 1 63
77697 1 50
77698 1 47
77699 1 55
77700 1 69
77701 1 34
77702 1 37
77703 1 41
77704 1 44
77705 1 52
77706 1 37
77707 1 45
77708 1 50
77709 1 41
77710 1 47
77711 1 59
77712 1 52
77714 1 44
77715 1 27
77717 1 100
77718 1 71
77719 1 75
77720 1 47
77721 1 51
77722 1 41
77723 1 50
77724 1 49
77725 1 46
77726 1 41
77727 1 34
77728 1 60
77729 1 43
77730 1 49
77732 1 47
77733 1 42
77734 1 70
77735 1 43
77736 1 39
77738 1 25
77739 1 14
77740 1 18
77741 1 27
77742 1 32
77745 1 51
77746 1 59
77747 1 53
77748 1 39
77749 1 58
77750 1 51
77751 1 56
77752 1 47
77753 1 8
77754 4 67
77791 1 467
77807 4 5880
77810 1 107
77834 1 3498
77845 3 90
77847 1 500
77848 1 466
77849 1 473
77850 1 293
77851 1 489
77852 1 521
77888 2 320
77891 1 1621
77905 1 651
77934 3 459
77961 1 8551
78010 1 1823
78011 1 1824
78012 1 917
78013 1 1893
78014 1 1880
78015 1 1060
78016 1 1060
78022 1 624
78034 2 2796
78062 20 3649
78063 1 1360
78098 1 1138
78106 2 481
78107 2 507
78108 2 300
78109 2 472
78110 2 336
78111 1 1861
78112 1 1269
78113 1 2136
78125 6 1056
78126 5 741
