mammal mammal 189 65215343 
48 2 1265
725 1 7096
1678 1 1025
1679 1 1005
3800 1 1260
5255 2 1668
6967 1 837
8890 1 5449
9311 3 1417
10599 1 1369
10968 1 698
11080 1 852
11621 3 1133
12156 1 13898
13486 1 7532
15130 2 537
15860 1 3929
16238 1 11763
17361 3 1897
19545 2 9624
19562 1 7991
24075 2 347
24509 2 628
24594 2 1258
25555 4 3167
27572 4 841
28454 1 5320
28679 1 224
28819 2 1350
28989 1 1744
29687 1 2532
29688 1 2530
31413 1 414
32358 3 1397
32383 1 334
32569 2 1631
33585 1 3694
34192 1 1198
37598 3 1621
37613 1 1538
38289 1 1007
38964 1 973
38991 1 1489
40580 1 1410
40788 1 1583
42577 1 1608
42669 1 1190
42670 1 1290
43416 1 1865
43966 1 999
43967 1 1030
46852 1 854
47133 1 1102
47496 3 2373
48910 5 1372
49149 1 3141
49150 1 4092
49459 1 3328
50370 2 2048
50983 2 16660
51012 1 1432
52244 1 1659
52862 1 460
53519 1 1735
59053 1 2530
59054 1 2531
59169 1 2086
59454 1 2821
59524 3 1325
60827 2 2424
60936 1 5117
61043 4 4069
61867 2 1527
61993 1 294
62191 4 3053
62320 1 566
63221 1 1689
63296 1 538
63309 4 4077
63507 1 1696
64045 1 1220
64598 16 441
65546 1 1217
67074 1 9837
68108 2 1275
68132 1 2295
68737 1 3173
68789 2 1320
70749 2 6334
70936 1 1631
71417 1 757
71591 1 988
72101 1 233
72424 8 253
72591 1 2016
72805 2 684
74655 2 858
74822 3 5130
76491 1 1557
76596 1 536
76713 1 568
77088 3 4377
77552 1 3565
77948 5 3393
77949 1 2982
77950 3 1280
