centuri centuri 3985 65215343 
12 1 1981
103 1 1217
120 1 4128
133 1 3237
197 1 487
199 1 1210
200 1 721
201 1 782
254 4 344
352 1 2404
368 1 946
423 2 1981
424 1 2481
435 1 1005
456 1 1051
471 1 3108
473 9 5126
500 2 1485
522 1 1558
529 1 6629
533 1 1661
541 3 2599
551 1 1767
635 1 1049
678 1 1380
733 1 1616
734 1 1711
738 1 384
803 1 615
897 2 1032
964 2 3624
966 1 6046
992 2 3872
1000 1 2589
1032 1 1369
1037 1 1009
1049 1 2440
1050 1 992
1125 1 513
1185 2 15836
1277 1 682
1283 4 1543
1306 2 733
1352 1 695
1376 1 652
1401 1 1005
1404 1 992
1438 1 709
1452 1 6140
1470 1 960
1554 4 3023
1569 1 830
1587 2 673
1605 1 866
1647 1 10572
1699 2 213
1767 13 13095
1769 1 241
1807 1 974
1811 1 353
1833 1 1154
1835 6 1234
1851 1 1250
1858 1 669
1861 9 5589
1886 4 1366
1892 2 11383
1896 1 2074
1897 1 2847
1898 6 3856
1954 1 671
1956 1 3792
2022 1 1071
2028 1 366
2055 2 1645
2080 15 8786
2119 3 883
2235 1 1852
2244 1 2544
2257 2 2275
2362 1 3506
2374 2 1286
2402 1 1731
2483 1 4389
2569 1 652
2666 1 6601
2761 1 588
2775 1 848
2972 1 1458
3027 1 3713
3032 1 532
3040 1 365
3061 2 935
3062 1 285
3103 2 3185
3195 2 2888
3217 4 2264
3267 1 3085
3304 1 1426
3314 1 2098
3322 1 6038
3325 1 699
3364 1 1238
3379 2 4900
3402 1 2468
3545 1 3041
3547 1 1585
3563 3 1688
3655 2 1064
3668 2 8976
3791 1 6472
3793 1 580
3842 1 1285
3847 1 27149
3863 1 4935
3921 4 3235
4068 2 8611
4069 1 3379
4075 10 2561
4211 6 6879
4212 1 1877
4298 1 7423
4309 4 914
4366 1 1654
4425 5 1104
4428 1 2072
4430 1 1152
4446 1 1214
4450 1 6385
4453 1 1290
4506 1 1210
4518 1 2481
4540 1 1717
4652 1 121
4679 1 708
4752 2 5044
4753 1 5716
4771 2 4349
4772 5 2116
4840 1 5531
4846 1 1404
4905 1 7440
4950 1 3067
5110 1 4935
5141 2 1631
5156 2 1087
5174 4 1596
5189 1 3419
5226 1 1123
5247 2 6498
5255 4 1668
5308 2 293
5313 8 1178
5396 2 6921
5525 1 1587
5528 1 2535
5558 1 506
5567 12 749
5589 2 1188
5619 1 1587
5652 1 799
5712 1 46
5816 1 886
5867 1 5884
5876 1 2035
5895 1 1433
5923 1 1033
5935 1 2831
5940 1 1549
5949 1 1365
6009 1 1946
6015 1 3323
6039 1 2773
6127 1 1065
6141 1 654
6165 4 4900
6182 2 6597
6183 2 2719
6302 1 2959
6305 1 2963
6328 3 1381
6358 1 2724
6559 1 1745
6602 2 729
6608 2 834
6748 1 533
6758 2 610
6934 17 700
6935 3 510
6969 1 1724
6983 1 2840
6988 1 2056
7008 1 725
7045 1 2855
7121 1 3511
7233 1 4878
7235 1 1281
7278 6 1716
7284 2 3123
7377 1 29
7409 1 732
7491 1 7708
7527 2 4859
7556 1 1714
7569 3 2616
7570 4 9650
7571 1 5357
7572 1 1609
7573 1 4835
7574 1 2115
7575 1 1899
7578 1 5752
7579 1 1381
7580 4 9484
7598 1 453
7783 1 2144
7814 2 460
7942 1 2590
7974 1 2073
7993 1 705
8009 1 674
8026 4 922
8030 1 1085
8038 2 1234
8057 1 751
8061 6 808
8089 3 20930
8106 1 4128
8122 1 5509
8152 1 6009
8158 1 571
8174 1 551
8287 5 4172
8293 1 3686
8297 3 12133
8314 1 1237
8336 1 1754
8430 3 1338
8473 2 803
8486 2 1997
8508 2 5791
8546 1 2592
8638 1 905
8649 1 363
8658 2 338
8670 1 1141
8722 4 1681
8740 1 1067
8754 1 712
8850 2 3830
8905 1 1110
8908 2 1392
8909 1 566
8910 2 575
9004 1 823
9173 1 6443
9189 5 3116
9190 1 1362
9238 1 2921
9267 1 437
9302 2 3665
9307 1 1394
9309 2 998
9316 2 4281
9324 1 4421
9363 1 1874
9372 5 430
9401 1 1529
9411 1 611
9430 1 2392
9454 1 837
9458 1 834
9463 5 3203
9471 1 2467
9472 1 2285
9489 2 6134
9581 1 2040
9640 2 3873
9660 1 3500
9727 1 3290
9748 1 823
9752 2 8096
9886 1 3914
9890 1 885
9911 2 1621
9937 1 579
10002 2 724
10036 7 3455
10081 1 2613
10101 1 12486
10124 1 1117
10242 1 410
10266 1 378
10271 1 930
10286 1 1058
10301 1 799
10338 1 1672
10344 1 2552
10393 2 2415
10441 1 575
10444 1 668
10465 1 834
10479 1 705
10520 1 2057
10609 2 1156
10628 2 1516
10644 12 877
10684 1 1501
10711 1 1129
10749 3 2979
10811 1 800
10868 1 1224
10928 2 870
10953 1 875
11001 1 7028
11194 1 1656
11214 1 1706
11245 3 1612
11246 1 614
11262 4 1739
11371 2 1485
11403 1 2453
11438 2 1275
11455 1 906
11477 1 1672
11480 1 1620
11555 1 454
11564 2 2793
11566 3 877
11569 1 6434
11578 1 1481
11606 1 1638
11616 1 577
11665 1 1141
11747 1 598
11758 1 2000
11808 4 209
11856 1 1147
11869 2 2608
11871 2 1292
11875 1 184
11966 1 751
11967 1 4440
12038 1 482
12114 8 615
12119 2 2327
12164 1 3148
12174 1 961
12199 3 859
12223 1 6167
12226 1 864
12260 1 746
12267 1 1100
12270 1 393
12286 1 2100
12367 2 9446
12389 1 4357
12430 1 1737
12437 1 1351
12444 1 1257
12445 4 1249
12446 3 1227
12447 5 1262
12448 3 1256
12449 4 1233
12456 1 4543
12458 1 3716
12498 1 3985
12585 1 697
12605 5 771
12643 3 1624
12647 1 4896
12692 2 5477
12703 1 319
12705 1 1518
12710 1 1223
12751 1 5083
12782 1 1849
12783 1 4316
12786 2 7289
12787 1 558
12804 3 323
12814 2 46677
12816 1 1426
12832 1 1318
12885 4 6601
12907 1 2394
12910 1 1490
12913 1 473
12925 1 2837
12948 1 2044
12956 7 1280
13067 1 283
13094 1 1335
13131 1 1016
13143 1 1436
13155 1 657
13156 1 3209
13158 1 2677
13160 1 846
13175 1 1506
13195 2 565
13212 1 3298
13221 1 2420
13332 6 14933
13356 1 1677
13373 1 2548
13375 1 3891
13379 4 1294
13427 1 2521
13431 1 613
13432 1 875
13433 1 4168
13434 4 4024
13440 1 1581
13465 1 827
13475 2 2437
13479 1 5487
13486 1 7532
13496 1 1728
13497 1 6632
13508 1 6492
13509 1 1700
13511 2 638
13518 2 16194
13577 2 805
13618 1 28398
13647 2 1776
13651 1 840
13819 1 877
13890 2 995
13891 2 2917
13897 1 1292
13901 3 4255
13947 4 1742
13960 7 1096
13982 1 3750
13985 2 11629
13991 1 1803
14048 1 527
14050 2 917
14051 1 864
14056 1 1205
14080 5 51830
14085 1 1012
14112 1 793
14120 1 2870
14178 1 961
14185 1 2424
14264 2 2175
14265 5 2579
14313 1 5288
14373 1 6743
14426 1 2114
14427 1 758
14428 1 2122
14449 1 449
14509 1 555
14517 1 514
14518 1 1186
14528 1 1229
14561 12 3007
14585 2 935
14604 5 1059
14652 1 1186
14723 2 4899
14724 3 5113
14736 1 1294
14739 1 919
14759 1 904
14782 1 1191
14791 1 1301
14797 2 2125
14808 1 1232
14820 1 4854
14829 1 1080
14833 1 7321
15088 1 1087
15113 5 730
15120 1 1822
15124 1 1201
15199 1 678
15468 1 1078
15516 1 990
15572 1 3411
15587 1 2694
15589 1 1222
15590 1 3007
15615 1 3882
15644 3 1287
15670 1 1155
15731 2 1798
15732 2 1772
15757 1 7636
15846 1 2009
15904 1 2397
15957 2 8025
16004 1 1576
16044 1 3747
16098 1 1575
16100 1 1483
16225 1 564
16311 2 2173
16320 1 1958
16321 2 1829
16341 2 9421
16440 1 1049
16465 1 3291
16480 1 1705
16491 6 6610
16722 1 5137
16723 1 573
16734 2 1316
16743 1 1505
16765 4 1110
16781 1 978
16791 1 1127
16829 1 1094
16843 1 15992
16861 2 2164
16942 1 12267
16949 1 654
16950 1 1326
16996 3 1017
17010 1 3499
17011 3 1488
17013 2 9772
17017 1 1106
17027 1 6203
17040 1 3349
17097 1 2690
17104 1 920
17106 2 3919
17121 2 6700
17164 2 1069
17186 8 2741
17189 3 5992
17202 1 2274
17216 1 1476
17242 3 2797
17244 1 10025
17377 1 680
17378 3 3128
17392 2 1912
17395 2 1269
17453 1 907
17467 2 6562
17510 1 13439
17522 1 658
17555 2 14925
17568 1 1347
17589 5 12110
17590 1 6514
17603 1 1031
17627 1 176
17628 1 710
17639 1 959
17653 1 5954
17661 1 5100
17758 2 28986
17818 1 4410
17821 1 615
17851 1 963
17864 1 1385
17919 2 803
18032 1 3246
18038 1 3203
18077 1 720
18117 2 2036
18131 9 634
18141 1 527
18169 1 3118
18226 1 1550
18228 1 4817
18264 1 3866
18288 1 4353
18300 1 299
18314 1 316
18331 1 3395
18361 1 780
18372 1 1808
18385 1 6531
18395 1 6885
18420 1 1885
18424 1 779
18452 1 771
18653 1 4815
18654 2 15696
18716 1 1408
18765 1 3181
18797 1 3696
18815 1 1198
18876 4 339
18879 1 3453
18884 1 836
18888 1 1190
18919 3 764
18939 2 1456
18948 3 1178
18960 1 115
18965 1 20789
18966 1 7427
18967 1 13159
18972 1 818
19008 1 1510
19036 1 1671
19042 1 3327
19076 1 2622
19077 2 2958
19078 2 2988
19094 1 3568
19111 1 4980
19186 3 6942
19236 1 1530
19315 1 966
19367 2 1627
19376 1 392
19383 1 3259
19384 4 5576
19504 1 6279
19545 3 9624
19560 1 8071
19566 2 874
19636 1 1326
19643 1 3951
19653 1 1803
19679 2 601
19680 3 5229
19681 2 10198
19683 1 2480
19684 1 2620
19685 1 4688
19686 1 4573
19688 1 1268
19690 2 2088
19691 1 1920
19732 1 1155
19782 1 898
19894 1 2667
19906 1 1834
19912 1 1384
19933 1 1797
19983 1 2232
19985 2 8977
19987 6 3502
20034 2 456
20161 1 1149
20169 1 2907
20170 1 3948
20183 1 1575
20193 1 1368
20194 1 1431
20233 2 3879
20246 2 878
20295 2 809
20361 1 708
20375 1 885
20421 3 12627
20422 4 12210
20423 3 5021
20639 1 2734
20678 2 4807
20679 1 6821
20681 1 935
20682 1 5585
20684 9 12924
20706 7 8010
20707 3 35797
20760 1 1210
20761 1 1261
20762 1 1247
20823 1 1234
20869 1 818
20919 1 752
20936 1 2518
20937 2 3666
21100 2 1816
21197 2 1044
21225 1 4913
21266 1 4449
21282 1 1212
21306 1 1358
21309 1 510
21313 1 730
21321 1 7104
21329 1 1062
21336 1 4593
21414 1 1289
21422 1 2156
21430 2 3084
21490 1 4936
21524 1 1869
21530 1 2863
21568 1 3870
21614 1 379
21637 1 10855
21642 1 690
21644 1 11884
21703 1 1484
21705 1 1432
21714 1 1537
21730 2 1984
21765 1 1014
21768 1 2946
21781 2 2594
21825 1 381
21840 2 6308
21844 1 1026
21860 15 2805
21890 1 2113
21900 1 1945
21910 1 1846
21929 1 655
21940 1 962
21969 1 4332
21995 1 2336
22087 1 1367
22092 3 8456
22103 2 5529
22114 1 337
22141 6 2921
22168 1 291
22177 1 885
22216 2 13756
22419 1 748
22454 2 507
22461 6 397
22505 1 899
22514 1 1133
22547 1 5064
22864 1 581
22885 2 532
22887 3 4212
22908 1 2390
22935 1 1648
22986 1 1800
23126 1 2676
23354 2 256
23363 2 3369
23370 2 1836
23489 1 7818
23521 1 1803
23564 1 551
23671 2 7612
23736 2 2381
23738 4 679
23792 1 1958
23818 2 623
23829 2 8025
23909 1 969
23965 1 545
24091 2 743
24097 1 3411
24123 1 1686
24124 1 2547
24157 3 10311
24189 1 2072
24190 1 1650
24212 1 4006
24219 1 7326
24222 1 3333
24238 1 373
24420 5 1290
24437 9 3970
24444 1 1797
24447 1 538
24462 7 8468
24475 1 2124
24514 2 13551
24609 1 1188
24616 1 6643
24665 1 769
24666 4 3571
24667 1 2550
24669 1 2087
24671 1 544
24724 1 777
24750 1 6415
24765 1 1351
24772 1 1350
24803 1 5803
24830 1 1147
24849 1 4735
24870 1 817
24884 1 7321
24885 1 7349
24956 4 1523
25069 4 1507
25129 1 990
25160 1 3316
25232 1 2344
25233 3 4985
25267 1 2724
25363 1 2545
25407 1 3649
25442 1 904
25477 1 3314
25478 1 3302
25522 4 2549
25555 1 3167
25699 1 501
25713 2 3056
25715 1 2184
25741 2 864
25826 1 2414
26043 2 570
26049 2 2989
26082 1 1566
26094 1 413
26109 2 2505
26140 1 1008
26152 1 843
26163 1 8177
26197 1 569
26203 1 970
26224 1 642
26257 1 3709
26259 1 3718
26260 1 3718
26261 1 3710
26262 1 3711
26432 4 2149
26480 4 2573
26498 17 32423
26516 1 2569
26532 1 1485
26631 1 8025
26669 1 2034
26701 1 827
26702 1 2067
26727 1 4405
26736 1 2134
26811 1 1172
26814 1 1736
26848 2 231
26856 1 1093
26944 1 2864
26946 2 2974
26957 1 248
26978 1 1136
26981 1 209
26984 1 906
27039 5 1645
27114 1 869
27122 1 1117
27161 1 1496
27199 1 2023
27206 1 561
27258 1 1835
27319 4 1266
27322 1 3721
27324 1 3721
27343 2 2701
27396 1 2172
27480 1 767
27519 3 1928
27532 1 1268
27654 1 2800
27663 1 543
27681 1 1250
27747 2 1674
27754 1 521
27833 1 795
27853 2 3446
27866 2 4412
28081 2 1204
28089 1 1360
28098 2 10589
28257 2 3449
28261 1 11790
28294 2 651
28414 1 3568
28446 2 9326
28477 2 3627
28480 1 1670
28654 1 1104
28682 1 1576
28745 1 689
28771 1 1129
28799 1 4713
28819 4 1350
28951 4 4581
29055 2 693
29104 1 738
29110 1 675
29119 3 1828
29303 1 2173
29338 1 462
29343 1 841
29346 1 5736
29396 2 8576
29446 3 2735
29489 1 1691
29493 1 3306
29508 1 2855
29523 1 10213
29529 1 4211
29559 1 3217
29641 1 354
29690 1 2211
29691 1 2211
29693 1 1825
29709 1 1886
29829 1 723
29875 1 2653
29891 1 4871
29898 3 707
29983 1 961
29991 1 10803
29998 1 854
30059 1 2773
30175 1 392
30210 1 942
30249 2 750
30273 1 2533
30303 2 5165
30308 1 140
30383 1 1333
30510 1 2362
30555 1 4027
30602 2 3594
30639 1 8117
30649 1 2455
30670 4 1399
30731 1 580
30750 2 1681
30765 1 1987
30851 1 134
30870 5 2859
30891 1 2618
31010 2 775
31038 1 611
31039 1 1073
31104 1 404
31162 1 40
31267 8 7536
31327 2 3711
31355 1 5480
31358 1 1730
31387 1 1573
31410 1 2031
31501 1 1067
31546 1 3809
31560 1 2403
31635 1 644
31653 1 583
31692 1 1527
31716 1 1042
31731 2 3982
31744 2 7219
31756 1 625
31858 3 1811
31932 1 692
31936 2 3664
31944 1 1454
31958 1 1084
31975 1 1903
32002 1 1104
32019 1 4793
32029 5 705
32157 1 586
32183 1 1671
32240 3 3457
32287 1 3033
32289 1 2992
32292 1 3278
32294 1 3074
32326 1 1541
32400 1 1264
32469 2 1242
32471 1 2840
32569 1 1631
32596 1 949
32686 1 553
32781 1 2000
32972 3 11367
32975 1 2044
33004 3 1703
33069 5 3021
33071 1 466
33075 2 1601
33078 1 5728
33080 2 2203
33188 8 10275
33215 1 1134
33246 5 1782
33271 1 1800
33294 1 1429
33310 1 9499
33333 2 6676
33423 1 1474
33475 1 5068
33544 1 2303
33561 4 716
33576 1 1268
33631 3 2116
33700 1 1557
33769 2 975
33770 2 975
33786 1 3235
33798 3 1847
33819 1 4941
33856 1 533
33859 2 7228
33862 5 998
33870 1 2415
33880 1 447
33924 1 11847
33928 2 774
33931 1 997
33937 4 14231
33976 1 978
33984 1 1595
34035 1 2575
34039 4 23394
34052 1 11789
34097 1 1166
34159 5 1830
34160 2 1161
34203 1 801
34329 1 676
34442 1 1260
34481 1 3475
34545 1 1028
34673 1 2293
34675 1 1999
34779 5 2859
34804 3 3895
34860 4 3758
34901 2 18201
34923 2 2774
34946 1 1109
35020 1 1589
35045 1 1304
35055 1 1150
35077 1 753
35161 1 984
35179 1 1243
35340 1 4545
35427 2 12574
35428 2 12657
35436 4 923
35452 1 540
35511 1 891
35532 1 4534
35545 1 422
35720 5 4608
35830 4 2280
35875 2 356
35888 3 1614
35935 1 536
35968 1 995
35983 2 2665
35989 1 5185
36051 1 3640
36079 4 1377
36092 1 891
36096 1 914
36109 1 12698
36136 1 2452
36205 4 203
36289 2 1392
36343 1 1778
36363 5 2502
36370 1 898
36373 1 2127
36386 3 548
36431 1 335
36443 1 1970
36590 2 5680
36605 1 1696
36670 2 752
36678 1 653
36714 3 654
36724 1 2272
36750 1 1341
36783 1 1431
36828 1 1444
36882 4 6259
36957 1 559
37072 1 2165
37074 3 3457
37082 1 443
37106 1 3136
37140 1 1347
37158 1 117
37164 2 3578
37182 1 13117
37197 1 3237
37224 2 1689
37278 1 2964
37284 2 2087
37325 1 5474
37382 1 3256
37415 1 5377
37419 4 13883
37456 1 2083
37457 1 3293
37458 1 1744
37472 1 774
37527 1 432
37550 1 1723
37593 2 2020
37607 1 1334
37613 1 1538
37616 1 8646
37625 1 2363
37630 2 2027
37685 1 2123
37698 1 5406
37712 2 8990
37735 1 1882
37750 4 234
37785 4 1446
37881 1 1592
37929 2 2603
37934 1 1480
38007 1 1299
38019 1 1935
38035 2 1861
38054 1 1792
38078 1 526
38090 1 790
38101 1 2682
38157 1 3920
38159 1 1705
38178 1 648
38189 1 3745
38194 1 2925
38195 2 2948
38252 1 544
38339 1 1676
38412 1 2954
38414 2 1768
38423 1 751
38440 1 603
38441 2 3038
38445 1 2338
38448 1 6071
38449 1 1891
38656 1 1164
38665 1 376
38688 1 902
38706 1 580
38714 1 2044
38715 1 5564
38747 6 989
38753 1 663
38769 4 854
38804 1 1858
38847 1 1344
38855 3 5137
38894 1 828
38901 1 944
38910 1 7766
38916 1 6621
38929 1 709
38954 1 2720
39015 1 2466
39042 1 3251
39085 1 4795
39121 1 2269
39151 1 1763
39167 2 1736
39175 4 3064
39183 3 4477
39306 7 1355
39329 12 32477
39348 5 1537
39401 2 3431
39457 1 1408
39472 1 1541
39482 1 1937
39561 1 896
39588 1 6063
39590 1 969
39768 1 1331
39815 1 1546
39921 5 768
39923 1 964
39942 1 797
39960 1 750
39970 1 1979
40020 1 704
40043 1 1164
40044 1 1776
40053 15 3632
40065 1 3427
40086 3 1548
40112 7 2159
40152 1 601
40183 1 1540
40190 1 953
40198 1 5290
40253 1 3705
40255 1 3713
40257 1 3718
40344 1 732
40415 1 663
40446 1 1492
40538 7 14088
40579 5 4144
40621 1 856
40630 4 5684
40644 1 2413
40648 16 7183
40663 4 2472
40668 1 3116
40744 1 1283
40763 2 3495
40772 1 2487
40860 2 909
40898 4 2825
40899 1 5270
40900 6 3388
40902 1 1290
40903 1 606
40925 2 2385
40938 1 1411
40950 1 408
40951 2 869
41057 1 3871
41075 1 2253
41098 1 1211
41118 2 2966
41131 1 4182
41187 1 1739
41241 1 643
41290 1 1644
41424 1 924
41439 1 2390
41513 1 774
41674 6 4187
41870 1 1014
41877 1 1119
41897 1 538
41900 1 1156
41901 1 1154
41943 1 866
41951 5 1203
42025 3 9933
42043 1 207
42132 1 1554
42148 1 3966
42149 1 9906
42171 1 1306
42184 1 600
42225 1 1534
42260 1 1936
42261 1 6604
42262 1 732
42266 1 1519
42353 1 3727
42374 1 1702
42422 1 5724
42423 1 2011
42424 3 6309
42473 1 3755
42538 1 1565
42582 1 1649
42648 1 4779
42665 1 626
42682 2 3838
42817 1 1368
42818 7 1646
42819 1 605
42837 1 2818
42892 1 2540
42915 1 1556
42925 1 169
42998 1 628
43010 1 493
43062 1 379
43122 1 1078
43229 2 8025
43421 1 853
43429 2 1731
43444 1 2757
43446 1 8554
43474 1 2661
43526 1 1427
43576 2 5522
43592 1 1199
43693 1 1197
43798 3 5617
43808 1 1297
43862 1 1314
43908 1 1405
43935 1 3104
43943 1 2720
43966 1 999
44011 1 1934
44012 1 2752
44059 3 1070
44094 1 738
44110 1 1335
44112 4 650
44116 1 4462
44127 1 904
44153 1 1288
44176 11 884
44217 3 3228
44219 1 1788
44247 1 2369
44337 1 528
44349 5 563
44370 3 4236
44386 1 466
44450 1 546
44516 1 898
44570 1 734
44582 1 1156
44785 1 2432
44790 1 1262
44817 1 2611
44859 1 1784
44874 2 3594
44913 2 1392
44976 1 555
45084 2 6555
45159 1 13537
45180 1 838
45181 2 1440
45189 5 6148
45246 1 2149
45275 1 1123
45285 1 1078
45369 1 1016
45581 2 8025
45609 1 1092
45805 1 507
45816 1 899
45826 1 8235
45849 1 756
45906 1 1209
45913 2 1708
46028 1 997
46070 1 3987
46080 1 2003
46087 1 1968
46128 1 1163
46130 1 1076
46141 1 1036
46211 1 369
46213 1 642
46282 1 4059
46289 1 4086
46302 1 1086
46316 1 903
46376 1 1363
46388 3 81863
46417 3 1264
46418 2 1254
46423 2 613
46434 2 2480
46446 1 665
46502 1 1023
46551 1 8597
46552 1 9921
46556 1 738
46591 1 1721
46639 1 4091
46649 1 836
46661 1 5001
46670 1 1475
46691 2 1448
46695 1 1088
46731 2 1668
46781 1 3752
46804 1 669
46821 1 1634
46919 3 708
46986 2 917
47076 2 868
47094 1 829
47187 1 584
47219 1 665
47382 1 6307
47383 2 1296
47515 1 3985
47549 2 978
47606 2 1497
47684 1 1718
47710 1 317
47720 2 1789
47780 1 5199
47800 1 10768
47802 2 1203
47865 1 1970
47895 18 564
48031 2 4280
48065 2 1054
48073 1 903
48078 1 11919
48084 1 749
48114 6 991
48115 2 628
48116 1 1532
48180 3 25164
48210 1 741
48217 1 6375
48221 3 2217
48247 1 2933
48287 1 2481
48315 1 2681
48338 1 2760
48345 3 461
48379 1 6270
48407 4 1657
48427 2 440
48542 3 1004
48545 2 3140
48566 6 3055
48602 8 421
48608 1 3133
48609 1 3196
48623 2 700
48650 1 6532
48651 1 3561
48660 1 978
48671 1 1680
48694 1 779
48745 2 1192
48868 4 950
48907 1 1902
48917 3 6627
48925 1 4731
48939 1 1135
48947 2 836
48960 1 2073
49018 3 2181
49097 1 835
49149 2 3141
49150 4 4092
49153 1 973
49182 1 1444
49183 5 2240
49184 1 2455
49190 1 1204
49282 1 4687
49296 1 985
49344 1 2202
49348 1 2857
49352 1 2586
49366 1 5125
49455 1 2601
49465 2 219
49474 1 3175
49522 1 6160
49552 1 1919
49679 1 2751
49716 1 1286
49731 1 975
49787 1 1014
49846 1 348
49849 1 1035
49896 1 1614
49927 1 1460
50002 1 1163
50040 1 6696
50056 4 5845
50158 1 404
50234 6 625
50241 1 2798
50244 1 536
50263 1 1162
50264 1 1178
50285 3 4950
50298 3 1458
50300 1 436
50329 1 886
50439 3 3976
50521 1 2941
50522 1 757
50554 1 1923
50601 1 937
50766 1 1255
50775 1 568
50778 1 1083
50783 3 2276
50873 2 122
50950 1 1239
50952 1 882
50965 1 819
50983 4 16660
51006 1 2540
51023 2 1980
51027 1 2454
51052 1 871
51060 1 1311
51176 1 976
51177 1 2704
51206 1 3478
51387 2 973
51517 1 640
51590 2 916
51649 1 481
51658 1 1259
51708 1 994
51770 1 320
51806 4 193
51819 2 592
51839 2 9735
51841 2 978
51846 3 1126
51886 1 1112
51891 1 6407
51899 1 12169
51915 1 627
51954 1 1366
51976 1 1263
51977 1 1239
51994 3 9298
52000 1 1615
52047 1 1194
52069 1 2292
52112 1 942
52140 1 3824
52157 1 1660
52223 1 1842
52266 1 5261
52285 1 976
52300 1 6036
52303 1 1966
52304 1 1864
52330 1 663
52351 1 719
52379 2 1567
52406 1 4365
52502 1 6875
52513 1 1070
52561 3 52057
52582 5 2859
52728 1 1010
52789 1 1324
52988 19 24350
53139 1 3527
53156 3 903
53236 2 3296
53248 2 5457
53329 1 3895
53344 1 1224
53402 2 3120
53409 1 986
53410 1 1196
53430 4 48057
53454 3 275
53479 2 1784
53527 1 322
53533 1 1937
53545 2 1625
53600 1 1756
53601 1 2754
53602 1 1819
53652 1 1858
53653 1 2179
53654 1 2802
53655 1 2405
53706 5 2705
53708 3 2017
53709 1 7571
53719 1 1519
53741 2 763
53777 2 3202
53839 1 1223
53918 3 1250
54134 1 2948
54137 1 510
54176 1 1327
54326 2 3836
54350 1 8318
54357 1 730
54399 3 5059
54441 9 4709
54559 1 2260
54564 2 3322
54570 1 883
54577 1 727
54606 14 855
54617 2 1123
54619 2 10647
54659 3 5192
54892 1 691
54899 1 1696
54918 1 1069
54935 1 976
54983 6 1045
54996 1 1141
55067 1 3184
55072 1 3317
55157 1 1348
55456 1 2236
55483 1 522
55495 1 174
55608 1 4052
55678 1 916
55720 1 646
55754 1 634
56015 2 445
56149 1 134
56172 2 827
56173 3 557
56222 1 611
56278 1 964
56321 5 2422
56440 1 1858
56503 2 5900
56522 1 3726
56530 1 553
56620 1 1243
56676 1 1161
56702 1 683
56708 1 1319
56717 1 2410
56770 1 2972
56786 1 569
56805 3 1441
56883 1 713
56947 9 864
56948 1 599
57021 11 501
57187 1 1332
57238 1 2018
57361 1 876
57371 1 1247
57384 1 3357
57408 1 3005
57410 1 2492
57431 1 3175
57441 3 2098
57443 2 1121
57469 2 965
57510 1 2365
57533 1 731
57538 1 632
57546 1 1271
57616 2 1787
57617 2 1772
57618 2 1770
57799 1 1179
57817 2 4120
57874 1 803
57997 2 4870
58002 3 1518
58199 3 4784
58251 2 4547
58298 1 476
58308 1 1579
58315 1 2480
58321 4 219
58324 1 1125
58346 1 948
58386 1 975
58420 14 8658
58484 1 1130
58711 2 1429
58762 2 4573
58767 2 540
58786 3 1487
58842 1 3299
58852 2 3464
58869 2 5200
58914 1 2294
58966 1 5767
59057 1 2210
59058 1 2211
59189 1 10518
59219 1 1647
59222 1 699
59250 1 752
59304 3 1871
59305 5 1145
59312 1 649
59347 2 9699
59348 1 10477
59397 1 3596
59402 2 4509
59404 2 1587
59423 2 13129
59478 3 1258
59479 1 2405
59619 1 3498
59629 2 2062
59636 1 2251
59638 1 3389
59639 2 3423
59641 2 4053
59653 1 849
59655 2 1717
59681 10 3350
59698 1 2181
59717 1 4807
59770 4 1910
59771 3 2668
59778 1 2131
59832 1 1496
59845 1 835
59874 3 4939
59924 1 2257
59925 1 3361
59926 1 3221
59981 1 1693
59982 3 4938
59983 3 2990
59984 3 2885
59985 3 4522
59986 3 4731
59987 4 5303
59994 1 1825
60003 1 422
60065 1 3606
60070 2 2663
60074 2 1151
60184 1 998
60200 1 1255
60214 1 2899
60263 1 499
60276 3 3089
60295 1 662
60307 1 1114
60362 1 3186
60441 1 362
60447 1 76
60462 1 1668
60494 4 398
60506 1 4289
60509 1 4010
60511 2 1267
60518 1 425
60559 2 976
60561 2 997
60569 1 580
60595 1 3346
60603 1 787
60609 1 841
60611 1 2420
60686 1 1454
60735 1 3139
60736 1 3344
60740 1 3274
60777 1 3095
60794 1 1921
60827 2 2424
60828 1 3367
60953 1 2570
60954 1 1837
60989 1 248
61043 1 4069
61091 1 1682
61152 2 782
61153 1 863
61157 2 783
61169 1 3257
61186 4 14302
61187 1 15707
61188 5 29700
61234 2 1412
61255 1 4815
61262 1 1081
61326 6 2485
61352 1 18809
61358 2 671
61428 3 8357
61471 1 2207
61511 5 2320
61545 1 814
61546 1 840
61547 1 853
61548 1 745
61549 1 1113
61550 1 1103
61551 1 1078
61552 1 1167
61553 1 671
61613 1 1024
61624 1 1565
61625 1 1309
61626 1 1747
61628 1 7244
61658 2 1813
61668 1 11710
61669 1 5944
61680 1 2168
61681 1 785
61702 1 783
61713 2 4885
61715 1 626
61736 1 3608
61791 1 1288
61822 2 5496
61867 1 1527
61899 1 2006
61917 1 5083
61950 31 773
61976 3 4025
61998 2 806
62003 5 2012
62004 5 2886
62005 2 2659
62062 1 6529
62159 1 1095
62199 2 2963
62247 1 484
62299 4 7136
62324 1 788
62409 2 576
62411 2 541
62413 2 976
62414 1 385
62432 2 5539
62459 11 666
62493 1 1022
62623 1 716
62655 1 2002
62691 1 1119
62750 1 1350
62766 2 8596
62791 1 2675
62824 1 4199
62844 3 1986
62853 1 4078
62858 1 984
62868 1 1757
62929 2 5384
62931 2 2235
62963 2 1028
62965 1 2001
63128 1 1024
63137 1 3259
63157 1 3445
63166 1 2579
63183 1 1780
63184 4 2633
63289 6 3069
63309 1 4077
63310 1 2477
63415 1 786
63430 1 1309
63504 1 4125
63520 1 1303
63565 3 3099
63566 1 2589
63629 2 854
63640 2 481
63643 1 103
63647 5 324
63695 1 2625
63701 2 2880
63765 1 1813
63778 1 2846
63785 1 1430
63796 1 555
63830 1 939
63834 2 3002
63835 1 4072
63836 1 3200
63837 3 6313
63838 2 3268
63851 1 1757
63898 1 118
63906 2 4261
63916 1 1072
63926 1 1163
63949 3 1469
63967 1 884
63974 2 1872
64012 2 1614
64045 1 1220
64086 1 1979
64323 1 1309
64412 5 2859
64449 1 987
64453 1 10145
64491 2 1559
64517 1 871
64595 1 534
64596 1 820
64671 1 687
64933 2 322
64938 1 734
65009 1 3343
65031 2 3879
65035 1 1584
65086 1 1694
65129 13 15643
65130 2 3523
65271 3 2676
65359 3 654
65582 1 731
65667 1 525
65691 2 716
65807 1 1381
65817 1 1516
65836 1 1184
65840 4 157
65872 1 5814
65880 2 1390
65885 1 3324
65944 1 4400
65968 1 1412
66004 3 1492
66012 1 1659
66137 1 761
66162 1 3524
66253 1 2409
66255 1 1414
66312 1 528
66415 1 6038
66471 1 3798
66486 1 1876
66561 1 1657
66583 1 1396
66593 1 1896
66640 1 1008
66664 1 2151
66719 1 2207
66733 1 1217
66750 1 1405
66801 3 3195
66819 2 6321
66884 1 3426
66897 1 2315
66911 1 742
66927 1 978
67048 13 1998
67074 1 9837
67195 1 6824
67196 1 2129
67222 1 261
67301 1 1352
67338 1 1942
67351 3 539
67354 1 709
67356 3 2111
67389 1 1731
67390 1 1665
67391 1 4824
67392 1 2594
67393 1 6324
67394 1 2122
67395 1 2737
67408 2 5567
67454 1 5854
67519 2 10460
67579 2 1444
67580 2 910
67585 1 2443
67593 1 1623
67643 1 940
67653 4 769
67689 11 7619
67708 1 1247
67713 1 677
67725 1 1884
67738 1 346
67744 8 828
67777 2 2113
67890 2 3387
67916 1 1568
67922 1 1263
67923 1 1020
67924 1 1214
67925 1 1102
67935 1 1837
67966 1 607
68000 1 1263
68044 1 855
68046 1 3345
68061 2 3322
68091 1 10665
68100 1 650
68124 2 2400
68125 1 2444
68151 1 2465
68159 2 6709
68160 1 6120
68166 1 666
68176 1 2781
68208 1 1303
68210 1 1864
68228 2 6756
68321 1 1535
68330 1 8380
68351 1 1158
68446 3 3669
68684 2 991
68689 1 660
68698 1 1633
68758 4 931
68765 1 6394
68783 1 1601
68789 4 1320
68790 5 2859
68834 1 695
68900 1 3607
68920 2 2788
68956 3 2895
68964 1 11197
69010 1 641
69055 3 3045
69206 2 50
69355 1 1142
69363 1 1762
69434 1 3213
69435 1 3178
69456 1 1329
69460 1 2124
69515 1 3275
69547 1 5735
69713 1 1370
69721 2 6125
69725 1 1479
69918 2 1583
69990 5 3720
70020 1 1127
70050 2 1597
70169 2 8025
70207 8 10208
70223 1 2061
70236 1 3474
70238 1 1571
70261 1 499
70273 1 3305
70289 8 1270
70380 2 6991
70395 1 1507
70429 1 856
70451 1 148
70534 1 5509
70601 2 2514
70633 1 938
70700 1 756
70749 3 6334
70836 1 1948
70841 1 8361
70851 1 914
70873 1 1758
70912 4 1315
71015 2 841
71043 1 4249
71044 1 591
71059 2 2012
71068 1 314
71077 3 2876
71078 4 9605
71079 1 1485
71137 1 9411
71148 1 222
71161 1 610
71164 1 723
71194 1 563
71208 1 442
71216 4 82
71217 2 2704
71296 1 1157
71304 1 1377
71325 1 1098
71432 2 2398
71459 1 2233
71545 2 6773
71549 1 2186
71550 1 1323
71634 1 2564
71654 3 1043
71822 1 1832
71877 11 7422
71895 1 3069
71896 2 3955
71921 3 465
71988 1 2427
71997 1 614
72016 2 859
72029 1 1234
72039 1 5516
72060 1 791
72063 2 880
72065 3 9229
72066 1 7004
72067 1 9227
72068 3 8137
72081 1 3204
72154 1 1793
72167 1 644
72189 1 712
72246 2 1076
72263 1 563
72267 1 1016
72269 2 1104
72279 1 1454
72315 2 1434
72402 1 1487
72410 2 4306
72496 1 3731
72498 1 11873
72504 1 754
72521 1 6698
72602 1 12545
72609 2 1961
72617 1 5161
72618 1 5500
72619 1 5216
72620 1 1465
72637 3 297
72675 1 8994
72693 1 715
72715 2 2456
72739 2 735
72827 4 7031
72843 2 2753
72849 1 2190
72856 2 1892
72868 2 1891
72878 1 4492
72880 1 1033
72915 1 1425
72919 2 5881
72986 1 1005
73008 17 5555
73014 1 1378
73032 1 1083
73033 1 1060
73075 1 394
73095 1 3401
73096 1 2375
73148 3 5628
73155 1 3609
73160 2 1243
73220 1 4868
73269 1 1625
73350 1 2160
73360 2 682
73449 1 632
73574 2 8025
73662 2 870
73739 1 1045
73750 1 764
73803 2 689
73863 7 213
73871 1 117
73879 1 901
73909 1 608
73930 1 1679
73931 1 2768
73935 1 1293
73963 2 6843
73997 3 10376
74001 1 474
74055 1 2435
74056 1 1960
74057 1 1205
74067 1 6352
74114 1 3421
74120 1 2512
74131 1 681
74148 1 1271
74158 1 1846
74160 1 829
74203 3 11999
74222 3 1233
74353 1 1284
74465 2 1145
74515 1 1068
74534 1 520
74543 1 5014
74572 1 8808
74577 1 547
74584 1 1755
74609 1 3663
74611 1 1155
74648 1 522
74650 2 878
74714 2 2557
74781 1 912
74786 1 879
74798 12 2970
74813 2 5631
74822 1 5130
74825 1 704
74828 1 2265
74829 2 1083
74844 1 1805
74877 2 3262
74910 1 1633
74932 1 1237
74933 1 1532
75141 1 669
75151 1 1586
75162 3 2594
75210 1 3198
75240 1 5462
75248 1 1379
75421 1 645
75467 1 1179
75469 1 1046
75515 1 204
75549 2 1112
75656 1 1661
75663 1 666
75752 1 1220
75753 1 1935
75916 1 815
75960 1 2012
75999 1 654
76112 8 801
76126 1 1145
76163 1 709
76211 1 1215
76215 1 225
76230 2 1311
76289 1 359
76301 1 1532
76303 1 1328
76304 1 5487
76324 1 1227
76325 1 1450
76357 1 2792
76361 1 666
76443 1 440
76448 1 5583
76449 1 6086
76484 1 688
76516 1 5399
76571 1 2525
76573 1 1808
76577 1 2515
76651 1 686
76694 5 514
76709 1 1545
76734 1 1253
76736 1 1139
76742 1 1479
76755 1 5294
76760 2 2589
76833 1 1925
76845 1 538
76870 1 1214
76871 1 919
76963 1 1460
76986 1 1145
77005 2 1472
77024 1 1122
77035 1 1073
77055 2 1676
77060 1 4150
77086 1 5533
77109 1 806
77127 1 1709
77145 1 1172
77192 1 838
77211 2 3451
77212 2 3474
77213 2 3532
77214 2 3477
77246 1 6149
77248 1 1903
77272 32 457
77411 2 3629
77450 1 5940
77456 2 13066
77647 1 1135
77648 1 1212
77654 1 1454
77797 1 427
77807 1 5880
77829 1 983
77877 1 3129
77885 12 1785
77948 1 3393
77949 1 2982
77961 3 8551
77962 2 3614
78034 1 2796
