drive drive 14127 65215343 
6 1 808
13 10 542
17 1 1148
21 3 1980
55 1 514
59 1 1451
72 1 431
113 1 2441
127 1 877
129 1 969
131 3 14882
184 1 37
190 1 734
192 1 2446
201 1 782
205 2 1320
227 3 2869
229 1 478
248 2 5568
256 9 8243
263 5 442
327 1 2668
359 1 1896
361 2 5027
388 3 1479
389 1 665
400 3 1208
408 1 87
420 1 1422
422 2 1707
426 1 611
433 10 1676
435 1 1005
446 3 1063
455 1 3709
461 11 5431
464 2 2497
472 1 1175
474 2 3627
485 2 1089
489 2 950
501 2 476
504 1 11283
514 3 1954
532 1 800
540 3 1077
547 1 1844
558 2 784
571 1 663
583 1 1948
596 3 219
609 1 1086
611 1 1629
621 1 921
622 1 614
626 1 1140
633 1 1134
654 1 1015
676 1 640
690 1 3348
725 1 7096
751 1 764
782 2 2324
783 1 2303
797 1 1537
814 2 752
815 3 807
857 1 1338
863 1 1185
864 4 1567
875 1 514
876 1 4565
903 2 144
916 3 699
952 1 1150
959 1 1761
965 1 2365
966 1 6046
967 1 4480
982 1 2403
986 1 2025
987 1 2023
988 1 2173
993 1 10702
995 2 3497
998 1 521
999 1 167
1000 1 2589
1001 1 1139
1003 1 2079
1010 1 902
1023 1 2468
1032 1 1369
1052 8 3416
1082 1 1118
1085 2 5635
1104 1 4937
1119 4 1874
1120 1 463
1135 5 1188
1149 7 1495
1176 1 992
1185 1 15836
1187 1 733
1213 1 3659
1221 1 1597
1269 3 5091
1278 5 248
1279 3 1288
1283 3 1543
1302 2 729
1321 1 3750
1341 1 801
1381 1 950
1422 8 950
1423 1 1158
1431 1 3318
1435 1 3772
1461 1 1379
1462 1 1187
1469 1 2455
1474 1 480
1503 1 915
1512 1 8417
1514 1 1086
1528 1 1875
1545 4 1438
1550 1 852
1551 1 1402
1554 1 3023
1570 1 1617
1573 1 2363
1585 1 1512
1588 1 590
1595 2 824
1614 2 1216
1634 3 30082
1647 3 10572
1666 1 1519
1686 2 227
1706 6 203
1726 2 2436
1737 2 4121
1741 2 5895
1760 1 805
1767 2 13095
1773 3 342
1784 2 1533
1790 1 806
1796 1 1148
1816 1 5747
1833 1 1154
1887 7 1785
1888 2 2450
1892 6 11383
1899 1 684
1917 2 580
1949 1 771
1956 1 3792
1973 1 16948
2014 1 1601
2015 3 1644
2021 29 2089
2041 1 775
2050 2 2719
2052 3 1707
2070 1 537
2080 6 8786
2081 1 1053
2084 1 1228
2086 6 3653
2087 1 448
2102 1 853
2105 2 1500
2117 1 783
2121 1 4211
2122 1 1275
2128 1 1868
2129 3 965
2138 2 1384
2150 2 1809
2158 2 524
2159 1 1594
2160 1 2295
2162 1 1205
2165 2 1384
2169 1 1619
2177 1 2668
2186 2 747
2191 1 1582
2192 1 5833
2211 1 1151
2217 1 1762
2235 1 1852
2237 1 1765
2244 1 2544
2245 4 580
2252 1 646
2321 1 1392
2327 2 872
2334 1 1337
2336 1 1341
2341 1 1394
2363 1 3977
2366 3 2774
2370 1 1211
2372 1 909
2377 3 904
2382 1 1655
2387 1 1420
2408 1 1064
2415 1 269
2441 1 7506
2458 1 547
2467 1 877
2483 1 4389
2485 1 918
2504 1 5375
2506 21 561
2511 2 1460
2516 1 1602
2526 11 779
2546 1 1042
2559 1 191
2568 3 4333
2573 1 768
2574 1 780
2577 1 871
2624 1 1168
2629 1 3838
2635 1 914
2637 1 995
2641 2 567
2652 3 1080
2654 1 1868
2662 3 908
2672 2 421
2677 3 700
2697 1 1348
2723 1 519
2727 2 4008
2754 2 757
2755 1 297
2776 4 1576
2780 2 482
2791 1 1385
2798 1 1289
2809 1 8131
2825 1 2998
2843 1 5588
2963 1 3763
2971 3 848
2979 1 353
2989 1 2074
2995 1 2632
3012 2 1166
3029 50 1873
3045 1 640
3050 1 506
3065 2 477
3072 1 579
3086 12 4139
3094 1 1813
3103 1 3185
3104 1 3172
3105 1 3023
3106 1 3092
3107 1 3008
3108 1 2991
3109 1 3299
3128 6 1311
3133 1 4214
3135 2 703
3152 1 1444
3183 2 1365
3193 1 296
3196 1 2596
3200 1 1236
3202 4 6501
3205 1 1426
3213 3 1551
3217 1 2264
3230 1 1502
3249 2 10966
3279 2 888
3288 22 685
3299 2 1600
3313 1 2034
3315 10 659
3319 1 1682
3325 1 699
3326 2 544
3330 1 1137
3339 1 509
3364 1 1238
3370 1 557
3372 1 940
3383 7 10722
3384 1 1216
3400 2 829
3402 1 2468
3403 1 2172
3404 1 2168
3405 1 2857
3427 2 2078
3429 1 2188
3439 5 831
3440 1 1888
3442 1 1041
3456 1 525
3471 2 4168
3482 7 3281
3503 1 943
3513 1 2385
3514 1 5186
3522 1 1240
3524 1 972
3527 1 799
3550 1 396
3564 1 1154
3571 2 1011
3578 1 818
3584 1 833
3589 1 1008
3595 1 1270
3598 1 2141
3612 1 1293
3614 1 1689
3622 1 561
3668 1 8976
3672 1 2946
3705 1 1090
3714 2 1777
3716 1 1221
3721 1 1585
3726 2 2061
3727 2 17097
3738 17 1039
3748 1 990
3776 1 1777
3790 3 5889
3791 2 6472
3794 1 2141
3804 4 1022
3805 5 883
3832 1 7941
3849 1 180
3853 1 987
3887 1 2632
3893 1 1570
3898 1 1858
3912 1 417
3930 1 1380
3932 1 1367
3935 2 693
3944 1 1863
3946 1 1370
3953 1 3340
3996 1 1340
4004 1 2253
4029 8 1276
4030 1 1809
4044 3 1940
4050 2 4772
4053 7 3172
4061 1 335
4064 2 1206
4066 1 163
4067 2 3490
4068 1 8611
4069 1 3379
4073 1 769
4075 1 2561
4093 3 511
4106 1 2006
4112 1 838
4137 1 1308
4138 4 534
4143 2 1134
4167 2 1027
4172 1 4084
4178 1 3149
4184 1 4232
4208 1 1366
4211 1 6879
4249 4 2710
4281 1 441
4297 1 7592
4298 1 7423
4307 1 2386
4312 1 482
4313 1 748
4317 1 464
4329 1 1355
4330 1 1163
4342 11 1391
4348 11 3712
4352 1 728
4353 1 1851
4356 3 3544
4357 1 687
4359 1 2427
4361 1 44
4368 2 4832
4369 1 4444
4377 1 1760
4378 6 791
4385 1 1633
4423 2 1170
4428 1 2072
4440 2 1273
4452 3 910
4455 1 1818
4460 5 3587
4478 1 3007
4479 1 2646
4489 6 2853
4495 1 2849
4496 2 6061
4519 2 1344
4523 3 2304
4524 1 2046
4527 3 3429
4536 2 1087
4538 1 965
4598 2 1028
4608 1 2302
4614 1 5323
4615 1 3920
4617 1 196
4618 1 873
4658 1 441
4667 1 3501
4668 2 929
4680 4 643
4690 1 532
4699 5 847
4709 1 2954
4726 1 2646
4732 1 823
4742 1 419
4744 2 6884
4752 1 5044
4753 2 5716
4768 1 996
4769 1 110
4770 1 750
4776 1 351
4779 1 503
4787 2 1159
4793 2 1498
4800 1 1404
4803 2 594
4808 1 495
4821 2 2178
4828 1 1756
4833 1 2973
4841 2 816
4850 1 1746
4856 1 1923
4861 2 2242
4862 1 841
4865 2 2104
4867 1 1035
4887 2 1082
4897 1 1604
4905 2 7440
4906 1 8000
4907 1 8001
4908 1 8001
4912 2 7415
4913 1 1169
4918 1 2282
4934 1 2573
4935 1 2499
4936 1 1505
4941 1 1955
4948 1 3561
4950 7 3067
4953 2 999
4975 2 4050
5093 2 427
5110 1 4935
5131 4 1622
5132 1 1537
5165 1 820
5190 2 1414
5197 5 624
5204 1 630
5208 3 622
5209 1 878
5243 2 876
5247 3 6498
5262 5 330
5264 1 2502
5269 1 587
5277 1 1640
5281 2 1564
5292 2 1284
5294 1 481
5296 2 631
5391 1 3146
5395 4 2444
5411 1 1196
5417 2 2788
5423 1 801
5426 1 570
5437 1 2435
5453 2 1797
5454 3 6641
5455 4 15074
5485 1 864
5490 1 592
5499 2 44062
5503 1 1464
5527 1 2431
5528 1 2535
5530 1 1274
5544 3 1382
5551 7 378
5578 4 13045
5588 1 1069
5596 1 4949
5607 1 1001
5611 2 8061
5615 1 1194
5641 2 1037
5662 3 357
5665 5 335
5817 10 1401
5874 2 787
5907 1 775
5913 1 2199
5917 1 431
5925 4 761
5933 1 571
5949 3 1365
5972 2 478
5975 1 365
5993 3 1055
6006 1 935
6010 1 3182
6011 1 3214
6012 1 3069
6013 1 2929
6014 1 3067
6015 2 3323
6029 1 1479
6037 1 949
6046 1 1007
6047 2 978
6048 2 4019
6075 1 1285
6077 1 2190
6082 2 1370
6084 1 3088
6087 2 1469
6094 1 1655
6135 5 331
6137 2 575
6151 2 6692
6153 2 1222
6175 1 1916
6182 1 6597
6199 1 159
6225 1 159
6237 1 158
6239 1 158
6243 1 158
6247 1 158
6260 1 159
6267 1 158
6276 1 158
6284 1 158
6309 1 862
6310 1 811
6329 1 3134
6334 2 1066
6336 2 3254
6337 1 3747
6339 1 2231
6345 1 1508
6348 2 433
6358 2 2724
6359 3 1489
6361 1 4951
6363 1 4787
6365 1 510
6370 1 157
6394 1 157
6408 1 157
6409 1 158
6411 1 157
6418 1 158
6427 1 157
6436 1 159
6440 1 164
6453 1 2181
6529 2 1619
6542 3 808
6558 4 2607
6559 1 1745
6586 1 199
6587 3 2605
6622 1 1147
6626 1 1124
6646 4 1067
6654 3 1063
6723 1 201
6728 1 197
6735 4 731
6746 1 1117
6754 1 637
6826 5 785
6832 1 639
6834 2 904
6844 2 406
6939 1 1066
6969 1 1724
6973 1 826
6994 1 312
7007 1 1244
7020 1 194
7062 2 3124
7122 1 1098
7132 1 556
7142 1 575
7160 3 1661
7169 1 1071
7179 1 920
7235 1 1281
7276 1 1237
7287 1 4774
7419 1 1155
7427 1 443
7429 5 1504
7491 1 7708
7505 1 4997
7528 7 987
7557 2 361
7562 1 468
7563 1 173
7571 1 5357
7573 1 4835
7577 1 2093
7587 1 632
7590 2 630
7603 1 987
7605 1 780
7607 1 804
7611 1 660
7614 2 1058
7651 3 1236
7656 1 1143
7657 1 984
7673 6 4544
7690 1 756
7695 3 1547
7696 2 842
7698 2 1482
7701 1 1565
7705 5 4973
7720 1 1667
7723 1 4731
7742 1 1529
7743 1 2004
7747 1 1937
7748 1 1936
7749 1 1937
7750 1 1937
7755 1 2141
7764 1 2460
7767 1 3013
7768 3 1818
7773 6 7884
7775 3 3220
7885 2 2709
7902 1 1082
7934 1 560
7944 7 4834
7949 2 4128
7955 1 1555
7966 1 2772
7972 18 2206
7985 1 460
7992 1 770
7994 7 289
8002 2 533
8022 1 7719
8038 2 1234
8061 2 808
8062 1 2690
8071 3 588
8077 1 1482
8089 2 20930
8108 1 550
8129 1 720
8158 1 571
8161 1 590
8167 1 1117
8175 4 452
8187 1 759
8188 1 1754
8195 2 336
8209 1 380
8215 3 2073
8228 1 1519
8249 1 7006
8251 2 3081
8270 35 1577
8271 1 616
8278 2 2385
8279 1 646
8284 10 3146
8285 13 3377
8286 8 2044
8288 4 1533
8290 1 1567
8318 1 1271
8321 1 786
8336 1 1754
8337 2 258
8370 3 2235
8372 2 3639
8377 2 1377
8382 3 19553
8388 1 2999
8393 3 3193
8402 2 8226
8403 1 2102
8408 1 5505
8419 1 441
8422 1 5132
8425 2 770
8427 1 609
8451 1 826
8463 1 2137
8508 4 5791
8546 1 2592
8551 1 1200
8555 1 1695
8559 2 4026
8571 1 2786
8584 1 802
8603 1 1373
8606 1 914
8639 1 2193
8685 1 1005
8692 1 342
8702 1 2609
8718 1 262
8732 4 2463
8741 1 926
8744 1 788
8755 1 827
8756 2 957
8827 1 6533
8843 2 812
8899 1 1046
8900 2 1780
8906 2 1134
8919 3 1123
8927 9 2370
8928 1 393
8930 1 557
8935 2 687
8936 2 524
8964 3 1138
8991 1 362
8998 1 734
9016 25 1181
9017 1 522
9076 1 539
9085 1 621
9133 1 4066
9140 1 70
9169 1 2306
9173 2 6443
9176 1 1666
9190 1 1362
9201 2 1485
9204 2 3049
9223 1 669
9279 1 1500
9283 1 1422
9288 2 631
9294 1 3543
9316 2 4281
9317 2 2510
9324 3 4421
9327 1 402
9328 1 294
9335 1 1057
9337 2 1665
9341 1 837
9375 1 509
9398 4 1078
9413 2 1215
9414 2 1114
9415 2 1070
9416 2 1927
9417 2 1074
9418 2 1081
9419 3 1689
9428 3 1149
9431 1 3717
9432 1 1601
9433 1 600
9443 1 708
9448 1 447
9450 1 1196
9453 1 985
9461 1 1464
9489 2 6134
9491 2 6177
9492 1 6158
9501 2 732
9512 1 2693
9513 2 2653
9522 2 357
9545 4 4422
9551 1 1485
9552 1 1520
9553 2 1546
9554 1 1532
9567 1 5360
9573 1 1012
9581 2 2040
9587 4 1796
9603 1 708
9604 1 2143
9605 1 2284
9635 2 741
9663 1 2530
9678 1 1073
9708 2 2371
9712 2 736
9737 2 1320
9752 28 8096
9763 2 651
9766 2 4331
9774 3 378
9795 1 6831
9796 1 6203
9803 1 732
9805 1 5191
9807 1 982
9808 2 1549
9809 3 635
9820 2 394
9830 1 1997
9850 1 2963
9860 1 891
9864 1 1138
9939 1 1300
9943 1 1136
9963 1 816
9972 1 2809
9998 2 2317
10000 1 1196
10009 1 1505
10016 2 926
10024 1 1900
10032 2 529
10041 6 376
10045 1 834
10048 1 543
10062 3 276
10067 1 2395
10077 3 861
10083 1 2180
10086 2 953
10097 4 1553
10100 2 703
10101 2 12486
10102 1 1336
10105 1 8600
10115 3 1153
10129 1 1016
10145 1 697
10153 5 599
10159 1 428
10224 2 1087
10227 1 1110
10231 4 9229
10246 1 1140
10247 1 1114
10253 4 2883
10255 1 2770
10256 1 1836
10273 1 1254
10278 1 2690
10285 1 1722
10289 1 8941
10291 2 724
10308 1 1840
10320 1 1015
10331 3 673
10337 1 240
10338 2 1672
10353 1 839
10367 1 566
10376 1 1058
10394 1 1163
10410 8 1570
10412 1 778
10421 4 740
10427 2 2746
10435 1 638
10439 1 1699
10478 2 1312
10479 2 705
10480 3 1599
10498 1 1356
10508 1 456
10520 1 2057
10537 1 438
10542 2 3137
10547 1 1528
10575 1 3815
10580 2 1106
10594 2 729
10598 1 501
10615 1 374
10618 1 408
10653 4 3190
10655 2 2947
10666 1 1000
10667 1 1994
10685 1 2839
10687 3 1299
10694 2 889
10706 1 1237
10714 1 1206
10719 2 1012
10734 1 566
10751 1 1074
10764 2 1652
10780 1 158
10796 4 5414
10804 2 795
10807 12 1169
10813 4 634
10848 1 1696
10851 1 1623
10852 2 582
10894 2 1184
10897 1 555
10906 1 7912
10909 1 561
10940 33 7910
10949 1 4327
10970 1 897
10972 1 673
10977 5 1721
10990 1 580
11007 1 1008
11012 1 1191
11013 1 382
11014 17 709
11030 1 600
11033 1 1125
11087 2 2013
11090 1 1126
11103 1 931
11114 2 623
11115 1 676
11119 4 1442
11124 3 1521
11137 29 713
11168 1 515
11199 2 799
11200 2 1703
11202 1 3466
11204 2 1481
11205 3 1196
11206 2 1491
11207 2 1893
11208 10 2507
11225 1 914
11228 13 1903
11245 1 1612
11248 9 11766
11258 1 1346
11292 1 1815
11298 6 749
11365 1 1363
11372 1 853
11387 1 1357
11388 3 2085
11434 1 1004
11435 1 1067
11442 1 1013
11443 1 597
11445 1 1070
11459 1 530
11466 2 2113
11467 1 3152
11472 1 4154
11496 6 570
11507 2 3105
11508 1 2406
11525 2 979
11566 2 877
11567 3 1874
11569 3 6434
11618 2 88
11627 1 1347
11628 5 1714
11633 1 2246
11648 2 482
11663 1 1007
11685 1 1102
11759 1 2876
11764 1 739
11767 1 207
11859 3 4320
11863 2 1940
11864 1 823
11890 1 963
11949 2 3637
11955 1 1189
11971 2 1187
11976 1 521
11986 1 680
11996 1 1491
11999 1 1414
12074 2 399
12138 2 18363
12156 2 13898
12164 1 3148
12165 1 1159
12167 1 1026
12175 7 746
12230 1 2936
12238 2 173
12242 3 321
12268 4 1241
12270 1 393
12289 6 1759
12297 2 2001
12309 2 1530
12311 7 2392
12319 2 277
12320 5 1771
12332 3 1098
12356 2 567
12361 1 619
12382 1 1023
12388 3 3483
12390 1 3720
12393 7 451
12397 1 957
12400 1 690
12412 4 1917
12421 1 2680
12430 1 1737
12433 2 1282
12434 1 2955
12458 8 3716
12459 2 1341
12461 1 455
12463 1 956
12466 1 1446
12495 2 3368
12496 1 1055
12498 1 3985
12499 1 3780
12508 1 518
12513 1 451
12520 45 6343
12526 2 21005
12575 1 1843
12586 2 730
12613 1 1454
12617 1 1750
12622 1 2177
12627 2 4932
12629 1 2039
12641 2 1246
12642 1 2067
12665 1 1942
12673 2 6656
12674 3 6435
12695 1 1648
12697 1 1979
12704 1 5255
12711 1 2227
12723 1 1350
12728 1 1561
12732 1 307
12747 18 3912
12751 1 5083
12762 1 5406
12765 1 2402
12767 3 838
12769 2 1459
12772 1 1750
12783 2 4316
12786 2 7289
12807 1 2985
12808 1 3060
12813 1 1377
12814 18 46677
12826 1 538
12827 1 1123
12834 1 2681
12863 2 1161
12885 1 6601
12899 1 611
12902 1 1885
12907 1 2394
12930 1 1053
12932 1 598
12934 1 2463
12935 1 2445
12939 2 323
12972 7 671
12979 1 1831
12989 1 3076
12992 1 1069
13019 1 1129
13021 3 1120
13031 1 1525
13044 15 1428
13052 1 1184
13058 2 11569
13069 1 797
13097 1 579
13104 1 1437
13105 2 2565
13130 1 1432
13137 6 355
13143 2 1436
13149 3 2234
13161 1 779
13164 1 843
13166 1 917
13188 2 2230
13201 1 1224
13207 1 1202
13210 1 1144
13221 1 2420
13226 1 4464
13238 1 877
13243 1 1319
13255 2 828
13269 1 614
13277 1 1667
13302 12 591
13305 1 660
13313 1 1497
13329 1 751
13332 13 14933
13334 1 1410
13337 1 908
13342 1 1229
13363 1 1279
13364 1 1478
13373 1 2548
13383 1 527
13393 1 3068
13400 1 2450
13403 1 1298
13407 1 3423
13414 1 210
13459 1 1269
13470 1 2696
13475 1 2437
13479 3 5487
13486 2 7532
13499 1 5895
13503 1 986
13504 1 1033
13509 1 1700
13590 5 601
13597 1 1011
13601 2 1798
13606 1 1668
13609 2 1456
13618 1 28398
13619 5 1734
13635 1 1237
13638 1 1679
13642 1 1397
13651 1 840
13653 5 907
13654 1 1262
13656 1 1364
13684 2 12301
13705 1 864
13708 1 1430
13709 1 1718
13711 6 4824
13757 2 53
13780 3 685
13784 8 827
13802 1 1437
13803 1 1542
13804 3 923
13814 2 675
13819 1 877
13823 1 732
13827 2 729
13833 3 1191
13837 2 302
13845 1 656
13850 1 321
13861 2 3305
13862 1 3335
13863 2 3445
13871 2 6056
13886 1 3122
13890 1 995
13925 1 586
13936 2 3277
13941 1 1949
13960 1 1096
13961 1 931
13967 1 799
13982 1 3750
13988 2 1041
13991 1 1803
14006 1 1552
14045 2 861
14055 1 671
14056 1 1205
14060 1 1417
14075 1 1673
14080 18 51830
14105 11 9306
14169 2 837
14192 1 1494
14193 1 2538
14194 1 2591
14212 1 12149
14226 1 681
14230 1 136
14233 2 1003
14234 3 1454
14235 4 1311
14247 1 1300
14262 1 844
14277 1 1582
14280 2 2667
14282 2 691
14283 1 325
14295 1 1069
14301 2 2773
14303 4 1086
14322 2 612
14329 1 1391
14333 4 133
14348 3 1551
14364 1 881
14375 1 1301
14378 1 724
14382 1 662
14436 1 676
14443 1 607
14446 1 538
14460 2 834
14474 1 3842
14485 1 2125
14491 1 3791
14492 2 1007
14494 4 462
14540 3 471
14557 1 460
14560 1 1173
14585 1 935
14594 1 513
14596 1 2342
14612 1 744
14624 1 1719
14628 2 727
14637 2 918
14653 1 438
14658 1 3354
14659 1 266
14662 5 1844
14666 1 801
14674 1 1627
14683 4 601
14691 2 802
14692 1 3976
14708 1 1144
14721 1 4901
14727 1 1409
14728 2 2287
14730 1 997
14735 3 1483
14746 1 1733
14747 1 1544
14748 1 1244
14750 1 1292
14754 1 1214
14756 2 3039
14794 1 644
14800 1 746
14809 1 542
14817 37 1340
14829 2 1080
14833 2 7321
14836 3 2455
14853 1 333
14878 2 3248
14887 6 5014
14987 2 773
15028 1 4600
15041 2 872
15096 3 588
15099 1 5771
15108 3 1429
15110 1 821
15120 1 1822
15136 1 875
15138 1 1573
15182 1 146
15200 1 554
15203 5 5461
15204 2 3771
15253 1 1272
15256 1 1068
15261 1 817
15272 1 573
15279 1 1500
15293 1 5587
15458 1 890
15500 1 1215
15529 3 947
15556 1 1110
15568 2 3032
15569 1 3119
15570 1 2982
15571 1 3116
15572 2 3411
15573 1 2920
15574 1 3007
15575 1 3094
15576 1 2773
15580 16 2165
15583 1 1612
15587 2 2694
15605 1 585
15608 1 1419
15618 1 1203
15644 1 1287
15645 4 701
15661 2 1088
15664 1 1538
15665 7 928
15671 2 1154
15686 1 158
15692 1 159
15706 1 159
15708 1 158
15730 1 157
15742 3 2329
15743 3 2329
15744 3 2328
15757 5 7636
15813 1 1072
15821 1 1007
15824 2 359
15829 2 937
15830 1 240
15831 1 2451
15843 1 964
15846 1 2009
15879 1 719
15890 4 835
15939 2 1110
15942 1 1170
15957 1 8025
16006 1 1307
16008 3 6422
16051 5 931
16054 1 830
16091 4 591
16092 1 1157
16117 1 2540
16119 1 1598
16129 2 600
16132 1 1579
16137 2 1657
16180 1 805
16183 1 2917
16192 13 1427
16198 1 953
16203 1 1469
16211 1 771
16214 1 1149
16216 1 836
16228 4 807
16235 1 4462
16236 1 5204
16238 1 11763
16241 1 1533
16250 1 1198
16252 2 201
16254 1 691
16258 5 7609
16263 2 4858
16267 1 777
16281 2 3429
16283 2 166
16292 2 2759
16297 1 1746
16311 1 2173
16313 1 466
16316 3 3859
16341 3 9421
16375 1 389
16388 1 1730
16390 1 801
16395 1 1895
16404 1 746
16405 2 1015
16407 2 637
16408 1 513
16427 1 1330
16437 2 2983
16442 7 1557
16443 7 1618
16453 1 3149
16454 1 727
16464 1 3565
16470 1 229
16475 1 2055
16478 1 222
16482 1 1003
16492 1 3998
16495 1 667
16507 1 1847
16537 1 1394
16581 1 1859
16591 1 6896
16624 1 1916
16627 1 621
16628 6 1063
16635 1 7678
16643 1 2232
16646 1 774
16655 1 808
16665 1 1066
16700 3 3762
16702 1 521
16715 1 723
16720 1 1027
16722 1 5137
16723 1 573
16743 1 1505
16765 1 1110
16767 2 3326
16770 1 474
16774 1 1246
16786 2 289
16787 1 509
16810 18 2137
16813 4 4537
16827 2 1151
16843 2 15992
16848 1 1881
16856 11 2460
16857 2 2221
16858 1 2375
16859 1 2243
16860 1 2032
16861 1 2164
16862 1 2184
16863 2 2074
16864 2 2089
16869 3 3108
16870 1 1104
16871 1 1031
16872 1 1005
16873 3 1059
16893 2 5510
16897 4 1979
16920 1 1042
16925 1 1943
16926 1 1923
16932 1 4752
16935 1 3050
16936 1 3648
16942 2 12267
16943 12 10757
16952 2 7998
16959 1 889
16968 1 2878
16979 1 915
16984 1 5305
16997 1 2630
17005 1 2314
17013 3 9772
17017 7 1106
17038 1 1354
17049 1 1216
17051 1 1194
17054 1 1596
17062 1 3596
17095 1 731
17102 1 1387
17122 6 9203
17168 1 3800
17181 1 941
17183 8 2046
17186 1 2741
17188 2 1771
17189 1 5992
17194 17 1502
17195 9 2000
17196 8 1736
17198 8 2072
17199 1 1582
17205 1 1800
17244 1 10025
17247 1 2453
17253 1 903
17260 3 1596
17267 1 240
17286 2 1468
17288 1 490
17334 1 2470
17389 1 1790
17393 1 1385
17395 1 1269
17399 1 844
17408 1 1487
17439 1 1217
17441 1 2608
17442 2 3953
17446 2 3664
17449 2 1065
17452 1 770
17458 1 10296
17481 1 1474
17495 1 1540
17504 1 2199
17505 3 5120
17510 7 13439
17514 1 358
17519 1 581
17523 1 709
17556 2 519
17558 2 1065
17584 1 605
17589 2 12110
17590 1 6514
17592 1 3800
17599 1 4342
17602 1 1268
17604 1 615
17606 1 486
17607 1 624
17608 1 1036
17614 2 597
17635 1 663
17638 1 6007
17653 1 5954
17661 15 5100
17666 7 1434
17670 1 5050
17671 1 3280
17682 1 1732
17683 1 2520
17684 1 2134
17700 1 1118
17704 1 2320
17707 1 684
17715 1 1230
17718 3 1941
17743 1 1200
17746 1 588
17747 1 565
17758 5 28986
17793 1 2999
17801 1 368
17802 1 818
17818 1 4410
17833 1 631
17846 32 1416
17879 1 786
17889 1 749
17900 1 786
17904 5 6041
17907 1 453
17927 1 219
17936 1 426
17948 1 494
17958 2 1236
18002 1 1495
18003 1 1231
18004 1 5488
18023 14 1204
18027 2 869
18032 1 3246
18038 1 3203
18082 1 1589
18092 1 1678
18101 1 674
18115 1 697
18131 1 634
18132 1 1192
18135 1 919
18137 1 1301
18155 1 339
18157 1 116
18189 1 157
18191 1 157
18194 1 157
18197 1 157
18199 1 157
18213 1 2075
18263 1 2623
18265 2 4164
18276 1 1341
18278 2 1495
18285 1 1990
18287 2 1632
18289 6 797
18312 2 1509
18323 1 1066
18331 1 3395
18345 1 1603
18366 1 2921
18369 4 1573
18370 1 975
18385 1 6531
18390 4 1388
18395 1 6885
18396 6 12783
18415 3 5822
18417 2 970
18429 3 2153
18455 1 528
18461 3 2262
18463 1 1607
18490 1 1473
18526 11 2537
18527 12 2923
18528 7 1827
18529 7 1805
18530 11 2029
18531 10 2147
18532 11 2296
18533 10 1991
18534 7 1729
18541 1 952
18559 1 1226
18568 1 1372
18575 2 678
18578 1 442
18581 2 3194
18582 11 1724
18597 1 6498
18599 1 449
18621 3 5046
18625 1 1069
18644 3 2789
18645 6 1794
18646 1 1083
18653 3 4815
18654 4 15696
18660 1 933
18661 1 1372
18662 1 1519
18664 2 2209
18665 4 960
18682 1 368
18685 2 4688
18686 2 3449
18687 1 3261
18695 1 896
18719 1 2396
18725 2 1382
18739 2 3057
18740 2 2994
18741 2 3106
18742 2 2981
18748 1 1015
18755 1 1492
18762 1 911
18768 3 444
18779 2 2121
18788 1 1109
18808 1 1566
18810 2 344
18817 1 444
18840 2 4890
18851 1 1501
18863 8 2559
18867 1 948
18899 2 1411
18905 1 3741
18928 1 593
18933 1 6035
18937 1 762
18949 1 628
18951 3 5208
18965 1 20789
18968 1 2667
18971 1 621
18987 2 2027
18994 6 567
18999 1 340
19000 2 1062
19001 2 1062
19021 5 1100
19043 1 4707
19056 1 810
19066 1 1990
19076 5 2622
19079 3 16454
19080 1 797
19082 1 502
19089 1 440
19091 1 1544
19111 1 4980
19117 1 1805
19129 1 595
19153 1 3019
19164 3 999
19165 1 1782
19186 1 6942
19194 2 5424
19231 1 1461
19348 1 32
19369 1 1689
19375 2 4252
19391 1 3144
19394 1 1246
19416 1 433
19417 1 207
19492 1 244
19495 1 3545
19504 3 6279
19512 1 3132
19515 8 1607
19558 1 5943
19560 4 8071
19561 1 5606
19563 3 5781
19589 1 1946
19601 1 409
19620 1 1044
19661 1 457
19674 2 2879
19689 1 2057
19703 1 570
19725 1 770
19730 1 709
19754 2 152
19767 5 969
19787 1 958
19788 1 1127
19789 3 1067
19816 1 1533
19835 2 1651
19840 1 890
19846 1 493
19863 1 1885
19864 1 1262
19866 2 940
19869 1 2203
19889 1 7969
19892 2 2205
19896 1 4758
19904 3 1476
19913 18 2014
19938 1 1181
19943 1 1820
19969 4 2159
20001 1 2461
20004 1 2446
20007 1 631
20013 1 2102
20016 1 3043
20030 7 4962
20032 1 742
20057 2 5239
20139 1 1612
20152 1 379
20154 4 3393
20170 2 3948
20171 1 767
20178 3 4163
20193 1 1368
20194 2 1431
20200 5 30304
20216 1 967
20219 1 1029
20242 3 1036
20253 1 1358
20258 1 1250
20268 1 1431
20277 1 1485
20294 1 3768
20411 2 623
20417 1 930
20421 40 12627
20422 40 12210
20423 39 5021
20434 1 2324
20552 2 894
20607 1 4252
20613 1 521
20617 1 1245
20633 1 268
20639 1 2734
20653 1 6960
20656 1 964
20669 1 709
20676 2 606
20677 1 8655
20682 1 5585
20683 1 2155
20684 2 12924
20700 2 2481
20707 5 35797
20708 4 24696
20710 1 6801
20716 1 552
20729 5 902
20730 1 3239
20766 1 315
20780 1 1126
20785 2 3062
20800 1 1099
20808 4 1960
20831 1 5707
20833 2 5441
20861 1 2236
20865 1 1136
20899 13 3664
20916 3 2792
20930 1 1211
20971 1 884
20972 2 2365
20976 1 1898
20981 1 4198
20995 5 1840
21058 1 297
21075 1 822
21094 1 715
21101 1 2647
21102 1 3237
21107 1 975
21135 1 790
21140 1 880
21154 1 897
21157 1 1251
21163 1 842
21170 2 744
21174 1 1423
21182 5 1547
21188 1 1794
21225 1 4913
21245 2 880
21259 1 1196
21282 8 1212
21284 1 1012
21293 1 878
21299 1 9163
21321 3 7104
21347 3 1066
21357 1 5683
21359 2 13839
21361 1 1874
21362 1 2634
21380 1 2156
21390 1 1750
21391 2 4613
21392 1 880
21395 1 236
21417 2 1547
21455 1 1624
21456 1 1779
21465 1 1283
21484 1 1764
21490 2 4936
21492 1 1466
21500 1 4276
21529 1 2347
21530 8 2863
21533 3 1795
21534 1 1751
21535 1 1207
21552 1 3528
21562 1 836
21563 1 2416
21585 1 248
21596 2 394
21613 1 1522
21616 1 307
21628 3 1456
21629 2 1236
21632 1 2786
21637 1 10855
21642 9 690
21644 11 11884
21645 2 377
21648 3 6487
21653 2 1859
21654 1 1605
21655 1 1486
21702 2 3125
21714 1 1537
21717 1 1108
21728 1 1259
21749 1 1027
21755 1 788
21758 6 2344
21767 2 6211
21770 2 4733
21774 3 1025
21782 1 651
21811 1 724
21813 5 930
21814 1 4204
21832 6 2721
21839 3 4667
21840 1 6308
21852 1 6758
21860 1 2805
21862 3 3630
21874 1 404
21875 1 498
21882 1 1265
21885 16 1533
21897 1 2020
21899 1 1045
21902 1 517
21903 2 3153
21909 1 338
21915 1 1773
21935 1 937
21947 1 628
21951 1 1086
21960 31 7778
21963 1 2029
21964 1 1399
21969 1 4332
21970 1 683
21972 1 2236
21976 2 3253
21989 1 2096
21991 3 1915
21993 1 2572
21996 1 2579
21999 15 744
22012 1 475
22017 1 2683
22022 1 916
22029 1 806
22032 2 4462
22033 1 451
22034 1 1880
22038 2 1606
22052 1 1487
22072 1 987
22078 1 579
22079 7 5115
22092 3 8456
22093 2 10393
22112 1 1097
22118 1 515
22120 1 714
22131 1 550
22148 1 1192
22163 1 2087
22165 1 818
22175 1 468
22195 1 752
22214 3 1094
22229 2 913
22397 1 1170
22455 1 2770
22456 1 1938
22498 1 2128
22507 2 857
22522 1 1218
22523 1 3123
22524 1 3107
22525 1 3022
22526 1 2933
22527 1 2945
22528 5 3156
22545 1 845
22555 1 1437
22562 1 1380
22570 1 1844
22592 1 2031
22598 2 1298
22609 2 1445
22611 1 992
22624 1 1920
22628 1 1515
22648 1 155
22653 1 154
22660 1 154
22681 1 156
22694 1 157
22695 1 156
22702 1 157
22710 1 157
22728 1 164
22729 1 164
22739 1 164
22745 1 164
22752 1 166
22753 1 165
22755 1 164
22759 1 165
22773 1 871
22864 1 581
22878 1 1217
22887 2 4212
22889 1 992
22890 1 287
22896 1 1030
22897 1 455
22908 1 2390
22922 3 2658
22923 2 2900
22924 4 3942
22927 1 2118
22939 1 678
22962 2 1318
22963 1 511
22970 1 477
22978 3 515
22981 2 170
23001 2 6718
23013 1 4500
23014 2 3266
23021 3 4030
23028 2 1701
23033 13 1939
23051 1 418
23060 3 659
23078 1 973
23134 2 2296
23146 1 825
23224 1 1079
23231 2 449
23232 3 1078
23357 2 798
23362 1 1820
23363 2 3369
23367 1 1364
23368 1 2432
23370 1 1836
23371 3 1501
23373 4 1729
23376 1 724
23413 1 1692
23419 1 1204
23424 1 604
23427 2 1196
23431 1 2002
23479 1 295
23503 1 652
23505 3 1415
23506 5 760
23507 3 1290
23514 1 8145
23525 1 3680
23531 1 2398
23532 1 408
23557 1 1303
23644 1 2056
23654 1 744
23668 2 570
23671 7 7612
23677 1 390
23685 1 1613
23717 3 757
23741 1 633
23771 1 1389
23779 2 825
23783 1 1502
23795 1 1876
23796 4 756
23798 1 176
23806 12 518
23829 1 8025
23968 5 579
24088 1 1581
24093 1 4836
24119 8 14616
24123 1 1686
24124 1 2547
24125 1 670
24146 2 249
24157 11 10311
24159 1 570
24177 1 1040
24188 2 634
24207 4 1236
24222 1 3333
24230 3 112
24231 1 623
24232 1 988
24233 1 1108
24244 4 1387
24260 1 1070
24267 2 1344
24268 2 1365
24269 3 1407
24272 1 3323
24344 1 1323
24346 1 525
24365 1 233
24388 1 1686
24389 1 1096
24397 1 1053
24452 1 2427
24465 1 1100
24514 3 13551
24521 1 1321
24534 1 127
24547 1 918
24561 2 3084
24570 1 289
24571 1 611
24574 1 3225
24582 1 129
24590 1 4782
24591 1 4881
24592 1 4881
24593 2 1736
24594 3 1258
24610 1 923
24619 1 1922
24623 1 294
24666 1 3571
24682 1 465
24722 1 1133
24765 1 1351
24789 2 4093
24790 1 2605
24795 1 709
24807 2 3878
24813 1 1576
24815 3 1122
24816 1 804
24819 1 1466
24823 2 2274
24828 1 1036
24838 1 1751
24841 1 1228
24842 3 3916
24848 1 1701
24850 1 697
24874 1 1346
24884 2 7321
24885 2 7349
24886 2 7415
24887 2 7415
24888 2 7415
24889 1 1170
24890 1 1170
24891 1 1170
24900 1 2275
24901 1 2275
24902 1 2275
24923 1 436
24926 1 2341
24929 3 1195
25047 1 1186
25100 1 552
25116 2 656
25128 2 3351
25130 11 675
25146 1 1145
25150 1 1598
25154 1 4423
25167 1 736
25169 1 814
25173 1 472
25177 1 1136
25231 1 2410
25233 2 4985
25235 1 7935
25249 1 1150
25253 2 768
25256 1 880
25265 4 2233
25363 2 2545
25409 1 4429
25441 2 1222
25442 1 904
25474 18 3568
25475 1 3015
25476 1 3033
25477 2 3314
25478 1 3302
25479 1 3085
25484 2 711
25487 2 2868
25492 1 3700
25508 1 1364
25513 1 844
25535 6 1634
25540 1 578
25562 2 3195
25582 1 159
25588 1 159
25615 1 920
25656 4 4885
25668 1 1796
25676 2 1444
25677 3 747
25700 1 709
25713 2 3056
25718 8 3888
25736 6 2577
25752 1 841
25770 1 1009
25790 1 1549
25804 1 2275
25807 1 717
25821 2 721
25822 1 694
25900 1 990
25902 1 2698
25908 1 352
25934 4 166
25952 3 729
25957 5 1091
25977 1 1118
26050 1 1792
26054 10 1978
26082 1 1566
26095 1 5070
26125 4 331
26128 1 744
26142 5 267
26185 3 238
26215 1 203
26241 1 5926
26242 1 1535
26245 1 884
26257 8 3709
26259 8 3718
26260 8 3718
26261 8 3710
26262 8 3711
26272 1 189
26278 1 197
26291 2 500
26322 1 805
26324 1 1329
26350 1 721
26358 2 830
26359 6 3794
26367 1 1044
26449 1 7560
26459 3 1563
26465 1 1529
26471 9 1612
26498 4 32423
26506 1 1001
26516 1 2569
26534 6 3621
26537 1 348
26540 1 340
26542 1 1082
26545 2 1046
26558 2 1102
26559 2 1105
26560 2 1067
26580 5 172
26586 2 2458
26587 1 823
26588 1 341
26590 1 2388
26592 1 2640
26627 1 521
26631 2 8025
26632 2 1338
26641 2 4691
26669 1 2034
26693 1 1069
26695 3 918
26710 3 638
26712 1 501
26715 1 1453
26716 1 1488
26727 2 4405
26741 1 777
26760 5 793
26763 2 887
26766 1 1561
26781 2 578
26784 1 1465
26791 1 4660
26795 2 849
26797 1 1479
26816 1 2936
26824 1 966
26827 1 2251
26836 3 2928
26849 5 634
26852 1 834
26860 1 575
26877 2 1219
26880 4 1488
26891 1 2493
26901 1 1096
26960 1 203
26974 1 1029
26976 1 1105
26979 1 787
26980 1 1029
27036 1 6909
27037 1 4999
27124 2 583
27125 1 1153
27127 1 1556
27134 1 823
27150 1 1038
27159 1 912
27161 1 1496
27162 1 1964
27163 1 1060
27182 3 3254
27191 1 2750
27217 5 865
27261 1 1483
27284 1 1496
27291 1 3912
27308 2 7530
27322 8 3721
27324 8 3721
27341 1 906
27376 1 1008
27386 1 204
27389 2 511
27390 2 1355
27393 1 643
27394 1 1701
27396 1 2172
27409 1 4419
27412 1 1992
27430 1 1623
27433 1 1079
27520 1 3462
27525 1 1284
27534 7 564
27535 8 1646
27538 4 957
27547 1 742
27559 1 665
27561 2 1102
27563 2 1068
27568 2 2345
27585 1 1037
27657 1 651
27658 1 632
27664 1 594
27666 1 565
27668 1 524
27690 4 472
27691 3 1205
27693 1 678
27747 1 1674
27754 2 521
27761 4 1167
27769 6 1391
27771 1 696
27773 1 1301
27779 1 4121
27782 3 1620
27808 2 2245
27812 3 3494
27830 2 5835
27836 9 3088
27837 2 2547
27838 5 2876
27841 1 1689
27851 2 5844
27862 2 8511
27872 1 3102
27873 1 444
27878 3 1265
27881 8 1142
27883 7 4980
27897 1 192
27901 1 544
27925 4 2804
27996 2 1192
28001 1 886
28003 1 1375
28006 1 1748
28012 1 784
28032 1 1700
28035 1 440
28037 1 487
28048 2 1522
28055 1 367
28068 1 1208
28069 1 581
28090 5 339
28097 1 685
28098 1 10589
28101 2 883
28103 2 5130
28104 1 1950
28105 2 3202
28110 1 1068
28156 1 879
28225 2 2588
28241 1 517
28259 1 6624
28261 3 11790
28267 1 638
28285 4 1038
28316 1 1269
28317 1 406
28343 3 610
28413 2 1726
28414 2 3568
28419 3 3437
28420 1 573
28430 1 2319
28432 1 1851
28434 1 1842
28435 2 922
28444 2 1003
28446 3 9326
28447 8 1339
28457 2 5857
28458 2 5864
28466 2 10312
28467 2 8583
28468 2 8583
28469 2 8615
28472 6 3173
28473 1 1706
28477 1 3627
28491 6 4917
28565 1 3391
28653 4 704
28673 1 1086
28675 3 1685
28682 1 1576
28686 2 1805
28691 1 1330
28695 19 1876
28696 1 3559
28723 2 677
28764 8 576
28771 1 1129
28796 1 2216
28811 1 1831
28816 1 2084
28839 1 458
28840 2 12057
28844 4 477
28866 1 1774
28871 1 2000
28883 2 1741
28945 1 874
28972 1 569
28975 1 762
29062 1 457
29064 1 1128
29077 1 1084
29088 1 641
29105 1 234
29119 1 1828
29134 3 1030
29138 1 673
29139 1 1025
29180 2 3520
29182 1 839
29303 1 2173
29349 1 2088
29351 2 2081
29358 1 875
29375 1 871
29377 1 593
29383 1 1087
29385 3 3769
29396 1 8576
29414 1 1661
29418 2 3556
29433 1 1359
29436 3 1447
29446 1 2735
29452 2 581
29465 1 405
29475 1 2177
29491 1 3124
29492 1 3204
29493 2 3306
29494 1 3066
29495 1 3137
29496 2 2933
29497 1 2942
29498 1 2955
29519 1 8686
29522 2 849
29523 2 10213
29529 1 4211
29548 1 1483
29556 1 1585
29557 1 7051
29572 1 2781
29603 1 1169
29605 2 436
29606 1 321
29610 1 1172
29623 1 963
29628 1 3312
29630 1 1791
29632 1 2000
29642 3 435
29648 1 8110
29656 1 157
29662 1 157
29664 1 157
29687 3 2532
29688 3 2530
29706 1 172
29714 1 623
29720 1 808
29721 2 6842
29723 5 714
29726 1 948
29790 1 1023
29805 1 1359
29806 1 1218
29817 20 2179
29822 4 1623
29824 1 652
29825 1 3891
29842 1 1058
29849 1 1105
29857 1 731
29868 8 2187
29871 3 771
29888 2 3407
29897 1 647
29899 3 815
29900 1 618
29903 1 1998
29914 3 2420
29931 4 300
29932 8 1003
29951 1 2090
29960 1 840
29987 1 1548
29990 1 235
30034 2 1737
30049 3 962
30055 3 2125
30060 8 1690
30073 2 2480
30081 1 1275
30084 2 1077
30096 1 157
30132 1 1913
30182 1 1248
30192 1 1145
30195 1 1266
30248 2 346
30273 1 2533
30277 1 1384
30297 4 1169
30307 3 3452
30332 2 1157
30351 1 4754
30352 1 5973
30353 9 3848
30380 1 1089
30382 2 1172
30390 1 1242
30435 1 1206
30436 1 827
30456 3 663
30482 1 926
30483 4 2924
30508 1 210
30509 1 475
30520 2 1146
30543 1 2733
30573 4 2812
30599 1 924
30609 1 3139
30618 1 763
30638 1 1053
30639 12 8117
30642 2 3081
30649 1 2455
30651 1 1026
30652 2 579
30692 1 820
30695 4 1342
30727 2 1425
30735 1 669
30738 2 1986
30744 1 1162
30747 1 4167
30750 2 1681
30752 2 1610
30808 1 2494
30811 1 215
30829 1 1243
30830 1 1174
30842 1 2081
30848 1 1294
30853 1 908
30878 1 1359
30884 6 576
30888 2 2250
30901 1 595
30947 1 1608
30952 1 3956
30973 2 7204
31034 1 396
31039 1 1073
31041 1 1280
31058 1 3446
31094 3 7803
31111 1 938
31120 1 1212
31147 1 1461
31152 10 419
31185 2 742
31239 1 429
31250 2 1677
31257 1 1242
31264 1 1761
31267 1 7536
31272 1 586
31274 1 1664
31288 1 2833
31289 2 1482
31322 7 1237
31328 4 3214
31360 1 3008
31376 1 613
31378 1 1060
31380 2 1553
31395 2 3700
31417 1 1164
31418 2 510
31419 4 1480
31424 1 363
31425 2 562
31438 1 1279
31441 1 1845
31462 1 299
31470 1 157
31472 1 157
31476 1 157
31483 1 158
31500 1 826
31502 1 686
31506 2 833
31508 1 3777
31512 3 857
31513 4 1104
31518 1 5634
31544 2 2626
31566 1 1244
31588 1 1119
31598 1 1064
31600 1 1053
31604 1 966
31623 2 8156
31632 2 1179
31652 1 525
31675 1 1174
31687 1 1427
31689 1 2682
31691 1 1773
31694 2 3337
31696 4 521
31717 10 6445
31731 1 3982
31739 1 977
31754 1 1235
31759 7 222
31776 1 512
31784 1 817
31825 1 3867
31835 4 2763
31848 1 642
31852 2 1764
31874 1 640
31881 14 1085
31920 1 487
31930 2 4739
31936 2 3664
31945 1 2616
31955 1 632
31974 5 846
31976 1 1282
31983 1 696
31986 1 910
32002 1 1104
32021 2 720
32023 1 2558
32036 1 1099
32042 1 828
32123 5 9539
32178 1 1008
32181 1 2305
32200 1 968
32220 7 839
32226 3 3217
32231 1 687
32241 2 5341
32242 3 1349
32263 1 652
32277 1 1178
32286 15 3201
32292 1 3278
32301 3 3186
32302 4 3115
32308 1 1418
32312 2 836
32329 1 5073
32347 1 824
32348 1 1430
32372 1 1632
32374 2 3413
32387 1 1022
32388 2 24490
32393 1 447
32399 3 1839
32406 1 1010
32428 1 200
32444 1 158
32456 1 157
32462 1 157
32487 1 1186
32489 9 784
32491 7 6991
32498 11 2231
32551 1 1569
32565 1 1204
32566 1 1495
32567 2 588
32570 6 1155
32579 1 442
32593 1 1078
32596 1 949
32601 1 1044
32603 1 753
32637 1 827
32654 5 45225
32662 3 2165
32663 4 3914
32664 1 1019
32666 2 2788
32687 2 1255
32699 1 810
32704 1 2103
32711 1 4218
32718 1 5437
32719 1 5014
32746 1 2142
32753 3 1998
32828 1 632
32832 1 792
32843 1 592
32892 1 459
32900 3 1072
32913 1 774
32951 4 137
32966 2 1131
32972 3 11367
32980 1 530
32986 4 3067
32992 1 835
32995 1 645
33065 7 2052
33069 2 3021
33076 1 1741
33079 1 3096
33080 1 2203
33084 1 1311
33091 4 10334
33130 1 1040
33167 8 1396
33188 1 10275
33189 1 1759
33201 1 356
33213 1 721
33217 1 1141
33232 2 1378
33233 1 533
33236 1 1830
33256 4 1321
33257 1 996
33264 1 1136
33290 1 1065
33310 2 9499
33317 1 1673
33335 1 9267
33341 1 213
33349 1 179
33359 2 890
33370 1 898
33373 1 17
33377 1 1162
33429 10 413
33475 2 5068
33489 1 1302
33494 2 11341
33499 5 590
33512 1 777
33515 1 951
33571 2 1163
33572 2 1301
33573 2 1218
33574 2 1229
33575 4 1216
33576 2 1268
33577 1 863
33594 1 893
33614 2 721
33618 1 509
33626 1 991
33641 1 2126
33662 1 1270
33692 1 738
33703 1 18894
33713 2 2328
33732 1 809
33733 1 290
33739 3 1711
33741 1 787
33751 2 3258
33752 3 1225
33762 2 641
33763 1 2200
33782 1 907
33798 1 1847
33801 1 160
33807 1 599
33828 1 167
33829 1 837
33831 1 6374
33847 1 7078
33852 2 457
33855 3 914
33859 1 7228
33865 33 4323
33870 1 2415
33875 1 726
33876 1 1623
33880 1 447
33882 1 1010
33889 3 1189
33895 1 1427
33909 1 1260
33910 1 1095
33917 2 1937
33924 1 11847
33925 1 684
33927 1 934
33932 1 831
33934 1 833
33937 2 14231
33967 3 1014
33995 1 315
34004 3 5029
34015 1 1157
34029 1 3971
34039 6 23394
34046 1 3718
34047 1 1237
34061 12 1055
34064 1 1611
34080 5 1228
34082 2 694
34086 1 3765
34087 2 3646
34118 1 2699
34137 1 974
34146 9 1989
34150 4 1435
34159 1 1830
34163 1 490
34171 2 585
34189 1 508
34190 2 394
34192 1 1198
34200 1 1477
34210 2 1920
34216 1 929
34220 1 370
34223 1 1760
34229 1 819
34237 1 222
34277 1 1189
34288 17 1049
34289 1 2981
34298 1 6813
34310 1 993
34311 1 1306
34334 3 376
34342 2 5941
34350 1 194
34356 1 733
34419 5 509
34439 6 1490
34449 3 3565
34454 1 1630
34456 1 1514
34457 2 1594
34462 1 1693
34465 3 5422
34479 1 1119
34480 1 2110
34481 2 3475
34493 1 905
34498 1 817
34503 1 1238
34521 2 3172
34524 1 879
34525 1 1736
34528 1 3693
34535 1 3465
34538 1 177
34552 1 2327
34583 6 4980
34662 1 1885
34674 1 2253
34677 1 793
34682 2 1585
34683 1 1171
34689 2 1908
34696 1 2011
34699 1 381
34709 1 727
34776 1 2068
34796 1 674
34804 1 3895
34809 1 443
34813 1 2197
34820 1 7148
34824 2 468
34832 1 582
34848 8 878
34881 1 2427
34890 1 1453
34905 1 1534
34915 2 985
34942 1 1517
34946 1 1109
34960 2 2476
34964 1 1938
34993 2 853
35063 1 627
35151 1 4287
35152 1 814
35155 5 589
35169 2 631
35191 1 374
35331 4 2132
35332 1 2865
35333 1 5425
35334 2 4418
35340 1 4545
35369 1 1232
35370 1 1313
35398 2 4556
35399 2 6478
35408 1 705
35415 1 1578
35419 1 340
35427 6 12574
35428 10 12657
35437 1 2276
35440 3 321
35499 3 397
35504 1 1747
35507 1 1988
35579 1 17
35599 1 1705
35647 1 522
35661 2 405
35678 3 1277
35681 1 1430
35686 1 725
35704 2 926
35714 1 1619
35717 2 818
35720 1 4608
35740 1 1139
35764 1 1421
35773 1 1187
35775 1 898
35791 1 1953
35794 4 510
35798 1 1407
35838 1 1185
35847 1 965
35850 1 2980
35861 2 10960
35886 1 671
35893 1 1446
35895 1 1498
35937 1 4486
35948 1 838
35951 3 2034
35955 2 1580
35983 1 2665
36012 5 1501
36014 4 550
36018 1 1940
36019 1 852
36033 1 3256
36042 38 6053
36053 1 1200
36057 2 2918
36086 1 1084
36109 3 12698
36113 1 842
36130 1 2211
36131 1 1273
36144 1 632
36156 1 766
36174 4 472
36175 1 1254
36176 1 965
36177 1 2374
36203 2 842
36219 1 722
36220 1 531
36222 1 1383
36245 1 843
36246 2 2302
36249 1 2162
36258 1 582
36274 1 765
36276 1 1101
36286 1 1718
36311 1 2920
36313 1 1437
36330 1 1117
36333 2 1086
36334 2 1139
36336 1 5447
36343 2 1778
36344 1 1190
36348 3 1204
36364 1 2554
36373 1 2127
36394 1 5251
36395 1 5251
36396 1 5251
36397 3 8678
36398 3 8678
36412 1 969
36413 1 969
36429 1 1513
36516 1 888
36519 2 684
36548 1 1059
36553 1 1086
36570 2 692
36573 4 638
36574 1 385
36575 1 603
36599 2 542
36600 3 1304
36603 6 1068
36612 9 2808
36621 2 857
36628 1 4247
36671 1 1332
36678 1 653
36681 2 2010
36683 2 1069
36685 1 3543
36697 2 754
36724 1 2272
36728 9 1234
36729 2 1013
36732 1 18263
36757 2 2134
36770 1 2401
36808 3 1928
36810 1 338
36815 1 422
36828 1 1444
36835 1 415
36863 1 3262
36873 2 4539
36881 7 1464
36882 1 6259
36893 2 726
36905 1 967
36906 1 991
36912 1 1844
36913 1 3173
36917 1 1649
36940 1 306
36945 1 21910
36962 1 5960
36999 1 867
37002 1 467
37011 1 2340
37023 1 2246
37063 1 1966
37067 5 1829
37075 1 595
37102 1 1529
37105 1 5309
37106 1 3136
37130 1 2162
37131 3 369
37177 6 10680
37182 1 13117
37196 4 1139
37211 1 1200
37212 1 697
37223 26 1759
37271 3 2000
37278 2 2964
37282 3 2473
37285 8 2205
37305 1 824
37307 12 1003
37310 4 7113
37323 1 7159
37324 2 5244
37335 1 4505
37362 1 1647
37379 1 1264
37384 1 1980
37385 4 1327
37388 1 936
37401 1 1431
37402 1 282
37409 3 2886
37417 1 899
37425 1 4184
37427 1 7481
37446 1 948
37450 1 672
37454 1 8351
37475 2 639
37489 2 991
37494 4 449
37496 1 2380
37501 1 4449
37505 1 759
37506 1 1377
37533 3 446
37540 2 1841
37570 1 929
37576 3 1478
37587 1 2098
37589 3 989
37594 1 1661
37595 2 1332
37596 2 1780
37597 2 824
37600 3 1454
37602 2 1078
37603 1 558
37613 1 1538
37619 3 273
37621 1 648
37627 1 1191
37648 2 1170
37649 1 1913
37650 2 2418
37657 2 1079
37659 1 628
37661 1 5314
37685 1 2123
37692 1 1697
37709 9 1372
37727 1 606
37730 1 867
37732 1 1492
37734 2 3488
37740 2 643
37744 13 1092
37747 6 4991
37833 1 916
37847 3 132
37856 5 3403
37858 1 698
37872 1 702
37877 4 606
37881 1 1592
37889 1 4249
37895 1 1340
37929 1 2603
37930 2 681
37932 14 17484
37944 2 940
37980 1 1046
37981 1 1271
37982 1 1163
37983 1 1190
38003 1 635
38005 1 3590
38051 1 1733
38056 3 857
38059 18 1549
38063 13 438
38074 1 1582
38153 2 1194
38154 1 2189
38155 1 709
38157 1 3920
38172 4 2261
38186 2 1792
38211 1 755
38226 1 709
38229 2 4034
38237 1 4950
38243 1 1851
38248 1 484
38257 1 551
38279 10 2423
38316 1 1756
38317 1 1215
38321 16 980
38365 2 774
38368 1 599
38375 12 1735
38393 2 987
38409 1 1711
38416 2 701
38433 1 2018
38434 3 2883
38441 2 3038
38445 1 2338
38446 1 1008
38447 1 2944
38448 1 6071
38449 1 1891
38452 1 1545
38454 2 255
38456 1 758
38457 5 1223
38483 1 1201
38484 1 1425
38502 2 1471
38508 2 2464
38519 1 198
38530 1 1502
38557 4 10387
38565 1 237
38576 3 1706
38577 3 795
38608 1 4302
38619 2 453
38633 1 1558
38635 1 1518
38662 4 292
38672 1 1650
38685 2 2596
38694 7 1649
38708 3 486
38711 1 2289
38731 1 818
38737 1 1277
38755 1 1706
38773 1 1344
38774 1 855
38777 1 774
38796 1 3677
38797 1 1539
38819 1 1509
38820 4 2102
38869 1 749
38887 1 1530
38905 1 1096
38916 1 6621
38923 4 896
38925 1 1372
38926 44 1938
38937 1 1185
38942 2 3171
38944 4 3052
38945 2 1483
38946 2 1288
38953 1 2359
38954 1 2720
38970 4 774
38975 2 912
38976 6 3085
38978 3 446
38979 1 1182
38999 4 4065
39001 1 4864
39002 2 1086
39012 1 1147
39065 1 606
39066 1 632
39068 1 6017
39073 1 552
39084 2 4248
39097 3 1486
39115 1 1536
39126 3 1601
39132 2 3874
39149 3 2101
39166 1 1097
39167 1 1736
39168 1 1160
39169 2 982
39171 2 1263
39178 2 1298
39179 17 2122
39180 1 1551
39187 2 715
39192 1 1347
39193 2 3626
39194 2 764
39195 1 2112
39196 3 1333
39211 2 824
39240 1 1187
39241 1 7079
39245 5 4290
39252 1 1207
39257 19 2445
39259 1 3420
39273 1 1081
39278 1 5705
39279 1 5440
39283 1 2198
39285 7 3325
39301 2 12335
39311 6 2070
39315 4 788
39341 9 9083
39397 1 2248
39402 1 1338
39434 1 67
39449 1 3105
39463 1 614
39465 1 984
39468 2 881
39488 3 1377
39489 1 1197
39497 6 5496
39507 1 572
39509 1 616
39510 4 1784
39524 3 2137
39533 1 1603
39556 2 1631
39569 4 291
39627 1 1010
39642 1 690
39647 1 872
39701 1 408
39705 2 2975
39706 2 1567
39708 1 918
39714 1 509
39783 5 584
39796 1 688
39806 2 1057
39900 1 216
39913 2 400
39929 1 1959
39936 1 481
39959 1 969
39967 1 878
39970 1 1979
39975 3 1698
39978 6 30166
39985 2 3132
39993 1 6188
39999 5 4187
40003 1 440
40015 1 892
40019 1 659
40022 2 2312
40024 1 2366
40033 1 2140
40053 2 3632
40070 1 1450
40073 1 313
40083 1 1444
40087 1 1024
40088 1 1024
40089 1 1024
40093 1 4751
40097 2 541
40127 12 877
40129 1 219
40131 1 5534
40132 2 890
40138 1 1151
40149 1 1770
40151 2 2200
40214 1 284
40228 1 722
40244 1 234
40253 8 3705
40255 8 3713
40257 8 3718
40259 1 883
40263 1 55
40266 1 839
40292 10 1359
40293 1 446
40315 2 577
40316 1 151
40318 1 1714
40320 6 7910
40335 3 2129
40342 6 1617
40344 2 732
40354 2 777
40373 3 953
40382 1 2344
40401 1 2725
40435 1 2577
40443 1 1853
40453 1 950
40507 1 1527
40511 1 1191
40521 1 1004
40541 1 4650
40549 2 1360
40550 2 3684
40552 1 4962
40574 1 1463
40579 2 4144
40590 2 379
40599 1 1239
40630 1 5684
40639 1 1499
40662 1 1447
40668 2 3116
40684 1 1337
40685 6 2772
40698 1 1004
40705 1 338
40725 2 1067
40726 2 1067
40727 1 556
40731 1 643
40747 1 5237
40753 1 611
40754 1 583
40755 1 1578
40763 1 3495
40765 1 460
40771 2 1289
40774 2 1038
40810 17 741
40841 1 2352
40855 4 1346
40891 7 1470
40897 1 2888
40905 1 1163
40911 1 619
40919 1 431
40922 1 697
40925 1 2385
40936 11 3129
40948 4 498
40949 1 291
40971 1 1457
40972 1 1481
40993 1 3833
41008 2 525
41028 1 514
41030 1 130
41032 1 2291
41035 1 972
41044 1 430
41047 1 1994
41072 2 1072
41076 1 1472
41080 2 1531
41089 2 2270
41098 1 1211
41102 4 1491
41112 3 922
41118 1 2966
41131 2 4182
41137 2 1577
41141 2 1072
41145 3 1347
41149 1 958
41154 1 1359
41161 3 2501
41168 2 251
41175 1 644
41184 1 7879
41191 3 2001
41208 2 931
41222 1 537
41224 21 1980
41233 4 1484
41237 1 235
41238 1 4035
41243 2 725
41259 2 862
41290 2 1644
41301 1 928
41424 1 924
41426 4 4541
41431 2 1782
41457 1 705
41523 6 643
41530 1 673
41548 2 516
41609 1 436
41633 1 493
41672 1 1500
41674 1 4187
41705 1 104
41725 9 775
41728 3 852
41743 1 1028
41789 1 925
41815 1 212
41818 1 3884
41822 1 1997
41824 1 848
41833 1 606
41840 1 2915
41841 1 1074
41842 1 1367
41843 2 778
41844 2 1013
41857 2 1647
41869 2 396
41877 2 1119
41891 1 1058
41904 1 1303
41915 1 338
41930 1 177
41936 6 2170
41940 1 2265
41954 1 606
41958 1 552
41984 1 578
41993 1 988
42005 3 1442
42018 2 811
42025 5 9933
42077 1 806
42111 4 648
42114 2 5169
42132 1 1554
42141 5 1064
42149 1 9906
42150 1 2706
42155 2 2406
42161 1 9423
42165 1 1084
42170 1 4262
42221 1 2197
42234 1 2137
42250 1 395
42261 1 6604
42283 1 2025
42290 2 3287
42297 1 1946
42303 4 1086
42304 1 1726
42313 1 377
42330 7 6012
42333 2 1423
42344 31 3974
42354 1 1506
42390 1 1124
42417 1 1718
42422 4 5724
42424 2 6309
42452 2 694
42464 4 468
42473 1 3755
42474 1 1310
42489 1 1484
42502 1 786
42509 2 563
42519 1 684
42525 1 1213
42534 1 322
42537 11 504
42542 1 862
42544 1 2256
42550 1 2066
42554 1 513
42555 13 2440
42557 1 2920
42558 1 1161
42571 1 844
42573 1 1180
42580 5 8665
42584 1 1300
42595 1 978
42597 2 1554
42629 2 3606
42630 2 2369
42631 2 1557
42640 4 12636
42645 2 2530
42648 3 4779
42654 2 923
42655 2 1535
42665 1 626
42667 1 1132
42669 2 1190
42693 1 156
42694 1 156
42713 1 157
42738 1 158
42763 1 6680
42767 4 8035
42768 1 4939
42769 3 8334
42774 2 5633
42777 2 1444
42816 6 1087
42819 1 605
42823 1 2264
42832 1 1721
42847 1 1125
42859 1 685
42879 1 948
42880 1 826
42882 1 1324
42883 1 997
42892 1 2540
42898 1 477
42904 1 732
42907 1 734
42926 1 1178
42951 4 1525
42954 1 821
42960 1 7453
42967 1 1104
42968 1 2559
42969 2 2363
42976 4 760
42981 1 614
42990 2 518
42995 1 1142
42997 10 661
43002 2 1109
43009 1 2498
43016 1 163
43027 1 1898
43064 1 1014
43073 1 382
43102 1 764
43109 1 2284
43143 1 812
43150 1 9162
43177 1 1094
43182 1 507
43229 1 8025
43255 12 1777
43307 1 1390
43316 1 1838
43321 9 654
43327 1 1254
43331 1 1364
43388 1 576
43395 1 525
43421 1 853
43438 1 2070
43447 1 1494
43456 1 1012
43457 4 1538
43474 1 2661
43476 2 2726
43477 4 22611
43492 1 1324
43494 1 355
43496 3 2079
43507 2 1101
43508 2 1409
43517 2 198
43518 2 800
43545 2 709
43547 1 1029
43562 1 682
43576 4 5522
43577 3 3389
43593 3 571
43606 2 1561
43619 22 400
43624 1 1564
43632 1 1125
43657 1 1637
43661 3 1148
43678 1 956
43682 3 642
43683 1 1512
43718 1 1052
43724 10 3202
43725 1 702
43727 8 428
43745 2 301
43763 8 2590
43764 1 9601
43784 2 1234
43785 1 2976
43796 2 5679
43800 1 839
43815 1 868
43888 3 759
43921 3 9448
43925 3 554
43928 1 218
43935 2 3104
43942 2 2137
43943 1 2720
43953 1 1000
43954 1 292
43960 2 1986
43981 1 155
43995 1 1181
44012 1 2752
44014 1 2086
44060 1 880
44075 2 1304
44080 2 3596
44081 2 4117
44098 2 1844
44104 1 909
44105 1 2359
44106 1 3394
44115 5 4306
44130 1 6601
44143 1 3570
44155 1 1605
44157 2 2662
44190 9 1021
44206 7 1686
44215 5 253
44223 1 658
44234 1 561
44259 1 776
44265 1 736
44268 1 489
44284 1 1674
44286 5 5425
44298 1 581
44372 1 5509
44384 1 786
44387 1 500
44394 1 2869
44406 1 1519
44421 1 832
44449 1 864
44455 1 1628
44467 1 980
44469 1 1847
44475 1 1091
44479 1 5563
44494 6 3303
44503 1 665
44512 1 443
44521 1 814
44556 1 227
44707 13 6048
44735 6 3497
44747 1 1189
44752 1 624
44758 3 2521
44780 1 3261
44785 5 2432
44792 1 3157
44817 2 2611
44871 2 771
44873 1 3136
44874 1 3594
44875 2 2970
44876 1 3240
44877 1 2904
44878 1 2602
44879 5 3172
44880 1 2983
44881 1 3374
44892 1 1152
44903 1 570
44912 1 1423
44919 1 482
44925 1 3438
44928 1 1161
44945 1 410
44947 2 505
44953 1 900
44954 3 8549
44955 2 7733
44956 2 7041
44957 2 10010
44960 1 1644
44970 1 1122
44972 2 1148
44981 2 1515
44984 1 157
44986 1 156
44988 1 157
44991 1 157
44998 1 156
45015 1 159
45018 1 159
45047 1 159
45057 1 164
45071 2 338
45080 1 749
45161 1 1863
45162 1 989
45170 2 1514
45183 2 358
45197 1 1011
45202 1 1016
45206 2 1212
45211 2 426
45213 3 1282
45219 1 500
45233 1 1236
45236 2 735
45239 1 487
45249 1 1656
45262 1 6033
45273 1 2683
45279 1 1096
45305 1 248
45310 2 1152
45312 1 680
45331 1 1479
45351 1 1038
45362 1 885
45366 1 931
45388 1 1745
45399 1 372
45420 1 631
45422 1 776
45426 1 432
45456 1 1098
45501 3 1221
45581 1 8025
45595 2 208
45606 1 1351
45609 1 1092
45614 1 959
45676 2 11251
45679 1 695
45689 6 582
45698 2 1045
45699 1 201
45704 10 1557
45705 4 500
45707 1 3610
45714 1 379
45739 2 142
45817 1 755
45855 3 765
45857 1 903
45858 2 2087
45859 3 21421
45897 1 354
45919 2 895
45928 1 842
45935 1 4684
45960 4 2353
45961 1 834
45971 1 1186
46021 1 625
46022 2 547
46023 2 554
46033 2 498
46069 3 3643
46071 1 1693
46073 3 767
46075 1 1119
46083 1 1036
46093 3 342
46106 1 1123
46116 2 5154
46128 1 1163
46130 1 1076
46136 1 984
46141 1 1036
46234 3 759
46282 20 4059
46291 6 2129
46300 2 1443
46304 2 2249
46306 1 4474
46331 2 4197
46338 1 1674
46352 1 836
46369 2 5238
46388 18 81863
46425 1 276
46426 2 3573
46431 2 746
46453 2 1153
46455 1 1168
46459 2 1450
46485 2 528
46498 5 642
46502 16 1023
46513 1 2610
46516 1 1910
46528 1 1148
46544 1 2693
46550 1 1512
46552 1 9921
46560 7 1151
46561 1 479
46567 1 651
46584 1 460
46600 2 746
46609 1 2149
46616 3 941
46620 2 264
46641 1 605
46646 1 1436
46662 1 558
46670 1 1475
46684 4 2323
46685 5 650
46696 3 1298
46697 1 1569
46725 1 1492
46728 1 572
46734 1 1928
46740 1 1167
46747 1 657
46754 1 1931
46777 1 3791
46778 1 838
46781 3 3752
46784 1 2048
46796 1 156
46810 1 1240
46812 1 3767
46817 1 2737
46822 1 746
46843 2 614
46876 1 1869
46886 3 1307
46891 4 5171
46903 1 1038
46909 1 2578
46911 2 1569
46917 3 887
46937 1 1271
46941 2 1454
46950 1 2171
46952 1 2067
46966 2 824
46983 1 4196
46985 8 432
46989 1 824
47001 1 690
47006 1 1196
47039 1 2061
47052 4 1071
47061 2 638
47071 4 1073
47077 1 1528
47078 1 668
47079 1 757
47084 1 1448
47124 1 628
47128 1 1444
47129 2 803
47139 1 6464
47148 1 1482
47157 1 1234
47199 2 3686
47204 1 1502
47231 1 2125
47232 1 1498
47233 2 1651
47247 2 561
47250 1 765
47274 2 830
47287 3 1282
47290 7 376
47336 2 1149
47377 1 1217
47392 1 149
47398 3 5716
47399 1 1079
47400 1 953
47408 1 801
47444 1 3470
47459 1 8496
47471 3 1640
47482 2 1551
47483 2 864
47484 1 1343
47491 3 2517
47496 2 2373
47497 1 2515
47505 1 1587
47511 3 2170
47528 3 4592
47535 1 558
47543 1 2250
47548 3 1393
47551 1 1447
47589 1 158
47661 1 876
47664 1 2616
47690 1 1185
47692 1 876
47693 1 1054
47694 1 989
47708 1 978
47756 2 3021
47779 5 764
47780 4 5199
47794 1 2859
47799 1 2474
47800 1 10768
47818 1 1062
47830 1 479
47835 1 984
47838 1 4457
47839 1 1597
47867 1 638
47874 1 1462
47875 1 388
47898 1 1891
47909 1 577
47926 2 299
47970 1 569
47979 2 4184
47985 1 1731
48039 2 807
48046 1 1325
48065 1 1054
48078 3 11919
48081 1 693
48130 2 978
48132 1 1373
48133 2 2192
48134 2 1655
48135 1 1627
48144 1 943
48148 1 1709
48149 1 949
48153 1 1188
48154 1 2396
48166 1 193
48179 7 1000
48180 2 25164
48182 1 1935
48183 1 1266
48208 2 828
48210 2 741
48215 1 1568
48217 2 6375
48221 3 2217
48232 1 847
48247 1 2933
48253 1 2008
48257 1 517
48261 2 1243
48269 3 11120
48270 1 2441
48287 9 2481
48299 32 3767
48301 1 772
48314 1 1603
48326 1 477
48338 2 2760
48353 1 823
48359 8 3631
48379 1 6270
48385 1 1169
48388 1 1006
48414 1 3926
48416 1 1759
48437 1 805
48454 1 2048
48455 1 732
48456 1 160
48475 4 4416
48478 1 1058
48551 6 6659
48566 2 3055
48575 10 449
48595 4 1795
48599 1 2082
48620 1 167
48640 1 425
48644 1 211
48669 1 1039
48673 2 6093
48694 1 779
48703 1 2166
48704 2 806
48720 1 579
48722 1 1191
48746 1 1274
48779 1 3569
48783 1 1440
48810 1 969
48813 1 1199
48835 1 872
48858 3 3188
48865 1 246
48888 3 1840
48889 1 867
48901 2 1611
48916 2 2862
48922 1 2935
48924 1 3784
48925 1 4731
48926 1 1147
48935 3 1249
48936 2 1159
48951 4 6065
48954 2 4360
48955 1 2415
48956 1 1240
48965 6 417
48988 1 1035
48994 3 649
49000 2 3581
49001 1 3445
49005 1 2273
49021 1 2436
49022 2 2746
49049 1 1735
49050 1 3091
49051 2 3490
49052 3 3420
49057 2 1611
49091 1 2149
49117 1 563
49122 1 928
49133 1 844
49148 1 1740
49149 1 3141
49150 1 4092
49152 1 937
49167 1 1024
49172 1 315
49173 2 10707
49175 2 9938
49176 2 11069
49178 1 578
49185 2 1503
49207 1 295
49256 1 1312
49257 1 1855
49258 1 1049
49259 1 953
49260 1 1319
49261 1 1071
49271 1 1100
49277 1 298
49282 2 4687
49289 1 423
49293 1 1190
49305 1 1020
49323 1 5236
49326 1 1671
49327 1 746
49330 1 1076
49341 2 2395
49344 2 2202
49348 1 2857
49350 1 2540
49361 2 393
49362 1 699
49371 12 753
49372 3 893
49383 1 828
49390 1 2010
49391 1 2970
49392 4 4953
49408 10 280
49441 3 826
49445 1 1014
49449 1 816
49457 1 2074
49465 3 219
49469 2 521
49470 2 664
49483 2 4047
49484 1 3481
49505 1 676
49516 2 1481
49535 1 1450
49542 1 185
49558 1 628
49567 1 929
49575 4 1035
49600 1 1153
49601 1 978
49604 2 4772
49637 1 633
49677 1 991
49702 1 351
49716 1 1286
49734 2 2337
49760 1 468
49761 1 471
49762 1 486
49765 2 1418
49766 1 1245
49776 18 9407
49787 4 1014
49788 4 1140
49791 3 762
49808 1 303
49814 3 1613
49816 15 1047
49818 1 297
49823 1 333
49844 2 6972
49847 2 1395
49849 1 1035
49860 1 2471
49861 1 1351
49884 1 798
49888 2 870
49895 3 652
49905 1 2350
49923 1 738
49926 1 911
49927 9 1460
49939 1 1882
49965 1 2813
49971 1 2684
49975 1 666
49994 1 1551
49997 1 711
49998 2 1261
50007 1 1150
50016 1 11583
50025 1 5763
50030 4 2358
50033 1 924
50034 1 1651
50039 1 1072
50040 6 6696
50043 1 1102
50060 1 2052
50120 1 1661
50129 1 1730
50142 3 2652
50143 3 8454
50144 8 5084
50145 1 503
50173 1 1992
50175 1 1279
50192 1 1934
50207 1 2916
50211 1 1608
50240 1 968
50263 2 1162
50264 1 1178
50273 1 1005
50293 1 2189
50302 1 845
50306 1 1418
50317 3 2395
50333 1 354
50341 1 968
50343 1 3220
50344 2 2334
50358 1 1712
50360 1 1096
50362 1 1063
50364 1 1047
50365 3 700
50376 1 1371
50404 1 1746
50474 1 452
50475 1 458
50476 3 10882
50477 1 4990
50478 1 3624
50481 1 2364
50484 1 3217
50485 1 3231
50489 1 1085
50492 3 3702
50503 1 2290
50528 1 614
50540 2 2734
50542 1 2306
50548 2 609
50569 2 796
50584 1 781
50590 1 214
50598 5 5177
50610 2 1696
50613 2 2424
50622 1 847
50631 1 446
50639 1 2175
50642 1 2005
50719 1 2143
50725 1 876
50741 1 1509
50742 1 567
50747 1 1378
50750 1 828
50766 2 1255
50773 1 1104
50785 12 2063
50793 1 220
50809 1 290
50824 1 714
50825 4 592
50834 1 3519
50855 1 3129
50860 1 160
50862 1 880
50864 1 1034
50865 1 1252
50869 1 1761
50879 2 579
50881 1 4909
50885 1 615
50886 1 1179
50902 1 1707
50905 1 1545
50910 2 1021
50917 2 5455
50918 1 2316
50921 13 3926
50925 6 2062
50931 1 1730
50933 1 507
50934 1 433
50936 2 3155
50996 6 5411
50998 1 1150
51012 1 1432
51018 2 731
51021 1 772
51022 2 2835
51044 1 740
51045 2 1182
51050 5 245
51058 2 3191
51080 1 536
51083 1 230
51092 2 3069
51121 5 1534
51123 1 212
51180 10 476
51188 1 1359
51193 1 1845
51198 1 135
51201 1 1247
51204 2 1086
51229 1 1464
51230 1 391
51236 1 1936
51237 5 2338
51255 2 541
51291 1 1801
51295 1 5729
51298 1 773
51336 1 974
51344 3 2554
51367 1 1082
51369 1 518
51401 5 461
51404 1 2165
51422 1 375
51426 4 3586
51468 1 571
51484 1 1340
51493 1 1461
51515 1 518
51516 6 4186
51520 3 801
51523 1 1944
51544 7 1056
51571 1 1053
51612 1 387
51614 2 1746
51638 3 3650
51659 2 1205
51660 2 1249
51674 3 1066
51699 1 1261
51732 1 1804
51794 2 1133
51802 2 5283
51806 1 193
51816 3 4853
51817 1 643
51824 4 1527
51839 2 9735
51885 7 844
51891 1 6407
51892 1 4521
51899 4 12169
51921 8 820
51933 1 2717
51954 1 1366
51958 2 1244
51966 1 593
51972 3 1385
51978 4 8282
51979 1 6703
51991 2 4229
51992 1 1395
51993 1 12689
51994 1 9298
52006 1 2497
52018 1 3486
52019 1 1451
52023 1 1212
52040 1 291
52069 8 2292
52072 1 2361
52074 1 7011
52100 1 2791
52102 1 856
52109 6 3805
52112 1 942
52140 1 3824
52146 1 10691
52167 1 2979
52184 1 4601
52199 1 2113
52217 2 1695
52222 1 1753
52228 3 3809
52255 1 1523
52257 1 1138
52260 1 1065
52278 1 832
52283 1 2127
52284 1 1780
52300 1 6036
52310 2 610
52326 3 3702
52339 4 1963
52344 7 1153
52366 1 1215
52375 2 1385
52386 1 3359
52396 2 4756
52403 3 1953
52405 2 2273
52408 2 1385
52425 1 898
52443 1 995
52444 2 760
52449 2 3942
52450 2 1698
52457 3 4403
52461 1 1052
52466 1 3696
52471 1 686
52482 3 479
52557 1 5509
52561 11 52057
52562 1 1279
52592 2 1343
52603 2 3071
52610 1 243
52634 1 865
52646 1 733
52650 1 825
52652 1 1339
52696 1 1151
52701 3 1487
52727 1 4203
52732 1 2006
52792 1 1466
52796 1 538
52799 5 524
52801 4 1168
52803 2 1669
52946 1 1982
52969 2 27
52973 1 1307
52977 2 1736
52988 2 24350
52992 1 333
53009 1 1486
53023 4 6088
53032 1 739
53034 1 2302
53037 1 902
53038 3 2169
53040 1 1220
53044 1 1024
53046 1 6992
53071 1 220
53080 3 384
53090 1 791
53092 1 1626
53101 1 1846
53105 2 1782
53109 2 770
53119 1 1085
53120 4 700
53130 1 979
53139 8 3527
53140 1 4214
53149 1 188
53158 2 9225
53164 1 1163
53168 1 337
53172 1 262
53204 1 471
53206 2 987
53228 1 760
53243 2 3386
53244 1 2636
53274 2 1660
53307 1 1762
53346 1 1122
53350 1 1432
53371 73 2205
53430 19 48057
53439 1 1098
53442 1 8599
53462 2 954
53468 1 270
53470 2 1026
53486 1 338
53495 2 776
53504 4 1081
53509 2 1285
53511 1 4733
53546 1 2364
53554 2 1048
53558 1 5589
53596 7 1721
53597 3 721
53609 2 538
53611 1 1215
53615 1 629
53618 2 887
53628 1 513
53633 1 948
53645 2 1386
53652 1 1858
53654 10 2802
53665 4 453
53666 1 305
53688 1 2329
53707 2 5088
53715 1 726
53760 3 1772
53766 1 1364
53768 1 2855
53773 1 1265
53777 2 3202
53778 1 4519
53780 1 3112
53782 2 1204
53784 3 1362
53785 1 1323
53837 3 3485
53838 1 2228
53841 1 718
53844 1 2218
53853 1 2874
53856 1 1385
53888 3 5712
53893 2 4170
53894 2 4154
53897 2 1195
53898 2 1192
53899 2 1192
53900 2 1192
53936 1 1821
53987 1 191
54039 1 353
54090 5 1782
54112 1 491
54142 1 2860
54157 1 5381
54166 2 416
54176 1 1327
54182 1 473
54185 1 680
54188 1 475
54212 2 1573
54222 2 1066
54224 1 579
54245 1 567
54279 2 1708
54282 1 865
54295 1 1798
54297 6 387
54349 2 12411
54350 2 8318
54355 2 10248
54370 6 2398
54391 1 1246
54464 1 364
54466 1 351
54470 2 2185
54476 1 1372
54485 1 4555
54488 1 1158
54505 1 363
54512 2 1202
54553 1 2793
54558 3 1040
54566 2 8702
54572 1 1067
54578 1 575
54583 8 941
54619 8 10647
54624 1 1892
54636 2 1438
54659 39 5192
54666 1 1089
54681 1 326
54682 1 1173
54691 1 1895
54888 1 1182
54893 12 3377
54924 2 714
54942 4 567
54944 1 464
54949 4 1656
54954 1 1029
54962 7 2551
54966 10 6126
54975 8 1380
54982 2 566
54984 1 342
54996 1 1141
54998 3 1411
55012 2 632
55023 1 570
55050 1 1233
55054 1 4966
55059 1 2098
55063 31 17333
55065 2 3081
55067 1 3184
55070 1 2984
55071 1 3179
55072 2 3317
55073 1 3312
55078 1 1284
55082 2 985
55116 1 1669
55126 1 3321
55141 1 428
55142 1 406
55143 1 513
55146 3 2594
55147 2 2912
55150 1 441
55151 2 1332
55153 1 1633
55163 3 1097
55191 1 158
55201 1 158
55219 1 159
55236 1 159
55237 1 158
55239 1 159
55240 1 159
55249 1 164
55252 1 164
55255 1 164
55260 1 164
55278 1 164
55281 1 164
55284 1 164
55295 1 164
55312 2 747
55317 1 1034
55327 1 6079
55333 1 1119
55434 2 1232
55437 1 880
55445 1 505
55463 1 800
55469 1 1027
55480 1 788
55484 1 565
55496 1 5278
55498 4 5155
55504 1 179
55536 4 49965
55544 2 2066
55545 1 3187
55561 1 1229
55603 1 226
55607 1 9422
55609 16 1155
55614 1 5399
55627 1 454
55643 3 1214
55653 1 4392
55664 6 811
55679 1 751
55689 1 846
55691 1 688
55699 5 1333
55716 1 1201
55723 1 367
55746 1 702
55753 16 4189
55904 1 1384
55907 1 1063
55909 4 728
55913 1 1188
55915 2 1378
55993 1 166
56017 4 1819
56021 1 501
56025 5 970
56041 3 683
56077 2 253
56170 1 481
56175 2 8425
56178 1 700
56191 1 2260
56194 1 1968
56196 1 1404
56223 2 5116
56226 1 829
56232 1 1384
56240 1 1255
56248 2 766
56254 3 2455
56255 3 2455
56266 1 1037
56270 1 1574
56296 1 983
56390 1 308
56391 2 736
56426 3 1399
56446 1 1314
56448 1 1074
56470 1 320
56472 1 525
56477 1 4251
56478 1 395
56489 1 5171
56493 1 1223
56497 3 2476
56498 1 2455
56500 1 2556
56519 4 7799
56523 2 856
56524 2 4137
56535 1 1496
56549 1 1195
56553 2 7598
56558 3 757
56572 1 482
56579 1 762
56586 2 286
56611 1 767
56638 1 505
56654 23 1006
56657 1 403
56707 1 1732
56709 1 629
56714 1 1580
56727 1 974
56770 1 2972
56782 1 788
56792 1 1075
56802 4 8941
56813 1 436
56821 3 6607
56822 2 4110
56824 2 1310
56834 1 488
56858 1 2421
56885 2 1894
56889 3 820
56895 1 3189
56899 2 4490
56912 2 315
56913 1 1454
56915 2 4927
56922 1 1234
56961 2 7535
56985 1 1012
57001 10 7758
57026 3 408
57032 2 1178
57226 2 11510
57258 1 2560
57273 1 1248
57295 2 581
57323 3 1349
57346 1 431
57357 1 1387
57361 2 876
57364 1 602
57372 1 2559
57373 1 384
57380 1 3371
57381 1 2992
57382 1 3136
57383 8 3091
57384 2 3357
57385 1 2878
57386 1 2865
57387 1 2964
57388 1 3103
57397 1 927
57401 2 1176
57403 2 1067
57409 2 701
57413 1 6376
57420 2 1686
57421 1 1105
57441 1 2098
57448 5 1818
57460 1 2888
57462 1 1248
57475 1 693
57492 4 2215
57495 1 1255
57499 2 1034
57503 1 306
57510 1 2365
57523 1 1045
57528 1 566
57530 1 2185
57533 1 731
57535 3 1177
57574 1 157
57596 1 156
57606 1 156
57630 1 888
57639 1 1276
57652 11 1616
57660 1 6533
57724 1 861
57728 2 3152
57748 1 1258
57781 2 1176
57804 2 1385
57829 1 2379
57830 2 1053
57834 2 4576
57845 1 1225
57878 2 3882
57883 2 867
57886 2 1002
57892 1 1014
57897 1 3276
57910 8 1801
57923 1 2383
57931 11 1340
57937 1 716
57939 3 630
57945 1 2600
57948 3 5712
57949 3 5712
57950 2 10362
57951 2 10312
57952 2 8583
57953 2 8583
57955 2 4158
57956 2 4158
57969 1 378
57994 1 1029
57995 6 2088
57996 5 1452
57997 4 4870
58011 1 201
58072 1 265
58092 1 213
58199 1 4784
58217 1 1075
58219 1 690
58220 2 2264
58234 4 651
58247 3 19391
58270 1 488
58287 2 444
58320 1 2273
58341 2 573
58378 2 2575
58383 1 1351
58386 1 975
58387 1 573
58390 2 1711
58406 6 412
58412 5 528
58484 1 1130
58535 1 1948
58545 3 501
58674 1 383
58675 1 2820
58735 1 492
58772 2 4810
58773 1 1702
58830 1 2010
58836 2 2335
58837 1 3342
58838 1 3151
58839 1 2933
58840 1 3131
58841 1 2975
58842 2 3299
58843 1 2916
58844 1 3246
58845 1 2901
58846 1 2959
58847 2 2073
58855 2 646
58858 1 1878
58868 1 803
58869 2 5200
58888 1 1058
58890 1 1405
58903 1 1187
58912 9 496
58930 2 1881
58934 2 2758
58936 2 1464
58964 1 5289
58965 1 5140
58966 2 5767
59018 1 154
59028 1 154
59053 3 2530
59054 3 2531
59063 1 3059
59071 2 435
59072 2 10092
59164 1 1218
59176 1 261
59209 1 2825
59211 3 3035
59215 2 1368
59230 1 780
59240 2 934
59248 4 337
59250 3 752
59251 2 6070
59255 1 766
59261 1 363
59263 2 5357
59270 1 742
59275 1 667
59289 1 556
59347 2 9699
59348 2 10477
59349 2 8147
59406 2 1386
59414 1 1099
59415 1 902
59416 1 2234
59419 1 794
59420 2 1188
59421 2 1923
59423 2 13129
59425 2 969
59430 1 3685
59441 2 1940
59442 1 1743
59452 1 1493
59454 1 2821
59462 2 1879
59463 16 2182
59470 1 3154
59472 1 2189
59474 1 3565
59479 1 2405
59481 1 1817
59483 1 1269
59486 4 1273
59487 3 1447
59488 1 1183
59489 1 1634
59490 2 1051
59492 18 637
59501 1 962
59511 1 1631
59525 1 1109
59561 7 4211
59562 1 820
59565 1 1703
59568 1 1774
59569 1 1463
59574 1 1852
59575 1 864
59576 1 679
59580 1 1999
59581 2 1325
59583 2 2857
59588 3 1547
59590 2 1196
59592 14 2574
59594 1 1660
59596 1 988
59603 2 1181
59610 2 699
59613 1 1032
59615 1 852
59622 2 1137
59625 1 914
59627 1 4734
59630 1 5288
59635 1 4384
59650 1 338
59662 3 14951
59664 1 1642
59666 2 1637
59685 1 748
59695 2 2300
59696 2 2013
59697 2 2431
59698 2 2181
59712 1 4670
59715 1 312
59717 7 4807
59724 1 1133
59771 1 2668
59777 3 6060
59800 1 569
59804 1 492
59808 1 1147
59815 4 947
59816 2 862
59825 3 1106
59831 1 1069
59843 4 6525
59855 2 1222
59858 1 1684
59878 8 368
59885 1 1086
59886 1 419
59887 1 959
59892 1 737
59910 1 456
59918 1 9598
59981 1 1693
59983 1 2990
59987 1 5303
59990 1 1733
59996 1 1482
60008 2 762
60010 1 767
60011 1 486
60016 1 1377
60021 1 2368
60030 4 10533
60037 2 4344
60039 4 4322
60042 4 969
60063 1 3984
60069 1 3188
60070 1 2663
60072 1 1182
60078 1 2528
60104 2 734
60114 1 998
60118 1 1897
60164 2 317
60176 1 1953
60200 2 1255
60217 1 2172
60231 1 714
60232 1 729
60233 1 652
60238 3 1338
60239 3 1030
60240 3 1594
60241 3 709
60242 3 1441
60276 9 3089
60278 18 3357
60285 4 1744
60288 1 1474
60291 1 1433
60297 2 923
60298 1 657
60307 1 1114
60327 1 3097
60328 1 1340
60330 1 2281
60340 3 721
60356 1 898
60371 1 3906
60378 1 1208
60403 1 2051
60433 1 623
60439 1 897
60440 1 1116
60442 1 258
60444 1 1326
60450 2 1226
60451 2 2513
60454 1 788
60470 2 897
60471 1 460
60473 2 947
60478 1 1021
60499 1 329
60506 1 4289
60509 3 4010
60525 1 1252
60534 1 988
60588 1 3135
60599 1 3625
60600 1 734
60627 2 345
60661 2 4572
60671 2 3451
60678 4 3884
60708 1 1572
60713 1 3384
60735 1 3139
60736 1 3344
60738 1 3062
60740 1 3274
60744 1 2509
60748 1 6845
60750 5 12275
60759 7 4854
60760 1 1737
60771 1 4604
60778 1 3600
60783 1 758
60786 1 817
60788 1 1075
60791 3 3468
60792 1 3202
60793 1 2201
60794 2 1921
60864 1 1132
60912 1 259
60964 1 3850
60965 1 1009
60974 3 955
60977 2 1191
60992 1 2142
60997 5 3263
61002 1 1476
61016 1 1771
61020 1 13801
61024 1 1094
61026 1 719
61043 1 4069
61047 5 1709
61073 30 8875
61095 1 1306
61122 1 1779
61130 5 2655
61131 1 2971
61152 1 782
61156 1 286
61167 2 3616
61186 1 14302
61187 2 15707
61188 1 29700
61199 3 1761
61214 2 535
61227 5 3378
61239 2 1502
61249 1 1001
61255 1 4815
61259 2 1094
61260 1 1077
61261 1 1071
61262 1 1081
61263 3 1798
61269 2 8764
61288 1 561
61291 1 1645
61310 1 548
61311 1 549
61312 1 1301
61352 6 18809
61361 1 1202
61425 1 877
61428 1 8357
61429 1 898
61438 2 1813
61450 1 1262
61462 1 568
61465 2 1295
61470 1 2495
61506 1 3406
61601 1 819
61619 8 1308
61620 1 1896
61623 1 1505
61624 8 1565
61625 8 1309
61626 8 1747
61630 2 1422
61635 2 2149
61636 1 2406
61658 1 1813
61660 1 1219
61661 1 1674
61664 1 3204
61667 1 1003
61668 3 11710
61680 1 2168
61694 2 3121
61713 6 4885
61715 5 626
61718 1 978
61731 1 1752
61736 1 3608
61762 1 112
61763 1 56
61791 1 1288
61815 1 1799
61821 1 3538
61823 3 3825
61829 1 3211
61832 1 2493
61837 15 1035
61861 3 2244
61862 1 5528
61876 1 2252
61877 1 2841
61880 1 2723
61889 2 1761
61890 1 2025
61891 1 987
61899 6 2006
61900 2 2025
61905 1 1182
61917 7 5083
61924 1 6503
61939 1 10305
61941 1 220
61949 1 1699
61976 5 4025
61994 1 535
61998 1 806
62005 5 2659
62009 4 1118
62014 3 6015
62034 67 3365
62064 1 591
62067 1 873
62069 1 536
62096 1 958
62109 1 4903
62110 1 4274
62111 1 6309
62114 1 939
62117 1 1347
62119 10 4116
62121 1 1683
62122 1 275
62146 1 788
62147 1 191
62153 1 2377
62182 2 943
62196 1 528
62201 3 625
62213 1 589
62229 1 7173
62304 3 1048
62310 1 3144
62317 1 1576
62345 1 656
62354 2 323
62360 1 1370
62396 2 1733
62409 1 576
62417 6 11638
62476 2 290
62481 1 2543
62497 2 986
62499 1 3759
62505 1 839
62516 1 453
62518 20 1297
62522 1 1976
62573 1 1569
62588 1 8596
62593 1 2061
62606 1 1424
62614 1 1315
62626 1 917
62635 1 1315
62646 1 573
62647 2 983
62653 1 1055
62659 1 670
62668 1 1319
62684 1 1705
62693 1 5347
62694 1 2218
62716 1 352
62724 1 3090
62725 4 3245
62728 1 3125
62729 2 2162
62732 1 2989
62748 1 592
62752 2 886
62755 1 1796
62766 6 8596
62767 7 14162
62768 4 9553
62773 3 856
62777 1 1035
62791 1 2675
62824 2 4199
62827 2 1510
62828 1 1541
62838 2 1603
62839 1 1047
62846 1 1520
62854 1 325
62855 2 2001
62859 1 510
62887 1 552
62909 1 643
62912 4 6714
62914 1 2398
62920 2 429
62923 1 303
62934 1 979
62949 1 164
62950 1 164
62957 3 1820
62992 2 5430
62999 2 1473
63035 2 982
63036 1 1062
63041 5 478
63057 1 1202
63058 2 1372
63059 2 1717
63060 2 1082
63061 3 5120
63062 2 1067
63063 2 1595
63064 2 1202
63065 2 1209
63066 1 1695
63072 1 618
63073 1 6062
63093 1 3111
63105 3 431
63114 1 1012
63115 1 1113
63120 1 1241
63122 1 1002
63167 2 3539
63176 1 446
63202 1 867
63205 1 339
63211 2 1886
63212 2 2663
63217 1 491
63222 1 536
63229 1 786
63233 1 1148
63239 3 882
63244 2 1224
63245 1 991
63260 1 1010
63263 7 3119
63266 10 3285
63280 3 3788
63287 1 2749
63301 1 1043
63309 1 4077
63310 2 2477
63312 1 891
63324 1 898
63342 1 1326
63344 1 218
63372 1 1597
63396 1 535
63411 1 1780
63416 1 883
63421 5 1523
63429 1 723
63434 2 1222
63464 1 718
63504 1 4125
63507 1 1696
63554 7 2850
63555 1 7057
63565 1 3099
63566 6 2589
63567 2 2685
63572 2 3748
63579 4 1596
63589 1 500
63599 2 222
63610 1 1864
63614 9 1640
63628 2 1675
63634 1 5269
63637 2 460
63639 4 496
63648 14 7209
63651 1 599
63656 3 6872
63659 1 696
63663 1 1347
63714 1 1284
63727 1 763
63737 1 2198
63765 1 1813
63779 1 2453
63787 1 1499
63792 2 1726
63837 2 6313
63842 1 2243
63854 1 401
63856 2 1512
63857 2 786
63892 1 1816
63897 1 1319
63912 1 601
63929 2 1348
63940 1 434
63953 1 921
63961 2 1470
63963 1 733
63966 1 1281
63969 2 2173
64010 2 2508
64012 1 1614
64013 1 2220
64014 1 1052
64018 1 997
64035 1 1186
64063 1 1177
64064 1 1174
64065 1 1174
64084 2 1486
64100 2 1352
64269 2 474
64271 2 4396
64294 2 2023
64303 1 816
64310 1 2705
64320 1 1816
64324 1 454
64344 2 263
64350 1 20899
64371 14 1070
64372 2 645
64397 2 738
64404 2 397
64406 1 217
64417 1 860
64419 12 3930
64421 1 1681
64443 4 635
64455 1 1106
64462 1 843
64491 1 1559
64496 1 760
64506 3 1697
64529 1 3125
64562 1 950
64564 3 1147
64571 1 1943
64572 2 144
64611 1 2134
64612 4 1382
64613 1 975
64619 1 2292
64628 3 1855
64631 1 953
64647 9 7320
64653 1 1553
64655 3 2422
64656 1 735
64670 2 260
64675 2 1128
64683 1 684
64721 2 58
64831 1 410
64879 1 915
64895 1 1024
64935 1 1041
64995 1 1355
65004 1 972
65005 2 3081
65006 1 3064
65007 6 3159
65008 1 3012
65009 2 3343
65010 1 2912
65029 3 946
65032 2 1400
65040 4 1671
65044 1 1475
65046 1 1430
65049 1 1334
65051 1 1455
65053 1 485
65077 12 2772
65079 1 1254
65084 1 2317
65086 1 1694
65087 1 1504
65089 2 561
65091 2 2809
65092 2 2579
65095 1 694
65113 2 1073
65120 2 2332
65142 1 156
65149 1 156
65156 1 156
65166 1 157
65167 1 156
65182 1 156
65192 1 157
65194 1 156
65198 1 158
65199 1 157
65201 1 156
65202 1 157
65204 1 157
65220 1 164
65221 1 164
65224 1 164
65257 1 1601
65262 2 683
65264 1 625
65265 1 5510
65266 2 967
65268 1 787
65270 1 943
65271 2 2676
65370 1 330
65401 1 193
65450 1 551
65531 1 1854
65533 1 613
65537 2 3294
65556 1 2099
65560 2 828
65565 1 1270
65589 1 1568
65625 1 679
65643 1 1526
65644 1 1473
65645 1 1634
65672 4 1726
65674 1 660
65697 1 649
65710 1 1365
65725 1 969
65726 1 2684
65754 1 85
65775 1 1340
65795 1 682
65799 2 4143
65802 1 381
65812 1 832
65815 14 2003
65816 1 929
65822 1 702
65833 1 900
65836 3 1184
65883 13 3190
65885 1 3324
65904 1 1952
65911 1 948
65938 1 1482
65943 1 1234
65945 3 2536
65951 2 1360
65974 3 657
65976 1 2618
65978 3 3467
65979 2 4694
65987 1 529
65990 2 4364
65991 1 95
65995 4 6936
65996 1 2800
65999 1 7992
66008 1 1142
66015 4 4361
66024 1 304
66028 1 157
66033 1 158
66036 1 157
66060 2 638
66061 1 1219
66065 1 2315
66086 1 2643
66092 1 4332
66102 1 833
66103 1 1370
66105 1 1033
66118 20 6182
66125 1 1619
66126 1 1464
66129 3 326
66144 1 868
66147 1 842
66151 5 1614
66156 1 2338
66173 2 451
66179 10 595
66187 3 563
66202 1 737
66240 1 1526
66241 1 1533
66269 1 1221
66297 2 720
66308 2 895
66310 5 8271
66327 1 942
66330 1 642
66340 1 1753
66380 2 9761
66393 2 373
66400 3 675
66409 30 1827
66433 2 622
66439 3 705
66444 1 3410
66455 1 1985
66462 1 904
66497 1 2312
66499 1 844
66511 1 1322
66538 2 2914
66562 1 588
66589 2 3260
66598 1 1411
66609 1 980
66616 2 847
66657 1 1440
66694 1 278
66699 2 1497
66714 1 783
66723 1 1267
66735 1 936
66739 4 1244
66741 1 409
66742 1 3877
66744 20 4068
66751 4 11896
66771 10 3499
66776 1 1404
66778 1 65
66786 1 915
66789 1 1034
66823 1 9403
66825 5 526
66837 1 1559
66844 3 1550
66845 4 1902
66847 1 2941
66850 1 729
66854 1 1344
66872 1 1492
66884 1 3426
66887 1 968
66912 1 871
66915 3 4319
66922 1 1292
66941 1 772
66963 1 1157
66964 1 240
66986 1 1160
67007 1 413
67010 4 1017
67019 1 1107
67021 2 6450
67024 1 450
67029 31 2546
67031 1 5324
67032 1 5505
67050 3 1452
67071 1 692
67099 1 989
67113 1 248
67127 2 711
67140 1 1130
67169 1 1155
67193 3 660
67195 2 6824
67196 2 2129
67198 1 347
67216 2 1476
67223 1 1469
67260 5 910
67263 1 1563
67266 3 4007
67283 2 986
67286 1 1904
67302 1 876
67305 1 1420
67317 1 930
67322 6 2602
67327 1 1861
67331 1 2083
67332 4 1624
67335 2 4046
67342 1 6010
67344 1 2228
67355 1 6043
67359 5 3255
67389 1 1731
67390 1 1665
67391 1 4824
67392 1 2594
67393 2 6324
67394 1 2122
67395 1 2737
67396 1 613
67399 1 1127
67406 1 1549
67408 2 5567
67409 3 5448
67423 1 1104
67424 1 777
67433 1 666
67451 3 2767
67455 1 168
67457 1 722
67468 1 810
67488 1 283
67516 1 742
67518 1 2462
67527 1 865
67539 1 315
67548 3 2750
67585 2 2443
67595 1 699
67600 1 932
67619 3 2054
67650 2 1030
67651 1 1272
67662 1 2616
67674 1 1995
67698 2 1044
67699 1 1580
67704 1 989
67707 1 1942
67722 2 1758
67771 1 836
67775 2 1816
67781 2 316
67801 2 1053
67811 1 686
67826 1 562
67835 1 1309
67838 6 746
67841 2 1637
67850 1 650
67852 1 533
67858 4 1482
67864 1 1002
67865 3 877
67873 1 326
67877 1 355
67889 1 2813
67890 2 3387
67891 1 810
67893 2 4007
67898 1 1778
67899 1 4652
67930 1 1193
67959 1 669
68015 1 6966
68043 1 166
68062 1 2785
68067 2 1176
68082 4 1865
68090 4 5122
68091 3 10665
68092 1 8126
68102 1 989
68108 2 1275
68110 1 748
68114 1 2294
68116 3 4818
68117 3 4150
68125 1 2444
68142 1 2271
68147 1 440
68149 1 2354
68152 1 1752
68160 1 6120
68164 1 607
68176 1 2781
68179 2 1413
68182 1 541
68201 4 440
68218 1 516
68249 2 1054
68252 1 1260
68257 1 391
68258 1 361
68259 13 324
68263 1 5972
68297 1 1033
68307 2 1697
68330 6 8380
68337 1 840
68338 5 1346
68339 1 997
68344 1 6836
68368 1 1969
68375 2 1502
68388 2 2572
68399 1 1174
68400 1 1167
68416 1 969
68417 1 969
68418 1 969
68422 1 838
68444 1 1026
68484 1 212
68572 1 1068
68629 1 435
68657 2 1531
68659 2 784
68683 2 1378
68685 1 1022
68702 1 1708
68704 4 4902
68707 1 4537
68708 23 6905
68709 1 490
68730 2 346
68732 1 3543
68738 10 1152
68742 1 573
68764 1 2106
68766 1 5324
68768 1 1022
68770 1 757
68776 1 1328
68812 2 10319
68837 1 1538
68838 1 556
68847 2 2391
68851 4 931
68893 1 1871
68897 1 897
68964 2 11197
68991 3 1084
69030 1 437
69031 2 475
69038 1 1165
69044 1 1004
69055 3 3045
69063 1 479
69088 1 388
69093 1 374
69283 1 642
69314 2 704
69348 1 205
69354 1 801
69379 2 2152
69427 2 894
69430 1 2889
69431 1 3095
69432 2 3080
69433 1 2935
69434 2 3213
69435 2 3178
69445 3 2697
69446 1 1634
69455 3 942
69489 1 308
69504 1 1208
69528 1 1563
69530 1 3436
69536 1 1166
69580 1 156
69588 1 156
69611 1 162
69640 1 162
69641 1 162
69649 1 156
69664 1 157
69672 1 156
69673 1 156
69682 1 157
69683 1 157
69687 1 157
69688 1 158
69706 1 778
69713 1 1370
69716 16 7169
69717 1 4915
69721 1 6125
69839 1 585
69848 1 372
69849 1 422
69857 2 608
69869 1 1333
69873 1 737
69886 1 2262
69893 1 1325
69918 3 1583
69920 1 2823
69941 4 1020
69954 1 638
69960 22 2050
69961 1 671
69969 1 676
69970 1 1405
69983 1 1014
69990 1 3720
70018 1 371
70064 1 1128
70069 7 882
70073 1 353
70089 1 760
70098 1 1411
70118 1 820
70126 7 746
70169 1 8025
70219 1 767
70226 1 1436
70227 2 1812
70228 1 233
70235 1 480
70236 2 3474
70259 6 1430
70273 1 3305
70275 1 2825
70276 1 1117
70277 1 1393
70286 4 806
70292 2 2365
70295 1 753
70297 3 5416
70308 2 1172
70310 2 1005
70311 1 2716
70318 1 225
70328 1 1626
70333 1 1397
70387 1 279
70397 4 1331
70404 1 765
70442 19 4263
70458 1 611
70460 2 552
70461 2 540
70462 2 541
70463 2 543
70464 2 548
70465 2 543
70466 2 543
70467 3 544
70468 2 549
70469 2 558
70470 2 551
70471 1 1666
70477 2 1011
70534 1 5509
70535 3 1353
70539 2 473
70544 2 1131
70581 1 1068
70607 1 985
70707 1 644
70708 2 720
70734 3 771
70836 1 1948
70842 1 1321
70847 1 1069
70849 1 1487
70859 2 617
70868 1 228
70877 1 1501
70890 1 2440
70957 1 867
70965 1 313
70979 1 1611
71001 1 688
71025 1 1448
71035 1 774
71036 3 352
71066 1 819
71078 8 9605
71085 1 623
71088 2 592
71098 1 506
71115 3 372
71131 6 5992
71162 1 1237
71169 1 514
71176 1 1463
71180 1 1271
71189 1 1623
71209 1 647
71217 1 2704
71221 1 3179
71227 2 929
71249 2 1532
71257 2 2362
71268 1 1811
71272 5 1697
71278 1 546
71282 2 1318
71290 1 1120
71303 2 1741
71304 1 1377
71306 1 1543
71323 2 3523
71332 1 1266
71335 3 3121
71345 2 1079
71351 3 1055
71375 33 1370
71387 1 1937
71392 1 1762
71393 1 1762
71394 1 1762
71424 1 1049
71443 1 486
71469 1 73
71507 2 1967
71519 1 2955
71523 2 1243
71547 1 4635
71548 3 2973
71549 1 2186
71567 1 4513
71569 1 653
71646 2 1815
71672 1 952
71683 2 1891
71699 1 616
71703 2 1229
71705 2 10258
71717 3 874
71720 1 867
71731 1 4830
71750 1 423
71789 9 4220
71790 1 2312
71797 1 2293
71798 1 292
71800 1 811
71807 45 3340
71810 2 955
71828 1 1069
71836 1 5188
71849 1 1027
71851 1 958
71856 2 1198
71893 1 1301
71896 1 3955
71897 3 2249
71941 1 1460
71944 1 7115
71945 1 495
72005 1 1089
72028 7 1317
72030 1 582
72031 1 933
72035 1 475
72040 3 674
72044 1 1586
72045 2 2213
72048 1 5014
72064 1 913
72065 1 9229
72067 1 9227
72068 2 8137
72077 1 897
72096 1 1559
72097 2 1365
72098 3 19912
72100 1 333
72105 1 930
72123 1 1031
72139 1 1020
72181 3 1962
72190 1 522
72197 4 1837
72198 5 2050
72201 1 5125
72207 1 1776
72208 1 1405
72214 1 786
72242 1 1531
72244 1 840
72254 1 564
72275 3 898
72276 1 1201
72278 1 1211
72293 1 1975
72324 2 3100
72347 1 1722
72382 1 4049
72384 1 268
72402 1 1487
72403 1 734
72404 1 676
72411 1 3344
72426 1 2227
72441 2 3167
72451 2 1218
72478 2 2348
72484 1 1254
72496 1 3731
72510 1 1494
72513 21 4800
72515 1 924
72519 1 1167
72521 2 6698
72537 1 1081
72539 1 1870
72541 1 595
72550 1 1699
72560 1 1232
72577 1 269
72584 1 1934
72614 1 622
72619 1 5216
72621 2 656
72624 1 656
72626 1 524
72643 4 463
72650 1 6445
72653 1 508
72654 1 469
72664 1 870
72675 1 8994
72682 5 1240
72691 2 1208
72697 3 1378
72713 1 2218
72746 1 1433
72747 1 681
72749 1 497
72775 2 2072
72777 1 1597
72778 1 1540
72779 1 1410
72780 1 1493
72789 2 964
72790 1 693
72811 2 1255
72815 1 1450
72816 1 1634
72829 2 4528
72844 18 1589
72845 6 2164
72849 1 2190
72850 2 1161
72862 7 773
72868 2 1891
72873 3 3122
72877 1 996
72879 1 7089
72884 1 2069
72895 1 1688
72897 1 3666
72899 2 20275
72903 3 896
72910 1 1222
72911 1 1004
72919 1 5881
72920 1 5462
72921 3 2994
72929 3 3019
72930 1 2073
72933 1 2224
72934 3 2319
72942 1 822
72947 2 2310
72948 2 1879
72950 1 1854
72952 1 456
72953 1 297
72963 3 2184
72964 2 2090
72968 2 812
73014 3 1378
73024 6 727
73035 1 451
73069 1 2055
73079 1 997
73082 1 819
73088 1 4779
73090 2 2159
73093 2 4058
73101 1 5854
73109 4 1129
73118 1 631
73119 1 636
73148 1 5628
73150 1 911
73160 1 1243
73182 1 1485
73183 2 2442
73187 1 1091
73193 1 1571
73203 1 958
73204 1 1273
73214 1 1029
73221 1 4913
73230 1 743
73254 1 2203
73267 4 1566
73268 3 253
73286 1 2501
73287 1 2713
73301 1 802
73311 9 895
73326 5 501
73328 1 664
73371 2 354
73372 2 662
73420 1 2204
73427 1 912
73429 1 983
73442 1 514
73470 1 285
73473 1 600
73484 1 741
73494 2 1046
73495 1 934
73498 1 2553
73503 1 541
73517 2 434
73522 1 777
73538 1 926
73541 1 594
73574 1 8025
73645 1 5683
73649 1 2033
73654 2 913
73673 1 672
73676 1 2052
73747 3 470
73750 1 764
73767 1 603
73773 2 1031
73774 1 1177
73799 11 6946
73860 2 290
73877 8 1442
73881 1 1228
73882 1 1565
73930 1 1679
73931 1 2768
73935 1 1293
73956 1 2798
73963 9 6843
73988 2 2775
73995 1 1205
73996 4 7920
73997 9 10376
73998 3 2339
74016 2 3216
74019 1 1060
74045 1 1101
74049 1 844
74050 1 871
74067 7 6352
74091 4 1923
74096 2 1732
74107 4 1476
74109 1 680
74111 1 976
74116 1 4873
74120 1 2512
74121 1 2293
74130 1 102
74132 1 665
74133 5 834
74134 1 669
74148 1 1271
74149 1 1131
74156 1 1504
74185 2 1316
74197 4 1338
74198 2 1315
74199 2 1314
74201 1 1126
74206 1 430
74223 1 458
74256 1 191
74259 1 218
74265 3 962
74280 1 582
74293 2 271
74365 1 211
74370 2 1237
74372 1 1337
74405 4 1483
74429 1 885
74439 1 1488
74467 1 900
74492 1 51
74511 1 844
74513 1 623
74522 1 1218
74543 5 5014
74553 1 1171
74572 1 8808
74600 2 1183
74605 2 6001
74610 1 604
74613 1 1209
74618 6 592
74619 2 1414
74645 2 6253
74661 1 1665
74666 1 1855
74677 2 1481
74679 1 1229
74695 3 1627
74706 4 5592
74707 1 4337
74708 1 4408
74720 1 1158
74736 4 2126
74750 3 2927
74752 1 2665
74760 1 1118
74770 1 594
74772 1 792
74784 1 915
74792 2 1680
74793 1 1712
74794 1 1782
74797 1 671
74806 1 5040
74813 1 5631
74818 1 1409
74822 2 5130
74871 1 1759
74874 1 6108
74886 1 3171
74890 1 516
74933 1 1532
74964 1 1304
75046 3 2104
75068 1 1333
75125 1 1224
75128 1 1475
75131 1 879
75140 1 1565
75146 1 1593
75153 1 545
75169 3 9895
75202 1 3010
75203 1 2977
75204 2 3081
75205 1 3189
75206 1 2994
75207 1 2937
75208 5 3202
75209 1 2934
75210 2 3198
75212 1 1417
75225 1 1408
75226 2 1023
75228 1 535
75252 2 1409
75259 1 1890
75262 1 1538
75263 1 1329
75295 1 2546
75297 3 1533
75300 1 446
75301 1 297
75311 1 917
75313 1 1575
75328 2 3938
75348 1 159
75352 1 159
75353 1 159
75364 1 158
75387 1 159
75394 1 159
75396 1 158
75400 3 2330
75416 9 927
75427 1 752
75488 1 248
75494 2 500
75505 1 1016
75506 1 1039
75507 1 952
75512 1 736
75532 2 2113
75534 3 9607
75543 1 528
75554 1 2902
75555 1 1273
75563 1 317
75627 1 424
75670 1 484
75673 3 919
75675 1 320
75692 19 737
75705 1 3042
75731 1 195
75752 2 1220
75761 1 640
75765 1 1306
75821 4 814
75826 8 555
75841 1 795
75854 2 245
75915 1 623
75917 1 1013
75920 1 4335
75960 1 2012
75961 1 1828
75963 1 2775
75969 1 5873
76007 1 868
76021 1 295
76038 1 3241
76040 1 3213
76044 1 565
76048 1 249
76074 1 521
76086 3 546
76087 1 627
76092 1 1400
76097 1 1243
76099 1 1514
76100 1 976
76105 3 6146
76119 2 1349
76120 1 1477
76132 1 1508
76136 1 4953
76158 2 3909
76159 1 4003
76160 1 6409
76173 1 362
76174 2 20998
76175 1 6943
76176 1 1747
76201 1 981
76214 1 1592
76234 1 1291
76245 2 6436
76246 1 6517
76310 3 4929
76349 3 2296
76353 2 3328
76361 1 666
76366 7 542
76367 1 1133
76368 1 1834
76369 1 463
76388 4 334
76405 1 5489
76408 1 4367
76411 1 6346
76413 2 1514
76427 1 908
76446 1 1112
76462 2 285
76465 1 2400
76468 2 832
76476 1 1242
76479 1 955
76481 1 4881
76495 1 3655
76516 5 5399
76517 1 735
76519 2 3579
76521 1 1643
76529 8 10440
76571 1 2525
76574 1 624
76582 2 1126
76585 1 1877
76593 1 1119
76594 1 1805
76607 1 845
76632 2 2372
76661 2 379
76663 2 380
76690 1 2184
76697 1 447
76699 1 431
76709 1 1545
76711 1 1349
76718 1 740
76722 3 2126
76751 1 953
76753 1 3309
76771 3 385
76773 2 2532
76780 1 5196
76793 2 5567
76837 2 662
76841 1 709
76870 1 1214
76871 2 919
76877 1 1735
76889 1 1635
76894 4 389
76898 1 1240
76902 1 416
76978 1 482
76988 1 1267
76998 1 2076
77010 1 6732
77015 1 1847
77023 5 2768
77025 1 2461
77057 2 1725
77058 1 1110
77060 2 4150
77067 6 1551
77068 6 2025
77075 2 2473
77087 1 155
77088 3 4377
77096 1 1129
77097 1 2699
77103 1 1287
77110 1 1799
77124 2 3644
77127 1 1709
77131 1 1057
77133 1 1304
77136 3 3236
77137 1 1799
77139 1 7313
77143 3 570
77148 4 3628
77153 2 2521
77159 1 2784
77180 11 5716
77181 2 1816
77202 1 8001
77221 1 973
77225 1 2945
77231 2 2551
77232 1 1018
77263 2 1231
77264 1 706
77297 1 502
77325 1 1130
77389 2 1117
77396 4 980
77398 24 3728
77419 1 304
77421 3 1506
77425 18 2873
77450 1 5940
77466 1 1607
77468 1 236
77470 6 2244
77474 1 4717
77475 2 521
77489 1 656
77553 1 3529
77570 4 929
77576 1 4731
77610 7 2465
77621 3 1859
77628 2 540
77634 1 238
77777 1 1079
77792 1 1395
77817 1 4230
77818 5 6471
77823 1 877
77830 1 468
77834 1 3498
77836 1 808
77844 1 733
77860 1 2146
77874 1 3196
77875 1 3223
77876 1 3309
77877 2 3129
77878 1 3028
77879 1 2977
77880 1 3027
77881 1 2924
77893 1 2270
77902 1 1655
77942 3 3229
77944 3 860
77948 1 3393
77954 1 4740
77955 1 657
77961 2 8551
77980 1 158
77992 1 158
78006 1 160
78029 2 681
78034 1 2796
78067 1 1940
78073 1 1288
78085 1 904
78097 1 1097
78116 1 5040
78119 1 1030
78121 1 3206
