digit digit 21049 65215343 
6 2 808
16 1 1318
29 3 437
41 1 1471
77 1 366
106 5 1472
112 2 675
113 1 2441
116 7 897
117 1 6480
122 1 151
164 4 646
165 4 440
178 3 842
179 1 822
188 1 50
192 3 2446
203 4 5213
223 1 974
234 1 815
247 1 1642
248 2 5568
256 1 8243
258 2 56657
304 1 996
330 2 518
338 5 667
340 1 2546
352 4 2404
359 4 1896
366 1 1215
381 2 651
382 2 654
385 1 651
388 4 1479
389 1 665
417 7 1007
420 1 1422
422 1 1707
424 4 2481
432 3 1624
446 1 1063
448 2 1045
454 8 846
455 3 3709
460 1 35
471 1 3108
472 1 1175
473 2 5126
474 2 3627
475 2 1753
476 2 1866
477 2 3143
490 1 919
504 7 11283
530 1 1103
538 2 888
540 2 1077
541 1 2599
547 1 1844
555 3 1894
562 10 3293
616 2 853
633 5 1134
646 1 836
647 1 974
648 1 1101
649 1 830
667 3 526
674 2 1393
681 2 752
690 8 3348
699 3 376
717 1 1260
732 1 1059
747 4 1037
759 1 1985
769 2 1279
772 2 1607
773 1 985
777 1 11416
799 1 845
808 3 631
815 2 807
818 2 672
827 1 1057
829 1 740
832 1 771
843 5 1656
859 2 874
861 1 1211
867 2 750
901 1 862
902 1 1246
908 1 1287
916 11 699
950 3 380
955 1 861
963 1 2981
964 1 3624
965 1 2365
966 1 6046
967 1 4480
969 1 1583
972 1 1224
975 1 538
978 1 479
979 1 267
980 1 312
981 1 282
989 2 1444
994 3 702
995 1 3497
998 1 521
1000 2 2589
1001 1 1139
1003 4 2079
1007 1 1576
1019 1 558
1020 2 637
1021 2 980
1022 3 1773
1028 3 1298
1029 2 1302
1030 2 598
1032 1 1369
1084 2 1247
1097 4 953
1102 2 1837
1110 1 380
1113 1 289
1118 3 2305
1127 1 889
1147 1 1152
1163 1 1777
1168 1 880
1179 2 1708
1188 1 770
1190 1 1288
1251 3 175
1255 1 184
1267 1 1212
1272 7 2455
1312 1 1931
1313 1 1940
1319 1 938
1321 1 3750
1323 3 931
1327 1 767
1364 1 460
1365 1 993
1373 13 1192
1391 1 932
1399 2 1117
1402 1 3038
1404 1 992
1421 1 800
1422 3 950
1427 2 449
1433 1 1522
1459 2 1079
1471 1 738
1474 1 480
1482 1 99
1484 11 6578
1503 1 915
1512 1 8417
1516 1 2384
1545 1 1438
1552 1 1020
1579 14 448
1580 9 318
1585 2 1512
1597 7 3184
1652 2 1683
1657 4 2153
1659 1 2425
1674 2 1844
1675 2 1220
1684 1 1203
1726 1 2436
1763 2 1024
1767 1 13095
1776 4 220
1784 2 1533
1797 1 5684
1806 2 911
1812 9 1673
1816 2 5747
1826 1 1011
1830 1 1777
1834 1 1298
1839 11 1052
1846 1 1054
1852 1 2619
1855 1 2208
1857 1 1294
1887 3 1785
1895 3 1092
1896 3 2074
1897 5 2847
1898 3 3856
1906 1 577
1912 2 477
1940 1 848
1956 1 3792
1965 1 563
1979 1 1129
1980 1 1830
1981 1 1770
1983 1 5638
1987 2 434
2005 4 1057
2012 14 2745
2013 18 2143
2014 3 1601
2015 1 1644
2041 1 775
2046 2 13880
2049 3 627
2055 3 1645
2080 1 8786
2083 2 4561
2084 2 1228
2102 1 853
2108 1 617
2109 9 944
2115 1 373
2124 1 1028
2137 4 1480
2139 2 1034
2140 2 593
2141 2 437
2142 2 955
2155 1 901
2162 1 1205
2164 1 1939
2165 4 1384
2167 1 1863
2173 1 1013
2181 2 1278
2191 4 1582
2195 1 838
2232 1 1628
2233 1 1145
2235 1 1852
2321 3 1392
2324 1 609
2336 2 1341
2339 1 1043
2346 1 690
2353 1 1386
2354 1 283
2376 1 1246
2391 1 625
2397 2 632
2400 1 1305
2415 1 269
2420 3 2316
2426 1 1027
2434 6 1321
2441 1 7506
2457 2 731
2476 4 842
2488 1 931
2562 3 2880
2563 4 1141
2590 9 1181
2622 2 2635
2625 5 1391
2636 2 1393
2637 1 995
2641 2 567
2649 1 334
2650 5 440
2652 10 1080
2653 2 329
2666 14 6601
2677 1 700
2684 4 1310
2694 2 1346
2695 4 2852
2696 1 766
2709 1 1588
2769 7 898
2775 3 848
2791 1 1385
2798 1 1289
2801 2 524
2810 2 976
2825 1 2998
2836 1 670
2866 1 45
2925 10 2056
2972 1 1458
2989 4 2074
3028 4 1955
3030 1 997
3054 2 926
3094 1 1813
3119 1 633
3127 1 993
3144 1 1189
3158 2 1946
3176 1 986
3177 2 996
3183 1 1365
3187 1 767
3204 3 1395
3205 1 1426
3238 4 1320
3267 2 3085
3275 1 830
3281 1 3667
3284 1 214
3288 5 685
3305 4 1856
3319 6 1682
3322 2 6038
3324 1 1792
3326 1 544
3339 3 509
3341 2 531
3342 26 597
3373 12 667
3375 7 749
3379 1 4900
3383 2 10722
3391 1 1846
3396 1 927
3397 1 782
3398 1 337
3415 2 4495
3418 1 532
3429 3 2188
3447 2 2791
3450 2 1374
3483 1 1094
3488 1 581
3493 1 1047
3497 1 3011
3509 1 1454
3524 2 972
3526 1 1135
3542 1 1834
3543 1 1381
3552 2 327
3575 4 588
3578 1 818
3581 2 1329
3592 1 916
3593 1 1011
3594 1 1229
3595 1 1270
3609 1 1300
3610 1 1186
3625 1 228
3639 3 3357
3643 1 1997
3668 2 8976
3672 1 2946
3679 1 152
3698 5 162
3708 32 3154
3714 7 1777
3724 3 1404
3754 1 835
3767 9 1085
3774 1 1134
3804 2 1022
3827 4 326
3832 1 7941
3833 2 1551
3834 1 2458
3851 1 441
3883 1 1104
3924 1 356
3928 5 1658
3944 2 1863
3945 3 1359
3953 3 3340
3996 1 1340
4016 1 4260
4019 1 1367
4029 3 1276
4044 2 1940
4045 2 1533
4046 1 767
4053 5 3172
4075 2 2561
4093 2 511
4106 1 2006
4109 1 467
4116 1 5941
4117 1 5825
4118 1 5861
4143 1 1134
4204 2 3711
4206 6 569
4207 1 1270
4208 2 1366
4211 5 6879
4212 4 1877
4213 1 721
4225 1 718
4289 2 673
4306 1 1994
4307 1 2386
4312 1 482
4313 1 748
4332 7 1645
4336 1 1088
4337 1 823
4352 1 728
4356 1 3544
4360 1 1187
4362 1 1166
4378 1 791
4379 3 1474
4380 4 1204
4381 1 665
4417 2 4384
4418 1 2251
4421 2 1667
4422 1 2597
4423 7 1170
4426 2 1533
4440 1 1273
4443 3 683
4444 2 768
4445 2 451
4454 1 1950
4455 1 1818
4456 1 1644
4460 3 3587
4464 3 1473
4489 1 2853
4490 2 1394
4491 3 1897
4492 1 2351
4493 2 2130
4538 4 965
4570 1 633
4571 1 593
4576 2 1096
4579 5 1909
4608 3 2302
4629 3 1080
4641 2 1322
4642 2 1398
4656 1 666
4704 4 1493
4726 1 2646
4746 1 2258
4767 19 1552
4770 1 750
4772 1 2116
4779 1 503
4794 4 462
4802 6 845
4807 1 545
4817 1 606
4825 3 760
4826 2 662
4827 2 532
4831 23 2521
4833 1 2973
4838 1 5657
4842 2 2135
4846 1 1404
4848 1 1138
4850 1 1746
4853 1 1774
4854 2 1945
4861 3 2242
4866 3 980
4867 4 1035
4875 1 1364
4884 2 1052
4887 4 1082
4888 1 1826
4889 1 2095
4906 1 8000
4907 1 8001
4908 1 8001
4930 1 1503
4931 1 1648
4932 2 1745
4957 1 1766
5060 1 947
5075 1 1239
5076 1 1220
5110 2 4935
5111 1 397
5127 1 1687
5130 2 596
5131 1 1622
5132 1 1537
5141 2 1631
5144 1 3069
5151 1 945
5152 25 981
5155 1 591
5161 1 660
5169 3 637
5187 1 758
5197 2 624
5199 2 567
5202 2 1878
5212 3 1240
5217 1 566
5223 1 294
5225 1 1789
5235 5 1131
5241 3 1153
5246 1 1448
5255 20 1668
5299 1 707
5319 1 1028
5325 1 780
5386 1 1742
5400 7 1958
5417 28 2788
5454 1 6641
5463 3 882
5464 1 1205
5475 1 642
5487 1 136
5495 2 633
5499 4 44062
5501 1 476
5502 1 977
5503 1 1464
5504 1 1390
5505 1 722
5506 1 695
5525 1 1587
5532 2 730
5535 2 1993
5546 1 1150
5550 8 521
5578 4 13045
5606 1 1288
5614 5 568
5615 1 1194
5619 2 1587
5660 3 667
5672 4 557
5791 5 1395
5819 5 1816
5839 2 928
5840 2 712
5843 1 2680
5850 5 537
5855 6 1038
5860 1 1573
5862 8 2267
5864 3 722
5888 1 941
5889 2 1241
5902 8 1225
5906 1 8444
5916 1 1874
5920 1 663
5925 5 761
5932 1 2282
5933 1 571
5937 1 772
5938 2 5865
5940 1 1549
5942 1 896
5944 2 2113
5972 1 478
5986 1 984
5988 6 969
5989 13 983
5997 14 1299
6005 2 634
6006 3 935
6032 1 519
6042 4 1836
6048 1 4019
6076 2 3091
6077 1 2190
6079 1 1023
6081 2 1357
6093 1 2317
6101 2 1241
6132 1 1010
6139 5 2754
6140 3 2868
6147 4 1885
6149 3 777
6174 1 419
6175 1 1916
6176 1 1652
6183 1 2719
6316 6 3790
6329 2 3134
6345 4 1508
6356 1 1705
6357 3 1830
6358 3 2724
6453 1 2181
6460 2 797
6527 1 1415
6531 2 788
6533 1 1057
6549 1 756
6550 1 897
6551 1 903
6558 8 2607
6583 1 7454
6587 4 2605
6594 16 681
6600 4 606
6632 1 2264
6633 5 703
6644 2 1635
6650 2 770
6664 2 719
6746 2 1117
6824 8 452
6866 1 43
6935 1 510
6939 2 1066
6951 1 204
6952 1 204
6953 1 633
6954 1 1653
6955 1 218
6956 1 246
6957 1 219
6958 1 658
6959 1 516
6961 1 321
6969 3 1724
6977 4 2764
6981 2 527
6982 2 670
6987 1 559
6988 1 2056
7010 19 887
7014 1 1878
7017 1 423
7019 1 285
7020 1 194
7027 8 831
7028 1 1722
7050 1 1143
7063 1 144
7088 7 2350
7092 1 854
7116 2 1032
7121 1 3511
7125 3 329
7147 2 592
7155 1 1071
7162 1 1574
7234 2 431
7246 1 49
7263 1 50
7272 2 901
7273 2 519
7274 2 1168
7275 2 1286
7276 2 1237
7277 5 1309
7278 5 1716
7279 2 646
7280 2 758
7281 2 792
7282 5 1284
7283 4 2390
7284 6 3123
7285 2 626
7286 2 2279
7287 2 4774
7288 4 1137
7289 4 1079
7290 2 855
7291 5 832
7415 12 2592
7417 1 600
7419 1 1155
7425 2 1228
7433 1 1229
7436 2 219
7496 1 703
7498 2 2754
7510 1 1175
7527 2 4859
7528 1 987
7529 1 5927
7541 1 1707
7548 1 1489
7556 1 1714
7567 1 1218
7569 8 2616
7570 5 9650
7571 4 5357
7572 3 1609
7573 3 4835
7574 3 2115
7575 3 1899
7576 3 6690
7577 4 2093
7578 3 5752
7579 3 1381
7580 3 9484
7581 3 495
7594 1 553
7613 3 684
7648 1 770
7649 1 589
7661 1 274
7664 7 521
7681 2 618
7684 1 603
7686 2 1415
7696 4 842
7702 1 575
7703 1 379
7710 1 4326
7711 1 1660
7713 1 1920
7714 2 1818
7715 4 2854
7717 1 461
7721 3 714
7730 2 623
7740 2 1213
7744 2 2378
7745 2 1512
7747 1 1937
7748 1 1936
7749 1 1937
7750 1 1937
7756 1 2279
7757 1 2005
7758 1 1880
7786 1 2135
7802 1 1216
7804 1 71
7885 1 2709
7904 8 300
7917 3 1240
7963 1 3329
7966 2 2772
7967 2 1641
7968 2 692
7970 1 755
8004 1 2007
8014 1 1956
8024 4 812
8035 3 511
8062 4 2690
8077 1 1482
8112 1 1014
8145 1 1136
8152 6 6009
8154 1 708
8167 1 1117
8182 4 810
8188 8 1754
8195 1 336
8204 1 4600
8214 8 633
8215 25 2073
8237 1 726
8248 1 1171
8263 1 2493
8270 6 1577
8271 1 616
8272 2 298
8285 1 3377
8292 1 917
8299 2 1374
8300 2 889
8301 1 2361
8315 2 776
8316 4 823
8317 3 1157
8318 3 1271
8321 1 786
8328 1 332
8332 1 1567
8336 2 1754
8372 2 3639
8376 2 2007
8390 1 1041
8391 1 2171
8393 1 3193
8394 4 1250
8395 2 1291
8396 1 1026
8397 2 479
8398 3 1691
8399 2 774
8400 2 421
8401 2 649
8402 2 8226
8404 2 1035
8435 1 2734
8436 1 1685
8437 2 1413
8438 2 2090
8446 1 805
8461 4 2678
8463 6 2137
8473 7 803
8514 1 608
8546 8 2592
8553 3 3414
8574 3 690
8575 1 1694
8576 1 2461
8587 1 1396
8594 1 673
8639 1 2193
8648 2 1264
8722 2 1681
8756 1 957
8761 1 1006
8823 3 468
8828 3 2492
8843 6 812
8897 1 869
8899 1 1046
8913 3 12589
8933 11 449
8934 11 431
8937 1 1958
8938 1 1527
8946 1 445
8952 1 482
8992 1 2708
8993 1 2404
9005 2 45220
9006 2 34059
9016 6 1181
9026 2 599
9057 1 1319
9074 2 384
9076 1 539
9106 1 1688
9109 1 669
9129 1 438
9146 1 936
9150 3 654
9151 2 828
9155 1 432
9159 1 987
9164 1 717
9165 6 1394
9167 1 1639
9188 1 1630
9189 2 3116
9198 4 1104
9200 5 1285
9201 1 1485
9219 1 899
9292 2 3389
9293 2 1715
9294 2 3543
9302 2 3665
9333 1 294
9341 1 837
9343 1 1266
9359 1 1309
9366 2 1494
9370 6 711
9371 9 1526
9402 1 1283
9416 4 1927
9417 2 1074
9419 1 1689
9437 1 82
9446 1 6689
9450 2 1196
9453 1 985
9458 1 834
9459 1 1001
9460 2 1146
9461 2 1464
9462 1 1000
9466 1 2176
9467 4 4306
9490 8 2974
9492 1 6158
9500 2 555
9502 1 860
9507 1 1557
9512 7 2693
9513 6 2653
9526 2 570
9527 9 363
9530 4 859
9555 1 1695
9567 2 5360
9570 2 518
9571 4 648
9572 4 1029
9573 6 1012
9587 2 1796
9594 1 994
9596 1 1486
9598 1 1062
9599 4 694
9607 10 630
9630 2 651
9632 1 660
9640 3 3873
9648 18 780
9674 1 2337
9682 1 3853
9696 1 977
9697 1 1369
9698 6 2152
9708 3 2371
9711 1 499
9715 2 826
9716 2 751
9717 2 950
9718 2 922
9719 2 811
9720 2 1087
9721 4 1652
9735 1 1420
9736 1 1415
9737 1 1320
9738 1 363
9760 1 2142
9761 2 2538
9794 2 736
9796 1 6203
9804 3 5129
9807 1 982
9820 3 394
9835 2 774
9841 1 654
9883 5 976
9885 1 2675
9886 1 3914
9908 1 673
9932 1 1087
9939 12 1300
9952 3 495
9967 1 350
9972 3 2809
9986 2 864
9987 2 693
10002 1 724
10027 1 671
10039 1 2247
10049 4 4268
10054 2 1634
10072 1 681
10075 1 786
10081 1 2613
10086 1 953
10101 1 12486
10120 1 1997
10121 2 2683
10122 1 2093
10123 4 2079
10124 1 1117
10207 2 878
10227 6 1110
10237 2 420
10242 1 410
10246 2 1140
10253 1 2883
10254 1 1033
10255 2 2770
10260 1 1206
10272 1 1130
10274 1 660
10289 14 8941
10301 2 799
10317 9 4163
10330 4 1216
10331 13 673
10346 2 1363
10358 1 1391
10377 1 2603
10384 5 1435
10393 1 2415
10409 1 1748
10410 2 1570
10421 1 740
10426 1 655
10427 2 2746
10470 1 606
10481 1 1483
10526 2 1032
10528 3 2643
10529 7 1603
10535 2 1040
10539 1 1985
10575 5 3815
10583 1 635
10584 4 721
10605 3 1427
10617 1 1222
10647 1 808
10653 4 3190
10665 1 3903
10681 1 721
10684 7 1501
10685 1 2839
10693 6 1867
10721 1 782
10727 1 97
10734 1 566
10749 2 2979
10752 1 1467
10796 2 5414
10808 2 6608
10813 7 634
10818 1 695
10845 3 2183
10868 1 1224
10886 1 849
10888 1 331
10906 2 7912
10935 28 1225
10947 1 464
10949 2 4327
10952 1 966
10953 1 875
10961 2 1006
10967 1 765
10971 3 946
10975 2 915
10978 1 1405
10979 1 1181
10981 1 639
10996 5 1633
11004 1 734
11012 7 1191
11013 1 382
11014 3 709
11051 2 1555
11061 1 1473
11063 7 1726
11075 1 1309
11087 8 2013
11090 1 1126
11121 1 729
11128 1 788
11133 1 398
11136 1 563
11137 8 713
11141 1 2089
11200 1 1703
11208 1 2507
11219 1 1319
11220 1 1286
11221 1 879
11223 1 553
11224 1 274
11225 1 914
11228 18 1903
11244 2 833
11249 2 5195
11257 2 842
11271 13 1726
11273 2 1150
11292 2 1815
11303 1 1172
11363 2 8263
11364 1 2608
11378 2 6044
11386 3 1182
11388 1 2085
11420 1 965
11430 1 818
11431 1 1008
11432 1 1068
11434 2 1004
11435 1 1067
11436 1 860
11437 1 908
11441 11 1134
11455 1 906
11462 2 501
11472 5 4154
11486 1 889
11492 1 7197
11507 10 3105
11508 6 2406
11522 4 1015
11523 5 999
11525 3 979
11526 2 951
11533 1 512
11545 1 91
11557 3 2108
11560 3 574
11564 1 2793
11569 5 6434
11570 2 631
11571 2 941
11591 1 737
11616 2 577
11623 1 909
11629 2 1114
11630 1 535
11632 6 1094
11670 19 662
11671 1 469
11693 2 762
11712 2 1019
11716 1 542
11719 1 491
11721 2 3482
11735 2 1078
11737 17 1644
11745 1 1277
11753 1 35
11754 1 1037
11757 3 1770
11758 3 2000
11759 3 2876
11760 3 1905
11761 3 1621
11762 1 348
11764 1 739
11784 2 786
11863 6 1940
11870 1 1148
11878 2 1334
11886 1 791
11951 3 803
11994 3 875
12044 1 319
12105 5 1448
12108 1 914
12133 1 953
12139 1 202
12140 1 1102
12141 1 233
12142 1 563
12143 1 308
12149 1 315
12164 2 3148
12167 2 1026
12171 1 5724
12194 2 652
12195 2 903
12209 5 537
12226 2 864
12259 3 606
12287 1 789
12297 10 2001
12308 1 223
12311 4 2392
12322 1 923
12323 10 795
12331 1 3864
12335 1 564
12342 1 221
12344 1 2265
12345 1 1250
12354 3 1113
12374 1 814
12375 1 897
12379 3 663
12384 1 4014
12399 1 304
12440 1 160
12445 1 1249
12453 1 550
12456 3 4543
12458 1 3716
12487 1 176
12489 6 192
12498 1 3985
12499 1 3780
12501 1 927
12508 1 518
12510 7 1894
12609 1 1268
12610 1 994
12613 4 1454
12614 2 458
12622 7 2177
12630 2 1046
12631 1 521
12636 1 2613
12640 1 1178
12649 1 954
12663 1 1137
12666 2 462
12669 1 1147
12671 2 803
12682 1 1296
12697 5 1979
12730 1 980
12744 2 1046
12745 2 972
12746 2 1213
12747 5 3912
12748 4 3182
12749 2 846
12750 4 1084
12751 2 5083
12752 2 743
12753 10 3395
12754 5 1143
12755 2 985
12756 2 990
12757 7 1946
12758 2 1074
12759 5 1866
12760 2 1563
12761 2 877
12762 5 5406
12763 2 1206
12773 1 692
12777 1 3961
12792 1 508
12807 3 2985
12808 1 3060
12813 7 1377
12814 1 46677
12816 1 1426
12835 2 985
12851 3 2088
12865 12 242
12871 1 1331
12931 1 1455
12936 13 885
12984 1 307
12988 1 399
12996 1 2315
13027 1 786
13028 1 741
13029 1 1492
13035 2 947
13036 1 676
13037 1 676
13038 1 854
13039 1 807
13040 1 1198
13041 1 786
13046 1 1817
13054 1 336
13055 1 214
13059 4 1221
13148 3 1862
13149 5 2234
13150 1 1345
13165 1 333
13176 1 1330
13188 2 2230
13201 4 1224
13202 2 777
13203 2 697
13204 4 1820
13205 4 2644
13206 4 1206
13207 4 1202
13208 4 2020
13209 9 164
13210 4 1144
13221 7 2420
13226 1 4464
13244 1 1069
13252 1 1333
13268 1 2970
13282 2 1430
13297 2 740
13321 1 4863
13349 1 28
13361 1 448
13368 1 580
13370 1 327
13384 1 294
13399 3 239
13400 3 2450
13411 1 2036
13419 2 1910
13423 5 1762
13426 3 1513
13433 1 4168
13434 1 4024
13435 1 1340
13465 15 827
13508 8 6492
13509 3 1700
13533 1 1585
13549 22 2185
13566 1 649
13572 1 876
13574 2 1305
13580 12 1858
13581 2 381
13598 6 1521
13599 1 1426
13600 1 1135
13609 3 1456
13619 1 1734
13633 1 1178
13634 1 1029
13635 1 1237
13636 1 1160
13637 1 1271
13638 1 1679
13639 1 1946
13642 1 1397
13643 4 1259
13644 4 1144
13653 7 907
13662 5 828
13663 1 1344
13683 1 1116
13684 2 12301
13695 1 2748
13696 1 2538
13697 1 3718
13699 3 1924
13702 1 715
13709 1 1718
13773 1 734
13794 1 1111
13797 1 436
13799 1 1501
13800 1 1238
13801 1 1533
13802 1 1437
13803 1 1542
13829 7 1750
13831 1 993
13833 1 1191
13837 2 302
13839 1 1437
13867 4 853
13874 1 747
13877 1 1054
13883 8 695
13885 2 2142
13888 1 502
13896 4 1368
13908 11 955
13912 17 6746
13919 5 1031
13926 1 655
13929 1 1229
13930 3 449
13947 1 1742
13972 6 663
13982 2 3750
13991 2 1803
14004 1 1323
14013 1 415
14032 4 1220
14033 6 955
14034 2 2239
14040 1 1390
14047 1 1828
14048 3 527
14072 1 651
14077 2 774
14080 4 51830
14088 1 664
14099 1 1426
14105 1 9306
14115 6 900
14120 11 2870
14185 4 2424
14191 5 1859
14192 1 1494
14204 1 525
14211 2 1561
14235 1 1311
14265 3 2579
14266 1 617
14293 7 781
14298 1 243
14302 17 2269
14310 7 2370
14311 1 1550
14312 4 1988
14313 2 5288
14314 4 1929
14315 2 3896
14329 1 1391
14330 1 929
14365 1 1356
14422 5 5239
14426 3 2114
14427 3 758
14428 3 2122
14429 4 2422
14430 3 759
14488 1 599
14497 1 360
14502 1 989
14531 2 425
14581 1 830
14585 1 935
14593 2 821
14604 2 1059
14611 1 154
14612 1 744
14614 3 747
14617 2 1152
14634 1 727
14646 1 227
14649 1 3074
14650 1 1209
14655 4 846
14658 7 3354
14661 2 572
14663 2 637
14664 1 344
14666 2 801
14667 5 1206
14669 1 634
14691 1 802
14696 2 473
14697 1 567
14698 2 466
14699 2 803
14700 2 635
14703 1 1446
14712 1 914
14713 1 863
14723 1 4899
14728 5 2287
14731 1 788
14736 1 1294
14741 1 964
14745 1 1156
14746 1 1733
14747 1 1544
14748 1 1244
14750 4 1292
14756 1 3039
14763 1 1468
14772 1 1113
14773 1 4394
14792 2 1326
14807 3 1449
14829 3 1080
14830 1 8170
14831 1 8171
14832 1 8172
14854 1 2362
14855 1 2067
14856 1 2080
14867 4 1170
14884 1 912
14913 6 676
14987 1 773
14993 1 1219
14994 1 1165
15028 1 4600
15033 2 1150
15059 2 948
15070 2 1847
15071 2 2697
15072 2 604
15088 3 1087
15098 3 639
15120 2 1822
15135 3 1562
15139 9 1073
15140 10 1513
15141 4 647
15161 3 152
15185 2 1316
15187 5 1342
15198 2 1662
15209 12 2739
15218 1 2203
15219 4 1663
15245 2 7336
15267 1 622
15276 4 643
15280 5 361
15476 1 1151
15496 4 1821
15523 1 874
15543 1 462
15560 14 1729
15584 2 996
15591 1 664
15614 2 3253
15615 2 3882
15622 1 556
15624 2 1071
15638 1 51
15650 1 192
15651 1 868
15660 1 763
15661 1 1088
15664 1 1538
15670 12 1155
15813 1 1072
15814 3 1001
15829 2 937
15840 1 926
15841 1 1259
15843 2 964
15861 14 290
15868 1 2468
15869 1 2413
15881 1 7036
15882 4 176
15886 4 1047
15893 10 1081
15894 4 898
15905 3 430
15912 2 1398
15927 2 428
15932 1 326
15980 3 2709
15981 1 1404
15982 1 4744
16021 2 1876
16029 1 756
16052 2 781
16054 1 830
16086 22 778
16107 1 852
16112 3 720
16126 5 2272
16129 1 600
16132 9 1579
16166 2 1359
16169 1 661
16174 1 997
16183 1 2917
16198 1 953
16201 1 3976
16202 1 1892
16203 1 1469
16204 3 3527
16205 1 2813
16206 1 2677
16207 1 640
16212 2 494
16222 1 949
16224 1 1417
16229 3 2303
16230 4 648
16232 3 517
16235 3 4462
16238 4 11763
16241 5 1533
16257 2 6019
16258 1 7609
16267 2 777
16273 1 1466
16276 16 3744
16289 1 1395
16290 1 921
16311 1 2173
16324 2 1543
16325 1 1100
16341 6 9421
16359 1 486
16361 1 382
16372 1 1589
16374 1 976
16388 5 1730
16393 4 966
16395 1 1895
16396 1 367
16399 6 314
16412 1 845
16423 1 793
16426 2 1061
16433 1 2178
16434 2 395
16455 4 1401
16479 1 1119
16486 5 3020
16487 1 696
16492 1 3998
16513 1 378
16514 1 365
16528 2 1436
16537 1 1394
16542 2 1136
16554 1 986
16557 1 1683
16570 1 1285
16591 1 6896
16617 1 184
16621 2 198
16632 1 1018
16633 4 249
16641 7 2049
16642 8 2366
16643 7 2232
16649 8 4446
16656 1 465
16719 1 3541
16722 1 5137
16740 1 916
16741 1 1522
16742 1 1501
16743 1 1505
16744 1 970
16754 1 92
16767 3 3326
16797 6 2473
16813 3 4537
16817 1 4292
16823 1 478
16836 4 4094
16854 3 1347
16856 3 2460
16857 2 2221
16858 2 2375
16859 3 2243
16861 2 2164
16863 1 2074
16865 1 1183
16888 2 1462
16942 3 12267
16943 1 10757
16955 1 452
16978 1 1563
16997 2 2630
17002 2 968
17027 9 6203
17038 3 1354
17039 2 207
17042 1 541
17052 1 1174
17081 1 1312
17083 2 1481
17111 1 1220
17121 1 6700
17122 1 9203
17132 2 471
17138 3 2150
17142 1 707
17160 1 1760
17183 3 2046
17186 1 2741
17187 1 1065
17188 17 1771
17195 3 2000
17196 3 1736
17198 3 2072
17204 1 955
17205 1 1800
17246 1 726
17247 4 2453
17248 3 2188
17273 7 385
17274 10 738
17275 5 368
17280 21 525
17290 1 167
17292 5 2207
17294 1 510
17296 1 4348
17297 1 1229
17304 1 5827
17324 1 1401
17338 2 612
17353 3 1336
17358 25 650
17359 7 667
17360 5 1293
17363 3 2096
17393 1 1385
17402 3 3104
17404 1 1257
17422 5 1077
17424 1 2766
17439 5 1217
17442 1 3953
17467 1 6562
17479 1 1106
17503 3 1926
17511 1 1181
17512 1 1383
17555 2 14925
17558 1 1065
17568 2 1347
17570 2 5402
17578 1 816
17582 1 399
17595 1 963
17600 5 2502
17602 2 1268
17613 1 2393
17638 1 6007
17646 1 976
17647 1 1549
17649 1 646
17653 2 5954
17668 1 1358
17669 1 5167
17670 3 5050
17671 2 3280
17672 1 4557
17683 1 2520
17689 7 784
17700 1 1118
17721 2 839
17730 1 4474
17735 4 1588
17736 5 1309
17737 6 1122
17738 4 715
17779 2 1349
17780 1 1209
17790 1 2095
17793 2 2999
17806 1 868
17812 1 1141
17823 1 505
17826 3 448
17834 7 724
17839 1 414
17843 4 1862
17844 14 5452
17845 1 1053
17846 6 1416
17851 1 963
17852 3 1403
17893 1 1832
17904 3 6041
17910 1 607
17946 1 637
17953 3 4826
17956 3 1053
17958 1 1236
17961 4 1859
17974 3 684
17978 2 471
17983 1 567
17985 1 853
17993 1 398
17994 1 385
17995 4 458
17996 2 1106
18002 2 1495
18003 2 1231
18006 6 495
18024 1 488
18026 2 937
18027 1 869
18029 2 801
18031 1 2951
18081 3 1322
18085 1 307
18096 2 1110
18113 3 811
18116 1 867
18123 2 2594
18155 1 339
18164 1 1451
18169 1 3118
18228 3 4817
18259 1 284
18267 2 933
18275 1 895
18285 1 1990
18289 5 797
18290 2 982
18297 1 908
18300 4 299
18325 13 1711
18345 1 1603
18358 3 556
18366 5 2921
18385 3 6531
18386 3 1587
18387 1 1206
18389 1 561
18390 2 1388
18396 2 12783
18404 1 200
18425 4 16151
18429 1 2153
18436 2 327
18438 2 452
18483 2 760
18484 3 804
18487 5 1256
18497 1 341
18515 1 304
18522 4 1484
18526 2 2537
18527 1 2923
18528 1 1827
18529 1 1805
18530 1 2029
18531 1 2147
18532 1 2296
18533 1 1991
18534 1 1729
18541 1 952
18559 2 1226
18563 4 1099
18574 2 1309
18580 1 811
18581 5 3194
18587 1 996
18619 1 1157
18624 1 1144
18625 1 1069
18627 2 1504
18628 2 1564
18652 1 2264
18653 1 4815
18654 1 15696
18655 1 837
18656 1 1667
18657 1 2740
18658 1 1985
18659 1 1736
18662 2 1519
18666 1 430
18668 1 445
18669 1 633
18670 1 1046
18671 1 255
18672 1 349
18673 1 281
18682 1 368
18695 2 896
18696 1 1646
18713 2 1412
18715 2 330
18725 2 1382
18733 4 1012
18739 4 3057
18740 4 2994
18741 4 3106
18742 4 2981
18750 1 569
18769 1 2940
18788 1 1109
18797 11 3696
18798 11 4126
18799 2 2303
18812 1 1141
18813 1 1761
18814 1 1715
18826 1 3184
18833 3 899
18841 2 483
18844 1 296
18851 1 1501
18853 1 1536
18863 7 2559
18865 1 2334
18866 5 1969
18872 10 1474
18885 1 1038
18886 1 1074
18888 1 1190
18889 1 746
18913 1 224
18919 1 764
18926 1 1782
18943 1 654
18951 5 5208
18963 1 1279
18972 1 818
18975 1 878
18979 1 1480
18982 1 380
18987 1 2027
19043 2 4707
19064 3 843
19065 2 704
19075 3 1178
19076 1 2622
19088 1 938
19089 1 440
19123 1 1226
19131 3 3297
19142 1 1574
19148 1 3277
19153 3 3019
19156 1 857
19259 1 51
19260 1 54
19261 1 50
19262 1 52
19263 1 52
19292 1 56
19307 3 983
19308 1 114
19309 2 2189
19310 3 864
19371 9 1293
19373 4 1681
19377 1 1170
19385 1 2378
19391 4 3144
19395 1 1859
19399 1 634
19404 3 1932
19409 2 1342
19410 2 1119
19412 2 230
19413 1 1698
19418 3 447
19427 1 1218
19515 3 1607
19545 2 9624
19546 2 2366
19560 1 8071
19576 20 767
19615 4 1558
19630 5 2098
19632 1 1361
19647 1 3406
19656 1 5073
19676 1 1224
19680 3 5229
19681 4 10198
19682 3 1081
19683 3 2480
19684 3 2620
19685 3 4688
19686 3 4573
19687 4 2998
19688 3 1268
19689 3 2057
19690 3 2088
19691 4 1920
19711 1 589
19716 1 478
19771 1 523
19772 1 746
19773 1 783
19774 1 725
19801 1 1215
19815 1 1176
19816 1 1533
19821 1 646
19831 1 1394
19835 1 1651
19843 6 516
19844 1 262
19846 1 493
19866 4 940
19867 1 1332
19870 1 1995
19874 1 1603
19875 1 826
19885 1 1727
19896 1 4758
19898 1 4338
19902 2 3107
19909 1 1003
19913 3 2014
19933 1 1797
19951 2 677
19952 2 553
19961 1 2081
19983 1 2232
19984 1 3052
19985 3 8977
19986 2 1620
19987 3 3502
19988 1 1164
19989 1 1297
19990 1 1486
19999 1 1543
20013 1 2102
20030 1 4962
20139 1 1612
20153 1 1172
20159 1 1013
20171 3 767
20176 7 348
20179 3 1063
20185 2 1049
20192 3 1513
20200 1 30304
20218 2 269
20233 8 3879
20240 2 910
20257 2 501
20275 1 1592
20294 1 3768
20297 44 517
20298 39 492
20307 1 914
20308 3 1500
20309 3 603
20310 9 4111
20325 1 646
20373 2 776
20405 2 1411
20421 1 12627
20422 2 12210
20423 1 5021
20434 1 2324
20469 2 50
20573 1 483
20575 1 4332
20581 1 1771
20585 2 1770
20594 1 1014
20607 1 4252
20613 1 521
20635 1 863
20653 1 6960
20656 1 964
20666 2 427
20669 1 709
20677 1 8655
20678 1 4807
20679 2 6821
20680 1 2816
20681 1 935
20682 2 5585
20683 1 2155
20685 1 959
20686 1 750
20690 1 1232
20691 1 361
20692 1 754
20693 1 760
20694 1 355
20695 1 1111
20707 1 35797
20710 2 6801
20715 2 802
20719 2 500
20729 8 902
20730 4 3239
20746 2 2626
20764 3 1304
20779 3 1150
20785 4 3062
20786 2 452
20791 1 919
20797 1 650
20808 1 1960
20811 1 4558
20818 1 728
20827 2 562
20835 4 1832
20851 1 259
20856 2 1576
20857 3 666
20861 1 2236
20866 1 1137
20870 3 4517
20884 1 463
20901 4 186
20902 2 309
20904 2 4287
20905 1 596
20906 3 1642
20907 12 2997
20908 2 1965
20930 1 1211
20932 3 1475
20950 1 176
20971 1 884
20979 1 280
20982 6 1098
20983 1 1210
21035 2 207
21050 1 1359
21051 1 1656
21052 1 526
21053 1 1087
21059 7 2178
21060 7 2143
21061 7 2416
21062 7 2438
21063 7 1794
21072 1 780
21102 1 3237
21118 1 1749
21133 1 986
21140 2 880
21198 1 361
21245 1 880
21247 24 1482
21253 1 897
21262 4 2285
21263 4 1339
21264 3 838
21265 2 1264
21266 2 4449
21279 3 1380
21280 3 1259
21281 3 1524
21282 3 1212
21293 1 878
21314 4 699
21318 2 7108
21321 12 7104
21336 5 4593
21339 3 4745
21347 1 1066
21359 13 13839
21362 2 2634
21385 1 770
21387 236 3030
21395 3 236
21404 1 659
21479 20 1262
21492 1 1466
21495 1 1825
21504 1 2429
21505 9 437
21507 1 7373
21530 3 2863
21535 1 1207
21583 25 783
21585 3 248
21596 3 394
21597 1 813
21606 2 1264
21623 4 339
21628 3 1456
21629 3 1236
21631 4 1530
21632 2 2786
21641 1 1648
21644 6 11884
21651 1 346
21663 1 324
21671 5 1413
21672 1 1580
21673 1 365
21688 2 2146
21690 1 609
21698 1 2267
21744 4 836
21749 1 1027
21756 2 2820
21767 5 6211
21770 2 4733
21775 1 1217
21776 1 1304
21777 1 1090
21781 3 2594
21799 1 326
21811 2 724
21812 1 1909
21813 1 930
21815 1 376
21827 1 301
21835 1 423
21836 1 762
21847 1 339
21857 1 1149
21860 7 2805
21862 5 3630
21868 1 351
21874 1 404
21875 1 498
21898 4 1312
21899 1 1045
21903 2 3153
21906 2 930
21908 2 640
21913 8 3148
21918 1 704
21922 2 2981
21925 2 1122
21929 2 655
21932 1 659
21935 1 937
21936 3 564
21937 2 764
21938 2 578
21939 2 541
21940 4 962
21943 2 2866
21946 2 1327
21948 3 2447
21950 3 1511
21951 4 1086
21952 3 983
21957 5 1265
21972 1 2236
21973 1 1276
21979 1 861
21989 1 2096
21990 1 1578
21991 1 1915
21992 1 1844
21993 1 2572
21994 1 1872
21995 1 2336
21996 1 2579
21997 1 2196
21998 1 2024
22023 3 584
22024 5 1137
22025 3 608
22039 1 521
22045 1 2727
22046 2 1341
22047 6 2622
22048 1 1210
22052 1 1487
22088 2 778
22108 1 2108
22117 5 381
22161 1 6376
22164 8 637
22186 1 1860
22206 1 2514
22213 1 415
22216 3 13756
22226 1 1638
22229 2 913
22231 23 1087
22232 2 390
22234 3 466
22397 1 1170
22443 2 534
22453 1 1650
22474 1 1110
22477 4 2074
22478 2 1558
22479 2 1300
22505 1 899
22528 4 3156
22547 1 5064
22570 1 1844
22584 3 2300
22601 3 1004
22604 1 1011
22607 4 1086
22781 3 1147
22887 5 4212
22888 2 885
22896 2 1030
22897 1 455
22902 1 960
22903 1 931
22904 1 1053
22906 3 6036
22939 4 678
22941 1 11549
22945 3 2400
22946 1 2519
22953 1 280
22959 30 1249
22961 10 995
22978 19 515
22986 1 1800
23027 8 1511
23033 4 1939
23035 1 1061
23039 1 612
23041 9 512
23051 1 418
23075 1 896
23125 2 1534
23148 25 1086
23150 1 753
23228 1 801
23232 1 1078
23237 1 77
23348 2 408
23350 3 642
23354 1 256
23382 1 852
23383 1 250
23384 1 217
23385 1 748
23386 1 471
23387 1 256
23411 2 2833
23416 3 750
23417 1 70
23419 2 1204
23420 2 1191
23421 2 633
23455 1 463
23460 1 1670
23462 1 242
23471 2 661
23473 1 1771
23474 1 1785
23480 1 194
23483 1 412
23485 1 338
23490 1 788
23492 7 1618
23514 1 8145
23521 1 1803
23531 1 2398
23534 18 830
23535 1 134
23543 1 2015
23544 1 1694
23644 1 2056
23685 10 1613
23697 1 5047
23731 2 479
23732 2 4739
23733 2 2720
23734 2 1825
23735 4 1708
23736 5 2381
23737 2 648
23738 2 679
23739 2 907
23740 2 816
23741 2 633
23742 2 1052
23743 2 972
23744 2 1051
23745 5 2692
23746 4 1757
23747 1 2274
23752 3 2089
23765 1 11324
23781 3 1632
23813 1 516
23815 1 580
23822 1 474
23903 1 1291
23904 1 1172
23908 2 854
23912 34 1243
23967 4 713
23972 1 546
23985 1 659
24022 3 364
24108 1 196
24109 1 618
24110 1 207
24111 1 719
24112 1 454
24113 1 308
24114 1 580
24123 2 1686
24124 1 2547
24136 2 1335
24156 2 1837
24162 1 1116
24165 9 2487
24177 1 1040
24192 1 1034
24199 2 306
24203 1 1006
24204 1 780
24207 1 1236
24233 1 1108
24244 1 1387
24251 2 1677
24284 3 4091
24365 1 233
24371 2 1319
24374 7 3085
24430 2 779
24431 22 1396
24432 7 863
24433 2 2363
24434 2 1249
24435 2 559
24436 2 720
24437 2 3970
24438 2 3027
24439 1 1008
24447 1 538
24454 1 2201
24459 1 991
24465 7 1100
24479 3 2991
24502 2 2202
24506 1 7516
24509 1 628
24523 1 337
24552 12 311
24566 1 3241
24568 1 5820
24582 1 129
24583 2 808
24590 1 4782
24591 1 4881
24592 1 4881
24598 28 1407
24610 2 923
24623 1 294
24624 1 1145
24662 1 1247
24665 3 769
24666 4 3571
24667 3 2550
24668 6 6702
24669 3 2087
24672 2 625
24676 1 617
24707 1 2560
24727 18 1692
24728 1 2573
24735 72 2767
24765 1 1351
24780 5 1382
24791 5 2527
24792 1 607
24793 3 1676
24795 3 709
24796 3 714
24801 34 1007
24809 1 1190
24811 1 715
24812 2 1148
24819 2 1466
24824 1 1881
24837 2 1425
24838 1 1751
24839 1 1127
24842 1 3916
24847 3 1506
24848 5 1701
24865 1 2318
24866 1 1558
24876 3 2039
24882 1 8171
24883 1 8171
24914 1 1788
24926 1 2341
24958 4 840
25018 8 1696
25020 2 642
25038 1 552
25043 6 1300
25054 1 1376
25057 1 2293
25058 2 523
25060 1 1525
25064 2 1909
25066 2 1878
25086 1 958
25091 2 674
25106 2 554
25109 1 1281
25111 1 366
25120 1 1142
25124 10 1130
25130 1 675
25132 1 436
25146 1 1145
25154 1 4423
25160 1 3316
25170 2 1000
25176 1 441
25187 7 860
25188 6 1153
25201 1 48
25242 1 2763
25243 1 3615
25258 1 351
25265 13 2233
25267 1 2724
25271 2 1229
25277 1 1839
25294 2 1378
25302 1 136
25310 1 1434
25311 2 1219
25333 1 1245
25350 1 358
25380 2 931
25381 2 769
25391 6 2825
25407 5 3649
25409 6 4429
25417 1 227
25429 1 2282
25434 1 1244
25435 2 1429
25436 2 1291
25439 4 655
25485 1 361
25492 2 3700
25509 2 1876
25522 4 2549
25523 2 1166
25533 1 994
25546 1 3100
25550 1 770
25562 1 3195
25620 10 1011
25627 6 637
25676 4 1444
25691 1 823
25692 1 929
25694 12 1084
25701 2 319
25708 1 186
25724 3 502
25725 1 574
25726 4 775
25736 9 2577
25737 1 408
25740 2 1192
25747 1 894
25758 1 593
25761 1 198
25798 1 742
25800 1 908
25808 31 782
25815 1 1594
25825 3 311
25849 4 785
25854 1 622
25882 7 1550
25888 1 687
25913 2 1179
25959 6 731
25962 1 676
25969 3 1852
25972 19 1249
25977 1 1118
25996 1 171
26022 1 707
26050 1 1792
26059 1 1273
26060 1 2133
26062 1 196
26063 1 947
26064 1 213
26065 1 209
26066 1 216
26067 1 274
26068 1 354
26082 2 1566
26094 1 413
26102 1 697
26103 2 720
26108 1 1030
26123 2 1139
26128 2 744
26131 1 1898
26152 1 843
26161 4 14248
26164 1 1169
26165 1 1178
26166 1 1178
26211 4 537
26216 1 887
26242 5 1535
26243 3 713
26248 1 1814
26256 5 230
26257 1 3709
26258 1 7349
26259 1 3718
26260 1 3718
26261 1 3710
26262 1 3711
26280 1 185
26284 1 182
26295 7 1958
26319 7 895
26346 3 642
26359 6 3794
26378 2 461
26386 1 2024
26419 4 1113
26420 3 911
26421 5 995
26422 4 945
26423 4 3280
26424 7 743
26425 4 1535
26426 9 1023
26427 2 912
26428 2 1156
26429 2 644
26430 4 984
26431 5 2088
26432 5 2149
26433 2 793
26434 2 3200
26435 2 916
26443 10 719
26463 1 563
26499 1 831
26581 7 259
26593 3 1889
26594 1 907
26595 1 867
26614 3 3554
26628 2 556
26631 3 8025
26641 1 4691
26669 3 2034
26670 3 563
26693 2 1069
26717 6 641
26736 1 2134
26748 6 618
26755 2 2434
26767 1 514
26779 1 705
26784 4 1465
26786 2 394
26787 12 994
26796 3 2116
26797 1 1479
26800 1 1401
26808 2 581
26809 2 463
26810 3 739
26811 1 1172
26814 1 1736
26824 1 966
26827 1 2251
26829 1 697
26832 1 1182
26836 1 2928
26853 1 392
26857 4 917
26861 1 601
26871 2 662
26875 29 1875
26900 4 711
26909 2 1645
26930 1 467
26944 3 2864
26945 3 2664
26946 3 2974
26947 3 1581
26955 1 1034
26974 1 1029
27035 1 1356
27036 2 6909
27044 1 603
27113 1 218
27136 1 289
27140 1 684
27141 1 963
27142 1 216
27143 1 224
27144 1 257
27145 1 340
27146 1 758
27161 3 1496
27162 1 1964
27171 2 1261
27172 2 687
27196 1 1661
27197 1 1655
27206 1 561
27229 1 598
27230 1 591
27231 1 1168
27232 1 568
27233 1 665
27272 1 1722
27289 1 1901
27295 1 386
27308 6 7530
27320 4 798
27321 1 7344
27322 1 3721
27323 1 2478
27324 1 3721
27375 1 979
27414 2 870
27425 7 2871
27458 2 478
27459 2 1123
27460 2 653
27461 2 4148
27462 2 809
27463 2 604
27464 3 662
27465 2 648
27466 2 551
27467 2 879
27468 2 639
27469 4 1105
27504 4 650
27508 12 245
27510 1 1431
27520 1 3462
27535 3 1646
27550 7 221
27551 1 842
27556 11 640
27585 2 1037
27589 23 1280
27590 6 1661
27591 1 866
27592 1 903
27593 1 579
27594 1 915
27652 6 1358
27654 3 2800
27655 3 624
27658 5 632
27694 1 136
27700 3 2268
27704 2 1010
27725 1 539
27726 2 2897
27727 3 2086
27746 1 563
27748 1 1234
27766 2 439
27767 2 568
27768 1 1009
27769 14 1391
27786 1 612
27788 4 611
27808 3 2245
27812 2 3494
27826 1 942
27827 3 2297
27866 1 4412
27867 2 1485
27868 2 2792
27869 1 1042
27870 2 853
27872 1 3102
27879 1 1030
27922 1 969
27997 7 689
28003 1 1375
28005 1 912
28008 2 1268
28013 2 1089
28019 30 1127
28020 32 1130
28021 25 982
28022 32 1131
28023 25 983
28024 32 1130
28025 25 988
28036 1 1608
28037 2 487
28075 1 2788
28077 2 1097
28079 3 1167
28087 1 1712
28090 1 339
28103 12 5130
28104 6 1950
28105 5 3202
28108 1 561
28123 9 7111
28192 1 2315
28223 2 1145
28232 1 294
28234 3 1181
28257 1 3449
28261 2 11790
28267 1 638
28316 1 1269
28413 2 1726
28414 1 3568
28416 1 1057
28419 2 3437
28435 4 922
28436 1 1926
28452 1 808
28466 1 10312
28472 1 3173
28473 1 1706
28655 1 1313
28674 1 221
28675 1 1685
28678 4 502
28686 25 1805
28691 3 1330
28702 2 1503
28744 1 666
28770 1 777
28777 1 646
28799 6 4713
28804 3 884
28805 3 1621
28807 1 876
28812 1 680
28819 9 1350
28839 1 458
28863 1 622
28869 1 395
28945 1 874
28980 1 1423
28984 1 728
28989 6 1744
28991 1 497
28996 1 844
29007 1 270
29011 3 2920
29040 2 477
29046 1 638
29047 1 636
29055 3 693
29076 1 1924
29100 1 460
29107 3 793
29110 2 675
29111 2 572
29113 1 158
29134 1 1030
29139 1 1025
29144 1 2485
29146 1 1559
29166 1 383
29180 1 3520
29188 11 1235
29192 2 724
29223 2 57
29328 4 2531
29337 1 536
29341 6 761
29346 1 5736
29351 9 2081
29359 1 537
29371 1 1059
29384 1 51
29395 1 670
29396 5 8576
29416 1 1065
29420 1 439
29426 1 775
29427 1 918
29429 2 1618
29430 2 1287
29434 1 921
29436 1 1447
29447 1 335
29452 3 581
29475 1 2177
29476 1 1140
29510 1 780
29518 3 814
29519 1 8686
29523 12 10213
29556 3 1585
29558 2 3685
29559 2 3217
29560 6 1313
29575 1 568
29594 1 984
29595 1 934
29596 1 1432
29597 1 1002
29603 1 1169
29638 1 812
29652 1 1619
29696 1 1829
29709 1 1886
29721 1 6842
29722 1 9450
29728 1 655
29822 1 1623
29832 1 1083
29835 1 1174
29842 2 1058
29844 1 803
29845 1 873
29847 1 728
29849 9 1105
29868 2 2187
29879 1 853
29880 1 1752
29887 7 3070
29895 1 940
29897 4 647
29899 4 815
29914 21 2420
29917 1 387
29926 1 770
29930 1 405
29937 2 1043
29938 6 1016
29952 1 665
29957 16 659
29965 1 763
29966 1 301
29967 2 953
29987 1 1548
30032 1 647
30039 1 848
30040 1 993
30042 1 897
30055 1 2125
30063 1 928
30132 1 1913
30158 2 1827
30162 1 1061
30166 4 953
30175 1 392
30181 1 608
30188 5 1419
30191 1 312
30195 1 1266
30211 1 3859
30248 1 346
30264 1 238
30265 1 286
30266 1 665
30267 1 279
30268 1 274
30273 2 2533
30277 5 1384
30280 1 1400
30285 2 1934
30310 1 2537
30311 3 1862
30312 1 1701
30321 1 987
30324 1 729
30342 2 537
30349 3 533
30354 1 582
30369 1 2927
30380 7 1089
30423 1 58
30435 1 1206
30450 2 1607
30504 1 727
30517 3 1817
30526 6 4142
30554 3 3073
30555 3 4027
30573 3 2812
30578 1 46
30582 8 1273
30588 1 3696
30591 1 1307
30596 1 1172
30599 1 924
30605 1 1929
30632 2 1052
30635 1 2140
30639 2 8117
30642 1 3081
30643 1 1318
30661 1 2882
30703 1 863
30708 1 1734
30716 3 940
30727 1 1425
30743 2 571
30748 4 1479
30757 3 1418
30762 3 982
30769 2 1282
30772 6 576
30774 3 567
30782 1 654
30787 6 1028
30821 1 1456
30863 2 763
30891 1 2618
30894 1 375
30902 2 1476
30947 6 1608
30971 3 1467
30972 3 877
30973 1 7204
31003 1 534
31013 1 947
31023 1 249
31040 1 1514
31041 1 1280
31060 1 309
31063 11 508
31080 1 940
31081 3 545
31094 9 7803
31095 2 1243
31097 3 653
31107 1 547
31111 1 938
31114 9 1306
31117 5 853
31229 1 4414
31264 2 1761
31269 1 1094
31278 1 1259
31280 1 868
31286 4 845
31307 1 842
31323 2 723
31327 1 3711
31328 4 3214
31340 1 1091
31347 1 1893
31350 1 1047
31351 1 1654
31387 7 1573
31393 2 1881
31394 2 956
31395 4 3700
31398 1 896
31407 1 229
31422 1 1455
31441 4 1845
31456 1 1127
31540 2 1089
31544 2 2626
31563 1 728
31572 2 1379
31585 1 870
31586 1 1305
31587 1 1215
31588 2 1119
31596 1 1290
31598 1 1064
31600 2 1053
31601 1 982
31602 1 891
31632 6 1179
31639 1 1056
31644 1 1272
31663 12 389
31664 7 428
31669 2 822
31701 1 491
31702 3 2004
31717 1 6445
31731 1 3982
31733 1 858
31736 1 1926
31754 29 1235
31787 3 764
31827 2 344
31829 1 14263
31830 40 526
31835 1 2763
31838 1 790
31850 3 597
31851 2 591
31858 8 1811
31860 1 1825
31871 1 291
31913 1 1930
31929 1 15160
31930 6 4739
31946 1 2395
31952 2 1105
31957 1 1455
31986 4 910
32002 1 1104
32004 8 1026
32036 4 1099
32042 1 828
32043 2 943
32075 1 48
32156 2 723
32174 3 830
32176 1 1706
32180 1 1289
32181 1 2305
32211 1 954
32226 15 3217
32233 1 974
32236 1 103
32239 7 993
32277 15 1178
32280 1 932
32302 4 3115
32308 3 1418
32328 4 1109
32329 4 5073
32365 1 3420
32366 2 3530
32367 3 3181
32374 2 3413
32389 1 857
32410 1 206
32413 1 2301
32488 1 588
32493 1 853
32561 1 832
32581 1 1008
32592 1 1186
32593 2 1078
32594 1 992
32601 1 1044
32602 1 1011
32603 1 753
32604 1 773
32605 1 1050
32632 1 1721
32633 1 767
32644 2 1032
32651 5 710
32662 20 2165
32663 5 3914
32666 5 2788
32670 2 1056
32690 2 473
32699 4 810
32701 1 249
32702 2 208
32704 3 2103
32718 2 5437
32719 2 5014
32720 2 974
32746 1 2142
32747 1 807
32751 1 1482
32764 1 2272
32765 1 2291
32766 1 2278
32784 3 564
32788 1 693
32789 1 341
32790 1 350
32824 3 2602
32832 18 792
32893 1 512
32905 1 686
32954 1 170
32981 1 1223
32985 2 515
32986 1 3067
32999 1 201
33066 1 169
33067 1 257
33073 1 1212
33079 2 3096
33084 1 1311
33093 1 204
33094 1 204
33095 1 1520
33096 1 382
33097 1 819
33098 1 217
33099 1 218
33100 1 207
33101 1 214
33102 1 240
33103 1 225
33104 1 705
33105 1 277
33106 1 316
33107 1 1135
33110 1 321
33122 1 1115
33130 4 1040
33137 3 546
33141 1 1413
33148 2 713
33179 1 2037
33185 1 1186
33211 12 1214
33219 1 1021
33220 1 1178
33233 1 533
33244 1 453
33256 6 1321
33268 1 3327
33269 2 453
33271 1 1800
33274 1 805
33302 1 870
33303 2 928
33310 2 9499
33316 1 672
33344 5 175
33359 4 890
33372 1 1921
33410 1 380
33425 2 548
33426 1 641
33443 2 284
33446 5 1897
33466 1 1113
33475 1 5068
33489 3 1302
33501 1 1328
33522 1 869
33571 1 1163
33572 3 1301
33573 2 1218
33574 1 1229
33575 1 1216
33576 1 1268
33583 1 792
33601 1 995
33602 1 742
33603 1 264
33610 2 1314
33611 1 1184
33619 1 1176
33625 1 218
33627 1 763
33646 4 1788
33647 2 1671
33663 19 5738
33694 4 1758
33695 5 3294
33723 1 1305
33725 4 566
33726 1 1999
33730 1 225
33732 1 809
33752 3 1225
33761 2 281
33763 1 2200
33778 1 1184
33779 1 1792
33788 1 772
33792 1 972
33793 1 826
33794 2 210
33798 1 1847
33799 1 390
33824 1 537
33825 1 1053
33848 1 1439
33879 3 396
33901 1 1734
33909 4 1260
33910 3 1095
33911 3 683
33925 1 684
33926 1 953
33929 1 409
33933 1 503
33943 1 2181
33948 1 1368
33976 1 978
33984 1 1595
34006 2 1068
34019 1 1391
34029 1 3971
34041 1 421
34042 3 449
34058 1 476
34062 2 2698
34064 1 1611
34072 1 817
34082 1 694
34099 1 471
34111 3 1079
34118 3 2699
34137 1 974
34146 3 1989
34150 1 1435
34173 1 1284
34190 3 394
34214 1 1033
34220 3 370
34268 1 3482
34289 2 2981
34300 1 1190
34311 2 1306
34320 3 529
34321 3 506
34342 1 5941
34371 1 1014
34372 1 3359
34375 1 1602
34379 3 1659
34380 4 1216
34392 9 3063
34393 9 1308
34398 1 1634
34410 3 1478
34430 6 287
34431 1 836
34433 2 451
34439 1 1490
34440 2 2290
34442 1 1260
34454 2 1630
34461 2 673
34464 1 664
34465 1 5422
34467 1 838
34478 3 1361
34479 4 1119
34480 2 2110
34489 1 1568
34490 3 1136
34498 3 817
34507 1 1422
34509 2 1584
34510 1 887
34514 5 2438
34515 2 1018
34516 2 459
34517 2 764
34518 2 777
34525 1 1736
34526 1 2380
34536 2 1429
34538 1 177
34540 1 975
34545 3 1028
34551 1 992
34553 1 1919
34554 2 1390
34555 2 1364
34556 2 2148
34566 1 496
34610 1 310
34616 1 365
34619 1 2069
34647 1 616
34660 1 1031
34661 3 22673
34672 3 942
34674 1 2253
34679 2 1212
34680 2 1201
34698 1 1163
34701 5 879
34752 1 1744
34781 1 4211
34843 1 983
34851 1 587
34859 1 794
34869 4 1137
34876 1 459
34878 4 2024
34883 3 1692
34900 2 271
34928 1 647
34931 1 655
34937 4 1326
34958 1 719
34963 1 754
34974 1 931
34994 1 665
34995 1 3471
35013 5 1380
35039 1 2773
35044 2 1362
35045 1 1304
35047 1 1718
35048 1 1360
35063 2 627
35069 1 3840
35076 1 523
35145 3 827
35156 1 673
35175 35 1265
35177 9 1731
35178 6 1377
35179 10 1243
35184 2 774
35351 1 1416
35353 1 963
35354 1 581
35355 1 236
35356 1 479
35357 1 345
35368 1 2496
35369 2 1232
35372 2 1115
35393 2 970
35399 6 6478
35424 1 550
35427 4 12574
35428 4 12657
35434 1 1365
35436 3 923
35475 1 12761
35486 1 1430
35487 1 1788
35491 1 352
35495 1 242
35499 2 397
35523 1 203
35524 1 2484
35529 1 1080
35545 1 422
35546 2 450
35552 1 1138
35553 1 894
35559 1 2826
35569 1 768
35573 1 669
35574 1 147
35591 1 632
35595 1 934
35596 1 1116
35601 1 666
35610 3 530
35611 1 683
35649 1 1325
35690 1 1115
35708 1 358
35727 1 194
35741 1 765
35774 1 3657
35816 2 836
35817 1 148
35818 5 2401
35819 2 1617
35820 2 1281
35821 3 906
35822 2 834
35823 2 813
35824 2 3392
35825 2 3773
35826 2 838
35827 2 1651
35828 2 5244
35829 2 1300
35830 4 2280
35831 2 3206
35832 4 2158
35833 2 1394
35834 2 756
35835 4 1430
35836 4 1061
35837 4 2391
35838 2 1185
35839 3 1075
35840 2 5256
35841 5 958
35842 2 1606
35843 2 742
35844 2 1135
35845 2 605
35846 2 1532
35847 2 965
35848 3 849
35849 2 756
35850 4 2980
35851 2 845
35854 1 1371
35858 1 1063
35869 1 979
35887 2 4260
35898 2 726
35918 1 430
35955 1 1580
35968 2 995
36007 1 403
36023 1 5721
36028 1 1853
36035 2 695
36042 2 6053
36051 7 3640
36053 1 1200
36084 1 1618
36136 3 2452
36137 3 2930
36187 1 4259
36214 1 2240
36220 1 531
36242 1 1042
36244 1 874
36245 2 843
36246 2 2302
36249 1 2162
36256 1 569
36258 1 582
36264 3 1039
36266 4 678
36268 1 1022
36269 2 457
36270 2 1047
36271 2 587
36272 1 328
36280 1 708
36281 3 1467
36282 1 821
36300 1 3570
36310 1 1301
36311 1 2920
36312 1 1698
36313 4 1437
36330 2 1117
36333 2 1086
36334 2 1139
36341 3 828
36348 2 1204
36364 1 2554
36375 1 503
36379 1 1733
36414 2 3031
36415 3 4207
36416 1 1685
36417 2 2136
36441 1 1911
36446 3 618
36453 1 355
36454 1 499
36457 1 980
36472 1 868
36478 3 649
36480 7 446
36496 1 316
36497 1 1543
36498 3 8241
36513 3 559
36554 1 1236
36577 25 587
36590 1 5680
36591 7 766
36596 3 790
36598 1 864
36608 1 740
36618 3 614
36619 7 994
36620 9 598
36622 17 778
36627 1 331
36648 1 199
36680 1 1651
36688 1 1758
36699 1 902
36701 1 971
36704 1 204
36705 1 487
36706 1 236
36707 1 216
36708 1 780
36709 1 669
36710 1 283
36724 1 2272
36728 2 1234
36732 1 18263
36742 1 1373
36750 1 1341
36774 1 1326
36778 3 759
36788 8 1941
36801 4 2127
36836 1 1458
36837 1 1141
36838 1 1144
36844 1 230
36853 1 322
36859 1 1147
36882 1 6259
36884 2 1553
36895 2 891
36899 1 741
36903 1 807
36913 1 3173
36926 1 888
36927 1 436
36945 4 21910
36959 5 662
37012 1 1013
37025 1 811
37067 3 1829
37085 1 1687
37089 1 528
37143 1 52
37147 1 53
37164 5 3578
37165 4 1811
37166 2 844
37167 3 1085
37168 1 3059
37171 1 1206
37182 2 13117
37202 1 876
37208 1 358
37214 1 528
37223 5 1759
37259 1 508
37282 1 2473
37285 3 2205
37305 1 824
37306 1 910
37307 2 1003
37308 1 1081
37341 2 441
37368 1 1160
37372 34 888
37378 1 1224
37388 6 936
37400 1 1054
37401 13 1431
37402 1 282
37407 1 1372
37409 10 2886
37419 1 13883
37423 3 13622
37441 2 2218
37456 3 2083
37457 3 3293
37458 4 1744
37488 1 354
37505 1 759
37532 2 949
37534 1 1033
37539 1 409
37550 1 1723
37551 1 867
37566 14 1800
37567 3 2983
37570 3 929
37573 2 551
37576 1 1478
37577 3 806
37582 1 386
37587 4 2098
37589 2 989
37592 2 1922
37595 1 1332
37597 4 824
37599 1 1374
37600 2 1454
37601 1 1897
37607 1 1334
37613 1 1538
37617 3 1086
37618 3 744
37624 1 782
37628 1 1169
37648 5 1170
37649 3 1913
37650 2 2418
37655 1 1979
37656 7 1075
37676 1 747
37677 2 486
37678 2 1076
37679 2 582
37681 2 456
37685 1 2123
37686 1 2096
37702 1 1737
37708 1 894
37711 1 674
37712 3 8990
37713 1 1369
37714 1 2598
37715 1 1489
37721 3 1814
37726 1 1722
37788 2 983
37832 1 875
37833 1 916
37834 17 742
37877 8 606
37905 3 486
37907 2 454
37909 1 2154
37917 2 1025
37918 2 993
37919 2 409
37920 2 1463
37923 6 597
37924 1 698
37929 1 2603
37939 4 587
37948 16 900
37958 1 1505
37971 1 1025
37990 1 443
37999 5 873
38007 1 1299
38030 2 894
38032 1 292
38035 1 1861
38071 1 743
38078 1 526
38088 2 526
38090 1 790
38094 1 2311
38095 1 901
38105 2 1881
38108 4 1022
38119 1 1233
38121 1 989
38122 1 1267
38126 1 1128
38153 2 1194
38154 5 2189
38162 1 7201
38168 2 976
38171 3 1510
38181 1 1301
38184 1 655
38199 1 2577
38222 1 1936
38223 1 12647
38231 2 1012
38237 9 4950
38240 1 1492
38260 4 1664
38276 14 632
38277 1 371
38279 10 2423
38284 2 632
38289 1 1007
38314 1 457
38318 1 1214
38328 21 776
38339 1 1676
38342 1 1775
38351 1 2567
38357 2 148
38380 1 976
38411 1 2671
38412 1 2954
38413 1 6145
38419 1 1224
38426 1 657
38427 1 441
38428 1 774
38429 1 450
38435 2 1582
38443 1 1740
38445 2 2338
38446 1 1008
38447 2 2944
38448 8 6071
38449 1 1891
38452 4 1545
38471 2 878
38472 2 1041
38473 1 931
38476 1 1139
38478 2 1991
38479 2 1418
38480 2 1546
38481 2 2169
38485 1 606
38488 1 1063
38537 1 1111
38543 1 1310
38561 1 1357
38574 3 2305
38580 1 458
38607 1 143
38608 17 4302
38610 1 1389
38627 1 1433
38635 1 1518
38638 1 617
38642 2 1372
38694 1 1649
38701 1 1080
38703 1 646
38707 5 415
38737 1 1277
38738 2 768
38745 1 916
38748 4 2192
38756 2 619
38789 1 1489
38806 1 730
38808 1 2666
38812 2 2023
38819 1 1509
38839 2 905
38840 1 2481
38842 1 1088
38867 1 710
38880 1 1528
38881 4 451
38888 1 1184
38889 1 779
38892 1 350
38901 5 944
38925 1 1372
38926 1 1938
38953 2 2359
38954 3 2720
38975 27 912
38981 2 753
38988 2 1155
39000 1 917
39001 1 4864
39002 6 1086
39014 1 615
39039 2 809
39042 3 3251
39044 5 878
39070 4 477
39090 2 1090
39097 2 1486
39126 2 1601
39132 1 3874
39136 5 1787
39148 5 4610
39149 5 2101
39161 2 754
39169 4 982
39170 1 1347
39175 1 3064
39181 3 3063
39182 2 3168
39184 1 1671
39186 2 2248
39193 2 3626
39199 1 1404
39202 2 2039
39204 2 908
39205 1 770
39238 1 1675
39241 3 7079
39245 1 4290
39251 2 2258
39259 2 3420
39272 2 730
39273 3 1081
39274 1 159
39275 2 1055
39285 2 3325
39293 1 768
39296 1 1741
39301 2 12335
39304 1 1175
39311 4 2070
39312 1 1335
39313 3 2054
39314 2 1784
39318 1 2523
39322 2 708
39341 4 9083
39350 1 1856
39400 1 266
39433 1 1508
39442 2 585
39456 1 1320
39457 11 1408
39488 5 1377
39499 1 96
39533 1 1603
39536 1 1463
39562 1 144
39565 5 689
39571 3 243
39574 4 628
39597 1 567
39604 7 1669
39630 1 707
39633 1 518
39647 1 872
39648 9 1775
39671 3 228
39683 1 657
39689 1 475
39719 1 1016
39721 2 921
39776 2 569
39786 7 682
39796 1 688
39802 3 1853
39808 1 1316
39809 8 1224
39810 20 1067
39916 1 1355
39926 1 1489
39927 2 1251
39937 1 1427
39940 1 1790
39944 1 216
39945 1 842
39946 1 1267
39947 1 220
39948 1 219
39949 1 413
39950 1 431
39951 1 189
39970 1 1979
39978 3 30166
39999 19 4187
40005 2 707
40010 2 634
40018 2 544
40036 10 2425
40043 1 1164
40053 6 3632
40086 4 1548
40098 3 1634
40099 1 1540
40100 2 2099
40114 1 1204
40128 8 468
40150 1 347
40154 1 334
40155 2 849
40170 1 38
40185 1 802
40186 1 958
40187 1 955
40189 1 778
40205 1 140
40206 1 296
40219 1 983
40222 1 1055
40228 1 722
40251 1 1196
40253 1 3705
40254 1 2478
40255 1 3713
40256 1 1952
40257 1 3718
40277 2 189
40280 3 168
40303 11 1983
40304 1 397
40311 2 410
40315 1 577
40337 1 671
40338 1 665
40351 1 1650
40352 1 1634
40354 2 777
40355 1 445
40369 1 479
40374 11 648
40386 1 927
40441 2 702
40451 1 1598
40494 4 1017
40495 2 2423
40496 2 3146
40497 3 754
40498 2 1626
40499 2 2513
40500 2 672
40501 5 764
40502 2 2207
40503 7 586
40504 2 758
40505 2 983
40506 2 1973
40507 2 1527
40508 2 461
40509 2 2348
40510 4 1126
40511 2 1191
40512 1 2080
40517 1 413
40538 2 14088
40541 2 4650
40580 1 1410
40586 5 8741
40621 3 856
40669 1 995
40673 1 425
40676 1 1343
40698 2 1004
40709 1 288
40718 1 282
40721 1 200
40727 2 556
40738 2 1070
40739 1 5778
40751 2 1847
40757 1 1772
40758 1 1107
40759 7 686
40760 10 488
40763 2 3495
40772 7 2487
40778 4 855
40781 2 1183
40782 1 731
40785 22 1677
40810 2 741
40811 1 552
40812 1 351
40817 1 2302
40819 4 10440
40820 1 4100
40891 3 1470
40893 1 1136
40898 3 2825
40899 7 5270
40900 3 3388
40918 1 1001
40919 4 431
40925 6 2385
40926 2 4236
40936 2 3129
40943 1 1060
40947 1 421
40959 1 5445
41000 4 308
41011 1 276
41035 2 972
41044 1 430
41075 1 2253
41078 1 1486
41080 4 1531
41082 1 498
41085 1 1046
41086 2 1327
41089 3 2270
41102 2 1491
41109 1 561
41111 2 2649
41112 1 922
41117 1 1658
41135 1 329
41140 1 1043
41141 2 1072
41161 1 2501
41171 1 260
41178 5 684
41179 1 771
41183 2 4967
41184 1 7879
41191 10 2001
41208 3 931
41209 9 1060
41217 11 487
41225 7 2414
41227 1 496
41230 1 229
41234 3 1570
41235 1 2506
41238 2 4035
41243 1 725
41263 1 2085
41266 1 1035
41273 9 1001
41277 34 645
41299 2 1272
41311 13 492
41316 5 654
41317 7 659
41323 2 800
41342 2 635
41347 1 407
41362 1 1073
41431 6 1782
41448 1 700
41452 6 683
41454 1 612
41463 1 124
41521 1 689
41539 24 1301
41540 2 2878
41541 7 1241
41667 1 120
41690 1 202
41691 1 547
41692 1 920
41693 1 234
41694 1 657
41695 1 484
41696 1 1507
41697 1 257
41700 2 1452
41726 2 2949
41728 1 852
41730 3 1912
41735 2 659
41736 2 693
41802 3 2461
41803 1 2074
41810 1 311
41812 1 375
41816 1 262
41819 1 470
41837 1 1734
41842 1 1367
41853 3 4530
41862 1 1027
41863 1 758
41865 1 1487
41869 1 396
41876 1 914
41899 1 432
41900 1 1156
41901 1 1154
41931 2 186
41938 1 1045
41954 2 606
42012 1 963
42016 1 866
42025 2 9933
42030 1 2922
42036 1 684
42038 1 409
42044 1 630
42047 2 818
42054 1 2132
42100 1 51
42106 2 1024
42107 5 1958
42108 2 1305
42109 2 680
42110 2 893
42111 2 648
42112 6 1065
42113 2 765
42114 2 5169
42115 2 810
42116 2 1185
42117 2 946
42118 2 2292
42119 2 4002
42120 5 626
42121 2 793
42122 2 1063
42123 2 998
42124 4 1068
42125 1 1266
42131 1 1494
42136 1 1178
42148 14 3966
42150 2 2706
42173 1 1570
42174 1 146
42220 1 1241
42265 1 1288
42283 6 2025
42284 1 1827
42290 1 3287
42292 2 1752
42308 1 904
42314 1 1280
42330 1 6012
42359 1 2478
42362 9 10503
42363 1 628
42364 3 309
42370 1 541
42377 15 617
42390 1 1124
42419 1 1182
42422 4 5724
42423 3 2011
42424 4 6309
42425 3 5948
42426 3 663
42428 2 655
42473 1 3755
42489 25 1484
42509 8 563
42516 1 823
42532 2 892
42537 2 504
42539 1 472
42542 1 862
42554 1 513
42555 4 2440
42558 1 1161
42563 2 471
42564 3 880
42565 2 1069
42567 1 3374
42569 1 3491
42583 1 653
42593 1 2229
42595 2 978
42597 2 1554
42600 3 2138
42601 1 2101
42629 3 3606
42640 1 12636
42648 4 4779
42651 3 1581
42654 5 923
42664 2 1406
42681 1 2570
42683 1 5788
42758 4 1386
42763 3 6680
42769 12 8334
42831 1 2086
42847 3 1125
42848 1 318
42864 1 1279
42866 1 825
42867 1 948
42869 1 992
42870 1 1054
42877 1 1269
42879 2 948
42880 1 826
42881 1 1052
42882 2 1324
42883 2 997
42884 1 1169
42911 1 1221
42925 1 169
42926 1 1178
42931 3 803
42951 7 1525
42955 8 1504
42960 1 7453
42968 6 2559
42969 19 2363
42979 1 638
42987 9 1054
43027 1 1898
43032 1 286
43050 1 787
43051 1 686
43064 1 1014
43073 1 382
43086 1 1175
43103 8 506
43109 1 2284
43118 8 649
43134 1 533
43154 1 570
43164 9 2004
43174 2 629
43226 3 837
43230 1 2504
43245 12 2907
43250 4 578
43257 7 1460
43269 1 839
43273 1 661
43339 13 595
43341 1 831
43342 5 959
43417 1 196
43430 1 883
43435 1 400
43437 1 1930
43443 1 896
43447 1 1494
43459 1 528
43460 1 786
43461 1 828
43462 1 732
43474 2 2661
43476 4 2726
43490 2 1268
43494 1 355
43500 2 1001
43551 1 1826
43575 1 1608
43576 1 5522
43582 3 2029
43587 1 408
43589 6 293
43593 1 571
43613 1 81
43621 1 465
43642 1 944
43662 1 190
43675 1 685
43708 3 167
43716 2 193
43722 1 942
43729 1 113
43736 9 2026
43743 3 1070
43772 1 1303
43782 1 418
43784 2 1234
43786 1 1882
43796 16 5679
43810 6 966
43816 2 523
43844 1 2408
43861 1 1888
43871 1 49
43888 2 759
43889 2 983
43890 4 2794
43891 2 826
43892 5 829
43893 2 958
43894 6 764
43895 4 1163
43896 2 1645
43897 5 772
43898 22 2947
43899 2 865
43900 4 1267
43934 2 785
43942 1 2137
43960 8 1986
43961 1 636
43966 1 999
43970 13 808
44067 2 468
44073 1 576
44080 1 3596
44081 1 4117
44091 1 5768
44100 1 401
44115 2 4306
44116 2 4462
44117 9 411
44121 42 680
44163 1 1618
44176 2 884
44206 3 1686
44211 1 1230
44212 1 1650
44217 4 3228
44218 3 6003
44219 3 1788
44236 1 419
44255 2 1773
44278 1 306
44310 4 512
44353 1 415
44362 2 3685
44374 4 490
44380 3 1907
44387 1 500
44400 1 189
44422 2 326
44424 1 1183
44425 2 392
44427 2 1106
44428 2 1638
44429 1 1727
44430 1 967
44456 1 1155
44458 2 718
44459 2 681
44460 2 709
44461 1 1688
44467 2 980
44470 1 1049
44471 1 686
44479 11 5563
44484 3 806
44487 1 1650
44489 1 785
44495 1 805
44529 5 874
44544 2 1123
44570 2 734
44578 3 375
44735 38 3497
44747 3 1189
44768 3 2523
44778 1 282
44784 1 267
44785 2 2432
44791 1 1689
44792 2 3157
44798 1 969
44805 2 1254
44808 1 879
44812 2 1515
44813 2 1238
44816 1 1244
44827 13 486
44856 5 1723
44871 1 771
44874 1 3594
44879 4 3172
44891 1 1753
44898 2 618
44910 1 715
44918 2 2627
44923 2 1258
44937 2 1292
44953 4 900
44962 1 1439
45070 1 399
45074 1 969
45093 1 856
45096 1 6217
45161 1 1863
45170 1 1514
45197 2 1011
45198 1 762
45200 1 778
45201 1 941
45202 2 1016
45203 1 731
45204 1 1105
45205 1 780
45206 2 1212
45208 2 1331
45211 1 426
45233 9 1236
45242 3 784
45258 14 799
45260 3 899
45261 1 7633
45273 9 2683
45293 2 757
45300 14 570
45302 1 1230
45315 1 491
45320 1 1520
45324 1 253
45330 7 196
45366 2 931
45380 4 4227
45383 3 1334
45385 1 1374
45414 1 91
45420 17 631
45441 1 489
45462 1 407
45466 13 564
45473 1 655
45480 5 547
45491 1 863
45526 5 2014
45582 1 282
45614 1 959
45617 1 441
45626 1 399
45627 1 711
45678 4 612
45688 1 578
45692 2 154
45703 1 1124
45704 3 1557
45705 4 500
45706 6 896
45707 1 3610
45801 1 457
45819 1 1265
45836 1 928
45839 1 1004
45840 1 237
45841 1 283
45842 1 485
45843 1 594
45858 4 2087
45859 1 21421
45875 1 1388
45879 1 549
45884 2 1710
45889 7 1020
45892 1 1068
45898 2 550
45927 1 620
45933 3 1028
45945 1 1539
45952 1 176
45953 5 278
45954 7 399
45955 2 263
45958 1 2336
45978 1 2264
45998 1 1047
46017 1 725
46022 1 547
46023 1 554
46046 2 3634
46062 12 159
46076 2 1687
46083 3 1036
46105 3 945
46128 3 1163
46152 4 907
46220 1 50
46234 2 759
46235 2 872
46236 3 637
46237 2 1678
46238 2 642
46239 2 914
46240 3 1000
46241 2 2498
46242 2 748
46243 2 817
46244 2 3024
46245 2 505
46246 2 778
46247 2 736
46248 2 493
46277 3 4798
46280 1 561
46282 1 4059
46289 4 4086
46304 1 2249
46306 12 4474
46319 2 2904
46331 1 4197
46337 1 989
46338 1 1674
46388 10 81863
46413 1 747
46424 2 741
46459 1 1450
46470 5 862
46484 1 573
46499 5 2017
46512 1 4395
46519 1 5448
46538 1 1327
46547 1 1295
46551 6 8597
46552 3 9921
46556 1 738
46561 1 479
46601 1 967
46605 11 941
46612 1 2153
46615 1 3442
46618 1 471
46622 20 1366
46631 1 535
46632 2 1335
46633 1 1565
46634 4 2594
46647 1 1861
46649 1 836
46650 1 509
46655 13 779
46658 1 1382
46667 1 779
46670 1 1475
46671 1 997
46683 2 3045
46689 2 1372
46702 3 1312
46703 1 941
46704 21 2665
46725 1 1492
46729 3 1249
46732 1 961
46735 1 1806
46739 1 1076
46740 1 1167
46744 3 1837
46749 1 6951
46750 4 978
46769 1 2579
46771 5 1801
46775 3 537
46779 1 1776
46780 1 1725
46781 1 3752
46782 1 1711
46783 1 2182
46784 1 2048
46794 3 1731
46795 3 783
46801 19 577
46810 3 1240
46811 2 2035
46812 1 3767
46813 2 1367
46814 1 2350
46819 1 895
46826 1 943
46830 1 501
46831 5 516
46832 1 765
46876 5 1869
46886 3 1307
46891 1 5171
46901 2 732
46905 1 1128
46911 1 1569
46913 3 1961
46920 1 1431
46927 1 975
46930 3 893
46935 1 1074
46936 1 346
46942 2 1392
46943 3 1398
46950 2 2171
46958 1 528
46961 4 1408
46976 2 480
46983 4 4196
46987 2 378
47037 1 1110
47067 1 706
47116 5 1420
47125 1 781
47128 2 1444
47136 1 436
47157 1 1234
47160 1 4319
47171 1 633
47199 1 3686
47258 7 2107
47259 2 849
47262 2 447
47287 2 1282
47290 6 376
47331 5 1403
47346 1 1159
47351 1 1367
47354 1 1367
47356 1 1695
47382 1 6307
47383 1 1296
47386 1 1400
47399 2 1079
47400 2 953
47438 1 1445
47439 3 690
47497 1 2515
47498 3 3543
47499 6 1307
47515 13 3985
47540 1 1013
47544 4 1704
47546 1 1613
47547 1 1528
47552 1 1137
47559 10 11224
47561 5 3141
47565 1 1185
47573 2 1389
47576 5 2029
47604 1 991
47648 6 683
47649 1 3343
47650 3 1540
47651 7 3064
47655 1 853
47666 5 881
47675 4 541
47683 2 1475
47685 2 428
47690 2 1185
47692 2 876
47693 2 1054
47694 2 989
47706 1 837
47707 1 1032
47708 2 978
47709 1 862
47711 1 928
47732 2 922
47747 3 757
47748 1 6961
47749 1 7411
47755 1 670
47756 23 3021
47768 10 454
47784 1 724
47788 4 181
47800 1 10768
47803 2 1029
47830 1 479
47835 2 984
47837 1 975
47879 20 599
47899 1 352
47905 1 685
47922 1 1893
47930 1 615
47976 1 13
47979 13 4184
47980 20 1153
47985 3 1731
47988 1 618
47989 4 750
48033 1 661
48042 2 1229
48045 3 11481
48046 1 1325
48069 14 3129
48075 1 410
48078 8 11919
48088 3 190
48093 1 744
48095 11 490
48136 1 802
48137 1 809
48138 3 781
48139 1 671
48147 1 1291
48149 5 949
48150 1 1299
48153 6 1188
48154 1 2396
48193 18 878
48197 1 8238
48202 1 2712
48203 2 428
48215 1 1568
48219 2 1178
48233 1 442
48235 2 585
48245 1 135
48265 1 895
48266 3 548
48267 3 4317
48268 3 5058
48269 3 11120
48276 6 1396
48285 4 1127
48301 1 772
48317 2 850
48374 1 231
48379 11 6270
48413 5 3524
48414 3 3926
48415 2 950
48416 1 1759
48418 9 1894
48427 1 440
48439 1 776
48440 1 1635
48459 1 337
48470 1 2310
48475 2 4416
48510 1 1499
48512 2 1124
48528 1 794
48529 6 473
48540 3 564
48575 1 449
48591 1 365
48629 1 748
48632 1 3473
48637 5 1584
48689 2 4283
48718 1 536
48722 1 1191
48732 1 455
48744 2 653
48759 2 938
48764 1 1470
48774 19 1091
48778 5 1664
48779 1 3569
48791 5 1334
48812 1 298
48813 5 1199
48814 1 3174
48858 1 3188
48864 3 1135
48875 1 773
48876 1 220
48879 1 546
48887 1 892
48898 2 2208
48914 7 1166
48915 6 841
48922 1 2935
48923 1 477
48926 1 1147
48951 1 6065
48967 2 1372
48993 5 1384
49003 13 2086
49020 2 2150
49022 1 2746
49023 8 1908
49029 2 3596
49034 1 2025
49037 8 3222
49043 2 1079
49051 3 3490
49061 2 1867
49062 2 1778
49063 6 1301
49065 1 468
49091 2 2149
49093 2 901
49094 1 636
49118 4 618
49134 1 203
49139 1 1280
49141 1 1639
49161 12 876
49173 1 10707
49174 1 9273
49175 2 9938
49176 1 11069
49190 6 1204
49229 1 532
49238 1 2254
49257 1 1855
49273 1 177
49276 2 5599
49291 1 170
49293 2 1190
49296 1 985
49297 1 1223
49301 1 835
49302 1 1034
49309 1 771
49312 1 791
49314 1 1146
49315 1 924
49316 1 1061
49341 6 2395
49343 1 1496
49347 2 1309
49366 1 5125
49371 4 753
49373 5 709
49374 1 223
49375 1 11530
49385 1 1108
49386 1 490
49388 1 721
49390 7 2010
49391 9 2970
49392 10 4953
49421 19 459
49447 2 742
49457 2 2074
49459 1 3328
49468 1 159
49471 1 1921
49472 3 836
49482 1 1172
49483 15 4047
49484 27 3481
49495 1 333
49498 4 1116
49499 3 416
49510 9 2250
49511 1 861
49512 1 862
49513 1 920
49517 1 1671
49519 1 1422
49520 1 873
49540 3 892
49549 1 1332
49556 20 460
49560 1 856
49581 15 420
49592 1 685
49635 1 868
49650 1 927
49672 5 1575
49673 5 810
49680 1 5727
49681 1 3266
49698 1 1736
49734 4 2337
49743 1 700
49748 1 1118
49752 3 1670
49760 4 468
49761 1 471
49762 1 486
49776 4 9407
49799 1 1576
49802 2 310
49803 1 785
49805 2 616
49806 1 1527
49807 1 338
49811 4 1751
49816 2 1047
49818 2 297
49821 1 771
49827 2 721
49833 4 2286
49835 1 731
49842 2 2475
49858 1 17
49860 3 2471
49867 2 1046
49868 2 730
49869 2 1403
49870 3 1382
49871 2 763
49872 2 577
49873 2 452
49874 2 919
49875 2 816
49876 2 1037
49877 2 780
49878 2 1027
49879 2 1402
49880 2 865
49881 2 827
49882 3 675
49887 4 438
49888 1 870
49904 1 1193
49919 4 2203
49920 4 1231
49921 4 1842
49925 1 1955
49934 1 3099
49935 2 757
49939 1 1882
49952 5 662
49962 2 412
49971 2 2684
49988 1 2850
49989 3 1751
49990 2 3509
49991 3 1914
49992 3 1485
49994 2 1551
50016 2 11583
50034 3 1651
50040 3 6696
50055 2 653
50060 7 2052
50135 1 525
50143 1 8454
50151 8 602
50173 1 1992
50178 7 576
50181 2 614
50188 2 1166
50200 1 1454
50201 1 1131
50202 1 1056
50203 2 980
50204 2 2083
50205 13 7146
50212 2 1522
50218 3 1089
50225 2 368
50232 4 287
50234 3 625
50242 2 305
50244 1 536
50247 1 1590
50251 1 895
50252 1 981
50276 1 230
50285 2 4950
50286 2 1612
50287 2 2869
50288 2 2416
50292 1 306
50317 3 2395
50338 1 946
50340 1 488
50344 1 2334
50345 1 2018
50353 1 2913
50361 1 843
50362 3 1063
50363 2 1043
50364 3 1047
50428 3 1275
50429 1 2393
50430 1 2601
50431 2 1740
50441 5 1469
50442 5 1292
50447 1 1637
50449 1 1878
50477 2 4990
50478 1 3624
50480 1 820
50490 1 530
50492 2 3702
50501 1 300
50512 1 903
50516 1 1225
50519 4 1368
50520 1 3232
50521 3 2941
50522 3 757
50541 1 2524
50542 1 2306
50544 1 791
50553 1 2439
50554 4 1923
50582 1 661
50583 1 484
50587 1 1902
50591 1 296
50596 1 1314
50598 3 5177
50599 4 5431
50608 18 1255
50610 1 1696
50618 1 410
50619 1 415
50712 1 407
50714 1 1566
50719 2 2143
50722 2 3030
50723 1 3146
50733 1 1460
50734 1 2167
50735 1 2198
50746 1 309
50774 1 724
50777 2 1369
50778 1 1083
50782 3 1453
50784 1 2392
50786 1 1972
50811 2 989
50812 4 1028
50834 2 3519
50835 1 656
50851 1 780
50869 1 1761
50881 1 4909
50891 1 243
50892 1 860
50895 1 2073
50910 3 1021
50916 16 4044
50918 1 2316
50919 2 1560
50920 4 1937
50921 2 3926
50922 2 2085
50923 2 2197
50924 2 1807
50925 4 2062
50927 2 527
50936 1 3155
50949 2 1000
50973 3 569
50974 3 589
50975 3 604
50976 3 634
51001 1 1402
51005 1 719
51027 1 2454
51031 10 1136
51035 8 971
51058 1 3191
51067 5 833
51068 1 1394
51071 1 444
51085 1 599
51087 2 2282
51094 1 729
51108 1 930
51109 1 864
51115 1 1600
51116 1 927
51118 1 901
51141 1 1862
51142 1 838
51160 1 2041
51193 1 1845
51194 2 2656
51195 2 2015
51208 1 859
51217 1 702
51224 1 1011
51225 3 436
51226 3 2481
51229 1 1464
51232 1 1471
51236 1 1936
51241 2 743
51285 1 1356
51345 1 2417
51355 1 860
51366 2 996
51367 2 1082
51369 9 518
51386 1 2055
51399 1 253
51404 6 2165
51415 1 659
51416 10 600
51422 1 375
51442 2 891
51466 2 1121
51517 1 640
51525 1 694
51529 1 555
51558 2 1195
51570 3 521
51585 2 3964
51594 4 2007
51607 1 320
51652 2 500
51659 1 1205
51660 1 1249
51674 1 1066
51677 1 538
51678 1 402
51679 1 867
51680 1 385
51699 4 1261
51706 1 989
51712 6 2167
51722 2 1266
51759 1 425
51791 8 1688
51796 1 1282
51800 1 1044
51808 1 414
51816 2 4853
51821 1 939
51827 1 2148
51856 1 495
51899 14 12169
51909 1 1309
51910 1 1460
51972 2 1385
51973 2 1062
51975 1 1186
51976 2 1263
51991 1 4229
51993 2 12689
51994 1 9298
52006 7 2497
52022 1 447
52063 1 56
52069 3 2292
52111 1 3330
52146 8 10691
52184 2 4601
52188 1 1096
52199 2 2113
52201 2 315
52202 1 424
52214 6 6634
52226 8 671
52227 2 801
52228 2 3809
52258 1 1184
52303 3 1966
52304 3 1864
52320 1 2961
52339 2 1963
52341 1 1653
52356 9 1329
52357 1 308
52378 3 544
52382 5 1562
52383 1 381
52386 7 3359
52387 1 709
52405 1 2273
52408 2 1385
52410 3 1022
52423 3 1405
52442 1 1703
52443 3 995
52449 2 3942
52457 1 4403
52459 2 704
52461 2 1052
52464 1 668
52472 2 1216
52473 2 1195
52484 2 5765
52485 1 1304
52486 1 2426
52487 1 1464
52489 2 868
52490 3 1314
52502 2 6875
52511 2 608
52513 1 1070
52545 2 2822
52548 2 1684
52562 14 1279
52601 2 580
52603 1 3071
52616 2 3287
52622 1 538
52627 1 1261
52628 1 1306
52629 1 1444
52631 1 4596
52634 26 865
52636 1 215
52641 2 829
52677 5 1447
52694 4 407
52701 1 1487
52723 1 1320
52725 4 910
52732 1 2006
52798 1 746
52812 1 403
52813 1 911
52815 1 809
52816 3 1004
52932 1 750
52941 1 3400
52946 1 1982
52949 1 206
52950 1 210
52951 1 189
52952 1 206
52953 1 238
52954 1 211
52955 1 231
52956 1 387
52957 1 282
52958 1 327
52959 1 251
52960 1 685
52961 1 476
52962 1 272
52963 1 794
52974 7 1854
52977 3 1736
52982 6 458
52990 2 638
52991 2 620
53027 6 1659
53038 1 2169
53040 1 1220
53047 1 1702
53049 1 913
53053 1 2577
53054 1 2664
53067 6 233
53076 1 1146
53086 1 354
53092 1 1626
53099 4 3241
53102 1 820
53104 1 959
53105 14 1782
53110 2 1619
53111 1 3883
53119 1 1085
53121 35 2359
53123 1 1339
53124 1 2131
53137 1 1658
53138 1 1947
53139 1 3527
53145 2 318
53156 1 903
53237 1 763
53241 3 4057
53242 2 4792
53243 9 3386
53244 9 2636
53268 2 5517
53308 1 2307
53329 5 3895
53330 2 1075
53331 2 1135
53332 2 2573
53333 3 1349
53334 2 1319
53335 2 2146
53336 2 1130
53337 5 3782
53338 2 1463
53339 2 837
53340 2 551
53341 5 2371
53342 4 3109
53343 4 2474
53344 2 1224
53345 2 972
53349 2 708
53351 2 584
53368 3 1152
53371 1 2205
53424 9 5193
53430 1 48057
53450 1 842
53471 1 310
53483 1 224
53491 1 5993
53504 2 1081
53508 1 1704
53524 1 1461
53534 4 1069
53538 1 2024
53543 5 2493
53548 3 682
53596 4 1721
53600 5 1756
53601 3 2754
53602 3 1819
53603 3 2774
53604 3 510
53706 12 2705
53707 2 5088
53708 1 2017
53709 5 7571
53715 1 726
53719 1 1519
53733 1 1832
53739 1 255
53742 12 1066
53753 2 667
53761 1 1331
53763 3 423
53764 2 660
53765 2 321
53780 2 3112
53792 2 621
53794 2 2430
53837 1 3485
53849 1 1071
53853 1 2874
53888 1 5712
53904 1 1250
53908 2 1337
53909 11 2366
53910 1 1481
53917 1 715
53918 3 1250
54092 1 685
54095 18 1451
54110 9 271
54121 1 1116
54141 3 727
54142 1 2860
54158 16 955
54217 2 315
54224 1 579
54282 1 865
54290 1 785
54296 3 821
54297 1 387
54300 10 425
54325 1 1225
54326 2 3836
54399 1 5059
54407 1 905
54429 2 151
54441 2 4709
54456 3 1473
54461 2 377
54462 4 331
54465 3 423
54466 2 351
54484 50 1680
54485 2 4555
54489 1 878
54496 2 1147
54509 3 3235
54545 1 961
54551 3 2055
54552 3 2960
54553 3 2793
54554 3 2063
54555 3 1171
54556 3 1505
54557 3 1040
54566 2 8702
54577 5 727
54584 1 478
54607 1 482
54608 1 531
54615 1 2552
54629 1 894
54634 2 126
54636 1 1438
54641 5 477
54642 1 92
54644 2 427
54659 1 5192
54676 3 807
54680 1 636
54684 1 1450
54888 1 1182
54893 3 3377
54912 1 1275
54934 1 438
54970 1 697
54974 3 1777
54995 2 1180
54996 7 1141
55056 1 1176
55059 2 2098
55062 1 1110
55063 22 17333
55064 2 1985
55078 3 1284
55099 1 1159
55118 4 4304
55123 2 1027
55128 1 1409
55131 7 1109
55147 1 2912
55151 1 1332
55162 28 1219
55315 2 926
55316 1 951
55318 1 977
55327 1 6079
55438 1 323
55443 2 1365
55453 1 933
55455 1 823
55463 2 800
55464 1 1149
55465 1 753
55466 1 831
55467 1 1056
55468 1 941
55469 2 1027
55470 1 1042
55471 1 763
55472 1 1061
55473 1 1030
55475 11 1180
55496 18 5278
55497 21 4177
55498 21 5155
55512 2 695
55533 2 939
55535 1 726
55536 1 49965
55537 1 7693
55538 1 7491
55544 5 2066
55545 8 3187
55561 3 1229
55581 22 545
55582 14 570
55587 3 651
55609 1 1155
55611 33 1071
55628 19 2339
55643 4 1214
55654 4 818
55660 1 679
55676 1 2434
55678 1 916
55680 6 952
55712 3 659
55717 1 648
55724 3 378
55735 6 604
55741 1 849
55904 6 1384
55906 1 1419
55908 1 151
55916 3 1109
55917 2 1178
55919 1 3288
55937 1 791
55987 1 168
56032 3 668
56040 8 962
56041 1 683
56042 3 1034
56178 1 700
56180 6 1457
56186 1 1104
56187 2 1455
56188 1 1498
56189 1 1843
56191 3 2260
56202 1 276
56203 1 765
56212 1 4266
56221 2 1051
56231 3 1953
56247 1 967
56248 2 766
56264 1 2223
56265 1 1324
56279 1 917
56422 1 1132
56423 1 1323
56424 1 1256
56427 1 1290
56451 1 290
56471 6 13098
56472 1 525
56482 3 936
56493 2 1223
56500 1 2556
56514 2 1583
56517 1 1089
56519 1 7799
56524 1 4137
56530 1 553
56553 1 7598
56568 1 1095
56573 2 819
56574 2 902
56581 2 2134
56582 2 1624
56591 3 1805
56601 1 474
56618 2 1564
56625 3 1155
56652 1 5800
56698 4 1186
56782 1 788
56793 4 1177
56801 1 5727
56806 4 2202
56810 2 704
56819 1 278
56824 1 1310
56825 1 1188
56854 1 965
56857 3 2166
56858 3 2421
56874 2 1184
56883 2 713
56895 1 3189
56950 1 610
56958 1 134
56984 1 794
57001 2 7758
57008 2 404
57009 1 1467
57035 1 431
57178 5 2026
57215 2 843
57226 1 11510
57238 1 2018
57251 1 520
57254 3 1206
57255 4 2815
57279 1 378
57285 1 571
57287 2 1705
57295 3 581
57313 1 774
57315 1 966
57332 1 1029
57334 1 475
57363 7 1222
57371 1 1247
57410 1 2492
57418 1 806
57419 2 757
57436 2 3484
57443 1 1121
57448 1 1818
57449 2 3288
57450 2 3346
57451 2 3058
57459 1 1142
57465 1 1803
57477 1 566
57519 1 774
57521 1 286
57523 1 1045
57530 1 2185
57533 12 731
57535 1 1177
57538 8 632
57640 1 894
57722 1 1053
57734 1 515
57756 1 588
57767 1 1708
57773 1 217
57782 1 1036
57788 1 1324
57794 3 859
57796 2 423
57797 2 730
57798 2 409
57799 1 1179
57801 1 2633
57811 1 280
57823 3 833
57829 3 2379
57838 1 1853
57843 1 1480
57844 2 1815
57845 1 1225
57847 1 1952
57878 1 3882
57889 1 805
57891 1 323
57897 1 3276
57901 1 1975
57908 1 893
57912 1 1885
57915 1 2190
57927 2 448
57942 1 513
57945 1 2600
57948 1 5712
57949 1 5712
57950 1 10362
57951 1 10312
57962 1 2722
57963 1 1707
57964 2 1922
57965 3 3015
57968 1 880
57969 3 378
57972 3 1058
57974 2 1235
57997 2 4870
58179 10 871
58181 5 435
58199 3 4784
58200 1 101
58217 4 1075
58219 1 690
58220 1 2264
58231 4 4145
58238 8 1044
58245 1 1193
58247 5 19391
58286 1 392
58289 1 366
58308 1 1579
58316 4 769
58320 10 2273
58342 1 407
58367 2 148
58377 2 549
58378 1 2575
58383 1 1351
58387 2 573
58391 2 973
58405 4 334
58406 1 412
58420 3 8658
58426 1 1265
58434 3 1166
58435 4 1168
58445 1 1394
58479 1 963
58494 11 499
58502 1 1134
58523 11 1479
58535 1 1948
58547 1 317
58742 1 891
58744 1 866
58758 1 733
58759 4 281
58762 3 4573
58772 2 4810
58773 1 1702
58778 1 2282
58779 1 437
58782 1 2475
58785 2 1085
58786 2 1487
58790 6 736
58824 2 846
58825 2 1206
58829 16 721
58830 1 2010
58851 1 381
58853 4 2423
58866 1 1688
58869 3 5200
58872 1 915
58895 2 1062
58909 2 1264
58913 1 960
58915 4 604
58925 4 1726
58927 3 599
58934 1 2758
59152 1 2763
59171 1 1633
59182 1 1241
59186 1 819
59187 1 979
59211 1 3035
59217 1 317
59220 8 428
59227 1 4022
59238 14 1214
59239 12 1020
59253 2 1027
59255 1 766
59259 3 220
59275 1 667
59293 5 1254
59294 5 661
59305 1 1145
59307 2 1547
59308 1 1531
59311 12 857
59329 18 910
59358 2 836
59375 3 1450
59402 2 4509
59403 2 989
59404 2 1587
59405 3 830
59406 1 1386
59407 1 569
59408 1 1795
59409 1 1186
59410 1 623
59414 1 1099
59415 1 902
59416 1 2234
59419 3 794
59425 4 969
59427 2 1336
59428 2 398
59431 1 1353
59434 1 2472
59441 1 1940
59447 5 836
59448 3 1068
59455 2 2220
59458 1 1053
59459 1 1393
59464 1 1707
59467 3 4546
59474 1 3565
59496 1 1417
59497 1 1102
59514 1 1322
59515 1 2280
59516 1 1925
59517 1 1125
59521 1 1931
59522 1 1856
59523 1 1877
59524 1 1325
59525 1 1109
59526 1 1089
59561 1 4211
59566 3 766
59574 10 1852
59575 7 864
59576 7 679
59580 2 1999
59599 1 1077
59604 1 1752
59607 1 470
59612 2 826
59613 4 1032
59617 1 1334
59624 2 1064
59629 1 2062
59635 2 4384
59638 1 3389
59639 1 3423
59641 1 4053
59667 2 1525
59678 2 1480
59679 2 2650
59680 2 2653
59681 36 3350
59684 7 1088
59699 1 1994
59700 1 581
59709 2 3880
59722 2 847
59732 1 921
59769 3 392
59774 1 1649
59806 2 152
59812 1 1458
59813 1 1702
59814 1 980
59819 1 601
59822 1 1199
59825 1 1106
59826 1 1508
59827 1 1670
59831 6 1069
59836 1 1097
59837 1 1240
59843 5 6525
59850 1 491
59852 1 1110
59860 3 999
59861 1 477
59862 3 1402
59873 2 599
59874 2 4939
59875 2 1762
59877 1 686
59887 1 959
59894 1 735
59898 12 4986
59909 1 3894
59910 1 456
59922 2 3476
59923 2 1326
59930 1 140
59981 1 1693
59990 1 1733
60013 1 206
60015 1 581
60016 2 1377
60030 6 10533
60032 2 1691
60037 6 4344
60039 1 4322
60040 1 5727
60050 1 1274
60051 1 1118
60067 1 220
60068 1 2246
60069 1 3188
60070 4 2663
60072 1 1182
60073 1 1178
60074 3 1151
60082 1 1247
60104 2 734
60152 2 7811
60155 2 11169
60172 1 1266
60176 1 1953
60204 1 310
60216 1 1578
60241 1 709
60288 1 1474
60307 3 1114
60310 1 1266
60311 1 2325
60312 2 2041
60313 1 2019
60314 3 2506
60315 2 3263
60316 2 3178
60317 2 1935
60318 2 3852
60319 2 4138
60341 1 1265
60342 1 1408
60349 1 1057
60351 1 2113
60358 1 819
60388 1 978
60418 8 1082
60421 1 2492
60426 3 1355
60435 1 354
60451 1 2513
60454 1 788
60475 2 1223
60486 2 1521
60488 1 203
60502 1 155
60509 3 4010
60517 1 389
60521 2 969
60523 1 1348
60528 24 1837
60533 14 1519
60534 3 988
60562 1 2105
60597 1 571
60631 1 168
60660 5 1414
60661 2 4572
60662 15 6202
60670 1 1641
60674 1 1471
60675 1 1688
60678 9 3884
60708 5 1572
60714 1 921
60747 5 1472
60748 3 6845
60750 1 12275
60757 1 988
60777 2 3095
60778 2 3600
60779 9 1617
60816 1 1049
60827 1 2424
60829 4 3490
60855 2 1401
60860 6 520
60893 1 172
60908 1 558
60946 3 758
60950 1 452
60955 4 1899
60956 13 2287
60970 3 652
60976 14 1281
60977 11 1191
60978 3 970
60996 2 1503
60997 1 3263
60998 4 2178
61002 2 1476
61007 1 1253
61017 1 2099
61020 2 13801
61021 2 5166
61027 1 72
61045 7 2390
61053 2 1691
61068 5 1767
61073 8 8875
61092 2 1272
61098 2 1594
61105 1 527
61117 1 2465
61121 1 1876
61154 1 173
61169 3 3257
61170 1 677
61173 1 779
61175 1 561
61176 1 884
61177 4 2363
61178 2 2893
61179 1 2633
61182 1 699
61188 4 29700
61199 4 1761
61200 1 46
61214 1 535
61234 3 1412
61289 1 964
61326 1 2485
61352 1 18809
61357 1 3441
61373 7 2281
61401 1 344
61403 1 1969
61414 1 893
61416 3 1659
61418 6 2160
61467 5 1809
61468 5 2302
61469 5 1972
61470 4 2495
61471 4 2207
61472 2 2455
61479 1 58
61502 1 1871
61511 9 2320
61558 2 237
61560 2 1336
61562 1 526
61564 1 114
61617 3 2377
61619 3 1308
61620 1 1896
61622 1 1514
61623 1 1505
61624 3 1565
61625 3 1309
61626 3 1747
61630 1 1422
61635 3 2149
61659 1 6067
61660 9 1219
61661 41 1674
61675 1 662
61680 1 2168
61682 1 1474
61686 1 546
61713 3 4885
61731 1 1752
61747 1 363
61777 2 1421
61798 1 2257
61804 2 677
61805 2 1227
61806 3 592
61807 2 926
61808 2 799
61809 2 416
61810 2 890
61811 2 724
61812 2 476
61813 2 560
61814 2 927
61815 2 1799
61822 44 5496
61838 3 1648
61839 3 1782
61844 4 2020
61845 3 3591
61847 1 1464
61861 1 2244
61862 1 5528
61863 4 887
61864 4 1251
61876 1 2252
61877 1 2841
61878 1 2819
61879 1 2166
61880 1 2723
61881 1 2444
61891 1 987
61894 1 3336
61895 1 1396
61897 3 2680
61928 1 964
61944 14 875
61945 1 264
61949 2 1699
61967 1 548
61982 1 995
61984 1 487
61987 4 664
62002 8 528
62003 2 2012
62004 1 2886
62005 2 2659
62009 1 1118
62022 3 1888
62023 3 854
62032 1 1096
62033 1 1470
62064 1 591
62085 2 734
62086 2 1048
62096 3 958
62109 3 4903
62110 1 4274
62111 1 6309
62114 1 939
62121 6 1683
62140 1 945
62144 1 2188
62145 1 1137
62182 1 943
62199 4 2963
62214 1 290
62219 1 422
62220 1 888
62223 1 576
62229 9 7173
62250 1 936
62259 6 1550
62293 1 2903
62344 1 1459
62386 1 448
62389 1 1286
62397 1 7643
62417 1 11638
62433 2 363
62472 1 837
62522 8 1976
62544 1 572
62547 1 433
62563 2 1007
62565 1 364
62573 1 1569
62593 2 2061
62596 1 2402
62599 5 1411
62616 2 1362
62619 3 1074
62632 1 451
62642 1 7441
62654 2 2607
62655 1 2002
62659 1 670
62665 1 763
62666 2 890
62668 2 1319
62689 7 1217
62692 1 1474
62694 1 2218
62697 1 1926
62704 8 527
62717 1 860
62725 5 3245
62756 1 570
62766 3 8596
62768 2 9553
62774 1 1461
62775 1 2968
62777 1 1035
62781 1 1596
62787 2 525
62789 2 3394
62818 1 540
62819 1 945
62820 1 1547
62830 2 581
62844 6 1986
62865 1 860
62867 2 1739
62868 2 1757
62890 1 1078
62895 1 755
62988 5 1646
62994 2 924
63034 1 473
63036 2 1062
63059 1 1717
63061 1 5120
63065 1 1209
63066 1 1695
63068 2 2332
63073 1 6062
63102 1 1074
63103 1 1213
63104 1 732
63113 1 1057
63114 2 1012
63115 2 1113
63116 1 960
63118 1 876
63119 1 773
63120 2 1241
63121 1 718
63122 2 1002
63123 1 1157
63124 1 778
63125 1 850
63126 1 1393
63127 1 936
63128 2 1024
63156 3 1380
63162 1 1516
63169 1 1823
63178 1 569
63182 2 1489
63183 2 1780
63184 2 2633
63194 2 559
63197 1 7220
63203 1 3831
63205 2 339
63211 9 1886
63212 9 2663
63228 5 576
63243 4 750
63244 3 1224
63246 1 188
63250 1 923
63263 6 3119
63268 5 944
63270 14 3034
63295 1 120
63297 1 715
63298 1 474
63305 1 775
63306 1 1008
63312 1 891
63314 5 596
63340 4 1572
63350 1 2253
63356 1 1174
63379 16 604
63380 3 689
63382 14 408
63390 1 746
63403 2 938
63407 3 600
63416 1 883
63417 2 748
63423 7 1399
63434 2 1222
63449 1 43
63450 5 1448
63462 1 3556
63497 2 1725
63512 1 754
63566 1 2589
63567 3 2685
63568 1 1949
63569 1 1387
63577 1 110
63585 2 1637
63586 1 1019
63587 1 988
63590 1 1793
63606 12 401
63610 1 1864
63611 5 507
63612 28 662
63648 13 7209
63649 1 996
63656 1 6872
63667 1 725
63700 1 1270
63709 2 2193
63734 19 765
63737 3 2198
63742 1 740
63800 3 696
63801 7 509
63809 1 751
63832 1 1265
63834 3 3002
63835 5 4072
63836 3 3200
63837 4 6313
63838 3 3268
63839 1 635
63851 1 1757
63884 6 3456
63900 1 979
63901 1 858
63902 1 911
63929 1 1348
63932 1 1211
63935 1 827
63936 2 584
63938 2 2930
63945 1 639
63952 1 811
63954 2 741
63955 1 1233
63956 2 958
63957 2 1067
63977 1 544
63983 2 558
63984 1 1161
63985 1 978
63986 1 1741
64010 2 2508
64016 1 1043
64020 3 1412
64030 2 809
64035 1 1186
64052 1 2458
64053 1 2458
64063 1 1177
64064 1 1174
64065 1 1174
64075 1 1250
64076 1 1250
64081 2 1183
64282 1 988
64296 1 1405
64298 1 282
64305 1 1132
64320 3 1816
64324 1 454
64350 2 20899
64373 4 546
64374 2 831
64381 3 1648
64400 1 837
64419 2 3930
64436 2 338
64462 1 843
64491 1 1559
64496 1 760
64512 5 380
64513 5 418
64523 3 544
64540 1 1507
64564 1 1147
64570 2 1583
64607 1 386
64610 1 1012
64625 1 1074
64634 5 381
64647 1 7320
64654 1 980
64674 22 936
64676 2 951
64677 1 558
64679 1 392
64834 2 543
64848 1 1187
64894 8 501
64902 1 499
64908 1 495
64910 1 506
64942 1 731
64946 1 2282
64948 1 929
64951 1 1419
64952 1 1538
64953 2 1176
64957 6 1055
64989 1 973
64990 2 783
65007 4 3159
65030 2 437
65031 3 3879
65040 1 1671
65057 4 1925
65067 2 1069
65072 2 1170
65074 3 903
65078 4 1249
65094 1 2609
65103 2 1022
65258 2 644
65367 1 316
65377 7 589
65403 1 1211
65462 1 647
65466 1 723
65467 1 551
65470 1 570
65509 2 146
65515 1 1671
65516 1 1590
65520 5 1259
65529 3 670
65533 1 613
65534 1 593
65556 2 2099
65560 1 828
65569 2 617
65617 1 1340
65618 1 1810
65662 1 1443
65675 5 589
65676 2 437
65677 1 940
65684 2 17249
65697 4 649
65711 3 1186
65712 12 1221
65749 5 2193
65779 1 651
65785 1 1670
65798 4 1604
65817 1 1516
65833 2 900
65834 1 1056
65836 1 1184
65838 1 1936
65851 1 483
65870 2 732
65878 3 403
65887 1 723
65889 25 1013
65902 1 357
65945 1 2536
65946 1 1248
65947 1 662
65958 6 1390
65969 5 1157
65972 1 1924
65976 3 2618
65998 4 908
65999 6 7992
66003 1 1673
66008 2 1142
66021 1 413
66047 10 1117
66086 5 2643
66092 1 4332
66108 2 1286
66118 9 6182
66135 1 799
66137 2 761
66142 1 1075
66143 1 727
66144 1 868
66145 1 884
66146 1 996
66147 1 842
66148 1 850
66149 1 935
66156 2 2338
66169 1 617
66176 1 787
66185 1 402
66186 4 636
66189 1 7316
66192 1 870
66195 1 287
66210 2 308
66212 7 231
66215 19 705
66221 1 1754
66223 1 804
66237 37 1376
66242 44 1963
66247 1 841
66254 3 850
66258 1 817
66267 1 764
66268 1 1257
66269 1 1221
66270 2 486
66274 1 748
66275 1 985
66279 2 657
66285 11 496
66287 1 651
66297 8 720
66304 32 2080
66307 1 520
66308 2 895
66319 7 636
66331 1 231
66341 1 1025
66360 5 1483
66362 3 231
66365 4 1856
66379 2 2917
66380 3 9761
66391 21 1172
66392 1 573
66413 1 614
66415 2 6038
66421 1 437
66425 1 943
66429 2 347
66433 14 622
66444 1 3410
66460 1 1178
66467 16 897
66480 1 981
66490 1 754
66491 1 817
66492 1 783
66493 1 705
66494 1 1016
66495 1 933
66515 7 6274
66529 2 1423
66536 1 727
66552 1 932
66559 19 5776
66589 2 3260
66601 1 1937
66606 1 979
66621 1 134
66622 1 1633
66623 1 1360
66624 1 816
66629 6 244
66638 1 1055
66652 1 496
66661 1 988
66669 1 1314
66678 1 1148
66681 1 894
66682 1 897
66696 2 286
66700 1 188
66711 32 1344
66726 1 558
66739 3 1244
66771 6 3499
66773 1 1006
66812 1 371
66816 1 790
66820 1 524
66823 4 9403
66829 3 443
66837 3 1559
66838 1 1366
66841 2 658
66850 1 729
66854 1 1344
66864 1 43
66867 6 2736
66881 1 1029
66884 2 3426
66893 9 541
66913 1 909
66933 1 626
66943 1 989
66949 9 1133
66950 3 10294
66963 8 1157
66966 1 1624
66992 5 1910
67007 1 413
67010 7 1017
67011 2 714
67021 11 6450
67027 1 2379
67029 3 2546
67031 2 5324
67032 2 5505
67050 2 1452
67063 1 817
67065 10 920
67074 11 9837
67076 3 528
67090 1 581
67091 1 734
67092 1 585
67093 1 720
67095 19 2223
67096 11 890
67119 4 889
67127 2 711
67128 15 630
67129 2 393
67141 1 431
67194 2 1602
67195 19 6824
67196 1 2129
67222 1 261
67265 2 2055
67267 1 427
67268 12 915
67269 2 1199
67270 1 940
67273 1 1989
67275 1 1069
67280 1 506
67289 2 1131
67294 3 1338
67305 4 1420
67335 2 4046
67336 1 1641
67345 1 1856
67355 1 6043
67356 2 2111
67357 1 2331
67359 1 3255
67362 1 752
67363 1 666
67364 1 1105
67365 1 1630
67366 1 698
67367 1 627
67370 2 788
67389 1 1731
67390 2 1665
67391 2 4824
67392 2 2594
67393 1 6324
67394 2 2122
67395 1 2737
67398 1 728
67404 2 467
67406 2 1549
67408 3 5567
67409 8 5448
67410 2 7180
67415 7 10077
67420 1 2247
67421 1 1526
67422 2 400
67433 2 666
67445 3 1377
67446 4 1396
67447 2 589
67448 2 1443
67449 2 1320
67452 1 3036
67477 1 222
67524 1 381
67541 3 1378
67556 1 753
67565 2 1675
67577 10 1016
67592 2 640
67597 1 293
67621 3 514
67626 1 1388
67647 1 1230
67648 1 954
67649 1 867
67650 2 1030
67651 1 1272
67652 1 2159
67653 1 769
67654 7 470
67659 1 310
67696 1 1147
67697 1 756
67698 2 1044
67699 1 1580
67700 1 187
67718 2 406
67722 2 1758
67732 1 601
67744 1 828
67751 3 259
67752 1 918
67763 1 670
67766 1 1019
67772 1 1925
67777 3 2113
67808 4 1776
67810 1 1023
67825 1 1677
67858 2 1482
67860 1 586
67861 2 911
67862 1 922
67864 2 1002
67871 5 1809
67900 1 1945
67921 2 1368
67928 4 1081
67929 1 421
67930 2 1193
67934 1 1831
67962 2 841
67981 1 521
68002 1 3149
68006 3 982
68016 1 481
68026 1 1767
68044 1 855
68046 2 3345
68047 1 1652
68049 7 2229
68055 1 722
68061 2 3322
68082 3 1865
68086 1 311
68090 2 5122
68091 2 10665
68092 2 8126
68094 2 739
68098 1 893
68100 1 650
68102 1 989
68108 2 1275
68112 2 733
68113 3 4826
68114 7 2294
68118 3 3343
68147 2 440
68154 3 704
68159 3 6709
68160 1 6120
68161 1 1742
68187 1 592
68204 1 250
68226 4 1021
68235 1 729
68251 2 656
68256 3 273
68262 2 891
68268 4 2304
68274 2 942
68281 1 875
68310 1 267
68311 8 1492
68330 3 8380
68344 1 6836
68355 2 1716
68357 2 205
68359 3 788
68375 5 1502
68394 1 2458
68395 1 2458
68399 1 1174
68400 1 1167
68409 1 1250
68420 5 2517
68421 1 2923
68436 1 2388
68631 21 881
68643 1 572
68646 1 1168
68658 1 1438
68659 1 784
68664 7 3316
68665 2 772
68689 2 660
68692 3 784
68702 1 1708
68703 1 1281
68704 1 4902
68708 9 6905
68713 1 3702
68719 1 743
68736 1 429
68740 1 887
68748 2 404
68787 15 1506
68789 8 1320
68794 4 847
68795 1 1251
68813 1 544
68815 3 1058
68819 2 338
68833 1 626
68876 4 1494
68897 5 897
68905 1 1846
68916 3 2291
68918 1 825
68921 1 697
68948 1 1019
68955 1 1190
68964 1 11197
68985 4 889
68994 1 293
69023 1 880
69025 1 1341
69044 1 1004
69047 1 550
69085 1 314
69086 2 2497
69097 3 940
69098 8 734
69267 6 2149
69285 5 1380
69317 3 752
69341 1 637
69379 1 2152
69387 1 1411
69423 1 1278
69427 1 894
69478 4 428
69483 2 3191
69521 4 6102
69528 1 1563
69544 1 545
69545 1 711
69547 7 5735
69710 3 5755
69717 1 4915
69854 1 1006
69862 1 937
69869 2 1333
69870 3 5850
69910 7 648
69912 10 863
69913 1 7379
69914 1 7296
69918 1 1583
69920 15 2823
69921 1 927
69925 1 986
69931 4 1036
69941 4 1020
69950 9 620
69951 1 370
69959 10 1432
69963 1 367
69965 1 225
69970 4 1405
69972 11 879
69983 1 1014
69989 1 412
69998 1 964
70010 2 668
70073 1 353
70091 15 678
70103 1 675
70115 10 365
70116 1 776
70119 3 819
70123 2 1483
70163 5 1476
70165 1 1399
70207 1 10208
70218 1 1422
70222 1 950
70249 1 743
70251 1 204
70252 1 662
70253 1 626
70254 1 223
70255 1 214
70256 1 389
70257 1 714
70258 1 306
70261 3 499
70273 1 3305
70276 2 1117
70277 4 1393
70279 1 12383
70282 1 3028
70290 1 2102
70301 2 633
70313 11 2371
70315 1 540
70328 3 1626
70333 1 1397
70339 2 1475
70362 1 787
70365 7 1481
70373 1 1473
70377 3 5997
70379 1 1981
70387 2 279
70388 1 313
70395 3 1507
70400 1 492
70422 1 529
70424 2 752
70431 11 2476
70432 2 1122
70433 1 849
70435 1 3103
70442 1 4263
70444 1 861
70450 1 365
70456 1 954
70460 1 552
70461 1 540
70462 1 541
70463 1 543
70464 1 548
70465 1 543
70466 1 543
70467 1 544
70468 1 549
70469 1 558
70470 1 551
70490 1 449
70492 1 315
70506 6 182
70510 3 181
70534 1 5509
70537 2 1013
70543 3 923
70565 1 971
70576 5 2157
70581 1 1068
70586 1 2455
70591 2 4584
70593 2 958
70595 1 2506
70638 3 1325
70703 1 722
70717 1 47
70731 2 925
70732 2 666
70733 5 1052
70734 2 771
70735 2 952
70736 2 626
70737 4 2845
70738 4 3457
70739 5 2069
70740 2 545
70741 2 789
70742 2 761
70743 2 935
70744 2 720
70745 2 1602
70746 2 851
70749 1 6334
70890 1 2440
70915 2 641
70929 1 6834
70937 1 1008
70968 6 281
70979 3 1611
70993 1 5847
71011 2 495
71019 1 763
71024 8 1463
71025 1 1448
71040 1 162
71043 1 4249
71077 3 2876
71078 4 9605
71079 3 1485
71080 5 1970
71104 1 780
71105 1 2599
71134 1 857
71147 1 577
71180 1 1271
71183 42 2921
71184 29 3046
71185 25 2946
71186 11 2649
71187 10 2267
71211 4 1670
71215 1 913
71227 1 929
71241 1 763
71249 2 1532
71251 1 1374
71252 1 1357
71264 4 708
71268 1 1811
71272 5 1697
71273 2 1606
71274 2 908
71278 1 546
71279 1 792
71280 1 294
71283 2 234
71306 1 1543
71309 1 941
71310 2 845
71315 1 6723
71319 1 1521
71323 3 3523
71324 1 1535
71327 1 1804
71330 1 1097
71334 1 2239
71336 4 1531
71354 2 687
71372 1 1478
71387 1 1937
71388 2 1967
71389 2 1967
71390 2 1967
71391 2 1967
71406 1 2956
71505 13 1058
71507 12 1967
71526 1 815
71530 12 334
71545 2 6773
71549 7 2186
71558 1 868
71567 3 4513
71568 2 572
71573 1 847
71584 1 642
71603 3 692
71611 1 169
71632 1 727
71683 1 1891
71701 7 1266
71713 1 205
71733 2 768
71789 11 4220
71800 2 811
71806 1 1826
71809 1 1200
71810 2 955
71812 10 1041
71828 2 1069
71837 1 622
71843 1 615
71854 1 4173
71855 3 863
71863 1 1159
71877 1 7422
71878 3 1338
71886 3 801
71887 2 486
71891 1 693
71899 1 523
71901 3 750
71902 5 565
71905 14 1340
71906 13 1299
71908 2 1014
71919 1 2543
71944 2 7115
71945 1 495
71947 2 490
71949 1 489
71974 20 1496
72001 2 1171
72004 4 8626
72005 3 1089
72011 3 1094
72028 1 1317
72029 2 1234
72033 2 222
72034 1 2210
72037 9 1055
72041 1 1544
72042 17 2081
72045 1 2213
72047 3 1766
72048 4 5014
72064 1 913
72065 1 9229
72066 1 7004
72067 1 9227
72068 1 8137
72069 1 940
72073 1 413
72074 1 560
72075 1 272
72076 1 614
72096 4 1559
72097 1 1365
72112 2 700
72115 1 806
72118 2 1417
72120 2 1437
72121 3 1320
72145 1 941
72163 1 1492
72186 1 391
72223 1 481
72224 1 743
72282 1 2243
72283 1 1448
72284 1 6759
72293 2 1975
72314 3 1495
72347 3 1722
72348 1 1677
72356 2 2591
72364 9 1286
72379 1 1100
72380 10 3360
72396 1 2100
72402 4 1487
72403 1 734
72406 1 548
72407 1 589
72412 2 14176
72420 1 2515
72422 1 4394
72440 21 1314
72441 4 3167
72442 4 1934
72445 1 868
72446 4 1237
72506 1 672
72508 1 731
72513 12 4800
72525 1 2404
72551 3 1520
72578 7 1935
72585 2 1118
72589 1 691
72614 3 622
72617 5 5161
72618 3 5500
72619 4 5216
72620 1 1465
72623 1 746
72650 9 6445
72653 1 508
72657 1 674
72672 7 831
72676 2 510
72679 6 1267
72691 1 1208
72692 1 277
72693 1 715
72700 1 459
72704 1 1029
72706 6 549
72711 3 702
72713 7 2218
72714 4 1957
72715 1 2456
72746 2 1433
72764 3 342
72774 1 1680
72776 2 1094
72789 4 964
72790 1 693
72794 1 1190
72795 1 705
72807 1 679
72810 2 1218
72811 2 1255
72812 2 1731
72818 8 952
72821 1 855
72822 3 1397
72839 1 2764
72840 2 1216
72842 1 649
72843 3 2753
72844 3 1589
72845 5 2164
72850 2 1161
72860 2 1570
72868 2 1891
72873 2 3122
72874 1 688
72879 1 7089
72884 1 2069
72885 1 1376
72894 1 522
72895 1 1688
72897 2 3666
72908 4 810
72910 1 1222
72911 1 1004
72912 1 1794
72913 2 1589
72914 2 1062
72921 1 2994
72926 2 742
72929 3 3019
72930 1 2073
72931 1 1959
72932 1 1652
72933 1 2224
72934 1 2319
72935 2 2042
72936 2 2099
72937 1 2290
72939 3 1415
72950 1 1854
72954 1 1348
72955 2 1468
72956 2 1194
72981 2 585
72983 1 1336
72994 1 1734
73004 4 1253
73006 1 1145
73008 4 5555
73020 2 968
73032 2 1083
73033 1 1060
73045 1 235
73047 1 694
73062 2 369
73077 1 364
73080 1 2339
73089 19 890
73093 5 4058
73094 1 1712
73098 1 915
73146 2 811
73150 1 911
73182 1 1485
73201 1 1031
73202 1 741
73203 2 958
73204 2 1273
73205 1 1376
73211 2 1314
73267 7 1566
73276 3 7711
73286 7 2501
73287 8 2713
73291 2 988
73323 1 1574
73328 1 664
73365 1 271
73373 1 5222
73397 2 471
73405 9 2119
73416 2 838
73431 35 732
73437 1 1405
73446 1 989
73454 1 388
73455 1 2168
73484 1 741
73485 1 650
73486 3 578
73541 1 594
73571 1 3969
73595 12 2131
73651 1 334
73655 1 1423
73656 1 1671
73657 1 1439
73658 1 906
73674 3 720
73676 2 2052
73749 2 1593
73762 1 2217
73767 3 603
73844 3 432
73860 1 290
73866 1 207
73873 1 196
73877 1 1442
73878 1 986
73880 1 469
73905 4 2175
73906 1 1424
73910 1 200
73911 1 1008
73912 1 868
73913 1 221
73914 1 331
73925 2 722
73930 2 1679
73931 2 2768
73933 1 1375
73935 4 1293
73949 3 3890
73952 2 1586
73960 1 502
73963 1 6843
73995 4 1205
73996 1 7920
73997 2 10376
74006 1 1133
74032 3 518
74048 2 938
74049 1 844
74062 3 1079
74069 1 999
74076 1 381
74078 9 223
74081 1 258
74083 4 664
74085 2 884
74086 1 451
74092 9 1697
74098 1 877
74110 2 660
74115 16 2664
74135 13 1169
74140 1 1711
74148 1 1271
74150 2 1327
74153 1 660
74159 1 1009
74160 1 829
74163 1 1043
74187 1 302
74188 1 471
74232 1 2451
74247 12 174
74255 1 173
74266 1 839
74284 1 1107
74291 1 482
74350 1 756
74355 2 1634
74370 2 1237
74405 2 1483
74432 1 3303
74448 1 1084
74467 7 900
74479 1 1275
74480 1 3260
74482 1 56
74498 2 670
74499 4 2239
74500 2 1059
74501 2 469
74502 7 874
74503 2 861
74504 2 819
74505 2 457
74506 2 1008
74507 2 688
74508 2 552
74509 5 1437
74510 2 1467
74511 2 844
74512 2 1312
74513 2 623
74514 2 939
74515 2 1068
74516 2 396
74517 4 1657
74519 1 5618
74551 1 2061
74581 2 1084
74590 2 1461
74604 1 5954
74617 1 153
74645 3 6253
74655 1 858
74657 1 2670
74679 1 1229
74695 1 1627
74707 1 4337
74716 9 906
74730 13 351
74741 1 339
74746 2 5004
74750 3 2927
74752 1 2665
74766 1 6523
74767 1 5811
74796 10 473
74797 7 671
74800 2 990
74806 1 5040
74810 2 480
74811 1 1038
74818 6 1409
74849 1 482
74861 1 397
74868 1 1193
74871 1 1759
74874 2 6108
74882 1 1151
74897 12 657
74911 2 916
74923 1 474
74935 1 716
74936 1 665
75100 4 805
75111 1 2479
75115 1 763
75117 1 848
75120 1 748
75155 1 2282
75156 2 607
75162 1 2594
75176 1 602
75200 4 1348
75208 4 3202
75227 1 960
75228 1 535
75239 1 387
75250 2 1780
75252 1 1409
75258 3 1651
75261 1 603
75295 3 2546
75298 1 867
75302 1 2125
75303 3 2682
75304 4 2880
75305 3 2807
75306 4 2908
75311 21 917
75313 16 1575
75328 1 3938
75420 4 5660
75427 2 752
75505 2 1016
75506 2 1039
75507 2 952
75536 3 90
75540 3 3756
75543 3 528
75554 8 2902
75556 1 1021
75569 1 502
75617 1 387
75619 1 1267
75620 1 1034
75646 1 832
75651 19 594
75672 2 587
75690 1 894
75700 5 1441
75704 2 936
75717 10 2502
75758 4 1348
75760 59 956
75762 2 1634
75826 1 555
75839 4 1452
75844 13 698
75897 2 1047
75928 1 1554
75933 1 1628
75934 1 1639
75939 1 1207
75940 1 2480
75942 1 208
75943 1 1318
75944 1 223
75945 1 609
75946 1 350
75947 1 418
75948 1 355
75949 1 980
75952 1 302
75954 1 3743
75960 1 2012
75969 1 5873
76005 1 1341
76008 3 1318
76022 1 324
76033 1 406
76040 1 3213
76042 3 1056
76048 2 249
76051 1 206
76052 2 490
76082 3 1055
76098 1 820
76099 1 1514
76104 1 2832
76105 1 6146
76106 1 4999
76109 1 1242
76113 1 243
76123 2 826
76131 4 223
76138 1 3341
76139 1 3319
76143 31 3616
76158 1 3909
76159 1 4003
76160 2 6409
76166 7 2068
76175 1 6943
76204 1 2051
76217 2 3579
76218 1 422
76222 1 521
76223 3 1582
76233 3 1717
76241 1 836
76244 2 937
76248 1 1680
76250 1 586
76258 1 935
76303 1 1328
76304 2 5487
76305 2 1002
76306 2 688
76307 2 887
76308 2 1854
76309 4 2573
76310 10 4929
76311 4 978
76313 2 1131
76332 2 421
76335 8 1322
76349 9 2296
76355 1 227
76359 2 742
76370 1 13094
76408 1 4367
76412 6 1272
76416 1 132
76423 1 1266
76434 6 1142
76460 1 6070
76463 2 356
76468 2 832
76471 2 824
76477 1 693
76481 1 4881
76502 2 1031
76503 1 1066
76504 1 637
76508 1 2897
76512 1 942
76529 4 10440
76567 1 1024
76571 3 2525
76572 4 1429
76573 3 1808
76594 1 1805
76626 2 4388
76628 1 476
76633 1 1561
76634 1 557
76644 1 291
76646 7 468
76653 1 314
76663 1 380
76676 1 6037
76677 1 5739
76691 1 367
76692 2 810
76705 2 513
76711 5 1349
76713 4 568
76716 1 294
76718 31 740
76724 5 1977
76735 1 1120
76736 1 1139
76745 1 1068
76748 1 801
76755 1 5294
76756 1 4633
76761 1 475
76762 2 7340
76763 1 1702
76777 3 1440
76780 1 5196
76816 1 30
76833 3 1925
76834 3 739
76844 10 501
76851 4 1663
76868 2 1662
76870 1 1214
76877 2 1735
76886 1 4302
76889 1 1635
76911 1 442
76931 1 978
76978 1 482
76984 1 1045
76995 5 1773
77002 1 962
77015 2 1847
77016 1 2119
77017 1 589
77018 2 437
77023 6 2768
77025 2 2461
77026 12 1272
77030 1 428
77046 1 463
77048 2 1229
77053 1 995
77058 2 1110
77060 4 4150
77061 2 999
77062 1 553
77063 2 616
77064 2 781
77065 3 571
77067 14 1551
77068 15 2025
77070 1 2357
77083 1 3037
77088 2 4377
77094 1 2168
77106 1 1502
77109 4 806
77124 1 3644
77128 1 1010
77131 7 1057
77135 1 801
77136 2 3236
77143 2 570
77144 1 3383
77145 5 1172
77157 1 1001
77163 1 1994
77170 4 1984
77202 1 8001
77225 7 2945
77226 2 1491
77227 2 2803
77297 1 502
77364 5 1225
77378 2 1421
77388 1 1700
77394 5 1254
77400 39 924
77401 39 927
77402 39 922
77403 25 986
77404 39 925
77405 39 919
77406 25 984
77407 32 1130
77408 25 983
77409 32 1148
77411 1 3629
77414 2 870
77421 7 1506
77432 2 391
77448 3 1098
77454 2 1448
77456 1 13066
77470 1 2244
77471 1 1687
77472 1 1959
77473 2 3580
77474 7 4717
77488 2 464
77544 1 340
77564 3 312
77576 1 4731
77579 1 621
77595 2 1498
77609 1 556
77613 1 677
77614 1 630
77615 1 684
77616 1 722
77617 1 773
77654 9 1454
77661 1 918
77676 2 846
77760 1 1117
77815 1 676
77826 2 1385
77830 2 468
77832 1 421
77848 1 466
77857 1 708
77864 7 749
77871 2 1096
77886 1 496
77908 2 2693
77937 1 1234
78034 2 2796
78063 1 1360
78069 2 1230
78076 1 484
78078 3 540
78092 1 1018
78093 1 909
78094 1 790
78096 1 861
78097 1 1097
