riski riski 427 65215343 
4 1 930
371 1 984
422 2 1707
430 1 3354
536 1 653
650 1 1021
694 1 1606
993 1 10702
1049 1 2440
1178 1 1530
1832 2 1266
1933 1 749
1934 1 685
2086 1 3653
2171 1 1919
2226 1 1993
2227 1 1993
2228 1 1993
2346 1 690
2389 1 3418
3070 1 604
3099 1 797
3281 3 3667
3383 1 10722
3413 1 350
3547 1 1585
3571 1 1011
3706 1 6639
3776 1 1777
3842 1 1285
4216 1 1283
4364 2 1040
4371 1 3866
4450 1 6385
4452 1 910
4524 1 2046
4608 1 2302
5547 1 1154
5792 4 2530
6076 1 3091
6176 2 1652
7560 1 367
7570 1 9650
7701 1 1565
8067 1 418
8085 1 2815
8391 1 2171
8409 1 3217
9013 1 754
9018 1 2158
9243 2 1282
9316 1 4281
9322 1 259
9560 1 1447
9563 1 1392
9677 1 632
9789 1 4274
10091 1 1323
10092 1 1363
10093 1 1326
10094 1 1357
10095 1 1392
10115 1 1153
11131 1 4066
11249 1 5195
11288 1 9962
11759 1 2876
11890 1 963
12156 1 13898
12603 1 652
12907 1 2394
13058 1 11569
13342 2 1229
13410 1 1059
13440 1 1581
13618 2 28398
13885 1 2142
13912 1 6746
13921 1 1046
14014 1 3934
14271 1 2963
14434 1 704
14683 1 601
14730 1 997
14756 1 3039
14858 1 3107
14878 2 3248
15124 1 1201
15500 1 1215
15756 1 717
16167 1 1204
16222 1 949
16238 1 11763
16257 1 6019
16700 1 3762
16843 1 15992
17012 2 3524
17013 1 9772
17089 1 3402
17186 2 2741
17670 1 5050
17766 1 872
17801 1 368
17802 1 818
17803 1 909
17804 1 2146
18148 1 989
18727 1 410
18797 1 3696
19079 1 16454
19105 1 1245
19877 1 1239
19935 1 1523
20169 1 2907
20382 2 677
20681 1 935
20684 1 12924
21101 1 2647
21166 1 681
21202 1 758
21321 2 7104
21347 1 1066
21359 2 13839
21417 1 1547
21768 2 2946
21809 1 1129
22093 1 10393
22763 1 323
22986 1 1800
23545 1 1025
23818 1 623
24207 1 1236
24219 2 7326
24254 1 4321
24830 1 1147
24842 1 3916
25233 2 4985
25492 1 3700
25900 1 990
27433 1 1079
28123 1 7111
28261 1 11790
28446 1 9326
28772 1 1602
28877 1 705
29070 1 1087
29529 1 4211
29569 1 1106
29626 1 1653
29648 1 8110
29693 1 1825
29715 1 4501
29725 1 540
30547 1 1086
30843 1 4224
30899 1 2210
31355 3 5480
31508 1 3777
31717 5 6445
31785 1 1063
32043 1 943
32483 1 1282
32486 1 2886
32561 1 832
33268 1 3327
33370 1 898
33648 1 819
33853 1 1271
33905 1 639
33924 2 11847
33937 1 14231
34016 2 1873
34052 1 11789
34243 1 1382
34465 1 5422
34995 1 3471
35351 1 1416
35454 1 2122
35567 3 654
35743 1 4461
36045 1 1120
36334 1 1139
36389 1 6107
36390 1 6107
36815 1 422
36998 1 864
36999 1 867
37074 1 3457
37182 1 13117
37187 1 3415
37419 1 13883
37602 1 1078
37734 1 3488
37932 1 17484
38406 1 1770
38482 1 1834
38502 1 1471
38742 1 623
38964 1 973
39245 1 4290
39276 1 3501
39469 1 1674
39572 1 565
40080 1 927
41102 1 1491
41106 1 1181
41222 1 537
42149 1 9906
42246 1 1979
42260 1 1936
42424 3 6309
42572 1 2840
42679 1 6107
42680 1 6107
43177 1 1094
43326 3 1789
43455 1 753
43699 1 170
43778 1 649
44012 1 2752
44218 4 6003
44932 1 2141
44972 1 1148
45096 2 6217
45383 1 1334
45937 1 465
46076 1 1687
46080 1 2003
46388 1 81863
46426 1 3573
46433 1 595
46498 1 642
46518 1 1475
46758 1 762
47672 1 816
47816 1 566
48363 1 676
48379 2 6270
49173 1 10707
49413 1 786
49471 2 1921
49604 1 4772
50186 3 5705
50293 1 2189
50596 1 1314
50672 1 2381
51042 1 1865
51816 1 4853
51993 2 12689
52541 1 3260
52561 1 52057
53104 1 959
53216 1 653
53439 1 1098
53837 1 3485
54355 1 10248
54936 1 244
55066 1 3616
55154 1 1192
55164 1 1267
55498 1 5155
56252 1 1993
56253 1 1993
56429 1 1448
56497 1 2476
56500 1 2556
56591 2 1805
56708 1 1319
56961 1 7535
57460 1 2888
57809 1 1242
57878 1 3882
57911 1 1835
58322 1 1624
58340 2 1736
58453 1 564
58493 2 958
58886 1 1211
59251 1 6070
59275 1 667
59427 1 1336
59483 1 1269
59565 1 1703
59633 1 4221
59662 1 14951
59898 1 4986
60101 1 249
60214 1 2899
60315 1 3263
60542 1 1829
60543 1 1510
60744 1 2509
61043 1 4069
61188 1 29700
61391 2 5684
61428 1 8357
61820 3 5698
61832 1 2493
61924 1 6503
62005 1 2659
62111 1 6309
62596 1 2402
62730 1 2960
62788 1 2229
63093 2 3111
63271 1 1472
63309 1 4077
63805 1 802
63837 3 6313
64090 1 622
64381 2 1648
64449 1 987
64457 1 1102
64937 1 2520
65790 2 5117
65912 1 1206
66799 1 673
66963 1 1157
67662 1 2616
67721 1 1030
67790 1 3052
67808 1 1776
67813 1 611
68152 1 1752
68737 1 3173
68812 1 10319
68915 1 1241
69032 1 656
70311 1 2716
70347 1 1081
70435 1 3103
71100 1 639
71217 1 2704
71325 1 1098
71334 1 2239
71336 1 1531
71593 1 827
71659 1 1216
71662 2 907
71705 1 10258
71706 1 5275
71748 4 679
71880 1 1247
72065 1 9229
72098 1 19912
72349 1 788
72627 1 678
72816 1 1634
72982 1 5401
73023 2 1400
73244 4 3654
73762 1 2217
74094 1 3820
74218 1 909
74363 1 631
74813 2 5631
75302 1 2125
76209 1 624
76840 1 630
76845 2 538
76875 1 4263
77893 1 2270
