applic applic 14303 65215343 
5 1 922
52 5 1874
63 1 349
69 1 1167
72 1 431
73 1 759
84 2 2015
85 2 1203
92 1 72
94 1 71
116 2 897
117 2 6480
121 9 952
122 1 151
123 1 1067
147 1 3893
148 1 214
189 1 1288
203 14 5213
210 1 1251
212 1 437
223 2 974
224 3 670
248 2 5568
256 8 8243
258 8 56657
259 1 1003
273 1 480
300 2 1935
301 2 487
304 1 996
327 1 2668
359 1 1896
360 1 1616
363 1 1011
364 1 993
429 2 3151
435 3 1005
438 1 464
455 11 3709
463 2 1357
465 3 1411
466 2 1460
473 1 5126
474 1 3627
475 1 1753
476 1 1866
477 2 3143
489 1 950
492 2 407
495 1 431
497 1 469
504 8 11283
527 1 978
538 2 888
549 2 1000
552 1 704
573 2 2963
601 3 734
650 10 1021
654 1 1015
658 1 477
670 1 821
695 1 318
700 1 433
704 1 758
717 1 1260
721 6 1682
724 5 984
729 1 2727
736 1 2617
763 1 1020
764 1 48
772 1 1607
785 1 755
829 1 740
832 2 771
863 1 1185
869 1 246
881 1 381
886 6 5811
895 1 1608
906 2 1896
953 2 454
955 2 861
965 1 2365
975 1 538
982 3 2403
993 1 10702
1000 1 2589
1022 1 1773
1023 1 2468
1038 4 6757
1081 1 980
1106 2 1380
1122 5 793
1124 1 753
1133 1 141
1151 1 926
1156 1 568
1265 1 475
1269 1 5091
1281 1 3123
1327 2 767
1360 1 1401
1365 1 993
1395 1 348
1469 1 2455
1484 1 6578
1493 7 178
1512 2 8417
1561 2 646
1567 1 2163
1568 1 399
1597 5 3184
1614 1 1216
1632 1 1365
1647 1 10572
1652 6 1683
1667 2 894
1731 1 1417
1737 2 4121
1755 3 1202
1756 2 1307
1771 1 571
1796 1 1148
1797 6 5684
1806 1 911
1832 1 1266
1850 1 308
1851 3 1250
1853 1 313
1860 5 492
1892 11 11383
1893 1 453
1896 1 2074
1897 6 2847
1903 1 860
1913 1 556
1925 2 629
1926 4 759
1933 1 749
1953 1 730
1954 1 671
1955 1 1191
1973 25 16948
1977 1 1021
1978 1 1775
1979 1 1129
1980 1 1830
1981 1 1770
1994 1 106
2014 1 1601
2016 2 562
2039 4 637
2045 1 924
2046 3 13880
2055 1 1645
2073 5 1294
2074 1 1047
2084 2 1228
2094 2 56
2121 1 4211
2128 1 1868
2133 1 1238
2139 2 1034
2141 2 437
2142 2 955
2156 1 1904
2159 1 1594
2181 1 1278
2187 1 61
2249 1 1313
2275 1 556
2335 1 1168
2336 1 1341
2366 10 2774
2370 1 1211
2374 1 1286
2375 6 3907
2389 2 3418
2398 1 259
2416 1 805
2430 1 442
2456 4 503
2475 3 641
2482 1 1146
2483 1 4389
2484 1 351
2490 16 1764
2493 1 1450
2499 4 781
2511 5 1460
2546 2 1042
2553 1 1166
2555 1 407
2573 2 768
2595 1 1834
2598 1 1523
2629 4 3838
2637 1 995
2640 1 481
2645 9 952
2646 1 1971
2647 1 882
2659 1 453
2660 1 359
2662 1 908
2664 2 1043
2673 2 846
2677 1 700
2686 2 1195
2687 2 1139
2714 3 1489
2716 2 4798
2725 1 482
2726 2 89
2743 1 1107
2746 1 349
2760 2 764
2764 2 538
2765 2 687
2766 1 545
2782 1 1579
2790 4 455
2806 1 459
2809 2 8131
2840 1 572
2844 1 382
2928 2 498
2929 2 497
2930 2 495
2931 2 494
2932 2 482
2933 2 543
2934 2 512
2935 2 529
2936 2 486
2937 2 482
2968 2 1115
2989 9 2074
3003 1 3697
3011 1 125
3028 1 1955
3046 3 1921
3081 2 635
3082 2 635
3083 2 630
3086 1 4139
3093 2 963
3096 1 1172
3097 1 1399
3099 1 797
3108 2 2991
3149 2 1273
3150 3 553
3158 1 1946
3197 2 1690
3199 1 333
3209 2 358
3218 6 237
3229 3 2889
3232 1 774
3248 1 552
3319 1 1682
3324 2 1792
3338 1 1856
3370 2 557
3371 2 766
3372 3 940
3373 2 667
3383 1 10722
3414 2 807
3421 1 954
3427 22 2078
3430 1 783
3431 1 665
3446 3 894
3447 1 2791
3460 1 485
3462 2 1044
3482 1 3281
3493 1 1047
3503 1 943
3511 1 320
3535 2 479
3554 2 292
3555 1 1239
3566 1 174
3569 1 405
3573 2 593
3579 1 4684
3582 1 766
3598 1 2141
3608 1 254
3639 1 3357
3654 1 631
3662 1 1695
3706 9 6639
3707 1 2467
3716 2 1221
3722 1 1159
3767 2 1085
3804 1 1022
3811 1 621
3842 1 1285
3849 1 180
3851 1 441
3859 5 375
3864 2 325
3894 1 890
3926 1 435
3928 3 1658
3938 2 1794
3944 1 1863
3945 2 1359
3996 3 1340
4015 1 1212
4046 1 767
4068 1 8611
4075 2 2561
4087 1 1383
4094 1 229
4106 1 2006
4112 1 838
4116 6 5941
4117 6 5825
4118 6 5861
4140 1 1055
4172 3 4084
4184 2 4232
4196 4 6780
4197 1 1683
4219 1 606
4258 2 2240
4295 2 1636
4297 2 7592
4304 1 552
4307 2 2386
4324 6 469
4332 1 1645
4349 1 1071
4356 1 3544
4386 2 479
4390 2 1399
4443 1 683
4444 1 768
4445 2 451
4451 1 65
4454 1 1950
4476 4 1761
4479 1 2646
4489 1 2853
4492 1 2351
4523 1 2304
4534 5 773
4579 4 1909
4615 1 3920
4617 1 196
4619 1 590
4638 1 663
4647 4 1245
4656 3 666
4662 1 636
4703 2 668
4742 1 419
4744 1 6884
4753 3 5716
4787 1 1159
4794 1 462
4798 3 922
4800 4 1404
4813 1 220
4826 1 662
4827 2 532
4847 1 2281
4857 1 2912
4864 1 3496
4888 1 1826
4900 1 1550
4906 1 8000
4907 1 8001
4908 1 8001
4909 1 4646
4910 1 4646
4911 1 4646
4921 1 1991
4922 1 1947
4934 1 2573
4935 1 2499
4947 1 848
5062 1 634
5074 1 1241
5076 1 1220
5092 2 3536
5120 1 330
5150 1 1030
5158 1 544
5184 2 2478
5196 1 628
5198 1 1050
5238 1 1215
5247 3 6498
5264 19 2502
5273 1 3302
5275 1 743
5285 1 127
5300 2 794
5309 1 550
5325 1 780
5330 1 1270
5336 1 930
5337 4 957
5338 1 69
5339 1 68
5391 9 3146
5396 1 6921
5405 3 2643
5412 5 1515
5418 3 1906
5427 2 662
5428 16 704
5445 5 685
5448 1 251
5454 3 6641
5499 1 44062
5502 1 977
5513 1 184
5535 6 1993
5543 3 747
5558 3 506
5563 2 542
5564 1 471
5566 1 588
5571 14 876
5578 1 13045
5605 1 122
5606 5 1288
5650 2 2097
5658 1 1556
5668 3 1182
5669 1 662
5672 1 557
5676 3 807
5802 2 499
5803 2 1752
5804 2 478
5805 2 477
5806 2 537
5807 2 475
5808 2 501
5809 2 506
5810 2 1753
5811 2 484
5843 5 2680
5862 2 2267
5867 5 5884
5898 1 722
5906 1 8444
5917 1 431
5928 1 360
5934 1 1063
5938 10 5865
5940 1 1549
5944 1 2113
5981 2 661
5982 2 1168
5983 2 798
5984 2 638
6006 7 935
6014 2 3067
6015 1 3323
6016 1 155
6020 2 568
6023 1 880
6029 2 1479
6036 1 1526
6065 3 1429
6076 1 3091
6083 3 1394
6084 1 3088
6157 1 539
6169 2 857
6174 1 419
6181 1 5519
6297 1 3321
6322 2 1074
6323 2 1322
6324 2 1468
6325 3 1310
6329 1 3134
6345 1 1508
6360 1 6957
6527 6 1415
6529 5 1619
6536 1 1267
6537 1 2037
6540 2 2261
6557 1 1488
6558 1 2607
6559 1 1745
6560 2 877
6561 1 350
6563 4 555
6565 3 311
6566 2 395
6568 3 456
6569 1 437
6577 1 1930
6581 1 721
6588 1 853
6600 2 606
6601 1 1223
6609 3 826
6619 1 54
6624 1 1092
6632 2 2264
6633 1 703
6650 1 770
6654 1 1063
6657 2 244
6743 1 532
6756 1 911
6823 3 721
6835 3 519
6905 1 421
6922 1 1455
6945 1 3654
6948 1 368
6962 1 427
6974 2 1220
6983 1 2840
7010 1 887
7016 2 1558
7032 1 1787
7062 2 3124
7083 1 210
7086 2 587
7093 1 1350
7116 4 1032
7127 1 682
7174 1 580
7275 2 1286
7405 1 1072
7415 1 2592
7420 1 715
7496 1 703
7504 1 5695
7505 1 4997
7519 1 465
7524 3 1121
7525 3 801
7526 3 821
7527 1 4859
7528 1 987
7529 6 5927
7532 2 685
7535 4 1561
7537 3 1406
7548 2 1489
7554 1 320
7556 1 1714
7559 2 528
7560 5 367
7577 5 2093
7583 1 592
7590 1 630
7640 2 139
7642 2 892
7646 1 2633
7648 2 770
7649 1 589
7663 3 1465
7668 3 1538
7669 2 487
7673 1 4544
7691 7 8794
7723 1 4731
7730 2 623
7735 1 66
7743 4 2004
7747 1 1937
7748 1 1936
7749 1 1937
7750 1 1937
7761 2 1037
7769 1 958
7776 7 1456
7786 8 2135
7937 1 1347
7942 2 2590
7944 1 4834
7948 1 2839
7953 1 2188
7955 2 1555
7975 1 2578
7993 2 705
8000 1 226
8022 7 7719
8051 2 1966
8060 1 1283
8072 6 5760
8089 1 20930
8093 4 20088
8099 6 376
8104 1 298
8105 1 348
8108 1 550
8143 1 2289
8150 9 1408
8169 1 1622
8188 14 1754
8196 1 370
8203 1 3715
8204 2 4600
8226 2 658
8251 1 3081
8257 2 57
8265 1 640
8268 1 848
8282 1 643
8285 1 3377
8287 1 4172
8296 2 1165
8337 1 258
8376 1 2007
8378 1 412
8397 1 479
8398 1 1691
8399 1 774
8400 2 421
8401 1 649
8402 1 8226
8405 1 941
8406 1 72
8408 1 5505
8422 5 5132
8435 1 2734
8442 2 1911
8446 1 805
8447 1 2081
8451 1 826
8468 5 1615
8473 6 803
8486 1 1997
8551 2 1200
8563 1 870
8571 1 2786
8598 1 209
8603 1 1373
8622 1 711
8628 1 1693
8639 3 2193
8650 1 9126
8684 1 837
8685 1 1005
8693 4 796
8729 1 342
8743 11 865
8754 2 712
8756 1 957
8769 1 67
8771 1 71
8772 1 71
8773 1 69
8774 1 67
8775 1 73
8812 1 887
8826 1 150
8830 1 897
8842 4 327
8843 1 812
8848 7 2976
8849 4 366
8855 1 1546
8890 2 5449
8947 1 700
8948 2 601
8949 1 708
8950 5 513
8954 7 590
8975 1 806
8982 2 1516
8992 1 2708
8994 1 944
9005 6 45220
9006 5 34059
9010 1 712
9026 1 599
9058 1 563
9073 1 1275
9172 1 389
9173 1 6443
9174 1 702
9190 4 1362
9203 2 3221
9206 2 3079
9229 1 554
9277 3 1358
9278 2 1364
9279 3 1500
9280 2 1381
9281 3 1465
9282 3 1511
9283 3 1422
9289 1 1772
9292 1 3389
9293 1 1715
9294 1 3543
9335 1 1057
9343 1 1266
9348 2 4125
9351 2 1815
9353 1 669
9358 1 612
9363 1 1874
9382 1 1609
9383 1 1234
9401 4 1529
9403 5 3133
9413 1 1215
9446 1 6689
9489 4 6134
9491 4 6177
9520 1 693
9530 1 859
9567 8 5360
9577 2 1476
9581 4 2040
9588 2 688
9606 2 642
9609 1 1117
9621 1 1647
9625 1 523
9626 3 1795
9628 4 7931
9685 1 672
9695 1 2000
9708 39 2371
9726 2 890
9735 1 1420
9736 1 1415
9737 1 1320
9741 1 1815
9767 7 905
9776 1 3757
9778 6 600
9789 3 4274
9795 4 6831
9796 1 6203
9806 2 6009
9824 1 988
9825 7 2926
9843 2 872
9844 2 505
9889 4 1688
9902 1 1223
9915 1 304
9954 29 3197
9958 1 601
9961 1 612
9976 2 542
9979 1 184
10001 1 1020
10007 1 444
10018 2 1420
10024 1 1900
10045 1 834
10060 14 1697
10067 1 2395
10068 1 1756
10069 1 906
10074 3 915
10078 1 921
10105 40 8600
10146 1 522
10235 2 400
10242 1 410
10257 1 639
10259 1 1194
10260 1 1206
10280 1 1373
10285 3 1722
10289 2 8941
10314 2 4681
10328 1 698
10358 2 1391
10363 1 907
10366 3 2417
10369 1 1033
10404 1 1546
10410 2 1570
10415 2 1163
10425 2 1190
10463 1 396
10465 2 834
10497 3 1517
10528 1 2643
10537 1 438
10546 1 359
10548 2 488
10549 2 594
10550 2 503
10551 2 463
10552 2 479
10553 2 475
10554 2 486
10555 2 610
10556 2 483
10557 2 548
10558 2 489
10559 2 503
10560 2 518
10561 2 494
10562 2 509
10563 2 497
10564 2 504
10565 2 1750
10566 2 493
10603 2 1187
10604 2 831
10656 2 3117
10715 1 548
10719 2 1012
10763 4 2030
10764 1 1652
10791 1 836
10803 2 844
10808 1 6608
10814 1 870
10910 1 477
10933 1 840
10935 4 1225
10940 2 7910
10949 2 4327
10954 1 2770
10961 1 1006
10963 1 54
10964 1 54
10965 1 54
10967 2 765
10978 2 1405
11019 1 1220
11028 2 970
11030 1 600
11031 2 759
11033 1 1125
11048 15 586
11078 3 922
11087 2 2013
11123 1 714
11124 11 1521
11131 1 4066
11141 3 2089
11202 1 3466
11206 1 1491
11210 1 381
11229 3 1795
11257 1 842
11259 2 1202
11270 1 748
11285 2 806
11290 1 842
11292 1 1815
11295 7 5148
11298 2 749
11386 1 1182
11411 1 898
11452 1 316
11453 2 365
11462 1 501
11482 14 770
11484 1 1267
11502 2 586
11506 1 647
11507 2 3105
11540 1 459
11542 1 558
11544 1 1023
11554 1 804
11559 1 183
11569 11 6434
11575 2 481
11576 1 664
11611 1 54
11612 1 54
11613 1 54
11614 1 54
11624 2 489
11674 1 451
11698 2 750
11719 1 491
11721 1 3482
11732 1 707
11763 1 739
11784 3 786
11857 1 1251
11859 18 4320
11863 1 1940
11888 1 720
11949 1 3637
11951 1 803
11971 1 1187
11979 1 1755
12040 1 545
12120 1 405
12124 2 101
12129 1 1202
12138 45 18363
12154 1 434
12167 1 1026
12173 1 716
12189 5 1191
12205 1 811
12231 1 887
12236 1 1669
12246 1 1784
12249 1 484
12269 1 488
12274 3 684
12277 1 807
12278 1 2692
12298 1 2322
12311 2 2392
12330 1 918
12331 1 3864
12365 2 8585
12367 1 9446
12369 2 1673
12383 1 173
12389 1 4357
12433 1 1282
12434 1 2955
12435 1 2066
12436 1 1371
12441 1 832
12456 1 4543
12462 3 908
12489 1 192
12492 1 1681
12495 3 3368
12498 1 3985
12499 1 3780
12504 1 77
12505 1 70
12506 1 82
12514 4 6560
12522 1 455
12528 6 674
12609 1 1268
12625 1 647
12656 1 1368
12657 1 1597
12691 1 64
12701 2 7084
12713 1 189
12714 1 219
12737 1 669
12753 1 3395
12762 1 5406
12771 1 2032
12813 1 1377
12814 1 46677
12816 1 1426
12826 1 538
12834 4 2681
12858 1 1295
12859 2 764
12862 3 589
12863 1 1161
12869 1 142
12906 1 2925
12914 2 1640
12926 1 389
12939 1 323
12944 1 2185
12945 1 2019
12946 1 1292
12948 1 2044
12949 1 2158
12950 1 2140
12951 1 2247
12958 1 1362
12969 1 462
12996 3 2315
13003 1 4796
13007 2 293
13017 2 1307
13058 9 11569
13060 1 3460
13061 1 2559
13062 1 2827
13066 24 1485
13083 1 3119
13092 1 75
13093 1 144
13094 5 1335
13098 2 390
13104 1 1437
13140 2 736
13143 2 1436
13148 1 1862
13149 1 2234
13156 1 3209
13157 1 3217
13158 1 2677
13166 2 917
13173 6 7475
13199 2 1429
13232 1 1271
13282 1 1430
13290 11 1648
13318 1 99
13343 2 5631
13363 1 1279
13373 1 2548
13375 1 3891
13384 1 294
13389 1 507
13415 1 1087
13420 3 1976
13434 2 4024
13449 1 2443
13463 10 3262
13465 1 827
13486 1 7532
13503 1 986
13510 4 1138
13518 1 16194
13534 11 2009
13542 1 805
13543 1 550
13548 1 6866
13549 1 2185
13564 2 893
13568 3 791
13571 1 841
13601 1 1798
13614 1 1453
13617 1 2513
13649 1 1057
13676 1 182
13696 1 2538
13804 4 923
13808 3 668
13821 1 283
13835 2 1581
13838 7 965
13841 1 4015
13844 1 2190
13846 1 1850
13869 1 903
13886 1 3122
13911 8 2738
13914 4 997
13941 1 1949
13949 1 762
13950 1 848
13964 1 751
13976 1 1984
13977 1 929
13992 1 479
14027 1 350
14045 1 861
14055 1 671
14073 13 615
14080 201 51830
14098 1 235
14105 2 9306
14120 2 2870
14125 4 720
14127 2 1249
14128 2 489
14129 2 503
14130 2 482
14131 2 508
14132 2 520
14133 2 515
14134 2 488
14169 1 837
14171 1 284
14174 1 684
14176 2 2211
14193 1 2538
14195 2 963
14196 1 668
14201 4 1010
14212 1 12149
14301 2 2773
14306 2 886
14312 4 1988
14313 1 5288
14314 1 1929
14315 1 3896
14341 2 610
14385 1 284
14422 32 5239
14437 1 527
14461 1 650
14473 1 763
14497 1 360
14500 4 1554
14512 1 2539
14526 1 1027
14527 1 381
14552 1 351
14557 1 460
14564 1 709
14579 1 708
14607 1 356
14635 1 82
14636 2 256
14658 4 3354
14675 2 1701
14698 1 466
14699 1 803
14700 1 635
14707 1 937
14727 1 1409
14728 1 2287
14758 1 1080
14793 1 71
14800 1 746
14814 1 706
14817 3 1340
14818 4 1971
14819 4 1444
14827 1 2870
14845 1 961
14846 1 852
14847 1 840
14853 1 333
14854 1 2362
14878 1 3248
14913 11 676
15023 2 1799
15024 5 1186
15034 1 57
15081 1 467
15086 1 1140
15105 1 1198
15118 1 364
15133 1 972
15135 1 1562
15137 1 2521
15144 4 1533
15146 4 2156
15151 1 78
15204 1 3771
15245 2 7336
15254 1 650
15262 3 566
15266 1 538
15268 3 628
15310 1 3417
15424 2 503
15427 2 502
15428 2 503
15429 2 502
15430 2 482
15431 2 497
15432 2 1871
15433 2 484
15434 2 481
15435 2 508
15457 1 1030
15475 1 1055
15476 2 1151
15488 2 352
15496 8 1821
15511 1 1482
15513 2 580
15531 1 635
15551 2 613
15552 2 604
15560 3 1729
15571 2 3116
15575 2 3094
15578 2 1021
15583 2 1612
15605 1 585
15606 3 1406
15607 3 1413
15608 2 1419
15614 1 3253
15615 3 3882
15664 3 1538
15740 1 1131
15741 1 1130
15757 5 7636
15821 2 1007
15825 1 556
15826 1 1438
15830 3 240
15850 1 860
15857 2 1018
15858 6 422
15859 2 410
15886 5 1047
15912 1 1398
15931 1 54
15982 6 4744
16020 2 1631
16021 4 1876
16062 1 605
16090 1 807
16094 35 3553
16100 1 1483
16107 1 852
16124 1 258
16133 1 780
16176 1 402
16177 1 974
16180 1 805
16181 2 321
16183 2 2917
16184 1 1312
16185 3 2268
16193 3 1084
16194 2 700
16201 3 3976
16206 3 2677
16211 1 771
16218 3 1177
16219 2 1603
16220 2 1648
16238 9 11763
16243 39 2761
16246 2 1169
16249 1 583
16257 1 6019
16258 1 7609
16270 1 2905
16276 3 3744
16284 1 1751
16285 1 2520
16292 10 2759
16300 2 894
16309 3 668
16317 2 857
16321 1 1829
16347 1 495
16349 3 692
16368 2 4019
16376 10 1139
16395 1 1895
16411 1 732
16416 5 750
16426 1 1061
16432 2 505
16440 1 1049
16458 2 393
16476 1 664
16479 4 1119
16486 2 3020
16495 1 667
16509 5 1890
16510 6 851
16553 1 869
16554 1 986
16555 1 1439
16556 1 1491
16557 1 1683
16558 1 527
16565 1 1165
16566 1 936
16569 2 481
16630 6 811
16632 1 1018
16636 1 567
16642 4 2366
16649 15 4446
16700 1 3762
16711 2 2292
16727 2 744
16733 1 1326
16743 1 1505
16808 1 89
16809 1 1881
16823 1 478
16857 1 2221
16861 2 2164
16863 1 2074
16864 5 2089
16870 1 1104
16890 1 674
16891 4 1176
16918 2 1281
16942 19 12267
16952 1 7998
16964 3 630
16981 1 1907
17012 1 3524
17013 8 9772
17017 2 1106
17025 2 2138
17027 1 6203
17037 7 2492
17038 2 1354
17044 21 902
17048 3 1204
17049 3 1216
17050 1 1042
17052 3 1174
17053 3 1456
17054 1 1596
17076 1 520
17078 8 783
17107 1 1950
17114 2 6140
17122 29 9203
17143 4 2987
17160 1 1760
17184 1 4374
17187 1 1065
17218 1 1541
17250 2 1492
17280 1 525
17304 6 5827
17324 3 1401
17363 1 2096
17378 1 3128
17389 2 1790
17390 4 3105
17417 10 1434
17444 2 2110
17447 4 1361
17467 2 6562
17555 16 14925
17558 1 1065
17565 3 2260
17570 6 5402
17589 5 12110
17590 1 6514
17591 14 3099
17594 2 509
17598 1 1092
17604 2 615
17608 15 1036
17612 1 258
17615 4 740
17616 1 815
17628 1 710
17642 1 966
17653 1 5954
17656 1 148
17658 2 2113
17661 2 5100
17663 2 1183
17688 2 386
17689 1 784
17714 1 730
17717 2 3139
17720 5 785
17721 1 839
17722 2 217
17725 3 1561
17728 1 584
17741 1 141
17758 4 28986
17766 2 872
17767 7 10423
17768 1 1274
17769 1 1270
17770 1 1270
17771 1 1274
17772 1 1266
17773 1 1267
17774 1 1267
17789 2 2222
17792 1 547
17795 5 1063
17796 1 673
17811 2 605
17813 1 501
17817 4 6494
17821 1 615
17826 1 448
17839 2 414
17844 8 5452
17846 1 1416
17860 1 1026
17867 1 566
17869 1 7948
17892 5 533
17901 1 1052
17904 1 6041
17924 1 1673
17946 2 637
17953 1 4826
17956 6 1053
17957 2 349
17961 6 1859
17968 1 426
17972 1 642
17973 1 504
17974 1 684
17975 1 382
17982 3 338
18010 2 776
18011 2 552
18012 2 573
18013 2 706
18026 7 937
18032 2 3246
18033 1 3046
18034 2 3151
18036 1 3329
18038 1 3203
18079 1 834
18090 1 1539
18096 1 1110
18098 5 83
18117 5 2036
18131 6 634
18148 1 989
18153 1 3810
18265 1 4164
18267 1 933
18276 1 1341
18281 1 953
18286 1 403
18330 4 386
18345 4 1603
18346 1 692
18360 10 1158
18369 1 1573
18370 1 975
18372 2 1808
18385 7 6531
18389 3 561
18390 1 1388
18395 3 6885
18396 1 12783
18429 3 2153
18482 1 409
18485 1 802
18490 1 1473
18570 2 1012
18574 1 1309
18590 2 876
18616 1 1907
18619 1 1157
18639 4 1434
18651 5 763
18686 4 3449
18698 1 1306
18699 2 668
18724 1 566
18739 1 3057
18740 1 2994
18741 1 3106
18742 1 2981
18744 2 775
18748 2 1015
18755 1 1492
18775 3 298
18807 1 1099
18812 1 1141
18830 3 1272
18842 1 542
18865 2 2334
18872 1 1474
18883 2 1727
18886 2 1074
18899 1 1411
18900 2 252
18905 3 3741
18906 3 3883
18907 3 3535
18911 1 705
18912 2 608
18919 1 764
18926 1 1782
18933 2 6035
18935 14 931
18939 1 1456
18940 1 735
18941 1 1110
18942 1 448
18943 1 654
18965 1 20789
18967 1 13159
18984 22 393
18987 2 2027
18991 2 1328
19000 1 1062
19001 1 1062
19036 2 1671
19049 1 3228
19070 1 1479
19075 3 1178
19089 2 440
19092 1 2849
19093 1 3292
19094 1 3568
19095 1 4478
19098 2 77
19111 1 4980
19133 1 2181
19134 1 232
19137 1 383
19148 2 3277
19166 1 1154
19175 1 519
19176 1 1330
19177 1 1161
19179 1 300
19184 2 773
19388 2 615
19404 1 1932
19420 2 532
19495 2 3545
19500 3 363
19544 1 1036
19558 9 5943
19562 1 7991
19574 1 643
19583 1 769
19633 1 217
19641 1 321
19642 1 316
19656 7 5073
19657 1 367
19703 1 570
19732 3 1155
19737 2 501
19756 1 1091
19761 2 892
19771 1 523
19772 1 746
19773 1 783
19774 1 725
19775 4 1472
19797 1 335
19799 1 701
19808 1 2160
19815 1 1176
19822 2 258
19831 4 1394
19842 1 2475
19859 1 1222
19876 1 1120
19899 1 6214
19902 1 3107
19913 2 2014
19928 1 2193
19951 1 677
19952 2 553
19977 1 970
19984 1 3052
19985 1 8977
20024 2 355
20141 1 928
20165 1 957
20166 1 1465
20172 2 1820
20173 1 165
20200 3 30304
20201 4 1137
20227 2 2347
20228 1 356
20232 1 1085
20235 5 915
20259 1 1301
20271 9 1521
20279 2 1548
20282 1 73
20283 1 70
20294 3 3768
20305 9 953
20306 9 951
20324 11 1362
20373 1 776
20375 1 885
20376 3 1300
20382 1 677
20384 1 1291
20387 1 668
20393 3 475
20395 1 651
20404 5 1736
20405 1 1411
20416 2 1496
20422 1 12210
20425 1 3934
20554 2 524
20555 2 492
20640 1 242
20657 1 342
20674 2 230
20675 2 599
20703 1 3191
20706 1 8010
20707 16 35797
20708 37 24696
20709 2 1003
20711 8 6388
20733 4 593
20734 1 728
20735 2 1037
20745 5 1505
20760 2 1210
20761 2 1261
20762 5 1247
20775 8 1001
20778 2 4580
20785 1 3062
20810 1 316
20815 1 340
20816 3 1533
20817 6 1910
20818 4 728
20821 4 520
20825 3 1160
20856 1 1576
20870 6 4517
20904 2 4287
20906 3 1642
20908 1 1965
20941 2 682
20942 1 1805
20968 6 609
20985 1 1356
20986 1 1810
20987 1 647
20988 1 1264
20989 1 2034
20990 1 2056
20997 3 6199
20999 1 2745
21059 1 2178
21070 23 315
21074 1 5552
21092 1 1053
21095 1 133
21096 1 513
21097 2 1144
21098 8 766
21099 1 624
21120 1 1094
21130 1 1097
21152 4 731
21154 2 897
21198 1 361
21199 1 768
21201 2 748
21204 1 712
21259 6 1196
21266 1 4449
21279 1 1380
21306 1 1358
21310 1 1905
21321 2 7104
21336 5 4593
21339 1 4745
21353 1 1391
21377 2 1374
21379 2 2870
21380 1 2156
21384 1 1330
21391 8 4613
21404 2 659
21424 2 839
21430 1 3084
21432 1 1603
21505 2 437
21542 37 37742
21573 1 1590
21597 6 813
21606 1 1264
21626 1 876
21644 3 11884
21688 1 2146
21695 8 1941
21750 2 1034
21756 3 2820
21805 1 611
21814 2 4204
21829 1 407
21832 2 2721
21838 2 674
21851 2 216
21852 1 6758
21857 1 1149
21862 1 3630
21865 2 2056
21877 1 1400
21881 2 631
21883 2 316
21884 2 54
21899 2 1045
21903 1 3153
21913 3 3148
21922 2 2981
21927 2 1212
21936 1 564
21937 1 764
21938 1 578
21939 2 541
21940 1 962
21948 16 2447
21951 3 1086
21976 1 3253
21983 4 8628
21989 1 2096
21992 1 1844
21993 1 2572
21996 1 2579
22022 1 916
22026 1 1430
22027 1 1931
22032 1 4462
22034 1 1880
22039 1 521
22043 2 956
22045 1 2727
22084 1 995
22088 2 778
22093 3 10393
22101 1 1132
22115 1 2632
22137 3 4439
22138 3 4091
22159 1 2515
22172 3 401
22173 11 618
22174 5 737
22178 2 634
22182 1 505
22184 1 842
22186 1 1860
22197 1 477
22214 1 1094
22216 3 13756
22219 1 1236
22234 1 466
22385 2 506
22386 2 494
22387 2 487
22388 2 438
22389 2 482
22390 2 493
22391 2 485
22392 2 529
22394 2 489
22413 1 1024
22472 1 684
22474 1 1110
22501 2 554
22502 2 644
22543 1 639
22555 3 1437
22556 3 1484
22559 2 1297
22560 2 606
22561 3 1310
22562 3 1380
22563 3 1334
22564 3 1455
22565 3 484
22570 2 1844
22594 4 732
22604 1 1011
22770 1 124
22778 6 936
22779 3 723
22780 1 603
22871 2 295
22912 2 396
22913 1 301
22914 2 431
22916 2 500
22936 1 635
22956 4 3079
22983 1 1051
22986 3 1800
23001 1 6718
23005 1 54
23006 1 54
23007 1 54
23009 1 704
23038 2 807
23059 1 980
23138 2 952
23139 5 1265
23150 1 753
23219 1 1740
23224 1 1079
23225 1 767
23367 4 1364
23369 2 186
23394 1 417
23407 2 6338
23408 3 5715
23410 2 621
23411 1 2833
23418 1 1302
23422 1 1581
23440 4 860
23460 14 1670
23487 1 796
23507 1 1290
23543 2 2015
23553 1 873
23556 1 1763
23557 1 1303
23586 2 312
23588 1 2167
23597 1 636
23602 1 2222
23637 3 2848
23739 1 907
23741 1 633
23745 1 2692
23760 14 1343
23763 1 3449
23813 1 516
23967 1 713
23977 3 995
24138 1 724
24158 1 615
24163 1 1415
24164 3 1966
24165 2 2487
24173 2 643
24179 4 482
24180 4 545
24219 13 7326
24231 1 623
24232 1 988
24239 2 737
24245 5 346
24277 1 1031
24305 4 918
24356 2 191
24365 1 233
24368 1 1647
24474 1 146
24494 13 825
24514 2 13551
24518 3 1407
24555 3 749
24557 1 994
24561 5 3084
24566 4 3241
24568 6 5820
24588 2 1540
24594 2 1258
24603 2 14723
24606 1 314
24607 1 340
24608 1 327
24668 3 6702
24688 1 459
24719 1 646
24721 1 414
24727 1 1692
24735 1 2767
24746 1 446
24748 5 4627
24750 2 6415
24791 1 2527
24801 1 1007
24812 2 1148
24814 1 1629
24831 1 1440
24861 1 4547
24865 1 2318
24873 1 789
24875 2 1661
24876 4 2039
24907 1 892
24908 1 867
24932 1 610
24956 2 1523
24958 3 840
25028 1 1149
25045 1 881
25048 2 1625
25064 7 1909
25070 1 209
25076 2 568
25077 1 553
25114 1 551
25121 1 1670
25127 1 360
25129 1 990
25148 1 716
25170 2 1000
25196 1 931
25197 1 73
25199 1 75
25246 1 2093
25250 3 1859
25251 3 1958
25252 9 950
25261 1 718
25305 18 653
25354 2 496
25355 2 501
25356 2 491
25357 2 1736
25358 2 484
25359 2 498
25360 2 481
25361 2 496
25362 2 490
25391 6 2825
25407 2 3649
25409 1 4429
25428 16 2396
25461 2 602
25462 2 557
25470 1 1437
25476 1 3033
25477 2 3314
25487 7 2868
25494 5 807
25504 2 1376
25505 3 1316
25509 1 1876
25520 1 986
25530 2 1188
25668 2 1796
25701 4 319
25702 1 299
25703 3 625
25704 1 374
25705 2 413
25707 8 1454
25719 1 1177
25737 1 408
25758 1 593
25773 1 358
25774 1 341
25779 1 1124
25794 1 54
25798 16 742
25802 2 1717
25826 1 2414
25827 2 621
25831 1 582
25854 1 622
25950 2 723
25964 3 4294
25967 1 1738
25968 3 814
26058 1 720
26059 1 1273
26075 2 3348
26078 16 996
26088 2 1925
26114 4 439
26123 7 1139
26169 1 2105
26190 1 871
26221 1 125
26248 1 1814
26250 1 5429
26293 1 77
26332 1 1975
26343 2 4639
26346 1 642
26347 1 906
26359 5 3794
26365 1 814
26385 4 2163
26431 1 2088
26453 1 2527
26483 4 605
26498 1 32423
26507 1 4226
26545 1 1046
26597 3 415
26609 1 323
26613 2 383
26614 5 3554
26673 1 1184
26688 3 4422
26702 1 2067
26704 1 531
26717 1 641
26724 5 529
26756 1 2627
26796 1 2116
26800 3 1401
26809 2 463
26810 2 739
26816 1 2936
26824 4 966
26853 1 392
26862 1 501
26877 1 1219
26896 1 54
26900 10 711
26974 1 1029
26975 4 1997
26976 1 1105
27037 1 4999
27039 2 1645
27045 2 488
27061 1 146
27160 3 828
27161 1 1496
27165 1 173
27173 1 3255
27174 1 2438
27182 1 3254
27190 1 1135
27193 3 752
27213 2 2166
27217 3 865
27235 1 2671
27240 1 389
27262 2 859
27263 1 715
27267 2 610
27286 1 1789
27307 1 570
27308 1 7530
27312 1 616
27326 1 916
27341 2 906
27342 1 75
27345 2 1252
27391 2 4345
27392 2 4376
27431 1 2548
27451 1 1291
27475 1 5550
27506 3 2292
27510 3 1431
27513 1 185
27520 1 3462
27600 1 1271
27601 4 1888
27605 1 308
27607 1 1453
27660 2 535
27681 1 1250
27691 2 1205
27698 1 172
27704 3 1010
27709 1 887
27713 3 246
27766 1 439
27767 1 568
27771 1 696
27811 4 1400
27827 1 2297
27830 2 5835
27853 1 3446
27862 4 8511
27868 14 2792
27905 3 644
27938 1 56
27964 1 534
27973 1 1504
28005 1 912
28010 7 1369
28014 1 58
28030 4 700
28050 1 1132
28055 1 367
28078 1 919
28086 2 1091
28094 1 2585
28098 8 10589
28103 2 5130
28104 2 1950
28105 1 3202
28115 1 2406
28123 1 7111
28129 4 1062
28130 3 1740
28135 1 72
28137 1 330
28208 1 995
28213 11 302
28253 11 1082
28272 1 1115
28274 1 488
28286 5 785
28287 1 483
28293 7 628
28294 1 651
28320 3 1179
28321 3 562
28326 1 761
28340 2 589
28350 1 677
28426 1 911
28431 1 1798
28434 1 1842
28446 2 9326
28447 2 1339
28450 1 227
28466 4 10312
28467 4 8583
28468 4 8583
28469 4 8615
28472 1 3173
28668 1 748
28680 1 665
28689 2 1875
28711 1 2834
28714 1 211
28720 1 694
28724 1 794
28768 1 734
28787 1 804
28840 18 12057
28863 7 622
28886 1 1271
28888 1 748
28891 1 75
28892 1 66
28893 1 72
28894 1 76
28951 2 4581
28973 1 424
28974 1 254
28980 3 1423
28981 1 1946
29039 11 1081
29052 1 369
29073 1 463
29091 1 451
29094 2 737
29095 1 555
29099 5 801
29101 1 423
29102 1 710
29110 1 675
29132 1 1023
29146 1 1559
29176 1 724
29192 1 724
29194 1 506
29290 2 505
29291 2 488
29292 2 522
29293 2 506
29294 2 499
29295 2 1818
29296 2 762
29297 2 470
29298 2 503
29299 2 1683
29300 2 439
29301 2 485
29302 2 486
29365 1 876
29396 13 8576
29402 1 1186
29403 1 366
29419 16 2386
29465 1 405
29466 2 545
29467 2 618
29486 2 1334
29489 1 1691
29508 1 2855
29515 1 125
29518 6 814
29519 1 8686
29524 1 1209
29526 3 442
29546 3 1287
29547 3 1675
29548 3 1483
29549 2 1282
29557 25 7051
29558 1 3685
29559 1 3217
29560 1 1313
29570 1 1177
29589 1 788
29603 1 1169
29610 1 1172
29623 1 963
29629 1 1492
29632 1 2000
29634 4 1038
29642 2 435
29648 1 8110
29704 1 278
29709 2 1886
29713 3 702
29721 4 6842
29722 17 9450
29724 1 803
29820 3 861
29822 1 1623
29848 2 1126
29856 1 1766
29861 2 622
29863 2 658
29864 2 334
29865 3 396
29866 1 1160
29891 1 4871
29903 8 1998
29917 1 387
29959 2 652
29960 1 840
29965 1 763
29980 1 1154
29987 6 1548
30027 1 54
30028 1 54
30029 1 54
30030 1 54
30056 3 1299
30058 3 1382
30127 5 2006
30132 1 1913
30143 1 1666
30147 1 388
30148 1 337
30149 6 621
30150 1 467
30151 1 335
30152 2 627
30153 6 368
30154 1 267
30169 1 1491
30181 1 608
30188 1 1419
30189 1 1236
30195 1 1266
30211 9 3859
30254 2 568
30271 1 415
30283 3 1092
30293 4 6059
30307 1 3452
30310 2 2537
30342 1 537
30344 1 1892
30372 1 492
30380 1 1089
30384 1 181
30385 1 1151
30391 2 5079
30406 1 1136
30432 1 439
30450 1 1607
30481 1 967
30512 1 450
30519 2 5484
30536 3 820
30554 1 3073
30569 4 715
30582 1 1273
30588 3 3696
30604 1 1396
30637 1 1514
30643 9 1318
30653 2 884
30662 1 638
30670 2 1399
30748 2 1479
30756 1 905
30761 1 597
30770 1 78
30779 1 1137
30784 1 319
30848 1 1294
30874 2 578
30912 1 744
30929 1 1671
30930 1 1699
30932 1 70
30934 1 71
30953 2 4469
30974 1 990
30977 9 950
30978 9 951
30979 9 952
30980 9 951
30981 9 952
30983 1 277
30987 1 267
30995 1 141
31005 14 423
31008 3 1281
31030 1 330
31035 1 531
31052 2 3636
31065 1 266
31069 3 735
31074 1 511
31078 1 895
31095 3 1243
31097 1 653
31101 2 1004
31118 1 751
31133 3 1311
31142 1 337
31147 5 1461
31151 1 447
31174 1 45
31181 1 234
31185 2 742
31186 3 649
31188 2 556
31189 2 486
31190 2 482
31191 2 505
31192 2 1700
31193 2 486
31194 2 545
31195 1 797
31216 1 793
31222 1 644
31303 2 564
31304 3 553
31305 3 613
31319 1 308
31336 2 599
31343 1 1798
31344 1 406
31347 1 1893
31348 1 1063
31351 1 1654
31361 1 728
31381 3 766
31383 3 1325
31393 1 1881
31394 1 956
31395 3 3700
31418 1 510
31426 1 19
31430 1 1299
31431 1 574
31432 1 574
31438 1 1279
31495 1 586
31499 1 978
31504 1 595
31505 2 914
31508 1 3777
31540 1 1089
31562 1 445
31570 2 508
31588 1 1119
31603 1 986
31613 1 284
31614 1 290
31615 2 613
31616 5 346
31633 1 689
31634 1 596
31636 1 631
31644 7 1272
31653 1 583
31667 1 648
31676 1 475
31686 1 1986
31702 1 2004
31717 2 6445
31724 1 54
31725 1 54
31726 1 54
31731 1 3982
31755 1 1317
31770 3 2138
31789 2 511
31790 1 1335
31797 1 1376
31798 1 1484
31801 1 985
31804 1 73
31829 1 14263
31839 2 844
31845 9 951
31846 9 952
31847 9 951
31860 7 1825
31924 1 559
31929 43 15160
31940 1 668
31944 1 1454
31946 5 2395
31961 5 705
31962 4 497
31964 3 627
31965 1 728
31966 4 522
31970 1 562
31994 1 367
32034 1 1185
32035 1 1660
32043 1 943
32121 1 2253
32126 2 495
32127 2 454
32128 2 515
32129 2 507
32130 2 484
32131 2 482
32147 2 621
32148 1 2042
32170 2 1811
32194 1 934
32204 3 379
32226 1 3217
32239 1 993
32255 2 550
32256 2 541
32257 2 557
32288 1 3260
32290 2 3009
32292 1 3278
32294 2 3074
32299 1 3515
32301 4 3186
32313 1 600
32315 1 416
32319 2 598
32329 7 5073
32347 1 824
32348 3 1430
32351 3 1416
32355 3 1418
32357 3 1452
32364 1 538
32366 1 3530
32367 1 3181
32375 4 347
32388 1 24490
32393 1 447
32397 1 109
32401 1 574
32402 1 574
32406 1 1010
32430 1 1546
32469 1 1242
32486 10 2886
32491 1 6991
32564 1 1067
32573 1 734
32617 1 258
32618 3 377
32619 2 377
32620 2 431
32622 7 413
32623 2 461
32625 1 315
32626 1 443
32627 2 366
32629 2 434
32631 2 448
32632 1 1721
32640 2 714
32641 1 1814
32644 1 1032
32675 1 477
32690 1 473
32704 1 2103
32706 1 1372
32718 8 5437
32719 8 5014
32740 1 54
32741 1 54
32749 1 1148
32750 5 830
32753 4 1998
32764 2 2272
32765 2 2291
32766 2 2278
32789 8 341
32790 8 350
32824 2 2602
32844 1 516
32897 2 1259
32901 4 515
32972 2 11367
32975 2 2044
33065 6 2052
33079 2 3096
33085 1 412
33090 1 1529
33130 1 1040
33134 1 723
33150 1 2622
33151 1 2303
33152 2 968
33161 1 1338
33180 2 1113
33182 1 1778
33195 1 626
33201 1 356
33208 1 1069
33209 1 573
33219 1 1021
33220 1 1178
33256 1 1321
33269 1 453
33276 1 1090
33297 1 683
33302 3 870
33303 3 928
33309 1 657
33310 3 9499
33317 1 1673
33318 1 2084
33319 1 2701
33342 1 188
33357 7 630
33359 2 890
33360 1 102
33365 1 974
33370 1 898
33392 1 753
33403 1 5506
33413 1 845
33447 4 975
33461 8 1567
33468 3 537
33475 5 5068
33494 1 11341
33504 1 1979
33505 2 969
33507 2 963
33514 1 782
33515 1 951
33520 2 826
33522 1 869
33569 13 1975
33573 3 1218
33574 2 1229
33576 2 1268
33588 1 990
33590 2 3769
33597 1 177
33609 1 420
33627 1 763
33641 1 2126
33675 1 2486
33695 2 3294
33706 1 872
33712 2 518
33717 6 930
33725 2 566
33748 2 855
33754 1 661
33759 1 931
33778 6 1184
33792 1 972
33798 1 1847
33804 4 6411
33814 1 693
33822 1 756
33837 3 206
33847 2 7078
33848 1 1439
33851 1 866
33865 2 4323
33882 3 1010
33901 14 1734
33906 2 1561
33918 2 385
33922 1 815
33924 6 11847
33932 1 831
33937 2 14231
33952 2 793
33960 3 1013
33961 1 181
33980 1 2963
33981 4 925
34003 1 1358
34018 1 792
34029 1 3971
34039 4 23394
34042 2 449
34052 7 11789
34060 1 452
34062 13 2698
34080 2 1228
34082 1 694
34098 1 432
34102 3 839
34126 1 948
34127 1 968
34145 1 766
34164 1 1224
34165 1 1237
34166 1 1251
34173 4 1284
34180 1 450
34209 2 1701
34216 1 929
34222 1 3470
34245 1 480
34256 2 576
34257 2 442
34259 1 320
34260 1 309
34261 1 329
34262 1 329
34268 1 3482
34284 1 371
34303 1 4581
34322 1 420
34323 1 663
34330 2 590
34331 1 772
34332 1 758
34354 5 2232
34358 1 1007
34392 8 3063
34393 1 1308
34394 1 8616
34429 1 1037
34445 2 2643
34449 2 3565
34454 1 1630
34478 1 1361
34484 1 1718
34509 3 1584
34515 1 1018
34516 1 459
34517 2 764
34518 2 777
34548 1 2298
34553 1 1919
34561 2 870
34645 1 1526
34661 24 22673
34663 1 641
34674 2 2253
34681 1 57
34683 1 1171
34689 6 1908
34695 1 697
34696 1 2011
34716 1 900
34722 2 1829
34723 1 966
34743 1 439
34752 3 1744
34757 1 1160
34785 3 558
34795 1 4142
34820 16 7148
34826 1 1380
34828 2 2867
34853 9 950
34865 1 180
34876 1 459
34881 6 2427
34928 2 647
34929 2 712
34932 1 731
34937 2 1326
34938 1 5944
34944 5 946
34954 2 779
34955 1 822
34956 1 818
34957 1 667
34964 1 1938
34973 1 1217
34990 4 5418
34995 3 3471
35061 2 530
35077 1 753
35145 3 827
35170 1 1948
35203 1 124
35317 1 1885
35319 2 534
35340 3 4545
35368 7 2496
35375 4 677
35376 2 738
35395 2 1776
35399 4 6478
35427 2 12574
35428 2 12657
35430 1 2096
35432 1 1823
35434 1 1365
35469 1 1178
35475 2 12761
35482 2 1290
35483 1 1826
35487 1 1788
35513 1 481
35534 1 2007
35548 2 1681
35549 1 514
35583 1 826
35592 1 826
35599 1 1705
35601 1 666
35630 1 196
35650 1 73
35709 1 1257
35720 1 4608
35743 3 4461
35747 1 219
35766 1 1100
35791 1 1953
35859 2 876
35887 2 4260
35889 1 507
35891 1 2019
35945 2 2222
35968 2 995
36009 6 1434
36013 2 2981
36016 1 405
36023 6 5721
36027 3 7080
36033 1 3256
36034 1 1983
36046 1 967
36051 1 3640
36057 1 2918
36059 1 488
36074 1 316
36075 1 325
36076 1 325
36077 1 325
36092 4 891
36109 1 12698
36140 1 623
36146 1 548
36147 2 528
36175 2 1254
36184 1 311
36194 5 654
36201 3 622
36210 1 1205
36216 1 962
36229 2 1405
36254 4 2032
36269 1 457
36270 1 1047
36271 2 587
36355 1 64
36386 1 548
36387 1 3582
36394 1 5251
36395 1 5251
36396 1 5251
36397 1 8678
36398 1 8678
36403 1 2989
36404 1 2989
36405 1 2989
36450 1 487
36453 8 355
36454 8 499
36492 1 541
36497 1 1543
36498 1 8241
36499 3 381
36513 1 559
36532 2 1001
36533 2 1642
36553 1 1086
36561 1 389
36563 1 492
36575 4 603
36583 1 1261
36591 1 766
36594 1 830
36600 2 1304
36607 2 33
36623 2 428
36664 1 1214
36675 4 6019
36729 2 1013
36732 1 18263
36736 1 851
36750 3 1341
36754 1 1714
36762 1 753
36779 2 1172
36784 1 1169
36786 1 1500
36788 1 1941
36789 1 1662
36836 1 1458
36860 1 879
36862 1 547
36874 1 369
36926 2 888
36927 2 436
36943 1 2403
36944 1 1225
36945 46 21910
36958 1 285
36986 1 73
36994 2 421
37017 1 831
37026 1 1042
37039 8 1824
37049 7 872
37057 1 5130
37063 1 1966
37067 1 1829
37071 6 550
37075 5 595
37076 1 845
37080 2 77
37081 1 183
37091 11 1834
37104 1 1776
37112 1 185
37122 1 81
37124 4 815
37131 1 369
37158 1 117
37175 1 1376
37186 1 1352
37190 1 34
37193 3 4630
37197 1 3237
37206 6 2132
37278 2 2964
37324 3 5244
37325 1 5474
37328 1 338
37334 2 317
37374 1 929
37382 1 3256
37401 2 1431
37413 1 309
37414 1 312
37417 1 899
37418 2 1786
37423 5 13622
37435 1 517
37436 7 9722
37465 1 519
37505 1 759
37534 4 1033
37550 1 1723
37567 5 2983
37583 1 1026
37587 12 2098
37588 1 1267
37599 1 1374
37620 1 1774
37653 1 1054
37661 1 5314
37677 1 486
37678 2 1076
37679 1 582
37686 1 2096
37708 1 894
37712 1 8990
37721 2 1814
37742 2 101
37785 2 1446
37851 4 1065
37870 1 1042
37887 1 1454
37889 3 4249
37890 14 524
37892 2 5282
37902 1 421
37932 9 17484
37937 10 525
37949 1 2150
37959 1 3028
37974 1 1488
38000 1 1429
38004 1 2166
38007 1 1299
38021 3 1068
38030 2 894
38042 2 240
38053 3 699
38077 3 968
38105 4 1881
38109 1 1202
38151 4 2229
38157 1 3920
38185 1 645
38200 1 3117
38210 1 1326
38223 4 12647
38231 1 1012
38238 1 695
38240 3 1492
38242 2 1095
38253 1 1048
38267 2 892
38276 1 632
38279 2 2423
38309 2 1508
38316 2 1756
38320 1 422
38330 1 672
38351 2 2567
38359 1 1335
38410 1 952
38448 1 6071
38473 1 931
38475 1 589
38476 1 1139
38480 1 1546
38482 11 1834
38483 31 1201
38504 2 718
38510 1 1907
38523 4 597
38530 2 1502
38558 1 511
38579 3 786
38586 1 3019
38608 21 4302
38630 1 846
38635 1 1518
38645 1 282
38650 1 337
38657 1 1006
38663 1 3825
38672 1 1650
38712 8 9962
38748 4 2192
38756 1 619
38770 15 933
38781 1 2162
38783 1 228
38786 26 2614
38790 1 382
38812 12 2023
38839 2 905
38841 1 1307
38857 1 1230
38866 1 1238
38880 1 1528
38887 1 1530
38888 1 1184
38897 1 1868
38898 1 271
38910 3 7766
38920 1 25
38925 1 1372
38926 2 1938
38968 2 1028
38970 8 774
38979 3 1182
38990 2 680
38999 2 4065
39002 1 1086
39007 1 303
39008 1 311
39010 1 2843
39065 2 606
39068 1 6017
39070 4 477
39087 6 392
39110 2 105
39127 1 1657
39148 2 4610
39173 2 713
39191 2 737
39204 1 908
39210 1 1517
39251 1 2258
39263 1 1191
39273 1 1081
39278 1 5705
39279 1 5440
39291 5 1216
39296 2 1741
39304 2 1175
39311 2 2070
39313 2 2054
39315 1 788
39329 2 32477
39348 2 1537
39388 1 2149
39414 1 502
39430 1 1661
39456 1 1320
39457 1 1408
39470 2 2520
39477 2 1465
39486 1 285
39487 1 910
39510 2 1784
39536 1 1463
39583 1 174
39584 1 854
39587 4 384
39591 1 1013
39607 1 729
39618 5 1328
39630 1 707
39647 1 872
39698 4 777
39702 1 949
39714 1 509
39796 3 688
39806 1 1057
39811 2 407
39915 2 894
39916 1 1355
39918 1 778
39920 3 1039
39936 1 481
39961 1 418
39978 7 30166
39980 3 1431
39992 1 585
39998 5 1097
39999 1 4187
40007 1 1943
40015 1 892
40033 1 2140
40036 1 2425
40037 1 3833
40047 1 1267
40087 1 1024
40088 1 1024
40089 1 1024
40113 14 2948
40132 4 890
40139 4 845
40146 1 350
40184 1 1340
40187 1 955
40189 1 778
40190 3 953
40213 2 496
40215 1 861
40223 2 377
40236 1 793
40237 1 1541
40242 1 375
40283 1 192
40287 1 10480
40292 3 1359
40298 2 1191
40300 1 78
40315 1 577
40338 3 665
40346 1 1147
40351 1 1650
40387 1 803
40392 2 1557
40397 1 1801
40405 1 1113
40424 20 757
40425 2 620
40449 1 219
40479 1 1354
40501 1 764
40538 11 14088
40550 1 3684
40654 2 2946
40683 1 1321
40690 1 1709
40691 1 503
40695 1 8337
40696 1 6423
40697 8 2727
40701 2 316
40728 2 454
40739 6 5778
40751 1 1847
40808 1 297
40809 1 310
40815 1 274
40816 2 1398
40819 2 10440
40820 9 4100
40826 1 1717
40829 1 3054
40901 1 712
40907 2 588
40921 3 811
40925 2 2385
40936 2 3129
40944 1 5673
40959 1 5445
40986 6 693
41013 1 2867
41014 4 379
41016 1 308
41021 1 1682
41025 1 902
41035 4 972
41048 3 1925
41065 2 391
41076 10 1472
41114 1 2690
41149 6 958
41150 1 378
41151 2 438
41154 4 1359
41162 1 1960
41177 1 1084
41224 1 1980
41233 1 1484
41254 2 547
41256 1 477
41260 1 54
41261 1 52
41262 1 54
41264 1 707
41288 7 572
41337 1 735
41431 1 1782
41434 1 1152
41457 1 705
41524 1 2455
41542 3 448
41716 1 873
41726 1 2949
41738 1 1731
41764 1 1047
41765 1 2363
41766 2 1995
41767 4 1154
41780 1 732
41789 1 925
41802 2 2461
41812 1 375
41829 1 117
41842 1 1367
41844 1 1013
41853 5 4530
41864 3 1341
41865 1 1487
41890 1 492
41904 1 1303
41905 1 1777
41906 1 581
41933 3 192
41939 1 78
42034 2 580
42035 8 3392
42040 1 182
42052 1 1735
42085 1 6194
42088 1 1078
42107 4 1958
42127 1 1483
42150 1 2706
42154 1 520
42161 4 9423
42185 1 854
42217 1 52
42238 1 1943
42260 3 1936
42292 2 1752
42305 2 1661
42307 1 570
42330 8 6012
42331 6 4860
42351 1 328
42352 1 322
42358 1 1430
42424 1 6309
42429 1 678
42430 1 727
42432 1 688
42433 1 459
42437 1 602
42451 1 678
42485 1 1654
42491 1 151
42505 1 1014
42511 2 1464
42514 1 390
42520 3 833
42523 1 439
42541 1 901
42551 1 60
42556 1 882
42563 1 471
42564 1 880
42565 1 1069
42579 1 857
42592 1 1042
42599 1 1553
42648 1 4779
42649 1 62
42664 1 1406
42676 1 1415
42763 1 6680
42767 1 8035
42768 13 4939
42771 22 2420
42829 3 1121
42831 1 2086
42852 1 512
42882 1 1324
42903 4 311
42904 1 732
42905 6 386
42906 2 315
42907 1 734
42908 3 398
42909 4 319
42933 1 743
42964 1 322
42970 1 498
42992 2 436
43009 11 2498
43054 1 54
43056 1 270
43069 1 1058
43097 7 904
43110 1 668
43119 1 936
43120 2 815
43122 1 1078
43123 5 1254
43127 1 769
43150 2 9162
43153 17 695
43162 4 184
43250 1 578
43343 2 447
43388 2 576
43428 6 1779
43433 1 562
43441 1 270
43476 1 2726
43477 2 22611
43485 1 271
43496 1 2079
43497 1 1986
43522 3 1077
43531 1 1419
43572 1 693
43575 2 1608
43582 1 2029
43583 1 569
43596 1 771
43602 1 435
43605 1 1286
43611 8 1321
43620 1 1150
43641 1 1904
43649 2 4774
43659 1 1360
43672 2 746
43673 2 1826
43678 3 956
43680 1 1915
43683 1 1512
43691 1 1413
43693 1 1197
43694 1 193
43704 2 181
43730 1 1965
43733 1 71
43785 8 2976
43789 11 1442
43813 2 981
43814 1 675
43838 2 5071
43840 1 1167
43843 2 878
43898 1 2947
43921 40 9448
43968 1 221
43975 2 248
44011 1 1934
44041 2 1326
44049 2 721
44050 1 4928
44058 2 77
44060 1 880
44063 1 772
44091 6 5768
44092 1 720
44094 2 738
44099 1 1566
44100 1 401
44115 1 4306
44130 1 6601
44131 9 580
44133 1 384
44143 2 3570
44149 1 314
44150 1 310
44151 1 315
44152 1 329
44153 3 1288
44154 1 1236
44155 1 1605
44163 1 1618
44182 22 930
44187 1 1048
44190 1 1021
44210 1 1542
44219 1 1788
44220 4 7927
44263 1 624
44283 1 1417
44284 1 1674
44286 32 5425
44298 1 581
44323 1 1224
44336 8 9286
44372 1 5509
44373 1 727
44375 1 501
44405 2 586
44407 3 1204
44411 2 58
44417 3 1031
44449 1 864
44459 2 681
44460 2 709
44479 5 5563
44494 1 3303
44498 5 1049
44508 3 595
44509 3 519
44510 1 447
44513 2 497
44514 3 589
44518 1 597
44553 2 2254
44574 1 1177
44580 1 936
44585 2 1136
44587 1 645
44588 4 2135
44590 1 3346
44698 1 2666
44699 1 280
44700 2 506
44701 2 485
44702 2 505
44703 2 506
44704 2 472
44705 2 503
44706 2 487
44709 2 481
44735 1 3497
44745 1 748
44747 8 1189
44775 1 2616
44788 2 1806
44825 1 967
44850 2 570
44851 2 509
44860 2 283
44864 4 526
44879 21 3172
44881 1 3374
44905 1 33
44911 2 1376
44912 3 1423
44913 3 1392
44918 1 2627
44919 1 482
44925 6 3438
44926 1 1352
44932 4 2141
44943 7 1027
44954 1 8549
44961 1 1596
44966 1 1130
44969 10 1060
44977 2 227
45074 2 969
45080 4 749
45081 5 774
45083 2 811
45091 4 602
45092 1 721
45093 1 856
45157 1 943
45208 1 1331
45225 2 254
45226 2 390
45227 5 590
45228 2 566
45229 2 279
45230 1 316
45231 2 262
45246 1 2149
45270 1 383
45271 1 463
45274 1 458
45289 1 381
45303 2 809
45307 1 432
45319 1 1413
45374 1 54
45375 1 54
45416 1 786
45441 1 489
45468 1 357
45476 1 548
45491 4 863
45604 1 345
45676 1 11251
45678 1 612
45679 2 695
45687 1 459
45808 2 1186
45810 3 1799
45824 2 2571
45850 1 414
45859 4 21421
45863 2 805
45878 1 1656
45880 1 2642
45910 1 1479
45919 1 895
45938 1 1759
45941 4 616
45945 1 1539
45965 1 724
45971 2 1186
45976 8 1351
45977 2 272
45996 1 1166
46010 1 846
46031 1 1240
46032 1 682
46046 3 3634
46082 1 70
46083 1 1036
46116 1 5154
46128 4 1163
46139 2 980
46153 1 3988
46216 2 1442
46242 3 748
46289 1 4086
46317 1 286
46318 1 2246
46319 11 2904
46320 3 1655
46330 1 762
46342 3 615
46346 5 1338
46388 14 81863
46412 1 849
46420 1 1091
46424 1 741
46434 1 2480
46465 1 512
46472 1 1725
46479 3 695
46503 1 324
46519 1 5448
46545 1 1493
46551 1 8597
46553 1 1252
46554 7 1226
46555 1 980
46558 4 532
46576 1 1473
46601 1 967
46605 3 941
46609 1 2149
46612 1 2153
46614 1 752
46634 2 2594
46637 3 1010
46646 2 1436
46664 1 716
46678 3 1390
46687 1 1479
46691 1 1448
46730 1 1979
46748 1 1902
46771 1 1801
46781 2 3752
46783 1 2182
46792 1 511
46801 1 577
46814 1 2350
46824 1 1526
46827 1 830
46830 1 501
46833 1 1149
46845 3 878
46853 2 942
46891 2 5171
46927 5 975
46943 1 1398
46954 25 5186
46979 1 544
46994 1 962
46996 1 318
46997 3 1325
47009 1 479
47015 1 614
47030 2 496
47060 7 717
47071 2 1073
47075 1 1834
47099 2 633
47105 1 329
47116 1 1420
47128 2 1444
47132 9 951
47136 2 436
47151 5 5857
47156 2 1212
47198 1 457
47199 2 3686
47216 1 573
47220 3 631
47252 1 282
47256 2 922
47261 2 657
47274 4 830
47292 1 393
47309 2 321
47314 2 500
47315 2 489
47316 2 486
47317 2 518
47318 2 495
47319 2 482
47320 2 496
47321 2 479
47322 2 486
47323 2 505
47324 2 909
47325 2 476
47326 2 539
47350 1 2865
47371 3 650
47374 2 1188
47386 1 1400
47423 2 556
47424 2 670
47437 1 1517
47440 4 1137
47444 1 3470
47449 1 2847
47459 1 8496
47465 4 224
47471 1 1640
47475 2 992
47486 2 1332
47488 3 1495
47497 1 2515
47498 1 3543
47499 1 1307
47507 1 2065
47522 4 1342
47559 2 11224
47561 5 3141
47605 2 1339
47621 12 2092
47651 1 3064
47655 1 853
47659 1 3727
47666 2 881
47707 1 1032
47735 1 653
47780 1 5199
47786 3 862
47809 9 655
47818 1 1062
47827 1 54
47828 1 54
47840 1 1481
47842 1 574
47843 1 1288
47863 2 1267
47870 1 187
47897 1 1442
47899 2 352
47905 1 685
47910 1 1921
47921 1 336
47926 2 299
48045 10 11481
48062 1 712
48069 1 3129
48073 2 903
48077 9 410
48082 3 816
48084 2 749
48086 1 1062
48095 1 490
48105 1 56
48108 2 1242
48115 3 628
48116 1 1532
48124 8 1276
48125 3 1715
48126 2 1791
48127 2 1809
48128 1 533
48137 2 809
48151 1 975
48165 1 946
48170 1 993
48179 1 1000
48180 3 25164
48181 5 1551
48191 1 364
48197 2 8238
48204 1 1943
48209 1 2047
48222 1 3062
48278 11 572
48295 4 603
48296 2 1337
48316 1 541
48324 1 520
48348 1 980
48362 12 5057
48366 1 1222
48377 4 560
48379 3 6270
48380 3 522
48382 2 3039
48407 1 1657
48408 2 1213
48413 1 3524
48414 2 3926
48427 1 440
48428 2 495
48473 1 364
48475 1 4416
48495 2 1200
48496 1 1185
48497 1 1231
48501 1 3845
48508 1 1328
48546 6 2386
48582 2 708
48589 1 391
48590 1 404
48597 1 514
48600 3 353
48602 1 421
48621 3 525
48622 1 687
48623 1 700
48624 1 404
48626 1 481
48627 1 497
48629 1 748
48676 1 1096
48679 1 2017
48763 1 668
48764 1 1470
48775 3 980
48777 1 2052
48779 2 3569
48782 1 1152
48810 1 969
48813 3 1199
48817 1 480
48822 8 1408
48857 3 982
48876 1 220
48921 7 2787
48925 1 4731
48935 1 1249
48944 1 507
48952 1 1906
48954 1 4360
48955 2 2415
48967 1 1372
48993 2 1384
49000 2 3581
49023 3 1908
49037 7 3222
49061 1 1867
49062 1 1778
49063 1 1301
49065 2 468
49070 1 951
49075 2 660
49078 4 523
49079 4 1864
49092 2 39956
49094 2 636
49100 5 2086
49130 1 2701
49137 4 1559
49166 3 540
49167 5 1024
49168 2 444
49169 2 318
49170 2 443
49172 2 315
49173 8 10707
49174 4 9273
49175 7 9938
49176 20 11069
49199 1 222
49208 1 619
49216 1 1081
49221 1 1018
49222 4 822
49224 2 658
49238 1 2254
49276 3 5599
49280 7 703
49324 3 319
49340 1 2095
49373 2 709
49385 3 1108
49392 1 4953
49398 1 683
49414 1 609
49419 1 584
49440 1 988
49441 1 826
49442 1 1338
49447 2 742
49464 2 549
49469 1 521
49470 1 664
49482 1 1172
49483 10 4047
49484 2 3481
49498 1 1116
49500 1 54
49501 1 54
49507 21 934
49516 1 1481
49517 7 1671
49519 3 1422
49520 1 873
49540 1 892
49557 1 878
49563 1 427
49566 3 756
49567 1 929
49611 1 271
49643 1 724
49649 1 949
49650 1 927
49662 1 2884
49679 1 2751
49680 3 5727
49681 4 3266
49683 2 761
49690 1 634
49695 4 726
49705 1 1264
49714 1 1703
49732 4 796
49747 1 512
49748 1 1118
49752 8 1670
49759 1 404
49776 1 9407
49804 4 2520
49809 1 1482
49834 2 904
49844 6 6972
49860 3 2471
49861 1 1351
49868 1 730
49869 1 1403
49872 1 577
49873 1 452
49874 1 919
49875 2 816
49876 6 1037
49877 2 780
49878 2 1027
49879 5 1402
49880 1 865
49881 9 827
49882 2 675
49936 1 64
49991 2 1914
50016 18 11583
50036 1 1008
50039 1 1072
50043 3 1102
50056 2 5845
50110 1 63
50121 2 2247
50123 1 1225
50124 1 1198
50127 1 917
50145 1 503
50147 5 667
50149 2 578
50163 1 4995
50173 1 1992
50175 2 1279
50207 4 2916
50220 1 1015
50225 6 368
50236 1 1937
50238 1 974
50256 1 865
50293 4 2189
50325 1 1374
50331 4 1304
50353 2 2913
50397 1 1113
50398 1 717
50400 1 2559
50439 1 3976
50447 4 1637
50454 13 927
50467 1 315
50470 9 357
50471 1 745
50472 5 597
50473 1 312
50474 2 452
50492 1 3702
50504 1 2431
50509 1 446
50515 1 3053
50529 2 4267
50539 1 725
50560 7 788
50571 1 990
50580 1 551
50581 1 492
50599 1 5431
50613 3 2424
50627 3 611
50646 1 1577
50649 2 501
50650 2 488
50651 2 458
50652 2 505
50653 2 447
50654 2 514
50655 2 502
50656 2 480
50657 2 1955
50658 2 493
50659 2 504
50660 2 598
50661 2 489
50662 2 488
50663 2 491
50664 2 505
50665 2 490
50666 2 489
50667 2 492
50668 2 1658
50678 2 1278
50714 2 1566
50719 1 2143
50721 3 1456
50722 11 3030
50726 4 2071
50737 1 666
50768 11 708
50772 1 848
50773 2 1104
50774 5 724
50776 17 2775
50786 1 1972
50852 2 3288
50853 1 3547
50858 2 1121
50859 3 683
50869 1 1761
50871 4 1144
50874 1 545
50878 1 923
50895 3 2073
50902 3 1707
50904 3 1387
50905 3 1545
50906 3 1447
50918 4 2316
50920 1 1937
50921 4 3926
50922 1 2085
50923 1 2197
50924 1 1807
50925 1 2062
50927 2 527
50936 6 3155
50948 1 468
50949 1 1000
50956 1 769
50966 4 8029
50995 1 1053
51048 4 703
51088 4 2484
51095 1 549
51098 1 268
51099 1 1212
51100 4 2250
51113 1 1849
51138 1 586
51143 2 378
51184 3 1372
51185 3 1302
51186 3 1345
51187 3 1399
51194 1 2656
51195 1 2015
51201 1 1247
51235 2 332
51236 1 1936
51282 2 1479
51285 1 1356
51289 1 140
51290 1 6381
51295 5 5729
51300 2 603
51301 2 765
51324 5 2010
51325 4 1021
51336 2 974
51386 3 2055
51388 1 294
51402 1 383
51404 1 2165
51408 1 768
51413 13 848
51435 1 776
51459 3 1193
51469 1 1403
51474 5 822
51494 2 905
51516 1 4186
51545 5 10771
51564 1 987
51565 2 1885
51602 1 951
51650 1 757
51659 1 1205
51702 1 686
51777 1 1830
51788 1 720
51799 1 1021
51802 3 5283
51816 28 4853
51839 1 9735
51843 24 6718
51848 2 1167
51852 2 599
51859 1 1363
51867 1 4614
51881 1 4113
51893 1 635
51899 8 12169
51979 1 6703
51987 1 4909
51988 1 6522
51991 1 4229
51993 2 12689
51994 1 9298
52009 1 219
52010 4 1541
52018 1 3486
52046 1 871
52068 1 39
52069 2 2292
52077 1 66
52112 2 942
52147 1 691
52169 1 1437
52171 4 1538
52180 1 1192
52187 7 1536
52202 1 424
52211 1 730
52212 1 782
52215 3 1222
52217 1 1695
52228 1 3809
52236 1 1423
52257 1 1138
52261 9 3083
52262 3 451
52263 1 298
52264 1 330
52265 1 328
52320 1 2961
52329 2 422
52345 2 3783
52356 1 1329
52366 1 1215
52371 2 54
52376 1 1027
52386 4 3359
52397 1 4823
52400 1 1455
52440 1 6680
52459 2 704
52475 2 1358
52480 2 2295
52489 6 868
52490 6 1314
52502 38 6875
52565 1 885
52573 1 724
52579 1 1308
52595 1 73
52596 1 68
52603 1 3071
52606 9 952
52612 1 119
52613 1 1549
52676 3 649
52720 2 2878
52722 1 2934
52728 1 1010
52797 1 2584
52799 1 524
52814 4 456
52928 1 567
52970 4 296
52988 13 24350
52989 1 465
52992 1 333
53044 1 1024
53099 1 3241
53158 4 9225
53164 1 1163
53201 2 527
53202 3 823
53203 1 1666
53210 1 1461
53241 2 4057
53242 1 4792
53243 2 3386
53250 1 814
53261 20 1586
53358 2 529
53365 1 748
53367 2 1856
53370 1 662
53399 1 1251
53406 1 1067
53430 1 48057
53491 6 5993
53492 1 606
53517 26 1671
53531 1 309
53532 1 317
53537 6 2107
53599 1 646
53606 1 470
53621 2 968
53673 1 426
53688 2 2329
53707 2 5088
53723 1 564
53725 14 951
53727 1 623
53764 1 660
53765 1 321
53780 2 3112
53794 1 2430
53868 4 1390
53872 3 1631
53888 23 5712
53890 3 3997
53891 3 3993
53892 3 3994
54116 1 1186
54134 3 2948
54157 4 5381
54158 1 955
54160 1 1691
54196 3 1353
54208 1 1198
54228 1 1079
54245 3 567
54264 1 75
54265 1 71
54280 1 777
54323 4 1293
54395 8 1016
54397 2 877
54400 1 1530
54408 1 71
54409 1 71
54411 1 74
54413 1 330
54453 9 950
54454 9 951
54455 9 953
54457 2 1157
54468 1 516
54483 1 1091
54485 2 4555
54488 2 1158
54490 2 712
54498 1 1546
54499 2 1270
54501 2 622
54512 3 1202
54551 1 2055
54554 1 2063
54559 5 2260
54562 1 595
54566 6 8702
54568 2 831
54579 2 709
54598 1 629
54599 1 461
54600 3 428
54603 2 435
54610 1 475
54611 11 635
54622 3 448
54648 1 500
54684 1 1450
54686 1 557
54859 2 453
54860 2 493
54863 2 507
54864 2 518
54865 2 532
54888 4 1182
54893 4 3377
54942 1 567
54946 1 617
54949 1 1656
54950 1 3726
54954 1 1029
54961 1 1281
54966 3 6126
54985 1 1289
55037 3 625
55059 10 2098
55063 1 17333
55067 1 3184
55072 1 3317
55073 1 3312
55085 1 476
55094 1 12123
55111 3 1486
55112 3 1429
55113 3 1550
55118 2 4304
55119 1 566
55128 2 1409
55134 1 511
55146 1 2594
55156 1 1405
55167 9 1518
55315 1 926
55316 3 951
55317 1 1034
55318 3 977
55319 1 745
55324 2 921
55325 1 657
55327 16 6079
55413 1 691
55425 1 633
55485 1 1849
55486 1 515
55487 1 316
55488 1 816
55489 6 331
55490 2 843
55491 1 509
55492 1 408
55493 1 400
55494 2 380
55496 15 5278
55497 7 4177
55498 1 5155
55501 2 2314
55515 1 1874
55516 1 1474
55533 4 939
55540 1 577
55545 1 3187
55596 1 67
55612 4 642
55614 2 5399
55628 4 2339
55640 2 501
55644 1 54
55645 1 54
55673 2 1167
55689 19 846
55694 1 403
55696 2 173
56019 1 2130
56044 2 506
56180 1 1457
56187 3 1455
56189 1 1843
56210 2 505
56215 2 1081
56222 1 611
56239 4 1417
56240 1 1255
56242 1 553
56247 1 967
56279 1 917
56293 1 457
56321 2 2422
56409 1 1089
56418 1 1368
56419 1 1590
56420 3 1446
56428 1 1075
56432 1 1372
56441 7 678
56471 6 13098
56480 2 1143
56484 2 494
56487 8 3333
56494 3 1522
56500 2 2556
56505 1 5118
56514 1 1583
56515 1 57
56518 3 523
56519 3 7799
56527 1 1174
56536 1 906
56553 11 7598
56602 1 1212
56609 1 521
56610 1 679
56635 3 1373
56639 1 1021
56652 20 5800
56657 1 403
56687 31 2943
56692 1 1282
56701 1 2806
56711 7 1301
56717 1 2410
56720 1 1269
56745 1 70
56788 1 2350
56789 1 743
56819 2 278
56830 2 705
56881 2 4650
56882 1 255
56885 4 1894
56915 1 4927
56919 1 665
56922 2 1234
56926 2 688
56936 3 962
56937 3 655
56939 2 459
56943 1 499
56945 2 662
56951 1 592
56952 1 621
56954 1 921
56961 1 7535
56974 1 944
56978 1 251
57020 1 635
57035 1 431
57036 4 455
57040 1 3492
57064 2 69
57168 2 478
57169 2 496
57170 2 487
57171 2 550
57172 2 491
57173 2 494
57174 2 496
57175 2 496
57176 2 483
57180 2 1975
57181 2 502
57182 2 482
57183 2 542
57184 2 505
57185 2 489
57213 1 1593
57217 3 1984
57219 1 261
57228 2 1834
57238 1 2018
57254 3 1206
57298 1 137
57308 1 1002
57320 1 1640
57328 2 215
57354 2 630
57357 1 1387
57365 2 268
57370 15 593
57371 2 1247
57380 1 3371
57384 1 3357
57408 1 3005
57436 4 3484
57439 3 1505
57440 3 1299
57444 1 927
57449 1 3288
57450 1 3346
57451 1 3058
57454 4 483
57459 1 1142
57460 1 2888
57491 1 1106
57499 5 1034
57505 1 918
57509 1 655
57530 1 2185
57626 1 1133
57647 1 705
57648 2 556
57651 3 6526
57652 1 1616
57658 2 917
57660 1 6533
57727 3 316
57738 1 351
57742 1 1058
57748 1 1258
57756 1 588
57757 1 1344
57767 12 1708
57794 1 859
57796 1 423
57797 2 730
57798 2 409
57833 1 2030
57837 1 1247
57907 1 62
57912 1 1885
57931 3 1340
57937 3 716
57938 1 261
57942 1 513
57948 23 5712
57949 23 5712
57950 4 10362
57951 4 10312
57952 4 8583
57953 4 8583
57954 3 4003
58186 1 539
58202 2 1151
58204 2 1235
58212 2 689
58216 2 1715
58226 2 2030
58235 1 209
58237 15 1040
58244 1 850
58266 12 852
58299 1 249
58304 1 685
58315 2 2480
58319 1 719
58361 1 69
58378 1 2575
58410 2 724
58411 1 611
58412 10 528
58413 1 447
58414 1 155
58415 3 366
58431 1 1274
58467 2 4185
58483 1 711
58487 1 1326
58497 2 611
58501 1 916
58673 1 648
58677 2 506
58678 2 2423
58679 2 503
58680 2 477
58681 2 509
58682 2 486
58683 2 536
58684 2 473
58685 2 496
58686 2 512
58687 2 468
58688 2 516
58689 2 483
58690 2 476
58691 2 488
58692 2 501
58693 2 504
58694 2 520
58695 2 516
58696 2 435
58735 1 492
58756 1 680
58774 1 695
58810 1 891
58815 2 603
58816 2 564
58818 2 607
58832 2 1304
58835 1 594
58841 2 2975
58842 1 3299
58844 1 3246
58853 1 2423
58890 2 1405
58891 3 1447
58892 3 1567
58893 2 1474
58894 2 1412
58907 1 749
58910 1 544
58915 1 604
58939 2 252
58964 1 5289
58965 1 5140
58966 1 5767
58967 1 3481
59072 1 10092
59074 1 644
59171 4 1633
59188 3 381
59198 1 458
59199 2 332
59200 1 340
59214 1 604
59215 1 1368
59220 3 428
59227 1 4022
59229 3 707
59237 1 492
59255 1 766
59282 2 497
59286 1 54
59338 1 700
59347 1 9699
59355 1 891
59358 1 836
59417 6 1841
59419 2 794
59469 1 4789
59474 2 3565
59479 1 2405
59480 1 2579
59481 1 1817
59494 1 2310
59517 1 1125
59527 1 1590
59567 1 1069
59580 1 1999
59598 1 1721
59627 1 4734
59630 1 5288
59640 1 5056
59664 1 1642
59665 3 1543
59666 1 1637
59667 1 1525
59668 1 1659
59696 1 2013
59722 2 847
59817 1 86
59820 2 1834
59821 2 1475
59822 1 1199
59831 2 1069
59835 1 490
59843 2 6525
59871 2 318
59901 2 10800
59905 1 335
59909 2 3894
59914 2 824
59919 1 605
59922 8 3476
59949 1 974
59954 14 1076
59982 1 4938
59983 1 2990
59984 1 2885
59985 1 4522
59986 1 4731
59987 1 5303
60008 10 762
60009 2 311
60010 1 767
60022 2 1635
60030 3 10533
60032 1 1691
60078 5 2528
60101 1 249
60103 1 1494
60120 6 1210
60124 1 3277
60135 2 508
60136 2 479
60137 2 520
60138 2 492
60139 2 483
60140 2 480
60141 2 535
60142 2 495
60143 2 517
60144 2 476
60145 2 493
60155 8 11169
60156 8 5280
60162 1 672
60166 16 1269
60169 2 734
60193 1 132
60199 1 3044
60224 8 8194
60255 2 788
60260 2 594
60269 2 278
60284 1 1802
60291 2 1433
60294 4 241
60305 2 1305
60314 1 2506
60315 1 3263
60316 1 3178
60317 1 1935
60318 1 3852
60319 1 4138
60327 1 3097
60333 1 744
60338 4 2635
60339 1 856
60341 1 1265
60342 1 1408
60373 2 368
60395 1 316
60398 1 1768
60403 3 2051
60404 6 760
60439 2 897
60440 1 1116
60473 1 947
60483 1 648
60485 1 2859
60486 2 1521
60508 1 699
60509 2 4010
60549 1 257
60553 1 1266
60562 7 2105
60582 6 1074
60599 4 3625
60600 2 734
60605 4 568
60629 15 3596
60662 2 6202
60673 4 16517
60674 1 1471
60685 2 756
60688 1 183
60693 1 7521
60725 2 596
60727 2 588
60728 2 580
60730 2 900
60735 1 3139
60736 1 3344
60748 2 6845
60757 1 988
60759 9 4854
60773 3 1253
60777 1 3095
60778 1 3600
60838 2 708
60839 2 548
60840 3 610
60856 1 341
60861 1 689
60863 7 974
60902 1 251
60907 2 421
60938 2 429
60939 2 310
60940 6 324
60941 2 347
60942 3 330
60943 1 332
60944 1 442
60955 1 1899
60960 3 703
60963 7 3508
60964 4 3850
60967 1 2534
60968 1 1740
60974 1 955
60987 2 93
60997 4 3263
61013 6 1077
61017 7 2099
61018 2 1018
61030 1 54
61031 1 52
61032 1 54
61034 4 1069
61042 1 749
61073 17 8875
61092 1 1272
61098 2 1594
61130 1 2655
61160 2 535
61168 7 657
61169 3 3257
61174 1 269
61186 3 14302
61187 4 15707
61188 13 29700
61192 1 420
61202 1 539
61209 3 1298
61211 1 1448
61240 2 2043
61243 6 862
61263 2 1798
61291 3 1645
61370 1 77
61371 1 72
61372 1 79
61379 1 1394
61390 1 1105
61403 37 1969
61404 1 2003
61405 1 1936
61406 1 1881
61407 1 2034
61408 1 2023
61424 1 797
61425 2 877
61426 6 478
61427 2 842
61429 2 898
61434 1 188
61436 1 219
61438 21 1813
61464 1 703
61506 8 3406
61556 1 3140
61573 7 474
61596 2 220
61617 2 2377
61634 1 850
61635 1 2149
61636 1 2406
61637 2 582
61658 2 1813
61659 6 6067
61669 1 5944
61680 2 2168
61684 1 316
61685 6 363
61696 1 1162
61731 1 1752
61735 1 204
61739 1 601
61740 2 647
61741 1 1274
61750 1 435
61756 3 553
61761 1 16
61771 6 11091
61778 1 494
61787 1 1326
61789 4 1209
61790 2 79
61792 4 1506
61796 1 12819
61804 1 677
61806 2 592
61807 1 926
61808 1 799
61809 1 416
61810 1 890
61811 2 724
61812 2 476
61813 1 560
61814 4 927
61837 2 1035
61849 1 645
61876 1 2252
61877 1 2841
61879 1 2166
61881 1 2444
61889 2 1761
61890 3 2025
61897 1 2680
61899 1 2006
61981 1 815
62001 1 806
62002 2 528
62034 3 3365
62035 1 57
62043 1 209
62052 1 2861
62086 1 1048
62110 1 4274
62111 1 6309
62112 1 688
62114 1 939
62121 4 1683
62146 1 788
62176 1 3929
62187 24 9768
62196 1 528
62229 3 7173
62244 6 306
62251 2 542
62263 1 883
62267 1 526
62270 1 69
62272 1 1274
62293 1 2903
62299 5 7136
62321 2 1110
62337 3 140
62352 1 1206
62358 1 1453
62360 1 1370
62407 1 859
62417 15 11638
62434 2 1233
62439 1 463
62457 1 913
62459 3 666
62461 1 624
62465 3 904
62466 3 2353
62467 1 655
62468 13 2405
62477 1 1158
62567 2 404
62606 1 1424
62614 15 1315
62619 7 1074
62639 6 611
62644 4 281
62665 1 763
62707 1 507
62708 2 571
62709 2 754
62710 2 597
62723 1 3363
62727 1 3232
62730 2 2960
62750 1 1350
62767 1 14162
62775 1 2968
62777 2 1035
62778 2 1898
62787 1 525
62820 3 1547
62827 3 1510
62828 3 1541
62832 1 1084
62839 1 1047
62848 1 1515
62852 1 1986
62855 2 2001
62862 1 1130
62874 1 12417
62914 5 2398
62917 3 1002
62918 13 432
62919 2 380
62920 2 429
62921 3 526
62929 4 5384
62963 1 1028
62965 1 2001
62971 1 173
62973 6 423
62984 1 767
62987 4 1559
62989 2 634
62992 1 5430
62996 2 707
63033 2 862
63036 6 1062
63049 1 1162
63051 1 1657
63059 1 1717
63061 2 5120
63063 1 1595
63074 1 4609
63076 1 3881
63078 3 1839
63081 1 393
63093 1 3111
63098 1 240
63117 1 660
63150 4 384
63164 1 2016
63192 1 625
63210 1 456
63219 2 790
63242 1 67
63254 1 388
63271 2 1472
63280 1 3788
63282 8 1385
63283 2 736
63299 2 621
63345 2 542
63352 1 832
63372 2 1597
63430 1 1309
63434 3 1222
63462 6 3556
63492 1 675
63556 1 619
63566 1 2589
63585 1 1637
63586 1 1019
63595 2 732
63596 6 1377
63602 1 1204
63610 1 1864
63613 1 408
63645 2 407
63648 6 7209
63663 1 1347
63697 1 578
63703 2 2027
63730 1 449
63737 1 2198
63740 1 1761
63760 1 221
63764 1 536
63779 2 2453
63783 1 317
63784 1 307
63788 2 3142
63829 1 956
63835 1 4072
63837 1 6313
63840 1 609
63878 1 307
63891 1 1095
63896 2 1174
63902 2 911
63916 1 1072
63930 2 1373
63954 1 741
63956 2 958
63957 1 1067
64050 1 3580
64051 1 3589
64080 1 249
64302 4 2600
64309 6 438
64310 3 2705
64311 1 4060
64331 1 3013
64344 1 263
64350 2 20899
64372 5 645
64379 2 600
64400 4 837
64407 1 1172
64419 1 3930
64431 1 151
64433 1 432
64455 1 1106
64461 1 771
64462 1 843
64473 1 66
64475 1 71
64502 1 680
64514 1 736
64516 1 239
64535 2 824
64536 2 1251
64543 1 1339
64559 3 4363
64575 1 539
64596 3 820
64598 1 441
64607 1 386
64610 1 1012
64612 1 1382
64628 2 1855
64633 1 524
64677 1 558
64679 1 392
64681 1 3466
64835 2 518
64836 2 504
64837 2 502
64838 2 500
64839 2 477
64840 2 468
64841 2 488
64842 2 482
64843 2 478
64844 2 478
64881 2 1311
64977 2 564
64978 2 549
64979 2 669
64995 1 1355
65007 12 3159
65009 1 3343
65041 3 1469
65043 3 1343
65044 3 1475
65045 3 1414
65047 3 1509
65049 2 1334
65051 3 1455
65057 1 1925
65077 1 2772
65087 4 1504
65117 3 931
65129 3 15643
65257 2 1601
65264 2 625
65265 1 5510
65398 2 1016
65417 2 408
65483 1 537
65489 1 71
65490 1 69
65492 1 67
65522 1 1469
65528 1 674
65531 4 1854
65546 1 1217
65552 1 570
65559 1 419
65576 2 4667
65615 1 461
65623 3 510
65624 1 629
65627 1 552
65629 12 470
65671 1 1356
65684 2 17249
65694 1 420
65706 1 377
65710 1 1365
65712 1 1221
65719 1 1648
65724 8 1237
65731 2 520
65732 2 479
65733 2 483
65734 2 1674
65735 2 488
65736 2 493
65737 2 499
65738 2 506
65739 2 518
65740 2 536
65741 2 509
65742 2 501
65743 2 523
65744 2 574
65798 1 1604
65801 6 418
65816 1 929
65853 2 569
65854 2 641
65855 2 630
65856 2 570
65857 2 630
65872 11 5814
65876 1 394
65885 1 3324
65886 2 3075
65887 1 723
65899 1 3335
65935 3 556
65937 3 1474
65938 3 1482
65939 3 1340
65941 3 1299
65958 1 1390
65969 1 1157
65973 1 1049
66000 3 476
66013 1 2760
66018 1 1246
66019 1 1342
66047 1 1117
66092 18 4332
66131 1 177
66151 1 1614
66157 2 697
66161 1 707
66182 1 1751
66199 1 1333
66205 1 442
66215 1 705
66252 3 357
66253 1 2409
66263 1 275
66264 1 54
66265 1 54
66266 1 55
66269 1 1221
66276 1 857
66281 1 1481
66282 1 1537
66308 1 895
66341 1 1025
66342 1 482
66361 2 392
66365 4 1856
66367 3 1530
66379 4 2917
66422 5 771
66426 4 673
66432 1 615
66444 7 3410
66488 1 204
66500 1 610
66520 1 611
66522 4 942
66527 2 611
66531 3 1226
66567 1 1232
66568 2 1368
66570 1 2510
66593 2 1896
66603 1 1110
66615 1 2064
66617 1 420
66622 1 1633
66669 1 1314
66698 1 2058
66715 1 514
66719 1 2207
66720 1 1705
66721 1 1376
66728 1 700
66747 1 917
66751 2 11896
66753 1 86
66769 1 1150
66801 1 3195
66837 2 1559
66843 1 837
66867 2 2736
66869 1 465
66872 2 1492
66874 1 2969
66889 2 1986
66893 3 541
66922 5 1292
66930 3 2673
66945 1 178
66947 8 18231
66961 1 345
66969 1 1025
66972 1 3916
66976 1 1294
66978 1 739
66983 1 2173
66996 2 432
66998 1 853
67001 1 1320
67003 1 549
67006 2 1019
67007 1 413
67008 1 651
67011 1 714
67012 1 534
67019 1 1107
67021 3 6450
67028 1 2731
67029 1 2546
67031 8 5324
67032 8 5505
67034 6 2166
67045 1 805
67063 1 817
67065 2 920
67071 1 692
67074 1 9837
67083 1 1010
67087 2 797
67088 2 1089
67089 6 1117
67092 1 585
67104 1 1228
67112 1 209
67118 1 911
67127 1 711
67129 1 393
67130 1 172
67187 1 694
67195 1 6824
67227 3 1190
67278 8 982
67290 2 437
67302 2 876
67311 3 1314
67322 2 2602
67323 1 1622
67335 1 4046
67336 2 1641
67338 2 1942
67342 1 6010
67352 1 2080
67369 1 1336
67375 2 994
67389 1 1731
67392 1 2594
67408 1 5567
67410 2 7180
67449 1 1320
67450 8 1510
67451 5 2767
67452 1 3036
67453 1 3053
67454 1 5854
67463 2 217
67464 1 229
67467 4 270
67468 1 810
67493 1 746
67495 3 1466
67501 3 1463
67502 1 2163
67508 2 1345
67512 1 1455
67514 1 1549
67519 3 10460
67548 3 2750
67581 3 435
67615 1 840
67619 5 2054
67623 2 1432
67635 5 1741
67645 4 1830
67657 3 1981
67671 1 6735
67702 1 1327
67705 1 782
67706 1 1416
67721 1 1030
67722 1 1758
67729 1 390
67738 4 346
67751 1 259
67758 1 2196
67765 1 304
67836 3 686
67840 4 966
67841 4 1637
67849 1 571
67858 2 1482
67871 1 1809
67887 2 5056
67910 2 234
67931 1 1269
67957 1 963
67958 1 997
67959 1 669
67961 1 228
67985 1 2304
67986 1 2479
67987 1 2466
67988 1 2356
67991 4 2957
68007 1 795
68010 1 1404
68017 2 859
68026 4 1767
68036 3 1457
68040 1 2912
68049 1 2229
68053 1 1448
68059 1 2106
68064 2 712
68094 2 739
68095 1 142
68098 1 893
68113 1 4826
68122 1 2437
68123 1 1190
68142 2 2271
68150 6 452
68159 1 6709
68169 2 626
68177 1 806
68208 2 1303
68214 1 456
68215 2 646
68217 1 5161
68246 1 1002
68256 4 273
68260 1 1973
68266 1 296
68278 1 1262
68288 1 630
68301 1 695
68306 2 694
68308 6 589
68338 1 1346
68366 1 643
68369 1 11195
68375 1 1502
68393 1 3580
68420 1 2517
68428 1 548
68440 49 2081
68449 1 485
68646 4 1168
68662 2 1078
68665 1 772
68680 1 9381
68681 2 4179
68711 1 669
68726 20 875
68757 4 1151
68766 5 5324
68775 1 1181
68780 1 816
68800 1 854
68825 1 1160
68851 5 931
68862 14 2573
68864 1 71
68902 1 773
68920 2 2788
68929 1 1431
68930 2 1217
68934 4 765
68938 5 1260
68952 1 1060
68957 2 1340
68967 1 839
68985 3 889
69005 2 668
69006 1 499
69007 3 727
69010 2 641
69014 1 806
69036 4 424
69050 1 768
69092 1 475
69097 1 940
69246 2 72
69274 2 490
69275 2 495
69276 2 498
69277 2 487
69278 2 499
69279 2 489
69280 2 491
69281 2 486
69327 1 565
69332 2 352
69344 2 1670
69356 1 588
69373 1 1063
69389 1 574
69390 1 574
69401 2 573
69402 2 595
69414 2 284
69433 2 2935
69434 1 3213
69435 1 3178
69454 2 544
69456 4 1329
69462 1 998
69471 8 979
69472 3 1422
69473 3 1366
69474 3 1458
69476 3 1519
69483 1 3191
69488 1 614
69528 1 1563
69547 2 5735
69693 1 326
69695 1 846
69700 2 372
69710 7 5755
69714 1 2593
69716 6 7169
69721 1 6125
69722 1 1778
69838 3 966
69844 1 450
69855 1 1583
69858 2 2372
69874 4 650
69875 8 687
69876 2 300
69877 5 528
69886 1 2262
69922 1 469
69935 1 695
69951 1 370
69960 1 2050
69969 1 676
70002 1 283
70006 1 54
70007 1 54
70008 1 54
70011 1 255
70037 1 738
70060 2 540
70063 1 368
70067 1 2001
70080 1 872
70121 1 696
70165 2 1399
70211 16 1103
70218 1 1422
70219 1 767
70228 3 233
70229 1 1001
70267 1 434
70282 3 3028
70288 1 1765
70298 1 1605
70300 1 1009
70302 1 1840
70303 1 1436
70305 1 1443
70306 1 646
70311 1 2716
70318 1 225
70339 2 1475
70341 2 2434
70344 2 589
70359 2 177
70368 1 777
70372 1 670
70374 1 826
70381 1 591
70410 9 513
70468 1 549
70481 1 2683
70492 3 315
70523 1 454
70528 2 614
70529 4 819
70531 1 74
70539 1 473
70597 4 600
70626 1 1315
70631 1 5041
70635 1 846
70735 1 952
70739 1 2069
70749 1 6334
70840 1 428
70855 1 5396
70873 1 1758
70937 1 1008
70977 1 1128
70979 2 1611
70989 1 845
70990 3 1168
70993 6 5847
71004 4 1117
71013 2 1564
71015 1 841
71016 4 1255
71027 1 325
71039 1 306
71050 3 3333
71096 2 540
71162 1 1237
71169 2 514
71178 3 1731
71215 1 913
71223 1 935
71240 1 305
71242 6 11150
71249 2 1532
71251 2 1374
71252 3 1357
71262 2 159
71264 1 708
71272 6 1697
71273 1 1606
71282 1 1318
71299 1 1364
71310 1 845
71323 8 3523
71332 4 1266
71372 2 1478
71375 4 1370
71387 1 1937
71388 6 1967
71389 6 1967
71390 6 1967
71391 6 1967
71405 1 1668
71424 1 1049
71459 1 2233
71519 2 2955
71520 1 1281
71525 1 1462
71570 2 278
71605 1 590
71607 1 317
71646 4 1815
71648 1 697
71663 2 998
71668 2 43
71719 1 940
71721 1 911
71727 1 256
71755 1 1099
71757 1 2729
71758 1 1068
71760 1 72
71791 1 772
71803 9 952
71804 9 952
71805 1 1266
71806 1 1826
71811 1 808
71813 1 1515
71828 1 1069
71829 5 347
71845 1 1171
71851 3 958
71891 1 693
71892 1 1268
71906 1 1299
71908 1 1014
71925 1 175
71930 1 926
71974 1 1496
71992 2 1328
71999 6 874
72000 2 811
72001 1 1171
72002 2 1963
72003 2 888
72008 2 499
72011 2 1094
72023 1 772
72024 1 403
72028 3 1317
72038 1 3035
72065 1 9229
72068 1 8137
72093 1 927
72098 2 19912
72121 1 1320
72136 3 764
72145 1 941
72166 1 188
72172 1 802
72182 1 1358
72188 1 660
72245 1 1330
72247 7 1555
72260 1 1541
72275 1 898
72281 4 6411
72293 1 1975
72304 1 2094
72345 1 321
72347 1 1722
72348 1 1677
72367 2 485
72376 2 1507
72379 3 1100
72382 1 4049
72388 8 1980
72412 1 14176
72439 1 379
72478 1 2348
72498 1 11873
72501 1 258
72524 1 1868
72525 3 2404
72547 1 235
72557 1 894
72581 1 1872
72582 1 1345
72583 1 1935
72584 1 1934
72589 1 691
72590 1 2848
72598 1 313
72599 1 307
72600 1 318
72601 1 325
72632 1 618
72635 1 704
72636 2 1026
72650 2 6445
72654 1 469
72660 3 701
72666 1 116
72675 2 8994
72699 1 421
72712 1 1839
72727 1 867
72730 1 1020
72733 1 1843
72749 2 497
72845 3 2164
72868 1 1891
72880 1 1033
72920 1 5462
72930 1 2073
72935 1 2042
72946 9 1541
72947 1 2310
72948 4 1879
72957 1 1211
72958 4 2627
72959 2 2654
72960 1 3082
72974 8 2607
72999 2 3301
73008 1 5555
73011 2 4054
73020 2 968
73034 1 56
73071 2 175
73093 1 4058
73101 1 5854
73105 1 1321
73113 1 1107
73115 1 2759
73123 1 70
73125 1 66
73148 2 5628
73155 1 3609
73161 2 649
73178 6 2035
73180 3 1271
73212 1 2390
73218 1 1865
73229 2 282
73230 5 743
73231 2 307
73232 2 405
73250 3 423
73257 1 992
73259 1 292
73274 3 634
73289 1 555
73290 2 1347
73328 1 664
73330 1 2222
73371 3 354
73393 1 54
73394 1 54
73395 1 54
73403 1 300
73407 2 215
73457 5 432
73466 2 183
73471 1 2068
73498 1 2553
73503 14 541
73506 2 1171
73571 6 3969
73649 3 2033
73660 1 2066
73749 1 1593
73753 1 1851
73769 2 508
73876 6 1770
73877 1 1442
73885 2 522
73889 1 2079
73922 1 793
73940 4 655
73945 1 10857
73946 1 904
73949 1 3890
73960 1 502
73961 1 2232
73963 1 6843
73968 10 1524
73992 1 3335
73997 4 10376
74002 1 427
74014 1 2062
74019 1 1060
74037 10 1036
74039 4 393
74040 7 732
74051 2 1259
74052 1 1551
74089 2 693
74092 1 1697
74099 2 442
74105 1 702
74114 7 3421
74128 1 773
74132 1 665
74160 2 829
74164 1 274
74202 1 492
74213 1 494
74214 1 1016
74226 2 842
74232 4 2451
74243 1 179
74274 1 78
74284 1 1107
74289 1 531
74292 1 1125
74373 2 1982
74375 11 1452
74398 1 1396
74405 2 1483
74415 2 2117
74429 1 885
74436 2 5029
74439 7 1488
74451 1 209
74474 2 1081
74479 2 1275
74511 1 844
74543 1 5014
74572 1 8808
74604 1 5954
74611 1 1155
74622 2 882
74706 1 5592
74720 5 1158
74728 1 3896
74748 2 1518
74752 6 2665
74766 6 6523
74767 6 5811
74770 3 594
74774 1 725
74779 2 1603
74813 1 5631
74836 1 320
74837 1 304
74838 1 326
74839 1 321
74840 1 314
74841 1 313
74842 1 325
74843 1 325
74849 1 482
74857 1 2102
74879 2 853
74886 18 3171
74900 9 931
74902 3 774
74907 1 643
74910 2 1633
74937 1 169
74950 7 380
74959 2 922
75048 2 357
75053 2 472
75054 2 485
75055 2 481
75056 2 529
75057 2 502
75058 2 493
75059 2 483
75060 2 482
75061 2 486
75062 2 497
75063 2 489
75064 2 479
75065 2 486
75066 2 500
75109 1 1277
75124 1 2419
75134 141 4335
75169 1 9895
75170 4 259
75176 1 602
75188 2 575
75202 2 3010
75210 1 3198
75212 1 1417
75244 2 1376
75245 3 1375
75250 1 1780
75323 1 468
75328 2 3938
75414 1 679
75415 8 1320
75419 4 1001
75420 4 5660
75423 1 1748
75425 2 773
75483 2 882
75485 1 487
75490 7 2840
75493 1 1348
75495 2 2492
75518 1 300
75519 2 344
75520 2 343
75529 1 8980
75552 2 3849
75557 1 893
75577 5 825
75588 4 1080
75613 1 492
75615 1 54
75616 1 54
75653 1 697
75654 2 545
75674 2 493
75679 43 4574
75705 1 3042
75758 1 1348
75764 2 930
75823 1 566
75848 2 1317
75964 3 663
75965 1 1326
75969 4 5873
75978 1 461
75983 3 3426
76005 1 1341
76033 2 406
76045 1 1232
76046 1 1623
76050 1 4066
76061 2 3128
76095 1 839
76099 1 1514
76125 1 3583
76129 1 695
76132 1 1508
76158 1 3909
76160 1 6409
76162 1 3412
76164 1 85
76165 1 1767
76169 2 661
76240 1 808
76248 2 1680
76250 1 586
76259 2 509
76263 1 1553
76270 1 193
76310 1 4929
76335 1 1322
76354 2 3077
76370 4 13094
76405 1 5489
76411 2 6346
76434 8 1142
76449 1 6086
76460 6 6070
76487 2 499
76498 1 309
76499 1 308
76500 1 312
76505 7 10048
76507 1 2568
76519 3 3579
76594 3 1805
76607 1 845
76639 1 790
76655 1 2833
76662 1 498
76670 2 2879
76676 6 6037
76677 6 5739
76681 6 601
76702 2 1073
76710 3 1056
76711 1 1349
76725 4 609
76738 1 337
76739 1 296
76740 1 324
76741 1 321
76755 3 5294
76763 1 1702
76774 1 618
76793 1 5567
76865 1 642
76877 1 1735
76886 1 4302
76893 1 593
76935 1 1129
76943 1 726
76944 2 850
76949 1 363
76953 2 1414
77010 1 6732
77014 1 779
77057 1 1725
77061 1 999
77063 1 616
77064 1 781
77065 1 571
77080 5 981
77110 3 1799
77118 1 2646
77123 1 814
77126 1 1012
77195 1 797
77202 1 8001
77203 1 4646
77204 1 4647
77211 1 3451
77212 1 3474
77215 1 1900
77227 14 2803
77231 4 2551
77236 1 1989
77248 1 1903
77364 1 1225
77414 4 870
77415 1 537
77425 2 2873
77449 2 1344
77450 2 5940
77457 1 551
77458 7 1185
77465 3 1129
77472 2 1959
77474 2 4717
77483 1 560
77485 3 666
77489 2 656
77501 1 71
77563 1 320
77566 4 634
77567 1 208
77570 3 929
77571 1 193
77628 1 540
77631 3 1190
77640 2 512
77641 14 414
77642 3 640
77643 1 644
77659 3 1655
77678 1 627
77682 1 579
77762 2 532
77763 2 527
77764 2 521
77765 2 478
77766 2 488
77767 2 488
77768 2 591
77769 2 555
77770 2 453
77771 2 493
77772 2 505
77773 2 509
77775 2 484
77791 2 467
77803 1 711
77807 5 5880
77815 2 676
77819 6 3260
77822 2 1246
77873 1 1455
77874 1 3196
77875 1 3223
77876 1 3309
77877 1 3129
77891 1 1621
77901 2 683
77902 2 1655
77903 3 554
77904 3 1498
77908 2 2693
77946 1 2824
77951 1 738
78075 1 475
78106 1 481
78107 1 507
78108 2 300
78109 1 472
78110 3 336
78113 1 2136
78125 1 1056
