far far 11631 65215343 
12 1 1981
13 1 542
17 1 1148
28 1 2843
35 1 653
36 2 307
41 1 1471
47 1 887
48 1 1265
56 1 996
60 2 145
75 1 1037
112 1 675
113 1 2441
117 6 6480
129 1 969
131 6 14882
132 17 13051
133 1 3237
146 1 2254
147 2 3893
166 1 1370
175 1 818
203 1 5213
242 1 2344
248 2 5568
249 1 906
256 1 8243
258 6 56657
266 1 1509
298 1 903
321 1 57
327 2 2668
343 1 793
352 1 2404
354 1 630
356 1 684
358 1 2199
366 1 1215
372 1 811
375 3 10166
376 1 1200
377 1 713
383 1 719
400 1 1208
417 1 1007
420 2 1422
433 2 1676
435 1 1005
436 1 918
448 1 1045
456 2 1051
461 2 5431
473 2 5126
494 2 451
504 2 11283
529 5 6629
547 1 1844
559 1 4273
562 1 3293
573 1 2963
581 2 332
583 1 1948
596 1 219
624 3 6440
634 1 883
668 1 2059
673 2 235
707 1 625
721 1 1682
725 6 7096
729 1 2727
748 1 1209
752 1 370
777 1 11416
807 1 1677
860 1 3051
864 1 1567
876 3 4565
886 2 5811
889 1 988
902 1 1246
954 1 942
963 2 2981
964 2 3624
965 2 2365
966 2 6046
967 1 4480
969 1 1583
992 12 3872
993 9 10702
995 3 3497
1021 1 980
1025 1 1017
1049 1 2440
1099 1 2460
1104 2 4937
1114 2 1937
1119 1 1874
1120 1 463
1148 1 890
1163 1 1777
1185 6 15836
1190 1 1288
1200 1 636
1221 1 1597
1222 1 1620
1235 2 1164
1272 1 2455
1312 1 1931
1319 1 938
1321 1 3750
1348 1 958
1365 1 993
1373 1 1192
1383 1 1380
1418 1 1093
1419 2 1908
1421 1 800
1423 1 1158
1426 1 1867
1428 1 1327
1430 3 625
1431 9 3318
1432 1 766
1452 4 6140
1460 1 678
1476 1 1049
1484 2 6578
1514 2 1086
1552 1 1020
1562 1 712
1565 1 2063
1570 1 1617
1583 5 4414
1584 1 1777
1597 2 3184
1604 1 217
1609 2 1543
1613 1 784
1618 1 966
1619 1 1446
1625 1 1302
1634 8 30082
1639 1 2238
1640 2 4776
1673 1 250
1726 2 2436
1741 2 5895
1758 1 553
1767 5 13095
1791 1 708
1806 2 911
1816 2 5747
1821 1 2804
1825 1 2370
1827 1 1488
1829 1 1201
1830 1 1777
1833 2 1154
1839 4 1052
1842 1 46
1846 1 1054
1853 2 313
1861 3 5589
1880 1 861
1887 1 1785
1901 1 582
1920 2 1069
1922 1 829
1940 1 848
1948 1 5448
1959 1 1196
1972 1 169
1973 1 16948
1977 1 1021
1978 1 1775
1979 1 1129
1980 1 1830
1981 1 1770
1983 1 5638
1986 1 880
2021 1 2089
2022 1 1071
2026 1 745
2043 1 968
2054 1 714
2059 1 1061
2060 1 1072
2072 1 1175
2075 1 1934
2085 1 752
2086 2 3653
2087 1 448
2093 1 786
2116 11 701
2121 2 4211
2122 1 1275
2151 1 1771
2177 1 2668
2191 1 1582
2204 1 824
2214 1 1202
2216 1 2877
2232 1 1628
2236 1 1793
2242 1 1275
2243 1 2003
2244 1 2544
2289 1 995
2334 1 1337
2338 4 1264
2339 1 1043
2341 1 1394
2362 2 3506
2363 2 3977
2375 1 3907
2389 1 3418
2401 1 8256
2408 1 1064
2409 1 1038
2417 1 597
2441 2 7506
2494 2 731
2500 1 796
2504 1 5375
2521 1 464
2533 1 922
2536 1 2222
2544 1 406
2547 1 949
2565 1 2867
2632 1 1512
2633 1 1505
2651 2 1903
2654 2 1868
2666 1 6601
2677 1 700
2697 1 1348
2708 1 1441
2716 1 4798
2730 1 1646
2758 1 556
2771 2 3216
2794 1 470
2809 3 8131
2845 1 2533
2942 1 1085
2963 2 3763
2981 2 1712
2989 1 2074
3007 1 909
3009 1 608
3012 2 1166
3016 8 2163
3026 1 1747
3029 2 1873
3030 2 997
3069 1 460
3071 2 577
3079 1 522
3086 3 4139
3087 1 782
3090 1 661
3096 1 1172
3097 1 1399
3100 1 2432
3132 1 2453
3133 1 4214
3136 2 609
3171 2 1390
3183 1 1365
3186 1 1440
3195 2 2888
3196 5 2596
3200 1 1236
3202 1 6501
3215 1 1641
3249 5 10966
3267 1 3085
3281 2 3667
3298 2 1620
3301 2 4111
3302 1 4954
3322 1 6038
3335 3 752
3336 1 1048
3338 1 1856
3344 1 1259
3357 1 1191
3370 1 557
3377 1 1482
3378 2 4137
3379 5 4900
3383 2 10722
3394 1 1534
3395 1 810
3406 1 783
3408 6 3212
3409 11 3574
3410 16 11224
3415 2 4495
3429 2 2188
3431 1 665
3432 1 696
3440 1 1888
3449 5 866
3462 1 1044
3463 1 1003
3471 2 4168
3473 1 1294
3482 2 3281
3483 1 1094
3486 2 4565
3522 1 1240
3529 1 989
3572 1 283
3574 1 867
3579 3 4684
3585 1 522
3588 1 622
3596 1 458
3599 2 11096
3600 1 278
3609 1 1300
3613 1 1532
3614 3 1689
3653 1 955
3655 2 1064
3665 1 1640
3668 5 8976
3671 1 4789
3678 1 667
3682 1 687
3683 1 1562
3691 1 200
3711 1 708
3714 1 1777
3716 1 1221
3717 1 251
3720 1 1051
3727 15 17097
3728 1 815
3739 1 488
3740 1 1184
3790 4 5889
3791 2 6472
3823 1 1623
3831 1 3725
3832 5 7941
3847 10 27149
3860 1 1204
3863 2 4935
3887 1 2632
3892 1 846
3915 1 1515
3920 1 519
3921 1 3235
3922 1 4998
3932 2 1367
3935 1 693
3936 2 687
3987 2 171
3996 1 1340
4000 3 6980
4004 1 2253
4016 3 4260
4030 1 1809
4067 1 3490
4068 3 8611
4071 1 573
4074 1 590
4101 1 3929
4145 1 6518
4154 1 716
4157 1 49
4170 1 3258
4178 1 3149
4187 6 7906
4204 2 3711
4211 3 6879
4229 1 1305
4279 1 4524
4296 2 6626
4297 1 7592
4298 4 7423
4305 1 1625
4307 1 2386
4308 1 2754
4312 1 482
4313 1 748
4337 1 823
4348 1 3712
4354 1 2037
4357 1 687
4367 1 1283
4369 1 4444
4373 2 4212
4417 1 4384
4423 1 1170
4426 1 1533
4443 1 683
4446 2 1214
4450 1 6385
4464 1 1473
4468 3 3425
4473 1 2419
4478 1 3007
4495 1 2849
4496 1 6061
4500 1 920
4509 1 1824
4522 2 2966
4527 1 3429
4529 1 487
4550 5 3021
4584 1 633
4594 2 1355
4599 1 1293
4615 1 3920
4618 1 873
4625 1 1120
4645 1 2574
4647 1 1245
4657 1 864
4660 1 465
4661 1 510
4681 1 685
4690 2 532
4704 1 1493
4709 1 2954
4713 1 502
4715 1 884
4727 1 1147
4734 2 3115
4735 4 1217
4736 1 577
4746 2 2258
4749 1 1366
4752 1 5044
4753 5 5716
4764 1 830
4771 1 4349
4775 1 1939
4779 1 503
4782 1 6257
4788 1 1060
4798 1 922
4800 1 1404
4804 1 804
4805 1 852
4818 1 284
4823 2 1869
4833 2 2973
4838 2 5657
4840 1 5531
4842 1 2135
4848 1 1138
4855 1 1500
4875 1 1364
4886 1 1349
4889 2 2095
4905 2 7440
4906 6 8000
4907 6 8001
4908 6 8001
4909 10 4646
4910 10 4646
4911 10 4646
4912 8 7415
4913 1 1169
4915 6 4855
4916 6 4839
4917 4 4602
4918 2 2282
4926 1 693
4927 1 693
4928 1 693
4933 1 443
4941 1 1955
4942 2 1955
4950 1 3067
4951 1 1444
4965 12 1012
5066 1 521
5067 1 1224
5075 4 1239
5127 1 1687
5142 1 1220
5144 1 3069
5156 1 1087
5166 2 296
5170 2 2743
5174 1 1596
5185 1 756
5189 1 3419
5217 1 566
5231 1 281
5236 1 1062
5238 1 1215
5239 1 925
5247 1 6498
5253 1 1204
5259 4 6380
5264 2 2502
5277 1 1640
5283 2 1128
5291 1 1187
5292 1 1284
5313 1 1178
5321 1 1222
5324 1 815
5385 2 679
5389 1 50
5390 1 50
5391 1 3146
5393 2 1000
5395 5 2444
5396 8 6921
5410 1 408
5411 1 1196
5417 1 2788
5424 1 697
5432 1 1749
5454 3 6641
5455 3 15074
5465 1 1292
5466 2 1266
5472 1 908
5499 9 44062
5501 2 476
5525 1 1587
5526 1 1137
5527 1 2431
5528 1 2535
5538 1 1629
5539 1 1043
5541 3 1278
5578 1 13045
5582 1 1321
5584 1 687
5591 1 1213
5604 1 885
5607 1 1001
5611 1 8061
5641 1 1037
5650 1 2097
5656 1 1357
5657 3 3480
5662 1 357
5818 3 1243
5842 1 1750
5865 2 1706
5867 3 5884
5884 2 870
5887 1 1156
5889 1 1241
5894 3 4730
5913 1 2199
5918 1 500
5935 4 2831
5936 1 3330
5938 1 5865
5944 2 2113
5958 1 1664
5980 1 538
5982 1 1168
5994 1 1504
6015 1 3323
6019 1 820
6029 1 1479
6038 1 808
6040 1 1266
6042 2 1836
6048 2 4019
6144 1 1199
6147 1 1885
6148 1 2770
6151 2 6692
6163 2 4318
6164 1 2727
6183 1 2719
6184 1 566
6288 1 1336
6304 2 3270
6310 1 811
6328 1 1381
6336 1 3254
6337 3 3747
6347 2 1459
6351 1 1596
6353 1 692
6358 1 2724
6361 2 4951
6362 2 2640
6363 4 4787
6364 3 7210
6453 1 2181
6454 1 2665
6457 1 801
6462 1 1665
6528 10 803
6537 1 2037
6540 1 2261
6551 1 903
6552 1 965
6560 1 877
6578 1 2792
6581 1 721
6583 1 7454
6589 1 1306
6627 1 842
6636 1 1118
6644 1 1635
6742 1 478
6755 1 302
6871 1 57
6943 2 1969
6945 1 3654
6973 1 826
6980 1 491
7002 1 6389
7007 1 1244
7009 1 629
7038 1 549
7045 2 2855
7060 4 3208
7077 2 1610
7079 1 4960
7088 1 2350
7089 5 1383
7121 4 3511
7122 1 1098
7159 2 3906
7165 1 1623
7235 1 1281
7278 1 1716
7287 1 4774
7405 1 1072
7428 1 1550
7491 1 7708
7505 2 4997
7506 2 743
7522 1 859
7527 1 4859
7528 1 987
7534 1 491
7535 1 1561
7552 2 598
7570 3 9650
7573 3 4835
7576 1 6690
7578 1 5752
7580 4 9484
7598 1 453
7605 1 780
7647 1 1890
7663 1 1465
7672 1 1731
7673 2 4544
7705 2 4973
7710 3 4326
7717 1 461
7723 1 4731
7736 1 1605
7740 1 1213
7745 1 1512
7747 1 1937
7748 1 1936
7749 1 1937
7750 1 1937
7757 1 2005
7767 1 3013
7770 1 537
7773 2 7884
7779 1 754
7829 1 75
7897 4 785
7922 1 2189
7926 1 721
7939 1 431
7948 1 2839
7959 1 310
7963 1 3329
7965 2 718
7982 1 1453
7988 1 401
8009 1 674
8010 1 611
8014 2 1956
8022 1 7719
8043 1 1213
8053 2 1114
8062 2 2690
8085 2 2815
8089 2 20930
8093 2 20088
8109 1 2224
8114 2 3627
8122 2 5509
8128 1 545
8129 1 720
8130 1 2237
8131 1 1630
8139 6 4927
8152 5 6009
8169 2 1622
8177 1 2272
8180 1 1237
8190 6 293
8191 1 1326
8204 2 4600
8212 1 1131
8228 3 1519
8245 1 774
8246 1 1319
8249 1 7006
8263 1 2493
8277 1 1119
8284 2 3146
8285 1 3377
8286 1 2044
8287 2 4172
8294 1 1249
8296 1 1165
8297 5 12133
8306 1 1820
8315 1 776
8317 1 1157
8318 1 1271
8336 1 1754
8385 1 2645
8388 1 2999
8393 2 3193
8398 1 1691
8409 1 3217
8423 1 1604
8431 1 227
8445 1 823
8447 1 2081
8462 1 3138
8463 1 2137
8466 1 2863
8500 2 4697
8546 1 2592
8555 1 1695
8559 2 4026
8575 1 1694
8579 1 8222
8598 1 209
8606 1 914
8614 1 1436
8615 1 1268
8630 3 989
8650 1 9126
8665 1 877
8669 1 861
8683 2 643
8698 1 2529
8702 1 2609
8705 1 292
8722 1 1681
8728 1 631
8732 2 2463
8737 1 1659
8740 2 1067
8754 1 712
8808 1 46
8809 1 46
8810 1 48
8811 1 48
8820 1 865
8828 1 2492
8855 1 1546
8867 1 2603
8876 1 1372
8877 1 1525
8890 2 5449
8897 1 869
8904 1 1170
8905 1 1110
8908 1 1392
8912 1 1802
8913 3 12589
8927 1 2370
8937 1 1958
8983 1 1450
8990 1 1065
8992 1 2708
9006 1 34059
9018 2 2158
9020 1 1016
9073 1 1275
9125 2 931
9127 1 1122
9143 5 1856
9148 1 477
9173 3 6443
9176 1 1666
9182 1 1438
9186 1 380
9190 1 1362
9201 1 1485
9228 1 397
9233 1 979
9238 1 2921
9274 2 1686
9285 1 1179
9292 1 3389
9293 2 1715
9294 1 3543
9297 1 1678
9307 1 1394
9315 1 966
9323 2 1192
9324 1 4421
9325 1 4336
9354 1 725
9358 1 612
9364 2 1435
9366 1 1494
9371 1 1526
9382 1 1609
9419 1 1689
9427 1 1180
9428 1 1149
9430 1 2392
9446 3 6689
9467 1 4306
9489 1 6134
9505 1 3959
9525 2 307
9534 1 642
9545 1 4422
9557 1 453
9596 2 1486
9605 1 2284
9607 1 630
9637 1 1514
9657 1 1060
9660 2 3500
9701 1 1587
9702 2 2473
9710 1 1429
9713 2 1813
9727 2 3290
9760 1 2142
9762 3 1626
9776 2 3757
9795 7 6831
9796 5 6203
9797 1 456
9798 1 2651
9799 3 3095
9805 2 5191
9826 2 2248
9827 4 2258
9828 2 2395
9830 1 1997
9833 1 831
9836 1 2482
9845 1 1179
9851 1 675
9885 1 2675
9886 2 3914
9891 1 2022
9905 1 907
9911 2 1621
9935 2 18475
9943 1 1136
9946 1 555
9948 1 2209
9972 3 2809
9981 1 1819
9982 1 1822
10002 1 724
10008 2 1778
10009 2 1505
10012 1 597
10022 1 3292
10026 1 407
10067 1 2395
10073 1 1739
10074 1 915
10081 1 2613
10083 1 2180
10098 1 1684
10101 3 12486
10121 1 2683
10122 1 2093
10124 1 1117
10142 1 680
10153 1 599
10216 2 995
10219 2 3447
10231 1 9229
10252 1 1476
10270 2 908
10272 1 1130
10278 1 2690
10289 2 8941
10301 2 799
10306 1 2363
10307 1 469
10308 1 1840
10314 1 4681
10317 1 4163
10321 1 1516
10325 4 1466
10333 1 1574
10356 1 1443
10369 1 1033
10393 2 2415
10403 1 1506
10437 1 487
10451 1 1088
10456 1 2992
10489 4 1420
10498 2 1356
10520 1 2057
10529 2 1603
10542 1 3137
10568 2 3196
10573 4 1085
10598 1 501
10599 1 1369
10607 1 1225
10623 1 1141
10624 1 1876
10628 1 1516
10633 1 692
10644 1 877
10649 1 611
10660 1 2397
10673 1 1504
10678 1 694
10684 1 1501
10694 1 889
10696 2 1520
10721 1 782
10728 1 1305
10731 1 2189
10749 1 2979
10763 1 2030
10764 1 1652
10796 1 5414
10808 2 6608
10843 1 1551
10848 3 1696
10851 1 1623
10894 1 1184
10895 1 388
10898 1 1274
10907 1 1022
10940 3 7910
10949 1 4327
10953 1 875
10989 1 434
11001 1 7028
11011 1 1396
11061 1 1473
11062 1 1457
11081 1 1920
11124 1 1521
11130 3 937
11131 1 4066
11162 1 655
11179 1 646
11180 1 303
11204 2 1481
11208 2 2507
11209 1 1032
11214 1 1706
11220 1 1286
11221 1 879
11249 4 5195
11269 2 1254
11271 1 1726
11284 1 883
11286 2 742
11288 6 9962
11290 1 842
11294 1 744
11296 1 628
11297 1 1192
11302 1 710
11362 1 2542
11369 1 3826
11378 3 6044
11403 1 2453
11419 1 1174
11425 1 380
11438 1 1275
11448 1 970
11451 1 920
11455 1 906
11465 2 2175
11472 1 4154
11507 1 3105
11550 1 697
11556 1 304
11564 3 2793
11590 2 1805
11603 1 1444
11606 1 1638
11615 1 1661
11621 1 1133
11631 1 1115
11666 1 754
11703 1 666
11717 2 915
11722 2 1625
11733 1 710
11763 1 739
11854 2 3272
11856 1 1147
11857 1 1251
11861 1 1107
11863 2 1940
11870 1 1148
11871 1 1292
11890 1 963
11937 1 113
11949 3 3637
11958 2 1894
11967 1 4440
11973 2 1285
11985 2 2269
11991 1 243
11993 1 1874
12053 1 307
12062 2 357
12100 1 1451
12102 4 664
12111 1 1131
12121 1 1787
12156 3 13898
12188 1 909
12197 1 970
12212 1 1344
12223 3 6167
12229 1 2226
12262 1 700
12270 1 393
12272 1 2031
12276 1 3077
12283 1 935
12286 1 2100
12287 1 789
12326 2 4527
12334 1 860
12336 1 3437
12350 2 1687
12358 1 1928
12365 3 8585
12367 4 9446
12384 1 4014
12387 4 517
12389 3 4357
12394 1 1962
12398 1 582
12417 2 3309
12419 1 3083
12420 1 1755
12421 1 2680
12422 1 1571
12430 1 1737
12449 1 1233
12453 2 550
12454 1 642
12456 4 4543
12503 1 558
12510 1 1894
12514 1 6560
12526 2 21005
12527 1 1751
12579 1 631
12591 1 624
12594 1 1691
12612 2 1451
12621 1 829
12631 1 521
12636 1 2613
12638 1 6177
12641 2 1246
12643 1 1624
12647 3 4896
12655 4 4430
12656 1 1368
12673 2 6656
12674 2 6435
12677 1 1410
12692 2 5477
12693 1 5024
12694 1 787
12695 1 1648
12697 1 1979
12701 1 7084
12705 1 1518
12722 2 662
12740 1 1789
12747 1 3912
12751 1 5083
12762 2 5406
12766 1 1423
12783 3 4316
12785 1 979
12786 5 7289
12807 1 2985
12808 1 3060
12814 1 46677
12823 1 466
12838 2 2280
12839 1 1142
12841 1 1000
12851 1 2088
12857 3 2354
12885 1 6601
12902 2 1885
12924 1 1943
12925 1 2837
12931 1 1455
12932 1 598
12934 2 2463
12935 2 2445
12964 2 825
12970 1 579
12974 1 4586
12982 1 1294
12985 1 244
12991 1 941
13003 2 4796
13008 1 999
13031 1 1525
13041 1 786
13044 1 1428
13053 5 3052
13066 2 1485
13069 1 797
13078 2 1080
13086 1 1942
13118 1 700
13122 8 8864
13123 1 292
13126 1 890
13131 1 1016
13132 1 273
13138 1 986
13140 1 736
13148 2 1862
13156 1 3209
13164 1 843
13173 2 7475
13189 1 1276
13192 1 200
13196 1 2057
13199 2 1429
13205 1 2644
13212 4 3298
13219 1 541
13224 2 3401
13226 3 4464
13228 1 1639
13238 1 877
13242 1 2319
13243 2 1319
13252 1 1333
13258 1 631
13266 1 1854
13268 1 2970
13290 2 1648
13300 1 427
13321 3 4863
13332 1 14933
13333 2 223
13343 4 5631
13344 5 5744
13373 3 2548
13374 3 2277
13375 2 3891
13381 2 4238
13393 1 3068
13400 1 2450
13407 2 3423
13412 1 1736
13420 1 1976
13421 1 734
13427 1 2521
13440 1 1581
13455 1 1324
13470 3 2696
13472 1 2549
13475 1 2437
13480 1 2096
13486 1 7532
13488 3 1792
13497 3 6632
13499 1 5895
13508 2 6492
13518 5 16194
13522 1 971
13526 2 430
13532 2 1389
13534 2 2009
13535 1 2364
13546 2 3149
13548 2 6866
13555 1 1715
13564 4 893
13565 1 2701
13567 1 589
13573 1 766
13574 1 1305
13575 5 2070
13579 1 803
13580 1 1858
13605 1 692
13606 2 1668
13618 4 28398
13623 2 549
13627 1 3259
13659 3 3326
13670 1 2094
13697 7 3718
13704 2 1002
13711 1 4824
13713 1 1764
13817 4 1390
13819 1 877
13834 1 323
13843 2 1026
13844 1 2190
13852 1 875
13853 1 480
13857 10 1902
13862 2 3335
13869 1 903
13871 1 6056
13882 1 1352
13885 1 2142
13891 1 2917
13912 8 6746
13921 1 1046
13928 3 4471
13930 2 449
13936 1 3277
13941 3 1949
13942 1 1276
13947 2 1742
13950 1 848
13957 1 947
13975 1 1041
13981 2 708
13985 4 11629
13994 1 844
14000 1 859
14004 1 1323
14005 1 5769
14010 1 1649
14030 1 733
14034 1 2239
14058 3 834
14068 1 2470
14080 1 51830
14081 1 1133
14085 1 1012
14097 1 1755
14102 1 1027
14168 1 922
14176 2 2211
14179 1 2772
14185 1 2424
14188 1 748
14190 1 1152
14192 1 1494
14193 1 2538
14194 1 2591
14198 1 753
14199 1 853
14209 1 563
14212 7 12149
14232 2 1682
14234 1 1454
14242 2 727
14262 2 844
14270 1 179
14277 1 1582
14280 1 2667
14289 1 1413
14292 10 11958
14307 1 657
14313 2 5288
14315 1 3896
14350 3 2898
14357 2 927
14360 1 1012
14361 5 1088
14373 3 6743
14375 1 1301
14387 1 1368
14441 1 648
14443 1 607
14448 1 511
14455 2 354
14457 1 891
14459 1 871
14482 2 4658
14485 1 2125
14491 2 3791
14492 1 1007
14498 1 1088
14500 1 1554
14506 1 1097
14515 1 1354
14516 1 752
14518 1 1186
14520 1 7541
14528 1 1229
14550 3 3417
14555 3 2701
14556 2 614
14561 3 3007
14585 1 935
14600 1 1048
14612 1 744
14617 1 1152
14619 1 1446
14652 1 1186
14654 1 1157
14658 2 3354
14662 1 1844
14682 1 1418
14683 1 601
14697 1 567
14709 1 1785
14711 1 1117
14713 1 863
14721 2 4901
14722 1 6567
14724 4 5113
14731 1 788
14742 1 687
14746 1 1733
14747 1 1544
14754 2 1214
14755 1 2245
14768 1 1208
14769 1 2384
14773 5 4394
14782 1 1191
14791 1 1301
14799 1 1859
14820 2 4854
14830 10 8170
14831 10 8171
14832 10 8172
14833 2 7321
14837 1 1016
14838 1 1016
14839 1 1014
14869 2 469
14878 1 3248
14881 1 2726
14887 1 5014
14999 3 2703
15029 1 2103
15033 1 1150
15035 1 983
15039 1 1513
15042 1 583
15045 1 961
15099 2 5771
15105 2 1198
15114 2 1801
15119 1 443
15122 1 1151
15129 2 1527
15135 2 1562
15138 2 1573
15186 1 547
15195 1 644
15196 2 8919
15203 3 5461
15204 1 3771
15209 2 2739
15216 1 707
15220 1 1503
15232 8 523
15236 1 951
15245 2 7336
15254 1 650
15261 1 817
15277 1 1372
15281 1 1900
15305 1 260
15310 2 3417
15428 2 503
15486 2 830
15492 1 680
15493 2 817
15494 1 809
15512 2 2017
15514 1 934
15528 2 2844
15560 1 1729
15563 1 1219
15567 1 395
15571 1 3116
15573 1 2920
15580 1 2165
15587 2 2694
15615 1 3882
15618 1 1203
15653 1 340
15658 10 2847
15659 1 763
15660 1 763
15670 1 1155
15710 1 1672
15711 1 1636
15731 3 1798
15732 3 1772
15733 1 521
15734 1 2035
15735 1 2037
15736 3 3238
15737 2 3706
15738 1 1218
15739 1 1220
15740 1 1131
15741 1 1130
15742 1 2329
15743 1 2329
15744 1 2328
15757 2 7636
15762 1 2141
15794 2 163
15810 2 4391
15812 1 591
15831 1 2451
15832 2 2615
15860 1 3929
15872 1 383
15883 2 1124
15887 4 3518
15900 1 850
15904 2 2397
15927 1 428
15937 1 2165
15941 2 779
15980 1 2709
16007 1 6296
16008 3 6422
16021 1 1876
16022 1 1155
16033 1 884
16035 1 631
16040 1 827
16044 2 3747
16092 1 1157
16094 2 3553
16105 1 1661
16111 1 1166
16120 1 1888
16132 3 1579
16166 1 1359
16183 1 2917
16197 2 2078
16201 3 3976
16203 1 1469
16204 3 3527
16205 1 2813
16206 1 2677
16222 1 949
16235 2 4462
16236 1 5204
16237 3 2746
16238 3 11763
16258 1 7609
16262 1 440
16267 1 777
16276 1 3744
16298 2 1534
16320 1 1958
16322 1 2378
16341 2 9421
16354 1 986
16368 2 4019
16376 1 1139
16385 1 1811
16395 1 1895
16406 1 1044
16427 1 1330
16435 1 1396
16439 1 738
16463 1 1739
16465 1 3291
16486 2 3020
16489 3 4179
16492 1 3998
16496 1 5161
16497 1 988
16506 2 2246
16540 1 2127
16551 1 818
16560 1 317
16575 1 2548
16577 2 1217
16578 2 1137
16579 6 1174
16589 1 3703
16590 1 3144
16591 5 6896
16592 2 2447
16593 1 1551
16631 1 928
16641 1 2049
16642 1 2366
16643 1 2232
16646 1 774
16653 1 1112
16655 1 808
16664 1 668
16700 1 3762
16706 1 576
16707 3 2965
16714 1 938
16722 3 5137
16723 1 573
16727 2 744
16733 1 1326
16734 1 1316
16736 1 1860
16740 1 916
16748 2 3753
16765 2 1110
16767 1 3326
16774 1 1246
16780 3 2693
16784 1 2834
16799 2 3514
16809 1 1881
16813 1 4537
16815 1 1088
16832 1 690
16836 2 4094
16843 12 15992
16845 2 8711
16847 1 1048
16849 1 6516
16850 2 4537
16858 1 2375
16865 1 1183
16870 1 1104
16889 1 1208
16893 1 5510
16904 2 1560
16909 1 1643
16914 1 2130
16926 2 1923
16935 3 3050
16938 1 820
16942 3 12267
16943 2 10757
16949 1 654
16950 1 1326
16952 2 7998
16966 1 809
16974 1 1249
16986 1 1767
16993 1 1557
16995 2 4866
16996 1 1017
17004 4 2316
17010 1 3499
17012 1 3524
17013 5 9772
17017 1 1106
17023 2 1195
17025 1 2138
17040 1 3349
17043 1 1433
17058 1 1516
17060 1 2388
17062 2 3596
17066 1 1101
17093 1 815
17094 1 2308
17100 2 3005
17106 1 3919
17113 1 4319
17121 1 6700
17138 2 2150
17146 1 692
17159 1 1453
17160 1 1760
17167 2 1537
17168 2 3800
17169 1 455
17170 1 1231
17178 2 4206
17181 1 941
17182 3 3085
17184 3 4374
17185 2 1163
17186 3 2741
17189 11 5992
17194 2 1502
17199 2 1582
17205 1 1800
17216 1 1476
17218 1 1541
17219 1 1500
17222 1 575
17235 1 1114
17244 6 10025
17252 1 2637
17253 1 903
17258 1 1211
17261 2 4916
17262 1 3246
17295 1 3426
17302 1 289
17306 1 776
17326 1 951
17330 1 984
17345 1 1291
17346 1 1254
17352 8 5098
17361 1 1897
17389 1 1790
17390 1 3105
17392 2 1912
17395 1 1269
17398 1 744
17404 1 1257
17428 1 990
17429 1 804
17442 2 3953
17444 1 2110
17446 2 3664
17458 9 10296
17481 2 1474
17494 2 4778
17505 1 5120
17510 1 13439
17516 1 415
17520 1 955
17521 1 3039
17542 1 762
17555 2 14925
17559 1 315
17563 1 176
17570 1 5402
17572 1 938
17589 4 12110
17590 2 6514
17591 2 3099
17597 1 524
17628 1 710
17638 4 6007
17648 1 1079
17653 5 5954
17655 1 1980
17657 2 971
17665 1 841
17669 2 5167
17672 1 4557
17683 1 2520
17707 2 684
17715 2 1230
17716 2 2066
17717 1 3139
17718 3 1941
17719 1 837
17730 3 4474
17731 1 800
17735 1 1588
17743 2 1200
17749 1 523
17757 1 303
17758 6 28986
17761 2 2572
17787 1 775
17791 1 627
17797 1 1213
17818 1 4410
17830 1 1229
17841 1 1098
17843 2 1862
17848 3 2460
17855 1 407
17864 1 1385
17869 1 7948
17870 1 2093
17900 1 786
17904 4 6041
17923 2 1095
17941 1 234
17958 1 1236
17981 1 1639
17985 1 853
17988 1 899
17993 1 398
17998 1 1218
18004 4 5488
18005 1 666
18033 2 3046
18034 2 3151
18047 1 1617
18089 1 1509
18100 2 936
18104 1 1218
18135 1 919
18144 1 857
18146 4 5814
18148 2 989
18176 2 2271
18177 2 2271
18178 2 2270
18179 2 2271
18228 1 4817
18262 1 1741
18263 1 2623
18266 1 1904
18279 2 609
18322 1 1063
18325 1 1711
18331 1 3395
18335 1 1042
18351 1 938
18352 1 992
18353 1 1350
18359 2 1107
18371 1 808
18385 6 6531
18395 1 6885
18415 1 5822
18419 2 2124
18420 1 1885
18423 1 616
18439 1 706
18470 1 849
18494 1 48
18520 1 1776
18521 1 2145
18526 1 2537
18527 1 2923
18533 1 1991
18535 1 1291
18561 1 1135
18581 1 3194
18592 1 1762
18597 4 6498
18615 1 1909
18617 1 1998
18621 1 5046
18644 2 2789
18645 1 1794
18648 1 1076
18653 3 4815
18654 11 15696
18656 1 1667
18659 1 1736
18672 4 349
18685 3 4688
18686 2 3449
18687 1 3261
18689 1 2550
18694 2 1433
18702 1 2970
18716 2 1408
18719 2 2396
18733 1 1012
18753 2 2030
18760 4 909
18761 1 466
18765 2 3181
18779 2 2121
18784 3 779
18790 1 554
18796 1 694
18799 1 2303
18827 1 1355
18830 1 1272
18846 1 1136
18849 1 2585
18851 1 1501
18879 2 3453
18880 2 2491
18881 3 2780
18891 1 395
18904 1 1338
18924 2 3309
18929 1 1995
18933 1 6035
18951 1 5208
18961 1 690
18965 8 20789
18966 4 7427
18967 3 13159
18971 1 621
18976 1 1679
18979 1 1480
18995 2 1038
18997 1 2415
19004 3 7776
19025 1 1347
19027 1 291
19036 1 1671
19043 1 4707
19045 1 3919
19066 1 1990
19075 1 1178
19076 1 2622
19078 1 2988
19079 9 16454
19086 2 2849
19088 1 938
19104 1 233
19105 1 1245
19117 1 1805
19123 4 1226
19131 1 3297
19236 1 1530
19237 1 1885
19367 2 1627
19375 1 4252
19382 1 889
19391 2 3144
19403 2 1268
19408 1 224
19465 1 140
19490 1 952
19491 1 1810
19504 4 6279
19525 1 53
19528 1 32
19545 3 9624
19554 2 749
19558 6 5943
19560 2 8071
19562 1 7991
19563 3 5781
19564 1 718
19598 1 772
19600 3 3753
19601 1 409
19602 1 900
19608 1 892
19616 4 388
19636 1 1326
19637 1 633
19643 1 3951
19654 2 618
19664 2 4781
19670 1 1951
19677 3 4468
19678 15 6792
19681 2 10198
19686 1 4573
19690 1 2088
19702 2 701
19714 1 495
19716 1 478
19722 1 857
19725 1 770
19726 1 853
19732 1 1155
19754 1 152
19792 2 3925
19808 1 2160
19816 1 1533
19832 2 4109
19857 1 385
19859 1 1222
19863 1 1885
19874 1 1603
19883 2 5667
19884 3 5873
19889 3 7969
19892 1 2205
19893 1 6194
19894 1 2667
19896 1 4758
19897 1 3289
19898 3 4338
19899 3 6214
19904 1 1476
19908 1 991
19913 1 2014
19969 2 2159
19978 1 754
19981 1 1015
19983 1 2232
19985 2 8977
19986 1 1620
19987 4 3502
20003 1 2457
20004 1 2446
20006 1 2516
20009 2 667
20013 1 2102
20016 1 3043
20017 2 5287
20030 1 4962
20032 1 742
20035 1 423
20057 1 5239
20080 1 78
20113 1 52
20139 1 1612
20155 1 407
20157 1 644
20166 1 1465
20169 1 2907
20170 3 3948
20178 2 4163
20185 1 1049
20187 1 961
20191 1 870
20192 1 1513
20200 5 30304
20206 1 1631
20210 2 158
20227 3 2347
20233 4 3879
20234 2 1228
20252 3 3211
20263 2 3682
20294 2 3768
20311 1 733
20313 1 803
20357 1 1306
20375 4 885
20378 2 1896
20385 1 1007
20405 1 1411
20408 1 864
20409 1 1186
20421 1 12627
20422 3 12210
20425 1 3934
20429 1 591
20432 2 2495
20434 1 2324
20575 1 4332
20581 1 1771
20583 1 1743
20585 1 1770
20591 2 1911
20593 1 1768
20596 1 1769
20598 1 1777
20601 1 1785
20605 1 597
20622 1 1417
20629 1 855
20639 1 2734
20641 1 2659
20653 1 6960
20677 3 8655
20678 1 4807
20679 1 6821
20683 1 2155
20684 8 12924
20686 1 750
20695 2 1111
20698 8 3736
20700 4 2481
20701 1 2408
20702 1 1564
20703 2 3191
20707 7 35797
20708 8 24696
20713 2 3777
20745 1 1505
20764 1 1304
20778 3 4580
20791 1 919
20798 1 838
20808 1 1960
20811 1 4558
20816 1 1533
20824 1 794
20831 2 5707
20832 1 1914
20833 2 5441
20856 1 1576
20870 1 4517
20884 1 463
20900 1 1355
20907 1 2997
20913 1 469
20916 4 2792
20921 1 983
20937 1 3666
20975 1 1229
20976 2 1898
20981 2 4198
20990 1 2056
20997 1 6199
21006 1 1452
21046 1 10160
21050 1 1359
21059 1 2178
21060 2 2143
21061 1 2416
21062 1 2438
21063 1 1794
21068 1 978
21074 2 5552
21080 2 1500
21100 1 1816
21101 1 2647
21152 1 731
21162 2 420
21165 1 1080
21174 1 1423
21200 1 3347
21209 1 839
21223 1 793
21245 1 880
21299 5 9163
21300 1 1461
21302 1 670
21310 1 1905
21311 4 1560
21318 1 7108
21321 2 7104
21323 1 887
21336 6 4593
21345 3 2751
21347 1 1066
21357 2 5683
21359 3 13839
21361 2 1874
21363 1 3866
21374 1 986
21377 1 1374
21378 1 356
21384 1 1330
21386 1 1881
21389 1 3999
21391 2 4613
21405 3 580
21411 2 3667
21417 1 1547
21428 1 695
21455 2 1624
21463 1 2707
21466 1 717
21473 1 844
21484 2 1764
21490 3 4936
21491 1 1255
21496 2 1009
21503 5 13267
21507 2 7373
21510 1 679
21516 1 762
21527 1 6412
21530 1 2863
21531 1 670
21535 1 1207
21542 4 37742
21560 1 1658
21564 1 779
21568 2 3870
21572 1 1011
21575 1 4680
21598 1 2235
21599 3 2186
21600 2 2318
21608 3 4754
21611 1 756
21612 1 756
21629 1 1236
21637 9 10855
21648 2 6487
21652 1 1185
21653 1 1859
21658 1 1361
21659 1 890
21660 3 862
21661 3 5628
21662 2 3618
21686 1 221
21694 1 752
21695 1 1941
21704 2 1215
21727 1 2096
21728 2 1259
21735 1 1028
21750 1 1034
21758 2 2344
21766 1 1815
21767 1 6211
21768 1 2946
21814 3 4204
21821 1 2616
21839 1 4667
21840 2 6308
21853 1 999
21867 1 1612
21874 1 404
21875 1 498
21877 2 1400
21882 3 1265
21898 2 1312
21900 2 1945
21910 1 1846
21915 1 1773
21929 1 655
21939 1 541
21942 1 1543
21943 2 2866
21950 1 1511
21952 1 983
21960 2 7778
21969 1 4332
21974 1 2768
21976 2 3253
21997 1 2196
22011 1 1160
22032 6 4462
22038 1 1606
22049 1 775
22067 1 1179
22069 1 1463
22072 1 987
22075 1 1098
22079 1 5115
22092 5 8456
22093 1 10393
22103 5 5529
22137 1 4439
22138 1 4091
22141 1 2921
22161 2 6376
22166 1 1970
22188 1 670
22209 4 915
22216 6 13756
22217 1 1505
22225 1 665
22384 1 390
22397 1 1170
22413 1 1024
22450 2 867
22477 1 2074
22478 1 1558
22487 1 1766
22499 1 511
22514 1 1133
22516 1 1048
22535 1 1608
22536 1 3918
22547 1 5064
22584 1 2300
22591 2 2289
22592 1 2031
22598 2 1298
22604 1 1011
22609 1 1445
22612 1 1303
22613 2 260
22619 1 854
22777 2 1813
22781 1 1147
22863 2 175
22878 2 1217
22881 1 1554
22887 1 4212
22891 1 725
22908 1 2390
22912 3 396
22914 3 431
22922 3 2658
22924 3 3942
22925 1 1408
22956 4 3079
22978 1 515
23001 1 6718
23008 2 718
23014 1 3266
23064 3 7447
23073 1 934
23126 1 2676
23146 1 825
23211 1 1665
23224 1 1079
23283 1 4182
23294 1 409
23324 1 775
23348 1 408
23360 2 1678
23373 2 1729
23419 1 1204
23444 1 438
23472 1 907
23479 1 295
23487 1 796
23501 1 127
23514 4 8145
23523 1 1046
23526 2 2714
23540 1 713
23554 1 475
23557 1 1303
23559 1 2529
23583 1 3023
23644 1 2056
23657 1 435
23671 2 7612
23687 2 2530
23691 2 1646
23697 1 5047
23714 1 766
23732 2 4739
23748 2 4770
23752 3 2089
23759 1 532
23763 2 3449
23765 3 11324
23771 1 1389
23792 2 1958
23795 1 1876
23808 1 667
23865 1 181
23896 1 3005
23903 1 1291
23909 1 969
23912 1 1243
23917 4 148
23982 1 1016
24004 1 793
24006 1 3059
24092 1 558
24093 3 4836
24096 2 3824
24098 1 2429
24119 5 14616
24124 2 2547
24137 1 779
24157 3 10311
24169 1 2066
24186 1 1580
24198 1 1131
24213 1 481
24219 2 7326
24222 1 3333
24227 1 1351
24228 1 1329
24237 1 540
24251 1 1677
24254 1 4321
24255 1 3586
24257 1 1154
24260 2 1070
24265 1 3355
24284 1 4091
24286 1 1402
24355 1 1305
24357 1 1310
24359 3 494
24374 1 3085
24424 1 2471
24429 1 42
24437 2 3970
24438 1 3027
24444 1 1797
24457 1 5563
24458 1 1043
24462 4 8468
24472 2 2226
24479 1 2991
24481 1 625
24488 1 1218
24498 2 171
24506 1 7516
24514 2 13551
24520 1 1701
24537 1 742
24547 1 918
24564 1 965
24571 1 611
24584 1 483
24588 1 1540
24594 1 1258
24604 1 746
24615 3 480
24616 3 6643
24624 1 1145
24668 1 6702
24671 1 544
24676 1 617
24683 1 524
24693 1 419
24695 1 871
24713 1 3212
24738 3 4416
24745 2 655
24747 1 5509
24748 2 4627
24750 3 6415
24777 1 896
24790 3 2605
24793 1 1676
24803 1 5803
24807 1 3878
24819 2 1466
24820 2 1367
24830 1 1147
24831 2 1440
24833 2 1145
24834 1 2002
24837 1 1425
24838 1 1751
24840 3 9627
24844 3 1882
24847 2 1506
24849 2 4735
24879 1 557
24882 10 8171
24883 10 8171
24884 2 7321
24885 2 7349
24886 8 7415
24887 8 7415
24888 8 7415
24889 1 1170
24890 1 1170
24891 1 1170
24894 1 1016
24895 1 1016
24896 6 4879
24897 4 4588
24898 4 4667
24899 1 3770
24900 2 2275
24901 2 2275
24902 2 2275
24922 1 1786
24930 1 726
25024 2 989
25045 1 881
25048 1 1625
25057 2 2293
25063 2 814
25070 1 209
25090 1 6934
25107 1 611
25110 1 1590
25143 1 1215
25150 1 1598
25165 1 595
25169 1 814
25188 1 1153
25191 1 1013
25229 1 51
25231 1 2410
25232 4 2344
25233 4 4985
25234 8 4341
25235 10 7935
25256 1 880
25265 2 2233
25276 2 1113
25282 1 1395
25318 1 759
25323 1 1577
25324 1 2744
25329 2 1614
25330 1 1134
25331 1 1132
25332 1 874
25333 1 1245
25348 2 2680
25363 4 2545
25403 1 880
25404 2 721
25413 1 1011
25418 1 1316
25423 1 676
25430 2 1037
25434 1 1244
25436 1 1291
25440 1 1655
25441 1 1222
25451 1 448
25459 1 1129
25470 1 1437
25487 1 2868
25522 1 2549
25542 1 2369
25545 1 2403
25547 2 3685
25551 1 668
25553 2 3595
25554 1 1688
25555 2 3167
25560 1 1516
25590 1 1824
25591 1 1824
25592 2 913
25593 2 909
25594 1 1893
25595 1 1880
25596 1 962
25597 1 967
25598 1 1060
25599 1 1300
25600 1 1299
25601 1 618
25602 4 708
25603 1 852
25606 1 776
25616 2 624
25655 1 2371
25656 3 4885
25676 1 1444
25714 1 1605
25715 1 2184
25721 2 618
25732 1 939
25791 1 558
25802 1 1717
25821 1 721
25826 1 2414
25832 1 1204
25845 1 970
25877 1 720
25891 1 2054
25961 1 1637
25964 5 4294
25981 1 68
26022 1 707
26043 1 570
26049 1 2989
26050 1 1792
26071 1 694
26075 1 3348
26087 2 1369
26095 1 5070
26096 1 1094
26116 1 786
26137 1 682
26152 2 843
26155 1 920
26161 2 14248
26163 4 8177
26171 1 454
26206 1 1472
26228 2 768
26241 1 5926
26258 1 7349
26265 2 739
26273 1 186
26295 1 1958
26343 1 4639
26350 1 721
26359 1 3794
26382 2 3521
26387 1 775
26411 1 2625
26431 1 2088
26439 1 1615
26449 1 7560
26454 1 1961
26470 1 1686
26480 1 2573
26498 3 32423
26499 1 831
26502 2 3975
26541 1 4809
26546 1 1029
26576 2 1569
26582 1 752
26586 1 2458
26590 1 2388
26621 1 486
26622 1 3312
26631 2 8025
26675 1 1056
26686 1 709
26698 1 492
26702 1 2067
26705 1 1443
26715 1 1453
26727 2 4405
26749 1 1438
26766 1 1561
26771 6 1094
26784 1 1465
26795 1 849
26796 2 2116
26797 2 1479
26800 1 1401
26802 1 973
26805 1 1467
26812 1 1962
26814 1 1736
26821 2 4111
26831 1 353
26889 1 1805
26890 1 1680
26901 1 1096
26933 1 447
26944 1 2864
26986 1 1174
27006 4 146
27035 1 1356
27036 1 6909
27039 1 1645
27068 1 419
27098 10 1974
27120 1 850
27125 2 1153
27191 1 2750
27199 4 2023
27207 1 1176
27209 2 800
27220 1 1005
27221 1 741
27261 1 1483
27284 1 1496
27291 2 3912
27309 2 2591
27316 1 485
27321 1 7344
27326 1 916
27337 1 917
27344 1 2977
27388 1 1719
27391 1 4345
27392 1 4376
27407 1 603
27413 2 1577
27431 2 2548
27461 3 4148
27474 1 1604
27493 1 726
27519 1 1928
27520 2 3462
27521 1 1461
27524 2 2332
27528 2 745
27538 1 957
27543 1 882
27568 1 2345
27569 1 969
27572 1 841
27574 1 1312
27576 1 2018
27603 1 1299
27614 2 1159
27626 1 1130
27654 1 2800
27659 1 711
27662 1 621
27664 1 594
27667 1 605
27669 1 458
27670 1 444
27711 3 662
27742 1 1177
27754 2 521
27755 1 526
27756 1 525
27782 2 1620
27812 1 3494
27819 1 1332
27821 3 981
27824 1 2281
27827 1 2297
27830 2 5835
27838 1 2876
27848 1 1948
27851 5 5844
27852 13 5540
27862 15 8511
27877 1 894
27883 2 4980
27922 2 969
27925 1 2804
27948 1 57
27971 1 1073
27974 1 1432
27978 1 1869
28010 1 1369
28026 1 704
28027 1 843
28040 2 4385
28041 1 2090
28063 1 1017
28065 1 3068
28073 1 1069
28080 1 474
28083 1 804
28091 3 2614
28094 1 2585
28098 1 10589
28103 1 5130
28120 1 662
28123 6 7111
28218 2 1482
28223 1 1145
28225 3 2588
28243 3 1304
28257 1 3449
28259 5 6624
28261 8 11790
28269 1 2495
28277 2 2560
28280 1 2119
28285 1 1038
28293 1 628
28343 1 610
28413 5 1726
28414 1 3568
28419 1 3437
28429 2 1748
28430 1 2319
28431 1 1798
28434 1 1842
28435 1 922
28442 1 704
28446 2 9326
28457 5 5857
28458 5 5864
28459 13 5561
28460 13 5545
28466 18 10312
28467 15 8583
28468 15 8583
28469 15 8615
28478 1 634
28479 2 859
28490 1 1612
28491 1 4917
28528 1 146
28565 5 3391
28639 1 2821
28663 2 903
28680 1 665
28696 1 3559
28702 1 1503
28709 1 590
28714 1 211
28728 1 674
28759 1 1090
28792 1 623
28794 1 931
28797 1 3851
28799 6 4713
28823 1 758
28826 1 2041
28832 1 853
28848 1 449
28858 1 1311
28878 1 774
28881 1 2326
28966 1 234
28978 1 1473
28981 2 1946
29011 1 2920
29028 1 1337
29045 2 1313
29053 1 2517
29054 1 761
29058 1 1399
29071 1 748
29073 1 463
29074 1 769
29081 1 1817
29088 1 641
29089 3 4866
29092 1 437
29117 1 928
29125 1 657
29138 1 673
29142 1 1126
29143 1 507
29164 1 588
29180 1 3520
29182 1 839
29183 2 929
29186 1 618
29303 3 2173
29306 1 813
29328 1 2531
29346 1 5736
29366 1 1080
29374 2 665
29379 2 653
29380 1 1056
29396 2 8576
29408 1 2208
29410 1 300
29414 1 1661
29429 1 1618
29430 1 1287
29433 1 1359
29436 1 1447
29464 1 522
29471 1 1106
29478 1 691
29486 2 1334
29498 3 2955
29508 1 2855
29523 1 10213
29553 1 387
29555 2 1529
29557 5 7051
29558 1 3685
29593 1 1567
29594 1 984
29599 1 1621
29600 1 569
29616 1 1832
29625 3 10200
29631 1 1819
29634 1 1038
29638 1 812
29653 1 814
29654 1 374
29667 1 752
29668 1 664
29669 1 447
29670 1 1640
29671 1 1645
29672 1 1641
29673 2 908
29674 1 501
29675 1 963
29676 1 943
29677 1 1300
29678 1 1181
29679 1 1182
29680 1 917
29681 6 2182
29682 6 2183
29683 1 619
29684 1 1867
29685 1 853
29686 1 854
29687 2 2532
29688 2 2530
29689 1 852
29690 2 2211
29691 2 2211
29711 1 864
29716 2 971
29722 2 9450
29785 2 1968
29806 2 1218
29814 1 1053
29818 1 1719
29828 2 1349
29844 1 803
29857 1 731
29867 1 948
29879 1 853
29887 3 3070
29888 1 3407
29907 1 794
29910 4 5908
29951 1 2090
29953 1 802
29978 1 1161
29982 1 1131
29991 4 10803
30014 1 266
30019 1 1130
30034 2 1737
30059 1 2773
30073 1 2480
30077 1 3556
30110 1 1249
30128 1 1329
30137 1 5022
30170 1 1019
30192 1 1145
30197 2 3083
30218 1 383
30272 1 2352
30303 3 5165
30314 3 1766
30351 2 4754
30352 1 5973
30354 1 582
30369 1 2927
30433 1 4735
30482 1 926
30483 1 2924
30519 2 5484
30520 1 1146
30521 1 1136
30523 1 918
30545 1 618
30552 4 4502
30555 1 4027
30573 1 2812
30582 1 1273
30602 2 3594
30606 1 2666
30609 1 3139
30639 2 8117
30642 1 3081
30646 2 3639
30708 2 1734
30731 1 580
30738 1 1986
30747 2 4167
30751 1 1190
30757 2 1418
30827 1 663
30828 2 939
30842 3 2081
30845 1 583
30848 1 1294
30875 2 1543
30878 1 1359
30887 1 10988
30888 2 2250
30891 1 2618
30899 3 2210
30902 1 1476
30917 1 514
30923 1 1078
30947 1 1608
30949 1 51
30950 1 46
30952 2 3956
30957 1 616
30971 1 1467
30975 1 1381
31027 1 732
31045 8 24677
31058 2 3446
31064 1 745
31095 1 1243
31123 1 2317
31147 3 1461
31195 1 797
31229 3 4414
31244 1 603
31245 1 773
31246 1 821
31262 2 1180
31264 3 1761
31274 1 1664
31278 1 1259
31286 1 845
31288 1 2833
31313 2 795
31320 3 2381
31355 4 5480
31377 1 507
31388 2 487
31389 2 337
31391 2 2998
31395 1 3700
31397 1 540
31403 1 1003
31441 1 1845
31448 2 3221
31453 2 1030
31455 1 1709
31465 2 1141
31486 1 967
31492 1 641
31501 1 1067
31508 1 3777
31513 1 1104
31514 1 617
31521 1 3875
31546 1 3809
31560 1 2403
31599 1 596
31604 1 966
31606 1 2118
31609 1 663
31611 1 741
31618 1 810
31631 1 2970
31639 1 1056
31643 1 1250
31687 1 1427
31689 1 2682
31693 1 3857
31694 2 3337
31702 1 2004
31703 1 1955
31715 1 298
31717 1 6445
31723 9 9877
31733 1 858
31735 1 1164
31744 6 7219
31760 1 1909
31777 1 773
31791 1 535
31792 1 1389
31794 2 820
31819 1 46
31828 1 227
31829 1 14263
31835 1 2763
31843 2 1841
31862 1 786
31923 1 847
31929 4 15160
31930 6 4739
31936 2 3664
31945 2 2616
31946 1 2395
31949 1 6125
31951 1 962
31960 2 1028
31976 1 1282
31988 1 1092
32033 3 1250
32035 1 1660
32038 1 281
32043 3 943
32133 1 1043
32148 1 2042
32190 3 3358
32191 1 662
32194 2 934
32204 1 379
32215 2 1305
32227 3 1465
32230 1 1393
32238 1 4115
32241 2 5341
32247 1 2637
32273 1 842
32286 1 3201
32295 1 3206
32314 1 2456
32326 4 1541
32329 1 5073
32345 1 1361
32358 1 1397
32361 2 494
32362 2 560
32363 2 495
32374 2 3413
32386 2 2500
32388 1 24490
32392 2 1641
32399 1 1839
32408 1 2851
32413 2 2301
32414 2 1665
32433 1 1327
32470 1 1052
32485 1 575
32486 1 2886
32491 1 6991
32551 1 1569
32553 3 811
32565 1 1204
32574 2 2622
32584 1 2115
32593 1 1078
32608 1 1910
32610 2 1082
32611 1 1002
32654 2 45225
32659 3 1206
32671 2 1446
32687 1 1255
32694 1 2647
32695 1 1641
32708 1 669
32711 1 4218
32752 1 2880
32803 14 1009
32812 1 747
32822 1 2367
32900 1 1072
32907 2 1937
32960 2 1227
32966 1 1131
32972 2 11367
32989 5 1412
32990 5 1413
33006 1 59
33076 1 1741
33078 3 5728
33091 7 10334
33107 1 1135
33130 1 1040
33151 1 2303
33179 2 2037
33188 6 10275
33189 1 1759
33202 1 1394
33206 1 858
33208 1 1069
33215 1 1134
33222 1 1818
33236 1 1830
33240 2 9576
33242 1 696
33248 1 1227
33264 1 1136
33268 1 3327
33276 1 1090
33285 2 3524
33302 1 870
33309 1 657
33312 4 2285
33317 1 1673
33319 2 2701
33333 2 6676
33335 1 9267
33367 1 1062
33372 3 1921
33375 1 2483
33410 1 380
33428 1 633
33430 1 1572
33457 5 1116
33463 1 813
33466 1 1113
33475 1 5068
33494 5 11341
33495 1 2452
33508 1 964
33509 1 2659
33516 2 1170
33517 1 1259
33551 1 64
33582 1 1466
33585 3 3694
33586 1 2998
33590 1 3769
33594 1 893
33611 1 1184
33622 1 1668
33625 1 218
33634 1 1541
33637 1 750
33638 1 256
33642 1 677
33646 1 1788
33681 1 859
33689 1 2181
33695 2 3294
33703 2 18894
33705 1 572
33708 1 1605
33709 4 1690
33716 1 694
33733 1 290
33750 1 2944
33757 2 1989
33763 1 2200
33765 1 4124
33779 1 1792
33785 1 1393
33786 2 3235
33793 2 826
33802 1 1659
33824 1 537
33830 1 1857
33831 1 6374
33847 8 7078
33848 2 1439
33859 2 7228
33871 1 447
33880 1 447
33901 2 1734
33904 1 1776
33917 2 1937
33924 2 11847
33927 1 934
33928 1 774
33931 1 997
33937 2 14231
33941 1 446
33952 1 793
33955 1 3773
33962 1 227
33987 2 4548
33988 4 1595
33996 1 4294
34004 3 5029
34016 2 1873
34027 1 1328
34029 2 3971
34033 1 373
34035 1 2575
34039 6 23394
34046 1 3718
34067 1 1675
34072 1 817
34081 1 3468
34085 1 4021
34086 2 3765
34090 1 2456
34094 1 1268
34100 1 837
34115 1 1103
34137 1 974
34141 1 1487
34143 1 2404
34175 1 2354
34191 1 1190
34201 1 2057
34208 1 2130
34223 1 1760
34243 4 1382
34268 1 3482
34281 1 5326
34287 1 2048
34289 1 2981
34298 1 6813
34303 1 4581
34306 2 739
34314 1 828
34315 2 574
34324 1 692
34325 2 638
34334 1 376
34343 1 221
34358 2 1007
34365 1 456
34371 1 1014
34373 3 646
34382 1 341
34392 1 3063
34394 1 8616
34408 1 1352
34442 1 1260
34449 2 3565
34456 2 1514
34462 3 1693
34480 1 2110
34481 1 3475
34482 1 1107
34488 1 842
34494 2 1658
34496 1 1346
34497 2 1468
34505 1 3691
34526 1 2380
34535 3 3465
34541 1 789
34548 1 2298
34552 2 2327
34553 1 1919
34566 1 496
34576 1 3903
34578 1 2374
34580 2 1336
34583 1 4980
34584 1 973
34619 1 2069
34634 1 1126
34652 2 1004
34661 2 22673
34683 1 1171
34695 1 697
34700 1 611
34710 2 787
34713 2 1199
34714 1 874
34733 1 882
34744 1 1120
34745 1 3957
34749 1 1894
34771 1 1220
34785 1 558
34820 1 7148
34833 1 51
34834 1 46
34861 1 4582
34865 1 180
34869 1 1137
34881 1 2427
34883 1 1692
34890 1 1453
34901 9 18201
34926 1 1110
34927 1 834
34938 3 5944
34951 1 942
34960 1 2476
34974 1 931
34986 1 1778
35030 1 65
35037 2 993
35055 2 1150
35056 1 753
35067 1 1233
35069 1 3840
35077 2 753
35149 3 9307
35151 1 4287
35170 1 1948
35175 1 1265
35177 2 1731
35182 3 13213
35183 1 1577
35251 1 165
35277 1 468
35317 1 1885
35334 1 4418
35340 1 4545
35359 1 634
35372 1 1115
35383 1 366
35391 1 624
35396 1 1669
35398 2 4556
35406 1 830
35408 1 705
35415 1 1578
35449 1 166
35454 1 2122
35466 1 728
35469 1 1178
35504 1 1747
35515 2 949
35529 1 1080
35530 1 533
35532 1 4534
35534 1 2007
35549 1 514
35567 1 654
35591 2 632
35595 7 934
35596 10 1116
35610 1 530
35645 2 3206
35649 2 1325
35662 4 3127
35707 1 340
35718 1 408
35724 2 2406
35740 1 1139
35743 1 4461
35751 1 835
35754 1 1157
35760 2 5014
35761 2 995
35771 1 5813
35824 2 3392
35825 2 3773
35828 5 5244
35840 2 5256
35852 1 3364
35861 1 10960
35870 1 750
35888 1 1614
35891 2 2019
35906 2 1780
35926 1 1322
35945 1 2222
35946 1 3409
35955 1 1580
35983 3 2665
35985 1 905
35989 1 5185
36019 1 852
36033 2 3256
36036 1 746
36042 3 6053
36043 1 1885
36051 7 3640
36054 1 189
36059 1 488
36062 1 46
36063 1 48
36067 1 50
36069 2 2227
36081 4 2438
36082 2 1049
36091 1 2113
36107 1 846
36109 10 12698
36134 2 19793
36137 1 2930
36148 1 496
36184 1 311
36200 1 425
36202 1 346
36203 1 842
36217 1 924
36220 1 531
36222 2 1383
36284 1 1599
36291 3 4374
36293 1 3644
36294 1 3160
36308 1 781
36311 1 2920
36312 1 1698
36343 1 1778
36363 1 2502
36371 1 1301
36389 13 6107
36390 13 6107
36391 7 7515
36392 9 6574
36393 9 6574
36394 4 5251
36395 4 5251
36396 4 5251
36397 7 8678
36398 7 8678
36406 1 1238
36407 1 1238
36409 1 1169
36410 1 1169
36412 1 969
36413 1 969
36415 1 4207
36417 1 2136
36431 1 335
36440 3 2527
36442 2 1154
36444 1 1023
36470 7 1359
36546 1 1536
36548 1 1059
36552 1 1625
36555 1 1255
36590 1 5680
36600 1 1304
36619 1 994
36624 5 1412
36625 5 1412
36626 5 1412
36663 1 462
36678 1 653
36685 2 3543
36730 1 751
36732 4 18263
36737 1 707
36753 1 993
36756 1 1035
36796 1 1826
36797 1 6365
36801 1 2127
36812 3 1385
36823 1 1482
36828 2 1444
36832 1 4358
36852 2 2431
36866 1 1504
36882 6 6259
36893 1 726
36926 1 888
36944 1 1225
36945 1 21910
36951 1 446
36962 2 5960
36966 1 191
36993 1 753
37025 1 811
37035 1 1914
37044 1 716
37051 1 741
37067 1 1829
37072 1 2165
37074 1 3457
37078 2 2030
37091 1 1834
37097 1 3262
37101 1 894
37102 1 1529
37135 1 956
37140 2 1347
37164 2 3578
37168 3 3059
37182 14 13117
37187 1 3415
37192 2 921
37197 3 3237
37212 1 697
37278 2 2964
37285 1 2205
37310 2 7113
37314 1 124
37321 2 1056
37323 3 7159
37325 2 5474
37352 1 1354
37358 3 995
37361 1 1594
37379 1 1264
37381 1 1394
37382 3 3256
37384 1 1980
37389 2 921
37392 1 1220
37400 2 1054
37407 2 1372
37415 2 5377
37419 3 13883
37420 1 266
37423 6 13622
37424 1 1300
37425 1 4184
37427 2 7481
37431 1 258
37436 9 9722
37445 1 1889
37454 5 8351
37458 1 1744
37468 1 561
37488 1 354
37489 1 991
37501 2 4449
37502 1 1948
37520 2 1281
37546 1 2709
37548 1 1203
37550 2 1723
37557 1 985
37566 1 1800
37570 1 929
37577 1 806
37591 1 1574
37593 2 2020
37614 2 4640
37615 2 2824
37616 3 8646
37620 1 1774
37655 1 1979
37661 1 5314
37671 1 2694
37683 1 1248
37707 1 761
37712 2 8990
37714 1 2598
37717 1 382
37725 1 2498
37728 2 659
37739 2 3012
37747 1 4991
37833 2 916
37870 2 1042
37871 1 346
37881 1 1592
37887 1 1454
37892 1 5282
37893 2 7547
37894 1 411
37911 1 8246
37918 1 993
37920 1 1463
37924 1 698
37928 1 3618
37929 1 2603
37932 8 17484
37964 1 2710
37996 1 874
38001 1 978
38025 1 2248
38026 1 732
38066 1 948
38070 1 1509
38073 1 1947
38074 1 1582
38155 1 709
38159 1 1705
38178 1 648
38181 1 1301
38189 3 3745
38194 1 2925
38195 1 2948
38199 6 2577
38221 1 1823
38222 1 1936
38224 1 2141
38229 3 4034
38278 1 1163
38309 1 1508
38316 1 1756
38318 2 1214
38332 1 143
38358 1 951
38366 1 781
38376 1 1294
38382 1 1986
38400 1 1879
38406 1 1770
38411 4 2671
38412 1 2954
38413 4 6145
38434 1 2883
38448 3 6071
38452 1 1545
38489 2 719
38501 1 187
38524 1 387
38536 2 1157
38542 1 2357
38543 1 1310
38545 1 1123
38557 1 10387
38561 2 1357
38564 2 4067
38577 1 795
38602 1 826
38636 1 869
38638 1 617
38649 1 797
38660 1 1365
38663 1 3825
38680 1 834
38682 4 1166
38685 1 2596
38690 2 994
38699 1 1357
38709 2 1586
38711 2 2289
38712 3 9962
38715 3 5564
38725 3 2848
38737 1 1277
38753 1 663
38778 1 3309
38781 2 2162
38786 1 2614
38790 1 382
38796 1 3677
38836 3 1881
38847 2 1344
38852 1 374
38853 1 573
38855 1 5137
38864 1 704
38868 1 272
38888 1 1184
38905 2 1096
38910 3 7766
38916 1 6621
38925 1 1372
38938 1 2006
38939 2 1520
38961 1 1081
38970 1 774
38974 1 514
38979 1 1182
38999 5 4065
39001 1 4864
39010 9 2843
39016 1 1041
39030 2 612
39051 1 1231
39053 1 1408
39068 5 6017
39083 1 2721
39084 2 4248
39085 3 4795
39088 1 252
39091 1 308
39098 2 676
39115 2 1536
39133 1 232
39142 1 518
39149 2 2101
39158 1 1513
39179 1 2122
39183 1 4477
39187 2 715
39193 1 3626
39194 1 764
39204 1 908
39238 3 1675
39241 3 7079
39255 1 1425
39264 1 7187
39265 2 3702
39273 1 1081
39276 1 3501
39281 1 1733
39286 2 1507
39305 1 783
39307 1 2173
39311 1 2070
39313 1 2054
39321 2 1371
39323 1 830
39329 15 32477
39414 1 502
39415 1 1211
39416 1 301
39448 1 3136
39449 2 3105
39458 1 1860
39474 1 1378
39489 1 1197
39492 8 2059
39495 1 504
39501 1 2201
39509 1 616
39544 1 1182
39553 3 1762
39588 1 6063
39590 1 969
39678 1 69
39690 6 2140
39693 1 994
39695 1 3613
39699 3 3266
39704 1 1282
39713 1 849
39720 1 1188
39721 2 921
39745 1 186
39781 1 1529
39800 1 1463
39808 1 1316
39812 1 261
39832 1 487
39907 1 453
39924 1 1284
39926 2 1489
39938 1 773
39957 1 372
39978 10 30166
39993 4 6188
39995 1 2204
39999 1 4187
40022 1 2312
40024 2 2366
40035 1 1005
40053 2 3632
40060 1 1447
40061 1 993
40065 1 3427
40076 1 1554
40086 1 1548
40094 1 963
40142 1 488
40183 1 1540
40198 2 5290
40200 1 2237
40201 1 1226
40238 1 1053
40243 1 841
40256 1 1952
40259 2 883
40261 1 1349
40301 2 1617
40303 1 1983
40319 1 3414
40320 2 7910
40321 1 1078
40374 2 648
40375 2 2147
40389 1 1995
40400 1 2099
40407 1 2371
40409 1 787
40435 1 2577
40438 1 4462
40445 1 1917
40446 1 1492
40447 3 3358
40451 1 1598
40468 1 2719
40496 1 3146
40506 1 1973
40534 3 4269
40538 10 14088
40541 1 4650
40542 1 1292
40545 1 815
40550 1 3684
40552 1 4962
40563 1 790
40570 1 216
40586 1 8741
40603 1 752
40625 1 980
40636 2 3362
40648 1 7183
40652 1 1291
40659 2 2127
40667 1 958
40668 1 3116
40671 1 872
40672 1 714
40695 4 8337
40696 2 6423
40740 1 354
40747 2 5237
40754 1 583
40766 1 780
40770 1 1680
40771 2 1289
40775 1 1455
40798 1 48
40799 1 51
40819 3 10440
40820 3 4100
40828 1 514
40829 2 3054
40848 2 630
40860 1 909
40862 1 1309
40868 1 42
40899 2 5270
40900 3 3388
40901 1 712
40902 1 1290
40908 1 574
40909 1 618
40926 1 4236
40944 2 5673
40962 1 1247
40965 1 616
40966 1 1237
40972 1 1481
40975 1 814
40977 2 4178
40993 1 3833
40997 1 1184
41022 2 2587
41023 1 1296
41029 1 1155
41043 1 665
41044 1 430
41052 1 6547
41054 1 847
41057 1 3871
41065 1 391
41067 2 949
41072 1 1072
41077 2 1806
41085 1 1046
41090 1 911
41113 1 1884
41118 1 2966
41123 1 2499
41131 2 4182
41149 1 958
41151 3 438
41162 6 1960
41184 1 7879
41187 2 1739
41220 2 891
41222 1 537
41235 1 2506
41263 1 2085
41268 1 629
41292 1 450
41296 1 657
41302 1 786
41306 1 2294
41327 2 4020
41341 1 1666
41426 1 4541
41431 2 1782
41605 1 996
41634 1 373
41664 1 608
41674 5 4187
41718 1 779
41720 1 1655
41729 1 1363
41730 2 1912
41742 1 1669
41746 1 940
41755 1 800
41779 1 683
41789 1 925
41809 1 908
41818 1 3884
41826 1 2287
41851 1 1458
41853 2 4530
41884 1 964
41899 1 432
41900 10 1156
41901 11 1154
41904 1 1303
41943 1 866
41947 1 2133
41949 1 1257
41957 1 1028
41988 1 1757
41991 1 2217
42004 1 1812
42008 1 297
42009 1 3192
42019 2 6660
42025 3 9933
42030 1 2922
42034 1 580
42035 2 3392
42054 1 2132
42077 1 806
42112 1 1065
42119 1 4002
42129 5 4735
42132 1 1554
42135 2 5733
42141 2 1064
42146 1 1940
42148 2 3966
42149 4 9906
42161 3 9423
42166 1 203
42170 1 4262
42193 1 1099
42208 1 1800
42221 3 2197
42222 1 1163
42224 9 949
42229 1 695
42239 1 1971
42247 1 799
42261 1 6604
42262 1 732
42266 1 1519
42283 1 2025
42299 1 1013
42301 2 1173
42309 1 5367
42321 1 1615
42340 1 50
42341 1 49
42347 1 848
42354 1 1506
42355 1 5228
42359 1 2478
42362 9 10503
42374 1 1702
42390 1 1124
42416 1 1931
42422 2 5724
42424 3 6309
42425 1 5948
42433 1 459
42439 1 1085
42447 1 819
42466 1 597
42476 3 2207
42477 2 1308
42487 1 1735
42488 1 517
42489 1 1484
42510 1 1487
42516 1 823
42542 2 862
42544 2 2256
42550 1 2066
42557 1 2920
42559 1 2800
42567 1 3374
42569 1 3491
42574 1 2003
42575 1 1157
42581 1 2953
42584 1 1300
42593 1 2229
42600 1 2138
42630 1 2369
42632 1 2515
42640 1 12636
42653 1 2753
42654 1 923
42667 2 1132
42679 13 6107
42680 13 6107
42767 2 8035
42768 1 4939
42769 6 8334
42774 1 5633
42777 1 1444
42817 2 1368
42820 1 2822
42827 1 817
42828 3 827
42830 1 1716
42847 1 1125
42848 1 318
42868 1 620
42876 1 547
42878 2 582
42898 1 477
42915 3 1556
42921 2 2767
42922 1 1156
42926 1 1178
42954 1 821
42959 1 5863
42995 1 1142
43005 1 721
43025 1 3087
43036 2 612
43042 1 1175
43048 1 245
43057 1 756
43061 1 3075
43073 1 382
43085 1 1036
43109 1 2284
43122 1 1078
43123 1 1254
43144 2 987
43160 1 1940
43230 1 2504
43257 1 1460
43307 4 1390
43316 1 1838
43350 1 2399
43362 1 469
43373 1 500
43384 3 474
43388 1 576
43418 1 1353
43428 1 1779
43437 1 1930
43438 1 2070
43444 1 2757
43446 4 8554
43455 1 753
43463 2 1072
43470 1 3949
43477 14 22611
43494 2 355
43511 1 879
43522 1 1077
43533 1 903
43538 1 2943
43546 2 1261
43570 1 790
43576 3 5522
43577 2 3389
43579 1 1057
43593 1 571
43597 1 2088
43656 1 4176
43683 1 1512
43691 1 1413
43717 1 976
43719 1 1105
43724 1 3202
43728 1 3240
43736 1 2026
43747 3 7125
43764 1 9601
43768 1 1020
43777 3 3197
43788 1 2027
43791 1 895
43792 1 904
43798 2 5617
43815 1 868
43832 1 1187
43837 1 3115
43861 2 1888
43890 1 2794
43905 1 1196
43908 1 1405
43909 2 1568
43921 2 9448
43935 1 3104
43965 1 555
44011 1 1934
44024 2 1787
44028 1 1537
44050 1 4928
44056 1 2924
44080 1 3596
44081 3 4117
44104 1 909
44109 1 1504
44122 1 1272
44125 2 6435
44127 1 904
44129 1 1404
44130 1 6601
44136 1 50
44155 1 1605
44157 1 2662
44163 5 1618
44168 1 1371
44176 1 884
44191 1 1020
44217 1 3228
44218 3 6003
44253 2 2425
44254 1 553
44262 1 460
44283 1 1417
44284 1 1674
44286 1 5425
44289 1 611
44290 1 1048
44333 1 2947
44362 2 3685
44370 2 4236
44371 1 1226
44376 1 1032
44377 1 1880
44387 1 500
44389 2 1440
44395 1 1358
44419 1 1293
44423 4 2828
44427 3 1106
44430 1 967
44432 1 762
44443 1 1543
44451 1 786
44455 1 1628
44471 1 686
44479 1 5563
44487 1 1650
44494 1 3303
44516 4 898
44521 2 814
44523 1 369
44555 1 196
44557 1 186
44569 2 1077
44582 3 1156
44583 1 276
44585 1 1136
44590 2 3346
44698 1 2666
44746 1 1422
44749 1 849
44750 1 599
44767 1 382
44769 1 566
44779 1 1194
44789 1 1330
44791 1 1689
44792 1 3157
44805 1 1254
44817 3 2611
44848 1 1841
44859 1 1784
44891 1 1753
44954 3 8549
44955 1 7733
44956 1 7041
44957 1 10010
44972 1 1148
45072 1 825
45077 1 617
45081 1 774
45083 1 811
45095 1 1223
45096 1 6217
45100 3 403
45159 3 13537
45161 1 1863
45166 1 2013
45175 1 347
45180 1 838
45181 1 1440
45189 2 6148
45219 1 500
45224 1 605
45246 1 2149
45336 1 1599
45383 1 1334
45394 1 1505
45403 1 377
45422 1 776
45466 1 564
45491 1 863
45492 1 366
45504 1 1326
45608 1 737
45611 3 1534
45622 1 1477
45624 1 632
45631 1 741
45676 1 11251
45700 1 855
45701 1 743
45704 2 1557
45707 4 3610
45718 2 566
45731 2 582
45752 1 66
45808 1 1186
45810 1 1799
45820 1 1773
45824 1 2571
45826 2 8235
45836 1 928
45839 1 1004
45844 1 1043
45859 7 21421
45880 1 2642
45885 1 459
45890 1 1518
45913 1 1708
45956 1 4392
45958 4 2336
45960 1 2353
45963 1 888
45966 2 349
45992 1 640
46017 1 725
46035 3 875
46040 1 1011
46046 1 3634
46073 4 767
46087 2 1968
46091 1 659
46105 1 945
46128 2 1163
46132 1 566
46133 1 1219
46139 1 980
46148 1 954
46152 1 907
46212 2 1331
46244 1 3024
46277 1 4798
46282 2 4059
46286 1 1012
46289 2 4086
46307 1 833
46309 1 1589
46318 1 2246
46322 1 1537
46331 1 4197
46340 1 882
46347 2 1459
46364 2 162
46378 3 6175
46388 47 81863
46418 1 1254
46426 1 3573
46434 1 2480
46440 2 734
46467 1 1655
46473 1 583
46505 2 6279
46510 1 1994
46519 3 5448
46520 1 538
46538 1 1327
46544 1 2693
46552 3 9921
46553 2 1252
46560 1 1151
46561 1 479
46564 1 1709
46576 1 1473
46581 1 1196
46582 1 877
46589 1 1731
46592 1 1676
46593 1 770
46598 3 248
46599 1 1778
46613 3 649
46627 3 4426
46632 1 1335
46639 2 4091
46644 1 773
46648 1 1047
46659 1 1042
46670 1 1475
46678 1 1390
46694 1 3602
46696 1 1298
46707 2 1302
46732 1 961
46744 1 1837
46749 3 6951
46752 1 345
46754 1 1931
46774 1 2182
46803 1 1295
46807 2 977
46808 2 976
46809 1 883
46810 1 1240
46812 1 3767
46817 2 2737
46822 1 746
46824 1 1526
46837 1 2432
46890 1 382
46913 2 1961
46920 1 1431
46938 1 8253
46939 1 2178
46940 1 1893
46983 1 4196
47007 1 834
47012 1 1990
47037 1 1110
47049 1 492
47050 1 1107
47064 1 447
47067 1 706
47122 1 512
47133 1 1102
47139 2 6464
47148 1 1482
47151 5 5857
47160 1 4319
47161 1 1358
47175 2 1171
47181 3 282
47184 1 311
47190 1 1899
47199 1 3686
47204 1 1502
47205 1 1857
47208 1 1552
47212 1 491
47214 1 966
47230 1 1077
47245 1 6757
47278 1 309
47289 1 600
47350 2 2865
47360 1 1310
47383 1 1296
47385 1 516
47393 1 661
47398 4 5716
47437 1 1517
47438 1 1445
47442 1 559
47462 1 630
47474 1 5150
47496 1 2373
47497 2 2515
47511 1 2170
47522 1 1342
47530 3 349
47538 1 4411
47547 1 1528
47552 1 1137
47559 1 11224
47573 1 1389
47606 1 1497
47609 1 1519
47613 1 792
47650 3 1540
47666 1 881
47672 1 816
47684 1 1718
47686 1 728
47709 1 862
47720 1 1789
47723 2 636
47758 1 1263
47770 1 929
47782 1 625
47798 1 1074
47799 1 2474
47800 3 10768
47839 2 1597
47848 2 2980
47891 2 1182
47905 2 685
47919 2 665
47984 1 2548
48019 1 343
48031 2 4280
48039 1 807
48069 1 3129
48078 4 11919
48083 1 876
48085 1 2386
48087 3 2749
48098 1 1123
48108 1 1242
48111 3 2300
48116 1 1532
48126 1 1791
48127 1 1809
48130 2 978
48134 1 1655
48150 3 1299
48151 1 975
48170 1 993
48180 4 25164
48181 1 1551
48184 1 2004
48197 3 8238
48204 1 1943
48205 2 3456
48209 1 2047
48217 2 6375
48219 1 1178
48222 1 3062
48223 2 2573
48224 1 3121
48234 1 7467
48247 2 2933
48266 3 548
48268 1 5058
48269 2 11120
48285 1 1127
48290 2 2106
48293 2 739
48317 1 850
48320 1 720
48338 2 2760
48349 1 791
48350 1 743
48372 1 672
48379 2 6270
48409 1 52
48413 1 3524
48414 1 3926
48415 1 950
48444 2 1142
48466 1 528
48467 1 2133
48471 1 2563
48489 1 2490
48501 1 3845
48506 1 1340
48507 1 1533
48508 1 1328
48520 1 906
48531 1 1863
48543 2 1485
48546 1 2386
48547 3 4836
48551 1 6659
48566 3 3055
48567 1 1221
48573 1 102
48577 2 940
48596 1 938
48599 1 2082
48611 1 515
48617 1 596
48618 2 1867
48664 1 1021
48669 1 1039
48671 2 1680
48676 1 1096
48679 3 2017
48689 8 4283
48692 1 633
48694 1 779
48740 1 487
48745 2 1192
48746 1 1274
48751 1 1441
48777 2 2052
48779 1 3569
48842 1 1231
48855 2 1420
48857 1 982
48858 2 3188
48861 1 789
48888 1 1840
48894 1 792
48905 1 1954
48906 1 1435
48909 2 1859
48912 1 2452
48914 1 1166
48916 1 2862
48917 1 6627
48919 2 5467
48922 1 2935
48925 2 4731
48933 1 1238
48943 1 290
48949 1 1128
48951 2 6065
48956 1 1240
48959 1 1293
48969 1 542
49014 1 2884
49015 1 2835
49017 1 1408
49020 2 2150
49021 3 2436
49023 2 1908
49025 1 872
49029 1 3596
49034 1 2025
49050 1 3091
49052 5 3420
49056 1 2188
49066 1 727
49071 1 1361
49075 2 660
49077 2 1137
49097 1 835
49105 1 2283
49106 1 2247
49113 2 1472
49124 2 1073
49130 1 2701
49149 1 3141
49150 2 4092
49157 2 2034
49159 1 843
49164 1 1298
49173 2 10707
49174 2 9273
49175 3 9938
49176 2 11069
49187 1 1258
49211 3 701
49214 2 699
49225 1 559
49235 1 2114
49238 2 2254
49255 2 1301
49259 1 953
49276 4 5599
49282 2 4687
49286 2 2335
49320 1 943
49322 1 882
49323 3 5236
49340 5 2095
49341 2 2395
49346 1 1190
49348 2 2857
49350 1 2540
49352 1 2586
49356 1 1233
49435 2 1167
49442 2 1338
49443 1 1149
49457 2 2074
49459 1 3328
49461 2 2195
49471 1 1921
49488 1 986
49506 1 911
49507 1 934
49510 1 2250
49512 1 862
49516 2 1481
49521 1 1279
49522 2 6160
49549 1 1332
49562 1 451
49601 2 978
49604 2 4772
49680 2 5727
49681 2 3266
49701 2 596
49723 1 274
49738 1 754
49749 1 802
49753 1 1126
49754 2 1006
49758 1 384
49761 1 471
49762 1 486
49766 1 1245
49776 2 9407
49778 1 881
49790 1 782
49806 1 1527
49814 2 1613
49821 1 771
49828 1 951
49832 1 2018
49834 1 904
49844 2 6972
49849 1 1035
49854 1 300
49863 1 1748
49893 1 1339
49897 1 901
49923 1 738
49925 3 1955
49933 2 772
49960 1 2195
49961 2 620
49966 1 2862
49985 1 901
49988 1 2850
49991 1 1914
49992 1 1485
50000 1 1686
50002 1 1163
50003 1 1075
50009 1 1186
50010 1 1235
50012 2 3608
50016 6 11583
50017 1 2970
50025 4 5763
50028 1 1566
50030 2 2358
50040 1 6696
50042 1 1289
50047 1 1726
50056 3 5845
50060 1 2052
50115 2 339
50120 4 1661
50121 1 2247
50126 1 1046
50142 2 2652
50143 5 8454
50186 1 5705
50192 2 1934
50194 1 1013
50197 1 2113
50204 1 2083
50205 6 7146
50211 1 1608
50216 1 1284
50219 1 771
50223 1 6104
50228 1 701
50246 1 1315
50249 1 735
50252 1 981
50256 2 865
50260 2 1300
50267 1 865
50276 1 230
50279 2 914
50287 2 2869
50288 2 2416
50291 1 599
50308 2 1115
50317 1 2395
50324 1 1065
50333 2 354
50338 1 946
50343 1 3220
50352 1 1013
50355 1 3677
50361 1 843
50369 1 1117
50376 1 1371
50382 1 1337
50394 1 644
50408 1 3892
50427 2 702
50431 1 1740
50438 2 1670
50439 1 3976
50447 1 1637
50449 2 1878
50464 1 2946
50476 3 10882
50477 2 4990
50478 3 3624
50481 3 2364
50485 1 3231
50488 1 1982
50504 1 2431
50519 1 1368
50529 1 4267
50534 1 980
50541 1 2524
50546 1 1843
50549 1 434
50552 1 2672
50553 1 2439
50554 1 1923
50579 2 1575
50597 8 2594
50599 1 5431
50620 1 2383
50632 1 1689
50670 1 1366
50672 1 2381
50749 4 1017
50776 3 2775
50783 2 2276
50784 2 2392
50787 1 1313
50810 2 1115
50813 2 1092
50821 1 497
50834 2 3519
50849 1 1019
50850 1 378
50854 1 3003
50866 1 2623
50883 2 1879
50889 3 5625
50903 1 1269
50912 1 423
50916 1 4044
50936 3 3155
50949 1 1000
50955 1 946
50966 1 8029
50983 4 16660
50991 1 851
50996 1 5411
51006 3 2540
51012 1 1432
51019 3 1182
51025 1 1508
51032 1 196
51033 1 254
51046 1 790
51052 1 871
51058 1 3191
51059 1 2082
51062 2 2206
51066 1 2595
51088 2 2484
51089 1 1317
51093 1 935
51103 1 478
51121 1 1534
51141 1 1862
51146 1 2691
51160 1 2041
51176 2 976
51208 1 859
51217 1 702
51226 2 2481
51227 1 1328
51281 1 349
51295 1 5729
51305 2 1663
51326 1 2077
51329 1 740
51345 1 2417
51355 1 860
51356 1 903
51385 2 1887
51395 1 754
51460 2 1604
51464 1 665
51475 1 1015
51476 1 2010
51492 6 420
51494 1 905
51495 1 928
51526 1 992
51565 1 1885
51588 1 1269
51598 1 843
51608 2 1170
51609 2 1170
51610 2 1170
51614 1 1746
51621 3 840
51638 1 3650
51647 2 962
51657 1 1524
51672 2 3436
51727 1 360
51763 1 2149
51764 1 2864
51771 1 2283
51772 2 1416
51788 1 720
51796 1 1282
51805 1 952
51824 1 1527
51827 1 2148
51839 5 9735
51843 1 6718
51858 2 3972
51885 1 844
51891 1 6407
51892 1 4521
51894 1 3076
51919 2 507
51921 3 820
51933 1 2717
51955 1 1040
51958 1 1244
51976 1 1263
51978 5 8282
51991 3 4229
51993 3 12689
51994 4 9298
52020 1 5271
52025 1 712
52047 1 1194
52048 1 4112
52067 1 749
52069 1 2292
52072 2 2361
52092 1 1269
52109 1 3805
52111 1 3330
52140 18 3824
52146 7 10691
52149 1 1612
52156 3 522
52167 2 2979
52211 1 730
52212 1 782
52213 2 3751
52214 7 6634
52221 1 1170
52222 2 1753
52223 3 1842
52233 1 1302
52245 1 51
52255 1 1523
52257 2 1138
52271 1 8131
52275 1 1430
52284 1 1780
52290 1 3280
52292 2 485
52300 4 6036
52301 9 8406
52303 1 1966
52304 1 1864
52326 1 3702
52332 1 432
52338 1 2169
52345 1 3783
52352 1 587
52356 1 1329
52372 1 710
52386 2 3359
52394 1 897
52395 1 1520
52396 1 4756
52402 1 1032
52406 2 4365
52415 1 2114
52440 5 6680
52443 1 995
52448 1 1816
52457 2 4403
52462 1 1025
52463 1 556
52465 1 543
52477 1 1598
52483 1 894
52504 1 676
52506 1 1015
52541 3 3260
52546 1 8264
52561 1 52057
52568 1 838
52574 1 1013
52584 2 1788
52601 1 580
52613 3 1549
52635 2 3805
52638 1 1649
52651 1 2028
52652 1 1339
52699 1 744
52702 1 455
52719 1 2978
52727 1 4203
52793 1 1152
52798 1 746
52803 2 1669
52804 1 4622
52878 2 452
52932 1 750
52936 5 2566
52938 2 1963
52945 1 779
52961 4 476
52976 2 578
52977 1 1736
52987 2 1151
52988 4 24350
53023 9 6088
53026 1 621
53034 1 2302
53038 2 2169
53047 1 1702
53073 1 2274
53078 1 3327
53083 1 538
53084 2 2127
53091 1 1258
53099 1 3241
53101 1 1846
53110 2 1619
53111 1 3883
53121 2 2359
53124 2 2131
53137 1 1658
53138 1 1947
53143 3 2969
53158 6 9225
53170 1 2693
53203 1 1666
53210 2 1461
53236 2 3296
53308 1 2307
53332 1 2573
53342 1 3109
53346 1 1122
53367 1 1856
53371 1 2205
53377 1 756
53392 1 958
53411 1 774
53424 1 5193
53430 16 48057
53441 1 3363
53442 4 8599
53446 1 495
53448 1 788
53459 1 1126
53463 1 630
53470 1 1026
53479 1 1784
53504 1 1081
53505 1 947
53509 2 1285
53511 1 4733
53524 5 1461
53525 1 49
53526 1 49
53527 1 322
53533 1 1937
53541 1 1370
53543 1 2493
53544 1 1037
53549 1 1593
53558 1 5589
53596 1 1721
53601 1 2754
53602 1 1819
53613 1 1723
53641 1 776
53651 2 1909
53652 1 1858
53653 1 2179
53654 1 2802
53655 1 2405
53674 1 1401
53691 1 1391
53707 1 5088
53708 1 2017
53715 1 726
53721 1 553
53722 1 622
53726 2 2312
53738 2 2051
53740 1 835
53760 1 1772
53761 1 1331
53770 1 1540
53773 1 1265
53778 2 4519
53782 1 1204
53788 1 391
53845 1 2571
53846 1 2470
53847 1 1188
53856 2 1385
53888 6 5712
53890 11 3997
53891 11 3993
53892 11 3994
53893 3 4170
53894 3 4154
53895 1 1788
53896 1 1788
53897 1 1195
53898 1 1192
53899 1 1192
53900 1 1192
53901 1 1141
53902 1 1141
53903 1 1141
53910 1 1481
53918 1 1250
53934 1 1246
53936 1 1821
54120 1 439
54129 1 588
54147 1 1217
54151 1 623
54157 3 5381
54158 1 955
54169 1 1208
54183 1 2128
54200 2 3379
54212 1 1573
54241 1 1146
54244 1 1037
54250 1 1352
54282 3 865
54285 1 983
54294 1 530
54295 1 1798
54306 1 2437
54325 1 1225
54326 2 3836
54327 1 1517
54333 2 1417
54349 8 12411
54350 1 8318
54370 1 2398
54375 4 5885
54378 1 905
54399 3 5059
54441 3 4709
54470 3 2185
54485 2 4555
54497 3 1589
54509 1 3235
54510 1 1065
54511 1 1251
54512 1 1202
54552 1 2960
54553 2 2793
54564 2 3322
54566 1 8702
54570 1 883
54572 3 1067
54581 1 753
54586 1 1015
54588 1 600
54593 1 892
54617 3 1123
54619 5 10647
54624 2 1892
54638 1 497
54651 2 1877
54659 1 5192
54660 1 947
54668 1 814
54680 1 636
54683 2 1304
54822 1 31
54868 1 837
54886 3 649
54893 2 3377
54923 1 1418
54924 1 714
54928 1 700
54930 2 1003
54931 1 718
54940 1 615
54942 2 567
54949 1 1656
54962 1 2551
54966 1 6126
54974 1 1777
54981 1 910
54983 1 1045
54995 3 1180
55045 1 1195
55054 1 4966
55056 1 1176
55069 1 2948
55094 5 12123
55122 2 4413
55132 1 520
55147 2 2912
55161 1 978
55171 1 2177
55321 1 804
55324 1 921
55327 1 6079
55333 1 1119
55334 1 941
55411 1 830
55435 2 640
55440 1 1255
55444 1 523
55467 1 1056
55483 1 522
55496 2 5278
55498 1 5155
55500 1 1640
55515 1 1874
55516 1 1474
55530 1 446
55536 2 49965
55584 1 1087
55586 1 749
55600 1 519
55607 3 9422
55608 2 4052
55614 2 5399
55634 2 1214
55664 1 811
55689 1 846
55716 1 1201
55717 1 648
55742 2 1027
55886 1 5463
55919 1 3288
55934 1 742
55936 2 707
55937 1 791
56013 4 518
56025 1 970
56026 1 2074
56029 1 4442
56038 1 1596
56067 2 138
56077 1 253
56175 4 8425
56181 2 1977
56184 1 1126
56191 1 2260
56196 1 1404
56203 2 765
56204 1 1621
56266 1 1037
56273 1 2200
56281 1 743
56400 1 2072
56420 1 1446
56426 1 1399
56440 1 1858
56443 1 618
56477 1 4251
56479 1 214
56487 1 3333
56489 3 5171
56495 2 1972
56497 1 2476
56503 1 5900
56514 1 1583
56521 2 5019
56536 1 906
56553 1 7598
56563 1 1501
56571 1 1051
56573 1 819
56590 1 2070
56591 1 1805
56600 1 1942
56618 5 1564
56621 1 1096
56635 2 1373
56648 1 471
56651 1 302
56656 1 546
56658 1 1079
56666 1 912
56680 1 1247
56702 1 683
56703 1 2682
56717 1 2410
56720 1 1269
56722 1 901
56726 1 517
56732 1 1068
56734 3 1457
56774 1 52
56788 1 2350
56789 1 743
56802 1 8941
56807 1 780
56825 2 1188
56833 1 865
56835 1 445
56839 1 8203
56851 2 778
56853 1 915
56860 1 1462
56861 1 1250
56866 1 1626
56878 1 910
56881 1 4650
56883 1 713
56888 3 2750
56900 1 1808
56914 2 786
56915 2 4927
56933 1 680
56934 1 1064
56961 2 7535
56992 1 468
57024 2 5130
57040 2 3492
57188 2 824
57226 2 11510
57231 6 3603
57240 1 389
57241 1 1386
57244 1 674
57249 1 648
57256 1 1106
57260 1 463
57283 1 1207
57288 2 2261
57291 1 785
57306 1 1072
57315 1 966
57342 2 574
57352 1 504
57363 1 1222
57367 2 2359
57369 1 1953
57371 1 1247
57377 1 862
57397 1 927
57403 1 1067
57408 1 3005
57410 2 2492
57413 1 6376
57420 2 1686
57429 1 937
57436 1 3484
57452 1 856
57457 2 2066
57476 1 1805
57490 1 1202
57494 1 3677
57497 6 857
57510 5 2365
57511 10 2052
57512 1 1680
57520 1 5772
57549 1 1672
57550 1 1672
57551 1 1637
57616 3 1787
57617 3 1772
57618 3 1770
57619 1 520
57620 3 3241
57621 3 3239
57622 3 3240
57623 2 3704
57624 2 3707
57625 2 3705
57626 1 1133
57629 1 723
57634 1 2122
57643 1 8017
57648 1 556
57656 1 755
57660 1 6533
57665 3 1013
57725 1 1668
57728 1 3152
57731 1 1088
57744 3 2807
57758 1 2719
57759 7 1949
57761 5 2116
57764 1 892
57769 2 3472
57770 1 537
57781 2 1176
57788 1 1324
57793 1 976
57820 1 3637
57829 1 2379
57838 1 1853
57843 1 1480
57845 4 1225
57882 1 1245
57890 1 2563
57892 1 1014
57914 1 2836
57915 1 2190
57923 1 2383
57946 13 5545
57947 13 5535
57948 6 5712
57949 6 5712
57950 18 10362
57951 18 10312
57952 15 8583
57953 15 8583
57954 11 4003
57955 3 4158
57956 3 4158
57957 1 1797
57958 1 1788
57965 4 3015
57974 1 1235
57994 1 1029
57995 1 2088
57997 1 4870
58000 1 818
58192 1 3058
58199 1 4784
58203 1 367
58221 1 8233
58229 1 767
58235 1 209
58243 1 1796
58247 8 19391
58251 1 4547
58298 1 476
58301 1 390
58330 1 1851
58331 1 437
58332 1 319
58340 3 1736
58349 1 565
58378 1 2575
58383 1 1351
58467 1 4185
58474 1 1482
58493 1 958
58496 1 588
58503 2 2202
58518 2 1471
58547 1 317
58697 1 1823
58711 1 1429
58750 2 999
58758 1 733
58762 2 4573
58766 1 757
58772 1 4810
58832 2 1304
58839 1 2933
58852 3 3464
58862 1 1318
58866 2 1688
58869 2 5200
58886 1 1211
58910 1 544
58936 1 1464
58966 1 5767
58967 1 3481
58968 1 815
58969 1 800
58970 1 799
58984 1 754
58985 1 752
59043 1 451
59044 1 1645
59045 1 1137
59046 1 942
59047 1 917
59048 1 919
59049 6 2182
59050 1 1865
59051 1 1868
59052 1 852
59053 2 2530
59054 2 2531
59055 1 510
59056 1 508
59057 2 2210
59058 2 2211
59063 1 3059
59072 5 10092
59080 1 953
59152 1 2763
59164 2 1218
59178 2 428
59189 5 10518
59202 1 953
59209 1 2825
59211 2 3035
59225 5 6473
59226 1 1228
59246 1 1035
59247 2 1136
59251 2 6070
59256 1 860
59263 1 5357
59269 1 426
59276 1 1484
59280 1 223
59281 1 255
59293 1 1254
59304 1 1871
59322 1 857
59325 1 201
59338 1 700
59347 5 9699
59348 9 10477
59349 3 8147
59350 6 8331
59390 1 1152
59395 1 1240
59418 8 9567
59423 4 13129
59424 1 1117
59425 1 969
59439 1 1220
59452 1 1493
59453 2 5553
59454 1 2821
59455 1 2220
59463 1 2182
59468 1 4334
59470 5 3154
59471 3 4583
59475 2 5201
59505 1 751
59511 1 1631
59512 1 3204
59515 1 2280
59523 2 1877
59556 1 2338
59564 1 1594
59565 1 1703
59573 1 1577
59574 1 1852
59588 3 1547
59592 1 2574
59615 1 852
59622 1 1137
59625 1 914
59626 1 2003
59627 1 4734
59635 1 4384
59639 1 3423
59642 1 3464
59647 2 1537
59648 1 938
59662 4 14951
59669 1 588
59674 1 774
59676 1 816
59679 1 2650
59680 1 2653
59687 1 1419
59691 1 2592
59699 1 1994
59702 1 1311
59709 4 3880
59717 1 4807
59771 1 2668
59777 2 6060
59808 1 1147
59829 2 1756
59833 2 1248
59836 1 1097
59837 3 1240
59843 2 6525
59858 5 1684
59869 1 1159
59870 1 1260
59898 3 4986
59901 1 10800
59902 1 1247
59907 1 1288
59912 1 1051
59916 1 895
59918 5 9598
59922 3 3476
59928 1 214
59975 5 1343
59976 2 732
59982 1 4938
59985 1 4522
60000 1 560
60018 1 2504
60030 3 10533
60031 1 2148
60037 1 4344
60040 1 5727
60046 1 858
60060 1 899
60063 13 3984
60064 11 3872
60065 10 3606
60066 1 4785
60080 2 1464
60094 3 1104
60109 1 2379
60114 1 998
60116 1 1842
60124 2 3277
60134 1 1270
60150 1 701
60157 2 3863
60171 1 1344
60178 1 1325
60187 1 1606
60199 1 3044
60205 2 513
60214 2 2899
60217 1 2172
60223 1 1232
60225 2 2094
60231 1 714
60234 1 909
60240 1 1594
60250 1 1405
60251 1 1629
60252 1 1550
60253 1 889
60254 1 1078
60259 1 492
60268 2 363
60275 2 3073
60276 2 3089
60278 1 3357
60285 1 1744
60301 1 767
60312 1 2041
60317 2 1935
60328 1 1340
60331 1 798
60349 1 1057
60365 1 754
60366 2 3154
60372 2 1505
60387 1 960
60391 1 637
60403 1 2051
60404 1 760
60419 1 2011
60425 1 929
60429 1 5933
60430 1 2173
60434 1 1031
60441 1 362
60446 1 1213
60451 2 2513
60460 1 925
60483 1 648
60485 1 2859
60505 1 2933
60506 1 4289
60507 2 4075
60511 5 1267
60519 1 1838
60521 1 969
60529 1 1952
60536 1 1572
60540 1 596
60562 2 2105
60575 3 2732
60577 1 863
60588 1 3135
60608 1 60
60611 3 2420
60623 2 1555
60627 1 345
60629 1 3596
60661 4 4572
60670 1 1641
60678 2 3884
60686 1 1454
60689 1 1198
60693 2 7521
60694 1 1114
60696 1 834
60698 1 502
60708 1 1572
60722 1 480
60744 1 2509
60750 1 12275
60758 1 909
60771 2 4604
60789 1 1758
60791 1 3468
60792 1 3202
60794 2 1921
60821 1 657
60822 3 5864
60828 1 3367
60829 1 3490
60845 3 1534
60846 1 1322
60847 1 1056
60848 1 1052
60849 1 1785
60850 1 1791
60851 1 1784
60852 1 1600
60862 5 4275
60910 2 2877
60935 3 2979
60953 1 2570
60957 3 3093
60963 1 3508
60964 1 3850
60990 1 968
60991 1 2309
60995 1 1034
60996 1 1503
61001 1 1325
61017 2 2099
61019 1 1394
61020 1 13801
61021 1 5166
61043 3 4069
61045 2 2390
61095 1 1306
61096 3 990
61105 1 527
61155 1 688
61167 1 3616
61169 1 3257
61186 11 14302
61187 12 15707
61188 19 29700
61214 2 535
61227 1 3378
61234 1 1412
61235 1 583
61237 1 941
61239 1 1502
61245 1 1084
61246 1 1024
61255 2 4815
61258 1 3684
61263 1 1798
61268 3 2756
61269 2 8764
61335 1 1245
61352 5 18809
61361 1 1202
61364 1 179
61367 1 401
61368 1 1197
61373 2 2281
61400 2 2056
61409 1 3387
61418 2 2160
61423 1 1232
61424 1 797
61428 8 8357
61467 1 1809
61469 2 1972
61470 1 2495
61471 5 2207
61497 2 5567
61501 1 1119
61502 1 1871
61506 2 3406
61507 1 1577
61513 1 615
61542 1 253
61551 1 1078
61559 1 708
61565 1 2333
61602 1 1097
61620 1 1896
61628 3 7244
61629 1 1176
61645 1 805
61651 1 3956
61666 1 1012
61668 5 11710
61669 3 5944
61676 1 1974
61687 1 2218
61690 1 2512
61701 2 1679
61716 1 602
61718 1 978
61724 1 1491
61725 1 617
61766 1 3802
61770 1 1373
61786 1 849
61789 1 1209
61791 1 1288
61802 1 1596
61816 1 1916
61821 1 3538
61822 1 5496
61829 1 3211
61833 1 7073
61839 2 1782
61845 2 3591
61860 2 7381
61861 2 2244
61864 2 1251
61877 2 2841
61880 4 2723
61892 2 3071
61893 2 1205
61894 3 3336
61897 2 2680
61898 1 2787
61903 1 361
61905 1 1182
61909 2 3209
61917 8 5083
61918 2 644
61938 2 6544
61939 5 10305
61942 1 1229
61988 1 1244
61995 1 1094
61999 1 1306
62005 3 2659
62011 1 1430
62022 2 1888
62027 1 722
62030 1 796
62032 1 1096
62043 1 209
62056 1 692
62060 1 1090
62061 1 1169
62071 1 2363
62087 1 4114
62096 2 958
62109 3 4903
62110 1 4274
62111 3 6309
62137 1 2894
62143 2 2252
62144 2 2188
62152 1 2461
62153 3 2377
62160 4 2269
62177 1 572
62191 2 3053
62193 1 2441
62204 2 8201
62211 1 1096
62215 1 1984
62218 1 2462
62225 1 339
62237 2 918
62243 6 3964
62259 1 1550
62285 1 46
62286 1 46
62297 1 1310
62299 1 7136
62307 1 871
62310 2 3144
62320 1 566
62331 1 605
62335 1 994
62355 3 1114
62358 1 1453
62359 1 1342
62360 1 1370
62377 1 984
62379 4 926
62402 1 286
62403 1 765
62417 2 11638
62432 3 5539
62458 1 710
62463 1 1381
62468 4 2405
62472 1 837
62487 1 462
62491 2 4559
62495 1 1330
62505 1 839
62514 3 3635
62517 1 1423
62523 1 251
62547 1 433
62551 1 1119
62552 2 1225
62553 1 1227
62588 4 8596
62613 2 5274
62615 1 1556
62620 2 1011
62622 1 874
62623 1 716
62633 1 457
62642 1 7441
62653 1 1055
62689 1 1217
62693 3 5347
62695 1 258
62696 1 510
62697 1 1926
62701 1 549
62717 1 860
62725 1 3245
62755 2 1796
62759 1 1339
62766 3 8596
62767 1 14162
62768 1 9553
62775 1 2968
62785 1 1476
62788 2 2229
62789 2 3394
62824 3 4199
62831 1 1012
62832 1 1084
62844 3 1986
62846 1 1520
62848 1 1515
62858 1 984
62868 2 1757
62870 3 1017
62877 1 1563
62902 1 2612
62906 2 1723
62931 1 2235
62932 1 1598
62935 1 1250
62936 1 1651
62937 1 1048
62938 1 1036
62939 1 1044
62940 1 1750
62942 1 1750
62943 1 1792
62945 1 1603
62946 1 1601
62947 1 1604
62951 3 2817
62957 2 1820
62983 1 789
62986 1 679
62990 1 833
62992 1 5430
63035 1 982
63061 1 5120
63067 2 713
63073 2 6062
63077 2 5251
63078 1 1839
63079 1 1810
63081 1 393
63096 1 1260
63119 2 773
63123 1 1157
63124 1 778
63137 1 3259
63143 1 1109
63151 1 461
63158 1 912
63164 1 2016
63184 1 2633
63201 2 367
63203 1 3831
63207 1 540
63218 1 1308
63221 1 1689
63257 1 716
63262 1 1616
63266 1 3285
63270 1 3034
63289 1 3069
63309 3 4077
63310 1 2477
63311 1 1028
63313 1 657
63324 1 898
63356 1 1174
63412 1 2324
63424 1 756
63500 1 1795
63504 1 4125
63519 1 2160
63537 1 172
63554 1 2850
63555 1 7057
63561 2 1320
63564 2 3674
63565 1 3099
63566 2 2589
63568 2 1949
63572 2 3748
63580 2 1896
63581 1 473
63592 2 1009
63602 2 1204
63611 1 507
63617 4 2218
63628 3 1675
63631 1 351
63633 2 277
63638 1 842
63648 1 7209
63661 2 107
63662 1 270
63668 1 1184
63686 5 3010
63690 1 3198
63691 1 2596
63695 1 2625
63701 1 2880
63709 1 2193
63714 1 1284
63736 1 1433
63741 1 642
63746 1 1470
63748 1 635
63765 1 1813
63774 1 49
63775 1 1020
63787 1 1499
63788 2 3142
63792 1 1726
63799 1 536
63803 1 2123
63809 1 751
63827 1 1179
63836 1 3200
63837 3 6313
63838 3 3268
63842 1 2243
63844 1 600
63849 1 454
63850 1 499
63857 1 786
63858 1 776
63859 1 803
63875 1 595
63882 1 1633
63891 1 1095
63894 1 592
63897 1 1319
63906 1 4261
63915 1 1055
63922 1 861
63929 1 1348
63953 1 921
63962 2 3096
63970 1 4043
63972 1 1998
63974 1 1872
63978 1 1445
63986 1 1741
64009 1 3743
64012 1 1614
64015 1 2612
64018 1 997
64021 1 4309
64032 1 1854
64034 1 2927
64049 1 1033
64050 2 3580
64051 2 3589
64052 1 2458
64053 1 2458
64066 1 1206
64067 1 1210
64068 1 1224
64074 1 1141
64085 2 1615
64094 2 3694
64182 3 225
64271 4 4396
64282 2 988
64293 1 1009
64295 1 1792
64296 1 1405
64299 1 316
64310 1 2705
64311 2 4060
64319 4 4532
64321 1 668
64323 1 1309
64350 12 20899
64352 1 1020
64357 1 450
64362 1 617
64381 1 1648
64401 1 805
64408 2 1707
64420 1 1908
64433 1 432
64438 1 1078
64453 1 10145
64492 1 51
64496 2 760
64506 1 1697
64542 1 1329
64543 1 1339
64559 1 4363
64590 1 2177
64619 1 2292
64626 2 1291
64637 1 878
64638 1 1553
64643 1 1044
64658 1 3929
64660 4 1433
64671 14 687
64681 2 3466
64848 1 1187
64924 1 2526
64959 1 1034
64993 1 2041
64995 1 1355
64997 1 864
65005 1 3081
65021 1 833
65086 1 1694
65095 1 694
65099 1 2357
65104 2 8712
65105 1 718
65108 1 1542
65110 1 981
65112 1 345
65119 1 705
65127 1 402
65129 3 15643
65256 1 418
65353 1 1202
65376 2 1586
65403 1 1211
65420 2 1116
65422 1 747
65429 1 789
65446 1 982
65448 1 726
65449 1 607
65522 1 1469
65524 2 1206
65537 2 3294
65565 1 1270
65576 1 4667
65579 1 744
65588 1 1475
65594 1 1539
65596 1 1788
65614 1 2314
65617 2 1340
65622 1 527
65641 1 717
65651 2 1756
65686 1 1470
65712 2 1221
65748 1 1674
65778 3 3404
65790 1 5117
65793 1 494
65794 1 999
65795 4 682
65807 1 1381
65818 1 1668
65825 3 909
65852 1 807
65872 1 5814
65880 1 1390
65890 1 773
65896 3 3671
65911 1 948
65929 1 774
65944 2 4400
65945 1 2536
65949 1 1541
65962 1 1810
65968 1 1412
65971 1 1398
65973 1 1049
65980 2 4583
65984 1 2219
65989 1 270
65996 2 2800
65999 1 7992
66002 1 1623
66027 1 937
66043 1 997
66048 1 1660
66050 1 630
66061 1 1219
66065 1 2315
66082 1 1232
66088 1 1445
66092 2 4332
66093 2 1350
66103 1 1370
66105 1 1033
66113 2 1368
66117 1 1826
66153 1 1730
66158 1 608
66193 1 691
66221 1 1754
66225 1 658
66253 1 2409
66278 1 2126
66286 1 1054
66310 2 8271
66378 4 1248
66380 5 9761
66405 1 1623
66409 1 1827
66415 1 6038
66427 1 807
66431 2 2939
66436 1 1259
66437 1 1259
66438 1 298
66478 1 1388
66480 1 981
66482 1 2199
66503 4 3599
66516 1 912
66520 2 611
66527 1 611
66538 3 2914
66562 1 588
66564 2 2309
66586 1 2141
66587 1 4790
66589 2 3260
66592 2 289
66593 1 1896
66596 1 463
66605 1 835
66606 1 979
66615 1 2064
66619 1 2672
66626 1 855
66648 1 1645
66657 1 1440
66661 1 988
66668 1 1340
66684 1 1462
66692 1 460
66698 2 2058
66711 1 1344
66727 1 1513
66735 1 936
66742 1 3877
66748 1 1830
66751 5 11896
66757 1 747
66775 1 800
66783 1 486
66801 1 3195
66811 2 599
66819 4 6321
66823 2 9403
66837 1 1559
66842 1 731
66850 1 729
66867 2 2736
66877 2 483
66882 1 1598
66886 1 3404
66889 1 1986
66891 1 467
66901 1 1242
66913 1 909
66914 5 1186
66915 1 4319
66947 7 18231
66958 1 1720
66960 1 935
66972 2 3916
66987 1 2394
66988 1 771
67009 1 220
67019 1 1107
67043 1 858
67044 2 797
67046 1 871
67054 1 2805
67064 1 661
67067 1 392
67074 1 9837
67096 1 890
67101 1 392
67104 1 1228
67121 1 525
67125 3 1963
67194 1 1602
67231 1 1240
67257 1 1710
67265 1 2055
67266 1 4007
67275 1 1069
67288 1 478
67305 1 1420
67308 1 540
67317 1 930
67327 1 1861
67331 3 2083
67333 1 2666
67338 1 1942
67346 1 1614
67355 4 6043
67356 2 2111
67357 1 2331
67361 1 1019
67393 8 6324
67406 1 1549
67408 1 5567
67420 1 2247
67423 1 1104
67427 2 2019
67428 1 2521
67434 1 736
67443 2 1802
67452 1 3036
67453 1 3053
67454 3 5854
67457 1 722
67458 2 1924
67460 1 791
67487 2 1918
67516 1 742
67519 6 10460
67537 1 1492
67541 1 1378
67555 1 1084
67556 1 753
67565 1 1675
67577 2 1016
67579 1 1444
67580 1 910
67593 1 1623
67596 1 273
67599 1 1087
67611 1 626
67615 1 840
67618 4 1465
67632 1 1696
67637 1 4061
67647 2 1230
67651 1 1272
67652 2 2159
67661 1 952
67671 2 6735
67672 1 2623
67676 1 1751
67692 1 1120
67701 2 3309
67707 1 1942
67709 1 516
67710 1 1293
67712 1 2699
67714 1 666
67715 1 774
67729 2 390
67766 1 1019
67786 1 2340
67800 1 1378
67833 1 1022
67834 1 1534
67866 1 1457
67869 1 1785
67880 1 1302
67890 2 3387
67894 1 1091
67895 1 1554
67901 1 756
67919 3 868
67922 1 1263
67923 1 1020
67924 1 1214
67925 1 1102
67926 1 1401
67931 1 1269
67985 1 2304
67986 1 2479
67987 1 2466
67988 1 2356
68015 1 6966
68018 2 884
68040 1 2912
68045 2 860
68046 2 3345
68057 3 3416
68063 1 1721
68090 2 5122
68091 15 10665
68092 14 8126
68112 1 733
68114 2 2294
68115 3 3242
68116 1 4818
68117 2 4150
68119 4 6225
68120 1 7511
68124 2 2400
68125 2 2444
68126 6 182
68139 1 598
68141 2 1527
68142 2 2271
68154 1 704
68159 6 6709
68160 4 6120
68162 2 1193
68166 2 666
68170 1 586
68171 1 1094
68172 1 1087
68175 1 740
68176 2 2781
68182 1 541
68190 1 1318
68191 2 1316
68198 1 710
68199 3 1903
68208 2 1303
68217 6 5161
68228 1 6756
68231 1 1269
68234 1 465
68236 1 1663
68261 1 1258
68262 1 891
68263 1 5972
68270 3 635
68271 2 653
68307 1 1697
68326 2 2529
68334 1 2381
68336 1 1920
68342 1 1263
68344 3 6836
68363 1 584
68378 1 1880
68388 3 2572
68389 7 7515
68390 7 7515
68391 7 7515
68392 9 6574
68393 2 3580
68394 1 2458
68395 1 2458
68401 1 1206
68411 1 1167
68412 1 1167
68416 1 969
68417 1 969
68418 1 969
68425 1 927
68436 1 2388
68446 1 3669
68643 1 572
68644 1 551
68646 1 1168
68664 3 3316
68665 1 772
68676 1 404
68680 5 9381
68681 1 4179
68683 1 1378
68696 1 8254
68698 1 1633
68702 1 1708
68703 1 1281
68707 3 4537
68710 1 780
68747 1 1553
68758 1 931
68765 2 6394
68766 6 5324
68783 2 1601
68784 2 1803
68788 1 2193
68798 1 1805
68802 1 1220
68807 1 970
68815 1 1058
68823 1 2312
68836 2 585
68854 4 5781
68855 1 507
68856 1 917
68904 1 1018
68916 2 2291
68919 1 245
68933 2 944
68934 1 765
68938 2 1260
68939 1 1221
68948 1 1019
68955 1 1190
68956 1 2895
68964 2 11197
68973 1 1401
69001 1 308
69003 1 581
69018 2 972
69022 1 946
69033 1 718
69063 1 479
69065 1 536
69082 2 1410
69086 1 2497
69328 1 515
69352 2 834
69372 2 1567
69382 1 1332
69400 1 526
69425 1 1792
69427 1 894
69456 1 1329
69460 1 2124
69493 1 991
69505 1 876
69513 1 198
69515 1 3275
69517 1 530
69521 1 6102
69528 1 1563
69532 1 2723
69544 1 545
69690 1 2102
69710 3 5755
69712 1 1067
69716 1 7169
69721 2 6125
69726 1 598
69822 1 877
69824 4 1647
69825 1 2564
69842 1 886
69851 2 2303
69854 2 1006
69855 1 1583
69856 1 1831
69872 1 4385
69880 1 681
69886 1 2262
69887 2 3269
69893 5 1325
69895 1 1151
69917 2 3612
69921 1 927
69964 1 556
69971 1 1060
69990 1 3720
70022 1 894
70039 1 1573
70054 1 1487
70067 1 2001
70090 3 1130
70092 1 2020
70207 2 10208
70208 1 1316
70210 2 5060
70211 1 1103
70213 1 1440
70231 1 2953
70247 1 832
70263 3 7023
70264 1 2207
70279 3 12383
70303 2 1436
70328 1 1626
70333 1 1397
70343 1 776
70351 1 1891
70365 1 1481
70373 1 1473
70374 3 826
70377 6 5997
70381 1 591
70382 1 1908
70390 1 937
70404 1 765
70413 1 1043
70415 2 2495
70425 1 612
70433 4 849
70473 2 1081
70488 2 2098
70501 1 159
70565 1 971
70569 1 326
70576 1 2157
70595 2 2506
70634 1 779
70738 1 3457
70831 1 269
70836 1 1948
70841 2 8361
70848 1 793
70851 1 914
70855 3 5396
70869 1 1590
70870 1 2226
70875 1 301
70877 2 1501
70880 1 2104
70890 1 2440
70913 1 1388
70922 1 2787
70930 1 602
70954 2 6095
70963 1 725
70987 1 1027
70991 1 2170
71008 2 1074
71009 1 1220
71013 2 1564
71016 1 1255
71029 1 55
71043 1 4249
71059 1 2012
71060 1 2450
71065 1 881
71078 3 9605
71115 1 372
71137 3 9411
71161 1 610
71162 1 1237
71165 1 840
71166 1 480
71179 2 321
71182 1 93
71200 1 2058
71217 1 2704
71224 1 1010
71226 1 1282
71246 1 737
71247 2 1642
71249 1 1532
71255 1 712
71256 1 1259
71257 1 2362
71259 1 1522
71265 1 654
71273 1 1606
71276 1 2862
71285 1 756
71309 1 941
71315 3 6723
71319 1 1521
71323 6 3523
71325 1 1098
71334 1 2239
71335 1 3121
71338 2 2157
71341 1 1792
71357 1 837
71363 2 1914
71384 1 2877
71385 1 2877
71386 1 2880
71387 1 1937
71432 1 2398
71518 3 800
71534 1 2382
71543 1 2407
71545 7 6773
71547 5 4635
71549 1 2186
71550 3 1323
71553 1 1321
71566 1 800
71567 1 4513
71581 1 1913
71586 1 8248
71591 1 988
71595 1 1738
71597 1 849
71598 1 797
71618 1 1274
71623 1 704
71630 2 3469
71634 1 2564
71645 1 1199
71660 1 1283
71662 1 907
71663 1 998
71664 1 1342
71705 1 10258
71731 1 4830
71740 1 674
71744 1 2609
71748 1 679
71797 1 2293
71801 1 1924
71802 1 1017
71807 1 3340
71808 1 880
71811 1 808
71830 1 1042
71836 1 5188
71837 1 622
71847 1 1603
71848 1 471
71854 1 4173
71856 1 1198
71896 2 3955
71906 1 1299
71924 1 2521
71942 1 3216
71967 1 239
71991 1 1476
71992 1 1328
72028 1 1317
72034 1 2210
72039 1 5516
72046 2 2501
72047 1 1766
72065 4 9229
72066 1 7004
72067 2 9227
72068 2 8137
72081 1 3204
72082 1 2593
72098 4 19912
72104 1 1103
72120 1 1437
72124 1 1102
72143 1 575
72146 1 1354
72186 1 391
72191 1 448
72197 1 1837
72201 2 5125
72206 1 2593
72208 1 1405
72230 1 1290
72232 1 1430
72241 1 232
72242 3 1531
72260 1 1541
72277 1 1369
72278 1 1211
72282 1 2243
72295 1 2968
72304 3 2094
72323 1 2321
72324 1 3100
72347 2 1722
72348 1 1677
72351 3 1344
72356 2 2591
72359 1 333
72382 1 4049
72385 1 1087
72388 1 1980
72410 1 4306
72436 4 1419
72437 1 8964
72455 1 1202
72478 2 2348
72481 1 1701
72498 4 11873
72515 1 924
72557 2 894
72558 2 612
72561 7 329
72575 1 929
72576 1 1282
72579 1 295
72581 1 1872
72595 1 27
72602 1 12545
72617 3 5161
72618 1 5500
72619 1 5216
72620 1 1465
72625 1 717
72634 1 1027
72635 1 704
72642 1 1456
72647 1 1477
72654 1 469
72675 7 8994
72677 2 1203
72680 1 625
72708 1 1418
72741 2 6306
72744 1 708
72761 1 1533
72763 2 1138
72766 2 1339
72782 1 2059
72784 1 2240
72796 1 808
72797 3 2288
72802 1 1368
72811 1 1255
72812 1 1731
72817 1 1632
72821 2 855
72827 5 7031
72829 1 4528
72831 3 6567
72839 1 2764
72843 2 2753
72851 1 889
72856 1 1892
72863 1 907
72878 2 4492
72879 5 7089
72884 1 2069
72888 1 1768
72899 6 20275
72919 4 5881
72921 1 2994
72922 1 1461
72928 1 1440
72938 2 10696
72945 3 2766
72947 2 2310
72950 2 1854
72955 1 1468
72958 2 2627
72959 1 2654
72962 1 922
72968 1 812
72973 2 3325
72982 5 5401
72986 1 1005
73000 1 603
73003 1 903
73009 2 847
73018 1 2302
73019 1 1972
73021 1 838
73022 3 2763
73030 1 8248
73036 1 478
73066 1 2939
73069 2 2055
73080 1 2339
73088 2 4779
73093 1 4058
73101 1 5854
73113 1 1107
73148 1 5628
73183 1 2442
73187 1 1091
73207 2 1418
73212 1 2390
73220 1 4868
73221 5 4913
73222 3 3558
73226 1 568
73227 1 972
73251 1 1006
73253 1 2048
73254 1 2203
73280 1 1189
73287 1 2713
73290 1 1347
73349 1 2244
73350 5 2160
73352 1 1355
73358 1 1564
73373 1 5222
73391 2 993
73417 5 3750
73483 1 1287
73517 1 434
73591 1 2230
73595 1 2131
73641 1 387
73645 3 5683
73655 1 1423
73656 1 1671
73657 2 1439
73658 1 906
73659 1 1016
73662 1 870
73673 1 672
73676 1 2052
73726 1 552
73732 1 1250
73734 1 605
73738 1 1220
73740 4 793
73742 1 2569
73747 1 470
73753 1 1851
73755 2 1019
73756 1 962
73762 1 2217
73765 1 308
73773 1 1031
73788 1 519
73799 1 6946
73803 1 689
73876 1 1770
73889 1 2079
73900 2 780
73905 1 2175
73906 1 1424
73907 1 2638
73925 1 722
73934 2 820
73949 3 3890
73961 1 2232
73963 4 6843
73964 1 873
73966 1 1422
73995 1 1205
73996 5 7920
73997 3 10376
73998 1 2339
74016 1 3216
74019 2 1060
74022 5 2523
74030 2 1672
74052 1 1551
74055 1 2435
74065 1 2514
74067 6 6352
74094 2 3820
74107 1 1476
74111 2 976
74115 1 2664
74117 2 1244
74120 1 2512
74129 1 1104
74142 6 3188
74151 1 1393
74156 1 1504
74163 2 1043
74179 1 4036
74184 2 1502
74203 2 11999
74208 1 672
74222 1 1233
74278 1 1950
74285 1 286
74286 1 1225
74298 1 2423
74348 1 745
74355 1 1634
74356 1 1589
74368 1 3668
74372 1 1337
74390 1 3030
74401 1 1171
74405 2 1483
74407 1 721
74418 2 1264
74427 2 233
74432 2 3303
74435 1 2232
74440 1 1991
74466 1 863
74474 1 1081
74519 3 5618
74543 2 5014
74551 1 2061
74552 2 1233
74556 1 325
74570 1 641
74604 3 5954
74605 2 6001
74612 1 1132
74633 1 854
74635 1 2160
74641 1 723
74644 1 1841
74645 3 6253
74651 1 897
74657 2 2670
74677 1 1481
74701 1 682
74702 1 728
74706 1 5592
74707 3 4337
74708 1 4408
74719 1 1319
74746 2 5004
74750 1 2927
74760 1 1118
74772 1 792
74775 1 2772
74780 4 1098
74784 1 915
74785 3 4399
74798 3 2970
74799 1 1061
74803 2 6144
74812 5 4167
74813 5 5631
74822 2 5130
74845 1 382
74861 1 397
74862 1 1192
74872 1 1224
74874 1 6108
74877 1 3262
74878 1 366
74882 1 1151
74886 1 3171
74887 1 7880
74918 1 2041
74933 1 1532
74956 1 275
75046 1 2104
75093 1 1237
75105 1 881
75111 1 2479
75112 3 1120
75131 1 879
75138 1 689
75146 1 1593
75152 1 1312
75156 1 607
75157 1 1110
75169 2 9895
75210 1 3198
75212 1 1417
75214 4 2338
75221 1 6839
75258 1 1651
75259 1 1890
75302 4 2125
75303 1 2682
75304 1 2880
75307 1 1330
75325 1 1661
75330 1 1976
75332 1 726
75398 1 2037
75399 1 1219
75400 1 2330
75408 1 3231
75414 1 679
75416 1 927
75468 1 1247
75471 4 3184
75487 1 1123
75505 1 1016
75516 1 475
75529 3 8980
75531 2 1582
75532 1 2113
75534 1 9607
75549 1 1112
75551 2 2365
75552 1 3849
75570 3 2022
75571 1 867
75603 1 888
75646 2 832
75705 1 3042
75764 2 930
75823 1 566
75836 1 992
75845 1 297
75890 3 367
75920 1 4335
75922 1 3058
75930 1 4094
75938 2 2373
75962 1 1323
76008 2 1318
76012 3 1064
76015 1 793
76016 1 1243
76031 1 1946
76033 1 406
76034 2 1048
76038 1 3241
76068 1 902
76075 1 871
76084 1 648
76093 2 1249
76094 1 1404
76095 1 839
76104 1 2832
76105 2 6146
76106 1 4999
76112 1 801
76119 1 1349
76129 1 695
76130 1 669
76136 2 4953
76137 1 2520
76138 2 3341
76139 1 3319
76143 1 3616
76166 1 2068
76174 2 20998
76175 1 6943
76201 1 981
76204 1 2051
76205 4 3668
76208 1 947
76214 2 1592
76222 1 521
76223 2 1582
76233 1 1717
76245 1 6436
76246 7 6517
76247 3 4782
76248 1 1680
76268 1 1592
76293 1 459
76302 1 1858
76304 1 5487
76354 1 3077
76357 1 2792
76364 2 1174
76367 1 1133
76386 1 1594
76408 3 4367
76411 1 6346
76438 1 1505
76446 1 1112
76448 1 5583
76455 1 1356
76476 1 1242
76490 1 731
76496 1 545
76502 1 1031
76503 1 1066
76504 1 637
76507 1 2568
76513 2 935
76516 1 5399
76518 1 329
76526 1 4857
76529 5 10440
76531 1 1613
76573 1 1808
76576 1 506
76578 1 872
76579 1 898
76585 1 1877
76587 1 1166
76592 1 1400
76632 1 2372
76655 1 2833
76679 1 697
76683 2 1619
76697 1 447
76702 1 1073
76706 1 765
76707 2 3320
76709 1 1545
76710 1 1056
76711 1 1349
76719 1 1182
76726 2 2339
76728 1 53
76736 1 1139
76748 1 801
76751 1 953
76758 2 1024
76761 1 475
76762 1 7340
76763 2 1702
76769 3 2417
76780 1 5196
76793 1 5567
76796 1 1059
76851 1 1663
76876 1 999
76884 2 865
76895 1 676
76907 1 758
76910 1 881
76913 1 1702
76929 1 1278
76932 1 3132
76940 1 729
76942 1 367
76943 2 726
76963 2 1460
76978 1 482
76987 1 1485
77004 1 586
77006 1 685
77007 1 2330
77010 2 6732
77013 1 1170
77016 3 2119
77020 1 1328
77022 1 685
77023 1 2768
77040 1 504
77041 1 499
77045 1 451
77048 1 1229
77057 1 1725
77059 2 1688
77060 2 4150
77071 2 1827
77076 1 3304
77082 1 5693
77086 1 5533
77094 1 2168
77100 1 335
77103 2 1287
77105 1 762
77136 1 3236
77137 1 1799
77144 1 3383
77145 6 1172
77148 2 3628
77169 5 603
77180 7 5716
77193 1 778
77194 1 812
77197 1 1297
77202 6 8001
77203 10 4646
77204 10 4647
77207 6 4809
77220 1 686
77221 1 973
77225 1 2945
77229 1 1441
77231 1 2551
77242 2 1714
77246 2 6149
77247 1 1786
77253 1 1729
77258 1 1408
77269 1 1124
77273 2 974
77381 1 582
77388 1 1700
77390 1 3306
77392 1 8245
77395 1 332
77435 2 804
77443 1 2709
77450 1 5940
77453 1 2217
77460 1 1071
77467 1 808
77470 1 2244
77471 1 1687
77473 2 3580
77477 1 600
77527 1 50
77572 1 1247
77614 1 630
77616 1 722
77654 1 1454
77655 1 342
77678 1 627
77681 1 304
77792 1 1395
77807 3 5880
77813 1 359
77816 1 2167
77817 1 4230
77818 1 6471
77819 2 3260
77840 1 1022
77864 1 749
77871 1 1096
77872 1 550
77887 1 1637
77893 1 2270
77933 1 788
77946 1 2824
77949 1 2982
77954 5 4740
77957 1 1907
78010 1 1823
78011 1 1824
78012 2 917
78013 1 1893
78014 1 1880
78015 1 1060
78016 1 1060
78018 1 779
78031 2 1380
78032 1 1336
78034 1 2796
78067 1 1940
78069 2 1230
78094 1 790
78106 1 481
78111 1 1861
78118 1 2357
