realist realist 1153 65215343 
67 1 694
147 1 3893
238 1 1183
297 1 370
376 1 1200
455 5 3709
527 1 978
552 1 704
680 1 600
751 1 764
886 1 5811
1032 2 1369
1080 1 1254
1159 1 1368
1190 1 1288
1321 2 3750
1435 1 3772
1485 1 434
1605 7 866
1619 1 1446
1669 1 430
1763 1 1024
1840 1 295
1846 1 1054
1852 1 2619
1903 1 860
1953 1 730
1954 1 671
1955 1 1191
2139 1 1034
2177 1 2668
2358 1 797
2362 1 3506
2509 1 772
2702 1 542
2776 1 1576
2804 1 637
3133 1 4214
3165 1 1306
3195 1 2888
3282 1 963
3391 4 1846
3410 1 11224
3415 1 4495
3509 1 1454
3672 1 2946
3684 1 236
3816 1 1172
3848 2 1280
4028 1 1523
4143 1 1134
4153 1 473
4170 3 3258
4171 3 2956
4179 1 2326
4187 1 7906
4222 1 618
4258 1 2240
4293 1 683
4393 1 1545
4581 2 2280
4620 1 2669
4647 1 1245
4705 1 528
4734 1 3115
4850 1 1746
4905 1 7440
4940 1 713
4951 1 1444
5108 1 1101
5202 3 1878
5209 1 878
5225 1 1789
5247 3 6498
5863 2 909
5864 1 722
5888 1 941
5893 1 3259
5921 2 1978
5931 1 723
5938 2 5865
5942 1 896
6015 1 3323
6019 1 820
6183 1 2719
6579 2 4887
6746 1 1117
6751 1 1332
6889 1 108
6987 1 559
7043 1 747
7504 1 5695
7505 1 4997
7527 2 4859
7556 1 1714
7578 1 5752
7612 3 623
7802 1 1216
7966 1 2772
8014 1 1956
8116 1 677
8284 1 3146
8297 1 12133
8313 1 3754
8327 1 1437
8597 1 1147
8650 2 9126
8676 1 204
8681 1 1010
8756 1 957
8828 1 2492
8913 2 12589
8953 1 1033
9157 1 1107
9173 1 6443
9359 1 1309
9422 1 1172
9426 1 1273
9563 1 1392
9758 3 745
9796 1 6203
9996 2 2093
10137 1 658
10217 3 760
10333 2 1574
10418 2 920
10497 1 1517
10670 1 1360
10764 1 1652
10911 1 1405
10949 13 4327
10986 1 264
11001 1 7028
11081 1 1920
11082 1 415
11123 1 714
11250 1 1537
11503 2 2514
11638 1 1089
12019 1 77
12138 1 18363
12212 1 1344
12243 1 1176
12326 1 4527
12365 1 8585
12455 1 2015
12466 1 1446
12577 1 1545
12605 1 771
12723 1 1350
12730 1 980
12762 1 5406
12845 1 409
12895 2 1232
13162 1 721
13319 1 968
13332 4 14933
13337 1 908
13497 1 6632
13499 1 5895
13518 2 16194
13535 1 2364
13618 1 28398
13806 1 779
13821 1 283
13855 1 1396
13936 3 3277
13985 1 11629
14046 1 1429
14055 1 671
14080 1 51830
14081 1 1133
14220 1 2570
14364 1 881
14373 1 6743
14459 1 871
14482 1 4658
14675 1 1701
14820 7 4854
14833 1 7321
14834 1 2296
14835 1 2296
15203 2 5461
15256 1 1068
15301 4 5730
15476 2 1151
15488 2 352
15560 1 1729
15662 1 2550
15737 1 3706
15869 1 2413
16238 1 11763
16255 1 2187
16341 2 9421
16395 1 1895
16464 1 3565
16556 1 1491
16845 2 8711
16871 1 1031
16887 1 2199
16893 1 5510
17061 2 3094
17078 1 783
17089 1 3402
17121 1 6700
17130 2 1497
17424 1 2766
17442 2 3953
17458 2 10296
17481 1 1474
17503 1 1926
17591 1 3099
17669 1 5167
17692 1 993
17725 1 1561
17758 1 28986
17859 1 986
17869 2 7948
18009 1 577
18032 1 3246
18038 1 3203
18109 2 495
18532 1 2296
18653 1 4815
18798 1 4126
19004 2 7776
19127 1 1026
19368 1 1125
19382 1 889
19383 1 3259
19404 1 1932
19545 1 9624
19611 1 595
19686 1 4573
19721 1 899
19835 1 1651
20140 3 624
20432 1 2495
20671 2 702
20707 1 35797
20708 1 24696
20824 1 794
20924 1 1135
20994 1 1080
21029 1 154
21083 1 2413
21101 1 2647
21102 1 3237
21318 2 7108
21324 1 1830
21347 1 1066
21359 1 13839
21389 1 3999
21495 1 1825
21574 1 1373
21660 1 862
21720 2 969
21767 1 6211
21852 2 6758
21897 2 2020
22103 2 5529
22428 1 3769
22429 2 997
22579 1 578
22586 1 627
22773 1 871
22777 1 1813
23131 1 661
23283 1 4182
23353 1 695
23505 1 1415
23514 1 8145
23746 1 1757
24119 1 14616
24152 1 1364
24254 2 4321
24299 1 1073
24462 1 8468
24686 1 1154
24722 1 1133
24826 1 1650
24849 1 4735
24884 1 7321
24885 1 7349
24892 1 2296
24893 1 2290
25023 2 915
25069 2 1507
25072 1 587
25075 1 419
25267 1 2724
25477 1 3314
25547 1 3685
25847 1 826
26095 1 5070
26195 1 1803
26200 2 767
26411 1 2625
26434 1 3200
26453 2 2527
26502 1 3975
27112 1 586
27173 2 3255
27264 1 750
27613 1 3476
27676 1 813
27700 2 2268
27748 1 1234
28082 1 1956
28103 3 5130
28192 1 2315
28277 1 2560
28293 1 628
28446 1 9326
28490 1 1612
28565 1 3391
28696 1 3559
28725 1 1071
28866 1 1774
29053 1 2517
29346 2 5736
29584 1 1507
29593 1 1567
29620 1 938
29630 1 1791
29637 1 2315
29670 1 1640
29671 1 1645
29672 1 1641
29722 1 9450
29910 1 5908
30137 1 5022
30300 1 6017
30307 1 3452
30973 15 7204
31052 1 3636
31113 1 419
31216 1 793
31276 1 1068
31387 1 1573
31508 1 3777
31555 1 1195
31766 1 532
31821 1 4061
31859 1 1265
31930 1 4739
32180 1 1289
32191 1 662
32292 1 3278
32314 1 2456
32376 1 3793
32426 1 3386
32565 1 1204
32809 2 719
32822 1 2367
32898 1 1475
32899 1 415
33273 1 804
33365 1 974
33467 1 415
33501 1 1328
33571 2 1163
33584 2 1680
33642 1 677
33703 2 18894
33853 1 1271
33859 1 7228
33924 1 11847
33937 2 14231
33938 2 5544
34037 4 3652
34039 1 23394
34342 1 5941
34435 1 729
34634 1 1126
34795 1 4142
34843 1 983
34861 1 4582
34958 1 719
35148 1 1369
35182 1 13213
35790 1 1499
35837 1 2391
36034 1 1983
36136 1 2452
36238 7 1023
36286 1 1718
36414 2 3031
36433 1 940
36592 1 459
36731 1 885
36797 1 6365
37003 1 774
37072 2 2165
37079 1 1003
37106 1 3136
37182 1 13117
37323 1 7159
37361 3 1594
37369 1 5846
37400 1 1054
37423 5 13622
37454 4 8351
37501 1 4449
37537 1 266
37576 1 1478
37614 1 4640
38094 1 2311
38135 1 2718
38151 1 2229
38166 1 1380
38177 1 1445
38229 1 4034
38368 1 599
38403 1 1800
38412 1 2954
38448 1 6071
38543 1 1310
38687 1 2099
38690 1 994
38748 1 2192
38802 1 4212
38891 2 3038
38894 1 828
38976 1 3085
39148 2 4610
39151 1 1763
39265 1 3702
39304 1 1175
39311 1 2070
39329 2 32477
39428 1 870
39606 1 513
39699 3 3266
39701 1 408
39978 1 30166
40036 2 2425
40065 1 3427
40113 1 2948
40287 1 10480
40320 1 7910
40335 5 2129
40623 2 465
40624 1 1840
40640 3 1436
40926 1 4236
40978 1 1189
41089 1 2270
41114 1 2690
41123 1 2499
41227 1 496
41250 1 598
41253 1 654
41547 1 994
41662 1 551
41740 1 149
42086 1 754
42161 1 9423
42424 1 6309
42557 1 2920
42835 3 2837
42926 1 1178
43264 1 415
43438 1 2070
43538 1 2943
43677 2 1436
43798 1 5617
43830 1 948
43890 1 2794
44081 1 4117
44098 1 1844
44115 1 4306
44226 1 724
44263 1 624
44319 1 408
44361 1 390
44362 1 3685
44423 1 2828
44429 1 1727
44439 2 2467
44543 2 691
44812 1 1515
45074 2 969
45084 1 6555
45154 1 888
45189 1 6148
45371 2 681
45416 1 786
45603 2 1336
45608 1 737
45619 1 415
45631 1 741
45958 1 2336
46282 1 4059
46298 1 3741
46388 4 81863
46511 1 3336
46622 1 1366
46661 1 5001
46670 1 1475
46707 2 1302
46954 2 5186
46984 1 764
47063 1 797
47095 2 6494
47151 1 5857
47306 1 442
47360 1 1310
47395 1 1080
47446 1 2943
47496 1 2373
47605 1 1339
47912 1 773
47979 1 4184
48082 1 816
48113 1 651
48286 1 3883
48379 1 6270
48464 1 597
48465 1 529
48528 1 794
48632 1 3473
48669 1 1039
48671 1 1680
48845 1 309
48884 2 1137
48949 1 1128
49223 1 782
49323 2 5236
49367 1 2106
49645 1 684
49806 1 1527
49811 1 1751
49876 1 1037
49931 1 2794
49966 1 2862
50025 1 5763
50445 2 2439
50452 1 1778
50478 1 3624
50636 1 674
50669 1 1789
50747 1 1378
51063 1 507
51087 2 2282
51282 1 1479
51601 3 123
51771 1 2283
51839 1 9735
51858 20 3972
51993 1 12689
52069 1 2292
52301 2 8406
52344 1 1153
52374 2 237
52410 1 1022
52424 1 1543
52440 1 6680
52557 1 5509
52803 1 1669
52941 3 3400
53041 3 882
53261 2 1586
53371 1 2205
53558 1 5589
53605 1 675
53773 1 1265
54219 1 1337
54312 9 1359
54326 1 3836
54350 2 8318
54403 1 997
54407 2 905
54571 1 839
54619 1 10647
54912 1 1275
54918 1 1069
54995 1 1180
55067 1 3184
55072 1 3317
55133 2 1183
55154 3 1192
55485 1 1849
55536 1 49965
56429 1 1448
56711 1 1301
56717 2 2410
56793 1 1177
56839 1 8203
56961 2 7535
57009 1 1467
57024 7 5130
57384 1 3357
57494 13 3677
57623 1 3704
57624 1 3707
57625 1 3705
57643 1 8017
57962 1 2722
57989 1 3603
58239 1 848
58247 1 19391
58272 1 701
58842 1 3299
58940 5 4530
59044 1 1645
59152 1 2763
59227 1 4022
59423 2 13129
59564 1 1594
59618 1 1895
59641 2 4053
59662 1 14951
59826 1 1508
59892 1 737
59918 2 9598
59987 1 5303
60030 3 10533
60371 1 3906
60396 1 279
60506 1 4289
60517 1 389
60559 2 976
60562 1 2105
60584 1 685
60599 1 3625
60735 1 3139
60736 1 3344
60741 1 3011
60750 1 12275
60756 2 636
60771 1 4604
60910 1 2877
60935 1 2979
60994 1 1924
61017 1 2099
61073 1 8875
61186 3 14302
61188 1 29700
61234 1 1412
61258 1 3684
61269 1 8764
61307 3 814
61548 1 745
61804 1 677
61811 1 724
61870 1 3147
61892 1 3071
62014 1 6015
62060 4 1090
62090 1 868
62111 4 6309
62293 1 2903
62299 1 7136
62310 1 3144
62539 1 452
62990 3 833
62991 1 1050
63079 1 1810
63157 1 3445
63167 1 3539
63241 1 258
63266 1 3285
63349 1 2002
63393 1 737
63394 1 601
63504 1 4125
63654 1 1086
63656 1 6872
63701 1 2880
63837 1 6313
63851 1 1757
63957 2 1067
64311 1 4060
64419 1 3930
64556 21 958
65009 1 3343
65086 1 1694
65447 1 1309
65722 1 567
65814 1 940
65885 1 3324
66061 2 1219
66092 1 4332
66098 1 418
66387 1 415
66398 1 1079
66515 1 6274
66559 1 5776
66871 1 1139
66997 1 314
67010 1 1017
67268 3 915
67340 1 2960
67375 1 994
67393 1 6324
67599 1 1087
67657 1 1981
67667 1 1004
67727 1 3367
67756 1 5291
67871 2 1809
67889 2 2813
67931 2 1269
67934 1 1831
68084 6 633
68094 3 739
68189 1 1392
68260 1 1973
68304 1 1362
68378 2 1880
68432 1 665
68433 1 511
68436 1 2388
68764 1 2106
68807 2 970
68816 1 1558
68961 1 1060
69012 1 568
69331 1 1693
69434 1 3213
69435 1 3178
69717 1 4915
69963 1 367
69969 1 676
70076 2 833
70211 1 1103
70381 1 591
70481 1 2683
70534 1 5509
70614 1 1247
70698 1 797
70738 1 3457
70840 1 428
70929 2 6834
71101 2 852
71131 1 5992
71143 1 1298
71226 1 1282
71246 1 737
71383 2 1410
71543 1 2407
71568 1 572
71664 1 1342
71692 1 439
71734 1 653
71738 1 1825
71750 1 423
71790 1 2312
72005 1 1089
72056 1 441
72068 1 8137
72128 3 1111
72278 1 1211
72284 2 6759
72357 1 916
72441 2 3167
72578 1 1935
72845 1 2164
72879 1 7089
72899 6 20275
72931 1 1959
73003 1 903
73029 2 1248
73087 1 217
73181 1 586
73218 1 1865
73221 1 4913
73274 1 634
73340 1 151
73381 1 770
73492 2 640
73674 1 720
74016 2 3216
74127 1 641
74186 1 394
74203 1 11999
74429 1 885
74605 1 6001
74714 1 2557
74775 1 2772
74799 2 1061
74874 2 6108
74917 2 1213
75095 1 1238
75110 2 915
75210 1 3198
75221 2 6839
75529 3 8980
75589 1 381
75789 4 140
76018 1 1130
76049 1 1651
76168 1 613
76175 1 6943
76237 2 1365
76260 3 1279
76349 1 2296
76352 1 354
76405 10 5489
76573 1 1808
76656 2 4057
76661 1 379
76711 1 1349
76892 1 2271
76923 1 1539
76942 1 367
77023 1 2768
77082 2 5693
77233 1 4265
77273 1 974
77440 3 1548
77467 3 808
77471 1 1687
77475 1 521
77877 1 3129
78116 1 5040
