knowledg knowledg 6292 65215343 
7 1 523
12 1 1981
17 2 1148
52 1 1874
69 1 1167
84 2 2015
117 2 6480
120 1 4128
131 1 14882
208 2 621
209 1 548
210 1 1251
222 1 673
233 1 1974
237 1 171
238 1 1183
242 1 2344
254 1 344
255 1 422
256 1 8243
258 1 56657
378 1 868
424 2 2481
428 1 2978
429 1 3151
430 1 3354
448 1 1045
455 1 3709
490 1 919
504 7 11283
505 1 1472
514 1 1954
541 2 2599
549 1 1000
558 5 784
562 1 3293
571 1 663
583 1 1948
611 1 1629
613 1 3927
622 1 614
650 2 1021
699 1 376
747 2 1037
748 1 1209
876 2 4565
886 2 5811
902 1 1246
953 1 454
955 4 861
982 1 2403
992 2 3872
1031 1 524
1049 1 2440
1052 2 3416
1104 1 4937
1114 1 1937
1135 1 1188
1146 4 776
1147 4 1152
1148 6 890
1153 1 6533
1169 1 1187
1185 8 15836
1213 1 3659
1238 1 200
1334 1 306
1348 1 958
1350 1 747
1452 4 6140
1512 2 8417
1566 1 3548
1574 1 1436
1583 2 4414
1631 1 977
1634 1 30082
1639 1 2238
1640 1 4776
1652 3 1683
1658 2 1529
1730 1 1157
1737 3 4121
1742 4 1543
1745 2 1756
1764 1 1111
1767 1 13095
1810 1 886
1812 3 1673
1832 1 1266
1835 1 1234
1846 1 1054
1852 1 2619
1853 1 313
1861 1 5589
1912 1 477
1918 1 890
1925 1 629
1945 1 227
1955 1 1191
1956 1 3792
1973 3 16948
1978 1 1775
1980 3 1830
1983 2 5638
1996 2 778
2030 1 1619
2046 1 13880
2048 2 1132
2057 1 2940
2083 1 4561
2084 4 1228
2086 1 3653
2091 1 648
2103 1 694
2107 1 1943
2156 1 1904
2163 1 2057
2194 2 2274
2207 2 1446
2216 1 2877
2217 1 1762
2221 1 1483
2222 1 1483
2223 1 1483
2224 1 1658
2225 1 1659
2226 1 1993
2227 1 1993
2228 1 1993
2236 1 1793
2257 1 2275
2272 1 2226
2319 5 1162
2341 2 1394
2342 1 1088
2358 1 797
2365 1 720
2372 2 909
2375 1 3907
2377 3 904
2389 1 3418
2398 2 259
2420 1 2316
2441 3 7506
2446 1 562
2447 1 901
2467 1 877
2472 3 689
2474 1 1823
2504 1 5375
2511 1 1460
2516 1 1602
2565 2 2867
2568 1 4333
2594 1 1063
2622 1 2635
2624 2 1168
2627 1 1223
2659 2 453
2660 2 359
2661 1 353
2693 1 737
2727 1 4008
2809 6 8131
2810 2 976
2843 3 5588
2925 1 2056
3003 1 3697
3010 1 1261
3012 1 1166
3015 1 644
3016 1 2163
3029 2 1873
3093 2 963
3103 1 3185
3104 1 3172
3105 1 3023
3106 1 3092
3107 1 3008
3108 2 2991
3109 1 3299
3134 1 1532
3147 1 1324
3205 1 1426
3207 1 737
3219 1 839
3245 1 741
3281 2 3667
3297 3 860
3305 1 1856
3337 1 505
3365 1 468
3370 1 557
3372 3 940
3377 1 1482
3379 1 4900
3383 1 10722
3395 1 810
3421 1 954
3436 2 915
3442 1 1041
3471 1 4168
3486 1 4565
3503 1 943
3516 1 888
3525 4 1046
3547 2 1585
3563 1 1688
3570 1 549
3578 2 818
3582 4 766
3598 1 2141
3604 2 2117
3605 1 1227
3615 1 500
3639 1 3357
3655 1 1064
3706 3 6639
3708 1 3154
3783 1 1578
3793 1 580
3798 1 350
3847 3 27149
3887 1 2632
3892 1 846
3921 1 3235
3953 1 3340
4000 2 6980
4007 1 825
4067 7 3490
4068 13 8611
4073 1 769
4078 1 2535
4165 1 1410
4166 1 490
4185 1 1839
4196 9 6780
4199 1 820
4204 2 3711
4213 2 721
4221 1 612
4227 4 768
4244 1 470
4249 1 2710
4296 4 6626
4297 8 7592
4299 1 599
4359 1 2427
4374 1 5584
4425 1 1104
4473 1 2419
4476 4 1761
4493 3 2130
4496 1 6061
4530 1 1032
4531 1 1036
4532 1 980
4533 1 1058
4550 3 3021
4579 1 1909
4608 1 2302
4613 1 1374
4615 1 3920
4634 1 8813
4702 2 699
4722 1 579
4755 1 1016
4767 1 1552
4788 1 1060
4798 1 922
4806 1 652
4831 1 2521
4857 1 2912
4906 1 8000
4907 1 8001
4908 1 8001
4912 2 7415
4915 2 4855
4916 2 4839
4917 1 4602
4918 1 2282
4919 1 2024
4922 1 1947
4923 1 919
4924 1 898
4925 1 919
4952 1 465
4954 1 2921
4964 1 930
4965 1 1012
5026 1 635
5074 1 1241
5075 1 1239
5076 1 1220
5108 2 1101
5142 1 1220
5145 2 842
5153 3 713
5174 2 1596
5189 1 3419
5218 1 1503
5238 1 1215
5243 1 876
5257 1 579
5329 2 972
5391 1 3146
5402 1 1205
5415 2 3073
5427 1 662
5428 2 704
5429 4 493
5454 4 6641
5469 1 770
5499 2 44062
5504 1 1390
5507 1 3021
5555 1 1187
5564 1 471
5565 1 792
5567 1 749
5570 1 521
5573 1 603
5577 1 3747
5589 7 1188
5612 2 999
5649 1 625
5675 1 611
5789 1 2097
5817 2 1401
5867 1 5884
5882 2 754
5889 1 1241
5902 1 1225
5914 1 1088
5917 2 431
5923 1 1033
5938 2 5865
6010 2 3182
6011 1 3214
6012 1 3069
6013 1 2929
6014 1 3067
6015 1 3323
6037 1 949
6039 2 2773
6083 2 1394
6089 1 488
6163 1 4318
6171 1 345
6179 1 1268
6180 1 5070
6296 1 3125
6297 1 3321
6298 1 3012
6299 1 3048
6300 1 3029
6301 1 2972
6302 3 2959
6303 1 2969
6304 1 3270
6305 1 2963
6306 1 3001
6321 1 443
6334 1 1066
6336 1 3254
6356 2 1705
6364 1 7210
6454 1 2665
6563 1 555
6576 1 1635
6577 1 1930
6578 1 2792
6579 4 4887
6581 2 721
6618 1 626
6735 1 731
6744 1 214
6751 1 1332
6832 1 639
6922 6 1455
6983 1 2840
6991 1 895
7040 4 1018
7043 1 747
7045 1 2855
7048 1 518
7055 2 2879
7073 1 920
7085 1 970
7088 1 2350
7284 3 3123
7288 1 1137
7427 2 443
7491 3 7708
7506 1 743
7527 1 4859
7536 1 1263
7544 1 995
7556 3 1714
7569 2 2616
7574 1 2115
7577 1 2093
7578 1 5752
7580 2 9484
7588 1 582
7672 1 1731
7743 4 2004
7745 8 1512
7775 1 3220
7922 1 2189
7935 1 796
7944 1 4834
7948 1 2839
7949 2 4128
7993 1 705
8022 5 7719
8026 1 922
8029 2 807
8030 1 1085
8051 1 1966
8089 1 20930
8102 1 436
8122 1 5509
8212 1 1131
8226 4 658
8248 1 1171
8277 1 1119
8287 11 4172
8297 4 12133
8303 1 427
8376 4 2007
8382 2 19553
8388 1 2999
8389 1 1392
8393 1 3193
8402 2 8226
8424 1 784
8438 3 2090
8441 1 412
8452 6 7747
8469 1 1089
8500 1 4697
8509 1 551
8538 1 839
8540 1 1253
8544 1 856
8553 1 3414
8559 1 4026
8571 1 2786
8572 1 714
8597 1 1147
8604 1 343
8682 2 239
8701 1 555
8726 1 1607
8740 1 1067
8812 2 887
8827 1 6533
8828 1 2492
8829 1 2495
8832 3 915
8841 1 266
8842 2 327
8845 2 289
8847 5 433
8848 30 2976
8852 1 1447
8913 11 12589
8935 1 687
8936 1 524
8946 1 445
8949 2 708
8974 1 1453
8982 2 1516
8990 1 1065
9059 5 608
9113 2 1749
9115 2 1738
9117 2 1753
9118 2 1714
9120 2 1738
9138 1 885
9151 1 828
9162 1 1574
9173 3 6443
9189 3 3116
9193 2 2601
9203 2 3221
9204 1 3049
9205 2 2860
9206 1 3079
9294 1 3543
9295 2 452
9302 1 3665
9307 1 1394
9331 1 984
9371 2 1526
9375 1 509
9382 1 1609
9489 1 6134
9508 1 1059
9528 1 1711
9541 2 1079
9545 3 4422
9567 1 5360
9570 2 518
9606 2 642
9663 1 2530
9689 1 1002
9691 1 1887
9692 1 4792
9695 1 2000
9727 1 3290
9750 1 1343
9754 1 636
9774 1 378
9789 2 4274
9795 1 6831
9796 3 6203
9798 1 2651
9799 1 3095
9840 1 1435
9860 1 891
9884 1 856
9921 1 637
9927 1 637
9939 3 1300
9944 1 1171
9958 2 601
9976 3 542
9996 1 2093
9998 1 2317
10003 1 517
10036 1 3455
10110 1 1421
10146 2 522
10242 1 410
10252 1 1476
10289 1 8941
10300 1 1040
10306 1 2363
10308 1 1840
10314 1 4681
10317 1 4163
10334 1 1084
10338 1 1672
10351 1 743
10409 1 1748
10410 1 1570
10415 1 1163
10419 4 273
10467 1 1457
10482 1 809
10501 1 1217
10502 2 700
10504 1 1148
10540 1 2092
10583 1 635
10591 5 7784
10599 3 1369
10605 14 1427
10613 3 1633
10614 8 2323
10622 1 1159
10624 1 1876
10640 1 1072
10652 1 3224
10653 1 3190
10654 2 3128
10655 1 2947
10656 1 3117
10671 1 1284
10673 1 1504
10678 1 694
10702 1 213
10711 1 1129
10720 1 738
10721 1 782
10741 1 715
10744 1 1273
10749 1 2979
10764 1 1652
10803 1 844
10807 1 1169
10845 1 2183
10851 4 1623
10854 1 341
10890 1 700
10949 1 4327
10971 1 946
11118 1 450
11192 2 1422
11200 1 1703
11210 1 381
11246 1 614
11249 1 5195
11259 1 1202
11289 1 922
11292 4 1815
11295 2 5148
11362 1 2542
11363 1 8263
11368 1 343
11378 1 6044
11462 2 501
11471 1 1181
11472 1 4154
11477 1 1672
11484 3 1267
11502 6 586
11506 1 647
11552 4 1095
11553 1 1065
11564 1 2793
11568 1 836
11604 1 1010
11624 1 489
11632 4 1094
11682 1 261
11751 3 2194
11755 1 438
11859 3 4320
11920 1 112
11965 1 854
11981 4 156
11999 1 1414
12010 1 251
12040 1 545
12113 1 458
12120 1 405
12129 2 1202
12130 1 698
12138 3 18363
12181 1 360
12182 2 2585
12211 1 4041
12223 2 6167
12245 2 780
12247 2 2230
12332 2 1098
12349 4 710
12350 5 1687
12358 1 1928
12365 2 8585
12388 2 3483
12389 2 4357
12390 4 3720
12398 1 582
12437 1 1351
12441 1 832
12444 2 1257
12456 1 4543
12466 2 1446
12482 4 164
12492 1 1681
12499 1 3780
12514 2 6560
12520 6 6343
12523 1 579
12601 1 3000
12616 3 636
12622 1 2177
12655 1 4430
12683 1 1594
12693 1 5024
12697 1 1979
12708 1 1605
12748 1 3182
12751 2 5083
12753 1 3395
12814 7 46677
12821 1 1412
12838 1 2280
12885 1 6601
12902 1 1885
12906 1 2925
12927 1 993
12928 1 1026
12929 2 973
12930 1 1053
12931 1 1455
12934 1 2463
12935 1 2445
12948 1 2044
12996 1 2315
13005 1 304
13013 4 953
13017 1 1307
13031 1 1525
13035 1 947
13044 1 1428
13058 8 11569
13060 2 3460
13122 1 8864
13143 1 1436
13148 1 1862
13149 1 2234
13246 1 1368
13332 2 14933
13364 1 1478
13380 2 1436
13393 1 3068
13400 2 2450
13407 1 3423
13409 1 1130
13412 1 1736
13415 1 1087
13433 1 4168
13434 3 4024
13435 1 1340
13456 2 686
13463 1 3262
13466 1 1683
13470 1 2696
13475 1 2437
13497 2 6632
13510 1 1138
13518 1 16194
13520 1 4296
13522 2 971
13527 2 1200
13535 2 2364
13617 1 2513
13618 2 28398
13638 1 1679
13641 1 769
13710 1 1819
13794 1 1111
13809 1 1143
13817 1 1390
13818 1 1042
13825 1 1811
13826 2 1442
13840 1 1860
13875 1 2890
13911 2 2738
13922 1 956
13930 1 449
13941 1 1949
13951 2 1307
13965 3 3628
13974 1 872
14006 1 1552
14067 1 1216
14080 53 51830
14081 1 1133
14088 1 664
14112 9 793
14176 1 2211
14194 4 2591
14198 1 753
14202 1 723
14217 4 2332
14258 2 1857
14271 1 2963
14272 1 3020
14273 1 2924
14274 2 2909
14290 2 925
14312 1 1988
14314 1 1929
14315 1 3896
14330 1 929
14365 1 1356
14373 1 6743
14447 1 406
14482 2 4658
14484 1 269
14496 1 911
14510 1 6161
14512 1 2539
14545 3 1107
14556 1 614
14622 3 1462
14675 1 1701
14749 2 1050
14778 1 1208
14807 1 1449
14818 5 1971
14819 2 1444
14826 1 887
14829 4 1080
14830 3 8170
14831 3 8171
14832 3 8172
14858 1 3107
14860 1 813
14868 1 1699
14870 1 504
14879 1 218
14880 1 1431
14882 1 1053
14883 1 1025
14884 1 912
15010 1 355
15049 1 2266
15069 1 440
15102 3 1625
15108 1 1429
15113 2 730
15125 1 173
15133 1 972
15135 1 1562
15193 2 1214
15204 2 3771
15215 1 260
15253 1 1272
15266 1 538
15293 1 5587
15298 1 535
15300 1 661
15493 1 817
15516 2 990
15568 1 3032
15569 1 3119
15570 2 2982
15571 1 3116
15572 1 3411
15573 1 2920
15574 1 3007
15575 2 3094
15576 2 2773
15584 1 996
15586 6 3732
15614 1 3253
15615 1 3882
15740 1 1131
15741 1 1130
15754 5 772
15757 9 7636
15787 2 654
15788 2 592
15821 2 1007
15860 2 3929
15905 1 430
15943 1 537
15957 5 8025
16005 1 459
16011 1 769
16013 3 909
16021 1 1876
16027 1 907
16033 1 884
16094 1 3553
16112 2 720
16119 1 1598
16139 1 861
16142 1 305
16177 1 974
16193 4 1084
16213 1 1047
16236 5 5204
16243 4 2761
16254 2 691
16281 1 3429
16292 1 2759
16317 2 857
16321 1 1829
16368 3 4019
16376 1 1139
16403 1 2270
16435 1 1396
16438 4 849
16439 4 738
16446 1 2051
16464 1 3565
16486 4 3020
16488 1 817
16489 1 4179
16498 1 626
16501 2 1040
16536 6 924
16576 2 1066
16606 2 164
16625 1 1578
16649 11 4446
16700 1 3762
16703 2 889
16710 1 311
16736 1 1860
16767 2 3326
16768 1 912
16780 2 2693
16784 3 2834
16797 1 2473
16799 1 3514
16822 1 628
16840 1 387
16841 1 3185
16849 1 6516
16932 1 4752
16936 1 3648
16952 3 7998
16968 2 2878
16994 1 2449
17019 1 1349
17025 1 2138
17028 1 1380
17059 1 1292
17060 1 2388
17062 1 3596
17106 1 3919
17113 1 4319
17114 1 6140
17121 1 6700
17122 15 9203
17129 1 3146
17137 2 1349
17167 1 1537
17184 1 4374
17189 1 5992
17218 1 1541
17219 1 1500
17253 1 903
17255 1 1594
17292 1 2207
17295 1 3426
17311 1 302
17322 1 966
17352 2 5098
17359 1 667
17384 2 2933
17403 1 1207
17417 1 1434
17467 23 6562
17475 1 496
17491 1 595
17494 1 4778
17505 1 5120
17510 11 13439
17555 2 14925
17567 1 597
17571 2 163
17574 2 904
17589 2 12110
17590 1 6514
17591 1 3099
17599 2 4342
17607 1 624
17613 1 2393
17615 3 740
17620 1 867
17643 1 999
17655 1 1980
17689 1 784
17720 1 785
17750 3 419
17758 1 28986
17761 1 2572
17789 1 2222
17793 1 2999
17803 2 909
17804 1 2146
17815 2 2708
17852 1 1403
17869 2 7948
17872 1 658
17879 1 786
17943 2 1248
17957 1 349
17976 1 803
17983 1 567
17988 1 899
18004 1 5488
18031 1 2951
18032 1 3246
18033 1 3046
18034 1 3151
18035 1 2957
18036 1 3329
18037 1 3117
18038 1 3203
18090 1 1539
18100 1 936
18103 1 729
18116 1 867
18165 1 915
18166 1 1295
18167 1 709
18168 1 1639
18169 1 3118
18222 1 1840
18228 1 4817
18275 2 895
18283 1 720
18288 1 4353
18324 6 740
18366 1 2921
18369 1 1573
18385 1 6531
18386 1 1587
18396 1 12783
18423 1 616
18429 1 2153
18433 1 415
18524 2 353
18581 1 3194
18634 1 255
18639 1 1434
18640 1 464
18651 2 763
18653 2 4815
18685 9 4688
18686 1 3449
18692 1 819
18719 1 2396
18756 1 1784
18778 1 842
18802 1 1147
18836 1 1272
18842 1 542
18872 4 1474
18879 1 3453
18885 1 1038
18892 1 2095
18966 1 7427
18967 1 13159
19043 1 4707
19044 1 841
19056 1 810
19070 1 1479
19079 13 16454
19082 1 502
19085 1 1003
19089 1 440
19127 1 1026
19156 1 857
19166 1 1154
19225 1 326
19237 1 1885
19373 4 1681
19379 1 4781
19396 1 677
19416 2 433
19501 1 1047
19545 2 9624
19546 6 2366
19558 2 5943
19559 2 6375
19560 2 8071
19562 1 7991
19563 1 5781
19566 10 874
19612 1 712
19622 1 1077
19630 1 2098
19650 1 615
19653 2 1803
19656 1 5073
19681 9 10198
19687 1 2998
19688 1 1268
19697 4 2330
19699 1 654
19703 2 570
19706 1 446
19715 1 441
19728 2 1498
19790 1 992
19838 1 1452
19856 1 1292
19858 1 711
19887 2 3613
19893 1 6194
19928 1 2193
19936 9 829
19959 1 2824
19985 1 8977
19986 1 1620
20001 1 2461
20004 1 2446
20005 1 2489
20020 1 1073
20153 1 1172
20168 1 856
20178 1 4163
20183 1 1575
20197 2 514
20200 7 30304
20206 3 1631
20208 1 979
20220 1 260
20253 1 1358
20265 2 1580
20275 2 1592
20294 1 3768
20304 1 735
20310 3 4111
20397 1 3730
20404 3 1736
20409 1 1186
20422 1 12210
20576 1 903
20617 1 1245
20677 7 8655
20684 3 12924
20698 1 3736
20707 5 35797
20708 2 24696
20764 1 1304
20799 2 406
20811 9 4558
20815 2 340
20816 1 1533
20831 3 5707
20832 1 1914
20875 2 801
20888 4 456
20892 1 1529
20901 2 186
20907 1 2997
20916 1 2792
20920 1 1439
20924 1 1135
20934 1 595
20968 1 609
20981 2 4198
20988 1 1264
21018 1 176
21033 1 188
21118 2 1749
21146 2 550
21153 1 698
21166 2 681
21208 1 1438
21232 2 4261
21259 1 1196
21263 1 1339
21289 1 3008
21310 1 1905
21318 1 7108
21339 1 4745
21359 4 13839
21363 2 3866
21377 2 1374
21389 1 3999
21495 1 1825
21507 1 7373
21527 1 6412
21570 1 745
21573 1 1590
21575 1 4680
21608 1 4754
21624 1 1341
21644 1 11884
21652 2 1185
21659 1 890
21720 1 969
21727 4 2096
21744 1 836
21756 1 2820
21767 2 6211
21783 2 706
21808 2 496
21814 1 4204
21829 2 407
21854 1 571
21860 8 2805
22017 2 2683
22072 1 987
22073 1 1079
22074 1 979
22075 1 1098
22076 1 1006
22093 3 10393
22101 1 1132
22103 5 5529
22115 1 2632
22121 2 958
22173 1 618
22179 1 751
22180 2 641
22181 1 653
22182 1 505
22185 1 476
22216 9 13756
22219 1 1236
22236 1 196
22428 1 3769
22453 2 1650
22456 1 1938
22479 2 1300
22523 1 3123
22524 1 3107
22525 1 3022
22526 1 2933
22527 1 2945
22528 1 3156
22537 1 1035
22543 3 639
22773 1 871
22777 2 1813
22779 1 723
22877 1 1527
22887 3 4212
22899 1 1555
22927 1 2118
22948 1 656
23035 1 1061
23038 1 807
23060 1 659
23070 1 1018
23125 9 1534
23126 1 2676
23145 2 1118
23208 1 704
23220 1 474
23403 1 3089
23416 1 750
23431 1 2002
23455 1 463
23460 1 1670
23472 1 907
23492 1 1618
23503 4 652
23511 1 1553
23514 2 8145
23526 1 2714
23531 4 2398
23621 1 736
23637 1 2848
23644 1 2056
23653 1 999
23671 1 7612
23678 2 5285
23694 2 793
23818 1 623
23829 5 8025
24016 1 341
24100 5 262
24118 1 2970
24143 1 781
24155 1 778
24157 1 10311
24260 1 1070
24280 2 1043
24286 1 1402
24290 1 149
24340 1 239
24355 1 1305
24364 1 953
24368 1 1647
24452 1 2427
24462 1 8468
24464 4 943
24499 2 364
24555 1 749
24561 1 3084
24573 1 2513
24580 1 1272
24667 1 2550
24673 1 627
24682 1 465
24683 1 524
24686 1 1154
24689 2 457
24700 4 834
24702 2 799
24706 1 253
24707 1 2560
24745 1 655
24789 3 4093
24834 1 2002
24847 2 1506
24874 1 1346
24875 6 1661
24876 3 2039
24882 3 8171
24883 3 8171
24886 2 7415
24887 2 7415
24888 2 7415
24896 2 4879
24897 1 4588
24898 1 4667
24900 1 2275
24901 1 2275
24902 1 2275
24916 1 606
24928 1 1142
24929 1 1195
25045 1 881
25047 2 1186
25062 1 1262
25064 1 1909
25066 1 1878
25086 9 958
25111 1 366
25120 1 1142
25128 1 3351
25140 1 875
25148 1 716
25180 1 1405
25184 1 896
25187 1 860
25240 1 1105
25263 1 777
25267 1 2724
25271 1 1229
25323 1 1577
25391 1 2825
25403 1 880
25407 3 3649
25409 1 4429
25413 1 1011
25428 5 2396
25436 1 1291
25474 4 3568
25475 1 3015
25476 1 3033
25477 1 3314
25478 1 3302
25479 1 3085
25487 1 2868
25494 1 807
25495 2 1308
25520 2 986
25522 1 2549
25523 2 1166
25546 1 3100
25547 1 3685
25605 1 2072
25624 1 582
25654 1 766
25656 1 4885
25667 1 1110
25713 1 3056
25774 2 341
25783 2 3260
25826 1 2414
25833 1 754
25954 1 567
25964 2 4294
25974 1 732
26071 4 694
26075 1 3348
26095 1 5070
26109 2 2505
26163 52 8177
26202 4 920
26206 1 1472
26212 2 890
26219 2 751
26319 1 895
26334 1 639
26351 1 1903
26359 1 3794
26432 1 2149
26434 3 3200
26436 1 1206
26449 1 7560
26453 1 2527
26461 5 830
26498 1 32423
26507 2 4226
26518 1 1163
26545 1 1046
26572 1 326
26582 2 752
26605 1 902
26614 1 3554
26671 3 652
26736 2 2134
26742 2 982
26785 4 621
26787 1 994
26826 1 484
26836 1 2928
26884 2 429
26894 1 1026
26895 1 430
27035 1 1356
27165 1 173
27171 1 1261
27173 1 3255
27174 1 2438
27213 1 2166
27220 1 1005
27238 1 1588
27271 1 858
27274 4 716
27275 4 1290
27289 8 1901
27291 1 3912
27317 1 250
27388 1 1719
27414 1 870
27456 1 1833
27506 1 2292
27510 1 1431
27548 1 1189
27586 3 2066
27603 1 1299
27653 1 348
27657 1 651
27668 1 524
27673 1 418
27691 1 1205
27692 2 462
27702 3 937
27711 1 662
27727 3 2086
27830 3 5835
27854 1 916
27862 1 8511
27868 1 2792
27869 1 1042
27879 1 1030
27880 1 1171
27885 1 1416
27996 2 1192
28001 1 886
28026 1 704
28040 2 4385
28076 1 1785
28081 1 1204
28089 1 1360
28092 1 1582
28104 1 1950
28117 2 2403
28123 1 7111
28131 2 1689
28191 2 227
28214 1 488
28216 1 296
28253 1 1082
28261 8 11790
28280 1 2119
28281 1 1378
28296 1 3859
28326 1 761
28338 1 623
28414 1 3568
28418 1 2121
28421 1 891
28446 1 9326
28447 1 1339
28467 1 8583
28468 1 8583
28469 1 8615
28479 1 859
28489 1 1123
28565 1 3391
28673 2 1086
28704 1 630
28740 3 2382
28750 2 4089
28952 1 980
28971 1 391
28973 1 424
28974 1 254
28975 1 762
29039 1 1081
29048 1 1451
29054 1 761
29090 1 430
29097 1 437
29098 1 715
29110 8 675
29126 1 879
29132 3 1023
29140 1 1340
29365 1 876
29371 1 1059
29396 2 8576
29416 1 1065
29419 4 2386
29429 1 1618
29430 1 1287
29465 1 405
29475 4 2177
29476 2 1140
29489 1 1691
29491 1 3124
29492 1 3204
29493 1 3306
29494 1 3066
29495 1 3137
29496 1 2933
29497 1 2942
29498 1 2955
29523 1 10213
29529 1 4211
29557 3 7051
29558 1 3685
29597 1 1002
29632 1 2000
29635 1 580
29646 1 1067
29648 3 8110
29694 1 1689
29711 3 864
29716 1 971
29722 1 9450
29856 1 1766
29877 1 2973
29991 1 10803
30006 2 597
30016 1 1022
30055 1 2125
30059 2 2773
30088 2 2391
30169 1 1491
30177 1 958
30186 3 1205
30191 2 312
30194 1 1245
30211 1 3859
30287 1 621
30307 1 3452
30325 1 1728
30344 1 1892
30369 2 2927
30380 1 1089
30404 1 1125
30510 1 2362
30519 2 5484
30540 1 3125
30557 1 486
30637 2 1514
30646 1 3639
30746 1 359
30750 2 1681
30806 1 762
30808 1 2494
30852 1 984
30868 1 2055
30870 1 2859
30877 1 1541
30881 1 589
30891 1 2618
30923 1 1078
30926 1 1007
30973 3 7204
30987 3 267
31024 1 913
31040 1 1514
31041 1 1280
31045 2 24677
31118 3 751
31133 2 1311
31222 1 644
31224 1 950
31229 1 4414
31242 1 867
31256 2 933
31257 1 1242
31327 1 3711
31328 1 3214
31329 1 3009
31330 2 2751
31331 1 2964
31332 1 3032
31395 1 3700
31410 1 2031
31436 1 149
31464 1 750
31501 1 1067
31506 1 833
31508 5 3777
31517 1 1078
31518 2 5634
31662 1 455
31678 1 695
31687 1 1427
31688 1 2740
31694 1 3337
31698 1 457
31723 1 9877
31740 1 555
31744 1 7219
31765 2 1022
31767 10 1437
31792 1 1389
31835 2 2763
31851 1 591
31930 1 4739
31935 1 2200
31936 2 3664
31954 1 2261
31963 1 475
31978 1 1274
31979 2 559
32002 1 1104
32021 1 720
32034 1 1185
32121 1 2253
32170 1 1811
32171 1 914
32182 1 1464
32191 2 662
32207 1 368
32275 1 856
32286 1 3201
32287 1 3033
32288 1 3260
32289 1 2992
32290 1 3009
32291 1 3102
32292 1 3278
32293 1 3048
32294 2 3074
32295 1 3206
32296 1 2955
32297 1 3273
32298 1 3261
32299 1 3515
32300 1 3026
32301 1 3186
32302 1 3115
32303 1 2974
32304 1 2871
32314 2 2456
32354 3 1471
32375 1 347
32379 2 285
32388 3 24490
32408 1 2851
32413 1 2301
32424 1 1183
32430 1 1546
32471 1 2840
32483 1 1282
32491 1 6991
32492 1 692
32573 2 734
32616 1 838
32621 1 526
32624 1 490
32641 1 1814
32663 1 3914
32711 1 4218
32714 1 969
32718 1 5437
32719 1 5014
32745 1 1022
32778 1 488
32779 1 360
32824 1 2602
32960 4 1227
32972 1 11367
32975 1 2044
33056 1 512
33069 1 3021
33078 1 5728
33091 1 10334
33134 1 723
33140 1 646
33170 1 202
33188 27 10275
33206 1 858
33208 1 1069
33248 1 1227
33257 4 996
33258 4 338
33268 1 3327
33303 1 928
33314 1 183
33319 1 2701
33333 2 6676
33341 3 213
33372 1 1921
33403 3 5506
33431 1 463
33445 1 732
33475 9 5068
33488 1 984
33494 2 11341
33544 1 2303
33550 1 1909
33575 2 1216
33576 2 1268
33586 1 2998
33588 1 990
33640 2 690
33663 2 5738
33679 1 1064
33689 1 2181
33695 1 3294
33697 4 1438
33708 1 1605
33716 1 694
33719 1 975
33723 2 1305
33759 4 931
33760 4 616
33766 1 1101
33786 1 3235
33792 1 972
33819 1 4941
33831 1 6374
33842 4 174
33847 1 7078
33855 2 914
33859 2 7228
33865 1 4323
33870 1 2415
33922 3 815
33924 2 11847
33937 1 14231
33955 1 3773
33988 1 1595
34027 1 1328
34029 2 3971
34039 5 23394
34061 1 1055
34062 1 2698
34086 1 3765
34098 1 432
34143 2 2404
34173 1 1284
34254 1 763
34255 1 670
34256 1 576
34257 1 442
34268 1 3482
34298 1 6813
34318 1 1326
34325 2 638
34326 1 685
34342 1 5941
34351 1 2425
34354 3 2232
34373 1 646
34375 3 1602
34379 1 1659
34398 1 1634
34521 1 3172
34535 1 3465
34541 2 789
34545 1 1028
34557 1 404
34579 1 1171
34580 1 1336
34584 1 973
34617 1 1251
34661 2 22673
34682 2 1585
34689 1 1908
34703 2 331
34734 1 186
34757 1 1160
34771 3 1220
34775 1 627
34779 1 2859
34781 3 4211
34795 1 4142
34797 1 179
34805 1 784
34828 3 2867
34829 1 1444
34854 1 1136
34901 2 18201
34937 1 1326
34944 1 946
34983 1 656
35039 1 2773
35078 1 855
35144 1 491
35149 2 9307
35333 1 5425
35369 1 1232
35392 1 420
35398 1 4556
35399 1 6478
35427 2 12574
35428 1 12657
35444 1 1003
35460 1 662
35464 1 332
35479 1 241
35527 4 818
35528 4 954
35529 5 1080
35538 1 1446
35540 1 311
35548 1 1681
35555 1 968
35559 2 2826
35586 1 1245
35592 1 826
35655 1 185
35740 4 1139
35791 3 1953
35837 2 2391
35861 6 10960
35889 1 507
35929 1 1123
35936 1 2025
35946 6 3409
35989 1 5185
35990 1 429
36007 1 403
36013 1 2981
36042 1 6053
36069 1 2227
36083 2 1627
36086 1 1084
36109 3 12698
36146 1 548
36155 1 1047
36198 1 821
36246 1 2302
36257 2 1362
36263 1 1184
36394 1 5251
36395 1 5251
36396 1 5251
36397 1 8678
36398 1 8678
36399 1 1236
36400 1 1236
36401 1 1236
36402 2 2671
36406 1 1238
36407 1 1238
36440 1 2527
36494 1 1299
36570 1 692
36590 2 5680
36600 1 1304
36602 4 1021
36605 1 1696
36615 4 786
36628 1 4247
36670 2 752
36675 2 6019
36693 1 371
36732 5 18263
36745 1 3421
36755 1 886
36775 2 4563
36801 1 2127
36814 1 764
36832 1 4358
36852 2 2431
36866 1 1504
36878 4 1195
36879 4 295
36882 2 6259
36909 1 832
36911 1 643
36943 1 2403
37000 2 1244
37001 1 909
37049 3 872
37074 1 3457
37107 1 1068
37164 4 3578
37182 2 13117
37197 2 3237
37271 1 2000
37278 1 2964
37310 1 7113
37321 2 1056
37323 2 7159
37328 4 338
37329 8 431
37368 1 1160
37397 1 934
37403 2 1421
37419 3 13883
37427 1 7481
37436 1 9722
37447 4 1838
37468 1 561
37501 3 4449
37521 1 3207
37587 1 2098
37627 1 1191
37685 1 2123
37694 1 3082
37712 1 8990
37721 1 1814
37741 1 1024
37884 1 435
37889 1 4249
37932 2 17484
37959 2 3028
37962 4 2971
37963 1 234
37974 1 1488
37999 1 873
38002 1 678
38013 1 340
38019 1 1935
38053 2 699
38055 1 327
38060 1 592
38078 1 526
38105 1 1881
38157 2 3920
38228 1 392
38229 1 4034
38242 2 1095
38257 2 551
38278 1 1163
38300 9 745
38330 1 672
38339 1 1676
38441 1 3038
38447 1 2944
38448 2 6071
38482 1 1834
38483 1 1201
38502 1 1471
38508 1 2464
38512 1 1647
38535 1 373
38564 1 4067
38579 1 786
38602 4 826
38603 4 780
38604 4 707
38605 5 1076
38611 1 5792
38657 1 1006
38659 1 752
38686 2 2997
38689 1 1157
38714 2 2044
38715 1 5564
38733 1 798
38734 3 636
38748 2 2192
38777 1 774
38839 1 905
38855 1 5137
38907 2 4305
38910 1 7766
38975 1 912
38976 1 3085
38990 4 680
39000 1 917
39025 1 1374
39085 1 4795
39098 1 676
39128 2 1085
39149 1 2101
39151 3 1763
39158 1 1513
39161 3 754
39251 4 2258
39263 1 1191
39290 2 5621
39296 2 1741
39329 2 32477
39338 2 461
39341 2 9083
39348 1 1537
39397 1 2248
39456 1 1320
39457 12 1408
39461 1 417
39471 1 1340
39472 1 1541
39476 1 556
39489 1 1197
39497 1 5496
39510 1 1784
39585 1 1891
39644 1 1098
39698 1 777
39699 2 3266
39702 1 949
39714 1 509
39911 1 987
39935 1 368
39953 1 1179
39954 1 666
39978 4 30166
39996 1 314
40053 1 3632
40076 1 1554
40131 3 5534
40132 1 890
40140 3 1076
40161 5 941
40162 4 914
40163 5 1175
40175 1 393
40197 1 672
40219 1 983
40231 1 672
40251 2 1196
40287 1 10480
40371 1 1103
40389 1 1995
40390 1 1186
40408 1 2400
40530 1 1636
40538 2 14088
40545 1 815
40546 1 1354
40586 2 8741
40617 1 1538
40637 3 7547
40648 3 7183
40654 2 2946
40659 1 2127
40697 10 2727
40750 1 961
40757 1 1772
40761 2 819
40763 1 3495
40820 1 4100
40826 1 1717
40926 3 4236
40972 1 1481
41029 1 1155
41035 1 972
41038 1 877
41047 1 1994
41118 1 2966
41154 1 1359
41187 3 1739
41248 1 533
41252 1 1169
41256 2 477
41308 1 908
41327 1 4020
41341 1 1666
41410 1 646
41427 1 4567
41662 1 551
41759 1 1680
41762 1 674
41789 1 925
41818 1 3884
41840 4 2915
41841 4 1074
41842 5 1367
41846 1 987
41862 1 1027
41868 2 928
41888 3 1197
41921 1 177
41942 1 2534
41945 1 1262
41947 1 2133
42001 2 1519
42009 1 3192
42020 2 2292
42025 1 9933
42050 1 774
42051 1 2366
42148 2 3966
42149 3 9906
42161 5 9423
42187 1 1117
42210 4 776
42225 1 1534
42255 1 167
42292 2 1752
42293 1 746
42309 1 5367
42321 1 1615
42374 1 1702
42393 5 1141
42451 1 678
42555 1 2440
42564 2 880
42648 1 4779
42671 1 906
42682 3 3838
42769 1 8334
42774 1 5633
42820 2 2822
42823 3 2264
42824 1 1386
42828 1 827
42846 1 1285
42859 1 685
42899 1 1614
42922 1 1156
42928 1 2793
42957 1 640
43025 1 3087
43109 1 2284
43150 1 9162
43229 5 8025
43255 1 1777
43260 4 1445
43265 2 1262
43278 1 600
43318 1 577
43322 2 1848
43421 1 853
43437 1 1930
43453 1 402
43496 1 2079
43548 1 730
43576 1 5522
43577 2 3389
43582 1 2029
43604 1 265
43619 1 400
43620 4 1150
43627 1 354
43637 1 1684
43652 1 721
43653 1 943
43656 2 4176
43657 1 1637
43661 1 1148
43723 1 862
43734 1 531
43764 1 9601
43772 1 1303
43777 2 3197
43784 1 1234
43785 8 2976
43804 1 3750
43808 1 1297
43812 1 1091
43898 1 2947
43915 4 3241
43918 1 628
43935 1 3104
43999 1 5400
44000 2 1084
44050 3 4928
44115 2 4306
44116 3 4462
44129 1 1404
44130 4 6601
44131 1 580
44218 1 6003
44226 1 724
44232 1 1116
44233 1 578
44235 1 574
44248 1 1952
44284 1 1674
44287 4 3176
44353 1 415
44362 1 3685
44365 1 297
44370 2 4236
44372 2 5509
44375 1 501
44405 1 586
44465 1 1702
44479 2 5563
44500 1 680
44518 1 597
44520 1 3794
44550 1 481
44553 1 2254
44574 1 1177
44581 1 1194
44699 2 280
44707 1 6048
44768 1 2523
44774 1 2787
44797 2 844
44815 1 1508
44820 1 211
44825 1 967
44830 2 458
44864 1 526
44873 1 3136
44874 1 3594
44875 1 2970
44876 1 3240
44877 1 2904
44878 2 2602
44879 1 3172
44880 1 2983
44881 2 3374
44891 1 1753
44925 1 3438
44926 2 1352
44927 3 2922
44954 1 8549
44956 1 7041
44969 2 1060
45084 1 6555
45096 4 6217
45159 3 13537
45208 1 1331
45233 1 1236
45249 1 1656
45254 3 467
45259 1 611
45269 1 995
45270 2 383
45337 1 1434
45351 1 1038
45362 1 885
45409 2 1025
45418 1 453
45477 1 795
45581 5 8025
45594 1 586
45615 1 933
45676 4 11251
45811 1 3205
45814 2 3034
45817 1 755
45822 1 1426
45828 1 855
45832 1 318
45836 1 928
45859 6 21421
45918 1 552
45924 1 1296
45958 1 2336
45967 1 640
45972 1 1715
45981 7 1001
45982 4 346
45996 1 1166
46004 1 798
46037 1 226
46039 1 864
46046 1 3634
46069 2 3643
46076 1 1687
46089 2 844
46093 1 342
46095 2 187
46176 1 1459
46291 1 2129
46304 5 2249
46306 1 4474
46319 2 2904
46329 1 851
46331 1 4197
46388 14 81863
46412 2 849
46426 5 3573
46431 3 746
46437 3 331
46460 1 962
46499 1 2017
46505 2 6279
46511 1 3336
46519 1 5448
46551 1 8597
46552 1 9921
46562 1 1020
46579 1 212
46589 1 1731
46591 1 1721
46592 1 1676
46609 1 2149
46611 1 2127
46613 1 649
46615 1 3442
46633 1 1565
46634 1 2594
46681 1 893
46707 1 1302
46748 1 1902
46801 2 577
46821 1 1634
46839 1 1057
46852 1 854
46891 2 5171
46905 1 1128
46950 1 2171
46954 1 5186
46977 1 759
47067 1 706
47070 1 1023
47095 1 6494
47114 2 521
47151 2 5857
47161 1 1358
47190 2 1899
47217 1 634
47256 1 922
47257 1 1521
47265 1 1030
47309 2 321
47383 1 1296
47398 1 5716
47444 1 3470
47445 1 2962
47446 1 2943
47447 1 3095
47448 1 3217
47449 2 2847
47459 3 8496
47470 1 516
47475 1 992
47498 1 3543
47502 1 238
47511 1 2170
47572 1 551
47605 1 1339
47649 1 3343
47722 2 925
47755 1 670
47758 1 1263
47780 2 5199
47786 2 862
47790 2 1897
47800 2 10768
47805 1 1031
47874 1 1462
47910 1 1921
47984 2 2548
48001 1 701
48062 1 712
48078 1 11919
48081 1 693
48082 1 816
48083 1 876
48085 1 2386
48112 1 1380
48116 1 1532
48119 1 469
48150 1 1299
48151 1 975
48179 1 1000
48180 2 25164
48204 1 1943
48212 1 840
48215 1 1568
48222 3 3062
48271 1 1700
48278 2 572
48295 3 603
48354 1 692
48361 1 729
48362 1 5057
48366 1 1222
48379 2 6270
48382 2 3039
48407 1 1657
48472 2 910
48501 4 3845
48502 1 719
48606 1 236
48618 1 1867
48628 2 1740
48647 1 1159
48665 1 502
48679 1 2017
48702 1 680
48710 2 1101
48724 1 713
48782 1 1152
48818 1 3023
48831 1 654
48842 2 1231
48905 1 1954
48906 1 1435
48912 1 2452
48917 2 6627
48919 1 5467
48924 1 3784
48949 1 1128
48951 1 6065
48955 2 2415
48964 2 689
49015 1 2835
49022 2 2746
49037 3 3222
49043 1 1079
49051 2 3490
49058 2 1664
49070 1 951
49091 2 2149
49097 1 835
49100 1 2086
49130 3 2701
49157 2 2034
49167 2 1024
49173 3 10707
49176 2 11069
49183 1 2240
49214 1 699
49235 1 2114
49249 3 1040
49270 1 850
49272 1 951
49280 2 703
49281 1 1836
49323 5 5236
49366 4 5125
49367 1 2106
49385 1 1108
49388 1 721
49435 1 1167
49442 2 1338
49453 1 192
49464 1 549
49503 2 652
49516 2 1481
49522 1 6160
49540 1 892
49604 2 4772
49626 3 1327
49680 1 5727
49700 1 424
49718 1 833
49761 1 471
49776 5 9407
49784 1 740
49792 1 932
49831 1 997
49841 1 352
49844 1 6972
49847 1 1395
49955 1 472
49960 5 2195
49963 1 364
49985 1 901
49988 1 2850
49999 4 826
50012 1 3608
50017 1 2970
50025 2 5763
50030 1 2358
50034 1 1651
50036 1 1008
50037 1 1127
50038 1 770
50060 2 2052
50109 2 381
50126 2 1046
50129 1 1730
50145 1 503
50147 4 667
50148 1 418
50149 1 578
50150 1 407
50184 1 515
50207 2 2916
50234 1 625
50241 1 2798
50254 1 555
50264 1 1178
50266 1 999
50288 2 2416
50289 1 1659
50317 3 2395
50325 1 1374
50355 1 3677
50371 1 1728
50397 1 1113
50448 1 1330
50455 1 350
50459 1 1672
50465 1 382
50471 3 745
50472 2 597
50473 3 312
50474 1 452
50475 1 458
50534 1 980
50542 1 2306
50552 1 2672
50574 1 572
50575 1 636
50596 1 1314
50599 1 5431
50601 1 937
50622 1 847
50624 11 512
50638 1 2138
50640 1 2066
50642 1 2005
50643 1 1973
50673 2 989
50721 4 1456
50722 2 3030
50726 1 2071
50766 1 1255
50773 1 1104
50776 10 2775
50785 2 2063
50796 1 1698
50801 1 548
50852 1 3288
50853 1 3547
50854 2 3003
50855 1 3129
50895 2 2073
50913 1 1817
50920 1 1937
50921 1 3926
50922 1 2085
50923 1 2197
50925 1 2062
50950 1 1239
50952 1 882
50956 1 769
50966 2 8029
50983 1 16660
51023 1 1980
51044 1 740
51056 1 583
51068 2 1394
51071 1 444
51072 1 778
51126 4 863
51143 1 378
51147 1 3111
51148 1 2969
51149 1 3086
51150 1 2908
51151 1 2830
51172 1 892
51177 1 2704
51193 2 1845
51210 1 873
51224 1 1011
51225 2 436
51282 1 1479
51285 1 1356
51295 2 5729
51302 2 786
51341 1 331
51344 1 2554
51402 2 383
51442 1 891
51461 1 678
51467 1 469
51602 1 951
51604 4 803
51638 3 3650
51648 1 642
51669 1 931
51682 1 547
51761 1 495
51772 3 1416
51774 3 1467
51786 1 1376
51821 1 939
51831 4 734
51832 4 1066
51848 1 1167
51858 1 3972
51885 1 844
51910 1 1460
51967 2 2148
51990 1 189
51994 1 9298
52018 1 3486
52035 1 61
52074 2 7011
52105 5 1953
52109 2 3805
52111 1 3330
52112 3 942
52167 1 2979
52184 2 4601
52214 1 6634
52232 2 729
52260 1 1065
52261 1 3083
52262 1 451
52268 1 1097
52271 2 8131
52280 1 1474
52300 11 6036
52313 3 1351
52341 3 1653
52352 1 587
52377 1 1152
52379 1 1567
52384 1 3160
52396 2 4756
52406 9 4365
52418 1 685
52440 1 6680
52448 1 1816
52455 1 1525
52457 1 4403
52492 1 246
52502 3 6875
52503 1 1083
52505 1 2436
52579 1 1308
52582 1 2859
52601 3 580
52603 2 3071
52604 2 316
52609 2 155
52627 1 1261
52628 1 1306
52629 1 1444
52635 1 3805
52717 1 3076
52718 1 2980
52719 1 2978
52720 1 2878
52721 1 2968
52722 1 2934
52794 1 385
52804 3 4622
52811 1 856
52925 2 1018
52988 10 24350
53049 1 913
53080 1 384
53090 4 791
53091 1 1258
53095 1 299
53144 1 566
53158 1 9225
53168 1 337
53202 1 823
53232 4 325
53242 1 4792
53243 1 3386
53300 2 548
53304 1 933
53307 1 1762
53308 1 2307
53338 2 1463
53341 2 2371
53367 4 1856
53402 1 3120
53424 1 5193
53430 4 48057
53442 2 8599
53452 1 1057
53462 1 954
53511 1 4733
53519 1 1735
53603 1 2774
53607 1 559
53609 1 538
53619 1 564
53624 2 512
53635 1 409
53639 1 788
53652 1 1858
53717 1 4413
53723 1 564
53726 1 2312
53731 2 761
53733 1 1832
53742 1 1066
53780 1 3112
53860 1 1071
53890 2 3997
53891 2 3993
53892 2 3994
53893 2 4170
53894 2 4154
53908 3 1337
53928 1 284
53929 1 1032
53930 1 1054
54157 1 5381
54211 1 1735
54232 1 718
54252 1 735
54262 1 930
54304 1 400
54332 1 2659
54349 1 12411
54350 1 8318
54375 3 5885
54399 1 5059
54474 2 489
54552 6 2960
54553 1 2793
54600 1 428
54605 1 926
54613 1 3856
54614 1 3684
54616 1 1314
54668 1 814
54672 1 519
54673 1 1496
54926 1 898
54927 1 1073
54952 8 279
54954 1 1029
54975 2 1380
55059 1 2098
55065 1 3081
55066 2 3616
55067 1 3184
55068 1 3268
55069 1 2948
55070 1 2984
55071 1 3179
55072 1 3317
55073 2 3312
55092 2 1807
55118 1 4304
55119 1 566
55122 1 4413
55319 2 745
55327 2 6079
55496 3 5278
55497 1 4177
55498 2 5155
55501 3 2314
55519 1 665
55550 1 2151
55607 1 9422
55640 1 501
55679 1 751
55886 1 5463
55904 4 1384
55911 2 618
55913 1 1188
56014 1 1445
56025 2 970
56029 2 4442
56038 1 1596
56062 1 738
56174 2 2845
56175 2 8425
56177 1 809
56181 1 1977
56201 1 1323
56231 1 1953
56239 2 1417
56240 2 1255
56248 5 766
56250 1 1483
56251 1 1666
56252 1 1993
56253 1 1993
56285 1 1032
56400 2 2072
56428 1 1075
56434 1 1631
56445 1 2121
56448 3 1074
56470 1 320
56476 1 1966
56477 1 4251
56482 1 936
56487 1 3333
56489 17 5171
56503 1 5900
56505 1 5118
56506 1 932
56519 2 7799
56520 1 1275
56521 2 5019
56522 1 3726
56535 2 1496
56553 2 7598
56597 1 958
56630 1 3641
56639 1 1021
56663 1 353
56665 1 358
56681 1 639
56692 1 1282
56703 2 2682
56742 1 1393
56791 1 600
56794 3 620
56802 2 8941
56819 1 278
56885 2 1894
56892 1 120
56895 1 3189
56913 1 1454
56917 2 539
56929 1 1002
56938 1 699
56955 1 3738
56959 1 893
56974 1 944
57187 1 1332
57217 1 1984
57228 1 1834
57238 7 2018
57258 1 2560
57261 1 234
57273 1 1248
57278 1 1092
57279 1 378
57370 1 593
57380 2 3371
57381 1 2992
57382 1 3136
57383 1 3091
57384 1 3357
57385 1 2878
57386 1 2865
57387 1 2964
57388 1 3103
57408 34 3005
57432 1 948
57441 3 2098
57450 1 3346
57454 2 483
57494 1 3677
57499 2 1034
57523 1 1045
57626 1 1133
57643 3 8017
57652 1 1616
57659 1 917
57674 2 499
57727 2 316
57747 1 946
57767 1 1708
57846 1 2065
57909 1 1075
57923 1 2383
57952 1 8583
57953 1 8583
57954 2 4003
57955 2 4158
57956 2 4158
57972 3 1058
57992 1 1010
57993 1 1126
57994 1 1029
58186 1 539
58199 2 4784
58201 1 1355
58212 1 689
58231 1 4145
58246 2 1561
58247 13 19391
58315 2 2480
58322 1 1624
58383 1 1351
58386 1 975
58410 1 724
58411 3 611
58412 2 528
58479 1 963
58487 2 1326
58535 1 1948
58536 1 642
58546 1 999
58553 1 1944
58676 3 1205
58697 1 1823
58735 2 492
58741 1 535
58825 1 1206
58836 2 2335
58837 1 3342
58838 1 3151
58839 2 2933
58840 1 3131
58841 2 2975
58842 1 3299
58843 1 2916
58844 1 3246
58845 1 2901
58846 1 2959
58847 2 2073
58865 1 1126
58869 1 5200
58875 4 957
58888 1 1058
58939 1 252
58964 1 5289
58965 1 5140
58966 1 5767
58967 1 3481
59063 2 3059
59064 1 2318
59078 1 697
59165 1 969
59171 1 1633
59226 1 1228
59253 1 1027
59275 1 667
59297 1 291
59298 1 267
59306 1 655
59347 1 9699
59348 1 10477
59392 2 977
59397 1 3596
59454 2 2821
59473 3 4291
59474 1 3565
59479 1 2405
59480 2 2579
59481 2 1817
59507 1 1225
59512 1 3204
59579 1 1012
59580 4 1999
59626 1 2003
59647 1 1537
59665 3 1543
59684 1 1088
59692 1 664
59711 1 469
59720 1 918
59722 2 847
59774 1 1649
59811 2 378
59843 1 6525
59862 4 1402
59907 2 1288
59909 1 3894
59948 1 806
59981 1 1693
59982 1 4938
59986 5 4731
59988 2 5229
59993 1 1856
60007 3 510
60008 1 762
60010 2 767
60018 2 2504
60021 1 2368
60030 1 10533
60032 1 1691
60063 1 3984
60064 1 3872
60180 1 866
60199 2 3044
60200 1 1255
60216 1 1578
60220 1 443
60275 1 3073
60276 1 3089
60277 1 2988
60278 1 3357
60286 1 303
60290 1 634
60317 1 1935
60318 1 3852
60319 1 4138
60327 1 3097
60338 1 2635
60348 1 191
60351 1 2113
60353 1 678
60354 1 837
60355 1 1074
60371 1 3906
60372 1 1505
60382 2 1238
60403 1 2051
60418 1 1082
60426 1 1355
60429 2 5933
60450 1 1226
60451 1 2513
60485 2 2859
60507 1 4075
60509 1 4010
60510 1 896
60519 1 1838
60540 1 596
60563 1 714
60600 1 734
60605 1 568
60611 1 2420
60661 5 4572
60662 8 6202
60678 2 3884
60685 1 756
60713 1 3384
60735 1 3139
60736 2 3344
60737 1 3128
60738 1 3062
60739 1 3026
60740 1 3274
60741 1 3011
60746 1 982
60750 2 12275
60757 1 988
60778 1 3600
60832 7 882
60838 1 708
60840 2 610
60843 2 871
60862 1 4275
60907 6 421
60936 1 5117
60945 1 896
60950 2 452
60965 1 1009
61021 1 5166
61042 2 749
61045 1 2390
61058 1 212
61073 10 8875
61094 2 1747
61098 1 1594
61117 1 2465
61130 1 2655
61137 1 208
61153 1 863
61166 1 3006
61186 2 14302
61187 1 15707
61188 2 29700
61202 1 539
61234 1 1412
61258 2 3684
61259 1 1094
61352 2 18809
61357 1 3441
61379 1 1394
61400 1 2056
61405 1 1936
61423 1 1232
61427 1 842
61469 4 1972
61472 2 2455
61507 2 1577
61513 1 615
61514 1 842
61620 5 1896
61628 1 7244
61668 2 11710
61669 1 5944
61683 1 2240
61716 1 602
61719 1 816
61765 2 2458
61778 1 494
61815 1 1799
61820 2 5698
61823 2 3825
61826 1 3738
61870 1 3147
61907 1 3429
61915 1 984
61939 1 10305
61948 2 1548
61980 1 920
62002 1 528
62014 1 6015
62022 1 1888
62034 2 3365
62071 9 2363
62117 1 1347
62136 1 1682
62137 1 2894
62187 29 9768
62188 1 483
62201 2 625
62211 1 1096
62242 2 2867
62299 1 7136
62316 2 1602
62359 1 1342
62376 1 773
62440 1 303
62459 1 666
62460 1 779
62461 1 624
62467 2 655
62477 3 1158
62481 1 2543
62483 2 826
62510 1 156
62593 1 2061
62614 1 1315
62616 1 1362
62624 1 772
62639 2 611
62654 2 2607
62685 2 1321
62686 2 996
62720 1 1714
62723 1 3363
62724 2 3090
62725 1 3245
62726 1 2992
62727 1 3232
62728 1 3125
62729 2 2162
62730 1 2960
62731 1 2944
62732 1 2989
62758 4 2293
62767 1 14162
62775 1 2968
62784 2 2055
62788 2 2229
62914 1 2398
62917 4 1002
62918 1 432
62921 2 526
62929 4 5384
62961 1 1298
62992 1 5430
62993 2 607
63036 1 1062
63055 1 898
63095 1 433
63130 1 1449
63169 1 1823
63184 2 2633
63218 2 1308
63259 1 976
63263 1 3119
63274 2 1002
63299 1 621
63350 1 2253
63413 1 535
63450 1 1448
63475 1 1619
63569 1 1387
63591 2 1197
63597 1 1946
63602 1 1204
63634 1 5269
63701 1 2880
63737 1 2198
63764 1 536
63809 1 751
63812 1 2413
63827 1 1179
63830 1 939
63835 1 4072
63856 2 1512
63915 1 1055
63948 1 1435
63974 1 1872
63978 1 1445
64035 1 1186
64050 1 3580
64051 1 3589
64052 2 2458
64053 2 2458
64090 1 622
64097 1 997
64098 1 1021
64296 1 1405
64300 1 656
64350 5 20899
64371 1 1070
64398 1 703
64412 1 2859
64437 1 1636
64453 3 10145
64455 2 1106
64457 6 1102
64463 1 696
64517 4 871
64590 1 2177
64597 1 751
64600 1 473
64604 1 540
64625 1 1074
64660 3 1433
64680 1 84
64834 1 543
65005 1 3081
65006 1 3064
65007 1 3159
65008 1 3012
65009 2 3343
65010 1 2912
65019 1 1067
65031 1 3879
65035 1 1584
65057 1 1925
65074 1 903
65077 1 2772
65127 1 402
65129 1 15643
65130 2 3523
65262 1 683
65265 4 5510
65447 1 1309
65539 1 628
65547 1 474
65595 1 1319
65614 1 2314
65623 1 510
65631 2 288
65778 1 3404
65798 1 1604
65814 1 940
65815 2 2003
65816 1 929
65872 1 5814
65883 1 3190
65884 1 2980
65885 1 3324
65886 1 3075
65944 1 4400
65946 1 1248
65968 1 1412
65969 5 1157
65992 1 859
66015 1 4361
66092 1 4332
66123 1 1344
66161 1 707
66169 1 617
66177 1 2510
66193 3 691
66198 1 679
66221 1 1754
66229 1 664
66242 6 1963
66247 2 841
66359 1 478
66376 1 1935
66398 1 1079
66409 1 1827
66411 2 1865
66458 4 704
66467 1 897
66495 2 933
66503 2 3599
66519 1 961
66520 1 611
66536 1 727
66557 2 415
66591 1 734
66593 1 1896
66624 1 816
66634 3 522
66645 1 379
66699 1 1497
66741 1 409
66742 1 3877
66744 5 4068
66751 1 11896
66801 1 3195
66813 1 679
66819 1 6321
66823 3 9403
66837 1 1559
66847 1 2941
66867 2 2736
66872 7 1492
66895 1 1147
66915 1 4319
66920 1 367
66929 1 278
66935 4 2042
66963 5 1157
66965 1 1054
66983 1 2173
67018 1 376
67031 1 5324
67032 1 5505
67047 1 2295
67048 3 1998
67049 1 617
67051 1 423
67072 1 1326
67155 1 216
67194 5 1602
67196 1 2129
67227 2 1190
67230 1 769
67257 1 1710
67263 1 1563
67293 1 419
67294 3 1338
67305 1 1420
67318 1 1620
67323 1 1622
67338 1 1942
67356 1 2111
67409 1 5448
67411 1 896
67415 18 10077
67436 1 336
67450 1 1510
67451 2 2767
67457 2 722
67487 1 1918
67519 2 10460
67529 1 472
67536 2 943
67547 1 1341
67577 2 1016
67584 1 3111
67612 4 800
67613 5 899
67614 5 1941
67615 4 840
67616 4 694
67623 1 1432
67627 3 2254
67659 1 310
67689 1 7619
67704 2 989
67728 1 2471
67754 1 567
67876 1 873
67899 1 4652
67913 1 537
67933 1 3340
67996 2 1441
68008 1 1300
68026 2 1767
68040 2 2912
68049 1 2229
68090 1 5122
68092 1 8126
68134 1 1228
68151 1 2465
68164 1 607
68166 1 666
68172 1 1087
68176 1 2781
68182 1 541
68217 3 5161
68223 3 702
68270 1 635
68271 1 653
68305 1 3491
68314 2 685
68344 1 6836
68366 1 643
68368 3 1969
68369 3 11195
68376 1 1833
68393 1 3580
68394 2 2458
68395 2 2458
68441 1 991
68442 1 971
68659 1 784
68662 1 1078
68665 1 772
68671 1 648
68680 3 9381
68707 2 4537
68708 2 6905
68726 1 875
68737 3 3173
68739 1 2373
68766 5 5324
68783 1 1601
68790 1 2859
68792 1 2291
68816 1 1558
68820 1 1468
68846 1 1502
68860 1 2402
68902 2 773
68964 1 11197
69005 1 668
69266 1 2497
69331 1 1693
69373 1 1063
69389 1 574
69430 2 2889
69431 1 3095
69432 1 3080
69433 1 2935
69434 1 3213
69435 1 3178
69460 1 2124
69480 1 565
69483 1 3191
69493 1 991
69498 1 1144
69509 1 5379
69523 1 630
69707 3 668
69716 2 7169
69717 1 4915
69720 1 717
69872 1 4385
69889 1 1917
69948 1 901
69990 1 3720
69996 2 927
70001 1 745
70039 1 1573
70050 2 1597
70051 1 825
70119 1 819
70120 4 629
70166 1 714
70169 5 8025
70209 2 566
70210 1 5060
70221 1 1774
70238 1 1571
70261 1 499
70279 17 12383
70345 1 930
70347 1 1081
70350 1 1366
70374 1 826
70381 1 591
70405 1 222
70413 1 1043
70416 4 1011
70417 4 765
70418 4 303
70538 1 171
70576 9 2157
70591 1 4584
70638 1 1325
70698 1 797
70701 1 2606
70749 1 6334
70851 1 914
70873 2 1758
70914 1 722
70922 1 2787
70929 1 6834
70954 2 6095
70960 6 2677
70979 1 1611
70989 1 845
71007 1 1032
71013 1 1564
71015 2 841
71016 1 1255
71091 1 627
71106 2 732
71133 1 220
71162 1 1237
71176 1 1463
71178 8 1731
71200 1 2058
71219 1 2884
71220 1 2841
71221 1 3179
71240 2 305
71244 1 353
71245 1 982
71249 1 1532
71272 1 1697
71317 1 1023
71375 1 1370
71384 1 2877
71385 1 2877
71386 1 2880
71392 1 1762
71393 1 1762
71394 1 1762
71420 1 874
71422 1 998
71543 1 2407
71545 14 6773
71550 1 1323
71652 1 1418
71683 1 1891
71699 1 616
71702 1 675
71706 5 5275
71718 1 829
71731 3 4830
71744 1 2609
71827 4 6203
71836 1 5188
71877 2 7422
71894 1 2159
71898 2 1998
71908 4 1014
71944 7 7115
71974 1 1496
71988 1 2427
72004 3 8626
72009 1 1448
72016 1 859
72017 1 755
72019 1 777
72034 1 2210
72037 1 1055
72041 1 1544
72052 1 347
72065 1 9229
72067 1 9227
72068 1 8137
72088 5 2347
72093 1 927
72098 3 19912
72156 1 1534
72207 1 1776
72218 4 431
72240 2 790
72260 19 1541
72268 1 1256
72273 1 1124
72278 1 1211
72293 1 1975
72299 1 1853
72307 1 3276
72311 2 702
72347 1 1722
72387 2 2107
72389 1 595
72390 1 1313
72409 3 511
72437 1 8964
72497 1 687
72507 1 895
72513 2 4800
72539 1 1870
72571 1 2681
72630 1 479
72650 5 6445
72675 2 8994
72679 2 1267
72695 1 717
72706 1 549
72715 1 2456
72739 3 735
72741 2 6306
72769 1 4944
72792 1 943
72818 1 952
72827 1 7031
72834 1 2774
72843 1 2753
72880 1 1033
72899 1 20275
72938 2 10696
72939 1 1415
72947 3 2310
72999 2 3301
73008 1 5555
73065 1 556
73066 2 2939
73067 2 566
73068 1 403
73069 1 2055
73078 1 957
73101 2 5854
73104 2 178
73113 1 1107
73117 1 1006
73126 2 744
73193 24 1571
73220 1 4868
73233 1 395
73244 3 3654
73272 3 1024
73339 1 1168
73361 2 1411
73372 1 662
73442 1 514
73444 1 223
73455 1 2168
73466 1 183
73514 1 270
73516 1 906
73574 5 8025
73591 1 2230
73666 1 317
73669 1 1440
73735 1 445
73746 1 335
73820 1 1771
73894 1 981
73901 1 322
73902 1 347
73914 2 331
73942 1 1013
73945 1 10857
73949 1 3890
73963 1 6843
73968 1 1524
74027 1 1756
74030 1 1672
74042 1 3503
74050 1 871
74053 6 2613
74055 2 2435
74065 1 2514
74074 1 859
74087 1 510
74106 3 855
74109 1 680
74127 4 641
74128 4 773
74177 1 4268
74182 1 842
74201 1 1126
74203 13 11999
74207 1 779
74264 1 682
74283 1 1036
74356 1 1589
74370 1 1237
74377 1 822
74398 1 1396
74444 2 1117
74480 1 3260
74519 3 5618
74531 1 833
74545 1 1446
74584 1 1755
74601 1 1123
74604 2 5954
74605 2 6001
74612 1 1132
74629 1 1610
74661 1 1665
74703 2 769
74713 1 2251
74715 1 806
74719 1 1319
74728 2 3896
74752 3 2665
74753 1 378
74780 1 1098
74788 1 1690
74791 2 630
74822 1 5130
74851 2 1682
74853 2 665
74858 1 1001
74872 2 1224
74911 1 916
74938 1 331
74952 1 642
75046 1 2104
75048 5 357
75145 1 422
75151 1 1586
75169 3 9895
75202 1 3010
75203 1 2977
75204 1 3081
75205 1 3189
75206 1 2994
75207 1 2937
75208 1 3202
75209 1 2934
75210 2 3198
75294 1 671
75296 1 451
75326 1 2372
75420 1 5660
75469 1 1046
75483 1 882
75529 3 8980
75530 1 2216
75574 1 1756
75588 1 1080
75673 1 919
75762 2 1634
75839 1 1452
75920 1 4335
75925 1 459
75927 1 4496
75930 1 4094
75954 1 3743
75961 2 1828
75983 4 3426
76035 1 1222
76068 1 902
76079 6 709
76080 5 1124
76092 1 1400
76118 1 1110
76134 1 904
76159 1 4003
76160 3 6409
76162 1 3412
76176 1 1747
76205 1 3668
76217 3 3579
76218 1 422
76252 1 2304
76260 3 1279
76354 3 3077
76394 1 2329
76507 2 2568
76513 1 935
76529 1 10440
76570 1 1218
76640 5 1656
76656 2 4057
76701 2 1582
76708 1 294
76709 1 1545
76725 1 609
76733 1 310
76762 1 7340
76793 1 5567
76842 1 568
76843 1 576
76875 2 4263
76974 1 503
76975 1 408
77010 1 6732
77026 1 1272
77035 1 1073
77045 1 451
77080 1 981
77088 1 4377
77118 2 2646
77145 2 1172
77163 1 1994
77183 1 951
77202 1 8001
77207 2 4809
77208 1 4089
77209 1 4122
77210 1 4271
77215 1 1900
77216 1 919
77217 1 925
77218 1 916
77227 1 2803
77246 2 6149
77260 1 1072
77261 1 1024
77262 1 1031
77364 1 1225
77423 1 506
77438 1 1254
77456 8 13066
77474 1 4717
77560 1 603
77563 1 320
77564 1 312
77565 3 570
77566 1 634
77569 2 592
77570 6 929
77659 2 1655
77676 2 846
77807 1 5880
77809 2 360
77824 9 4856
77829 1 983
77840 1 1022
77873 2 1455
77874 2 3196
77875 2 3223
77876 1 3309
77877 1 3129
77878 2 3028
77879 1 2977
77880 1 3027
77881 1 2924
77943 1 1110
77946 1 2824
77955 4 657
78034 1 2796
78113 1 2136
78115 1 1322
