alon alon 4326 65215343 
52 2 1874
129 1 969
139 2 733
228 1 1439
233 1 1974
340 2 2546
359 1 1896
368 1 946
381 2 651
382 2 654
415 3 2105
420 1 1422
428 1 2978
430 2 3354
433 1 1676
452 1 1807
456 1 1051
461 4 5431
504 1 11283
529 3 6629
533 1 1661
557 1 3639
608 1 646
609 1 1086
613 1 3927
625 2 5869
660 1 680
679 1 818
725 2 7096
729 1 2727
736 1 2617
749 1 347
750 1 298
751 1 764
752 1 370
753 1 305
754 1 236
755 1 262
756 1 226
789 1 178
791 1 830
800 2 987
845 2 1480
922 1 1765
929 1 432
964 1 3624
975 1 538
993 1 10702
996 3 3316
1017 1 1666
1023 1 2468
1049 1 2440
1064 1 793
1097 1 953
1149 1 1495
1185 2 15836
1262 1 1096
1297 1 231
1336 1 1616
1360 1 1401
1365 1 993
1370 2 728
1373 1 1192
1425 1 1524
1450 1 1560
1471 1 738
1514 1 1086
1548 1 1243
1565 1 2063
1597 2 3184
1609 2 1543
1634 1 30082
1637 1 678
1647 1 10572
1737 3 4121
1741 1 5895
1763 1 1024
1767 4 13095
1829 1 1201
1857 1 1294
1877 1 2064
1889 1 913
1916 1 512
1924 1 700
1947 1 1288
1983 2 5638
2043 3 968
2054 1 714
2083 1 4561
2121 2 4211
2154 1 710
2169 2 1619
2173 1 1013
2192 2 5833
2214 1 1202
2216 1 2877
2241 1 697
2257 1 2275
2299 1 52
2335 1 1168
2341 1 1394
2352 1 1260
2358 1 797
2359 1 484
2372 3 909
2389 1 3418
2457 1 731
2543 1 525
2654 2 1868
2687 1 1139
2771 1 3216
2776 1 1576
2796 1 400
2820 1 212
2843 1 5588
2981 1 1712
2989 1 2074
3002 1 470
3004 1 731
3006 2 834
3030 3 997
3087 1 782
3091 1 645
3100 1 2432
3105 1 3023
3106 1 3092
3109 1 3299
3127 1 993
3133 1 4214
3169 1 1076
3171 1 1390
3195 1 2888
3215 1 1641
3249 6 10966
3302 2 4954
3322 1 6038
3357 1 1191
3377 1 1482
3408 2 3212
3409 1 3574
3410 1 11224
3415 1 4495
3417 1 955
3471 1 4168
3473 1 1294
3514 1 5186
3539 1 1721
3564 1 1154
3598 1 2141
3599 4 11096
3639 1 3357
3668 1 8976
3671 1 4789
3707 1 2467
3708 1 3154
3719 2 2258
3727 4 17097
3728 1 815
3739 1 488
3832 5 7941
3833 2 1551
3847 3 27149
3853 1 987
3891 1 1661
3953 1 3340
3958 1 970
3996 1 1340
4016 1 4260
4019 1 1367
4044 1 1940
4050 1 4772
4069 1 3379
4144 1 2194
4145 1 6518
4172 1 4084
4174 1 756
4187 1 7906
4198 1 1153
4228 1 736
4248 1 1366
4249 1 2710
4279 3 4524
4297 1 7592
4298 2 7423
4363 1 1332
4364 1 1040
4396 2 1447
4428 2 2072
4450 2 6385
4468 1 3425
4489 1 2853
4495 1 2849
4534 1 773
4550 1 3021
4615 1 3920
4661 1 510
4695 1 458
4725 1 423
4753 2 5716
4781 1 188
4787 1 1159
4805 1 852
4836 1 1272
4847 2 2281
4853 1 1774
4857 1 2912
4905 2 7440
4906 1 8000
4907 1 8001
4908 1 8001
4969 1 1272
5026 1 635
5082 1 545
5128 1 1147
5190 2 1414
5202 1 1878
5236 1 1062
5242 1 1621
5261 1 773
5372 1 639
5396 1 6921
5415 2 3073
5499 1 44062
5535 1 1993
5544 1 1382
5855 1 1038
5906 60 8444
5913 1 2199
5927 1 896
5932 1 2282
5938 1 5865
6011 1 3214
6012 1 3069
6036 1 1526
6120 1 1179
6148 3 2770
6165 1 4900
6181 1 5519
6303 1 2969
6321 1 443
6338 1 1825
6343 1 567
6363 3 4787
6364 2 7210
6450 1 1006
6455 1 1900
6556 1 1029
6558 1 2607
6572 1 482
6610 1 521
6615 1 227
6630 1 161
6636 1 1118
6743 1 532
6751 1 1332
6830 1 822
6904 1 1029
6923 1 378
6929 1 637
6975 1 224
6983 1 2840
7021 2 2137
7055 1 2879
7059 1 671
7179 1 920
7284 1 3123
7287 3 4774
7427 1 443
7491 1 7708
7497 1 1070
7531 4 1102
7548 1 1489
7556 1 1714
7570 1 9650
7576 3 6690
7578 1 5752
7579 1 1381
7580 3 9484
7583 1 592
7589 1 961
7600 1 522
7647 1 1890
7672 2 1731
7679 1 564
7685 1 1390
7710 1 4326
7715 2 2854
7723 1 4731
7730 1 623
7745 2 1512
7747 1 1937
7748 1 1936
7749 1 1937
7750 1 1937
7773 1 7884
7952 5 971
7986 1 1034
7996 2 306
8009 1 674
8022 1 7719
8035 1 511
8043 1 1213
8051 1 1966
8060 1 1283
8085 1 2815
8089 3 20930
8122 2 5509
8138 2 526
8139 6 4927
8277 2 1119
8278 2 2385
8285 1 3377
8293 1 3686
8297 1 12133
8313 1 3754
8380 1 2765
8382 1 19553
8402 1 8226
8408 1 5505
8409 1 3217
8416 1 4562
8436 2 1685
8449 1 287
8450 1 1198
8500 1 4697
8520 3 135
8544 2 856
8567 1 1533
8650 1 9126
8702 1 2609
8751 1 1100
8754 1 712
8827 1 6533
8834 1 782
8877 1 1525
8905 1 1110
8913 7 12589
9005 1 45220
9131 1 1076
9142 1 523
9147 2 1473
9150 2 654
9151 1 828
9176 1 1666
9188 1 1630
9233 1 979
9302 2 3665
9316 3 4281
9339 1 2490
9345 1 159
9388 1 1072
9403 1 3133
9424 1 1274
9425 1 1245
9426 1 1273
9427 2 1180
9460 1 1146
9467 1 4306
9469 3 656
9489 1 6134
9545 2 4422
9548 2 3267
9555 1 1695
9574 1 304
9579 1 911
9587 1 1796
9617 1 174
9618 1 176
9619 1 160
9620 1 185
9635 2 741
9653 1 1497
9676 1 994
9690 1 2014
9713 2 1813
9745 1 1624
9750 1 1343
9771 1 1844
9789 1 4274
9795 1 6831
9799 1 3095
9805 1 5191
9824 1 988
9828 1 2395
9833 1 831
9856 1 500
9866 1 1142
9913 3 1182
9984 1 842
10000 1 1196
10015 2 1217
10075 1 786
10101 4 12486
10107 1 1234
10115 1 1153
10123 1 2079
10129 1 1016
10130 1 997
10131 1 342
10224 5 1087
10270 1 908
10295 1 1044
10363 1 907
10403 1 1506
10420 1 421
10464 1 601
10593 1 664
10626 2 1442
10650 1 322
10678 1 694
10684 1 1501
10685 1 2839
10698 1 1255
10706 11 1237
10750 1 1327
10751 1 1074
10764 1 1652
10807 1 1169
10808 1 6608
10817 1 850
10861 1 3297
10907 1 1022
10940 4 7910
10952 1 966
10954 1 2770
10988 1 547
10991 1 1582
11051 1 1555
11117 3 1143
11124 1 1521
11131 1 4066
11142 1 1105
11192 1 1422
11245 1 1612
11248 2 11766
11249 1 5195
11288 3 9962
11292 1 1815
11297 2 1192
11364 1 2608
11371 2 1485
11397 1 2289
11403 1 2453
11451 1 920
11468 1 1225
11507 1 3105
11528 2 1000
11537 1 666
11539 1 1285
11552 1 1095
11592 1 323
11593 1 284
11594 1 315
11595 1 276
11596 1 229
11599 1 1132
11633 2 2246
11644 1 166
11645 1 184
11646 1 172
11649 4 301
11721 1 3482
11765 1 907
11856 1 1147
11859 2 4320
11890 1 963
11978 1 250
12089 3 407
12109 8 5974
12146 1 2689
12156 4 13898
12182 2 2585
12211 1 4041
12223 1 6167
12243 1 1176
12257 1 3211
12278 1 2692
12281 1 1155
12350 1 1687
12358 1 1928
12365 1 8585
12388 1 3483
12399 1 304
12419 3 3083
12430 1 1737
12456 1 4543
12492 1 1681
12507 2 2373
12514 2 6560
12616 1 636
12627 1 4932
12628 1 1841
12629 1 2039
12647 1 4896
12655 2 4430
12660 1 793
12673 1 6656
12701 1 7084
12705 1 1518
12707 1 235
12728 1 1561
12747 1 3912
12748 1 3182
12786 4 7289
12813 1 1377
12814 1 46677
12885 1 6601
12895 1 1232
12900 1 1037
12925 1 2837
12934 2 2463
12935 2 2445
12963 1 1118
12974 4 4586
12976 1 1275
12997 1 699
13055 1 214
13058 3 11569
13059 1 1221
13061 1 2559
13062 1 2827
13082 1 584
13083 1 3119
13122 1 8864
13143 1 1436
13175 1 1506
13230 1 1741
13239 1 2825
13246 1 1368
13276 1 266
13290 1 1648
13296 2 633
13315 1 1614
13321 3 4863
13323 1 318
13331 1 948
13332 1 14933
13380 1 1436
13381 1 4238
13393 1 3068
13427 1 2521
13433 1 4168
13470 1 2696
13475 1 2437
13481 1 510
13482 7 1344
13486 1 7532
13487 1 833
13497 2 6632
13499 4 5895
13518 1 16194
13527 1 1200
13535 2 2364
13571 1 841
13617 1 2513
13618 3 28398
13635 3 1237
13636 1 1160
13639 1 1946
13640 2 4066
13644 1 1144
13647 1 1776
13648 1 1463
13650 2 407
13651 5 840
13659 1 3326
13695 1 2748
13800 1 1238
13841 1 4015
13856 1 370
13861 1 3305
13862 1 3335
13863 1 3445
13875 1 2890
13912 3 6746
13922 1 956
13923 1 421
13936 1 3277
13967 1 799
13985 1 11629
14027 1 350
14061 2 229
14179 1 2772
14191 1 1859
14212 1 12149
14220 1 2570
14292 2 11958
14313 2 5288
14373 2 6743
14374 1 3433
14429 1 2422
14441 1 648
14491 1 3791
14501 6 1641
14581 1 830
14622 1 1462
14646 1 227
14676 1 863
14691 1 802
14699 1 803
14714 2 5738
14773 3 4394
14799 1 1859
14833 2 7321
14947 2 62
14968 2 52
14979 1 57
14999 1 2703
15019 1 635
15073 1 2133
15092 1 2742
15099 3 5771
15130 1 537
15137 2 2521
15207 2 2664
15246 2 1182
15301 2 5730
15480 1 896
15496 1 1821
15517 1 2551
15576 1 2773
15621 1 2140
15711 2 1636
15736 5 3238
15855 1 547
15856 1 774
15921 1 240
15929 1 398
15957 2 8025
15973 1 454
16008 1 6422
16020 1 1631
16044 2 3747
16051 1 931
16088 1 1277
16105 1 1661
16171 1 1004
16202 2 1892
16237 1 2746
16238 4 11763
16284 1 1751
16285 1 2520
16311 1 2173
16316 3 3859
16368 3 4019
16419 1 464
16480 2 1705
16491 1 6610
16492 1 3998
16528 1 1436
16540 1 2127
16575 1 2548
16578 1 1137
16590 2 3144
16624 1 1916
16635 1 7678
16642 1 2366
16655 2 808
16660 1 745
16661 1 559
16662 1 954
16663 1 656
16666 1 1110
16700 1 3762
16705 6 3332
16706 1 576
16707 3 2965
16709 1 564
16713 2 737
16718 1 1664
16736 1 1860
16767 1 3326
16781 1 978
16813 1 4537
16826 1 750
16835 1 3680
16836 2 4094
16843 2 15992
16849 2 6516
16850 1 4537
16869 1 3108
16887 3 2199
16912 1 1012
16942 1 12267
16943 1 10757
16950 1 1326
16958 1 5800
16959 1 889
16991 1 1092
16994 3 2449
16998 2 794
17004 1 2316
17013 1 9772
17025 1 2138
17062 1 3596
17064 2 763
17111 1 1220
17114 9 6140
17121 1 6700
17129 1 3146
17143 1 2987
17159 1 1453
17182 1 3085
17189 1 5992
17216 1 1476
17219 1 1500
17242 1 2797
17244 1 10025
17321 2 1749
17337 1 528
17342 1 4836
17349 1 829
17351 1 4853
17378 1 3128
17387 1 446
17403 1 1207
17420 1 786
17423 1 382
17424 1 2766
17453 1 907
17456 1 1175
17458 3 10296
17501 1 2505
17509 1 1726
17555 4 14925
17572 1 938
17578 1 816
17589 1 12110
17590 3 6514
17599 1 4342
17613 1 2393
17643 1 999
17670 2 5050
17672 1 4557
17716 1 2066
17717 1 3139
17730 2 4474
17758 2 28986
17788 1 2252
17843 2 1862
17847 1 1020
17869 1 7948
17870 1 2093
17876 1 1647
17904 2 6041
17914 1 844
17915 1 834
17961 1 1859
17969 1 491
17985 1 853
17998 1 1218
18128 1 1604
18140 1 787
18146 1 5814
18213 2 2075
18228 1 4817
18265 1 4164
18266 1 1904
18288 1 4353
18342 1 973
18362 1 429
18366 1 2921
18375 1 2129
18385 1 6531
18395 1 6885
18396 1 12783
18405 1 878
18452 1 771
18453 1 845
18561 1 1135
18567 1 1311
18583 1 1790
18597 1 6498
18613 1 369
18654 2 15696
18689 1 2550
18693 1 693
18744 1 775
18753 1 2030
18769 1 2940
18774 1 816
18779 1 2121
18781 1 1692
18793 1 3927
18803 1 507
18827 1 1355
18840 1 4890
18845 1 772
18851 1 1501
18879 1 3453
18933 2 6035
18945 1 6732
18965 3 20789
18966 3 7427
18967 2 13159
18987 1 2027
18997 1 2415
19043 3 4707
19069 1 345
19079 5 16454
19093 2 3292
19123 1 1226
19194 3 5424
19365 1 1024
19373 1 1681
19375 3 4252
19379 1 4781
19384 1 5576
19415 1 968
19482 2 180
19495 1 3545
19504 1 6279
19512 4 3132
19558 1 5943
19559 2 6375
19560 1 8071
19570 1 2209
19583 1 769
19610 1 1644
19625 1 1321
19643 6 3951
19651 2 2122
19664 2 4781
19675 1 1016
19678 1 6792
19681 2 10198
19689 1 2057
19691 2 1920
19703 1 570
19707 1 1040
19726 1 853
19728 1 1498
19765 1 1024
19835 1 1651
19853 1 563
19877 1 1239
19889 1 7969
19893 1 6194
19898 1 4338
19899 1 6214
19904 1 1476
19913 1 2014
19929 1 1291
19977 2 970
19985 1 8977
19986 2 1620
20013 7 2102
20064 1 31
20161 1 1149
20169 1 2907
20178 1 4163
20200 2 30304
20233 1 3879
20235 1 915
20252 1 3211
20263 2 3682
20295 1 809
20297 2 517
20298 2 492
20308 1 1500
20405 1 1411
20409 1 1186
20432 1 2495
20575 4 4332
20607 2 4252
20641 1 2659
20707 4 35797
20708 1 24696
20711 1 6388
20739 2 319
20768 1 1195
20823 1 1234
20831 1 5707
20833 3 5441
20835 1 1832
20863 1 1523
20868 1 3295
20870 6 4517
20999 1 2745
21046 1 10160
21048 1 914
21051 1 1656
21102 1 3237
21115 1 448
21119 2 861
21145 1 879
21151 1 1904
21188 1 1794
21261 1 1730
21289 4 3008
21292 1 1797
21299 9 9163
21300 1 1461
21342 2 1971
21357 2 5683
21359 2 13839
21361 2 1874
21363 2 3866
21380 1 2156
21430 1 3084
21456 1 1779
21463 2 2707
21503 1 13267
21507 1 7373
21509 1 1773
21515 2 1144
21527 1 6412
21552 1 3528
21573 1 1590
21575 1 4680
21599 1 2186
21637 1 10855
21648 2 6487
21652 1 1185
21653 1 1859
21686 1 221
21713 1 1310
21720 1 969
21767 1 6211
21770 2 4733
21814 1 4204
21833 2 1883
21836 1 762
21838 1 674
21840 2 6308
21852 1 6758
21858 1 2839
21862 1 3630
21885 13 1533
21910 1 1846
21922 1 2981
21940 1 962
21951 1 1086
21960 1 7778
21969 1 4332
22023 1 584
22046 1 1341
22060 1 1495
22092 2 8456
22093 1 10393
22103 3 5529
22162 1 696
22198 1 2137
22428 1 3769
22451 1 944
22458 1 505
22464 2 1400
22487 1 1766
22536 2 3918
22584 1 2300
22639 2 3403
22772 1 679
22775 1 940
22782 1 788
22785 1 1506
22795 2 169
22881 1 1554
22899 1 1555
22908 1 2390
22922 2 2658
22924 2 3942
22935 1 1648
22978 1 515
22997 1 262
22998 1 224
23034 1 1221
23040 3 296
23282 1 394
23283 1 4182
23308 1 522
23341 1 168
23403 1 3089
23422 1 1581
23441 1 1238
23464 3 3921
23489 2 7818
23522 1 590
23525 1 3680
23526 1 2714
23558 1 1014
23559 1 2529
23583 1 3023
23588 1 2167
23590 1 931
23695 1 1267
23720 1 1499
23748 3 4770
23750 2 964
23765 1 11324
23769 1 1738
23780 1 161
23829 2 8025
24006 1 3059
24024 1 810
24055 1 530
24060 2 1066
24117 1 338
24119 2 14616
24157 4 10311
24189 1 2072
24220 1 1196
24226 1 1365
24234 1 822
24284 1 4091
24359 1 494
24388 1 1686
24394 1 482
24438 1 3027
24442 1 665
24462 1 8468
24482 1 1427
24514 1 13551
24515 1 908
24521 1 1321
24539 1 3939
24540 1 4575
24574 1 3225
24588 3 1540
24596 1 3667
24616 2 6643
24669 1 2087
24679 1 619
24681 1 529
24749 1 4668
24784 1 1769
24786 1 701
24831 2 1440
24840 2 9627
24843 1 705
24844 1 1882
24849 1 4735
24884 2 7321
24885 2 7349
24922 1 1786
24994 1 55
25090 1 6934
25159 1 487
25235 1 7935
25238 1 705
25263 1 777
25265 1 2233
25267 1 2724
25275 1 2035
25348 1 2680
25403 1 880
25406 1 698
25407 1 3649
25429 1 2282
25435 1 1429
25491 2 2382
25542 1 2369
25656 8 4885
25685 1 585
25700 1 709
25736 1 2577
25783 2 3260
25784 1 277
25785 1 238
25786 1 258
25813 1 212
25821 1 721
25853 1 1173
25901 1 1582
25929 1 114
25964 2 4294
25987 2 420
26018 1 478
26049 1 2989
26088 1 1925
26109 1 2505
26190 1 871
26200 1 767
26288 1 1399
26343 1 4639
26359 1 3794
26377 1 813
26434 1 3200
26446 1 570
26465 3 1529
26498 3 32423
26529 1 569
26566 1 109
26586 1 2458
26631 1 8025
26632 1 1338
26641 1 4691
26675 1 1056
26705 6 1443
26712 1 501
26766 1 1561
26785 2 621
26812 1 1962
26816 1 2936
26827 1 2251
26858 2 1016
26873 1 775
26881 1 231
26882 1 249
26883 1 259
26891 1 2493
26903 1 173
26907 1 166
26945 1 2664
26974 1 1029
27032 1 161
27036 1 6909
27068 1 419
27098 12 1974
27099 5 329
27124 1 583
27173 1 3255
27174 1 2438
27199 2 2023
27209 1 800
27275 2 1290
27282 1 1477
27300 1 2411
27308 1 7530
27388 1 1719
27391 1 4345
27392 1 4376
27393 1 643
27397 1 498
27409 1 4419
27475 2 5550
27524 1 2332
27536 1 1068
27551 1 842
27581 4 901
27600 1 1271
27613 1 3476
27614 1 1159
27623 2 2360
27651 1 780
27662 1 621
27672 1 1098
27747 1 1674
27779 1 4121
27811 2 1400
27838 2 2876
27848 1 1948
27862 1 8511
27924 1 500
27978 1 1869
28006 1 1748
28013 1 1089
28030 1 700
28032 1 1700
28061 1 1621
28104 1 1950
28114 1 789
28117 2 2403
28234 1 1181
28259 1 6624
28261 4 11790
28277 1 2560
28302 1 1228
28414 1 3568
28446 1 9326
28451 1 814
28467 1 8583
28468 1 8583
28469 1 8615
28472 1 3173
28565 1 3391
28653 1 704
28675 1 1685
28677 5 1137
28683 1 1939
28750 3 4089
28797 1 3851
28799 1 4713
28834 2 1106
28859 1 1280
28861 1 1189
28913 1 1073
29023 4 904
29083 1 901
29147 1 1734
29180 1 3520
29183 1 929
29195 1 857
29299 1 1683
29313 1 57
29346 1 5736
29365 1 876
29375 1 871
29379 2 653
29385 1 3769
29416 1 1065
29460 1 538
29491 1 3124
29498 2 2955
29519 1 8686
29523 1 10213
29546 1 1287
29556 1 1585
29584 1 1507
29620 1 938
29625 5 10200
29629 1 1492
29648 2 8110
29681 1 2182
29682 1 2183
29693 1 1825
29715 2 4501
29717 1 812
29721 1 6842
29722 4 9450
29800 1 784
29849 1 1105
29857 3 731
29875 1 2653
29887 1 3070
29901 1 757
29910 1 5908
29914 2 2420
29953 1 802
29991 2 10803
30008 1 327
30009 1 268
30010 1 329
30011 1 234
30012 1 375
30013 1 229
30014 1 266
30039 2 848
30055 1 2125
30084 1 1077
30132 1 1913
30185 1 785
30255 1 2558
30300 1 6017
30303 3 5165
30306 1 443
30554 1 3073
30559 1 632
30600 1 1084
30606 1 2666
30618 1 763
30738 1 1986
30747 2 4167
30824 2 896
30842 13 2081
30858 1 950
30868 1 2055
30875 1 1543
30902 1 1476
30953 2 4469
30973 1 7204
31045 2 24677
31061 2 1776
31095 1 1243
31111 1 938
31115 1 1682
31147 1 1461
31154 1 493
31243 1 757
31260 1 711
31274 1 1664
31332 1 3032
31350 1 1047
31390 2 479
31391 1 2998
31406 2 3326
31452 1 419
31501 1 1067
31555 1 1195
31556 1 635
31560 1 2403
31566 1 1244
31606 2 2118
31607 2 1667
31609 2 663
31645 1 630
31676 1 475
31702 1 2004
31712 1 222
31713 1 239
31714 1 207
31740 1 555
31744 1 7219
31792 1 1389
31829 3 14263
31830 2 526
31852 1 1764
31893 1 981
31906 2 890
31941 1 770
31949 1 6125
32027 1 1475
32196 1 620
32200 1 968
32221 1 719
32226 2 3217
32240 1 3457
32241 2 5341
32247 2 2637
32286 4 3201
32288 1 3260
32295 1 3206
32297 1 3273
32298 1 3261
32314 1 2456
32399 1 1839
32415 1 804
32491 1 6991
32565 1 1204
32615 1 622
32643 1 1238
32659 2 1206
32694 1 2647
32695 1 1641
32729 1 223
32730 1 216
32731 1 321
32745 1 1022
32761 1 219
32762 1 181
32822 2 2367
32824 2 2602
32958 1 1960
32962 6 611
33023 1 679
33031 3 592
33060 1 676
33072 1 829
33138 1 1739
33150 1 2622
33151 1 2303
33162 1 1081
33168 1 810
33171 1 307
33179 1 2037
33188 2 10275
33240 1 9576
33254 1 582
33265 1 1309
33268 1 3327
33285 3 3524
33329 1 2558
33334 1 2979
33377 1 1162
33430 1 1572
33456 1 957
33494 2 11341
33509 1 2659
33569 1 1975
33584 2 1680
33590 1 3769
33641 1 2126
33695 1 3294
33703 4 18894
33710 1 1002
33750 1 2944
33763 1 2200
33765 1 4124
33779 1 1792
33786 1 3235
33830 1 1857
33832 2 1015
33875 1 726
33890 1 1069
33924 1 11847
33938 1 5544
33987 1 4548
33996 1 4294
34002 3 1052
34035 1 2575
34039 3 23394
34052 2 11789
34087 2 3646
34156 1 602
34179 1 1686
34208 1 2130
34268 1 3482
34303 1 4581
34309 1 975
34393 1 1308
34394 1 8616
34438 1 1066
34445 2 2643
34465 3 5422
34488 1 842
34540 2 975
34541 1 789
34573 1 2200
34584 1 973
34650 3 2639
34662 1 1885
34722 1 1829
34745 1 3957
34768 1 1348
34770 1 709
34804 3 3895
34820 2 7148
34840 1 591
34860 1 3758
34897 3 654
34901 6 18201
34938 3 5944
34972 2 2699
35041 13 7162
35182 1 13213
35255 1 375
35333 1 5425
35345 1 1795
35387 1 4967
35389 1 1068
35395 1 1776
35398 1 4556
35420 2 1047
35441 1 1097
35460 1 662
35472 1 1008
35530 1 533
35532 2 4534
35540 2 311
35559 2 2826
35566 2 733
35660 1 1256
35724 2 2406
35799 1 2340
35828 1 5244
35837 2 2391
35840 1 5256
35855 1 820
35857 1 1888
35861 2 10960
35893 1 1446
35909 1 3424
35967 1 1072
35983 1 2665
35985 1 905
36020 1 539
36028 2 1853
36030 1 298
36079 1 1377
36082 2 1049
36095 1 993
36139 7 1353
36154 2 419
36155 2 1047
36156 1 766
36223 1 2477
36236 1 485
36249 1 2162
36287 1 1827
36300 1 3570
36311 1 2920
36343 1 1778
36371 1 1301
36387 1 3582
36392 2 6574
36393 2 6574
36394 1 5251
36395 1 5251
36396 1 5251
36397 2 8678
36398 2 8678
36399 1 1236
36400 1 1236
36401 1 1236
36415 1 4207
36427 1 176
36428 1 165
36440 1 2527
36455 1 2503
36456 1 1042
36498 1 8241
36535 3 539
36552 1 1625
36559 1 2030
36583 1 1261
36590 3 5680
36592 1 459
36615 1 786
36664 1 1214
36675 2 6019
36681 1 2010
36732 1 18263
36757 1 2134
36812 1 1385
36866 1 1504
36927 1 436
36932 2 1538
36942 3 727
36945 2 21910
37072 1 2165
37074 1 3457
37106 1 3136
37107 1 1068
37109 1 487
37168 1 3059
37174 1 1808
37202 1 876
37228 1 4061
37261 1 1582
37282 1 2473
37310 1 7113
37323 2 7159
37336 2 1229
37384 1 1980
37409 1 2886
37415 1 5377
37423 2 13622
37427 2 7481
37434 1 6835
37436 6 9722
37454 1 8351
37467 1 608
37482 1 1150
37502 2 1948
37523 3 1077
37532 1 949
37608 1 879
37616 1 8646
37659 1 628
37675 1 1057
37698 1 5406
37709 1 1372
37712 1 8990
37717 1 382
37845 3 1490
37858 1 698
37889 1 4249
37892 1 5282
37893 2 7547
37905 1 486
37920 18 1463
37932 2 17484
37937 1 525
37962 1 2971
38027 1 1907
38054 2 1792
38069 1 3382
38094 1 2311
38157 1 3920
38178 1 648
38194 2 2925
38212 1 389
38213 1 660
38214 1 232
38215 1 234
38216 1 218
38217 1 211
38218 1 262
38229 2 4034
38317 2 1215
38351 2 2567
38358 3 951
38365 3 774
38411 1 2671
38418 1 1491
38448 1 6071
38472 1 1041
38482 1 1834
38542 1 2357
38557 5 10387
38564 1 4067
38576 1 1706
38620 1 1203
38642 1 1372
38663 11 3825
38679 1 4243
38686 2 2997
38692 1 1658
38712 1 9962
38729 1 807
38778 1 3309
38851 1 4217
38855 1 5137
38880 2 1528
38905 1 1096
38916 1 6621
38938 1 2006
38999 1 4065
39025 1 1374
39056 1 564
39065 1 606
39068 2 6017
39084 1 4248
39128 1 1085
39136 1 1787
39149 1 2101
39151 2 1763
39167 1 1736
39183 1 4477
39238 1 1675
39241 1 7079
39258 1 1773
39264 5 7187
39270 1 2484
39271 1 2225
39276 1 3501
39278 2 5705
39279 1 5440
39280 1 2767
39290 1 5621
39311 1 2070
39318 1 2523
39323 1 830
39329 5 32477
39414 1 502
39448 2 3136
39465 1 984
39489 1 1197
39501 1 2201
39516 1 668
39523 1 852
39546 1 709
39554 1 189
39560 1 376
39565 1 689
39588 1 6063
39692 1 1262
39721 1 921
39769 1 323
39797 1 2288
39807 1 435
39832 1 487
39937 1 1427
39969 1 1086
39978 4 30166
40007 1 1943
40012 2 1560
40018 2 544
40024 1 2366
40037 1 3833
40053 1 3632
40068 9 596
40078 2 863
40109 1 902
40112 1 2159
40173 1 652
40198 2 5290
40256 1 1952
40287 1 10480
40340 1 794
40344 2 732
40400 1 2099
40401 1 2725
40468 1 2719
40504 1 758
40530 1 1636
40538 3 14088
40545 1 815
40557 2 979
40579 1 4144
40605 1 1458
40630 2 5684
40636 1 3362
40637 1 7547
40659 1 2127
40686 1 2486
40695 8 8337
40696 1 6423
40737 1 112
40747 1 5237
40748 1 865
40755 1 1578
40761 1 819
40905 2 1163
40924 2 666
40935 3 82
40936 1 3129
40957 1 533
40959 2 5445
40984 1 635
41010 1 804
41052 2 6547
41078 1 1486
41082 1 498
41087 1 485
41118 4 2966
41146 1 669
41160 1 907
41172 1 1797
41177 1 1084
41180 1 763
41227 1 496
41250 1 598
41273 1 1001
41286 1 632
41327 1 4020
41328 1 3986
41412 1 898
41547 1 994
41674 2 4187
41696 1 1507
41705 1 104
41720 1 1655
41727 1 534
41738 1 1731
41746 1 940
41823 1 1274
41824 2 848
41826 1 2287
41853 1 4530
41886 1 1090
41895 1 855
41936 1 2170
41945 1 1262
41958 1 552
41993 1 988
42001 1 1519
42025 4 9933
42027 1 465
42030 1 2922
42075 1 1237
42085 1 6194
42148 1 3966
42149 2 9906
42161 1 9423
42266 1 1519
42297 2 1946
42355 1 5228
42356 1 4608
42389 1 1357
42418 1 914
42422 1 5724
42425 1 5948
42446 1 372
42477 1 1308
42525 1 1213
42526 1 189
42559 1 2800
42561 1 270
42567 1 3374
42569 1 3491
42574 1 2003
42585 1 2844
42593 1 2229
42630 1 2369
42631 1 1557
42632 1 2515
42653 1 2753
42758 1 1386
42763 1 6680
42767 2 8035
42774 3 5633
42820 1 2822
42823 1 2264
42849 1 792
42954 1 821
43011 1 1189
43025 2 3087
43038 1 233
43039 1 245
43041 1 453
43042 1 1175
43089 1 183
43090 1 179
43092 3 1330
43101 1 933
43103 1 506
43118 1 649
43124 1 842
43150 1 9162
43229 2 8025
43252 1 1159
43384 1 474
43400 1 405
43437 2 1930
43444 1 2757
43470 1 3949
43496 1 2079
43497 2 1986
43511 1 879
43519 2 1593
43535 1 1147
43538 1 2943
43548 1 730
43558 1 709
43576 1 5522
43605 1 1286
43616 1 1304
43632 1 1125
43656 1 4176
43659 1 1360
43680 1 1915
43734 1 531
43747 1 7125
43763 1 2590
43777 1 3197
43796 1 5679
43837 2 3115
43843 1 878
43869 1 291
43900 2 1267
43913 1 1273
43921 2 9448
43935 1 3104
44050 1 4928
44056 2 2924
44080 1 3596
44081 1 4117
44116 1 4462
44122 1 1272
44127 1 904
44129 1 1404
44154 1 1236
44163 1 1618
44218 1 6003
44222 1 636
44226 1 724
44253 1 2425
44287 1 3176
44319 1 408
44333 1 2947
44384 3 786
44421 1 832
44423 1 2828
44428 1 1638
44429 1 1727
44439 2 2467
44451 1 786
44469 2 1847
44477 1 754
44569 1 1077
44574 1 1177
44712 1 52
44749 1 849
44753 1 560
44791 3 1689
44792 4 3157
44808 2 879
44827 1 486
44835 1 506
44911 1 1376
44918 2 2627
44928 5 1161
44954 1 8549
44956 1 7041
44972 2 1148
44981 1 1515
45084 2 6555
45159 5 13537
45166 1 2013
45170 1 1514
45259 1 611
45357 1 420
45358 1 463
45359 1 216
45364 1 1314
45400 1 182
45401 1 170
45581 2 8025
45590 1 49
45610 1 1452
45631 1 741
45676 8 11251
45756 2 719
45787 1 557
45793 1 396
45814 2 3034
45816 1 899
45822 1 1426
45826 1 8235
45851 1 2388
45857 3 903
45859 1 21421
45877 1 683
45880 1 2642
45891 1 1092
45934 1 941
45956 2 4392
45987 1 517
46140 1 1373
46173 1 1062
46177 1 1207
46211 1 369
46277 1 4798
46297 1 737
46302 1 1086
46362 2 175
46369 1 5238
46378 2 6175
46388 14 81863
46419 1 2392
46428 3 1866
46431 1 746
46434 1 2480
46464 1 311
46518 1 1475
46519 3 5448
46551 1 8597
46552 1 9921
46562 1 1020
46569 1 678
46611 2 2127
46659 1 1042
46661 1 5001
46663 1 1197
46668 1 2331
46669 1 1592
46694 1 3602
46725 1 1492
46753 1 1413
46794 1 1731
46800 1 198
46913 2 1961
46943 1 1398
46983 1 4196
47128 1 1444
47130 1 1232
47133 1 1102
47145 1 592
47151 2 5857
47270 2 2703
47308 1 1139
47333 1 91
47350 1 2865
47362 1 931
47371 1 650
47387 1 279
47438 1 1445
47446 1 2943
47459 1 8496
47471 1 1640
47491 1 2517
47496 1 2373
47497 1 2515
47544 1 1704
47559 3 11224
47561 2 3141
47562 1 1450
47650 1 1540
47672 1 816
47682 1 1552
47687 1 459
47723 1 636
47724 1 480
47777 1 852
47816 1 566
47817 1 404
47852 1 166
47872 1 1066
47977 6 1512
47980 1 1153
48078 1 11919
48103 1 987
48135 1 1627
48154 1 2396
48167 1 1425
48180 3 25164
48197 1 8238
48199 1 1135
48206 2 1787
48217 4 6375
48234 3 7467
48269 2 11120
48287 1 2481
48288 2 2866
48299 2 3767
48333 1 1599
48367 1 1869
48379 1 6270
48415 1 950
48416 1 1759
48434 1 1143
48469 1 2316
48493 1 652
48494 1 1187
48546 6 2386
48612 1 340
48645 2 1419
48660 1 978
48674 1 1144
48679 1 2017
48689 1 4283
48703 1 2166
48710 2 1101
48728 1 2201
48736 1 1159
48741 1 1388
48783 1 1440
48833 1 679
48880 1 511
48887 1 892
48898 1 2208
48924 1 3784
48953 1 1506
48989 1 1067
49022 2 2746
49025 1 872
49034 1 2025
49074 1 2567
49094 1 636
49100 1 2086
49105 1 2283
49133 4 844
49148 1 1740
49151 1 1897
49176 1 11069
49185 1 1503
49203 1 1682
49276 2 5599
49298 1 880
49320 1 943
49323 2 5236
49330 1 1076
49366 1 5125
49455 1 2601
49479 1 1005
49483 1 4047
49484 1 3481
49508 1 1329
49516 1 1481
49537 1 163
49538 1 172
49539 1 162
49577 1 2475
49698 1 1736
49713 1 735
49734 1 2337
49768 1 1000
49776 1 9407
49777 1 853
49784 1 740
49787 2 1014
49788 3 1140
49792 1 932
49821 1 771
49861 1 1351
49905 1 2350
49919 2 2203
50017 1 2970
50025 5 5763
50056 1 5845
50120 1 1661
50121 1 2247
50143 3 8454
50165 1 929
50185 1 467
50201 1 1131
50209 1 1735
50210 1 2088
50212 3 1522
50218 1 1089
50223 1 6104
50243 1 657
50272 1 339
50283 1 1595
50287 1 2869
50289 1 1659
50299 1 958
50324 1 1065
50326 1 262
50358 1 1712
50370 3 2048
50371 1 1728
50407 1 510
50439 1 3976
50443 1 391
50458 1 1281
50469 1 288
50476 1 10882
50478 1 3624
50484 1 3217
50485 1 3231
50504 2 2431
50552 1 2672
50553 1 2439
50587 2 1902
50599 1 5431
50646 1 1577
50669 1 1789
50716 2 849
50777 1 1369
50824 1 714
50825 2 592
50840 1 161
50847 1 472
50854 2 3003
50867 1 598
50881 1 4909
50889 1 5625
50912 1 423
50983 1 16660
51019 1 1182
51049 1 2306
51099 1 1212
51124 1 666
51147 1 3111
51151 1 2830
51180 1 476
51208 1 859
51290 1 6381
51376 1 570
51386 1 2055
51454 1 271
51455 1 265
51491 1 295
51511 1 822
51536 1 624
51619 1 697
51672 1 3436
51771 1 2283
51777 1 1830
51816 1 4853
51843 1 6718
51862 1 958
51882 1 926
51887 1 446
51891 1 6407
51894 1 3076
51899 1 12169
51910 1 1460
51977 1 1239
51978 3 8282
51979 1 6703
51993 3 12689
51994 1 9298
52006 2 2497
52023 1 1212
52074 1 7011
52098 2 1384
52146 3 10691
52156 1 522
52162 1 1594
52183 1 1064
52211 2 730
52213 1 3751
52214 2 6634
52223 1 1842
52267 1 949
52271 2 8131
52290 2 3280
52307 1 616
52320 1 2961
52338 1 2169
52339 1 1963
52382 2 1562
52396 1 4756
52397 2 4823
52423 1 1405
52450 2 1698
52455 1 1525
52545 1 2822
52565 1 885
52580 1 466
52584 1 1788
52616 1 3287
52631 1 4596
52691 1 1724
52717 1 3076
52727 1 4203
52732 1 2006
52803 1 1669
52804 1 4622
52807 1 293
52813 1 911
52837 1 521
52842 2 567
52857 1 477
52903 1 394
52929 1 920
52988 2 24350
53034 1 2302
53039 1 1539
53040 1 1220
53073 1 2274
53078 2 3327
53092 1 1626
53099 1 3241
53101 1 1846
53103 1 1051
53121 1 2359
53138 1 1947
53158 2 9225
53244 1 2636
53274 1 1660
53337 2 3782
53338 2 1463
53341 3 2371
53414 1 80
53430 10 48057
53524 1 1461
53549 2 1593
53552 3 1304
53602 1 1819
53616 1 534
53654 2 2802
53670 1 839
53729 1 783
53768 1 2855
53839 1 1223
53843 3 1483
53910 1 1481
53923 1 2605
54084 1 58
54093 1 4103
54134 2 2948
54160 1 1691
54218 1 612
54249 1 1272
54295 1 1798
54326 1 3836
54349 1 12411
54399 1 5059
54439 1 2636
54496 1 1147
54552 1 2960
54576 1 1577
54589 1 2333
54602 1 1759
54611 1 635
54619 1 10647
54677 1 641
54924 1 714
54927 1 1073
54931 2 718
54933 1 542
54969 2 642
54983 1 1045
55066 1 3616
55068 1 3268
55094 1 12123
55097 1 626
55126 2 3321
55133 1 1183
55153 2 1633
55164 1 1267
55324 1 921
55483 1 522
55488 2 816
55490 2 843
55500 1 1640
55504 1 179
55525 2 235
55607 1 9422
55608 1 4052
55622 1 221
55670 1 185
55671 1 182
55731 1 2515
55742 1 1027
55914 1 956
55919 1 3288
56083 1 141
56120 1 236
56164 1 415
56175 2 8425
56194 1 1968
56223 1 5116
56225 1 1378
56264 1 2223
56274 1 2124
56278 1 964
56287 2 965
56343 1 60
56364 1 51
56472 2 525
56482 1 936
56489 3 5171
56506 1 932
56521 3 5019
56522 1 3726
56648 1 471
56705 2 2241
56721 1 480
56722 1 901
56803 1 740
56806 1 2202
56822 1 4110
56825 2 1188
56854 2 965
56857 1 2166
56890 1 933
56942 1 715
56961 2 7535
56985 1 1012
57010 1 873
57226 1 11510
57244 1 674
57279 1 378
57323 2 1349
57367 1 2359
57382 3 3136
57383 2 3091
57441 1 2098
57465 1 1803
57476 1 1805
57551 2 1637
57620 5 3241
57621 5 3239
57622 5 3240
57643 2 8017
57655 1 843
57727 1 316
57730 1 1998
57734 5 515
57766 1 595
57821 1 4929
57833 2 2030
57887 3 1483
57911 1 1835
57952 1 8583
57953 1 8583
57964 3 1922
57990 1 1694
58141 1 54
58142 1 60
58192 1 3058
58198 1 879
58207 1 3272
58212 1 689
58227 1 1972
58238 1 1044
58247 2 19391
58322 1 1624
58334 1 867
58340 1 1736
58697 1 1823
58742 1 891
58745 1 525
58751 1 473
58762 1 4573
58772 1 4810
58778 1 2282
58836 2 2335
58837 1 3342
58857 1 994
58858 2 1878
58859 1 1547
58860 1 1359
58869 2 5200
58953 1 468
58964 3 5289
58965 2 5140
58966 2 5767
58967 1 3481
59045 1 1137
59049 1 2182
59064 3 2318
59072 4 10092
59075 1 1168
59114 2 187
59171 1 1633
59189 3 10518
59211 1 3035
59276 1 1484
59277 1 268
59278 1 232
59301 1 700
59304 1 1871
59347 1 9699
59348 1 10477
59363 1 1746
59403 1 989
59418 2 9567
59427 1 1336
59439 1 1220
59476 1 2145
59484 1 1395
59522 2 1856
59524 1 1325
59568 1 1774
59569 4 1463
59570 1 1256
59571 2 766
59589 1 1085
59626 1 2003
59627 1 4734
59630 2 5288
59635 1 4384
59638 1 3389
59647 1 1537
59659 1 986
59662 1 14951
59672 1 3130
59708 1 323
59723 1 233
59792 1 601
59825 1 1106
59829 1 1756
59898 2 4986
59900 2 3360
59912 1 1051
59918 3 9598
59982 2 4938
59983 1 2990
59984 1 2885
59985 8 4522
59986 2 4731
59987 1 5303
59988 1 5229
59993 1 1856
60019 1 5237
60021 2 2368
60039 2 4322
60063 1 3984
60070 1 2663
60117 1 438
60173 1 2847
60179 1 867
60184 1 998
60249 1 1398
60251 1 1629
60254 1 1078
60264 1 244
60276 2 3089
60295 1 662
60296 1 783
60338 1 2635
60342 1 1408
60344 1 755
60371 1 3906
60378 1 1208
60422 1 1453
60435 1 354
60444 2 1326
60451 2 2513
60465 1 508
60474 1 724
60475 1 1223
60517 1 389
60537 1 1343
60566 1 301
60567 1 919
60568 1 242
60569 1 580
60570 2 921
60595 2 3346
60597 1 571
60804 1 1666
60910 1 2877
60916 1 362
60936 1 5117
60945 1 896
60964 1 3850
61004 1 2305
61005 1 1679
61092 1 1272
61100 1 618
61119 1 948
61140 1 500
61178 1 2893
61186 1 14302
61187 1 15707
61188 4 29700
61196 1 1748
61216 1 353
61252 2 1332
61268 1 2756
61293 1 1113
61326 2 2485
61352 2 18809
61366 3 1509
61443 1 1702
61502 1 1871
61506 1 3406
61511 2 2320
61610 1 1320
61618 1 865
61620 1 1896
61623 1 1505
61635 1 2149
61663 1 771
61668 1 11710
61683 1 2240
61777 1 1421
61820 1 5698
61825 1 2161
61847 2 1464
61856 1 2579
61860 2 7381
61881 1 2444
61882 1 454
61923 1 722
61924 1 6503
61938 3 6544
61939 1 10305
62032 1 1096
62087 2 4114
62102 1 676
62137 1 2894
62142 1 2600
62145 1 1137
62192 1 937
62204 2 8201
62229 1 7173
62289 1 772
62293 1 2903
62299 1 7136
62356 1 532
62417 3 11638
62432 1 5539
62520 1 1457
62532 1 17
62552 1 1225
62588 5 8596
62592 1 1475
62613 1 5274
62624 2 772
62635 1 1315
62642 1 7441
62648 2 206
62649 2 206
62669 1 1183
62704 1 527
62719 2 196
62722 1 812
62755 1 1796
62757 2 693
62758 4 2293
62759 2 1339
62766 2 8596
62775 1 2968
62790 3 519
62824 1 4199
62867 1 1739
62868 1 1757
62870 1 1017
62871 1 1931
62902 1 2612
62914 1 2398
62931 1 2235
62934 1 979
62972 1 330
62992 1 5430
63044 1 1151
63059 1 1717
63138 1 4006
63157 1 3445
63160 1 1813
63162 1 1516
63163 1 2048
63166 1 2579
63250 1 923
63256 1 2229
63270 2 3034
63285 1 1000
63310 1 2477
63333 1 175
63334 1 164
63335 1 192
63336 1 166
63337 1 171
63339 1 1381
63350 1 2253
63427 1 4477
63505 1 959
63510 1 562
63555 1 7057
63600 2 772
63628 1 1675
63646 1 993
63656 1 6872
63688 1 897
63701 1 2880
63703 1 2027
63746 1 1470
63751 1 310
63765 1 1813
63788 1 3142
63791 1 1978
63792 3 1726
63803 1 2123
63805 3 802
63840 1 609
63892 1 1816
63927 1 184
63930 2 1373
63965 1 1353
63969 3 2173
63972 1 1998
63984 1 1161
64009 1 3743
64015 1 2612
64021 1 4309
64022 1 1923
64032 1 1854
64049 1 1033
64050 1 3580
64051 1 3589
64061 1 1266
64062 1 1266
64086 1 1979
64092 1 1393
64094 1 3694
64295 1 1792
64300 1 656
64303 1 816
64321 1 668
64435 1 654
64453 1 10145
64539 1 837
64559 1 4363
64590 1 2177
64602 12 601
64603 1 838
64625 1 1074
64671 1 687
64938 1 734
64944 1 91
64946 1 2282
64951 1 1419
64952 1 1538
64996 1 354
65006 1 3064
65056 2 206
65099 1 2357
65107 1 3809
65265 1 5510
65399 1 3181
65433 1 2178
65589 1 1568
65662 1 1443
65720 1 620
65748 1 1674
65778 1 3404
65790 1 5117
65793 1 494
65795 1 682
65798 1 1604
65818 1 1668
65883 2 3190
65905 1 1164
65956 1 3157
65961 2 2405
65990 1 4364
65999 1 7992
66003 1 1673
66018 1 1246
66043 3 997
66050 1 630
66086 2 2643
66113 1 1368
66220 1 652
66297 1 720
66298 1 1664
66310 4 8271
66380 1 9761
66394 1 685
66409 2 1827
66415 1 6038
66444 2 3410
66471 1 3798
66518 1 709
66527 1 611
66549 1 1147
66573 1 445
66579 1 1543
66590 1 1614
66616 1 847
66664 1 2151
66684 1 1462
66698 1 2058
66706 2 684
66711 1 1344
66722 8 276701
66744 1 4068
66757 1 747
66776 1 1404
66819 1 6321
66872 1 1492
66896 1 519
66915 1 4319
66927 1 978
66947 3 18231
66949 1 1133
66953 1 1274
66958 1 1720
67043 1 858
67047 1 2295
67051 1 423
67052 1 419
67053 1 246
67054 4 2805
67074 2 9837
67091 1 734
67169 1 1155
67195 1 6824
67197 1 490
67267 1 427
67268 1 915
67318 1 1620
67342 1 6010
67355 1 6043
67406 2 1549
67414 1 728
67415 1 10077
67457 1 722
67492 1 489
67510 1 1379
67526 1 813
67534 1 466
67545 1 2013
67565 1 1675
67579 1 1444
67581 1 435
67584 1 3111
67594 1 3023
67595 2 699
67627 2 2254
67637 1 4061
67647 1 1230
67662 1 2616
67671 1 6735
67712 1 2699
67725 2 1884
67835 1 1309
67886 1 554
67899 1 4652
67971 2 603
68014 1 456
68027 1 697
68046 1 3345
68060 1 1384
68091 3 10665
68092 5 8126
68117 1 4150
68120 3 7511
68170 2 586
68217 1 5161
68226 1 1021
68336 1 1920
68338 1 1346
68346 1 2235
68368 1 1969
68369 2 11195
68392 2 6574
68393 1 3580
68398 1 1266
68657 1 1531
68658 1 1438
68660 1 1533
68661 1 2157
68664 1 3316
68693 1 1104
68701 1 561
68708 1 6905
68727 1 1593
68764 1 2106
68769 1 470
68795 1 1251
68837 1 1538
68846 1 1502
68890 1 455
68909 5 2457
68915 2 1241
68917 1 1219
68960 1 1724
68964 1 11197
69331 2 1693
69376 1 1668
69421 1 1230
69431 1 3095
69478 1 428
69505 1 876
69509 1 5379
69696 1 1490
69709 1 889
69713 1 1370
69852 1 1623
69887 1 3269
69917 1 3612
69963 1 367
69991 2 437
69992 1 378
69993 1 240
70045 2 1086
70076 1 833
70169 2 8025
70204 1 191
70221 1 1774
70257 2 714
70263 1 7023
70269 1 2397
70302 1 1840
70303 1 1436
70311 1 2716
70328 1 1626
70337 1 1085
70377 1 5997
70390 1 937
70435 1 3103
70535 1 1353
70607 1 985
70614 1 1247
70626 1 1315
70636 1 1691
70749 1 6334
70838 1 1950
70841 1 8361
70854 1 675
70855 2 5396
71013 2 1564
71016 1 1255
71022 1 2146
71035 1 774
71069 1 490
71078 2 9605
71087 1 635
71100 1 639
71131 1 5992
71137 2 9411
71143 1 1298
71217 1 2704
71247 1 1642
71251 1 1374
71256 1 1259
71305 2 2754
71323 1 3523
71338 1 2157
71384 1 2877
71385 1 2877
71386 1 2880
71387 1 1937
71414 1 303
71417 1 757
71545 1 6773
71566 1 800
71610 1 165
71645 1 1199
71649 2 730
71695 1 1178
71705 1 10258
71795 1 690
71827 1 6203
71854 1 4173
71873 1 1004
71894 1 2159
71895 2 3069
71920 1 799
71941 1 1460
71942 3 3216
71988 2 2427
72023 1 772
72046 1 2501
72065 1 9229
72067 2 9227
72070 1 1211
72098 2 19912
72108 1 1166
72148 1 300
72149 1 318
72150 1 550
72201 4 5125
72206 1 2593
72213 1 3012
72227 1 470
72284 1 6759
72344 1 815
72372 1 1766
72380 1 3360
72421 1 693
72481 1 1701
72498 5 11873
72539 2 1870
72543 1 779
72576 1 1282
72627 1 678
72642 1 1456
72715 1 2456
72744 1 708
72746 1 1433
72763 1 1138
72775 1 2072
72793 1 4219
72827 1 7031
72836 1 2346
72845 1 2164
72856 1 1892
72886 2 1142
72887 1 758
72899 3 20275
72906 1 2265
72920 1 5462
72921 1 2994
72926 1 742
72928 1 1440
72973 1 3325
72982 1 5401
73088 1 4779
73148 1 5628
73222 1 3558
73225 2 984
73324 1 733
73373 1 5222
73374 1 1179
73375 1 219
73397 3 471
73440 1 169
73449 1 632
73453 2 992
73494 1 1046
73501 1 724
73574 2 8025
73655 1 1423
73663 1 868
73762 1 2217
73807 3 721
73879 1 901
73883 1 883
73889 1 2079
73928 1 567
73961 2 2232
73974 1 510
73979 1 544
73996 2 7920
74004 1 486
74052 1 1551
74055 1 2435
74079 1 274
74094 1 3820
74120 1 2512
74121 2 2293
74140 1 1711
74149 1 1131
74151 1 1393
74176 1 4570
74183 1 871
74184 1 1502
74203 1 11999
74215 6 813
74237 1 169
74286 1 1225
74296 1 3168
74386 1 439
74390 3 3030
74400 1 315
74407 1 721
74432 1 3303
74440 1 1991
74444 1 1117
74447 1 1260
74449 1 1802
74517 2 1657
74519 1 5618
74522 1 1218
74572 2 8808
74632 1 392
74641 1 723
74653 1 979
74661 2 1665
74675 1 1006
74707 2 4337
74708 4 4408
74722 2 459
74775 1 2772
74795 12 2070
74803 1 6144
74812 1 4167
74813 1 5631
74831 1 1285
74844 3 1805
74872 2 1224
74874 2 6108
74903 1 635
74929 1 1329
75152 2 1312
75153 1 545
75155 1 2282
75169 1 9895
75200 1 1348
75202 1 3010
75203 2 2977
75214 1 2338
75225 2 1408
75240 3 5462
75307 1 1330
75325 1 1661
75408 1 3231
75529 2 8980
75602 1 1219
75603 1 888
75604 1 651
75605 1 270
75619 2 1267
75639 1 212
75640 1 165
75641 1 205
75717 1 2502
75753 3 1935
75762 1 1634
75834 1 760
75933 1 1628
76089 1 479
76105 1 6146
76126 1 1145
76132 1 1508
76136 1 4953
76137 1 2520
76138 1 3341
76143 1 3616
76162 1 3412
76175 1 6943
76302 1 1858
76304 22 5487
76309 3 2573
76324 1 1227
76338 1 1039
76368 1 1834
76405 1 5489
76410 1 1311
76423 1 1266
76474 1 394
76516 2 5399
76521 1 1643
76529 2 10440
76531 1 1613
76564 1 676
76585 2 1877
76595 1 1593
76636 1 626
76762 4 7340
76769 1 2417
76793 2 5567
76794 1 925
76796 1 1059
76826 1 1007
76859 1 1863
76877 1 1735
76922 1 604
76932 1 3132
76935 2 1129
76940 1 729
76992 1 538
76995 1 1773
77010 1 6732
77015 2 1847
77023 2 2768
77054 1 1501
77076 1 3304
77106 2 1502
77139 1 7313
77180 1 5716
77202 1 8001
77233 2 4265
77243 1 355
77246 1 6149
77247 1 1786
77269 1 1124
77359 1 2169
77363 2 1245
77367 1 658
77396 1 980
77473 1 3580
77577 1 751
77582 1 1227
77609 1 556
77653 1 958
77666 1 949
77792 1 1395
77805 2 2119
77816 1 2167
77822 1 1246
77834 1 3498
77843 1 756
77859 1 493
77864 1 749
77885 1 1785
77893 1 2270
77905 3 651
77957 1 1907
78034 1 2796
78062 2 3649
78065 1 690
78076 1 484
78098 1 1138
78105 1 693
78116 3 5040
78121 4 3206
