footag footag 959 65215343 
1 1 260
240 1 530
377 1 713
678 1 1380
721 1 1682
723 1 1018
886 1 5811
956 1 1150
966 1 6046
986 3 2025
987 3 2023
988 3 2173
1039 2 972
1092 1 978
1463 1 1594
1516 2 2384
1597 1 3184
1647 1 10572
1676 1 823
1717 1 1231
1816 1 5747
2243 2 2003
2343 1 1153
2509 1 772
2646 3 1971
2666 3 6601
2727 1 4008
2782 1 1579
2963 1 3763
3402 3 2468
3403 3 2172
3404 3 2168
3405 3 2857
3417 1 955
3557 1 1042
3562 1 1205
3819 1 840
3820 1 2163
4142 2 3987
4235 1 711
4373 1 4212
4426 1 1533
4494 1 303
4771 2 4349
4865 1 2104
5291 1 1187
5503 1 1464
5537 1 796
5580 1 6581
6048 2 4019
6583 1 7454
6608 1 834
7120 1 2039
7570 1 9650
7656 1 1143
7775 10 3220
8167 1 1117
8188 3 1754
8328 1 332
8376 1 2007
8377 1 1377
8408 2 5505
8606 1 914
8628 1 1693
8709 1 510
8895 1 643
8927 1 2370
8963 1 1411
9466 1 2176
9503 1 6051
9604 1 2143
9660 1 3500
9712 1 736
9758 4 745
9837 1 1313
9889 1 1688
9911 1 1621
9937 1 579
9996 1 2093
10078 1 921
10146 3 522
10376 1 1058
10906 1 7912
10949 1 4327
11037 1 1092
11058 1 482
11141 1 2089
11205 1 1196
11305 1 1551
11379 5 591
11461 1 706
11492 1 7197
11497 1 1516
11650 3 1881
11757 1 1770
11758 4 2000
11759 5 2876
11869 1 2608
12105 1 1448
12114 4 615
12217 2 1165
12218 2 1075
12300 1 1761
12422 3 1571
12592 1 1277
12698 1 3392
12857 3 2354
12963 2 1118
13029 1 1492
13051 1 662
13078 1 1080
13080 1 1459
13178 1 2291
13368 1 580
13458 1 1508
13486 1 7532
13497 2 6632
13546 1 3149
13627 1 3259
13669 1 1253
13857 1 1902
13878 2 298
13940 1 1453
14000 1 859
14044 1 364
14292 1 11958
14430 1 759
14502 1 989
14509 1 555
14525 1 50
14551 1 461
15042 1 583
15114 1 1801
15121 1 911
15198 1 1662
15204 1 3771
15245 2 7336
15272 3 573
15881 1 7036
15906 1 679
16087 1 433
16260 1 4783
16313 2 466
16465 5 3291
16471 1 306
16572 1 448
16709 2 564
16867 1 1515
16897 3 1979
16947 1 423
16996 1 1017
17209 1 818
17296 1 4348
17600 2 2502
17891 1 837
18228 3 4817
18274 1 260
18350 1 1610
18447 2 397
18519 2 1780
18520 2 1776
18521 3 2145
18522 2 1484
18528 1 1827
18564 1 769
18637 1 1065
18799 1 2303
18830 1 1272
18951 1 5208
19367 1 1627
19383 1 3259
19384 1 5576
19385 1 2378
19424 1 673
19788 1 1127
19789 1 1067
20013 1 2102
20227 1 2347
20241 1 1133
20265 1 1580
20398 6 471
20682 1 5585
20778 1 4580
20997 3 6199
21234 1 3393
21252 1 747
21318 2 7108
21321 2 7104
21380 1 2156
21484 1 1764
21781 1 2594
22128 2 835
22191 2 1914
22631 2 1807
22639 1 3403
22941 1 11549
22984 1 1974
22986 2 1800
23531 1 2398
23747 2 2274
24272 2 3323
24358 1 710
24457 1 5563
24593 1 1736
24594 1 1258
24616 2 6643
24724 1 777
24750 1 6415
24843 1 705
25108 1 601
25329 1 1614
25332 1 874
25423 1 676
25728 1 5705
26102 1 697
26115 2 1073
26324 1 1329
26351 2 1903
26449 1 7560
26498 2 32423
26749 3 1438
26944 1 2864
26945 4 2664
26946 7 2974
27137 1 865
27183 2 1174
27184 2 1075
27185 2 1073
27492 1 781
27781 1 1006
28220 1 303
28683 2 1939
28794 1 931
29726 1 948
30077 1 3556
30294 1 647
30383 1 1333
30459 1 1537
30918 1 556
31041 1 1280
31077 1 554
31154 1 493
31449 1 1693
31767 1 1437
31822 1 3213
31869 1 1376
31976 1 1282
32266 1 849
32329 2 5073
32388 1 24490
32414 1 1665
32493 1 853
32653 1 5663
33071 1 466
33162 2 1081
33240 1 9576
33294 1 1429
33584 3 1680
33695 1 3294
33765 1 4124
33828 1 167
33829 1 837
33879 1 396
33966 1 1577
34052 3 11789
34100 1 837
34143 1 2404
34223 2 1760
34248 1 827
34258 1 909
34303 1 4581
34305 1 518
34503 1 1238
34520 1 2339
34548 1 2298
34627 1 1130
34836 1 244
34909 1 563
34992 1 359
35151 1 4287
35462 7 801
35504 1 1747
35532 1 4534
35552 2 1138
35858 1 1063
35887 2 4260
35926 1 1322
35994 1 743
36071 5 327
36217 2 924
36281 2 1467
36331 1 613
36335 1 584
36336 1 5447
36699 1 902
36764 2 1191
36792 1 1806
36854 1 622
37028 3 1017
37107 1 1068
37187 1 3415
37196 1 1139
37197 1 3237
37381 1 1394
37475 1 639
37594 2 1661
37613 1 1538
37721 1 1814
38095 1 901
38162 1 7201
38324 1 672
38343 1 986
38356 1 1322
38380 2 976
38413 2 6145
38433 3 2018
38434 3 2883
38440 1 603
38472 1 1041
38492 2 694
38493 2 752
38592 1 113
38666 2 1249
38730 1 754
38890 1 934
39016 2 1041
39092 2 2067
39097 1 1486
39121 1 2269
39252 1 1207
39279 2 5440
39490 1 939
39492 1 2059
39931 2 410
39986 1 880
39999 1 4187
40033 3 2140
40128 1 468
40229 1 744
40232 1 724
40451 1 1598
40512 2 2080
40541 1 4650
40637 1 7547
40692 1 1154
40756 2 269
40760 1 488
40897 2 2888
40936 1 3129
41023 3 1296
41111 2 2649
41114 3 2690
41184 1 7879
41412 1 898
41452 1 683
41747 2 754
41760 2 97
41947 3 2133
42087 1 640
42170 1 4262
42374 1 1702
42550 1 2066
42577 1 1608
42960 1 7453
43006 1 834
43321 1 654
43443 3 896
43510 2 1103
43597 1 2088
43823 1 1325
44106 4 3394
44118 1 1063
44127 1 904
44429 1 1727
44923 1 1258
44949 1 315
45166 1 2013
45234 1 1222
45258 1 799
45261 1 7633
45406 1 1233
45567 1 204
45892 2 1068
45985 1 689
46116 2 5154
46147 1 2188
46499 1 2017
46507 4 583
46594 1 81
46650 2 509
46851 1 851
46968 1 1661
47199 1 3686
47515 1 3985
47558 1 862
47650 1 1540
47748 1 6961
47749 1 7411
47925 1 1584
47984 1 2548
48249 1 444
48250 2 446
48522 1 645
48561 1 639
48671 1 1680
48922 1 2935
49029 1 3596
49092 1 39956
49184 2 2455
49375 1 11530
49414 1 609
49461 1 2195
49604 4 4772
49753 2 1126
49754 2 1006
49856 1 476
50271 1 288
50287 2 2869
50359 1 682
50371 1 1728
50429 1 2393
50490 1 530
50536 1 884
50598 2 5177
50599 2 5431
50756 1 532
50880 2 487
50983 1 16660
51000 1 1757
51023 1 1980
51236 1 1936
51345 1 2417
51437 2 456
51611 1 105
51914 1 949
52048 5 4112
52210 2 148
52290 1 3280
52408 1 1385
52478 1 2078
52652 1 1339
52788 2 696
53000 2 910
53031 1 683
53084 1 2127
53099 1 3241
53143 1 2969
53209 1 1662
53456 5 445
53550 1 1181
53603 1 2774
53755 13 831
53838 1 2228
53916 1 667
54161 1 391
54183 1 2128
54204 1 319
55094 1 12123
55162 1 1219
55536 1 49965
55537 1 7693
55538 1 7491
55611 2 1071
56021 1 501
56188 1 1498
56190 1 1477
56497 1 2476
56553 2 7598
56689 1 1387
56891 1 572
56957 2 638
57258 1 2560
57530 1 2185
57823 1 833
57905 1 576
58160 1 54
58243 1 1796
58426 1 1265
58748 1 1214
58874 1 1816
58958 1 388
59189 2 10518
59211 1 3035
59219 1 1647
59412 1 875
59418 2 9567
59572 1 1329
59581 1 1325
59591 1 1374
59602 1 886
59630 3 5288
59640 2 5056
59688 1 331
59689 1 2525
59690 1 2297
59691 2 2592
59692 1 664
59696 1 2013
59722 2 847
59851 1 448
59907 1 1288
59931 1 159
60030 1 10533
60037 3 4344
60040 1 5727
60070 1 2663
60077 1 315
60150 1 701
60192 1 404
60217 1 2172
60327 1 3097
60487 1 1120
61255 1 4815
61269 2 8764
61337 1 783
61619 1 1308
61865 1 544
61867 1 1527
61948 1 1548
62009 1 1118
62014 4 6015
62203 1 456
62431 4 561
62522 2 1976
62642 1 7441
62759 1 1339
62774 1 1461
62842 1 192
63074 1 4609
63078 1 1839
63080 1 666
63106 2 2332
63197 1 7220
63507 1 1696
63634 1 5269
63741 1 642
63755 2 295
63881 1 184
63906 2 4261
64013 1 2220
64032 1 1854
64063 1 1177
64064 1 1174
64065 1 1174
64414 2 806
64491 1 1559
64582 1 1481
64936 2 1450
64995 1 1355
65032 1 1400
65091 1 2809
65270 1 943
65366 1 1282
65708 1 335
65709 1 369
65779 1 651
65850 1 644
65971 1 1398
65994 2 405
66005 1 1390
66189 1 7316
66379 1 2917
66497 3 2312
66784 1 560
66877 1 483
66901 1 1242
66956 1 1308
66993 1 1773
66999 1 1267
67002 1 6563
67074 2 9837
67169 1 1155
67188 1 519
67219 2 8613
67355 1 6043
67421 6 1526
67430 1 541
67440 3 831
67516 1 742
67552 1 741
67598 1 984
67680 1 693
67682 2 737
67789 1 1357
67861 2 911
67873 1 326
67921 1 1368
68289 1 514
68329 1 1531
68382 1 492
68399 1 1174
68400 1 1167
68784 1 1803
68832 1 502
68845 2 750
69356 1 588
69425 1 1792
69471 2 979
69507 1 361
69871 1 2129
69913 1 7379
69914 1 7296
70323 2 1142
70377 4 5997
70431 1 2476
70534 1 5509
70635 1 846
70929 2 6834
71200 1 2058
71249 1 1532
71388 1 1967
71389 1 1967
71390 1 1967
71391 1 1967
71410 1 867
71420 1 874
71652 1 1418
71741 1 669
71822 1 1832
71986 1 445
72096 1 1559
72126 2 1190
72127 2 1060
72128 2 1111
72129 2 1048
72206 1 2593
72436 3 1419
72507 1 895
72571 1 2681
72609 2 1961
72737 1 1185
72899 2 20275
72907 1 826
72919 1 5881
72920 2 5462
73115 1 2759
73155 1 3609
73276 1 7711
73643 2 261
73874 1 900
73981 2 1169
74070 1 814
74147 1 752
74543 1 5014
74653 1 979
75148 1 1376
75571 1 867
75817 3 806
75838 1 410
75987 2 1096
76136 1 4953
76158 1 3909
76236 1 1049
76301 4 1532
76303 1 1328
76391 1 1501
76700 1 135
76762 2 7340
76769 1 2417
76890 3 1606
76911 1 442
76912 1 821
77058 1 1110
77081 2 1905
77127 1 1709
77133 1 1304
77192 1 838
77437 1 562
77735 1 43
77872 1 550
77955 1 657
78022 1 624
78111 1 1861
