british british 4852 65215343 
116 1 897
120 1 4128
146 2 2254
192 4 2446
295 1 845
340 1 2546
343 1 793
368 1 946
384 2 1662
425 1 823
473 5 5126
500 1 1485
504 3 11283
533 2 1661
606 2 1190
610 1 945
646 1 836
668 1 2059
672 1 2537
734 1 1711
783 1 2303
906 2 1896
966 2 6046
994 1 702
1104 2 4937
1160 2 1620
1161 1 249
1163 1 1777
1176 2 992
1177 1 1685
1185 1 15836
1283 1 1543
1391 1 932
1428 3 1327
1510 1 1264
1584 1 1777
1636 2 752
1639 1 2238
1659 1 2425
1678 1 1025
1679 1 1005
1724 1 540
1767 14 13095
1815 1 370
1816 1 5747
1852 1 2619
1855 1 2208
1859 1 485
1861 5 5589
1877 1 2064
1892 2 11383
1896 2 2074
1897 2 2847
1898 2 3856
1928 1 595
1935 10 782
1956 4 3792
1957 2 213
1959 3 1196
1960 7 1186
1979 1 1129
2001 2 2255
2026 2 745
2033 2 1127
2037 1 901
2043 1 968
2047 1 132
2057 1 2940
2073 1 1294
2081 2 1053
2083 1 4561
2086 3 3653
2155 1 901
2169 1 1619
2171 1 1919
2181 1 1278
2192 3 5833
2193 1 1999
2194 1 2274
2231 1 899
2244 4 2544
2246 1 952
2363 1 3977
2384 1 789
2388 1 1787
2395 2 1045
2414 1 1645
2458 2 547
2483 2 4389
2528 2 939
2594 1 1063
2654 2 1868
2664 1 1043
2680 1 1224
2753 1 1122
2755 1 297
2756 1 278
2776 2 1576
2782 1 1579
2845 2 2533
2925 1 2056
2926 1 1956
2980 1 735
3010 1 1261
3027 1 3713
3056 1 948
3058 1 838
3085 1 674
3103 2 3185
3131 1 458
3149 1 1273
3202 1 6501
3302 1 4954
3324 1 1792
3341 1 531
3344 3 1259
3383 1 10722
3435 1 360
3436 1 915
3444 1 1229
3463 1 1003
3491 1 930
3514 3 5186
3526 1 1135
3541 1 551
3542 2 1834
3547 1 1585
3562 1 1205
3571 1 1011
3602 1 639
3606 2 924
3637 1 970
3656 1 1437
3689 1 178
3712 2 1548
3729 1 616
3752 1 689
3835 1 1418
3847 2 27149
3898 1 1858
3935 2 693
4016 1 4260
4080 1 689
4082 1 446
4083 1 581
4121 1 371
4187 1 7906
4195 1 1194
4211 16 6879
4212 4 1877
4251 3 2307
4252 5 154
4286 1 1188
4289 1 673
4306 2 1994
4307 1 2386
4321 1 913
4329 2 1355
4332 1 1645
4342 1 1391
4343 2 739
4344 2 790
4345 2 754
4348 1 3712
4355 1 1088
4358 1 1491
4364 3 1040
4395 1 445
4400 1 990
4417 6 4384
4422 1 2597
4428 3 2072
4453 1 1290
4459 2 4138
4460 2 3587
4461 2 4244
4462 2 6187
4463 2 4320
4473 1 2419
4518 4 2481
4524 1 2046
4539 1 526
4610 3 1311
4611 2 958
4641 1 1322
4708 2 767
4718 1 553
4719 1 1062
4727 6 1147
4740 2 2057
4741 4 3450
4752 5 5044
4754 2 687
4755 1 1016
4771 1 4349
4837 1 2109
4852 1 1294
4905 1 7440
5089 6 495
5120 3 330
5194 1 740
5216 1 643
5236 1 1062
5247 3 6498
5396 2 6921
5400 1 1958
5426 1 570
5435 1 932
5527 1 2431
5546 1 1150
5552 2 312
5567 1 749
5578 1 13045
5605 2 122
5608 1 622
5789 1 2097
5790 1 2094
5853 2 668
5860 1 1573
5895 1 1433
5907 2 775
5910 1 1668
5921 1 1978
5927 2 896
5949 1 1365
5958 1 1664
5977 6 344
6013 1 2929
6032 1 519
6077 1 2190
6085 1 1538
6137 1 575
6180 2 5070
6322 1 1074
6363 1 4787
6536 1 1267
6617 5 719
6915 1 392
6935 2 510
6943 5 1969
6945 1 3654
6967 1 837
6997 2 1942
7008 1 725
7014 2 1878
7134 1 1943
7155 2 1071
7160 1 1661
7277 1 1309
7524 2 1121
7525 2 801
7526 2 821
7549 3 413
7569 1 2616
7570 12 9650
7571 5 5357
7574 2 2115
7578 2 5752
7580 1 9484
7668 1 1538
7723 4 4731
7763 2 2469
7764 2 2460
7775 1 3220
7777 2 693
7855 1 65
7883 1 389
7926 1 721
7987 1 1204
8026 1 922
8035 2 511
8083 1 607
8152 4 6009
8177 4 2272
8218 2 747
8231 1 1300
8237 1 726
8261 9 539
8286 1 2044
8293 1 3686
8294 1 1249
8295 1 1426
8396 3 1026
8408 5 5505
8409 1 3217
8455 1 798
8466 1 2863
8550 1 1456
8557 1 436
8563 1 870
8571 1 2786
8642 1 1636
8670 1 1141
8671 1 1147
8732 3 2463
8850 1 3830
8856 2 2075
8857 2 2274
8890 1 5449
8894 1 494
8903 8 1242
8931 1 1039
8951 1 416
8986 1 760
9106 1 1688
9152 1 213
9173 1 6443
9189 2 3116
9197 1 298
9201 1 1485
9314 3 839
9325 1 4336
9354 1 725
9363 1 1874
9442 1 1261
9462 1 1000
9463 1 3203
9464 1 773
9465 1 284
9486 1 3118
9491 1 6177
9548 1 3267
9579 1 911
9580 2 1345
9589 3 1054
9598 2 1062
9702 1 2473
9752 5 8096
9760 1 2142
9761 2 2538
9766 3 4331
9783 1 1288
9807 1 982
9809 1 635
9841 1 654
9850 1 2963
9865 2 1205
9866 1 1142
9911 1 1621
9955 1 576
9972 2 2809
9980 2 294
10001 2 1020
10006 1 429
10016 3 926
10018 1 1420
10022 1 3292
10036 1 3455
10073 1 1739
10298 1 2030
10393 1 2415
10418 5 920
10442 1 1664
10460 1 875
10508 1 456
10539 1 1985
10540 1 2092
10568 1 3196
10569 1 1399
10595 1 491
10603 3 1187
10604 2 831
10609 1 1156
10651 1 500
10706 1 1237
10710 1 83
10711 3 1129
10731 1 2189
10748 1 493
10816 1 707
10864 2 2401
10889 1 779
10896 1 932
10911 2 1405
10957 5 482
10983 1 428
10997 1 1555
10998 2 1691
10999 1 1962
11037 1 1092
11111 1 630
11284 1 883
11297 1 1192
11433 1 557
11441 1 1134
11442 1 1013
11445 3 1070
11466 4 2113
11467 1 3152
11468 1 1225
11499 2 1089
11560 1 574
11569 1 6434
11571 1 941
11603 1 1444
11608 1 433
11765 1 907
11862 2 888
12087 1 351
12111 1 1131
12116 5 3604
12123 1 485
12138 1 18363
12179 1 132
12203 1 722
12229 4 2226
12267 1 1100
12298 1 2322
12335 1 564
12382 1 1023
12446 1 1227
12447 1 1262
12465 1 1108
12507 2 2373
12579 2 631
12609 1 1268
12633 1 256
12643 3 1624
12647 1 4896
12692 1 5477
12693 2 5024
12712 3 2391
12772 1 1750
12814 1 46677
12885 6 6601
12918 1 2623
12943 2 1937
12945 2 2019
12949 2 2158
12951 2 2247
12957 2 1944
12959 2 1956
13059 2 1221
13138 1 986
13153 1 1159
13156 1 3209
13158 2 2677
13210 2 1144
13212 1 3298
13251 1 325
13252 1 1333
13266 1 1854
13286 1 1437
13332 3 14933
13344 1 5744
13388 2 1360
13440 1 1581
13458 1 1508
13497 2 6632
13508 5 6492
13530 1 849
13532 1 1389
13548 1 6866
13608 1 450
13635 1 1237
13639 1 1946
13640 2 4066
13699 2 1924
13708 2 1430
13869 1 903
13881 1 308
13882 2 1352
13887 2 283
13897 1 1292
13941 1 1949
13982 1 3750
14021 2 426
14034 1 2239
14048 1 527
14059 1 1101
14060 1 1417
14067 1 1216
14074 1 446
14169 1 837
14176 2 2211
14187 2 183
14201 2 1010
14207 1 954
14217 1 2332
14220 2 2570
14274 1 2909
14297 1 820
14319 1 1202
14388 1 823
14389 1 807
14429 1 2422
14474 1 3842
14517 1 514
14535 2 2058
14536 2 1661
14537 2 853
14550 2 3417
14565 1 1141
14587 2 1029
14623 2 551
14641 1 897
14644 1 228
14682 1 1418
14692 2 3976
14714 1 5738
14740 2 1571
14742 9 687
14746 1 1733
14760 1 840
14761 1 470
14763 1 1468
14766 1 964
14776 1 1585
14820 4 4854
14833 1 7321
14858 1 3107
14880 2 1431
15042 1 583
15080 1 525
15100 1 1367
15114 1 1801
15199 1 678
15245 1 7336
15256 1 1068
15258 1 1167
15292 1 2070
15310 1 3417
15418 5 2104
15468 1 1078
15502 1 578
15505 1 523
15529 1 947
15541 1 457
15572 2 3411
15592 1 849
15614 1 3253
15658 1 2847
15671 1 1154
15734 1 2035
15735 1 2037
15787 3 654
15788 3 592
15831 1 2451
15849 2 1972
15851 1 773
15852 1 310
15855 1 547
15860 2 3929
15922 1 3916
15924 1 355
15925 2 612
15926 3 1584
16107 1 852
16175 1 932
16192 1 1427
16258 1 7609
16292 2 2759
16311 1 2173
16312 1 792
16451 1 836
16465 1 3291
16573 1 2315
16574 1 2535
16575 1 2548
16633 1 249
16657 2 1834
16718 1 1664
16743 2 1505
16748 1 3753
16765 1 1110
16780 5 2693
16797 1 2473
16810 36 2137
16849 1 6516
16850 1 4537
16856 1 2460
16867 3 1515
16914 1 2130
16918 1 1281
16932 1 4752
16988 1 963
16989 2 971
17009 1 3115
17051 1 1194
17062 1 3596
17073 1 1801
17129 3 3146
17139 1 833
17143 2 2987
17156 1 1346
17169 1 455
17178 2 4206
17184 1 4374
17198 1 2072
17218 2 1541
17235 1 1114
17244 2 10025
17261 1 4916
17342 2 4836
17354 1 1123
17409 1 1250
17426 1 7075
17429 1 804
17467 1 6562
17537 2 215
17542 2 762
17556 1 519
17589 3 12110
17590 7 6514
17591 5 3099
17638 1 6007
17653 3 5954
17694 6 709
17757 1 303
17790 1 2095
17807 1 683
17810 1 1705
17815 1 2708
17818 5 4410
17833 1 631
17844 2 5452
17890 5 335
17944 1 222
17976 3 803
18030 2 984
18035 1 2957
18072 2 729
18132 1 1192
18169 2 3118
18228 1 4817
18267 1 933
18285 1 1990
18292 1 822
18306 1 428
18308 3 1341
18309 1 421
18335 5 1042
18352 1 992
18361 1 780
18401 3 1110
18407 1 391
18417 2 970
18420 3 1885
18452 1 771
18463 1 1607
18490 2 1473
18526 1 2537
18531 1 2147
18574 1 1309
18575 1 678
18620 1 3943
18636 2 1655
18650 3 1648
18652 4 2264
18653 1 4815
18654 2 15696
18655 1 837
18656 1 1667
18657 1 2740
18658 8 1985
18704 1 1305
18713 1 1412
18716 1 1408
18723 1 521
18805 1 637
18813 2 1761
18814 2 1715
18815 2 1198
18824 1 3146
18874 2 755
18952 1 1218
18959 5 905
18982 1 380
19032 1 1192
19042 1 3327
19105 1 1245
19111 1 4980
19133 1 2181
19367 1 1627
19379 1 4781
19383 3 3259
19385 3 2378
19397 1 1024
19545 2 9624
19588 3 1105
19600 3 3753
19625 2 1321
19647 1 3406
19680 1 5229
19681 3 10198
19683 2 2480
19684 1 2620
19685 2 4688
19687 10 2998
19690 1 2088
19712 1 548
19787 1 958
19801 2 1215
19810 4 536
19865 1 1300
19876 1 1120
19886 3 1995
19896 1 4758
19933 1 1797
19935 2 1523
19998 4 810
20000 2 2428
20001 2 2461
20002 2 2451
20003 2 2457
20004 2 2446
20005 2 2489
20006 2 2516
20162 1 793
20193 2 1368
20194 2 1431
20200 1 30304
20234 2 1228
20295 2 809
20336 2 1076
20408 1 864
20409 1 1186
20425 1 3934
20436 1 1915
20437 1 1969
20575 1 4332
20577 3 1021
20651 2 764
20661 2 1660
20663 2 2969
20677 1 8655
20678 3 4807
20679 2 6821
20680 2 2816
20681 1 935
20682 5 5585
20683 1 2155
20684 6 12924
20706 5 8010
20707 2 35797
20746 1 2626
20769 3 1098
20770 3 1080
20806 1 1566
20833 1 5441
20903 2 2764
20909 1 577
20936 1 2518
20948 1 690
21002 6 922
21056 2 1401
21074 3 5552
21082 1 2229
21119 2 861
21133 1 986
21153 1 698
21180 1 1918
21225 1 4913
21241 1 4794
21263 1 1339
21290 2 930
21339 6 4745
21379 1 2870
21432 1 1603
21491 1 1255
21500 1 4276
21507 4 7373
21518 1 237
21560 1 1658
21598 1 2235
21698 1 2267
21703 3 1484
21705 1 1432
21758 1 2344
21781 1 2594
21829 1 407
21830 1 410
21839 3 4667
21840 3 6308
21861 1 1816
21889 1 228
21972 1 2236
21973 1 1276
22032 1 4462
22070 1 1420
22157 1 836
22163 1 2087
22418 1 555
22454 1 507
22458 1 505
22473 1 432
22479 1 1300
22509 3 1358
22570 1 1844
22610 1 1706
22908 4 2390
22922 1 2658
22923 2 2900
22924 1 3942
22926 4 1353
22976 2 1924
23001 50 6718
23003 1 912
23013 2 4500
23014 1 3266
23040 1 296
23213 5 950
23232 1 1078
23362 2 1820
23378 1 973
23408 2 5715
23448 2 1669
23449 2 1675
23450 2 2158
23466 2 2473
23468 1 1323
23473 2 1771
23474 2 1785
23486 1 284
23495 1 1385
23560 1 256
23588 1 2167
23658 3 603
23691 1 1646
23745 1 2692
23771 2 1389
23793 1 385
24009 3 439
24078 1 401
24090 5 1840
24093 1 4836
24098 1 2429
24164 1 1966
24165 2 2487
24208 1 696
24209 1 687
24210 1 1259
24225 1 1419
24367 8 881
24383 3 1705
24457 10 5563
24462 11 8468
24465 1 1100
24472 1 2226
24499 1 364
24616 2 6643
24619 2 1922
24621 1 1848
24632 1 815
24666 1 3571
24699 1 726
24737 2 1993
24738 2 4416
24742 1 407
24747 1 5509
24748 2 4627
24749 1 4668
24750 1 6415
24788 1 121
24827 1 1654
24838 1 1751
24839 1 1127
24843 3 705
24844 1 1882
24849 2 4735
24864 1 3090
24884 1 7321
24885 1 7349
24926 1 2341
25033 2 511
25044 1 451
25136 1 620
25230 1 600
25243 1 3615
25248 1 1068
25265 1 2233
25275 6 2035
25323 6 1577
25333 1 1245
25363 3 2545
25391 2 2825
25422 2 2424
25436 10 1291
25442 2 904
25478 2 3302
25482 1 462
25515 2 1521
25665 2 1741
25713 2 3056
25760 1 603
25768 1 1167
25782 1 1018
25789 1 343
25815 3 1594
25880 1 374
25977 1 1118
26048 5 1828
26094 1 413
26128 1 744
26131 2 1898
26132 2 2930
26161 5 14248
26162 1 241
26169 2 2105
26206 1 1472
26220 1 1669
26223 1 946
26224 1 642
26258 1 7349
26296 1 1258
26320 1 354
26343 1 4639
26388 1 3682
26432 2 2149
26436 3 1206
26454 1 1961
26480 4 2573
26534 2 3621
26614 1 3554
26615 1 564
26699 1 582
26722 2 1894
26723 5 1586
26730 1 1483
26742 2 982
26771 1 1094
26772 2 1743
26773 1 833
26827 3 2251
26844 1 90
26856 1 1093
26891 1 2493
26977 1 908
27085 1 337
27113 1 218
27114 2 869
27115 1 937
27128 2 1148
27131 1 1909
27196 2 1661
27198 2 2800
27235 2 2671
27308 1 7530
27309 3 2591
27321 1 7344
27343 2 2701
27391 1 4345
27392 1 4376
27497 1 333
27519 5 1928
27574 2 1312
27585 2 1037
27625 5 2383
27654 1 2800
27680 1 211
27706 2 1893
27754 1 521
27774 1 2355
27778 1 1834
27866 2 4412
27875 6 817
27983 1 1113
28003 1 1375
28006 1 1748
28007 1 257
28056 2 1056
28121 1 981
28252 2 206
28279 1 1131
28312 1 795
28414 1 3568
28415 1 813
28416 1 1057
28436 1 1926
28477 1 3627
28478 2 634
28481 1 771
28491 10 4917
28508 2 199
28512 5 228
28642 1 446
28654 1 1104
28658 1 729
28694 1 1039
28769 1 200
28778 2 723
28792 1 623
28837 1 499
28852 1 425
29009 1 1308
29011 1 2920
29053 4 2517
29055 1 693
29065 2 1104
29084 1 434
29131 1 376
29303 2 2173
29346 1 5736
29376 1 736
29396 1 8576
29404 1 644
29408 1 2208
29430 10 1287
29433 3 1359
29440 1 322
29493 2 3306
29506 1 409
29568 1 819
29626 1 1653
29632 1 2000
29650 10 2908
29700 3 645
29812 1 962
29834 2 591
29851 1 1758
29887 1 3070
29891 1 4871
29903 4 1998
29979 2 1172
30072 1 1276
30143 1 1666
30144 1 1037
30145 1 1077
30186 1 1205
30189 4 1236
30192 1 1145
30249 1 750
30272 1 2352
30300 1 6017
30309 2 33
30310 1 2537
30324 1 729
30351 3 4754
30352 2 5973
30357 1 406
30375 1 947
30382 1 1172
30393 1 442
30459 1 1537
30534 3 695
30554 2 3073
30562 1 371
30606 4 2666
30639 2 8117
30655 2 535
30656 2 192
30661 1 2882
30684 2 868
30764 4 533
30810 2 1740
30812 2 517
30828 1 939
30848 2 1294
30872 1 2105
30884 1 576
31049 1 666
31061 1 1776
31108 1 701
31145 1 605
31155 1 2064
31229 1 4414
31243 1 757
31254 1 579
31261 1 1069
31267 1 7536
31321 2 710
31416 1 1544
31446 1 1347
31447 1 1008
31455 1 1709
31540 1 1089
31603 1 986
31604 1 966
31607 1 1667
31617 2 1388
31694 1 3337
31723 2 9877
31744 1 7219
31787 1 764
31852 2 1764
31936 1 3664
31958 1 1084
31993 1 1186
31996 1 623
31997 1 586
31998 1 698
32046 1 2058
32047 1 2055
32124 2 1277
32170 2 1811
32219 1 908
32243 1 248
32273 2 842
32286 3 3201
32321 2 968
32344 1 1543
32408 1 2851
32415 1 804
32426 1 3386
32432 2 1300
32609 1 443
32610 2 1082
32632 3 1721
32684 1 802
32709 2 977
32972 2 11367
33004 1 1703
33039 2 403
33124 2 2148
33138 1 1739
33148 1 713
33181 2 1712
33182 2 1778
33207 2 783
33273 1 804
33333 2 6676
33347 3 200
33370 1 898
33435 1 698
33501 1 1328
33517 3 1259
33544 1 2303
33578 1 281
33580 10 1700
33598 1 971
33671 2 1779
33672 2 1607
33675 2 2486
33692 4 738
33703 2 18894
33711 2 830
33726 2 1999
33814 1 693
33831 5 6374
33856 1 533
33859 9 7228
33862 1 998
33873 1 630
33874 1 987
33917 1 1937
33963 1 1093
34052 1 11789
34062 2 2698
34064 1 1611
34084 1 1320
34097 1 1166
34125 1 1328
34146 1 1989
34151 3 1688
34196 4 1544
34199 1 839
34222 1 3470
34282 1 991
34304 1 1756
34335 1 1518
34347 3 1729
34376 2 412
34379 1 1659
34392 1 3063
34420 2 430
34421 2 894
34425 3 820
34465 2 5422
34490 1 1136
34503 1 1238
34504 1 617
34520 1 2339
34528 2 3693
34574 1 2252
34638 1 574
34716 2 900
34744 2 1120
34770 1 709
34793 1 953
34808 1 1397
34840 1 591
34901 9 18201
34929 1 712
34947 3 557
34953 1 813
35039 2 2773
35242 1 373
35346 1 1294
35365 2 687
35371 1 1620
35399 1 6478
35430 2 2096
35432 2 1823
35433 2 1624
35453 1 262
35483 2 1826
35487 2 1788
35504 1 1747
35530 1 533
35562 1 738
35590 2 441
35720 3 4608
35734 1 796
35760 1 5014
35764 5 1421
35768 2 1871
35771 4 5813
35942 3 999
35976 1 616
36043 1 1885
36136 1 2452
36137 4 2930
36239 1 2990
36311 1 2920
36343 1 1778
36481 7 741
36494 1 1299
36503 1 651
36532 1 1001
36590 1 5680
36677 2 2268
36682 1 2478
36732 1 18263
36787 1 1432
36796 1 1826
36832 1 4358
36873 3 4539
36910 2 499
36916 2 2783
36950 1 716
36962 3 5960
36973 1 189
36987 2 1333
37023 1 2246
37047 1 661
37053 3 2470
37054 1 1105
37057 1 5130
37102 1 1529
37139 1 1195
37165 1 1811
37168 1 3059
37189 1 1036
37235 1 1413
37324 1 5244
37332 1 1763
37357 9 917
37387 1 850
37400 1 1054
37419 14 13883
37423 1 13622
37456 1 2083
37458 5 1744
37501 1 4449
37547 1 1110
37557 1 985
37592 1 1922
37596 1 1780
37628 2 1169
37655 1 1979
37723 2 2373
37724 2 2484
37725 2 2498
37732 2 1492
37733 5 1162
37928 1 3618
37932 2 17484
37934 2 1480
37945 2 311
37961 2 2110
37995 3 499
38062 8 2930
38130 1 2260
38137 3 1766
38140 1 1404
38159 1 1705
38166 2 1380
38194 1 2925
38195 1 2948
38199 4 2577
38209 1 807
38225 5 482
38226 1 709
38228 1 392
38339 1 1676
38356 11 1322
38399 5 1953
38413 2 6145
38414 1 1768
38421 1 792
38475 2 589
38508 2 2464
38510 3 1907
38512 1 1647
38526 1 1143
38638 2 617
38640 1 1038
38646 1 617
38658 4 671
38676 1 584
38729 1 807
38758 1 1048
38944 1 3052
38958 1 1370
39015 2 2466
39034 1 604
39042 1 3251
39045 30 1871
39056 1 564
39076 2 869
39080 1 887
39084 1 4248
39116 1 1277
39132 1 3874
39133 1 232
39164 2 2936
39167 3 1736
39180 1 1551
39181 2 3063
39182 1 3168
39183 2 4477
39186 1 2248
39205 1 770
39238 2 1675
39240 2 1187
39244 2 1045
39264 4 7187
39270 1 2484
39271 1 2225
39278 3 5705
39279 5 5440
39282 1 675
39306 1 1355
39329 2 32477
39445 2 548
39448 1 3136
39449 1 3105
39457 1 1408
39491 9 650
39518 2 1145
39534 1 710
39535 2 432
39541 1 883
39559 1 522
39912 1 471
39940 4 1790
39978 2 30166
39987 1 1329
39993 1 6188
40009 2 504
40043 1 1164
40048 2 1831
40049 2 1679
40074 1 278
40112 2 2159
40113 2 2948
40301 2 1617
40304 1 397
40319 1 3414
40397 1 1801
40414 19 3454
40444 1 1611
40445 1 1917
40481 2 1509
40534 1 4269
40538 7 14088
40561 1 1537
40572 1 357
40580 1 1410
40603 2 752
40685 2 2772
40817 1 2302
40898 1 2825
40899 2 5270
40971 1 1457
40979 1 841
40985 2 2120
41021 4 1682
41043 1 665
41048 1 1925
41057 6 3871
41060 3 2541
41061 1 890
41071 1 228
41080 2 1531
41089 1 2270
41111 1 2649
41145 6 1347
41161 1 2501
41164 2 1123
41165 1 1234
41235 1 2506
41263 2 2085
41329 1 1596
41427 1 4567
41765 2 2363
41766 2 1995
41768 2 1829
41770 2 1891
41774 1 1107
41779 1 683
41802 1 2461
41803 2 2074
41846 1 987
41886 1 1090
41912 1 772
41929 1 190
42119 2 4002
42150 3 2706
42161 1 9423
42173 1 1570
42188 2 1510
42355 1 5228
42359 1 2478
42390 1 1124
42422 5 5724
42424 1 6309
42425 2 5948
42460 2 1971
42466 1 597
42511 1 1464
42577 1 1608
42579 1 857
42769 1 8334
42846 2 1285
42855 1 3481
42890 1 315
42891 1 920
42895 4 643
42995 2 1142
43025 2 3087
43026 1 1259
43044 4 1869
43055 1 1798
43094 1 761
43165 7 1609
43395 4 525
43418 2 1353
43419 2 446
43437 3 1930
43440 5 1860
43444 1 2757
43477 1 22611
43524 1 932
43529 2 2195
43530 2 1721
43532 2 1790
43575 2 1608
43576 2 5522
43591 1 1736
43637 1 1684
43721 1 1135
43730 3 1965
43741 2 1954
43798 1 5617
43833 3 1028
43837 1 3115
43862 1 1314
43915 1 3241
43935 1 3104
43942 1 2137
43966 1 999
43967 1 1030
43999 1 5400
44011 2 1934
44015 1 862
44057 1 3001
44105 1 2359
44106 2 3394
44108 1 887
44125 1 6435
44143 5 3570
44144 4 1388
44213 6 886
44217 1 3228
44218 3 6003
44264 2 502
44284 1 1674
44298 4 581
44303 2 2027
44304 2 1936
44305 2 1936
44354 1 929
44377 4 1880
44395 1 1358
44401 1 323
44407 1 1204
44419 2 1293
44477 1 754
44478 1 1098
44502 1 1064
44571 1 428
44590 1 3346
44698 1 2666
44707 6 6048
44771 1 578
44779 2 1194
44780 2 3261
44784 5 267
44790 1 1262
44793 1 463
44794 1 528
44813 1 1238
44819 2 403
44918 1 2627
44923 2 1258
44928 1 1161
44932 4 2141
44945 1 410
44954 1 8549
44955 1 7733
44956 1 7041
44957 1 10010
44976 1 555
45084 1 6555
45098 1 1554
45157 1 943
45166 1 2013
45174 1 892
45212 1 555
45213 5 1282
45222 1 453
45285 1 1078
45380 1 4227
45395 3 648
45460 1 1051
45479 1 1029
45505 2 701
45611 2 1534
45657 1 123
45681 1 2190
45722 2 419
45806 2 361
45825 1 466
45849 2 756
45859 1 21421
45904 1 932
45906 1 1209
45910 2 1479
45945 2 1539
45974 1 1051
46039 1 864
46040 2 1011
46087 1 1968
46092 1 692
46107 1 1152
46109 1 1702
46114 1 499
46142 1 620
46154 1 1899
46236 1 637
46280 1 561
46319 2 2904
46320 2 1655
46322 1 1537
46378 1 6175
46388 2 81863
46409 3 1262
46416 1 957
46432 1 3117
46499 1 2017
46509 1 2154
46512 1 4395
46516 1 1910
46541 1 1240
46551 3 8597
46552 2 9921
46555 2 980
46576 4 1473
46604 6 417
46637 1 1010
46639 1 4091
46646 1 1436
46658 2 1382
46683 2 3045
46731 1 1668
46742 2 1316
46745 1 692
46749 2 6951
46754 1 1931
46759 2 2714
46773 1 1114
46901 1 732
46920 1 1431
46966 1 824
46974 2 742
47115 1 1920
47125 1 781
47161 1 1358
47173 1 967
47204 1 1502
47245 2 6757
47247 1 561
47249 1 557
47250 1 765
47257 2 1521
47299 1 2019
47346 1 1159
47373 1 578
47382 1 6307
47383 1 1296
47407 2 314
47522 1 1342
47538 1 4411
47540 1 1013
47551 1 1447
47554 1 912
47562 2 1450
47717 1 1207
47718 1 1045
47719 1 1086
47720 2 1789
47721 4 351
47799 1 2474
47803 2 1029
47842 2 574
47843 1 1288
47897 1 1442
47977 1 1512
48002 1 2505
48050 1 137
48078 3 11919
48095 1 490
48122 1 996
48159 1 849
48178 1 312
48197 1 8238
48235 1 585
48252 1 746
48269 1 11120
48322 1 338
48473 1 364
48547 4 4836
48551 1 6659
48558 1 622
48639 1 2034
48658 1 425
48720 1 579
48766 1 1006
48814 1 3174
48849 1 578
48888 7 1840
48898 1 2208
48904 2 1475
48906 1 1435
48913 1 947
48922 3 2935
48925 2 4731
48954 2 4360
48960 1 2073
48966 1 971
48970 1 2668
48982 1 2668
49002 2 1155
49027 1 589
49028 1 1058
49029 1 3596
49102 1 662
49109 1 431
49113 1 1472
49140 1 1377
49228 1 2111
49271 1 1100
49282 1 4687
49330 1 1076
49332 1 1151
49340 3 2095
49349 2 2177
49354 1 2334
49435 1 1167
49549 1 1332
49563 1 427
49662 1 2884
49687 1 604
49734 1 2337
49752 1 1670
49755 2 852
49777 1 853
49780 1 860
49788 1 1140
49863 1 1748
49867 1 1046
49921 1 1842
49925 1 1955
49963 1 364
49994 1 1551
50009 1 1186
50010 1 1235
50027 3 1114
50028 1 1566
50051 1 580
50125 1 1136
50128 2 1038
50129 2 1730
50143 25 8454
50144 3 5084
50176 2 142
50186 5 5705
50204 1 2083
50205 1 7146
50214 1 1560
50218 1 1089
50224 1 612
50234 10 625
50247 1 1590
50263 1 1162
50285 5 4950
50290 2 570
50293 1 2189
50330 1 933
50343 1 3220
50371 1 1728
50391 3 703
50401 1 1688
50458 3 1281
50479 1 482
50482 2 1225
50491 1 915
50542 1 2306
50558 2 1035
50596 1 1314
50612 2 782
50638 1 2138
50639 1 2175
50640 1 2066
50641 1 2091
50642 1 2005
50643 1 1973
50722 2 3030
50723 1 3146
50726 2 2071
50763 1 878
50768 4 708
50813 1 1092
50846 1 506
50849 1 1019
50857 4 6468
50865 1 1252
50966 3 8029
50989 1 3307
50992 1 1320
51006 1 2540
51009 7 524
51107 1 457
51206 1 3478
51231 1 1305
51342 1 1149
51345 1 2417
51356 2 903
51370 1 773
51371 1 1268
51372 1 789
51373 1 874
51426 2 3586
51442 1 891
51448 1 734
51459 1 1193
51469 1 1403
51472 2 826
51543 4 1267
51647 1 962
51657 2 1524
51664 5 1826
51746 1 709
51747 2 905
51796 1 1282
51839 3 9735
51891 2 6407
51892 2 4521
51899 5 12169
51915 1 627
51979 1 6703
51987 1 4909
51988 1 6522
52047 1 1194
52071 1 2204
52086 1 452
52092 1 1269
52112 1 942
52157 1 1660
52162 1 1594
52184 6 4601
52247 1 359
52248 1 702
52249 1 716
52250 1 701
52251 1 694
52257 1 1138
52278 4 832
52303 1 1966
52343 1 950
52345 1 3783
52357 2 308
52384 1 3160
52404 2 1285
52409 1 1665
52443 7 995
52450 1 1698
52466 2 3696
52475 1 1358
52565 1 885
52696 1 1151
52715 2 528
52925 2 1018
52935 5 2001
52938 1 1963
52973 2 1307
52985 1 882
52988 5 24350
53015 2 1833
53018 2 2688
53020 2 2596
53021 2 1808
53053 2 2577
53054 2 2664
53081 1 1072
53082 1 663
53134 1 656
53158 1 9225
53159 2 2323
53167 1 1157
53236 2 3296
53241 1 4057
53243 3 3386
53248 1 5457
53349 1 708
53363 1 1193
53402 1 3120
53430 2 48057
53441 1 3363
53442 1 8599
53519 1 1735
53527 6 322
53538 1 2024
53600 2 1756
53601 1 2754
53602 1 1819
53603 2 2774
53610 3 528
53653 1 2179
53679 1 1230
53682 2 1860
53708 1 2017
53845 1 2571
53867 3 1992
53868 1 1390
53932 1 2291
53970 2 195
54130 1 394
54151 1 623
54165 2 402
54175 2 2289
54180 5 421
54182 2 473
54287 8 1717
54309 2 429
54325 1 1225
54350 1 8318
54375 1 5885
54441 1 4709
54446 1 308
54485 1 4555
54496 1 1147
54502 1 2792
54572 4 1067
54591 1 1160
54592 1 1227
54614 1 3684
54629 1 894
54692 1 1956
54892 1 691
54965 2 586
55070 1 2984
55116 1 1669
55141 1 428
55142 1 406
55169 2 556
55496 2 5278
55498 1 5155
55502 3 1475
55620 1 862
55626 1 765
55655 2 432
55676 4 2434
55755 2 562
56029 1 4442
56183 2 1942
56185 2 626
56188 1 1498
56194 1 1968
56196 1 1404
56223 4 5116
56243 5 1170
56430 1 374
56432 3 1372
56441 1 678
56477 2 4251
56496 2 1274
56511 1 870
56574 2 902
56635 1 1373
56647 2 418
56658 4 1079
56701 1 2806
56796 1 443
56808 1 1411
56851 2 778
56866 1 1626
56884 1 1443
56927 1 1129
57040 1 3492
57160 1 2069
57161 1 2080
57162 1 2315
57226 1 11510
57228 2 1834
57258 2 2560
57267 1 578
57271 1 1039
57294 2 528
57321 1 1511
57367 1 2359
57383 3 3091
57395 1 481
57410 1 2492
57415 2 2127
57441 3 2098
57449 4 3288
57450 2 3346
57451 1 3058
57461 1 1199
57518 1 3333
57674 3 499
57724 1 861
57728 1 3152
57817 3 4120
57838 1 1853
57845 1 1225
57880 2 956
57881 5 2310
57890 1 2563
57923 3 2383
57995 1 2088
58330 1 1851
58385 1 342
58408 1 4007
58419 2 386
58426 2 1265
58503 1 2202
58553 1 1944
58747 3 1652
58829 1 721
58843 1 2916
58886 3 1211
58899 2 1039
58925 1 1726
58936 1 1464
59045 1 1137
59189 6 10518
59208 2 663
59209 2 2825
59246 1 1035
59250 1 752
59304 2 1871
59308 2 1531
59309 2 1651
59347 2 9699
59348 1 10477
59349 3 8147
59387 1 1937
59403 1 989
59404 1 1587
59418 1 9567
59427 4 1336
59441 2 1940
59451 8 839
59454 1 2821
59463 1 2182
59466 2 4209
59483 1 1269
59486 1 1273
59515 2 2280
59526 1 1089
59561 2 4211
59568 4 1774
59569 3 1463
59575 1 864
59579 1 1012
59588 2 1547
59618 1 1895
59619 1 3498
59626 2 2003
59627 4 4734
59630 4 5288
59635 1 4384
59638 1 3389
59640 2 5056
59672 1 3130
59686 1 1195
59689 1 2525
59712 1 4670
59774 1 1649
59777 1 6060
59784 1 736
59838 1 432
59848 4 1216
59868 1 1987
59869 1 1159
59870 1 1260
59874 5 4939
59934 2 1528
60059 2 721
60064 2 3872
60074 1 1151
60085 2 1113
60094 2 1104
60099 1 828
60124 1 3277
60157 7 3863
60167 1 544
60178 1 1325
60199 2 3044
60225 2 2094
60226 1 2054
60227 1 2086
60228 2 2197
60237 1 383
60240 1 1594
60253 1 889
60257 1 762
60276 3 3089
60300 2 1826
60302 1 1119
60375 2 1930
60392 1 1512
60394 1 1136
60432 1 712
60463 1 583
60468 1 410
60496 1 1170
60511 7 1267
60524 3 765
60529 2 1952
60588 1 3135
60595 1 3346
60607 1 1057
60612 1 724
60613 1 566
60614 1 732
60615 1 733
60663 3 607
60675 1 1688
60676 2 763
60701 2 1999
60702 2 1966
60703 5 1672
60722 1 480
60738 1 3062
60740 2 3274
60788 1 1075
60804 1 1666
60815 1 2171
60825 1 2017
60829 2 3490
60892 2 540
60933 1 554
60991 1 2309
61020 2 13801
61043 2 4069
61044 1 702
61046 2 660
61054 1 1507
61117 1 2465
61121 6 1876
61131 1 2971
61152 1 782
61155 1 688
61176 1 884
61177 1 2363
61178 1 2893
61179 1 2633
61186 3 14302
61188 2 29700
61206 1 1042
61234 1 1412
61323 2 374
61331 2 2243
61339 2 1085
61374 1 299
61391 9 5684
61430 1 495
61467 1 1809
61471 1 2207
61511 1 2320
61668 1 11710
61689 1 941
61691 2 1496
61764 1 507
61774 1 375
61799 1 1049
61800 1 1282
61801 3 1303
61802 1 1596
61805 1 1227
61836 3 807
61846 1 347
61861 3 2244
61862 1 5528
61905 1 1182
62091 1 925
62092 1 1030
62109 1 4903
62119 1 4116
62158 1 1281
62160 1 2269
62243 1 3964
62299 1 7136
62318 1 2185
62322 1 918
62323 1 619
62431 1 561
62432 4 5539
62497 2 986
62520 1 1457
62636 1 578
62642 6 7441
62789 1 3394
62820 2 1547
62824 1 4199
62840 2 1377
62846 1 1520
62866 4 1794
62914 2 2398
62931 1 2235
63071 1 823
63078 2 1839
63080 2 666
63083 1 1965
63092 1 798
63096 1 1260
63128 1 1024
63131 1 437
63134 1 411
63146 1 1124
63155 2 1358
63161 1 1664
63270 1 3034
63309 2 4077
63339 1 1381
63343 2 1651
63344 1 218
63461 2 659
63554 2 2850
63564 1 3674
63585 1 1637
63586 1 1019
63587 1 988
63712 1 835
63777 1 2978
63778 1 2846
63810 1 1000
63829 2 956
63834 1 3002
63835 1 4072
63836 1 3200
63837 1 6313
63860 2 791
63875 1 595
63896 1 1174
63906 1 4261
63985 1 978
64009 2 3743
64011 1 1334
64012 1 1614
64016 1 1043
64031 1 751
64045 2 1220
64089 3 809
64099 1 1630
64282 1 988
64297 1 752
64354 2 388
64436 1 338
64453 1 10145
64510 1 1839
64519 1 377
64595 1 534
64597 1 751
64638 1 1553
64658 3 3929
64681 1 3466
64818 1 49
64928 1 578
64933 1 322
65020 1 571
65023 1 914
65034 1 3956
65062 3 1719
65104 3 8712
65105 1 718
65129 26 15643
65257 2 1601
65428 1 252
65447 1 1309
65619 1 1364
65656 1 3685
65660 1 1148
65661 1 883
65671 45 1356
65672 4 1726
65692 11 340
65713 1 1940
65778 1 3404
65790 1 5117
65794 1 999
65843 1 536
65870 1 732
65883 3 3190
65890 1 773
65934 2 430
65999 4 7992
66102 1 833
66108 1 1286
66151 2 1614
66154 1 1614
66241 1 1533
66248 1 457
66279 2 657
66302 1 372
66436 3 1259
66437 3 1259
66461 1 691
66478 1 1388
66488 1 204
66542 1 1829
66553 1 734
66564 2 2309
66570 2 2510
66618 1 599
66640 1 1008
66647 1 446
66686 1 1271
66689 1 615
66698 2 2058
66768 1 1929
66797 1 1766
66819 1 6321
66820 1 524
66878 1 750
66933 2 626
66952 1 508
66958 2 1720
66959 1 269
66961 1 345
66966 2 1624
66968 1 867
66969 8 1025
66982 2 327
66986 1 1160
66987 1 2394
66994 1 2517
67072 1 1326
67074 3 9837
67093 2 720
67104 1 1228
67117 1 495
67118 1 911
67119 1 889
67168 1 2878
67196 2 2129
67227 2 1190
67305 2 1420
67347 1 1319
67354 1 709
67355 3 6043
67356 3 2111
67388 1 201
67450 1 1510
67451 2 2767
67452 1 3036
67454 1 5854
67496 2 1960
67502 2 2163
67513 2 1744
67520 2 1075
67526 1 813
67537 1 1492
67549 1 850
67565 2 1675
67576 3 1529
67588 1 2174
67614 1 1941
67620 1 665
67640 1 808
67661 1 952
67663 2 755
67671 3 6735
67712 1 2699
67728 1 2471
67761 2 1455
67762 2 1401
67799 1 657
67884 1 954
67891 1 810
67897 1 1662
67899 1 4652
67933 1 3340
67934 1 1831
68005 1 1868
68049 2 2229
68060 1 1384
68064 11 712
68070 4 656
68101 1 374
68112 2 733
68124 2 2400
68130 1 645
68159 3 6709
68161 1 1742
68199 13 1903
68216 1 214
68223 1 702
68228 24 6756
68236 1 1663
68246 1 1002
68255 1 408
68257 1 391
68263 14 5972
68297 4 1033
68305 1 3491
68306 26 694
68311 1 1492
68322 2 1708
68330 1 8380
68348 13 2811
68356 12 636
68381 1 476
68446 3 3669
68661 7 2157
68678 1 910
68684 2 991
68686 1 900
68751 1 1427
68765 1 6394
68778 2 432
68819 1 338
68820 3 1468
68824 1 1068
68845 1 750
68890 1 455
69000 1 309
69065 1 536
69099 1 2057
69266 1 2497
69331 2 1693
69351 1 578
69362 1 1181
69378 1 396
69425 5 1792
69445 1 2697
69460 1 2124
69531 1 797
69538 1 1049
69699 1 810
69706 1 778
69710 1 5755
69829 1 993
69851 3 2303
69948 1 901
69975 2 923
69998 2 964
70017 1 624
70042 7 570
70207 2 10208
70222 1 950
70223 10 2061
70334 1 932
70340 2 1983
70341 1 2434
70374 1 826
70379 2 1981
70434 1 1090
70574 1 2062
70588 2 1129
70600 3 556
70604 3 818
70841 2 8361
70851 1 914
70864 1 939
70915 1 641
71007 5 1032
71043 1 4249
71048 1 373
71077 1 2876
71078 3 9605
71109 1 1426
71143 1 1298
71154 1 163
71162 1 1237
71172 2 1858
71178 1 1731
71200 25 2058
71221 1 3179
71226 1 1282
71244 1 353
71245 1 982
71249 1 1532
71306 1 1543
71307 1 869
71315 2 6723
71330 1 1097
71338 1 2157
71352 1 1829
71405 1 1668
71406 1 2956
71419 2 2738
71521 1 1133
71522 1 1158
71543 1 2407
71550 1 1323
71573 1 847
71591 1 988
71672 1 952
71877 4 7422
71896 1 3955
71899 2 523
71908 8 1014
71910 3 57
71911 5 5060
71919 4 2543
71943 2 3979
71988 1 2427
72002 4 1963
72011 1 1094
72032 1 809
72034 2 2210
72036 5 1966
72046 3 2501
72050 1 1296
72064 2 913
72065 12 9229
72066 2 7004
72067 1 9227
72068 2 8137
72069 1 940
72096 1 1559
72159 1 906
72167 1 644
72246 1 1076
72267 1 1016
72294 1 1227
72326 1 997
72344 1 815
72441 5 3167
72498 1 11873
72510 2 1494
72592 1 955
72610 1 715
72614 1 622
72617 1 5161
72618 2 5500
72671 2 1591
72677 1 1203
72679 15 1267
72714 1 1957
72730 1 1020
72741 1 6306
72774 1 1680
72797 6 2288
72799 1 1643
72800 1 1808
72801 1 972
72802 1 1368
72850 1 1161
72863 1 907
72873 1 3122
72879 2 7089
72884 1 2069
72889 1 1741
72906 1 2265
72907 3 826
72919 4 5881
72920 4 5462
72999 1 3301
73008 3 5555
73019 1 1972
73211 4 1314
73212 1 2390
73352 1 1355
73364 1 568
73373 1 5222
73382 1 473
73419 2 1498
73429 12 983
73446 1 989
73450 2 455
73570 1 1016
73730 1 2237
73740 1 793
73749 1 1593
73871 1 117
73942 1 1013
73975 1 850
74009 2 1857
74011 2 1947
74014 2 2062
74053 2 2613
74093 1 704
74119 13 11686
74151 1 1393
74169 1 643
74215 1 813
74261 1 1079
74275 2 1747
74279 1 827
74368 2 3668
74400 2 315
74430 3 1251
74466 1 863
74613 1 1209
74643 1 767
74650 1 878
74679 1 1229
74770 1 594
74775 1 2772
74776 1 3788
74822 1 5130
74829 1 1083
74830 2 812
74866 20 1680
74877 1 3262
74910 1 1633
75046 1 2104
75047 1 1177
75109 1 1277
75151 3 1586
75158 1 685
75315 1 251
75322 1 826
75323 1 468
75398 1 2037
75486 1 815
75492 1 931
75523 1 268
75529 1 8980
75574 2 1756
75601 1 645
75934 1 1639
75938 1 2373
76028 5 534
76044 1 565
76077 1 1366
76108 2 468
76131 1 223
76165 2 1767
76267 1 1564
76304 1 5487
76313 1 1131
76344 1 2359
76354 2 3077
76357 2 2792
76435 1 2179
76491 1 1557
76495 5 3655
76503 1 1066
76508 1 2897
76519 2 3579
76568 2 439
76571 1 2525
76577 1 2515
76585 1 1877
76593 1 1119
76625 1 2143
76634 1 557
76687 1 738
76755 2 5294
76756 1 4633
76758 1 1024
76780 1 5196
76833 1 1925
76876 3 999
76917 2 2139
76918 2 1833
76919 2 1352
76928 12 704
76944 1 850
76971 3 1429
76974 1 503
76990 4 1902
76997 1 1154
77053 1 995
77058 1 1110
77059 1 1688
77081 1 1905
77127 5 1709
77137 2 1799
77158 1 1076
77456 1 13066
77474 1 4717
77486 1 1139
77508 2 127
77670 1 867
77778 1 51
77818 3 6471
77819 1 3260
77857 2 708
77879 1 2977
77891 1 1621
77908 1 2693
77957 3 1907
77961 5 8551
78087 6 620
78101 1 646
78115 1 1322
78117 4 1978
