mayb mayb 7312 65215343 
21 1 1980
25 1 1096
40 1 1368
41 1 1471
113 1 2441
120 1 4128
131 2 14882
132 4 13051
133 1 3237
147 1 3893
203 1 5213
227 1 2869
233 1 1974
234 2 815
238 2 1183
248 2 5568
351 1 908
359 1 1896
375 3 10166
397 1 1583
420 3 1422
432 4 1624
435 1 1005
445 1 78
471 1 3108
497 1 469
514 2 1954
529 6 6629
557 3 3639
559 1 4273
562 1 3293
564 2 1452
573 3 2963
599 1 1086
625 1 5869
628 1 1006
646 1 836
647 1 974
668 1 2059
676 1 640
694 1 1606
725 5 7096
729 2 2727
752 1 370
794 1 836
800 1 987
814 1 752
845 1 1480
856 1 1130
860 1 3051
867 1 750
876 6 4565
886 1 5811
890 1 1543
894 1 1314
924 2 1181
933 3 470
961 1 1879
964 3 3624
966 1 6046
967 1 4480
993 1 10702
1020 2 637
1021 2 980
1050 1 992
1052 1 3416
1099 1 2460
1101 2 383
1104 3 4937
1118 2 2305
1139 1 428
1148 3 890
1149 1 1495
1176 1 992
1185 5 15836
1213 1 3659
1231 1 4288
1234 1 1033
1236 1 1198
1269 1 5091
1272 1 2455
1305 1 653
1313 1 1940
1321 2 3750
1352 1 695
1367 3 4065
1397 1 953
1419 1 1908
1425 1 1524
1431 1 3318
1448 1 1058
1450 4 1560
1465 2 830
1468 1 1121
1484 3 6578
1486 1 680
1510 1 1264
1565 1 2063
1566 2 3548
1570 1 1617
1609 1 1543
1614 1 1216
1619 1 1446
1634 3 30082
1646 3 1170
1648 1 2206
1675 1 1220
1717 1 1231
1743 1 841
1782 1 1433
1784 1 1533
1802 2 10218
1806 1 911
1807 1 974
1816 1 5747
1861 1 5589
1910 1 449
1948 1 5448
1962 1 482
1973 1 16948
1983 2 5638
2021 2 2089
2080 1 8786
2096 6 1974
2099 1 579
2154 1 710
2169 1 1619
2173 2 1013
2177 1 2668
2192 1 5833
2206 1 895
2236 3 1793
2243 2 2003
2274 1 1188
2331 1 225
2339 2 1043
2353 1 1386
2362 1 3506
2363 1 3977
2375 3 3907
2414 1 1645
2418 3 528
2420 1 2316
2441 1 7506
2458 2 547
2501 2 1452
2526 1 779
2536 1 2222
2561 1 1412
2564 1 309
2577 1 871
2580 2 1032
2622 4 2635
2651 1 1903
2695 1 2852
2727 1 4008
2744 1 601
2774 1 565
2798 1 1289
2809 4 8131
2838 1 636
2843 1 5588
2845 3 2533
2991 1 2631
3003 1 3697
3027 1 3713
3029 1 1873
3030 1 997
3033 2 1192
3058 1 838
3078 1 401
3086 1 4139
3087 1 782
3091 1 645
3100 1 2432
3125 8 695
3128 1 1311
3133 7 4214
3134 1 1532
3145 1 432
3149 1 1273
3156 1 1113
3157 1 1399
3186 1 1440
3202 5 6501
3204 1 1395
3219 1 839
3249 5 10966
3270 1 325
3281 1 3667
3298 1 1620
3299 1 1600
3313 1 2034
3319 1 1682
3378 2 4137
3379 4 4900
3383 3 10722
3415 5 4495
3473 1 1294
3514 2 5186
3525 1 1046
3534 1 289
3550 1 396
3555 1 1239
3575 1 588
3579 2 4684
3582 1 766
3590 1 1326
3591 1 1321
3592 1 916
3593 3 1011
3594 2 1229
3599 4 11096
3612 3 1293
3668 3 8976
3671 1 4789
3672 1 2946
3716 2 1221
3717 1 251
3718 1 950
3719 1 2258
3727 14 17097
3747 1 1430
3768 1 960
3776 1 1777
3791 1 6472
3820 1 2163
3831 1 3725
3832 10 7941
3860 1 1204
3863 2 4935
3887 2 2632
3921 1 3235
3922 1 4998
3953 1 3340
3977 2 192
4000 2 6980
4010 1 1169
4030 3 1809
4044 1 1940
4045 1 1533
4050 4 4772
4051 1 2046
4067 2 3490
4076 1 4324
4086 1 1508
4104 1 1081
4107 3 873
4110 1 2246
4146 1 1296
4147 1 971
4171 1 2956
4184 1 4232
4187 2 7906
4199 1 820
4204 1 3711
4211 1 6879
4216 2 1283
4224 2 921
4226 1 770
4230 1 615
4248 1 1366
4255 1 620
4258 1 2240
4283 1 73
4298 4 7423
4306 1 1994
4308 2 2754
4313 1 748
4332 1 1645
4337 1 823
4348 2 3712
4368 3 4832
4369 1 4444
4370 2 3314
4371 1 3866
4372 1 3440
4374 1 5584
4417 3 4384
4450 2 6385
4461 3 4244
4468 3 3425
4490 1 1394
4492 1 2351
4495 1 2849
4498 1 288
4522 1 2966
4524 1 2046
4527 1 3429
4584 1 633
4615 1 3920
4625 1 1120
4626 1 2742
4641 2 1322
4642 1 1398
4645 2 2574
4665 9 893
4714 1 1598
4720 1 193
4734 2 3115
4753 2 5716
4779 1 503
4780 1 1197
4797 1 949
4817 1 606
4820 1 1191
4838 2 5657
4893 1 630
4905 1 7440
4906 1 8000
4907 1 8001
4908 1 8001
4917 1 4602
4948 3 3561
4953 1 999
4954 1 2921
4963 1 900
5066 1 521
5068 1 196
5075 2 1239
5076 2 1220
5133 1 793
5144 2 3069
5151 1 945
5181 1 694
5189 1 3419
5190 2 1414
5217 3 566
5247 1 6498
5254 2 916
5259 2 6380
5272 1 1109
5311 1 733
5317 1 463
5320 1 736
5330 1 1270
5395 2 2444
5396 1 6921
5414 4 667
5418 1 1906
5424 1 697
5437 1 2435
5454 3 6641
5469 2 770
5499 11 44062
5578 1 13045
5587 1 2202
5606 2 1288
5615 1 1194
5812 2 1672
5865 1 1706
5893 1 3259
5938 3 5865
5946 2 996
5949 1 1365
5956 1 412
5960 1 1674
5995 2 1761
6029 3 1479
6031 1 518
6038 1 808
6042 1 1836
6048 1 4019
6057 1 1652
6073 1 1575
6074 1 1037
6075 1 1285
6084 1 3088
6085 1 1538
6087 1 1469
6088 1 1753
6148 1 2770
6151 2 6692
6165 3 4900
6180 1 5070
6288 1 1336
6304 2 3270
6322 1 1074
6339 1 2231
6351 2 1596
6361 1 4951
6362 2 2640
6363 1 4787
6459 2 912
6526 1 1191
6540 1 2261
6549 1 756
6551 1 903
6557 1 1488
6578 1 2792
6589 1 1306
6599 1 533
6762 1 155
6846 1 766
6868 1 483
6877 1 185
6902 1 90
6945 1 3654
6982 2 670
6985 1 1013
7002 7 6389
7010 1 887
7045 1 2855
7051 1 1111
7052 1 1095
7053 1 1076
7054 1 1061
7055 2 2879
7056 1 1035
7067 1 1340
7089 1 1383
7121 1 3511
7122 2 1098
7147 1 592
7155 2 1071
7182 1 1128
7235 2 1281
7287 1 4774
7428 1 1550
7469 1 156
7491 8 7708
7505 3 4997
7552 1 598
7567 1 1218
7570 3 9650
7573 6 4835
7576 1 6690
7578 2 5752
7580 1 9484
7582 1 727
7607 1 804
7647 2 1890
7710 2 4326
7738 1 919
7742 1 1529
7755 1 2141
7771 1 1607
7775 1 3220
7906 4 1860
7929 1 1641
7935 1 796
7942 1 2590
7980 1 1193
8022 3 7719
8030 1 1085
8052 1 655
8086 1 895
8089 1 20930
8093 2 20088
8114 2 3627
8126 1 1194
8139 3 4927
8152 1 6009
8171 1 913
8204 2 4600
8288 1 1533
8297 8 12133
8310 2 4695
8312 1 3567
8382 3 19553
8383 1 1991
8408 2 5505
8410 1 1260
8420 1 999
8435 1 2734
8457 1 639
8460 1 2825
8461 1 2678
8488 1 1443
8500 3 4697
8517 1 1126
8546 1 2592
8571 1 2786
8611 1 869
8613 1 1556
8639 1 2193
8642 1 1636
8650 1 9126
8668 2 1779
8688 1 963
8702 1 2609
8721 1 956
8729 1 342
8737 1 1659
8830 3 897
8834 1 782
8867 4 2603
8913 2 12589
8963 1 1411
8991 1 362
8998 3 734
9018 1 2158
9122 1 648
9124 1 950
9132 2 3040
9143 2 1856
9147 1 1473
9175 1 1821
9179 1 546
9188 2 1630
9190 2 1362
9234 3 1133
9274 1 1686
9290 1 1716
9291 1 1056
9302 4 3665
9315 1 966
9336 1 1530
9337 1 1665
9339 2 2490
9346 1 1930
9353 1 669
9364 1 1435
9409 1 690
9437 1 82
9463 1 3203
9469 1 656
9486 2 3118
9487 1 1304
9491 1 6177
9548 1 3267
9553 1 1546
9581 4 2040
9637 1 1514
9653 3 1497
9660 1 3500
9663 1 2530
9699 1 209
9710 1 1429
9712 1 736
9713 1 1813
9731 2 2183
9741 1 1815
9745 2 1624
9758 1 745
9766 2 4331
9771 3 1844
9776 1 3757
9778 1 600
9798 1 2651
9800 1 3911
9804 1 5129
9805 1 5191
9806 1 6009
9889 1 1688
9891 1 2022
9998 1 2317
10009 2 1505
10033 1 8876
10067 2 2395
10072 1 681
10087 1 1266
10101 3 12486
10121 2 2683
10139 1 555
10144 2 3206
10219 1 3447
10231 10 9229
10246 1 1140
10247 1 1114
10249 3 1601
10272 1 1130
10314 2 4681
10317 1 4163
10320 1 1015
10324 1 1557
10336 2 1025
10346 1 1363
10359 2 970
10362 1 331
10363 1 907
10405 1 808
10409 1 1748
10442 2 1664
10456 2 2992
10471 1 365
10478 1 1312
10486 1 2750
10490 2 1137
10568 1 3196
10587 1 691
10591 2 7784
10595 1 491
10604 1 831
10622 1 1159
10624 1 1876
10660 1 2397
10684 1 1501
10685 2 2839
10686 1 1433
10687 1 1299
10738 1 955
10807 1 1169
10808 1 6608
10843 1 1551
10850 1 1482
10861 1 3297
10864 1 2401
10906 1 7912
10940 6 7910
10942 1 1886
10949 1 4327
10999 3 1962
11043 1 990
11062 1 1457
11083 1 377
11087 1 2013
11092 1 145
11124 1 1521
11125 1 1227
11151 2 351
11158 3 89
11180 1 303
11202 1 3466
11241 1 828
11248 4 11766
11249 2 5195
11274 1 1015
11275 1 452
11291 1 2301
11295 1 5148
11305 1 1551
11362 4 2542
11369 1 3826
11371 1 1485
11380 1 579
11384 1 268
11436 1 860
11438 2 1275
11472 3 4154
11606 3 1638
11615 1 1661
11633 1 2246
11637 1 719
11675 3 1703
11706 1 397
11721 1 3482
11754 1 1037
11759 1 2876
11853 1 375
11854 1 3272
11861 1 1107
11866 2 1990
11869 1 2608
11888 1 720
11949 1 3637
11967 1 4440
11985 2 2269
12105 1 1448
12107 2 924
12109 1 5974
12118 1 1794
12137 1 752
12156 1 13898
12164 3 3148
12171 1 5724
12172 2 1109
12188 1 909
12189 2 1191
12194 2 652
12195 2 903
12198 1 1432
12212 1 1344
12222 2 2012
12223 1 6167
12255 1 410
12278 2 2692
12283 2 935
12286 8 2100
12326 2 4527
12331 2 3864
12350 1 1687
12359 1 1241
12365 6 8585
12367 3 9446
12377 1 1151
12384 3 4014
12388 3 3483
12414 1 1226
12419 2 3083
12421 1 2680
12434 2 2955
12463 1 956
12466 3 1446
12493 1 762
12495 1 3368
12519 1 614
12526 1 21005
12576 1 169
12594 1 1691
12622 2 2177
12627 4 4932
12628 4 1841
12629 4 2039
12638 1 6177
12647 1 4896
12655 1 4430
12665 1 1942
12673 4 6656
12683 1 1594
12692 1 5477
12693 3 5024
12694 1 787
12712 1 2391
12722 1 662
12747 1 3912
12748 1 3182
12751 1 5083
12753 1 3395
12772 1 1750
12783 1 4316
12786 1 7289
12801 2 1360
12807 1 2985
12808 3 3060
12814 1 46677
12815 1 1045
12825 1 890
12838 1 2280
12889 3 1525
12898 4 783
12902 2 1885
12905 1 874
12926 1 389
12967 1 941
12982 2 1294
12996 1 2315
13003 4 4796
13058 2 11569
13062 1 2827
13066 2 1485
13084 2 1445
13105 2 2565
13117 1 1571
13122 4 8864
13148 2 1862
13149 1 2234
13158 1 2677
13186 1 227
13187 1 230
13188 2 2230
13197 1 1674
13200 1 399
13207 1 1202
13212 1 3298
13219 1 541
13224 1 3401
13229 1 3224
13243 1 1319
13244 1 1069
13268 1 2970
13309 3 2136
13330 1 640
13334 1 1410
13336 3 2457
13337 3 908
13339 4 2880
13343 10 5631
13381 1 4238
13397 1 492
13409 2 1130
13420 1 1976
13429 1 567
13455 1 1324
13456 1 686
13458 1 1508
13472 1 2549
13473 2 849
13479 5 5487
13482 1 1344
13486 2 7532
13495 1 794
13497 4 6632
13499 7 5895
13502 1 1003
13518 2 16194
13527 1 1200
13534 2 2009
13535 1 2364
13542 1 805
13565 2 2701
13574 1 1305
13598 1 1521
13618 19 28398
13622 1 424
13653 1 907
13657 1 1124
13659 3 3326
13698 1 2026
13713 2 1764
13716 1 437
13768 2 608
13799 1 1501
13813 1 412
13818 2 1042
13847 3 2900
13862 1 3335
13863 1 3445
13896 1 1368
13901 1 4255
13912 2 6746
13922 4 956
13936 2 3277
13961 1 931
13991 1 1803
14004 1 1323
14025 1 927
14029 2 1120
14068 2 2470
14070 1 609
14075 5 1673
14099 2 1426
14139 1 981
14194 4 2591
14199 2 853
14212 3 12149
14215 2 754
14242 2 727
14247 2 1300
14292 13 11958
14319 2 1202
14444 2 1070
14458 1 846
14474 1 3842
14512 2 2539
14520 5 7541
14539 1 585
14555 2 2701
14556 1 614
14561 1 3007
14596 1 2342
14715 1 1357
14721 1 4901
14737 1 604
14747 1 1544
14769 1 2384
14772 2 1113
14773 1 4394
14782 1 1191
14795 1 2968
14808 1 1232
14827 3 2870
14830 2 8170
14831 2 8171
14832 2 8172
14833 1 7321
14874 4 420
14878 1 3248
14881 3 2726
14919 1 35
14993 2 1219
14994 2 1165
15039 1 1513
15050 1 1758
15071 1 2697
15075 5 3631
15092 2 2742
15099 4 5771
15103 2 1258
15109 1 1344
15120 3 1822
15127 1 1201
15129 1 1527
15130 1 537
15137 2 2521
15138 1 1573
15186 1 547
15196 3 8919
15203 7 5461
15204 1 3771
15210 8 1215
15228 1 540
15277 1 1372
15301 1 5730
15491 1 758
15560 1 1729
15583 1 1612
15592 1 849
15612 1 1390
15614 1 3253
15621 1 2140
15661 1 1088
15662 1 2550
15710 2 1672
15731 2 1798
15732 2 1772
15734 1 2035
15735 1 2037
15736 3 3238
15737 2 3706
15746 1 1020
15757 2 7636
15810 2 4391
15823 1 906
15844 1 1278
15869 1 2413
15870 1 632
15887 1 3518
15904 1 2397
15936 3 933
15944 1 2753
16007 1 6296
16008 4 6422
16022 2 1155
16033 1 884
16090 3 807
16114 1 1601
16122 1 300
16137 1 1657
16178 7 4155
16183 1 2917
16197 1 2078
16219 1 1603
16221 1 1793
16236 3 5204
16237 1 2746
16241 2 1533
16245 1 910
16257 1 6019
16267 1 777
16294 1 2089
16316 1 3859
16322 1 2378
16385 2 1811
16405 1 1015
16427 1 1330
16442 1 1557
16443 1 1618
16451 1 836
16453 1 3149
16465 2 3291
16489 3 4179
16490 1 4549
16491 1 6610
16543 1 444
16552 1 1230
16563 1 1207
16575 7 2548
16579 1 1174
16588 1 1592
16590 1 3144
16591 4 6896
16627 2 621
16629 2 727
16631 1 928
16634 1 1294
16635 4 7678
16654 1 933
16663 2 656
16671 1 1169
16674 1 2131
16703 1 889
16722 3 5137
16748 1 3753
16780 1 2693
16793 1 1184
16799 1 3514
16800 2 2525
16805 1 638
16809 1 1881
16810 1 2137
16815 1 1088
16842 1 432
16843 5 15992
16845 1 8711
16848 1 1881
16850 2 4537
16865 1 1183
16869 1 3108
16888 1 1462
16889 2 1208
16893 6 5510
16919 1 703
16932 2 4752
16935 1 3050
16942 1 12267
16945 2 901
16948 1 966
16952 2 7998
16995 2 4866
17011 1 1488
17012 4 3524
17013 3 9772
17017 1 1106
17018 1 1528
17027 4 6203
17032 1 176
17043 1 1433
17096 1 1504
17097 2 2690
17100 1 3005
17113 2 4319
17114 1 6140
17121 1 6700
17141 3 1634
17155 1 1406
17156 1 1346
17160 1 1760
17161 1 582
17178 3 4206
17181 1 941
17182 4 3085
17184 2 4374
17187 1 1065
17189 2 5992
17205 1 1800
17239 2 2179
17244 1 10025
17260 1 1596
17261 1 4916
17262 1 3246
17292 1 2207
17321 2 1749
17326 1 951
17327 1 1088
17351 1 4853
17354 1 1123
17363 1 2096
17388 1 471
17389 1 1790
17402 1 3104
17419 1 1979
17458 8 10296
17461 1 1154
17501 1 2505
17504 1 2199
17505 2 5120
17520 1 955
17589 4 12110
17590 2 6514
17602 1 1268
17638 1 6007
17643 1 999
17647 1 1549
17665 1 841
17669 1 5167
17670 2 5050
17693 1 868
17716 1 2066
17718 1 1941
17746 1 588
17747 1 565
17749 1 523
17754 1 1063
17758 1 28986
17761 1 2572
17783 1 1634
17792 1 547
17793 3 2999
17802 1 818
17814 1 707
17818 1 4410
17843 1 1862
17855 1 407
17877 1 344
17891 1 837
17904 6 6041
17905 1 2215
17943 1 1248
18004 1 5488
18029 1 801
18032 3 3246
18079 1 834
18116 1 867
18125 2 1371
18172 1 1289
18173 1 1152
18174 1 1018
18213 6 2075
18263 1 2623
18264 1 3866
18291 1 945
18331 1 3395
18342 1 973
18350 1 1610
18351 1 938
18358 1 556
18369 1 1573
18371 1 808
18372 1 1808
18373 2 1926
18385 2 6531
18407 1 391
18415 1 5822
18435 1 1115
18437 1 988
18439 1 706
18470 2 849
18527 1 2923
18529 1 1805
18534 1 1729
18564 1 769
18567 1 1311
18583 1 1790
18590 1 876
18592 1 1762
18597 1 6498
18620 1 3943
18627 1 1504
18656 1 1667
18657 1 2740
18685 4 4688
18723 1 521
18750 2 569
18753 1 2030
18756 1 1784
18799 1 2303
18802 2 1147
18804 3 1574
18808 1 1566
18809 1 380
18822 2 445
18849 3 2585
18879 1 3453
18881 4 2780
18899 1 1411
18929 1 1995
18933 5 6035
18951 4 5208
18952 1 1218
18953 1 916
18965 2 20789
18967 1 13159
18976 1 1679
18986 1 508
18996 1 600
18997 1 2415
19004 5 7776
19023 1 2348
19043 2 4707
19067 1 2040
19078 1 2988
19079 3 16454
19123 1 1226
19142 1 1574
19144 2 2063
19180 2 2589
19186 4 6942
19194 1 5424
19313 1 987
19366 1 1507
19375 1 4252
19379 1 4781
19383 1 3259
19384 6 5576
19385 1 2378
19404 1 1932
19407 1 144
19413 2 1698
19481 2 179
19504 2 6279
19512 1 3132
19514 1 1623
19545 2 9624
19560 2 8071
19563 3 5781
19589 1 1946
19620 1 1044
19625 1 1321
19637 1 633
19647 1 3406
19656 1 5073
19670 1 1951
19680 3 5229
19681 2 10198
19683 1 2480
19685 1 4688
19687 2 2998
19697 3 2330
19698 2 1249
19699 1 654
19703 1 570
19719 1 782
19725 1 770
19792 4 3925
19808 1 2160
19815 1 1176
19818 1 4232
19831 2 1394
19883 1 5667
19884 1 5873
19889 2 7969
19895 1 3842
19898 2 4338
19899 4 6214
19929 1 1291
19935 5 1523
19984 2 3052
19985 3 8977
20000 1 2428
20016 1 3043
20017 2 5287
20027 1 1905
20086 2 77
20161 1 1149
20167 1 496
20170 1 3948
20193 1 1368
20200 12 30304
20201 1 1137
20204 9 902
20205 9 890
20206 1 1631
20237 1 813
20241 2 1133
20242 1 1036
20267 1 1549
20369 2 781
20385 1 1007
20622 2 1417
20627 1 374
20635 1 863
20655 1 891
20663 1 2969
20677 1 8655
20684 1 12924
20698 1 3736
20700 1 2481
20702 1 1564
20706 1 8010
20707 4 35797
20708 1 24696
20710 1 6801
20718 1 1829
20733 1 593
20737 2 926
20778 3 4580
20797 2 650
20826 1 981
20830 3 2279
20831 3 5707
20833 5 5441
20863 1 1523
20903 1 2764
20928 1 1673
20975 1 1229
20976 1 1898
20981 1 4198
20989 1 2034
20990 2 2056
20999 1 2745
21046 4 10160
21050 1 1359
21051 1 1656
21062 1 2438
21074 1 5552
21100 1 1816
21102 1 3237
21114 1 1404
21180 2 1918
21202 2 758
21299 10 9163
21300 1 1461
21302 1 670
21317 1 2286
21323 1 887
21324 2 1830
21328 1 2276
21336 1 4593
21347 1 1066
21357 3 5683
21361 1 1874
21363 1 3866
21379 1 2870
21386 1 1881
21389 1 3999
21390 1 1750
21391 1 4613
21420 4 4351
21456 1 1779
21463 3 2707
21482 1 810
21484 1 1764
21491 2 1255
21492 1 1466
21494 1 1060
21503 2 13267
21527 3 6412
21529 2 2347
21533 1 1795
21534 3 1751
21542 1 37742
21575 1 4680
21606 1 1264
21608 3 4754
21615 1 293
21624 2 1341
21625 1 688
21632 2 2786
21637 3 10855
21640 1 1328
21648 2 6487
21659 1 890
21661 2 5628
21668 1 1337
21669 1 1370
21694 1 752
21702 1 3125
21713 2 1310
21730 1 1984
21742 1 1069
21753 1 1168
21770 1 4733
21771 1 1070
21777 1 1090
21821 1 2616
21828 1 678
21866 1 828
21869 1 830
21897 1 2020
21899 1 1045
21915 1 1773
21918 1 704
21932 1 659
21948 1 2447
21955 2 2133
21960 7 7778
21969 2 4332
21976 2 3253
22011 1 1160
22018 3 671
22032 1 4462
22045 1 2727
22092 2 8456
22143 1 2573
22159 1 2515
22166 2 1970
22186 1 1860
22198 4 2137
22208 1 668
22216 4 13756
22217 1 1505
22450 2 867
22453 1 1650
22456 2 1938
22474 1 1110
22498 5 2128
22506 1 476
22517 1 376
22522 1 1218
22536 4 3918
22569 1 1315
22592 1 2031
22599 1 2198
22611 1 992
22619 1 854
22628 4 1515
22631 1 1807
22633 2 1926
22869 2 1378
22887 1 4212
22891 1 725
22922 1 2658
22976 1 1924
22984 1 1974
22986 1 1800
23002 1 227
23015 2 1253
23021 1 4030
23038 1 807
23128 1 762
23134 1 2296
23235 1 458
23283 1 4182
23303 1 84
23315 1 191
23333 1 465
23363 2 3369
23370 1 1836
23380 1 452
23419 2 1204
23420 2 1191
23421 2 633
23431 1 2002
23464 1 3921
23468 1 1323
23489 1 7818
23504 1 826
23514 2 8145
23525 1 3680
23526 3 2714
23544 7 1694
23553 1 873
23637 1 2848
23641 1 522
23644 2 2056
23656 1 885
23671 3 7612
23687 1 2530
23713 1 226
23732 1 4739
23743 1 972
23748 5 4770
23750 2 964
23763 4 3449
23765 1 11324
23771 1 1389
23779 3 825
23795 1 1876
23843 1 1535
23844 1 1535
23845 1 1535
23900 1 937
23911 1 758
23972 1 546
23989 3 421
24092 1 558
24093 1 4836
24094 1 3157
24095 2 3720
24097 1 3411
24118 3 2970
24119 3 14616
24123 1 1686
24124 1 2547
24136 3 1335
24138 1 724
24143 1 781
24157 3 10311
24209 1 687
24225 1 1419
24251 1 1677
24254 3 4321
24305 1 918
24339 1 459
24344 3 1323
24346 1 525
24355 1 1305
24359 1 494
24367 1 881
24458 1 1043
24461 1 554
24462 1 8468
24479 2 2991
24488 2 1218
24506 4 7516
24515 1 908
24540 1 4575
24541 4 5645
24564 1 965
24574 2 3225
24616 1 6643
24621 1 1848
24666 1 3571
24686 1 1154
24745 2 655
24750 2 6415
24762 2 240
24772 2 1350
24777 1 896
24789 13 4093
24790 2 2605
24803 1 5803
24820 3 1367
24831 2 1440
24848 1 1701
24882 2 8171
24883 2 8171
24884 1 7321
24885 1 7349
24897 1 4588
24898 1 4667
24899 1 3770
24920 1 100
24925 1 836
25055 2 1036
25066 1 1878
25077 2 553
25090 1 6934
25100 4 552
25113 1 819
25120 1 1142
25148 2 716
25169 1 814
25175 3 4293
25177 1 1136
25233 1 4985
25265 2 2233
25267 1 2724
25275 1 2035
25306 1 1017
25348 1 2680
25357 1 1736
25363 4 2545
25409 1 4429
25426 1 468
25430 1 1037
25490 2 4592
25492 4 3700
25511 1 689
25553 1 3595
25594 2 1893
25595 2 1880
25596 1 962
25597 1 967
25603 1 852
25605 2 2072
25630 2 179
25655 1 2371
25656 4 4885
25692 1 929
25697 1 1111
25712 2 2401
25755 1 613
25764 1 2679
25771 9 2483
25783 19 3260
25807 1 717
25815 5 1594
25817 1 1059
25826 1 2414
25845 1 970
25891 1 2054
25903 1 1948
25964 1 4294
25971 1 1539
26050 1 1792
26054 1 1978
26059 3 1273
26075 2 3348
26082 1 1566
26087 1 1369
26088 1 1925
26103 2 720
26154 1 1382
26163 1 8177
26171 1 454
26190 1 871
26202 1 920
26218 1 3037
26235 1 3242
26239 1 1707
26241 1 5926
26249 1 1432
26263 1 928
26305 1 1140
26338 1 515
26353 1 1541
26355 1 528
26368 1 918
26375 1 791
26382 2 3521
26411 2 2625
26449 2 7560
26453 3 2527
26463 1 563
26465 1 1529
26498 2 32423
26499 2 831
26522 1 1759
26525 1 2013
26541 1 4809
26605 1 902
26608 1 1078
26622 2 3312
26631 1 8025
26673 2 1184
26675 1 1056
26703 1 241
26730 1 1483
26796 1 2116
26821 1 4111
26828 1 1420
26944 1 2864
26973 1 222
26986 1 1174
26991 1 313
27027 1 730
27071 2 477
27078 1 226
27097 2 404
27122 1 1117
27161 1 1496
27171 2 1261
27172 2 687
27181 1 454
27210 1 707
27270 1 2026
27275 2 1290
27291 3 3912
27308 1 7530
27323 3 2478
27337 1 917
27388 4 1719
27395 1 1232
27398 2 507
27409 1 4419
27424 1 816
27520 3 3462
27524 1 2332
27570 2 710
27576 1 2018
27597 1 404
27613 2 3476
27623 3 2360
27654 2 2800
27676 1 813
27702 2 937
27711 1 662
27821 1 981
27827 2 2297
27831 1 1261
27841 1 1689
27848 2 1948
27853 3 3446
27866 2 4412
27877 1 894
27974 2 1432
27979 1 730
28006 1 1748
28027 1 843
28040 3 4385
28041 1 2090
28061 1 1621
28076 2 1785
28103 1 5130
28123 1 7111
28192 1 2315
28225 2 2588
28257 1 3449
28259 4 6624
28261 2 11790
28266 1 1597
28269 1 2495
28272 1 1115
28320 1 1179
28334 2 1855
28418 1 2121
28446 5 9326
28451 1 814
28466 1 10312
28474 1 1304
28675 1 1685
28696 6 3559
28698 1 2256
28730 1 1156
28739 1 1791
28740 2 2382
28743 1 1455
28759 1 1090
28797 1 3851
28798 2 1425
28799 1 4713
28807 1 876
28816 1 2084
28865 1 460
28918 1 1609
28969 1 546
28980 1 1423
29009 1 1308
29058 1 1399
29085 1 313
29140 1 1340
29143 1 507
29171 2 1853
29180 1 3520
29183 3 929
29238 1 36
29283 2 1840
29303 4 2173
29366 1 1080
29396 2 8576
29414 1 1661
29446 1 2735
29450 2 439
29471 2 1106
29490 1 622
29496 1 2933
29503 1 865
29508 1 2855
29529 3 4211
29555 1 1529
29556 1 1585
29557 4 7051
29589 1 788
29624 1 1181
29625 1 10200
29628 1 3312
29630 2 1791
29637 1 2315
29646 4 1067
29675 1 963
29687 2 2532
29688 2 2530
29689 1 852
29690 3 2211
29691 3 2211
29716 4 971
29722 1 9450
29785 1 1968
29823 1 2631
29825 2 3891
29844 1 803
29845 1 873
29858 1 1047
29875 1 2653
29885 1 464
29910 3 5908
29991 6 10803
30043 1 1000
30060 1 1690
30077 8 3556
30128 1 1329
30131 1 1922
30137 1 5022
30163 2 560
30194 2 1245
30197 2 3083
30255 1 2558
30273 1 2533
30294 1 647
30307 5 3452
30318 1 418
30326 1 1005
30369 3 2927
30403 1 226
30404 1 1125
30435 1 1206
30438 1 1750
30445 1 719
30519 3 5484
30605 1 1929
30609 1 3139
30639 2 8117
30642 1 3081
30646 1 3639
30715 1 1052
30747 1 4167
30779 2 1137
30799 7 2179
30800 9 2230
30801 14 1675
30802 7 2179
30831 1 993
30863 1 763
30867 1 1554
30868 3 2055
30953 1 4469
30973 3 7204
30999 1 1474
31041 2 1280
31045 9 24677
31058 2 3446
31113 1 419
31141 1 742
31180 1 2360
31230 1 425
31247 1 609
31322 2 1237
31337 3 5832
31343 2 1798
31355 1 5480
31377 1 507
31391 4 2998
31406 1 3326
31444 1 3894
31518 1 5634
31546 4 3809
31566 1 1244
31602 1 891
31689 1 2682
31695 1 1371
31698 1 457
31723 1 9877
31739 1 977
31744 1 7219
31760 2 1909
31825 3 3867
31829 7 14263
31839 1 844
31870 1 776
31878 1 719
31930 1 4739
31935 1 2200
31960 4 1028
32133 1 1043
32150 1 2832
32156 1 723
32185 1 1792
32190 2 3358
32191 1 662
32194 1 934
32205 1 687
32208 1 2672
32209 1 845
32230 2 1393
32238 1 4115
32241 3 5341
32247 1 2637
32263 1 652
32277 1 1178
32314 1 2456
32344 3 1543
32361 1 494
32366 3 3530
32376 2 3793
32385 1 1964
32388 7 24490
32412 1 1195
32472 1 1402
32483 1 1282
32490 1 1063
32491 3 6991
32551 1 1569
32632 1 1721
32654 1 45225
32656 1 864
32686 1 553
32710 1 1429
32733 1 964
32752 1 2880
32753 1 1998
32822 4 2367
32911 2 905
32964 1 339
32972 9 11367
33004 1 1703
33065 2 2052
33079 1 3096
33135 1 707
33148 2 713
33161 1 1338
33188 1 10275
33221 1 724
33222 1 1818
33234 1 832
33240 8 9576
33257 1 996
33262 1 744
33268 4 3327
33276 1 1090
33277 1 2857
33279 1 1074
33285 1 3524
33286 3 1992
33292 1 813
33304 1 1326
33318 1 2084
33328 1 3420
33335 1 9267
33403 2 5506
33448 2 421
33461 2 1567
33466 1 1113
33475 2 5068
33494 7 11341
33495 1 2452
33504 1 1979
33516 1 1170
33554 1 180
33575 1 1216
33584 1 1680
33585 3 3694
33589 1 965
33598 1 971
33617 1 557
33622 1 1668
33631 1 2116
33642 2 677
33657 1 1436
33689 2 2181
33703 3 18894
33713 5 2328
33717 1 930
33751 1 3258
33766 1 1101
33779 1 1792
33793 1 826
33819 2 4941
33824 1 537
33830 2 1857
33847 1 7078
33878 2 2517
33890 1 1069
33894 1 1158
33904 1 1776
33909 1 1260
33911 1 683
33917 1 1937
33931 1 997
33932 1 831
33937 3 14231
33938 1 5544
33939 3 3908
33951 1 1198
33955 2 3773
33957 1 507
33991 1 230
33992 1 223
33996 3 4294
34002 1 1052
34022 2 1978
34029 3 3971
34039 11 23394
34045 3 581
34046 8 3718
34050 1 616
34081 1 3468
34085 1 4021
34090 1 2456
34117 3 1025
34125 1 1328
34141 4 1487
34201 2 2057
34233 1 297
34245 1 480
34248 1 827
34250 2 1738
34277 1 1189
34289 1 2981
34296 1 396
34298 1 6813
34303 1 4581
34308 1 581
34342 1 5941
34351 2 2425
34373 2 646
34394 4 8616
34396 1 5213
34415 1 3854
34437 1 989
34445 1 2643
34446 2 998
34456 2 1514
34465 3 5422
34480 1 2110
34481 5 3475
34525 1 1736
34528 5 3693
34535 7 3465
34554 1 1390
34572 1 579
34580 1 1336
34629 1 1322
34682 2 1585
34706 10 1801
34707 14 1676
34708 10 1716
34733 1 882
34745 2 3957
34813 1 2197
34820 2 7148
34860 1 3758
34861 5 4582
34881 2 2427
34926 1 1110
34927 1 834
34938 8 5944
34944 1 946
34974 1 931
34990 1 5418
34993 1 853
35041 3 7162
35043 1 155
35058 2 300
35063 1 627
35067 1 1233
35071 1 1273
35085 1 333
35149 3 9307
35151 2 4287
35160 1 628
35174 2 953
35179 1 1243
35206 1 776
35215 8 258
35229 1 997
35241 2 184
35286 1 411
35292 3 330
35307 1 135
35317 1 1885
35325 2 1767
35333 5 5425
35340 1 4545
35359 1 634
35363 2 1516
35369 1 1232
35387 2 4967
35393 2 970
35399 1 6478
35420 1 1047
35443 1 816
35444 1 1003
35454 3 2122
35461 3 1748
35481 1 1556
35529 1 1080
35559 14 2826
35662 4 3127
35677 3 2037
35683 1 1542
35688 1 705
35709 1 1257
35717 1 818
35724 1 2406
35743 1 4461
35764 2 1421
35767 1 2251
35771 1 5813
35773 1 1187
35798 2 1407
35828 2 5244
35852 2 3364
35857 1 1888
35861 3 10960
35869 1 979
35909 9 3424
35928 1 967
35937 2 4486
35955 3 1580
35960 1 1879
36013 1 2981
36034 1 1983
36042 2 6053
36046 1 967
36069 1 2227
36081 1 2438
36082 1 1049
36096 1 914
36109 1 12698
36134 2 19793
36136 2 2452
36137 2 2930
36142 1 732
36145 2 670
36156 1 766
36178 1 4277
36196 2 1795
36220 2 531
36263 1 1184
36287 1 1827
36294 1 3160
36330 1 1117
36348 1 1204
36389 2 6107
36390 2 6107
36394 2 5251
36395 2 5251
36396 2 5251
36397 2 8678
36398 2 8678
36432 1 744
36455 1 2503
36486 1 278
36498 3 8241
36554 1 1236
36619 1 994
36664 2 1214
36675 4 6019
36680 2 1651
36681 1 2010
36684 1 1952
36685 3 3543
36688 1 1758
36718 1 910
36732 4 18263
36746 1 1073
36756 1 1035
36758 1 416
36835 1 415
36869 2 1242
36881 1 1464
36917 1 1649
36945 1 21910
36956 3 4551
36961 1 1431
36996 1 694
37035 1 1914
37074 1 3457
37104 2 1776
37106 1 3136
37135 1 956
37174 2 1808
37177 4 10680
37182 4 13117
37192 1 921
37197 1 3237
37228 4 4061
37327 2 1007
37335 1 4505
37361 1 1594
37369 7 5846
37379 1 1264
37382 1 3256
37384 1 1980
37389 1 921
37391 1 767
37419 4 13883
37425 2 4184
37427 1 7481
37434 4 6835
37436 2 9722
37437 1 595
37445 1 1889
37464 2 728
37469 1 977
37489 1 991
37502 2 1948
37509 1 1007
37521 1 3207
37566 1 1800
37576 2 1478
37599 1 1374
37601 1 1897
37614 1 4640
37712 3 8990
37734 1 3488
37744 1 1092
37856 1 3403
37892 1 5282
37893 3 7547
37909 1 2154
37920 2 1463
37932 2 17484
37950 14 1675
37951 9 902
37952 14 1675
37953 9 901
37954 9 902
37964 2 2710
37981 1 1271
37986 1 3131
37998 1 1440
38004 2 2166
38014 1 1335
38047 1 783
38054 1 1792
38066 2 948
38070 1 1509
38073 1 1947
38074 1 1582
38089 2 3093
38119 1 1233
38123 1 2113
38131 1 386
38135 1 2718
38157 3 3920
38168 1 976
38171 1 1510
38186 2 1792
38189 4 3745
38209 1 807
38221 1 1823
38229 2 4034
38262 1 520
38368 1 599
38382 2 1986
38400 12 1879
38411 2 2671
38412 3 2954
38413 6 6145
38432 1 1013
38448 2 6071
38450 1 589
38467 1 225
38471 2 878
38472 2 1041
38484 3 1425
38526 1 1143
38529 1 1224
38537 3 1111
38542 2 2357
38557 2 10387
38574 2 2305
38588 1 186
38610 1 1389
38621 1 888
38659 1 752
38663 1 3825
38667 1 1300
38686 1 2997
38689 1 1157
38711 1 2289
38712 3 9962
38725 2 2848
38756 1 619
38773 2 1344
38781 1 2162
38782 2 1808
38786 2 2614
38794 1 2594
38796 7 3677
38799 6 1503
38802 1 4212
38808 1 2666
38812 1 2023
38830 1 612
38910 3 7766
38942 1 3171
38953 1 2359
38954 3 2720
38979 1 1182
38999 1 4065
39001 2 4864
39015 2 2466
39021 1 896
39030 1 612
39050 1 813
39068 4 6017
39084 1 4248
39085 2 4795
39098 3 676
39127 1 1657
39157 1 1476
39171 1 1263
39192 1 1347
39193 1 3626
39195 1 2112
39241 1 7079
39243 1 1097
39245 1 4290
39257 1 2445
39258 1 1773
39264 6 7187
39265 2 3702
39276 2 3501
39277 2 2053
39278 2 5705
39294 1 1948
39298 1 1479
39305 1 783
39307 1 2173
39318 1 2523
39329 6 32477
39340 1 677
39341 1 9083
39342 1 486
39344 1 679
39381 1 50
39388 1 2149
39448 1 3136
39449 1 3105
39478 1 1398
39494 3 867
39497 3 5496
39501 1 2201
39585 1 1891
39588 2 6063
39667 1 163
39692 6 1262
39699 4 3266
39706 1 1567
39800 1 1463
39807 1 435
39878 1 521
39890 1 581
39939 1 2186
39958 1 1932
39970 1 1979
39978 12 30166
39979 1 1295
39993 1 6188
40004 1 520
40005 2 707
40008 2 676
40024 1 2366
40053 1 3632
40065 2 3427
40078 2 863
40092 1 1501
40098 1 1634
40100 1 2099
40106 1 1533
40131 2 5534
40162 1 914
40200 1 2237
40254 3 2478
40287 1 10480
40296 1 1209
40309 1 678
40335 6 2129
40382 2 2344
40387 1 803
40401 3 2725
40427 1 453
40431 2 1342
40443 1 1853
40446 1 1492
40447 5 3358
40451 1 1598
40476 1 354
40534 2 4269
40538 5 14088
40557 1 979
40578 1 412
40579 8 4144
40637 5 7547
40648 4 7183
40659 1 2127
40666 1 1754
40668 2 3116
40669 1 995
40670 1 2018
40692 2 1154
40693 1 1541
40695 1 8337
40696 1 6423
40720 1 1380
40770 2 1680
40805 1 695
40816 1 1398
40819 3 10440
40820 1 4100
40821 2 1252
40822 1 758
40829 2 3054
40854 2 1256
40855 1 1346
40862 1 1309
40898 1 2825
40899 2 5270
40905 1 1163
40911 1 619
40944 3 5673
40959 1 5445
40968 1 3581
40977 3 4178
40979 1 841
41031 1 461
41047 1 1994
41057 1 3871
41060 1 2541
41077 1 1806
41078 2 1486
41090 1 911
41104 1 671
41109 1 561
41113 1 1884
41131 3 4182
41144 3 486
41149 1 958
41152 1 1295
41234 1 1570
41252 2 1169
41268 1 629
41299 1 1272
41329 1 1596
41423 1 1513
41424 1 924
41426 1 4541
41439 1 2390
41540 1 2878
41547 1 994
41641 1 437
41674 2 4187
41679 2 1631
41698 1 3701
41719 1 632
41735 2 659
41736 2 693
41742 1 1669
41759 1 1680
41822 3 1997
41840 1 2915
41841 1 1074
41842 1 1367
41854 1 492
41900 2 1156
41905 1 1777
41936 2 2170
41940 3 2265
41998 1 845
42001 3 1519
42010 4 2197
42025 7 9933
42054 4 2132
42076 1 223
42082 1 987
42129 1 4735
42148 1 3966
42149 2 9906
42155 1 2406
42156 3 844
42161 2 9423
42172 1 2686
42183 1 1446
42196 1 151
42207 1 824
42237 1 1264
42238 2 1943
42261 1 6604
42290 4 3287
42297 1 1946
42299 1 1013
42309 1 5367
42321 1 1615
42346 1 788
42356 2 4608
42359 1 2478
42362 1 10503
42369 1 791
42399 1 31
42419 1 1182
42422 6 5724
42425 1 5948
42427 1 579
42448 1 627
42467 2 878
42476 1 2207
42477 1 1308
42531 1 1622
42544 2 2256
42555 1 2440
42557 1 2920
42580 2 8665
42596 1 802
42627 2 1127
42631 1 1557
42640 2 12636
42645 1 2530
42648 2 4779
42669 1 1190
42670 1 1290
42679 2 6107
42680 2 6107
42747 2 2556
42767 2 8035
42769 1 8334
42820 1 2822
42821 1 680
42823 1 2264
42824 1 1386
42849 1 792
42855 1 3481
42866 1 825
42867 2 948
42912 1 1943
42960 1 7453
43011 2 1189
43025 1 3087
43027 2 1898
43057 1 756
43061 2 3075
43073 1 382
43076 1 534
43102 1 764
43109 3 2284
43143 1 812
43150 2 9162
43160 1 1940
43177 1 1094
43230 1 2504
43254 1 726
43260 1 1445
43266 1 768
43347 1 1044
43350 2 2399
43374 1 419
43419 1 446
43430 1 883
43444 1 2757
43446 4 8554
43447 1 1494
43477 6 22611
43535 1 1147
43538 1 2943
43565 1 368
43576 2 5522
43578 1 603
43579 2 1057
43624 1 1564
43627 2 354
43632 2 1125
43637 1 1684
43656 1 4176
43680 1 1915
43691 2 1413
43728 2 3240
43730 1 1965
43736 2 2026
43743 1 1070
43747 1 7125
43763 2 2590
43772 1 1303
43798 2 5617
43824 1 944
43847 2 671
43860 1 218
43869 1 291
43909 2 1568
43915 2 3241
43921 2 9448
43943 2 2720
43947 1 550
44000 2 1084
44016 1 981
44024 2 1787
44050 1 4928
44055 1 139
44080 3 3596
44098 1 1844
44110 1 1335
44115 1 4306
44125 1 6435
44157 1 2662
44163 1 1618
44164 1 811
44218 1 6003
44226 2 724
44232 4 1116
44249 1 272
44253 2 2425
44258 1 2515
44299 1 959
44317 1 1018
44352 1 1264
44362 3 3685
44418 1 682
44423 1 2828
44424 1 1183
44442 1 1179
44449 1 864
44489 1 785
44498 1 1049
44569 1 1077
44588 1 2135
44707 8 6048
44749 1 849
44750 1 599
44808 1 879
44817 1 2611
44891 1 1753
44927 4 2922
44954 1 8549
44955 1 7733
44956 1 7041
44957 3 10010
45084 1 6555
45094 1 848
45189 4 6148
45221 1 652
45232 1 1922
45335 2 2586
45341 1 834
45362 1 885
45390 1 1067
45392 1 372
45394 1 1505
45478 1 476
45615 1 933
45620 1 1038
45625 1 481
45676 3 11251
45703 1 1124
45780 1 152
45788 1 709
45820 1 1773
45824 2 2571
45826 1 8235
45851 1 2388
45858 1 2087
45859 8 21421
45865 1 327
45913 1 1708
45929 1 920
45956 3 4392
45963 1 888
46021 2 625
46068 1 689
46076 1 1687
46109 1 1702
46126 3 1522
46130 1 1076
46169 1 5011
46208 1 227
46209 1 842
46216 3 1442
46277 1 4798
46292 2 695
46306 1 4474
46307 1 833
46331 3 4197
46357 1 1238
46369 3 5238
46375 1 799
46378 3 6175
46387 1 1422
46388 11 81863
46432 1 3117
46433 1 595
46472 1 1725
46483 1 663
46486 1 741
46503 1 324
46516 1 1910
46519 1 5448
46527 1 830
46538 1 1327
46550 1 1512
46551 1 8597
46552 2 9921
46563 1 640
46565 1 787
46567 3 651
46609 1 2149
46613 1 649
46621 1 1413
46627 1 4426
46639 1 4091
46659 2 1042
46687 1 1479
46726 1 1514
46769 1 2579
46777 2 3791
46780 1 1725
46781 1 3752
46814 1 2350
46839 1 1057
46876 1 1869
46891 1 5171
46904 1 698
46909 1 2578
46942 1 1392
46950 1 2171
46952 1 2067
46962 14 1676
46963 8 1830
46964 14 1676
46975 2 1653
46983 1 4196
46988 1 1340
46989 1 824
47002 1 1260
47009 1 479
47033 1 554
47037 2 1110
47087 1 880
47124 2 628
47134 1 388
47139 1 6464
47146 1 745
47147 8 1098
47160 1 4319
47177 1 1679
47190 2 1899
47208 2 1552
47210 5 901
47214 1 966
47227 1 1148
47297 1 839
47360 1 1310
47404 1 682
47459 5 8496
47474 1 5150
47476 4 2645
47493 1 426
47494 1 1324
47495 1 1207
47496 1 2373
47497 1 2515
47506 1 1955
47515 1 3985
47516 1 309
47538 2 4411
47546 1 1613
47559 5 11224
47577 1 1239
47609 1 1519
47649 1 3343
47651 1 3064
47652 1 2313
47654 1 3047
47659 1 3727
47664 4 2616
47678 1 908
47686 1 728
47711 1 928
47722 1 925
47731 1 1046
47758 1 1263
47798 1 1074
47800 5 10768
47814 2 1518
47839 1 1597
47842 1 574
47872 1 1066
47890 1 959
47917 1 1254
47930 1 615
47977 2 1512
48078 1 11919
48085 1 2386
48098 1 1123
48125 1 1715
48149 2 949
48162 1 1320
48180 15 25164
48197 3 8238
48202 1 2712
48205 3 3456
48232 1 847
48234 1 7467
48261 1 1243
48268 2 5058
48269 4 11120
48277 1 1700
48279 1 1412
48286 3 3883
48305 1 667
48309 1 209
48314 1 1603
48332 1 2627
48338 2 2760
48356 1 474
48362 1 5057
48379 1 6270
48407 1 1657
48416 1 1759
48437 2 805
48445 1 590
48469 1 2316
48489 1 2490
48494 1 1187
48501 1 3845
48506 1 1340
48543 1 1485
48547 1 4836
48551 4 6659
48556 1 759
48561 1 639
48566 1 3055
48567 1 1221
48595 1 1795
48596 2 938
48609 1 3196
48618 2 1867
48619 1 1429
48650 1 6532
48651 1 3561
48673 1 6093
48675 1 2669
48689 1 4283
48698 1 5259
48743 2 891
48746 1 1274
48747 1 1809
48751 1 1441
48752 1 1640
48774 1 1091
48779 1 3569
48858 1 3188
48888 1 1840
48896 1 1621
48898 1 2208
48902 2 4234
48908 1 820
48909 1 1859
48991 1 1977
49011 2 361
49015 1 2835
49055 1 1309
49056 1 2188
49057 1 1611
49058 1 1664
49113 1 1472
49130 1 2701
49148 1 1740
49149 1 3141
49150 1 4092
49160 1 734
49173 4 10707
49174 19 9273
49175 3 9938
49176 1 11069
49235 1 2114
49257 1 1855
49269 1 803
49276 2 5599
49286 1 2335
49305 1 1020
49341 1 2395
49342 1 921
49343 1 1496
49345 1 2775
49346 1 1190
49347 1 1309
49348 2 2857
49349 1 2177
49350 3 2540
49366 1 5125
49391 1 2970
49442 1 1338
49454 5 2489
49455 1 2601
49457 1 2074
49458 2 1916
49459 1 3328
49461 2 2195
49471 1 1921
49483 1 4047
49486 4 906
49504 1 445
49507 1 934
49511 1 861
49522 1 6160
49525 7 1096
49600 1 1153
49679 1 2751
49696 1 2912
49714 2 1703
49737 1 994
49776 12 9407
49777 1 853
49778 1 881
49796 2 1300
49816 1 1047
49844 2 6972
49848 1 1148
49884 1 798
49897 1 901
49905 1 2350
49934 1 3099
49985 1 901
49990 1 3509
50010 1 1235
50016 12 11583
50017 1 2970
50025 5 5763
50040 1 6696
50047 2 1726
50173 1 1992
50192 1 1934
50209 2 1735
50211 1 1608
50212 1 1522
50223 3 6104
50236 1 1937
50240 1 968
50246 1 1315
50286 2 1612
50293 1 2189
50317 2 2395
50362 1 1063
50382 1 1337
50386 2 695
50431 1 1740
50435 1 2397
50464 2 2946
50478 2 3624
50481 2 2364
50483 1 1973
50485 1 3231
50493 1 1149
50515 2 3053
50520 1 3232
50534 1 980
50541 2 2524
50557 1 395
50571 1 990
50587 2 1902
50613 1 2424
50614 1 300
50620 3 2383
50632 6 1689
50677 1 794
50678 1 1278
50724 1 2101
50757 1 699
50776 2 2775
50785 1 2063
50792 1 1448
50864 1 1034
50871 1 1144
50875 3 754
50881 1 4909
50882 2 1190
50883 3 1879
50888 2 2791
50889 2 5625
50916 1 4044
50959 1 922
50967 1 680
50983 5 16660
50994 1 1421
50996 4 5411
51002 1 1417
51011 1 1216
51022 1 2835
51030 2 2989
51066 1 2595
51088 2 2484
51100 1 2250
51107 1 457
51118 1 901
51120 1 2116
51126 1 863
51192 4 1136
51206 3 3478
51219 1 647
51233 2 1315
51236 1 1936
51295 1 5729
51326 2 2077
51365 2 561
51386 1 2055
51395 1 754
51475 1 1015
51516 1 4186
51608 1 1170
51609 1 1170
51610 1 1170
51614 1 1746
51632 1 267
51672 2 3436
51722 2 1266
51771 1 2283
51772 1 1416
51802 3 5283
51809 1 275
51828 1 2276
51839 2 9735
51843 1 6718
51861 1 961
51881 14 4113
51901 1 167
51933 5 2717
51954 1 1366
51967 1 2148
51978 2 8282
51979 3 6703
51991 1 4229
51993 1 12689
51994 2 9298
52010 1 1541
52028 1 5224
52037 1 228
52072 3 2361
52076 1 874
52091 5 680
52098 1 1384
52100 6 2791
52102 1 856
52109 2 3805
52125 2 194
52140 2 3824
52146 4 10691
52149 1 1612
52167 1 2979
52187 1 1536
52199 1 2113
52213 1 3751
52222 1 1753
52223 2 1842
52242 1 710
52267 1 949
52279 1 1231
52283 1 2127
52309 1 630
52320 1 2961
52326 1 3702
52338 1 2169
52349 1 930
52394 1 897
52396 2 4756
52397 10 4823
52403 1 1953
52442 2 1703
52449 2 3942
52466 5 3696
52478 1 2078
52480 4 2295
52486 1 2426
52499 2 936
52526 1 1430
52559 7 2209
52560 7 2179
52578 1 895
52601 2 580
52631 2 4596
52641 1 829
52677 1 1447
52727 1 4203
52753 4 153
52842 1 567
52946 2 1982
52980 1 791
52987 2 1151
52990 2 638
52991 2 620
53031 1 683
53034 1 2302
53038 1 2169
53039 1 1539
53078 2 3327
53100 3 928
53111 1 3883
53118 2 1138
53140 1 4214
53155 2 1070
53158 2 9225
53165 1 600
53167 1 1157
53231 1 857
53236 1 3296
53243 1 3386
53248 1 5457
53264 1 446
53299 1 224
53329 3 3895
53337 1 3782
53341 2 2371
53367 4 1856
53386 1 3714
53430 49 48057
53442 2 8599
53469 2 2932
53499 1 364
53511 4 4733
53513 1 936
53534 1 1069
53543 1 2493
53598 1 800
53601 1 2754
53639 1 788
53654 1 2802
53655 1 2405
53690 1 426
53691 1 1391
53707 1 5088
53726 1 2312
53767 1 1549
53778 1 4519
53845 3 2571
53877 4 497
53895 1 1788
53896 1 1788
53914 1 1079
53923 1 2605
53926 1 2454
53930 3 1054
54093 1 4103
54094 2 3257
54095 2 1451
54133 1 38
54164 1 594
54176 1 1327
54182 2 473
54198 1 834
54207 1 935
54209 1 1340
54252 1 735
54294 1 530
54299 1 754
54327 1 1517
54375 1 5885
54439 1 2636
54441 1 4709
54446 1 308
54449 1 275
54487 1 750
54552 1 2960
54564 1 3322
54586 1 1015
54602 1 1759
54615 1 2552
54619 4 10647
54671 1 510
54876 1 57
54932 1 546
54937 1 425
54942 1 567
54966 1 6126
55023 1 570
55054 1 4966
55092 1 1807
55099 1 1159
55109 1 693
55117 1 1442
55126 4 3321
55146 1 2594
55148 1 975
55163 2 1097
55171 2 2177
55306 1 788
55333 1 1119
55334 2 941
55455 1 823
55498 1 5155
55502 1 1475
55538 1 7491
55561 1 1229
55578 1 900
55607 5 9422
55608 3 4052
55614 3 5399
55668 1 780
55699 1 1333
55731 1 2515
55911 1 618
55919 1 3288
56005 1 343
56017 1 1819
56045 1 1527
56120 1 236
56147 1 515
56165 1 403
56174 4 2845
56175 4 8425
56180 1 1457
56212 2 4266
56400 1 2072
56422 2 1132
56423 2 1323
56424 2 1256
56443 1 618
56445 1 2121
56446 1 1314
56477 1 4251
56487 1 3333
56512 1 1050
56521 4 5019
56522 2 3726
56541 1 1812
56549 1 1195
56574 1 902
56576 1 732
56606 1 1356
56643 2 628
56657 2 403
56723 1 1252
56734 1 1457
56735 1 2263
56742 1 1393
56771 1 2565
56788 1 2350
56801 3 5727
56802 2 8941
56821 1 6607
56827 2 3050
56836 1 419
56839 4 8203
56853 1 915
56857 1 2166
56895 2 3189
56899 1 4490
56915 2 4927
56919 1 665
56961 1 7535
56969 2 1209
57024 2 5130
57186 2 1678
57226 2 11510
57274 5 297
57283 1 1207
57286 2 2048
57288 1 2261
57393 2 1081
57403 1 1067
57443 1 1121
57445 1 944
57446 1 1506
57447 1 1235
57476 1 1805
57490 2 1202
57494 4 3677
57518 1 3333
57520 1 5772
57530 1 2185
57549 2 1672
57550 2 1672
57616 2 1787
57617 2 1772
57618 2 1770
57620 3 3241
57621 3 3239
57622 3 3240
57623 2 3704
57624 2 3707
57625 2 3705
57639 2 1276
57728 5 3152
57731 1 1088
57743 1 2000
57744 4 2807
57758 1 2719
57761 1 2116
57821 1 4929
57832 1 1094
57890 3 2563
57912 1 1885
57924 1 2167
57950 1 10362
57951 1 10312
57957 1 1797
57958 1 1788
57965 4 3015
57989 1 3603
57991 2 1504
58145 1 56
58192 2 3058
58199 7 4784
58231 2 4145
58247 7 19391
58328 1 1060
58378 2 2575
58487 1 1326
58503 3 2202
58521 1 596
58675 2 2820
58711 3 1429
58722 1 539
58772 2 4810
58794 1 518
58825 1 1206
58858 1 1878
58898 1 2227
58915 1 604
58940 3 4530
58951 1 1996
58966 1 5767
59053 2 2530
59054 2 2531
59057 3 2210
59058 3 2211
59063 3 3059
59072 1 10092
59081 1 1600
59152 2 2763
59189 10 10518
59209 3 2825
59227 1 4022
59244 1 540
59247 1 1136
59263 3 5357
59304 2 1871
59308 1 1531
59313 4 398
59316 1 1089
59348 2 10477
59392 1 977
59394 1 1328
59396 1 420
59398 3 1993
59418 12 9567
59421 1 1923
59467 1 4546
59468 1 4334
59469 1 4789
59480 1 2579
59521 1 1931
59522 1 1856
59561 1 4211
59621 1 2882
59629 1 2062
59641 1 4053
59642 2 3464
59661 1 2342
59662 7 14951
59673 2 1162
59680 2 2653
59687 1 1419
59697 1 2431
59699 1 1994
59702 1 1311
59704 2 922
59709 1 3880
59760 1 5506
59783 1 211
59794 1 584
59819 1 601
59833 1 1248
59837 1 1240
59843 1 6525
59855 1 1222
59862 1 1402
59873 1 599
59882 1 806
59898 4 4986
59918 4 9598
59922 1 3476
59975 2 1343
59982 1 4938
59985 1 4522
59986 1 4731
59988 1 5229
60019 1 5237
60021 2 2368
60031 1 2148
60039 1 4322
60040 1 5727
60042 1 969
60044 1 1309
60063 1 3984
60064 1 3872
60065 1 3606
60069 2 3188
60070 1 2663
60095 1 3074
60109 3 2379
60135 1 508
60187 1 1606
60231 2 714
60243 1 860
60275 2 3073
60284 1 1802
60291 1 1433
60338 3 2635
60372 1 1505
60379 2 1146
60392 2 1512
60394 1 1136
60419 3 2011
60422 1 1453
60429 3 5933
60434 1 1031
60451 1 2513
60487 1 1120
60534 2 988
60562 1 2105
60588 1 3135
60595 1 3346
60599 2 3625
60610 1 948
60611 4 2420
60614 1 732
60625 1 994
60662 1 6202
60669 1 871
60708 1 1572
60713 3 3384
60746 1 982
60750 1 12275
60771 5 4604
60776 1 1098
60793 1 2201
60819 1 736
60822 2 5864
60862 2 4275
60864 1 1132
60865 1 523
60935 2 2979
60953 1 2570
60955 1 1899
60956 1 2287
60957 3 3093
60992 2 2142
60993 1 804
60997 1 3263
61017 1 2099
61020 2 13801
61021 1 5166
61043 1 4069
61059 10 4559
61119 1 948
61173 3 779
61179 1 2633
61186 4 14302
61187 7 15707
61188 4 29700
61194 1 1390
61196 1 1748
61213 8 1171
61237 1 941
61239 2 1502
61256 1 2242
61268 2 2756
61291 1 1645
61305 1 485
61326 4 2485
61331 1 2243
61339 1 1085
61352 11 18809
61373 1 2281
61403 1 1969
61418 1 2160
61428 2 8357
61450 1 1262
61470 1 2495
61497 1 5567
61506 3 3406
61511 1 2320
61516 2 1071
61522 1 282
61523 7 3940
61549 1 1113
61550 1 1103
61556 1 3140
61613 1 1024
61618 1 865
61622 1 1514
61628 8 7244
61664 1 3204
61676 1 1974
61683 1 2240
61694 1 3121
61695 2 1456
61720 1 970
61787 1 1326
61805 1 1227
61818 1 1458
61822 1 5496
61826 1 3738
61833 1 7073
61837 1 1035
61847 1 1464
61855 1 988
61860 4 7381
61880 1 2723
61892 1 3071
61907 4 3429
61908 1 1579
61909 1 3209
61924 4 6503
61939 1 10305
61988 1 1244
62004 3 2886
62013 1 1235
62028 2 6469
62034 2 3365
62058 3 842
62060 1 1090
62070 1 1331
62086 1 1048
62102 1 676
62107 1 541
62110 1 4274
62111 2 6309
62137 1 2894
62142 2 2600
62144 1 2188
62145 1 1137
62153 2 2377
62176 1 3929
62203 1 456
62215 1 1984
62217 1 1671
62233 1 487
62234 1 481
62235 1 550
62242 2 2867
62249 6 877
62255 1 587
62258 2 2177
62292 1 1351
62293 4 2903
62298 1 846
62300 1 784
62304 1 1048
62317 1 1576
62349 1 2237
62360 1 1370
62379 2 926
62417 1 11638
62432 1 5539
62481 1 2543
62482 1 1901
62483 3 826
62491 1 4559
62514 1 3635
62517 1 1423
62522 1 1976
62552 1 1225
62567 1 404
62588 3 8596
62593 1 2061
62606 1 1424
62613 1 5274
62615 1 1556
62629 1 815
62631 1 866
62650 1 1065
62665 1 763
62722 1 812
62755 1 1796
62766 2 8596
62767 1 14162
62768 1 9553
62774 1 1461
62780 1 1770
62791 1 2675
62824 5 4199
62836 1 1157
62837 1 1565
62838 1 1603
62840 1 1377
62872 2 831
62902 1 2612
62912 3 6714
62935 1 1250
62936 1 1651
62951 1 2817
62972 1 330
62988 1 1646
62992 2 5430
63035 1 982
63061 1 5120
63063 2 1595
63074 1 4609
63076 1 3881
63079 3 1810
63086 1 353
63093 2 3111
63127 1 936
63152 1 888
63161 1 1664
63162 1 1516
63163 1 2048
63165 1 2124
63166 1 2579
63167 2 3539
63244 4 1224
63258 1 1486
63262 1 1616
63270 7 3034
63287 5 2749
63289 1 3069
63309 1 4077
63310 1 2477
63324 1 898
63339 1 1381
63407 1 600
63427 2 4477
63466 1 51
63475 3 1619
63506 2 1075
63512 1 754
63519 1 2160
63554 3 2850
63565 1 3099
63568 1 1949
63602 1 1204
63604 1 725
63614 1 1640
63635 1 127
63646 1 993
63656 1 6872
63703 1 2027
63706 5 1710
63708 1 2012
63722 1 980
63737 1 2198
63740 2 1761
63765 1 1813
63791 1 1978
63795 2 1855
63812 2 2413
63848 1 504
63851 1 1757
63916 1 1072
63938 2 2930
63970 2 4043
63974 1 1872
64035 2 1186
64052 2 2458
64053 2 2458
64066 1 1206
64067 1 1210
64068 1 1224
64077 1 1341
64078 1 1341
64079 1 1341
64095 1 391
64237 1 47
64260 1 55
64273 1 1659
64310 1 2705
64327 1 1214
64350 1 20899
64436 1 338
64438 1 1078
64468 1 831
64494 1 701
64539 1 837
64610 1 1012
64611 2 2134
64619 3 2292
64622 1 936
64631 2 953
64637 1 878
64638 2 1553
64646 1 789
64660 2 1433
64849 1 1256
64919 2 1779
64923 1 828
64937 1 2520
64992 2 1017
64993 1 2041
64997 3 864
65004 1 972
65021 1 833
65031 2 3879
65034 1 3956
65068 1 2208
65087 3 1504
65119 1 705
65120 3 2332
65125 1 675
65265 1 5510
65399 1 3181
65421 4 3586
65436 2 1127
65444 1 1038
65453 1 1772
65555 1 382
65565 1 1270
65587 1 1146
65594 1 1539
65639 1 1444
65661 1 883
65687 1 699
65719 2 1648
65748 2 1674
65778 3 3404
65790 1 5117
65799 1 4143
65815 1 2003
65837 1 1272
65860 1 478
65913 1 1357
65944 1 4400
65951 1 1360
65961 2 2405
65982 1 678
66001 1 1533
66009 3 1040
66013 1 2760
66019 1 1342
66027 1 937
66047 3 1117
66056 1 1412
66086 1 2643
66092 1 4332
66117 1 1826
66123 1 1344
66135 1 799
66147 1 842
66149 1 935
66159 1 587
66162 1 3524
66177 1 2510
66234 2 1935
66238 1 327
66255 1 1414
66299 1 1007
66380 2 9761
66399 1 697
66409 3 1827
66414 1 1699
66420 1 1958
66461 1 691
66471 1 3798
66472 2 3818
66473 1 2015
66499 2 844
66515 6 6274
66578 1 742
66587 3 4790
66614 1 1103
66619 1 2672
66669 2 1314
66678 2 1148
66683 1 317
66685 2 238
66725 2 1193
66740 1 1112
66742 1 3877
66748 2 1830
66751 2 11896
66794 1 1303
66801 2 3195
66823 5 9403
66826 1 681
66843 1 837
66846 1 3482
66847 2 2941
66882 2 1598
66883 1 607
66886 2 3404
66897 1 2315
66915 1 4319
66938 1 842
67027 1 2379
67054 2 2805
67074 8 9837
67087 1 797
67195 1 6824
67216 1 1476
67231 1 1240
67266 2 4007
67273 1 1989
67275 1 1069
67286 1 1904
67296 1 384
67313 1 1165
67330 1 1983
67338 2 1942
67340 1 2960
67355 1 6043
67356 1 2111
67371 1 3756
67372 3 2781
67388 1 201
67391 4 4824
67393 1 6324
67408 3 5567
67409 1 5448
67410 1 7180
67415 2 10077
67416 1 2877
67428 1 2521
67433 2 666
67435 2 836
67443 1 1802
67454 2 5854
67519 4 10460
67526 1 813
67543 1 975
67602 1 612
67603 1 612
67604 1 612
67605 1 614
67606 1 612
67613 1 899
67626 1 1388
67634 1 792
67657 1 1981
67671 2 6735
67672 1 2623
67689 3 7619
67706 1 1416
67725 2 1884
67735 1 1959
67736 1 1959
67746 2 731
67760 1 890
67770 2 1180
67776 3 2260
67804 1 433
67825 3 1677
67866 1 1457
67869 3 1785
67893 1 4007
67895 1 1554
67902 1 1015
67931 1 1269
67933 4 3340
67958 1 997
68002 1 3149
68016 2 481
68040 2 2912
68057 1 3416
68060 1 1384
68061 1 3322
68062 1 2785
68063 1 1721
68082 1 1865
68090 4 5122
68091 4 10665
68092 5 8126
68100 1 650
68102 1 989
68116 1 4818
68117 2 4150
68118 2 3343
68119 5 6225
68120 9 7511
68125 1 2444
68141 1 1527
68161 1 1742
68166 1 666
68175 1 740
68189 1 1392
68198 1 710
68206 1 187
68207 1 464
68208 1 1303
68209 1 767
68217 2 5161
68263 1 5972
68270 1 635
68271 2 653
68304 1 1362
68305 4 3491
68329 1 1531
68336 1 1920
68340 1 229
68344 1 6836
68362 1 299
68376 1 1833
68388 1 2572
68394 2 2458
68395 2 2458
68401 1 1206
68410 1 1341
68420 4 2517
68423 1 907
68424 2 1934
68425 2 927
68434 1 516
68680 1 9381
68695 1 562
68697 1 1133
68704 2 4902
68713 3 3702
68743 1 562
68758 1 931
68764 1 2106
68766 1 5324
68795 1 1251
68819 1 338
68833 1 626
68847 5 2391
68854 1 5781
68893 1 1871
68904 1 1018
68950 1 853
68960 3 1724
68961 1 1060
68964 1 11197
68973 1 1401
68991 1 1084
69050 1 768
69066 1 628
69283 1 642
69332 1 352
69334 1 764
69376 2 1668
69419 1 1772
69443 1 878
69480 1 565
69482 1 1352
69495 1 2757
69506 1 1045
69515 1 3275
69530 1 3436
69690 1 2102
69709 1 889
69710 1 5755
69712 1 1067
69716 1 7169
69825 1 2564
69849 1 422
69862 1 937
69872 2 4385
69916 1 97
69971 1 1060
70022 2 894
70025 1 463
70030 1 812
70068 1 895
70069 1 882
70090 1 1130
70165 2 1399
70210 1 5060
70231 2 2953
70263 2 7023
70268 1 511
70276 1 1117
70279 2 12383
70288 2 1765
70292 1 2365
70293 1 768
70297 2 5416
70301 2 633
70312 1 909
70373 1 1473
70413 1 1043
70434 2 1090
70435 2 3103
70447 1 889
70479 1 401
70481 1 2683
70576 2 2157
70595 1 2506
70697 1 224
70837 1 876
70841 4 8361
70847 1 1069
70855 1 5396
70875 1 301
70916 1 1228
70957 1 867
70960 2 2677
70978 1 606
70984 1 461
71001 1 688
71022 3 2146
71044 1 591
71065 1 881
71078 4 9605
71086 1 676
71137 6 9411
71145 1 424
71157 1 1942
71229 1 887
71259 1 1522
71273 2 1606
71282 1 1318
71319 1 1521
71335 4 3121
71406 2 2956
71502 1 56
71505 1 1058
71520 3 1281
71523 1 1243
71545 2 6773
71547 3 4635
71591 1 988
71595 1 1738
71630 8 3469
71634 1 2564
71641 1 471
71663 1 998
71701 1 1266
71706 1 5275
71723 4 2839
71724 4 2839
71744 1 2609
71790 1 2312
71797 4 2293
71823 1 815
71834 1 664
71836 1 5188
71876 1 392
71877 3 7422
71888 1 1054
71894 1 2159
71896 1 3955
71905 1 1340
71931 1 1875
71936 1 1197
71941 1 1460
71961 1 1227
71970 1 303
71973 2 1640
71994 1 1432
72009 2 1448
72039 1 5516
72046 3 2501
72047 2 1766
72048 1 5014
72065 3 9229
72066 4 7004
72067 4 9227
72068 2 8137
72079 1 753
72098 5 19912
72112 2 700
72163 1 1492
72165 1 706
72176 1 2898
72192 1 1685
72201 2 5125
72206 2 2593
72229 2 1439
72232 2 1430
72243 1 317
72256 1 1403
72279 1 1454
72284 2 6759
72297 1 404
72298 1 1959
72308 1 303
72324 1 3100
72357 1 916
72368 1 1211
72387 1 2107
72410 1 4306
72437 3 8964
72457 1 831
72476 1 1214
72478 3 2348
72498 4 11873
72537 1 1081
72572 1 1253
72576 1 1282
72617 1 5161
72618 1 5500
72642 2 1456
72675 2 8994
72703 1 824
72714 1 1957
72732 1 536
72741 1 6306
72765 1 2690
72767 1 788
72793 7 4219
72794 2 1190
72802 1 1368
72825 2 4050
72827 2 7031
72830 2 3747
72831 1 6567
72834 1 2774
72843 1 2753
72844 1 1589
72845 1 2164
72858 2 1852
72878 1 4492
72899 6 20275
72908 1 810
72916 1 1335
72919 1 5881
72926 1 742
72933 1 2224
72939 1 1415
72959 1 2654
72961 1 1521
72962 1 922
72963 1 2184
72982 2 5401
72990 3 1401
73018 1 2302
73040 1 511
73056 1 594
73064 1 285
73066 2 2939
73069 1 2055
73084 4 2577
73093 2 4058
73101 2 5854
73112 1 467
73207 3 1418
73212 1 2390
73277 3 1345
73290 2 1347
73316 2 723
73323 1 1574
73350 1 2160
73373 1 5222
73391 1 993
73415 4 996
73417 1 3750
73429 2 983
73483 1 1287
73591 1 2230
73594 1 1535
73640 2 1044
73645 1 5683
73734 1 605
73753 1 1851
73793 1 378
73799 3 6946
73803 1 689
73874 1 900
73907 1 2638
73930 1 1679
73931 2 2768
73933 1 1375
73941 2 986
73956 3 2798
73963 2 6843
73996 2 7920
73997 4 10376
73998 2 2339
74001 1 474
74016 6 3216
74027 3 1756
74029 1 1470
74031 1 970
74056 1 1960
74057 2 1205
74067 2 6352
74069 1 999
74094 2 3820
74115 3 2664
74121 4 2293
74142 2 3188
74149 2 1131
74153 2 660
74157 3 1025
74177 5 4268
74179 5 4036
74206 3 430
74230 1 521
74260 1 945
74266 2 839
74278 1 1950
74282 1 1215
74290 1 333
74296 1 3168
74297 1 1110
74298 1 2423
74340 1 889
74355 1 1634
74437 1 6261
74438 1 1352
74443 3 1375
74444 1 1117
74519 1 5618
74527 1 1301
74531 1 833
74543 1 5014
74545 1 1446
74551 5 2061
74563 1 923
74590 2 1461
74601 1 1123
74603 1 508
74604 1 5954
74645 2 6253
74651 1 897
74660 2 2184
74706 1 5592
74707 1 4337
74708 2 4408
74717 1 1115
74745 2 1846
74746 1 5004
74772 1 792
74775 1 2772
74776 6 3788
74785 1 4399
74793 1 1712
74794 1 1782
74795 3 2070
74798 1 2970
74799 3 1061
74800 1 990
74803 2 6144
74813 2 5631
74828 2 2265
74844 1 1805
74863 1 710
74867 1 870
74868 1 1193
74874 3 6108
74886 1 3171
74931 3 2115
74944 2 879
74949 1 421
75086 1 1583
75127 1 1412
75131 1 879
75134 2 4335
75140 1 1565
75142 1 931
75153 1 545
75169 3 9895
75186 1 748
75208 1 3202
75214 1 2338
75221 1 6839
75240 1 5462
75248 1 1379
75249 1 1176
75258 1 1651
75259 2 1890
75305 1 2807
75311 1 917
75313 2 1575
75326 2 2372
75331 5 3149
75333 1 1380
75398 1 2037
75401 1 1247
75420 1 5660
75423 2 1748
75468 1 1247
75487 1 1123
75507 2 952
75529 2 8980
75530 2 2216
75547 1 972
75562 2 740
75631 1 1422
75704 2 936
75752 1 1220
75832 1 866
75854 1 245
75927 1 4496
75930 2 4094
75938 3 2373
75949 1 980
75960 1 2012
76010 2 698
76012 2 1064
76016 1 1243
76038 1 3241
76050 1 4066
76079 1 709
76080 1 1124
76100 1 976
76104 3 2832
76105 4 6146
76106 4 4999
76125 1 3583
76140 1 1136
76174 1 20998
76175 3 6943
76176 1 1747
76177 1 883
76203 2 1000
76204 1 2051
76230 1 1311
76245 1 6436
76246 3 6517
76247 4 4782
76267 1 1564
76301 3 1532
76324 1 1227
76354 3 3077
76366 1 542
76394 1 2329
76405 4 5489
76409 2 2559
76412 1 1272
76455 2 1356
76465 2 2400
76503 1 1066
76516 2 5399
76521 2 1643
76526 2 4857
76529 3 10440
76564 1 676
76578 1 872
76655 2 2833
76656 2 4057
76674 1 823
76679 1 697
76690 3 2184
76701 1 1582
76715 1 339
76719 2 1182
76745 1 1068
76753 1 3309
76760 3 2589
76762 1 7340
76780 2 5196
76786 3 1262
76793 2 5567
76840 1 630
76842 1 568
76884 1 865
76892 3 2271
76897 1 431
76912 1 821
76913 2 1702
76925 2 638
76929 1 1278
76932 2 3132
77010 2 6732
77015 1 1847
77026 2 1272
77053 1 995
77054 1 1501
77059 1 1688
77060 1 4150
77076 1 3304
77082 1 5693
77097 1 2699
77110 1 1799
77163 1 1994
77172 1 1401
77198 1 980
77202 1 8001
77208 2 4089
77209 2 4122
77210 1 4271
77211 3 3451
77212 3 3474
77214 1 3477
77222 1 1336
77225 1 2945
77230 1 727
77246 5 6149
77249 1 3213
77253 3 1729
77268 1 629
77359 1 2169
77364 2 1225
77381 2 582
77394 1 1254
77443 1 2709
77450 2 5940
77461 1 632
77474 1 4717
77487 1 916
77489 1 656
77505 1 409
77552 1 3565
77576 1 4731
77580 1 1337
77601 1 560
77621 1 1859
77834 1 3498
77860 5 2146
77864 1 749
77887 2 1637
77892 1 1122
77946 1 2824
77948 2 3393
77952 1 546
77954 1 4740
77957 1 1907
78013 2 1893
78014 2 1880
78062 1 3649
78111 1 1861
78116 7 5040
78118 1 2357
