tick tick 730 65215343 
132 1 13051
189 1 1288
340 6 2546
375 1 10166
384 1 1662
406 1 1543
561 1 449
668 1 2059
799 1 845
812 1 581
966 1 6046
967 1 4480
1635 1 22965
2001 1 2255
2083 2 4561
2124 4 1028
2125 4 937
2126 4 968
2154 1 710
2165 1 1384
2168 1 1638
2231 1 899
3707 1 2467
3708 4 3154
3829 1 1698
4010 1 1169
4179 12 2326
4187 1 7906
4527 1 3429
4740 1 2057
4741 1 3450
4822 2 1411
4850 1 1746
4888 1 1826
4889 1 2095
4948 1 3561
5131 1 1622
5179 2 569
5242 2 1621
5455 1 15074
5460 1 473
5792 1 2530
5916 1 1874
5960 1 1674
6017 1 1532
6151 1 6692
6183 1 2719
6297 2 3321
6649 1 1075
7416 1 829
7691 1 8794
7710 1 4326
7768 1 1818
7802 1 1216
8076 1 1663
8089 1 20930
8137 1 540
8285 1 3377
8287 1 4172
8434 1 702
8465 1 1696
8551 1 1200
8867 1 2603
8882 1 1066
9175 1 1821
9234 1 1133
9306 1 1955
9433 1 600
9492 1 6158
9741 1 1815
9776 2 3757
9789 1 4274
9936 1 2878
9958 7 601
10393 1 2415
10414 1 486
10665 2 3903
10794 1 382
10796 1 5414
10808 17 6608
10861 1 3297
11131 1 4066
11468 1 1225
11599 1 1132
12276 1 3077
12430 1 1737
12588 1 750
12608 2 516
12692 1 5477
13003 1 4796
13230 1 1741
13286 1 1437
13363 1 1279
13540 1 161
13618 1 28398
13641 1 769
13862 1 3335
13875 1 2890
14271 3 2963
14520 1 7541
14528 1 1229
14535 1 2058
14536 1 1661
14662 1 1844
14693 1 1549
14755 1 2245
14756 1 3039
14773 3 4394
14830 2 8170
14831 2 8171
14832 2 8172
15023 1 1799
15273 1 1030
15586 1 3732
15590 1 3007
15957 1 8025
16238 1 11763
16281 1 3429
16376 1 1139
16390 1 801
16479 1 1119
16643 1 2232
16736 1 1860
16745 1 600
16835 1 3680
16968 2 2878
17066 8 1101
17178 1 4206
17182 1 3085
17183 1 2046
17391 3 2225
17537 1 215
17589 1 12110
17767 1 10423
17847 2 1020
18036 2 3329
18228 1 4817
18640 1 464
18648 1 1076
18654 1 15696
18790 1 554
18879 1 3453
18933 1 6035
19042 1 3327
19375 3 4252
19509 1 1523
19555 2 253
19558 2 5943
19681 2 10198
19801 2 1215
19896 1 4758
19898 1 4338
19961 1 2081
20017 1 5287
20245 1 737
20409 1 1186
20679 2 6821
20706 2 8010
20908 1 1965
20999 1 2745
21116 1 824
21323 1 887
21378 1 356
21391 1 4613
21496 1 1009
21503 2 13267
21608 1 4754
21756 1 2820
21881 1 631
21974 1 2768
21983 2 8628
21995 1 2336
21996 1 2579
21997 1 2196
21998 1 2024
22032 1 4462
22044 1 912
22455 2 2770
23368 1 2432
23514 3 8145
23568 1 1244
23587 2 162
23748 1 4770
23781 1 1632
23829 1 8025
24119 1 14616
24593 1 1736
24737 1 1993
24790 1 2605
24842 1 3916
24864 1 3090
24882 2 8171
24883 2 8171
25150 7 1598
25175 1 4293
25276 1 1113
25474 1 3568
25656 1 4885
25714 1 1605
26161 1 14248
26502 1 3975
26722 1 1894
26723 1 1586
26741 1 777
26784 1 1465
26863 1 1540
26902 1 211
26945 2 2664
27036 1 6909
27264 1 750
27292 1 1239
27295 1 386
27308 1 7530
27706 1 1893
27827 1 2297
27872 1 3102
28034 1 1005
28414 1 3568
28675 1 1685
28707 5 606
28854 1 1290
28996 1 844
29009 1 1308
29044 1 22965
29556 1 1585
29725 1 540
29784 1 951
29877 1 2973
29910 8 5908
30177 1 958
30314 1 1766
30456 1 663
30635 1 2140
30708 1 1734
30872 1 2105
31012 1 525
31358 1 1730
31637 3 561
31821 1 4061
31884 1 396
31936 1 3664
31944 1 1454
31954 1 2261
31957 1 1455
32288 2 3260
32290 1 3009
32299 2 3515
32385 1 1964
32388 1 24490
33076 1 1741
33287 1 896
33590 1 3769
33819 1 4941
33904 1 1776
33907 1 325
33939 1 3908
34342 1 5941
34372 1 3359
34526 1 2380
34576 1 3903
34577 1 1088
34662 1 1885
34939 1 363
35182 1 13213
35700 1 448
35743 1 4461
36109 1 12698
36193 1 449
36242 1 1042
36287 1 1827
36312 1 1698
36926 1 888
37084 3 886
37107 1 1068
37308 1 1081
37334 1 317
37501 1 4449
37686 1 2096
37738 1 991
38135 1 2718
38136 1 701
38222 1 1936
38233 1 905
39148 1 4610
39270 1 2484
39271 1 2225
39341 2 9083
39532 1 2114
39986 1 880
40087 1 1024
40088 1 1024
40089 1 1024
40155 1 849
40287 6 10480
40375 1 2147
40435 1 2577
40512 1 2080
40520 1 881
40692 2 1154
40701 1 316
40985 1 2120
41056 1 165
41101 1 750
41113 1 1884
41128 1 2539
41164 1 1123
41998 1 845
42135 1 5733
42576 1 1655
42577 2 1608
42597 1 1554
42600 1 2138
42629 1 3606
42652 1 2519
42764 1 1569
42831 1 2086
42928 1 2793
43046 1 1122
43088 1 407
43229 1 8025
43416 1 1865
43428 1 1779
43642 1 944
43777 1 3197
44157 1 2662
44231 1 570
44303 1 2027
44304 1 1936
44305 1 1936
44409 1 73
44442 5 1179
44474 1 1141
44780 2 3261
44806 1 2433
45247 1 1519
45425 1 940
45581 1 8025
45810 1 1799
45846 1 1458
45951 1 762
46378 1 6175
46388 3 81863
46631 1 535
46668 2 2331
46782 1 1711
46783 1 2182
46784 1 2048
46821 1 1634
47049 1 492
47213 2 585
47366 1 936
47444 2 3470
47449 2 2847
47494 1 1324
47918 1 1254
48033 1 661
48078 3 11919
48374 1 231
48921 2 2787
48967 1 1372
49105 1 2283
49219 1 1069
49709 1 542
49787 1 1014
50031 1 1861
50040 1 6696
50360 1 1096
50485 1 3231
50512 1 903
50522 1 757
50552 2 2672
50853 2 3547
50914 1 754
51389 1 984
51545 2 10771
51658 1 1259
51845 1 1135
51967 1 2148
51993 1 12689
52233 1 1302
52283 1 2127
52290 1 3280
52408 1 1385
52501 1 1203
52674 1 496
53044 1 1024
53243 1 3386
53541 1 1370
53682 1 1860
53683 1 252
53772 1 1100
53773 1 1265
53794 1 2430
53837 3 3485
53842 1 2291
54441 2 4709
55473 1 1030
55502 1 1475
55517 1 1625
55578 2 900
55676 4 2434
56189 1 1843
56222 1 611
56442 1 487
56856 1 427
56858 1 2421
56884 1 1443
57415 1 2127
57459 1 1142
57660 1 6533
57834 1 4576
57878 1 3882
57915 1 2190
58477 1 99
58750 1 999
58844 2 3246
58859 2 1547
59072 1 10092
59175 1 1913
59210 1 1617
59460 1 1795
59523 1 1877
59604 1 1752
59635 1 4384
59985 1 4522
60063 1 3984
60224 1 8194
60225 1 2094
60226 1 2054
60227 1 2086
60228 1 2197
60278 1 3357
60701 1 1999
60702 1 1966
60703 1 1672
60778 1 3600
61173 1 779
61216 1 353
61256 1 2242
61420 3 2042
61718 1 978
61771 2 11091
61881 1 2444
61909 2 3209
61910 1 1215
61911 1 984
61949 1 1699
62204 1 8201
62243 2 3964
62453 1 307
62593 1 2061
62723 2 3363
62727 2 3232
62766 1 8596
62779 1 2483
62789 1 3394
62932 1 1598
63130 1 1449
63138 1 4006
63143 1 1109
63156 1 1380
63281 1 1021
63555 1 7057
63892 1 1816
64407 1 1172
64850 1 58
64881 2 1311
65108 1 1542
65614 1 2314
65639 1 1444
65710 1 1365
65748 3 1674
65789 1 61
65969 1 1157
65978 1 3467
66126 1 1464
66454 1 1171
66479 2 1154
66633 1 799
66974 1 1255
67021 1 6450
67418 1 239
67485 2 785
67963 4 2024
68220 1 269
68226 1 1021
68228 1 6756
68351 1 1158
68784 1 1803
68823 1 2312
68837 1 1538
69856 1 1831
70101 1 580
70169 1 8025
70207 1 10208
70395 1 1507
71059 1 2012
71172 1 1858
71185 1 2946
71242 2 11150
71334 1 2239
71405 1 1668
71421 1 1040
71725 1 1376
71825 1 176
71843 1 615
71919 4 2543
71976 2 1089
72028 1 1317
72125 1 519
72176 1 2898
72673 1 591
72679 1 1267
72695 1 717
72899 1 20275
72906 1 2265
72934 1 2319
72935 1 2042
72937 1 2290
73160 1 1243
73254 1 2203
73275 2 590
73481 1 619
73574 1 8025
73876 1 1770
73877 1 1442
74024 1 182
74575 1 2107
74645 2 6253
74743 1 1598
74744 1 746
74812 1 4167
74878 1 366
74903 1 635
75106 1 822
75175 1 444
75521 1 228
75533 1 1660
76094 1 1404
76394 1 2329
76505 1 10048
76521 1 1643
76627 1 2491
76773 1 2532
76917 1 2139
76918 1 1833
76919 1 1352
76931 1 978
77077 1 898
77095 1 1057
77124 1 3644
77236 1 1989
77646 1 643
77876 2 3309
78112 1 1269
78118 1 2357
