cost cost 16386 65215343 
5 6 922
6 1 808
13 1 542
14 4 616
16 1 1318
17 1 1148
24 1 774
37 1 720
40 1 1368
41 1 1471
48 1 1265
52 4 1874
61 2 1005
66 2 654
69 1 1167
73 4 759
75 1 1037
78 1 902
79 1 1195
80 1 797
81 1 787
82 1 815
83 1 714
84 1 2015
85 1 1203
86 1 1442
87 1 854
88 1 846
89 1 1101
90 1 387
117 9 6480
131 3 14882
132 5 13051
146 1 2254
147 4 3893
148 1 214
155 1 1851
165 1 440
203 3 5213
248 2 5568
251 1 844
256 1 8243
258 16 56657
264 1 1210
300 5 1935
304 2 996
326 1 769
331 1 735
332 1 493
333 1 427
334 1 434
335 1 447
336 1 525
337 1 570
352 2 2404
359 3 1896
375 7 10166
376 2 1200
385 1 651
422 9 1707
429 4 3151
430 1 3354
432 4 1624
439 4 1320
450 1 592
464 1 2497
471 3 3108
489 1 950
491 5 647
497 1 469
499 1 291
506 1 1411
507 2 1336
528 1 1240
531 1 645
533 3 1661
545 3 1351
548 1 1997
549 1 1000
551 1 1767
562 1 3293
573 3 2963
575 5 568
576 1 755
586 1 936
587 1 1004
595 7 493
622 4 614
650 4 1021
684 1 429
694 1 1606
695 1 318
707 1 625
710 1 958
712 2 201
724 5 984
725 3 7096
726 2 1173
736 3 2617
760 4 693
766 1 332
781 1 725
794 3 836
814 1 752
825 6 574
877 4 1236
886 6 5811
888 1 3495
911 1 1508
954 1 942
963 1 2981
965 2 2365
967 2 4480
982 1 2403
983 1 1001
985 1 628
992 2 3872
993 30 10702
998 1 521
1000 3 2589
1022 6 1773
1038 1 6757
1048 3 1240
1049 1 2440
1052 1 3416
1053 3 591
1059 2 1913
1068 1 124
1080 17 1254
1084 2 1247
1090 1 1121
1102 2 1837
1131 1 978
1135 6 1188
1146 2 776
1149 2 1495
1151 2 926
1153 13 6533
1164 1 621
1165 1 629
1168 1 880
1176 2 992
1179 3 1708
1190 1 1288
1213 3 3659
1218 1 708
1229 1 920
1231 3 4288
1246 1 201
1258 2 163
1265 1 475
1269 3 5091
1270 3 2273
1279 3 1288
1302 1 729
1336 2 1616
1378 1 643
1400 2 261
1421 1 800
1431 2 3318
1432 2 766
1433 2 1522
1452 3 6140
1470 1 960
1484 3 6578
1486 1 680
1503 2 915
1512 6 8417
1547 1 577
1548 1 1243
1550 2 852
1554 10 3023
1566 1 3548
1570 1 1617
1583 1 4414
1597 3 3184
1602 3 1577
1607 1 840
1615 1 1056
1621 1 275
1631 1 977
1634 2 30082
1636 1 752
1646 1 1170
1658 1 1529
1660 1 639
1661 1 585
1662 1 586
1663 2 889
1667 1 894
1675 1 1220
1684 1 1203
1722 1 1321
1726 1 2436
1731 1 1417
1737 1 4121
1745 2 1756
1760 1 805
1797 1 5684
1803 1 1628
1807 1 974
1810 1 886
1826 1 1011
1830 1 1777
1832 1 1266
1833 1 1154
1839 3 1052
1853 1 313
1855 1 2208
1880 2 861
1887 1 1785
1888 1 2450
1899 5 684
1903 1 860
1909 1 655
1914 2 456
1919 2 498
1924 1 700
1947 1 1288
1948 1 5448
1956 1 3792
1960 2 1186
1970 1 1066
1973 4 16948
1977 1 1021
1978 1 1775
1979 2 1129
1980 1 1830
1981 1 1770
1983 4 5638
1987 2 434
1990 1 233
1996 1 778
2015 2 1644
2046 3 13880
2050 2 2719
2052 1 1707
2065 1 288
2074 3 1047
2080 1 8786
2081 1 1053
2084 2 1228
2086 13 3653
2087 1 448
2100 1 475
2105 1 1500
2128 1 1868
2131 2 1334
2139 1 1034
2145 6 1693
2147 1 946
2154 2 710
2156 2 1904
2162 3 1205
2164 2 1939
2169 1 1619
2191 1 1582
2193 1 1999
2204 2 824
2216 4 2877
2217 1 1762
2226 3 1993
2227 3 1993
2228 3 1993
2229 1 925
2236 2 1793
2239 4 680
2247 1 1040
2249 2 1313
2251 3 1303
2337 1 1339
2338 5 1264
2341 1 1394
2343 1 1153
2344 2 1030
2346 1 690
2352 1 1260
2353 3 1386
2362 1 3506
2363 3 3977
2366 2 2774
2370 3 1211
2375 4 3907
2376 1 1246
2380 1 576
2382 3 1655
2385 2 601
2386 1 1335
2393 1 451
2426 2 1027
2441 4 7506
2466 1 193
2482 3 1146
2504 3 5375
2516 1 1602
2526 2 779
2533 1 922
2546 1 1042
2568 2 4333
2574 1 780
2578 1 1034
2589 1 691
2593 1 942
2594 1 1063
2595 1 1834
2596 1 900
2597 1 1557
2598 1 1523
2622 1 2635
2627 1 1223
2646 2 1971
2651 3 1903
2671 3 714
2674 2 654
2687 2 1139
2690 1 972
2732 1 876
2733 1 1374
2743 1 1107
2765 1 687
2771 1 3216
2775 5 848
2780 1 482
2791 2 1385
2797 1 342
2804 1 637
2806 1 459
2809 4 8131
2970 1 478
2971 2 848
2986 1 714
2987 1 932
2991 3 2631
2997 2 239
3014 2 1125
3027 1 3713
3029 9 1873
3046 1 1921
3086 1 4139
3093 1 963
3094 3 1813
3096 1 1172
3097 1 1399
3099 1 797
3100 2 2432
3105 1 3023
3106 3 3092
3108 4 2991
3109 1 3299
3136 2 609
3144 2 1189
3160 3 1108
3186 1 1440
3197 2 1690
3202 1 6501
3227 2 838
3235 1 807
3267 7 3085
3281 5 3667
3297 2 860
3322 4 6038
3331 1 1153
3340 1 1137
3372 1 940
3377 1 1482
3383 9 10722
3384 1 1216
3389 2 444
3408 10 3212
3409 5 3574
3410 5 11224
3414 3 807
3436 2 915
3440 4 1888
3462 2 1044
3482 1 3281
3486 5 4565
3487 1 736
3503 1 943
3514 2 5186
3529 1 989
3541 1 551
3542 2 1834
3543 7 1381
3545 1 3041
3563 1 1688
3569 1 405
3571 4 1011
3578 3 818
3579 1 4684
3582 2 766
3588 1 622
3589 2 1008
3592 1 916
3593 1 1011
3594 1 1229
3597 1 624
3604 1 2117
3612 1 1293
3614 1 1689
3621 8 1327
3639 1 3357
3655 1 1064
3668 2 8976
3671 1 4789
3689 2 178
3706 8 6639
3719 1 2258
3737 1 435
3740 3 1184
3741 1 753
3751 2 841
3752 1 689
3764 4 803
3767 1 1085
3773 1 2479
3794 1 2141
3796 1 172
3806 1 283
3813 1 620
3822 1 1594
3832 3 7941
3838 1 1106
3922 2 4998
3935 1 693
3939 1 800
3953 2 3340
4000 2 6980
4016 1 4260
4044 2 1940
4045 2 1533
4068 2 8611
4069 1 3379
4076 1 4324
4078 4 2535
4081 2 2482
4087 5 1383
4101 4 3929
4116 1 5941
4117 1 5825
4118 1 5861
4129 2 829
4144 2 2194
4145 18 6518
4146 2 1296
4168 1 1000
4170 5 3258
4171 1 2956
4172 1 4084
4178 2 3149
4183 1 661
4184 10 4232
4196 3 6780
4198 7 1153
4201 1 732
4204 1 3711
4212 2 1877
4213 1 721
4216 5 1283
4220 1 538
4224 3 921
4225 2 718
4228 14 736
4244 1 470
4249 1 2710
4251 2 2307
4256 1 2171
4261 1 295
4263 1 1825
4265 1 791
4267 1 330
4284 2 571
4297 2 7592
4298 1 7423
4336 1 1088
4348 3 3712
4356 1 3544
4358 1 1491
4368 2 4832
4377 1 1760
4390 1 1399
4396 3 1447
4419 2 920
4422 3 2597
4423 2 1170
4425 1 1104
4428 1 2072
4440 2 1273
4450 1 6385
4452 1 910
4453 2 1290
4455 1 1818
4459 2 4138
4462 1 6187
4464 1 1473
4478 7 3007
4479 6 2646
4489 1 2853
4491 3 1897
4520 6 1588
4522 1 2966
4524 1 2046
4526 1 1155
4530 1 1032
4552 4 1468
4557 1 211
4579 3 1909
4608 7 2302
4613 2 1374
4615 3 3920
4625 7 1120
4626 1 2742
4685 1 537
4687 2 639
4692 3 533
4696 1 885
4699 1 847
4703 2 668
4705 2 528
4709 4 2954
4727 2 1147
4752 3 5044
4753 1 5716
4755 1 1016
4771 1 4349
4796 1 566
4798 1 922
4800 1 1404
4801 1 858
4821 2 2178
4833 2 2973
4837 4 2109
4853 2 1774
4855 1 1500
4857 2 2912
4860 2 1791
4874 1 765
4896 1 1508
4900 1 1550
4905 2 7440
4906 5 8000
4907 5 8001
4908 5 8001
4909 6 4646
4910 6 4646
4911 6 4646
4912 1 7415
4915 4 4855
4916 4 4839
4917 5 4602
4918 5 2282
4919 2 2024
4920 2 549
4921 1 1991
4922 1 1947
4948 1 3561
4950 1 3067
4953 1 999
4969 1 1272
5072 1 1057
5082 4 545
5111 1 397
5116 1 256
5137 1 735
5140 1 1465
5141 1 1631
5150 1 1030
5171 3 897
5172 3 897
5174 1 1596
5187 1 758
5189 1 3419
5191 1 1326
5196 2 628
5215 1 333
5225 1 1789
5231 3 281
5239 1 925
5247 8 6498
5249 1 1852
5264 1 2502
5273 16 3302
5281 1 1564
5289 1 660
5292 2 1284
5313 1 1178
5314 1 1103
5315 3 929
5330 1 1270
5331 1 1325
5332 1 717
5333 1 1325
5334 1 906
5335 1 1367
5336 1 930
5337 1 957
5369 2 853
5386 4 1742
5396 3 6921
5423 1 801
5438 1 1768
5455 3 15074
5458 1 1024
5494 4 248
5497 1 992
5499 40 44062
5525 1 1587
5544 1 1382
5555 1 1187
5575 2 1013
5576 6 4592
5578 6 13045
5580 8 6581
5584 2 687
5613 2 1513
5629 1 641
5631 1 1323
5650 1 2097
5657 4 3480
5676 1 807
5792 1 2530
5840 1 712
5843 2 2680
5846 1 467
5847 1 551
5848 1 503
5849 1 759
5850 1 537
5851 1 560
5852 1 460
5853 1 668
5854 1 651
5855 1 1038
5865 1 1706
5867 3 5884
5887 1 1156
5894 9 4730
5916 3 1874
5917 1 431
5923 9 1033
5936 1 3330
5938 2 5865
5940 1 1549
5949 1 1365
5990 2 750
6014 4 3067
6015 1 3323
6025 3 933
6039 1 2773
6047 1 978
6063 2 1839
6077 2 2190
6082 1 1370
6084 10 3088
6144 1 1199
6148 1 2770
6151 1 6692
6153 1 1222
6163 1 4318
6170 1 854
6181 3 5519
6297 11 3321
6309 1 862
6316 1 3790
6321 1 443
6329 1 3134
6334 1 1066
6336 10 3254
6337 2 3747
6338 3 1825
6339 3 2231
6344 1 608
6358 2 2724
6362 1 2640
6363 1 4787
6364 2 7210
6454 1 2665
6457 2 801
6533 1 1057
6537 1 2037
6542 2 808
6552 1 965
6568 2 456
6577 1 1930
6579 4 4887
6588 1 853
6620 1 1074
6624 1 1092
6629 6 1414
6632 2 2264
6646 1 1067
6655 2 988
6735 3 731
6744 1 214
6751 2 1332
6756 1 911
6761 5 808
6787 4 187
6929 1 637
6944 1 1564
6945 1 3654
6968 1 569
6985 1 1013
7008 1 725
7014 1 1878
7016 3 1558
7040 1 1018
7045 1 2855
7051 2 1111
7062 1 3124
7078 1 2260
7091 1 869
7092 2 854
7093 1 1350
7123 2 1203
7132 4 556
7138 1 2191
7275 1 1286
7289 1 1079
7415 1 2592
7417 1 600
7419 4 1155
7428 1 1550
7429 2 1504
7433 1 1229
7491 2 7708
7496 1 703
7504 8 5695
7510 1 1175
7527 1 4859
7529 1 5927
7532 1 685
7534 1 491
7535 1 1561
7537 6 1406
7539 1 557
7569 1 2616
7570 2 9650
7577 1 2093
7578 1 5752
7588 1 582
7595 2 1030
7603 1 987
7611 2 660
7613 4 684
7638 1 1131
7646 1 2633
7673 1 4544
7678 2 739
7683 1 403
7685 1 1390
7695 1 1547
7704 4 3369
7706 2 3286
7710 1 4326
7711 2 1660
7715 2 2854
7717 1 461
7720 1 1667
7729 1 1221
7730 1 623
7743 2 2004
7744 2 2378
7755 2 2141
7757 1 2005
7761 1 1037
7763 1 2469
7764 1 2460
7767 3 3013
7773 3 7884
7774 2 1136
7818 2 418
7888 1 1022
7897 3 785
7909 1 1230
7922 1 2189
7938 1 762
7942 5 2590
7944 4 4834
7948 1 2839
7949 1 4128
7955 1 1555
7963 1 3329
7969 1 1771
7974 1 2073
7979 9 1038
7985 1 460
8002 1 533
8015 1 1526
8022 9 7719
8030 2 1085
8053 1 1114
8059 1 707
8062 1 2690
8065 1 1277
8068 1 850
8072 1 5760
8075 1 412
8079 1 294
8084 1 651
8085 1 2815
8089 1 20930
8093 19 20088
8101 1 4863
8106 1 4128
8121 1 891
8129 1 720
8139 1 4927
8157 1 687
8158 2 571
8160 1 450
8169 1 1622
8174 2 551
8182 2 810
8188 2 1754
8195 2 336
8198 1 643
8204 1 4600
8215 3 2073
8245 3 774
8249 1 7006
8263 10 2493
8265 1 640
8270 2 1577
8277 1 1119
8281 1 1224
8284 1 3146
8285 4 3377
8290 1 1567
8296 1 1165
8297 11 12133
8299 1 1374
8301 1 2361
8306 3 1820
8318 1 1271
8370 1 2235
8372 1 3639
8379 1 557
8382 1 19553
8390 4 1041
8391 3 2171
8393 2 3193
8412 1 445
8418 1 501
8422 12 5132
8425 3 770
8436 1 1685
8444 1 375
8447 1 2081
8455 1 798
8462 1 3138
8463 2 2137
8466 1 2863
8469 2 1089
8473 4 803
8500 3 4697
8508 2 5791
8521 1 1898
8538 1 839
8544 1 856
8553 9 3414
8559 1 4026
8561 1 3145
8569 2 314
8570 1 1765
8597 1 1147
8613 2 1556
8625 3 1063
8639 1 2193
8650 1 9126
8683 1 643
8685 1 1005
8693 1 796
8702 2 2609
8716 1 843
8740 1 1067
8756 7 957
8762 1 984
8763 1 1422
8764 1 387
8765 1 1159
8822 1 569
8827 4 6533
8828 1 2492
8836 1 1224
8844 1 312
8848 1 2976
8857 1 2274
8862 1 728
8919 1 1123
8926 2 1609
8930 1 557
8931 1 1039
8947 2 700
8975 1 806
8981 1 342
8982 1 1516
8990 1 1065
8992 1 2708
8994 1 944
9005 13 45220
9006 13 34059
9057 2 1319
9087 1 730
9088 1 598
9089 1 732
9090 1 695
9091 1 453
9092 1 495
9093 1 607
9094 3 614
9095 1 529
9111 2 731
9169 1 2306
9174 1 702
9182 1 1438
9183 1 1291
9198 1 1104
9201 1 1485
9203 1 3221
9205 2 2860
9206 4 3079
9224 2 850
9302 1 3665
9303 1 567
9307 2 1394
9315 1 966
9317 2 2510
9320 1 1505
9324 1 4421
9331 2 984
9337 1 1665
9340 1 927
9341 1 837
9348 1 4125
9350 1 760
9358 1 612
9379 5 884
9383 1 1234
9387 1 693
9389 1 688
9401 3 1529
9424 1 1274
9426 1 1273
9428 1 1149
9434 1 621
9444 2 507
9446 3 6689
9489 1 6134
9491 2 6177
9492 5 6158
9494 1 742
9496 1 878
9523 1 421
9534 1 642
9545 3 4422
9546 1 674
9548 1 3267
9549 3 560
9560 2 1447
9567 3 5360
9572 1 1029
9601 1 976
9612 1 1331
9613 1 1310
9626 1 1795
9630 1 651
9640 1 3873
9642 1 794
9643 1 755
9654 1 837
9688 1 227
9692 2 4792
9694 1 1329
9696 1 977
9698 1 2152
9725 1 654
9727 2 3290
9743 2 594
9745 1 1624
9749 6 752
9773 1 692
9776 2 3757
9795 2 6831
9796 1 6203
9798 1 2651
9799 1 3095
9801 4 3599
9804 3 5129
9805 1 5191
9806 2 6009
9810 1 869
9812 1 903
9827 1 2258
9830 2 1997
9832 1 2376
9836 1 2482
9840 1 1435
9856 2 500
9868 2 2464
9874 2 1009
9931 1 188
9932 1 1087
9939 1 1300
9947 1 329
9972 1 2809
9976 1 542
9981 1 1819
9982 1 1822
9991 2 760
9994 2 209
9998 2 2317
10001 2 1020
10011 4 677
10013 3 606
10022 2 3292
10023 1 1926
10033 2 8876
10050 1 585
10052 3 1469
10074 2 915
10078 1 921
10082 1 931
10083 4 2180
10091 1 1323
10092 1 1363
10093 1 1326
10094 1 1357
10095 1 1392
10096 10 2420
10097 5 1553
10098 1 1684
10101 20 12486
10105 24 8600
10115 1 1153
10120 4 1997
10124 5 1117
10129 1 1016
10145 3 697
10175 1 1616
10218 2 491
10225 2 846
10237 1 420
10256 1 1836
10262 2 523
10268 2 846
10285 2 1722
10289 3 8941
10314 2 4681
10317 6 4163
10319 1 1171
10320 5 1015
10321 1 1516
10325 1 1466
10330 2 1216
10334 1 1084
10346 1 1363
10358 4 1391
10366 9 2417
10376 3 1058
10377 1 2603
10407 1 135
10418 3 920
10423 6 1332
10435 1 638
10445 1 850
10454 1 1185
10461 2 472
10480 1 1599
10481 1 1483
10483 6 478
10486 4 2750
10488 2 1531
10495 1 1223
10520 1 2057
10528 1 2643
10537 1 438
10542 2 3137
10545 2 534
10580 3 1106
10591 14 7784
10606 1 504
10626 3 1442
10653 1 3190
10654 1 3128
10655 1 2947
10656 4 3117
10660 1 2397
10662 2 1275
10665 2 3903
10667 1 1994
10694 1 889
10697 2 1237
10703 2 519
10710 5 83
10711 2 1129
10714 1 1206
10720 1 738
10728 1 1305
10764 3 1652
10790 13 2503
10806 2 890
10808 2 6608
10810 2 761
10811 1 800
10842 1 1865
10845 1 2183
10861 2 3297
10868 4 1224
10886 1 849
10894 2 1184
10920 1 941
10922 9 746
10926 1 857
10940 2 7910
10942 1 1886
10949 8 4327
10972 1 673
10974 1 1151
10978 5 1405
11001 1 7028
11007 1 1008
11025 1 1034
11033 2 1125
11036 3 2826
11037 1 1092
11087 1 2013
11110 1 672
11121 3 729
11131 7 4066
11140 1 265
11141 2 2089
11143 1 1675
11192 1 1422
11202 3 3466
11228 1 1903
11235 1 496
11236 2 622
11237 1 600
11238 1 619
11243 1 641
11248 19 11766
11249 8 5195
11259 1 1202
11262 1 1739
11283 1 881
11284 1 883
11286 1 742
11288 2 9962
11289 4 922
11291 10 2301
11292 10 1815
11295 5 5148
11299 2 632
11378 3 6044
11381 2 804
11386 2 1182
11438 2 1275
11442 2 1013
11456 1 352
11459 2 530
11465 1 2175
11467 1 3152
11469 1 1277
11472 4 4154
11474 1 1219
11497 3 1516
11506 4 647
11532 1 412
11536 1 593
11539 1 1285
11544 1 1023
11546 1 577
11549 1 764
11567 3 1874
11569 25 6434
11575 1 481
11629 5 1114
11636 1 440
11641 1 1329
11648 1 482
11665 1 1141
11672 1 739
11676 3 982
11677 1 680
11680 2 1050
11686 2 1242
11708 1 179
11721 2 3482
11727 1 2119
11732 1 707
11735 1 1078
11856 2 1147
11858 4 4134
11859 1 4320
11863 1 1940
11878 1 1334
11949 7 3637
11955 2 1189
11957 1 615
11967 3 4440
11980 2 750
11990 2 648
11998 1 402
12105 2 1448
12125 1 577
12133 3 953
12136 7 1656
12138 4 18363
12146 2 2689
12156 2 13898
12160 1 790
12165 4 1159
12182 1 2585
12197 1 970
12211 1 4041
12222 1 2012
12223 6 6167
12229 1 2226
12233 1 1218
12245 3 780
12247 3 2230
12249 1 484
12258 2 976
12262 1 700
12268 2 1241
12274 1 684
12281 4 1155
12294 1 921
12311 2 2392
12323 1 795
12331 1 3864
12332 2 1098
12333 2 782
12338 6 1232
12354 1 1113
12359 1 1241
12365 1 8585
12369 3 1673
12388 1 3483
12398 1 582
12413 1 171
12414 1 1226
12419 1 3083
12429 5 988
12430 3 1737
12438 2 712
12458 1 3716
12465 1 1108
12469 1 187
12472 4 197
12480 1 180
12484 1 175
12489 1 192
12490 2 188
12495 3 3368
12498 5 3985
12499 5 3780
12513 1 451
12514 12 6560
12520 1 6343
12591 1 624
12592 1 1277
12601 3 3000
12605 1 771
12606 1 582
12608 1 516
12610 1 994
12634 1 264
12636 3 2613
12638 1 6177
12643 1 1624
12647 1 4896
12661 2 897
12674 1 6435
12692 3 5477
12697 1 1979
12728 1 1561
12731 2 995
12743 11 259
12750 1 1084
12751 2 5083
12752 1 743
12753 1 3395
12760 1 1563
12767 2 838
12797 1 211
12814 3 46677
12832 1 1318
12834 6 2681
12859 2 764
12885 1 6601
12921 1 1723
12932 1 598
12939 1 323
12944 4 2185
12948 1 2044
12950 2 2140
12954 3 1599
12959 2 1956
12968 2 652
12988 1 399
12996 1 2315
13003 1 4796
13006 4 800
13018 1 276
13019 3 1129
13020 2 1145
13036 1 676
13046 2 1817
13051 3 662
13053 2 3052
13058 1 11569
13060 6 3460
13062 2 2827
13076 1 1120
13086 9 1942
13089 1 1017
13094 3 1335
13127 1 637
13130 3 1432
13131 1 1016
13149 2 2234
13153 2 1159
13156 1 3209
13158 1 2677
13172 10 1025
13173 6 7475
13188 2 2230
13189 2 1276
13190 2 812
13224 1 3401
13229 4 3224
13230 1 1741
13239 1 2825
13268 1 2970
13314 1 733
13319 1 968
13332 4 14933
13339 1 2880
13343 9 5631
13350 1 34
13356 16 1677
13363 1 1279
13364 2 1478
13369 1 435
13374 5 2277
13375 6 3891
13393 1 3068
13400 1 2450
13401 1 187
13432 1 875
13433 1 4168
13440 3 1581
13470 1 2696
13495 1 794
13497 7 6632
13503 1 986
13508 1 6492
13527 3 1200
13534 1 2009
13539 1 1648
13548 1 6866
13556 1 2449
13565 2 2701
13579 1 803
13601 2 1798
13617 2 2513
13618 4 28398
13627 1 3259
13633 2 1178
13634 2 1029
13635 2 1237
13636 2 1160
13637 2 1271
13638 3 1679
13639 2 1946
13640 3 4066
13645 1 1507
13646 1 1438
13656 2 1364
13669 1 1253
13691 3 2873
13697 4 3718
13707 1 699
13709 1 1718
13711 1 4824
13807 1 1095
13826 10 1442
13830 1 968
13832 1 1089
13841 1 4015
13845 1 656
13859 1 651
13863 1 3445
13871 4 6056
13880 1 1368
13885 2 2142
13886 1 3122
13893 1 755
13898 2 419
13921 2 1046
13924 2 865
13936 8 3277
13950 1 848
13973 1 698
13974 1 872
13975 1 1041
13976 1 1984
13977 1 929
13978 1 784
13979 1 1974
13985 1 11629
14005 1 5769
14007 1 466
14010 2 1649
14049 4 1439
14070 3 609
14075 1 1673
14080 3 51830
14081 1 1133
14091 6 421
14116 3 869
14120 1 2870
14168 1 922
14173 1 938
14174 1 684
14183 1 1196
14185 2 2424
14190 1 1152
14212 4 12149
14213 2 579
14220 1 2570
14258 9 1857
14262 4 844
14266 1 617
14300 1 445
14301 4 2773
14302 1 2269
14315 3 3896
14329 2 1391
14341 1 610
14361 1 1088
14369 1 262
14374 1 3433
14375 6 1301
14379 1 717
14388 1 823
14389 1 807
14435 1 611
14448 1 511
14459 1 871
14474 3 3842
14491 1 3791
14493 1 620
14496 1 911
14502 1 989
14515 2 1354
14516 1 752
14522 3 1156
14526 1 1027
14528 1 1229
14550 3 3417
14552 1 351
14560 2 1173
14561 2 3007
14567 1 209
14630 1 557
14662 2 1844
14694 2 1912
14712 1 914
14719 1 769
14724 1 5113
14733 1 212
14745 2 1156
14746 2 1733
14747 3 1544
14748 3 1244
14760 2 840
14766 3 964
14782 2 1191
14819 2 1444
14820 2 4854
14821 1 1040
14829 1 1080
14830 7 8170
14831 7 8171
14832 7 8172
14833 2 7321
14834 4 2296
14835 4 2296
14836 4 2455
14842 1 897
14843 1 896
14844 1 906
14853 3 333
14875 1 423
14878 5 3248
14887 1 5014
14992 1 500
14993 4 1219
15009 1 697
15010 2 355
15018 1 243
15019 1 635
15028 1 4600
15048 1 892
15051 1 857
15092 5 2742
15095 1 869
15099 1 5771
15102 5 1625
15103 1 1258
15105 2 1198
15109 2 1344
15123 2 797
15124 2 1201
15127 1 1201
15138 1 1573
15142 1 861
15143 1 959
15144 1 1533
15145 1 800
15146 1 2156
15147 1 1355
15148 1 847
15149 1 846
15152 1 125
15185 1 1316
15203 3 5461
15204 1 3771
15209 1 2739
15211 1 1131
15217 3 755
15244 1 5618
15246 2 1182
15253 1 1272
15256 1 1068
15261 1 817
15277 1 1372
15279 1 1500
15284 5 771
15287 2 710
15293 13 5587
15463 1 500
15464 1 649
15465 1 496
15466 1 531
15467 1 555
15475 1 1055
15478 1 884
15491 2 758
15496 3 1821
15497 1 1224
15514 1 934
15516 2 990
15529 1 947
15539 1 383
15557 6 1027
15571 6 3116
15572 2 3411
15575 4 3094
15576 1 2773
15583 3 1612
15587 2 2694
15590 1 3007
15609 1 1362
15621 1 2140
15645 1 701
15663 1 697
15665 1 928
15673 1 886
15736 5 3238
15737 4 3706
15755 1 1292
15757 1 7636
15821 1 1007
15823 1 906
15833 1 1583
15844 1 1278
15849 1 1972
15871 2 677
15874 1 673
15883 2 1124
15904 2 2397
15915 1 623
15957 3 8025
15982 2 4744
16008 1 6422
16018 1 1112
16020 1 1631
16021 3 1876
16027 1 907
16041 1 483
16103 1 1875
16104 1 409
16105 1 1661
16116 2 1298
16117 1 2540
16119 2 1598
16122 1 300
16126 1 2272
16177 1 974
16179 3 763
16184 1 1312
16201 1 3976
16202 1 1892
16204 2 3527
16206 1 2677
16208 3 1237
16211 3 771
16222 4 949
16225 1 564
16236 2 5204
16238 4 11763
16241 2 1533
16255 2 2187
16257 1 6019
16258 2 7609
16259 2 1458
16260 3 4783
16263 33 4858
16276 2 3744
16281 1 3429
16282 1 579
16292 2 2759
16297 1 1746
16314 1 1260
16317 1 857
16318 1 807
16319 2 746
16320 2 1958
16321 3 1829
16326 2 631
16341 2 9421
16351 3 1039
16368 3 4019
16372 1 1589
16403 1 2270
16408 1 513
16416 10 750
16421 3 956
16427 1 1330
16432 1 505
16438 1 849
16439 1 738
16442 2 1557
16443 3 1618
16454 1 727
16459 1 2465
16464 5 3565
16465 1 3291
16475 1 2055
16476 2 664
16491 1 6610
16492 2 3998
16497 2 988
16498 1 626
16503 1 818
16506 1 2246
16528 2 1436
16536 1 924
16537 1 1394
16557 1 1683
16562 2 1204
16569 1 481
16592 2 2447
16595 1 204
16604 1 182
16626 1 481
16635 1 7678
16643 1 2232
16649 1 4446
16657 1 1834
16674 1 2131
16700 1 3762
16711 2 2292
16728 1 752
16734 1 1316
16740 1 916
16741 1 1522
16742 2 1501
16743 3 1505
16744 1 970
16758 3 806
16767 4 3326
16769 1 282
16800 2 2525
16810 1 2137
16814 1 525
16826 2 750
16836 1 4094
16843 1 15992
16844 2 2540
16845 2 8711
16850 1 4537
16853 3 1372
16854 1 1347
16855 2 637
16859 1 2243
16866 3 1023
16872 1 1005
16921 1 356
16932 5 4752
16935 2 3050
16942 6 12267
16943 9 10757
16952 20 7998
16958 2 5800
16970 1 1181
16977 2 993
16981 2 1907
17000 3 1473
17001 1 714
17002 1 968
17012 4 3524
17013 15 9772
17016 1 813
17047 4 737
17052 1 1174
17054 1 1596
17055 1 965
17062 1 3596
17083 1 1481
17097 3 2690
17113 1 4319
17122 8 9203
17137 2 1349
17138 5 2150
17143 1 2987
17144 2 1165
17147 1 697
17158 1 2334
17159 6 1453
17170 1 1231
17173 6 1072
17174 1 1157
17186 1 2741
17189 2 5992
17199 5 1582
17202 1 2274
17217 6 1186
17219 1 1500
17244 3 10025
17247 1 2453
17248 2 2188
17249 1 716
17250 8 1492
17252 4 2637
17255 1 1594
17256 1 529
17298 2 777
17304 1 5827
17306 3 776
17313 1 699
17316 7 1581
17317 1 1002
17319 1 286
17329 1 1123
17347 1 588
17349 1 829
17351 1 4853
17353 1 1336
17390 3 3105
17395 4 1269
17409 2 1250
17426 1 7075
17439 3 1217
17444 11 2110
17458 2 10296
17467 4 6562
17469 2 599
17475 1 496
17495 1 1540
17521 1 3039
17523 1 709
17526 4 654
17529 1 564
17530 2 547
17555 8 14925
17558 1 1065
17559 1 315
17590 5 6514
17591 1 3099
17599 8 4342
17600 4 2502
17608 2 1036
17615 1 740
17624 1 1483
17638 4 6007
17644 2 1115
17651 1 3602
17653 1 5954
17657 1 971
17666 2 1434
17669 13 5167
17670 8 5050
17671 7 3280
17672 12 4557
17694 2 709
17735 1 1588
17736 1 1309
17737 1 1122
17738 5 715
17743 1 1200
17754 1 1063
17758 1 28986
17768 1 1274
17769 1 1270
17770 1 1270
17771 1 1274
17772 1 1266
17773 1 1267
17774 1 1267
17776 1 948
17783 1 1634
17788 1 2252
17793 3 2999
17796 1 673
17808 2 228
17810 1 1705
17812 2 1141
17814 1 707
17817 2 6494
17835 1 791
17845 1 1053
17846 3 1416
17850 1 559
17859 2 986
17860 1 1026
17872 1 658
17877 1 344
17878 1 1062
17882 2 668
17904 3 6041
17921 1 1455
17961 2 1859
17965 1 421
17976 3 803
17981 1 1639
18004 1 5488
18022 1 791
18024 1 488
18032 1 3246
18034 4 3151
18036 13 3329
18038 1 3203
18050 1 306
18072 1 729
18087 2 2509
18088 1 1041
18091 1 1496
18092 1 1678
18122 2 1701
18123 1 2594
18124 1 993
18130 4 1535
18138 1 967
18153 5 3810
18263 1 2623
18264 1 3866
18265 1 4164
18269 1 605
18276 3 1341
18281 1 953
18285 1 1990
18288 32 4353
18292 1 822
18317 2 2463
18324 1 740
18329 3 607
18331 1 3395
18336 2 366
18350 1 1610
18353 1 1350
18366 4 2921
18395 6 6885
18396 7 12783
18397 1 235
18401 2 1110
18407 1 391
18409 1 1928
18415 25 5822
18453 1 845
18467 1 1259
18520 1 1776
18530 1 2029
18561 1 1135
18563 2 1099
18565 1 798
18580 1 811
18581 4 3194
18587 1 996
18592 4 1762
18614 1 1672
18619 3 1157
18621 2 5046
18636 1 1655
18639 2 1434
18650 1 1648
18652 7 2264
18653 10 4815
18654 4 15696
18656 1 1667
18657 6 2740
18682 1 368
18685 1 4688
18686 1 3449
18687 2 3261
18688 1 1233
18689 1 2550
18695 1 896
18709 1 949
18715 4 330
18725 5 1382
18733 4 1012
18755 1 1492
18756 2 1784
18759 1 2997
18779 1 2121
18803 2 507
18813 1 1761
18814 1 1715
18836 1 1272
18845 1 772
18855 1 1391
18863 2 2559
18864 1 263
18881 1 2780
18886 1 1074
18889 2 746
18927 1 459
18933 6 6035
18935 1 931
18965 11 20789
18966 1 7427
18967 3 13159
18974 2 479
18981 1 944
19004 1 7776
19043 1 4707
19051 1 1090
19059 1 838
19064 2 843
19077 1 2958
19079 1 16454
19086 4 2849
19091 3 1544
19111 1 4980
19117 1 1805
19119 1 907
19127 5 1026
19128 2 902
19141 1 1079
19148 1 3277
19149 1 1238
19155 3 2244
19166 1 1154
19193 2 980
19229 3 1661
19230 1 83
19237 1 1885
19315 1 966
19371 5 1293
19379 2 4781
19384 1 5576
19391 1 3144
19401 1 683
19420 1 532
19427 1 1218
19504 1 6279
19544 2 1036
19551 2 1078
19558 1 5943
19559 2 6375
19560 2 8071
19562 3 7991
19563 1 5781
19564 1 718
19566 1 874
19571 1 330
19583 1 769
19619 2 1020
19640 1 418
19647 1 3406
19648 1 287
19654 1 618
19685 1 4688
19686 2 4573
19687 1 2998
19694 2 737
19700 1 609
19705 3 614
19706 1 446
19712 2 548
19713 1 537
19714 3 495
19722 3 857
19724 1 883
19728 2 1498
19733 2 1292
19767 2 969
19774 1 725
19787 1 958
19792 4 3925
19818 3 4232
19826 1 564
19827 2 944
19832 2 4109
19856 3 1292
19872 1 1030
19874 3 1603
19883 1 5667
19884 4 5873
19898 1 4338
19899 1 6214
19909 2 1003
19928 2 2193
19934 1 984
19966 1 798
19977 2 970
19985 9 8977
19987 3 3502
19995 1 736
19996 4 885
20009 2 667
20013 1 2102
20015 3 2199
20021 4 1258
20030 1 4962
20057 1 5239
20153 2 1172
20157 1 644
20161 1 1149
20164 1 1062
20166 1 1465
20168 5 856
20169 2 2907
20170 1 3948
20178 4 4163
20180 1 1773
20187 5 961
20196 1 455
20197 1 514
20201 1 1137
20202 2 742
20214 1 406
20235 4 915
20236 12 1252
20241 1 1133
20252 1 3211
20265 2 1580
20267 2 1549
20276 1 904
20277 1 1485
20278 1 1044
20279 1 1548
20280 1 1019
20294 1 3768
20307 1 914
20319 1 477
20385 2 1007
20409 1 1186
20417 3 930
20421 12 12627
20422 3 12210
20431 1 615
20432 1 2495
20434 1 2324
20568 1 483
20569 2 685
20570 1 552
20571 1 457
20607 1 4252
20617 1 1245
20621 1 2416
20639 2 2734
20641 2 2659
20654 1 1589
20660 3 777
20661 1 1660
20663 1 2969
20677 1 8655
20678 1 4807
20680 3 2816
20684 10 12924
20707 19 35797
20708 4 24696
20730 3 3239
20778 7 4580
20780 1 1126
20800 1 1099
20815 1 340
20819 2 1770
20821 2 520
20822 1 800
20852 1 358
20861 1 2236
20870 1 4517
20883 1 877
20897 1 1325
20900 1 1355
20903 3 2764
20904 2 4287
20906 1 1642
20915 1 2042
20918 1 801
20942 1 1805
20981 8 4198
20986 1 1810
20999 3 2745
21017 1 175
21054 6 515
21061 1 2416
21072 1 780
21074 1 5552
21092 1 1053
21101 1 2647
21107 1 975
21119 1 861
21120 2 1094
21130 3 1097
21144 2 872
21152 1 731
21157 1 1251
21164 1 905
21166 2 681
21174 1 1423
21191 1 323
21195 1 1075
21197 1 1044
21200 10 3347
21201 1 748
21266 1 4449
21279 1 1380
21280 1 1259
21281 2 1524
21283 3 1603
21295 1 645
21305 1 954
21318 4 7108
21321 4 7104
21329 1 1062
21334 1 816
21336 3 4593
21347 3 1066
21365 1 441
21366 1 643
21367 1 475
21368 1 756
21384 3 1330
21389 2 3999
21391 7 4613
21409 1 625
21417 1 1547
21420 2 4351
21430 1 3084
21473 1 844
21490 1 4936
21495 1 1825
21500 6 4276
21507 1 7373
21530 2 2863
21532 1 989
21542 4 37742
21563 2 2416
21568 1 3870
21571 4 1372
21573 1 1590
21574 1 1373
21600 1 2318
21610 2 1218
21611 1 756
21612 1 756
21642 1 690
21644 6 11884
21648 2 6487
21652 1 1185
21656 1 904
21659 1 890
21660 1 862
21666 1 970
21687 2 796
21698 1 2267
21705 1 1432
21714 2 1537
21720 1 969
21725 1 771
21758 4 2344
21767 6 6211
21779 1 1083
21814 3 4204
21826 4 1017
21833 1 1883
21839 2 4667
21840 3 6308
21842 1 145
21843 1 174
21858 2 2839
21881 3 631
21903 1 3153
21910 1 1846
21915 1 1773
21942 1 1543
21943 2 2866
21960 3 7778
21969 3 4332
21976 4 3253
21979 1 861
21991 1 1915
21992 1 1844
21993 1 2572
21996 2 2579
22007 1 562
22012 1 475
22017 1 2683
22029 1 806
22030 1 663
22032 6 4462
22042 1 533
22052 1 1487
22057 1 1390
22060 1 1495
22078 1 579
22079 2 5115
22084 2 995
22087 5 1367
22092 5 8456
22093 14 10393
22105 4 2168
22108 1 2108
22115 1 2632
22121 1 958
22165 1 818
22198 1 2137
22216 3 13756
22226 1 1638
22417 1 571
22418 1 555
22419 1 748
22420 1 508
22421 1 613
22422 1 583
22430 1 427
22455 2 2770
22456 1 1938
22464 3 1400
22474 2 1110
22478 1 1558
22515 1 201
22527 3 2945
22528 1 3156
22539 1 482
22543 2 639
22570 1 1844
22575 3 1360
22588 1 1983
22591 2 2289
22609 5 1445
22628 1 1515
22638 1 1125
22760 1 900
22773 1 871
22775 1 940
22777 3 1813
22779 1 723
22865 2 480
22878 1 1217
22880 1 1358
22885 2 532
22891 1 725
22924 1 3942
22948 2 656
22969 2 758
23014 1 3266
23020 1 665
23023 1 1334
23029 1 1645
23034 2 1221
23052 2 663
23062 1 507
23064 2 7447
23074 26 813
23075 1 896
23135 1 616
23139 3 1265
23367 1 1364
23389 1 591
23396 1 563
23407 2 6338
23408 3 5715
23418 1 1302
23427 4 1196
23440 1 860
23442 1 1311
23450 2 2158
23451 5 2126
23487 1 796
23489 3 7818
23509 4 945
23510 1 1027
23511 3 1553
23514 2 8145
23525 2 3680
23526 3 2714
23556 1 1763
23563 1 936
23576 2 182
23582 3 153
23598 1 1236
23637 1 2848
23638 1 575
23661 1 1416
23671 5 7612
23678 1 5285
23697 4 5047
23735 2 1708
23742 1 1052
23765 4 11324
23776 3 864
23791 1 1776
23797 1 968
23805 1 590
23829 3 8025
23900 1 937
23902 2 471
23903 1 1291
23904 3 1172
23972 1 546
23982 1 1016
24091 3 743
24093 1 4836
24098 1 2429
24100 1 262
24107 3 909
24118 3 2970
24119 3 14616
24137 1 779
24140 1 1533
24152 1 1364
24155 3 778
24157 19 10311
24159 1 570
24162 3 1116
24169 1 2066
24175 2 1777
24179 1 482
24180 1 545
24181 1 669
24192 1 1034
24212 1 4006
24215 1 214
24219 4 7326
24220 1 1196
24222 1 3333
24225 1 1419
24226 1 1365
24227 1 1351
24228 2 1329
24232 1 988
24239 2 737
24251 3 1677
24252 3 634
24255 2 3586
24286 1 1402
24288 1 211
24295 2 192
24305 3 918
24339 1 459
24340 2 239
24368 1 1647
24372 1 259
24374 2 3085
24375 1 342
24422 1 863
24446 2 706
24448 1 629
24457 2 5563
24462 1 8468
24464 3 943
24482 2 1427
24487 6 690
24514 2 13551
24540 2 4575
24541 3 5645
24548 1 1104
24549 2 693
24559 1 1044
24561 2 3084
24566 1 3241
24568 1 5820
24590 1 4782
24591 1 4881
24592 1 4881
24597 1 802
24598 1 1407
24602 1 591
24632 1 815
24672 2 625
24676 2 617
24680 1 571
24688 2 459
24697 3 786
24699 11 726
24707 3 2560
24713 1 3212
24730 1 206
24738 1 4416
24747 1 5509
24748 5 4627
24750 3 6415
24752 1 1031
24772 1 1350
24784 1 1769
24789 5 4093
24814 1 1629
24827 1 1654
24833 1 1145
24837 3 1425
24838 2 1751
24839 3 1127
24840 3 9627
24849 5 4735
24864 8 3090
24876 2 2039
24879 1 557
24882 7 8171
24883 7 8171
24884 2 7321
24885 2 7349
24886 1 7415
24887 1 7415
24888 1 7415
24892 4 2296
24893 4 2290
24896 4 4879
24897 5 4588
24898 5 4667
24899 3 3770
24900 5 2275
24901 5 2275
24902 5 2275
24903 2 531
24904 2 530
24905 2 513
24906 1 900
24932 1 610
25026 1 1220
25028 1 1149
25041 1 947
25048 1 1625
25049 1 918
25053 1 1722
25057 1 2293
25064 2 1909
25102 1 1292
25109 3 1281
25129 1 990
25136 1 620
25153 32 3748
25154 32 4423
25159 2 487
25180 2 1405
25189 1 1305
25190 1 1528
25191 1 1013
25192 1 1525
25193 1 1425
25194 1 1545
25195 1 1073
25196 1 931
25234 1 4341
25242 1 2763
25243 1 3615
25254 1 431
25261 1 718
25267 1 2724
25282 1 1395
25300 4 726
25301 17 334
25316 2 1225
25363 2 2545
25383 1 440
25384 1 440
25385 1 411
25386 1 569
25387 1 418
25391 4 2825
25394 1 511
25407 6 3649
25409 6 4429
25424 1 934
25435 5 1429
25442 1 904
25454 1 357
25470 1 1437
25474 1 3568
25477 1 3314
25487 1 2868
25522 1 2549
25523 1 1166
25542 4 2369
25546 3 3100
25547 1 3685
25550 1 770
25553 1 3595
25555 1 3167
25568 1 2008
25614 1 747
25615 2 920
25619 1 756
25622 5 831
25656 1 4885
25673 1 921
25676 1 1444
25677 2 747
25692 4 929
25693 2 2462
25707 1 1454
25715 1 2184
25731 1 952
25743 1 1781
25752 2 841
25755 1 613
25759 3 1058
25802 2 1717
25810 1 1591
25815 1 1594
25901 2 1582
25905 1 419
25911 1 863
25912 1 730
25957 1 1091
25962 3 676
25964 35 4294
25974 4 732
26049 1 2989
26057 2 399
26071 1 694
26080 1 566
26081 1 721
26131 2 1898
26132 2 2930
26135 1 684
26138 1 2043
26154 2 1382
26156 1 926
26168 2 1153
26200 1 767
26203 1 970
26206 1 1472
26220 1 1669
26223 1 946
26225 1 554
26229 1 766
26235 1 3242
26239 1 1707
26241 8 5926
26243 1 713
26257 1 3709
26258 3 7349
26259 1 3718
26260 1 3718
26261 1 3710
26262 1 3711
26265 1 739
26272 1 189
26276 1 170
26286 1 634
26287 3 483
26288 1 1399
26289 1 435
26296 5 1258
26327 1 915
26332 1 1975
26346 2 642
26364 1 1388
26370 1 877
26376 2 1314
26423 1 3280
26454 2 1961
26457 1 520
26467 1 1027
26468 1 543
26470 1 1686
26486 2 1259
26498 4 32423
26502 1 3975
26539 1 1346
26541 2 4809
26546 1 1029
26570 7 1069
26576 1 1569
26579 2 1078
26582 1 752
26586 2 2458
26590 1 2388
26605 1 902
26685 2 896
26686 11 709
26687 2 624
26690 2 556
26700 1 1342
26702 1 2067
26706 11 438
26709 1 2025
26727 2 4405
26760 12 793
26761 1 163
26769 2 426
26773 1 833
26784 3 1465
26787 1 994
26796 2 2116
26797 1 1479
26812 1 1962
26816 13 2936
26817 1 1868
26820 7 5014
26827 3 2251
26832 3 1182
26836 1 2928
26837 4 978
26864 1 1066
26874 1 555
26888 1 1987
26890 1 1680
26894 1 1026
26898 1 469
26899 1 1342
26901 1 1096
26936 1 2050
26944 1 2864
26946 1 2974
26975 6 1997
27035 1 1356
27036 30 6909
27037 21 4999
27134 1 823
27135 1 1071
27157 1 523
27167 2 707
27181 2 454
27182 1 3254
27192 3 653
27196 1 1661
27197 1 1655
27198 2 2800
27207 1 1176
27209 1 800
27213 1 2166
27238 3 1588
27275 1 1290
27308 5 7530
27310 5 1076
27321 3 7344
27322 1 3721
27323 1 2478
27324 1 3721
27337 1 917
27379 1 931
27390 1 1355
27400 1 1468
27412 12 1992
27461 1 4148
27489 1 655
27519 1 1928
27568 1 2345
27569 1 969
27573 1 556
27652 2 1358
27654 1 2800
27677 1 765
27681 1 1250
27691 1 1205
27709 3 887
27734 1 209
27747 1 1674
27772 2 3134
27774 1 2355
27809 1 1060
27812 1 3494
27813 1 1873
27823 1 1303
27827 2 2297
27836 1 3088
27851 16 5844
27852 3 5540
27853 3 3446
27854 2 916
27855 1 855
27856 1 872
27857 1 868
27862 2 8511
27872 1 3102
27883 2 4980
27974 1 1432
27995 1 493
28013 5 1089
28016 1 682
28048 1 1522
28057 1 737
28061 4 1621
28098 4 10589
28103 1 5130
28104 1 1950
28105 1 3202
28108 1 561
28115 1 2406
28123 7 7111
28124 1 1275
28128 1 957
28129 1 1062
28130 1 1740
28131 1 1689
28132 1 1353
28195 1 195
28196 1 954
28218 1 1482
28261 8 11790
28266 1 1597
28271 1 1650
28280 1 2119
28285 1 1038
28316 2 1269
28326 1 761
28433 1 1842
28434 1 1842
28446 8 9326
28451 3 814
28454 1 5320
28457 16 5857
28458 16 5864
28459 3 5561
28460 3 5545
28461 1 926
28466 3 10312
28467 2 8583
28468 2 8583
28469 2 8615
28471 2 1574
28472 1 3173
28477 1 3627
28491 1 4917
28495 2 1554
28638 2 1123
28639 1 2821
28640 7 1389
28658 1 729
28665 1 597
28671 1 1093
28678 1 502
28715 1 631
28723 1 677
28725 1 1071
28736 1 433
28748 1 836
28777 1 646
28787 1 804
28809 1 649
28825 1 654
28826 1 2041
28829 2 1738
28830 1 502
28838 1 3316
28840 4 12057
28845 1 1429
28859 2 1280
28864 5 490
28871 2 2000
28881 37 2326
28884 1 1347
28885 1 1833
28886 1 1271
28887 1 828
28888 1 748
28889 1 976
28913 3 1073
28918 1 1609
28951 4 4581
28953 1 1170
28972 1 569
28975 1 762
28996 1 844
29043 2 611
29045 1 1313
29059 1 158
29065 1 1104
29068 1 308
29089 1 4866
29138 2 673
29303 2 2173
29332 1 593
29333 1 512
29334 1 517
29335 1 478
29336 1 554
29337 1 536
29338 1 462
29339 1 448
29340 1 506
29346 1 5736
29383 1 1087
29385 2 3769
29396 10 8576
29414 1 1661
29416 1 1065
29433 1 1359
29436 1 1447
29454 1 405
29475 1 2177
29491 1 3124
29493 1 3306
29522 11 849
29523 2 10213
29529 3 4211
29557 1 7051
29572 1 2781
29589 4 788
29591 2 790
29603 7 1169
29624 1 1181
29631 1 1819
29648 16 8110
29678 1 1181
29679 1 1182
29690 1 2211
29691 1 2211
29693 1 1825
29709 11 1886
29714 1 623
29715 1 4501
29716 1 971
29722 27 9450
29723 1 714
29725 1 540
29790 1 1023
29806 1 1218
29820 2 861
29822 1 1623
29862 1 694
29871 1 771
29882 1 398
29891 4 4871
29906 1 160
29910 1 5908
29953 16 802
29967 1 953
29985 2 604
29987 1 1548
30034 1 1737
30059 3 2773
30077 1 3556
30083 1 1284
30107 9 2533
30129 2 537
30137 2 5022
30143 1 1666
30145 1 1077
30158 2 1827
30164 1 2045
30166 1 953
30167 2 1260
30177 1 958
30189 1 1236
30255 3 2558
30261 2 977
30262 1 422
30273 5 2533
30293 15 6059
30307 2 3452
30310 6 2537
30311 1 1862
30312 2 1701
30329 2 1008
30358 1 523
30380 1 1089
30511 1 2112
30517 11 1817
30519 3 5484
30526 5 4142
30556 1 648
30560 2 884
30573 2 2812
30582 2 1273
30584 1 678
30588 8 3696
30609 1 3139
30635 5 2140
30639 1 8117
30707 1 932
30727 1 1425
30737 1 434
30747 2 4167
30750 1 1681
30824 3 896
30861 1 552
30870 1 2859
30875 1 1543
30888 5 2250
30899 4 2210
30900 1 489
30922 2 675
30923 1 1078
30926 1 1007
30927 1 723
30928 1 1215
30929 1 1671
30930 1 1699
30936 1 2343
30952 1 3956
30953 1 4469
30972 2 877
30973 22 7204
30975 2 1381
31005 2 423
31021 1 1103
31045 8 24677
31049 1 666
31052 6 3636
31061 2 1776
31062 1 80
31094 1 7803
31154 1 493
31218 1 477
31219 1 563
31220 1 691
31221 1 506
31222 1 644
31232 1 417
31257 2 1242
31258 1 860
31260 1 711
31264 1 1761
31288 1 2833
31289 2 1482
31296 1 410
31307 1 842
31321 1 710
31328 1 3214
31330 3 2751
31347 1 1893
31355 4 5480
31376 1 613
31395 3 3700
31398 3 896
31410 2 2031
31417 1 1164
31429 1 1352
31455 1 1709
31461 1 4365
31501 2 1067
31505 2 914
31511 1 731
31512 1 857
31513 1 1104
31514 1 617
31516 1 1397
31518 1 5634
31563 1 728
31570 1 508
31588 2 1119
31662 1 455
31665 1 594
31702 1 2004
31717 20 6445
31721 1 323
31735 1 1164
31736 1 1926
31743 2 709
31744 1 7219
31752 1 543
31762 1 915
31768 1 565
31781 1 204
31790 1 1335
31793 1 784
31797 1 1376
31798 1 1484
31799 1 1487
31800 1 825
31801 1 985
31821 1 4061
31825 1 3867
31829 2 14263
31835 2 2763
31848 1 642
31915 17 356
31923 2 847
31929 2 15160
31932 1 692
31936 1 3664
31954 2 2261
31955 1 632
31960 1 1028
31964 1 627
31965 1 728
31975 1 1903
32012 2 560
32019 17 4793
32039 24 3651
32121 2 2253
32148 1 2042
32151 1 632
32152 1 521
32153 1 470
32154 1 633
32155 1 545
32156 1 723
32157 1 586
32158 2 832
32170 4 1811
32190 1 3358
32208 3 2672
32214 2 700
32216 1 1582
32226 2 3217
32240 2 3457
32241 1 5341
32275 1 856
32277 1 1178
32288 11 3260
32290 13 3009
32292 1 3278
32294 4 3074
32295 1 3206
32297 1 3273
32298 1 3261
32299 19 3515
32301 4 3186
32302 1 3115
32312 1 836
32329 3 5073
32366 1 3530
32376 4 3793
32388 32 24490
32408 6 2851
32412 1 1195
32430 2 1546
32486 5 2886
32487 1 1186
32491 1 6991
32492 1 692
32493 1 853
32579 3 442
32583 1 174
32608 2 1910
32623 2 461
32626 2 443
32629 2 434
32650 2 412
32671 4 1446
32677 1 410
32704 3 2103
32718 3 5437
32719 3 5014
32739 1 297
32749 1 1148
32751 1 1482
32753 7 1998
32758 1 1307
32764 2 2272
32765 2 2291
32766 2 2278
32768 1 892
32781 1 2000
32788 1 693
32808 2 1156
32815 2 395
32830 1 2018
32835 1 516
32847 3 2340
32878 1 330
32894 2 348
32907 2 1937
32972 9 11367
32975 1 2044
32979 7 426
32986 1 3067
33069 2 3021
33079 1 3096
33080 1 2203
33085 3 412
33090 1 1529
33091 3 10334
33138 1 1739
33152 2 968
33156 3 735
33172 1 511
33175 1 552
33209 1 573
33211 1 1214
33220 1 1178
33221 1 724
33249 2 753
33251 1 2034
33257 1 996
33261 1 726
33296 1 489
33303 1 928
33309 2 657
33310 1 9499
33329 1 2558
33333 4 6676
33350 1 194
33352 3 191
33367 1 1062
33392 3 753
33410 1 380
33429 1 413
33459 1 24
33475 4 5068
33488 4 984
33494 10 11341
33501 1 1328
33504 1 1979
33505 2 969
33508 1 964
33573 1 1218
33583 1 792
33600 1 711
33607 1 1916
33613 1 697
33618 1 509
33622 7 1668
33626 1 991
33634 2 1541
33645 5 1102
33647 2 1671
33656 1 680
33675 3 2486
33677 1 1132
33678 1 718
33683 1 952
33689 1 2181
33690 1 825
33691 1 828
33739 1 1711
33748 1 855
33750 10 2944
33759 1 931
33760 3 616
33786 10 3235
33807 1 599
33809 1 398
33841 1 176
33843 1 154
33845 1 183
33847 5 7078
33849 2 1016
33850 6 1130
33851 1 866
33859 2 7228
33861 1 410
33864 1 649
33872 5 1046
33893 1 692
33904 1 1776
33924 7 11847
33925 1 684
33931 2 997
33937 5 14231
33938 2 5544
33939 1 3908
33952 1 793
33955 4 3773
33976 1 978
33979 1 1410
33988 1 1595
34001 1 1517
34015 1 1157
34026 2 1201
34039 25 23394
34052 1 11789
34062 3 2698
34069 1 1786
34085 1 4021
34090 1 2456
34118 1 2699
34170 1 771
34182 2 512
34201 1 2057
34208 1 2130
34212 1 904
34214 4 1033
34222 2 3470
34240 5 743
34251 1 920
34266 1 3285
34268 1 3482
34289 1 2981
34303 4 4581
34307 6 1047
34342 2 5941
34347 1 1729
34351 5 2425
34354 2 2232
34371 1 1014
34372 1 3359
34375 1 1602
34394 1 8616
34402 1 298
34408 1 1352
34445 14 2643
34449 9 3565
34481 3 3475
34489 3 1568
34497 2 1468
34505 1 3691
34509 1 1584
34524 2 879
34525 1 1736
34526 1 2380
34551 1 992
34552 1 2327
34561 1 870
34564 2 1271
34573 1 2200
34574 14 2252
34575 2 2031
34579 2 1171
34582 1 513
34583 1 4980
34586 1 663
34615 2 464
34617 2 1251
34632 1 808
34633 2 1016
34634 1 1126
34645 4 1526
34650 1 2639
34657 1 646
34661 69 22673
34667 1 1073
34670 8 1968
34673 1 2293
34683 1 1171
34690 1 914
34694 1 658
34695 3 697
34714 3 874
34727 1 174
34745 1 3957
34752 1 1744
34779 1 2859
34782 2 740
34787 1 510
34794 2 1523
34804 4 3895
34805 1 784
34808 1 1397
34811 2 612
34813 1 2197
34825 1 778
34826 1 1380
34827 1 1335
34828 1 2867
34829 1 1444
34830 1 852
34839 2 399
34843 5 983
34854 1 1136
34855 1 395
34860 2 3758
34861 4 4582
34869 1 1137
34870 1 976
34892 2 1197
34895 6 1257
34901 2 18201
34923 1 2774
34944 2 946
34946 1 1109
34952 1 915
34956 1 818
34964 3 1938
34972 1 2699
34993 4 853
34995 2 3471
35053 1 773
35059 1 339
35067 1 1233
35072 1 743
35077 3 753
35146 3 1199
35148 3 1369
35149 3 9307
35150 3 619
35151 8 4287
35169 5 631
35170 1 1948
35175 1 1265
35177 1 1731
35182 1 13213
35340 1 4545
35345 4 1795
35358 1 1042
35367 1 523
35370 1 1313
35375 1 677
35398 3 4556
35399 1 6478
35427 6 12574
35428 6 12657
35434 1 1365
35454 6 2122
35460 1 662
35472 1 1008
35486 1 1430
35487 1 1788
35491 1 352
35515 1 949
35530 1 533
35567 1 654
35599 1 1705
35634 1 199
35640 3 543
35641 1 529
35643 1 451
35677 2 2037
35681 4 1430
35683 5 1542
35700 1 448
35714 1 1619
35723 1 292
35743 6 4461
35753 21 3277
35790 1 1499
35791 1 1953
35828 1 5244
35835 1 1430
35852 1 3364
35857 1 1888
35861 3 10960
35889 1 507
35898 1 726
35904 2 1088
35906 1 1780
35946 1 3409
35984 5 885
35989 7 5185
35993 2 1442
36009 2 1434
36013 4 2981
36019 1 852
36023 1 5721
36027 14 7080
36028 1 1853
36033 2 3256
36035 1 695
36040 1 1563
36053 1 1200
36057 1 2918
36079 5 1377
36083 2 1627
36109 2 12698
36134 2 19793
36140 2 623
36149 5 429
36157 4 682
36177 8 2374
36178 1 4277
36193 2 449
36196 1 1795
36197 1 521
36201 1 622
36203 1 842
36215 1 2448
36223 1 2477
36238 1 1023
36240 3 963
36277 1 868
36284 1 1599
36285 1 1329
36286 1 1718
36294 1 3160
36297 4 1282
36299 1 2612
36310 2 1301
36311 2 2920
36334 1 1139
36343 5 1778
36344 2 1190
36363 1 2502
36373 4 2127
36379 2 1733
36383 1 2040
36391 4 7515
36392 5 6574
36393 5 6574
36394 2 5251
36395 2 5251
36396 2 5251
36397 3 8678
36398 3 8678
36402 3 2671
36403 4 2989
36404 4 2989
36405 4 2989
36414 1 3031
36442 1 1154
36443 1 1970
36457 5 980
36461 1 437
36471 1 541
36491 1 1190
36496 2 316
36498 3 8241
36501 1 900
36508 2 1025
36525 1 544
36594 1 830
36600 1 1304
36602 1 1021
36605 1 1696
36608 3 740
36611 1 335
36612 3 2808
36614 3 2919
36616 1 806
36671 3 1332
36682 1 2478
36720 1 619
36724 1 2272
36731 2 885
36732 4 18263
36738 1 1296
36754 1 1714
36756 1 1035
36757 6 2134
36770 1 2401
36775 11 4563
36785 1 1843
36786 4 1500
36789 1 1662
36814 1 764
36816 1 1047
36823 2 1482
36836 4 1458
36837 1 1141
36838 2 1144
36862 1 547
36869 1 1242
36874 1 369
36878 1 1195
36881 2 1464
36882 5 6259
36892 1 224
36895 1 891
36909 1 832
36910 1 499
36911 4 643
36917 2 1649
36932 1 1538
36944 1 1225
36972 1 186
36988 2 582
36992 6 847
37010 1 1050
37011 1 2340
37027 2 579
37038 3 1290
37042 1 502
37053 2 2470
37057 1 5130
37062 1 484
37063 7 1966
37066 2 767
37067 3 1829
37072 6 2165
37106 1 3136
37124 1 815
37171 1 1206
37175 1 1376
37182 2 13117
37187 1 3415
37193 13 4630
37205 1 2953
37214 1 528
37278 1 2964
37328 1 338
37329 1 431
37335 2 4505
37359 2 2181
37365 1 871
37368 2 1160
37379 1 1264
37388 2 936
37389 1 921
37395 1 1119
37407 1 1372
37409 3 2886
37417 1 899
37418 6 1786
37419 4 13883
37423 1 13622
37425 1 4184
37427 2 7481
37439 3 636
37445 2 1889
37462 3 1410
37463 4 651
37464 1 728
37468 1 561
37469 1 977
37470 2 972
37471 1 828
37473 1 701
37496 7 2380
37502 3 1948
37509 1 1007
37523 1 1077
37542 1 416
37545 1 2346
37555 1 959
37558 1 517
37559 2 667
37565 1 1282
37579 1 4434
37589 1 989
37594 1 1661
37615 1 2824
37621 1 648
37623 1 913
37628 2 1169
37630 2 2027
37656 2 1075
37662 1 2053
37673 2 954
37678 2 1076
37709 2 1372
37712 9 8990
37720 1 910
37722 4 953
37724 2 2484
37728 2 659
37729 1 437
37734 3 3488
37739 9 3012
37744 1 1092
37747 1 4991
37830 1 484
37849 1 982
37872 1 702
37875 5 644
37889 3 4249
37892 5 5282
37904 11 1805
37906 2 1709
37909 1 2154
37918 2 993
37929 3 2603
37932 15 17484
37962 1 2971
37971 1 1025
37972 1 1436
37974 3 1488
38004 1 2166
38005 2 3590
38024 1 1239
38027 1 1907
38053 1 699
38059 3 1549
38062 1 2930
38066 1 948
38086 2 370
38089 1 3093
38102 1 939
38123 3 2113
38133 2 490
38154 1 2189
38159 3 1705
38166 1 1380
38186 2 1792
38210 2 1326
38229 2 4034
38234 4 914
38242 2 1095
38252 1 544
38257 1 551
38286 1 546
38288 2 1083
38291 1 896
38300 1 745
38320 1 422
38326 6 699
38347 2 992
38356 1 1322
38359 6 1335
38397 1 744
38409 1 1711
38412 1 2954
38431 1 621
38444 2 352
38447 1 2944
38450 4 589
38457 3 1223
38469 1 398
38482 3 1834
38483 3 1201
38508 2 2464
38509 1 1250
38512 1 1647
38526 1 1143
38530 1 1502
38531 1 194
38536 4 1157
38539 1 720
38557 1 10387
38577 1 795
38586 3 3019
38589 1 1121
38590 2 753
38608 7 4302
38610 2 1389
38611 12 5792
38615 1 1026
38619 2 453
38640 1 1038
38642 3 1372
38643 7 1335
38646 1 617
38661 1 618
38663 3 3825
38669 1 878
38679 5 4243
38686 1 2997
38687 1 2099
38694 1 1649
38703 1 646
38711 1 2289
38712 1 9962
38713 6 1687
38737 2 1277
38741 1 543
38753 1 663
38777 1 774
38802 1 4212
38807 1 2365
38851 1 4217
38855 1 5137
38859 1 557
38875 1 1645
38887 2 1530
38888 1 1184
38889 1 779
38910 5 7766
38916 2 6621
38924 1 59
38925 1 1372
38929 2 709
38932 2 829
38944 1 3052
38945 1 1483
38975 1 912
38976 3 3085
38984 1 268
39015 1 2466
39018 1 1936
39042 1 3251
39048 2 205
39049 1 1028
39056 1 564
39084 2 4248
39097 2 1486
39132 1 3874
39143 5 2279
39149 1 2101
39151 1 1763
39165 1 1217
39166 1 1097
39167 1 1736
39168 1 1160
39170 4 1347
39171 1 1263
39175 2 3064
39179 1 2122
39193 2 3626
39195 1 2112
39198 1 2105
39199 2 1404
39211 1 824
39240 1 1187
39241 1 7079
39250 3 644
39260 1 2636
39264 5 7187
39278 1 5705
39281 1 1733
39283 1 2198
39290 4 5621
39294 1 1948
39299 2 1321
39311 2 2070
39327 1 897
39329 24 32477
39341 2 9083
39397 2 2248
39401 2 3431
39406 1 1360
39431 4 836
39435 1 281
39436 5 2554
39457 1 1408
39460 1 103
39464 1 552
39467 1 976
39471 1 1340
39475 2 1192
39479 1 301
39482 1 1937
39485 9 880
39489 1 1197
39490 1 939
39522 2 103
39524 40 2137
39536 1 1463
39537 2 1083
39539 1 1033
39547 1 1316
39548 1 1379
39550 1 1569
39581 1 707
39588 4 6063
39623 1 508
39627 1 1010
39630 1 707
39633 1 518
39636 1 988
39647 2 872
39652 1 615
39658 1 766
39690 1 2140
39702 3 949
39704 1 1282
39706 3 1567
39707 1 818
39713 18 849
39743 1 157
39773 1 1598
39777 1 972
39790 1 720
39797 1 2288
39799 1 994
39800 1 1463
39803 1 191
39806 1 1057
39916 1 1355
39920 2 1039
39926 2 1489
39929 1 1959
39953 2 1179
39954 1 666
39958 1 1932
39966 1 577
39969 1 1086
39978 3 30166
39989 1 423
39993 6 6188
40015 1 892
40017 1 797
40021 1 604
40022 1 2312
40023 4 493
40036 4 2425
40037 2 3833
40043 1 1164
40048 1 1831
40052 6 2623
40060 1 1447
40070 1 1450
40083 1 1444
40086 1 1548
40093 1 4751
40094 1 963
40095 2 970
40096 1 919
40113 1 2948
40132 2 890
40156 1 551
40180 1 397
40224 1 1671
40225 2 1682
40226 1 1053
40227 1 865
40228 2 722
40231 1 672
40251 1 1196
40253 1 3705
40254 1 2478
40255 1 3713
40256 1 1952
40257 1 3718
40268 1 167
40273 1 171
40286 1 152
40287 3 10480
40289 1 627
40290 2 407
40291 1 381
40320 1 7910
40334 2 965
40367 1 191
40371 1 1103
40375 1 2147
40392 1 1557
40401 12 2725
40407 1 2371
40409 1 787
40410 1 562
40414 1 3454
40444 1 1611
40509 1 2348
40518 1 647
40526 1 937
40538 3 14088
40550 1 3684
40552 3 4962
40571 1 706
40586 10 8741
40617 1 1538
40630 1 5684
40639 1 1499
40695 1 8337
40697 1 2727
40700 2 455
40730 1 431
40734 2 974
40739 1 5778
40743 2 1173
40744 3 1283
40747 5 5237
40751 11 1847
40757 1 1772
40761 1 819
40763 1 3495
40775 1 1455
40778 1 855
40780 1 576
40816 1 1398
40817 1 2302
40819 1 10440
40820 3 4100
40860 1 909
40871 1 28
40897 4 2888
40910 1 602
40923 7 602
40926 2 4236
40930 2 357
40936 1 3129
40944 2 5673
40953 1 841
40962 1 1247
40965 2 616
40966 2 1237
40977 2 4178
40986 3 693
40991 1 390
41013 1 2867
41032 1 2291
41033 2 2191
41035 1 972
41049 1 2451
41054 1 847
41066 1 721
41075 5 2253
41077 1 1806
41086 1 1327
41089 1 2270
41106 2 1181
41114 1 2690
41118 1 2966
41154 2 1359
41159 1 816
41165 2 1234
41207 2 988
41229 2 220
41238 1 4035
41263 1 2085
41265 1 650
41284 1 1587
41318 2 1662
41323 1 800
41327 2 4020
41331 1 294
41341 1 1666
41349 2 1605
41434 4 1152
41457 1 705
41458 1 1078
41518 1 573
41519 1 741
41524 2 2455
41547 1 994
41605 2 996
41674 1 4187
41691 1 547
41707 1 690
41710 1 582
41732 1 1023
41743 1 1028
41754 3 1650
41755 1 800
41757 1 487
41772 1 1868
41782 2 964
41785 11 1619
41788 1 362
41802 6 2461
41803 1 2074
41818 1 3884
41834 3 1285
41841 1 1074
41842 1 1367
41844 3 1013
41845 2 368
41846 1 987
41857 1 1647
41864 4 1341
41870 1 1014
41916 1 186
41918 1 203
41920 7 190
41923 2 165
41925 1 191
41929 1 190
41933 1 192
41935 1 1302
41955 1 1272
41981 1 154
41989 1 494
42009 1 3192
42019 1 6660
42025 3 9933
42028 2 3931
42035 2 3392
42036 2 684
42061 1 3008
42085 2 6194
42129 1 4735
42149 3 9906
42161 3 9423
42170 3 4262
42171 3 1306
42185 1 854
42230 1 943
42260 1 1936
42261 4 6604
42265 3 1288
42277 1 1075
42282 1 796
42307 1 570
42314 6 1280
42321 1 1615
42328 1 414
42344 1 3974
42355 1 5228
42356 5 4608
42359 1 2478
42362 3 10503
42383 2 1102
42415 1 893
42422 7 5724
42424 2 6309
42435 1 1158
42437 3 602
42441 1 460
42449 1 695
42469 1 1089
42473 9 3755
42477 2 1308
42481 1 411
42485 1 1654
42489 1 1484
42506 1 420
42530 1 309
42531 2 1622
42544 3 2256
42555 1 2440
42575 1 1157
42580 3 8665
42584 1 1300
42600 3 2138
42640 1 12636
42645 1 2530
42651 1 1581
42676 3 1415
42758 2 1386
42761 1 1022
42763 5 6680
42767 1 8035
42768 2 4939
42769 7 8334
42773 3 741
42774 7 5633
42823 2 2264
42827 1 817
42828 1 827
42833 26 1802
42840 3 870
42845 1 1246
42856 1 132
42860 1 1162
42914 1 1101
42916 6 528
42922 3 1156
42924 1 1158
42926 1 1178
42933 1 743
42961 1 548
42965 1 569
42982 2 466
42995 2 1142
43016 2 163
43024 1 805
43040 2 1072
43060 1 818
43069 1 1058
43080 1 1369
43083 2 1414
43084 1 1401
43119 1 936
43133 1 733
43143 1 812
43144 13 987
43147 1 797
43150 5 9162
43160 1 1940
43161 1 1596
43166 2 778
43229 3 8025
43253 1 1588
43255 3 1777
43265 2 1262
43318 1 577
43321 1 654
43326 2 1789
43332 3 994
43416 2 1865
43433 1 562
43446 3 8554
43456 1 1012
43457 1 1538
43470 1 3949
43477 6 22611
43492 1 1324
43496 1 2079
43507 1 1101
43508 1 1409
43520 1 684
43522 1 1077
43532 2 1790
43558 1 709
43566 1 1261
43575 1 1608
43576 1 5522
43577 1 3389
43581 1 1020
43582 11 2029
43593 1 571
43599 1 486
43606 5 1561
43607 1 742
43612 2 773
43615 1 1591
43620 4 1150
43649 4 4774
43656 1 4176
43673 3 1826
43676 1 776
43683 1 1512
43700 1 215
43715 1 183
43724 1 3202
43725 1 702
43726 1 836
43727 1 428
43737 1 522
43747 1 7125
43763 6 2590
43768 2 1020
43774 2 766
43779 1 1159
43786 1 1882
43794 1 733
43797 4 670
43800 3 839
43813 3 981
43815 1 868
43844 1 2408
43846 2 702
43869 1 291
43915 2 3241
43921 4 9448
43935 5 3104
43944 1 514
43945 1 414
43946 1 753
43947 1 550
43948 1 510
43960 2 1986
44029 1 375
44041 2 1326
44047 6 1008
44050 7 4928
44056 1 2924
44063 2 772
44080 1 3596
44089 1 473
44091 1 5768
44096 1 479
44098 1 1844
44101 1 1035
44104 1 909
44113 1 1415
44115 1 4306
44119 1 999
44122 1 1272
44130 3 6601
44157 3 2662
44163 2 1618
44168 2 1371
44218 3 6003
44219 1 1788
44223 2 658
44226 3 724
44228 1 566
44229 1 615
44231 1 570
44233 1 578
44237 1 839
44238 5 800
44239 1 1290
44247 2 2369
44265 2 736
44277 1 823
44283 2 1417
44284 1 1674
44286 2 5425
44287 3 3176
44289 2 611
44290 1 1048
44300 1 310
44317 1 1018
44329 2 333
44332 2 826
44352 1 1264
44353 3 415
44360 1 157
44384 5 786
44389 1 1440
44395 5 1358
44423 1 2828
44424 1 1183
44426 1 597
44443 1 1543
44447 8 1998
44464 3 703
44465 2 1702
44469 1 1847
44471 1 686
44475 1 1091
44499 1 966
44500 1 680
44508 1 595
44533 1 1482
44537 15 456
44542 1 1169
44553 3 2254
44581 1 1194
44582 2 1156
44585 2 1136
44590 1 3346
44698 1 2666
44707 2 6048
44729 1 663
44731 1 922
44735 1 3497
44741 1 562
44758 1 2521
44760 1 441
44768 1 2523
44774 1 2787
44775 3 2616
44780 3 3261
44808 1 879
44830 3 458
44873 1 3136
44876 1 3240
44878 2 2602
44879 1 3172
44881 1 3374
44900 1 509
44903 2 570
44925 10 3438
44927 1 2922
44932 1 2141
44952 1 2567
44955 1 7733
44956 2 7041
44957 3 10010
44958 1 985
44960 1 1644
44961 2 1596
45077 1 617
45079 2 754
45081 1 774
45084 2 6555
45085 2 668
45088 2 802
45089 2 518
45096 5 6217
45098 2 1554
45100 1 403
45163 2 1509
45170 1 1514
45213 1 1282
45216 2 1285
45237 2 434
45246 1 2149
45250 3 871
45273 1 2683
45275 1 1123
45286 1 654
45303 1 809
45310 1 1152
45315 1 491
45319 1 1413
45330 1 196
45332 2 1739
45337 1 1434
45355 1 912
45385 1 1374
45392 1 372
45394 1 1505
45406 2 1233
45422 1 776
45423 3 1545
45435 2 1178
45444 1 502
45461 1 892
45465 3 1142
45477 3 795
45479 2 1029
45487 19 863
45581 3 8025
45594 1 586
45607 2 454
45608 4 737
45611 2 1534
45620 1 1038
45624 3 632
45625 1 481
45676 9 11251
45679 1 695
45681 2 2190
45698 1 1045
45814 1 3034
45817 1 755
45824 1 2571
45826 1 8235
45844 1 1043
45848 1 436
45853 1 610
45855 1 765
45859 2 21421
45865 1 327
45881 1 995
45884 2 1710
45909 1 1106
45919 1 895
45933 1 1028
45941 2 616
45945 1 1539
45946 1 2130
45955 1 263
45959 1 944
45962 1 935
45967 1 640
45971 1 1186
45998 8 1047
46022 2 547
46023 2 554
46031 3 1240
46050 1 188
46054 1 189
46055 1 193
46056 2 187
46059 1 199
46060 1 197
46062 1 159
46065 1 211
46068 1 689
46069 2 3643
46071 1 1693
46073 4 767
46074 3 456
46081 1 910
46085 1 745
46087 1 1968
46092 3 692
46106 1 1123
46107 1 1152
46109 1 1702
46122 1 1824
46124 1 1204
46128 1 1163
46130 1 1076
46148 2 954
46150 3 802
46153 4 3988
46157 2 1078
46167 1 1304
46174 1 2910
46277 3 4798
46289 1 4086
46304 1 2249
46318 6 2246
46319 3 2904
46330 4 762
46347 1 1459
46373 3 1182
46386 1 750
46387 3 1422
46388 44 81863
46393 1 1295
46418 1 1254
46426 1 3573
46434 4 2480
46443 2 518
46456 1 728
46468 2 779
46472 1 1725
46474 1 517
46475 1 939
46479 2 695
46483 4 663
46490 1 2484
46494 1 688
46505 1 6279
46510 3 1994
46511 1 3336
46512 1 4395
46518 2 1475
46527 1 830
46551 7 8597
46552 1 9921
46557 1 622
46561 3 479
46564 3 1709
46585 99 3127
46592 1 1676
46593 1 770
46604 1 417
46610 1 999
46612 2 2153
46614 3 752
46615 5 3442
46632 1 1335
46644 3 773
46658 1 1382
46661 1 5001
46667 1 779
46671 1 997
46678 2 1390
46683 2 3045
46687 2 1479
46691 1 1448
46711 1 52
46729 3 1249
46732 1 961
46734 2 1928
46739 3 1076
46740 3 1167
46748 1 1902
46749 6 6951
46759 4 2714
46771 3 1801
46774 3 2182
46777 1 3791
46784 4 2048
46824 1 1526
46825 1 1815
46833 3 1149
46873 2 999
46876 1 1869
46891 2 5171
46893 2 1066
46905 1 1128
46913 2 1961
46921 2 854
46932 1 957
46954 5 5186
46955 1 863
46966 1 824
46989 1 824
47002 1 1260
47004 3 939
47012 3 1990
47040 1 1605
47048 3 960
47050 1 1107
47052 1 1071
47075 1 1834
47097 1 690
47099 3 633
47119 2 729
47121 1 872
47139 2 6464
47145 1 592
47148 1 1482
47151 1 5857
47157 1 1234
47160 1 4319
47173 17 967
47192 1 687
47198 1 457
47199 3 3686
47206 3 1154
47207 1 80
47245 1 6757
47258 4 2107
47265 1 1030
47270 1 2703
47289 1 600
47290 2 376
47296 1 1535
47308 1 1139
47335 1 1356
47340 4 610
47341 1 548
47347 1 1912
47350 1 2865
47360 1 1310
47361 2 642
47366 1 936
47374 2 1188
47376 3 842
47377 2 1217
47379 2 940
47398 1 5716
47404 1 682
47437 1 1517
47438 1 1445
47444 15 3470
47449 11 2847
47459 1 8496
47460 1 1813
47461 1 1226
47462 2 630
47473 1 1168
47474 1 5150
47482 1 1551
47491 2 2517
47492 2 591
47498 1 3543
47505 2 1587
47528 1 4592
47533 2 563
47543 1 2250
47559 1 11224
47561 7 3141
47602 1 1013
47613 10 792
47616 2 562
47618 2 1069
47620 3 1003
47654 1 3047
47666 2 881
47672 1 816
47680 1 373
47686 1 728
47782 1 625
47790 2 1897
47799 1 2474
47800 2 10768
47829 1 666
47839 2 1597
47840 4 1481
47841 1 968
47843 4 1288
47845 1 1535
47865 1 1970
47873 6 1264
47874 2 1462
47876 1 918
47890 1 959
47900 1 1530
47901 1 225
47910 1 1921
47913 1 4216
47917 3 1254
47918 3 1254
47984 2 2548
47998 1 842
48002 2 2505
48020 1 1218
48031 1 4280
48032 2 521
48037 2 1203
48040 1 1021
48042 1 1229
48046 1 1325
48062 2 712
48065 4 1054
48072 1 713
48073 1 903
48078 3 11919
48081 2 693
48084 1 749
48085 4 2386
48102 1 1483
48104 1 751
48111 2 2300
48144 2 943
48145 3 957
48149 3 949
48152 1 1035
48153 1 1188
48164 1 599
48168 2 524
48170 1 993
48180 12 25164
48197 2 8238
48204 5 1943
48209 1 2047
48217 2 6375
48222 1 3062
48224 1 3121
48232 1 847
48234 28 7467
48237 1 763
48272 1 849
48278 1 572
48282 1 1204
48283 2 619
48284 2 1198
48287 3 2481
48288 3 2866
48290 7 2106
48293 1 739
48299 2 3767
48338 3 2760
48352 1 572
48359 1 3631
48362 4 5057
48375 2 759
48378 1 893
48379 3 6270
48382 7 3039
48413 1 3524
48414 1 3926
48425 1 255
48437 1 805
48455 2 732
48472 1 910
48475 2 4416
48485 2 924
48501 6 3845
48529 2 473
48540 1 564
48543 1 1485
48545 3 3140
48595 1 1795
48600 1 353
48603 1 183
48604 1 869
48608 1 3133
48618 2 1867
48632 1 3473
48661 1 1320
48663 1 782
48667 1 416
48702 1 680
48706 6 1434
48710 1 1101
48716 1 194
48738 2 1001
48748 2 1218
48772 3 2396
48777 2 2052
48783 1 1440
48841 2 341
48854 1 621
48857 1 982
48858 4 3188
48901 1 1611
48905 3 1954
48906 4 1435
48907 1 1902
48908 2 820
48909 3 1859
48916 2 2862
48917 3 6627
48919 2 5467
48920 1 1976
48924 1 3784
48927 1 268
48947 1 836
48951 1 6065
48952 3 1906
48960 2 2073
48967 1 1372
48985 12 1249
48994 1 649
49000 1 3581
49003 5 2086
49006 1 837
49018 1 2181
49022 2 2746
49023 2 1908
49043 1 1079
49049 1 1735
49050 1 3091
49051 4 3490
49054 3 902
49057 1 1611
49071 2 1361
49075 1 660
49079 4 1864
49103 1 1168
49107 1 667
49122 1 928
49128 5 643
49129 1 279
49141 1 1639
49152 1 937
49156 1 1148
49159 2 843
49173 3 10707
49174 22 9273
49175 11 9938
49176 18 11069
49185 1 1503
49191 1 815
49209 1 797
49211 2 701
49212 1 933
49217 2 938
49227 4 917
49238 1 2254
49248 1 366
49269 1 803
49282 1 4687
49319 1 532
49323 2 5236
49338 1 517
49340 1 2095
49361 3 393
49366 1 5125
49367 6 2106
49372 1 893
49375 1 11530
49385 1 1108
49391 1 2970
49392 1 4953
49393 4 1075
49397 1 887
49431 4 730
49432 4 181
49435 1 1167
49440 1 988
49441 4 826
49443 1 1149
49455 1 2601
49456 2 2513
49457 2 2074
49471 4 1921
49488 1 986
49493 1 625
49495 1 333
49516 4 1481
49518 1 715
49521 2 1279
49522 1 6160
49535 1 1450
49540 1 892
49552 2 1919
49556 1 460
49557 1 878
49565 4 397
49566 1 756
49567 1 929
49571 2 1114
49572 1 876
49598 1 611
49614 1 305
49619 2 575
49624 1 752
49625 1 855
49628 1 575
49640 1 976
49644 1 710
49651 2 671
49672 1 1575
49714 1 1703
49716 2 1286
49749 1 802
49753 3 1126
49776 1 9407
49789 1 1016
49804 5 2520
49805 1 616
49831 1 997
49832 1 2018
49842 1 2475
49846 1 348
49887 1 438
49958 1 1831
49965 3 2813
49984 1 1693
49997 1 711
49998 2 1261
49999 4 826
50009 1 1186
50016 2 11583
50031 1 1861
50032 1 63
50039 1 1072
50043 2 1102
50120 2 1661
50125 1 1136
50126 4 1046
50133 1 525
50168 1 296
50175 1 1279
50181 2 614
50183 1 257
50184 1 515
50205 2 7146
50207 6 2916
50227 1 1700
50236 1 1937
50238 1 974
50241 1 2798
50245 1 460
50249 4 735
50251 3 895
50263 5 1162
50264 4 1178
50269 1 1701
50291 1 599
50293 3 2189
50308 2 1115
50329 1 886
50343 5 3220
50345 2 2018
50347 2 616
50348 2 617
50349 2 616
50350 3 1319
50351 2 1270
50352 3 1013
50353 2 2913
50354 1 2188
50355 5 3677
50370 2 2048
50379 1 510
50396 1 1096
50397 1 1113
50398 1 717
50399 1 1367
50400 1 2559
50401 2 1688
50402 1 898
50403 1 1369
50404 1 1746
50405 1 1353
50406 1 2161
50429 2 2393
50430 1 2601
50431 2 1740
50447 1 1637
50448 1 1330
50451 2 707
50454 1 927
50456 31 1372
50463 1 473
50484 1 3217
50485 1 3231
50492 2 3702
50505 1 373
50520 1 3232
50529 2 4267
50533 3 911
50536 2 884
50564 1 657
50608 1 1255
50620 1 2383
50621 2 1050
50629 1 828
50669 2 1789
50678 1 1278
50719 3 2143
50722 3 3030
50725 1 876
50750 1 828
50755 3 3965
50758 1 448
50779 1 1410
50785 8 2063
50804 1 902
50805 1 872
50806 1 817
50813 2 1092
50825 1 592
50849 3 1019
50851 3 780
50852 17 3288
50853 12 3547
50854 2 3003
50856 1 468
50859 1 683
50869 7 1761
50873 1 122
50877 2 1428
50879 1 579
50881 1 4909
50887 1 493
50889 1 5625
50892 1 860
50894 1 1267
50918 2 2316
50919 1 1560
50931 3 1730
50936 6 3155
50937 1 651
50944 1 326
50950 2 1239
50952 2 882
50955 2 946
50966 15 8029
50967 1 680
50983 2 16660
50989 8 3307
50996 1 5411
51000 1 1757
51001 8 1402
51002 1 1417
51016 1 501
51031 2 1136
51043 1 1273
51046 10 790
51088 3 2484
51093 1 935
51121 1 1534
51147 7 3111
51167 1 1503
51176 3 976
51210 3 873
51212 1 877
51228 1 1596
51235 2 332
51236 1 1936
51241 1 743
51284 13 2528
51290 1 6381
51295 10 5729
51298 4 773
51300 2 603
51301 1 765
51302 1 786
51303 2 794
51347 6 1073
51385 1 1887
51394 1 302
51403 1 487
51413 1 848
51426 1 3586
51433 2 179
51435 1 776
51458 1 420
51459 1 1193
51485 2 1335
51494 1 905
51497 1 245
51509 2 1022
51516 5 4186
51524 1 1734
51525 1 694
51526 2 992
51557 1 319
51562 2 1186
51564 1 987
51571 2 1053
51585 5 3964
51586 5 883
51588 1 1269
51594 8 2007
51603 13 2317
51638 1 3650
51667 1 859
51688 3 4314
51721 1 805
51722 1 1266
51728 1 484
51746 1 709
51756 1 978
51764 1 2864
51779 11 1487
51790 1 1341
51797 1 962
51798 1 1509
51802 3 5283
51816 5 4853
51817 4 643
51824 6 1527
51831 1 734
51832 2 1066
51843 1 6718
51846 3 1126
51858 1 3972
51859 1 1363
51885 1 844
51891 1 6407
51895 1 2083
51899 2 12169
51913 9 732
51928 2 1289
51955 2 1040
51958 2 1244
51972 1 1385
51974 1 1918
51987 1 4909
51988 3 6522
51991 1 4229
51993 6 12689
51994 1 9298
52007 1 785
52010 1 1541
52023 1 1212
52028 1 5224
52032 1 1614
52046 1 871
52048 1 4112
52069 1 2292
52072 3 2361
52074 6 7011
52091 2 680
52105 1 1953
52109 2 3805
52117 1 371
52140 1 3824
52141 1 451
52146 4 10691
52164 2 734
52167 1 2979
52169 1 1437
52171 1 1538
52184 1 4601
52187 1 1536
52211 2 730
52214 17 6634
52217 3 1695
52228 5 3809
52258 4 1184
52280 2 1474
52295 1 668
52300 3 6036
52308 2 506
52310 2 610
52324 1 1192
52326 1 3702
52334 1 1231
52338 2 2169
52339 2 1963
52341 1 1653
52343 1 950
52345 2 3783
52374 2 237
52376 1 1027
52378 1 544
52380 1 725
52392 1 1061
52396 2 4756
52397 4 4823
52403 4 1953
52405 4 2273
52413 1 746
52440 2 6680
52443 1 995
52450 2 1698
52457 1 4403
52502 2 6875
52541 1 3260
52548 1 1684
52561 3 52057
52565 2 885
52573 1 724
52574 1 1013
52578 3 895
52582 1 2859
52586 1 430
52593 1 1184
52594 1 996
52599 3 4808
52631 1 4596
52632 1 80
52651 4 2028
52682 1 398
52683 1 502
52720 4 2878
52723 1 1320
52792 1 1466
52803 3 1669
52816 1 1004
52938 2 1963
52972 1 550
52981 1 842
52988 5 24350
53014 1 1208
53015 1 1833
53018 1 2688
53020 1 2596
53021 1 1808
53027 2 1659
53028 1 674
53034 1 2302
53036 2 1242
53037 1 902
53040 1 1220
53053 2 2577
53054 2 2664
53066 10 855
53081 1 1072
53084 2 2127
53100 3 928
53121 1 2359
53124 1 2131
53126 1 859
53138 1 1947
53139 1 3527
53146 1 182
53155 1 1070
53158 2 9225
53161 6 1208
53171 1 844
53203 3 1666
53215 1 600
53236 1 3296
53242 2 4792
53244 1 2636
53247 1 904
53248 1 5457
53261 2 1586
53308 2 2307
53332 1 2573
53336 1 1130
53371 1 2205
53376 3 662
53380 1 281
53406 1 1067
53430 6 48057
53462 1 954
53463 8 630
53469 2 2932
53491 1 5993
53495 1 776
53504 1 1081
53519 1 1735
53536 1 1026
53537 1 2107
53538 1 2024
53557 1 2541
53596 1 1721
53605 1 675
53606 1 470
53609 1 538
53613 2 1723
53622 2 590
53625 1 452
53634 1 478
53635 1 409
53637 1 420
53638 1 969
53654 3 2802
53674 1 1401
53707 2 5088
53709 1 7571
53729 1 783
53733 2 1832
53742 1 1066
53756 1 1177
53771 1 1481
53773 1 1265
53778 1 4519
53780 2 3112
53837 1 3485
53846 1 2470
53860 3 1071
53862 6 1177
53868 2 1390
53878 2 623
53888 2 5712
53890 4 3997
53891 4 3993
53892 4 3994
53895 1 1788
53896 1 1788
53919 1 1312
53923 2 2605
53934 1 1246
54048 1 784
54090 1 1782
54095 1 1451
54121 1 1116
54123 1 2152
54139 2 944
54156 2 740
54157 8 5381
54163 3 685
54175 3 2289
54181 4 1395
54183 1 2128
54220 1 1087
54228 1 1079
54241 1 1146
54245 1 567
54250 4 1352
54254 3 670
54256 1 593
54259 1 738
54260 1 1120
54261 1 808
54262 1 930
54294 3 530
54297 2 387
54314 1 2046
54349 18 12411
54350 6 8318
54353 1 544
54362 1 139
54370 1 2398
54371 1 624
54375 4 5885
54376 1 664
54396 1 537
54397 5 877
54400 6 1530
54402 1 972
54403 1 997
54404 1 819
54405 1 981
54406 1 784
54407 1 905
54470 1 2185
54476 1 1372
54485 1 4555
54501 1 622
54511 2 1251
54514 4 1299
54554 2 2063
54559 1 2260
54576 1 1577
54588 1 600
54589 2 2333
54602 1 1759
54619 6 10647
54630 1 453
54641 1 477
54643 1 622
54658 3 507
54678 1 990
54684 2 1450
54916 1 562
54917 1 562
54940 2 615
54944 1 464
54949 1 1656
54950 3 3726
54962 3 2551
54965 2 586
54976 3 558
54998 2 1411
55054 1 4966
55058 1 442
55059 1 2098
55064 2 1985
55066 1 3616
55067 1 3184
55068 1 3268
55072 1 3317
55073 1 3312
55094 4 12123
55099 1 1159
55106 1 712
55117 2 1442
55122 1 4413
55126 3 3321
55134 1 511
55154 1 1192
55160 1 652
55167 1 1518
55308 3 905
55315 1 926
55320 1 611
55321 1 804
55322 7 643
55324 5 921
55325 2 657
55327 7 6079
55330 1 1014
55333 2 1119
55334 1 941
55426 4 1303
55438 1 323
55443 1 1365
55449 1 1065
55496 2 5278
55498 4 5155
55501 2 2314
55513 1 409
55530 1 446
55540 1 577
55547 2 806
55550 1 2151
55560 1 413
55586 1 749
55589 2 716
55591 2 932
55616 1 765
55626 1 765
55646 1 673
55665 1 1299
55666 1 1316
55667 5 1339
55681 1 940
55702 3 261
55723 1 367
55913 1 1188
55916 1 1109
55921 1 1012
56026 1 2074
56029 3 4442
56042 1 1034
56175 9 8425
56186 2 1104
56187 2 1455
56188 3 1498
56191 1 2260
56193 4 1208
56194 2 1968
56199 5 1698
56239 2 1417
56252 3 1993
56253 3 1993
56254 4 2455
56255 4 2455
56264 1 2223
56286 1 2036
56399 1 1021
56400 1 2072
56401 1 1327
56416 1 803
56423 5 1323
56426 2 1399
56427 1 1290
56428 1 1075
56429 1 1448
56430 1 374
56433 3 1099
56446 8 1314
56468 1 697
56474 1 412
56475 1 650
56477 3 4251
56478 2 395
56489 1 5171
56500 1 2556
56503 1 5900
56517 1 1089
56519 6 7799
56522 8 3726
56524 2 4137
56531 1 577
56544 1 579
56549 2 1195
56553 6 7598
56563 1 1501
56590 1 2070
56617 1 1131
56635 1 1373
56645 1 91
56653 2 337
56659 1 1655
56666 1 912
56680 2 1247
56687 4 2943
56692 10 1282
56701 2 2806
56707 2 1732
56708 1 1319
56712 1 752
56720 2 1269
56722 1 901
56737 1 1156
56738 1 1204
56739 1 1907
56740 1 1059
56741 1 928
56742 1 1393
56743 1 820
56771 5 2565
56793 1 1177
56800 1 388
56802 1 8941
56821 3 6607
56855 1 800
56878 18 910
56880 3 575
56884 2 1443
56886 1 887
56889 1 820
56895 3 3189
56909 1 1137
56915 7 4927
56937 1 655
56939 1 459
56947 1 864
56959 1 893
56961 2 7535
56971 1 642
56981 2 496
56996 1 572
57164 1 2492
57217 1 1984
57220 1 1104
57221 1 698
57222 1 503
57223 1 578
57224 1 555
57225 1 474
57230 1 926
57256 1 1106
57257 1 397
57260 1 463
57263 4 974
57268 1 277
57273 1 1248
57285 1 571
57289 2 192
57310 1 1102
57341 2 666
57357 1 1387
57360 6 922
57371 1 1247
57380 1 3371
57382 1 3136
57384 1 3357
57401 5 1176
57408 2 3005
57413 6 6376
57431 3 3175
57459 1 1142
57460 10 2888
57461 1 1199
57466 2 1951
57469 1 965
57473 1 455
57492 1 2215
57497 1 857
57530 1 2185
57532 1 1727
57542 1 810
57620 5 3241
57621 5 3239
57622 5 3240
57623 4 3704
57624 4 3707
57625 4 3705
57639 1 1276
57640 1 894
57643 5 8017
57648 1 556
57651 3 6526
57652 4 1616
57654 1 592
57656 3 755
57658 4 917
57730 2 1998
57739 2 585
57754 2 764
57758 1 2719
57763 1 417
57767 3 1708
57781 1 1176
57782 2 1036
57810 1 1482
57812 1 446
57821 1 4929
57829 2 2379
57837 1 1247
57838 2 1853
57843 3 1480
57845 2 1225
57846 1 2065
57889 1 805
57906 2 1412
57909 3 1075
57910 3 1801
57911 1 1835
57912 1 1885
57913 1 1261
57914 1 2836
57924 1 2167
57937 1 716
57939 1 630
57946 3 5545
57947 3 5535
57948 2 5712
57949 2 5712
57950 3 10362
57951 3 10312
57952 2 8583
57953 2 8583
57954 4 4003
57957 1 1797
57958 1 1788
57960 1 773
57962 4 2722
57971 1 387
57989 2 3603
57995 1 2088
57996 3 1452
57997 1 4870
58129 1 650
58196 1 1000
58198 4 879
58206 3 505
58207 3 3272
58228 1 900
58231 2 4145
58247 3 19391
58266 1 852
58311 1 723
58322 2 1624
58324 1 1125
58340 1 1736
58348 2 1317
58349 4 565
58352 1 704
58353 1 732
58354 1 871
58355 1 1108
58356 1 993
58377 1 549
58406 3 412
58408 3 4007
58410 1 724
58412 1 528
58420 2 8658
58433 1 2227
58487 1 1326
58503 1 2202
58523 2 1479
58535 2 1948
58536 2 642
58697 2 1823
58716 1 512
58717 1 428
58718 1 524
58719 1 512
58720 1 862
58721 1 592
58722 1 539
58723 1 436
58724 1 679
58758 6 733
58774 1 695
58785 2 1085
58786 2 1487
58830 2 2010
58837 1 3342
58841 4 2975
58842 1 3299
58844 12 3246
58851 1 381
58858 1 1878
58859 1 1547
58862 1 1318
58869 3 5200
58899 1 1039
58930 2 1881
58933 2 1093
58934 1 2758
58964 16 5289
58965 16 5140
58966 16 5767
59057 1 2210
59058 1 2211
59072 11 10092
59074 1 644
59075 1 1168
59078 2 697
59081 2 1600
59164 1 1218
59211 3 3035
59226 1 1228
59227 5 4022
59230 2 780
59242 1 417
59249 1 478
59263 4 5357
59302 1 1303
59308 1 1531
59309 1 1651
59319 1 701
59322 1 857
59336 1 832
59342 1 738
59347 1 9699
59348 13 10477
59349 6 8147
59350 1 8331
59354 1 514
59355 14 891
59408 1 1795
59414 1 1099
59415 1 902
59420 1 1188
59421 1 1923
59423 4 13129
59427 2 1336
59430 1 3685
59434 2 2472
59454 1 2821
59464 2 1707
59466 1 4209
59469 8 4789
59474 1 3565
59478 1 1258
59479 2 2405
59480 2 2579
59481 2 1817
59484 1 1395
59489 1 1634
59497 1 1102
59512 9 3204
59514 2 1322
59515 3 2280
59516 2 1925
59517 2 1125
59521 2 1931
59522 5 1856
59523 2 1877
59524 3 1325
59525 3 1109
59526 3 1089
59564 1 1594
59569 1 1463
59570 8 1256
59572 1 1329
59573 3 1577
59574 1 1852
59579 2 1012
59582 1 1698
59583 3 2857
59584 1 2273
59585 1 1481
59590 2 1196
59600 1 794
59604 2 1752
59618 1 1895
59621 3 2882
59631 4 2500
59632 1 2405
59635 1 4384
59638 2 3389
59642 2 3464
59644 1 683
59662 1 14951
59674 3 774
59679 20 2650
59681 1 3350
59686 2 1195
59721 1 557
59722 2 847
59729 1 1041
59771 1 2668
59772 1 792
59777 7 6060
59800 1 569
59801 1 1104
59811 1 378
59813 6 1702
59818 1 534
59824 2 1816
59837 1 1240
59885 1 1086
59898 1 4986
59900 1 3360
59901 9 10800
59909 1 3894
59918 1 9598
59925 2 3361
59934 6 1528
59945 1 941
59946 1 1687
59947 1 1309
59948 1 806
59949 1 974
59950 1 1036
59951 1 756
59952 1 1298
59953 1 686
59954 1 1076
59985 1 4522
59989 2 783
59994 1 1825
59999 1 931
60003 1 422
60012 1 394
60030 4 10533
60032 5 1691
60040 1 5727
60048 1 851
60058 9 531
60062 1 928
60064 4 3872
60080 1 1464
60083 1 342
60085 1 1113
60090 1 295
60109 1 2379
60117 1 438
60118 2 1897
60152 1 7811
60155 1 11169
60162 1 672
60166 2 1269
60171 1 1344
60173 1 2847
60181 1 1881
60186 1 880
60188 1 229
60199 8 3044
60214 2 2899
60224 11 8194
60238 1 1338
60239 1 1030
60240 1 1594
60241 2 709
60242 1 1441
60257 1 762
60273 2 600
60278 1 3357
60304 1 1261
60314 13 2506
60316 3 3178
60319 1 4138
60327 10 3097
60330 3 2281
60333 1 744
60338 1 2635
60340 1 721
60341 1 1265
60349 1 1057
60351 1 2113
60353 2 678
60364 1 1138
60366 1 3154
60377 2 2105
60403 3 2051
60421 7 2492
60429 5 5933
60435 1 354
60441 2 362
60443 1 1233
60444 1 1326
60445 1 1364
60446 1 1213
60451 2 2513
60473 1 947
60476 1 1333
60477 1 1323
60507 1 4075
60509 5 4010
60510 1 896
60515 1 924
60520 1 1023
60523 4 1348
60530 1 382
60538 2 2351
60542 2 1829
60543 2 1510
60557 1 1915
60582 1 1074
60584 1 685
60598 1 2552
60599 5 3625
60600 1 734
60602 1 80
60612 1 724
60615 1 733
60629 1 3596
60661 3 4572
60662 2 6202
60670 1 1641
60686 1 1454
60708 1 1572
60733 2 810
60735 1 3139
60736 2 3344
60740 1 3274
60750 1 12275
60759 5 4854
60772 3 517
60778 4 3600
60779 2 1617
60786 3 817
60791 2 3468
60792 1 3202
60794 1 1921
60803 1 578
60816 1 1049
60828 1 3367
60908 1 558
60910 1 2877
60945 1 896
60946 1 758
60956 5 2287
60957 4 3093
60963 1 3508
60964 1 3850
60965 1 1009
60991 1 2309
60994 1 1924
60995 3 1034
61018 1 1018
61019 1 1394
61020 2 13801
61021 1 5166
61043 1 4069
61048 2 1704
61061 3 299
61073 1 8875
61091 2 1682
61117 2 2465
61166 2 3006
61167 2 3616
61169 1 3257
61179 5 2633
61186 1 14302
61188 11 29700
61199 2 1761
61211 1 1448
61212 2 954
61228 3 1331
61230 1 566
61232 1 442
61234 1 1412
61239 1 1502
61243 2 862
61245 2 1084
61246 1 1024
61248 2 1412
61255 3 4815
61259 1 1094
61260 1 1077
61261 3 1071
61262 1 1081
61263 4 1798
61269 1 8764
61287 1 2272
61313 1 409
61316 2 738
61328 1 1075
61329 1 388
61335 1 1245
61337 2 783
61342 1 1073
61352 32 18809
61361 2 1202
61389 2 4011
61391 3 5684
61402 1 202
61409 1 3387
61414 1 893
61420 1 2042
61428 2 8357
61439 1 886
61442 1 2563
61465 1 1295
61469 2 1972
61501 4 1119
61514 4 842
61528 1 599
61529 1 521
61530 1 517
61531 1 460
61532 1 452
61533 1 484
61534 1 549
61535 1 516
61536 1 520
61537 1 450
61538 1 498
61540 3 1265
61553 1 671
61556 3 3140
61620 2 1896
61636 2 2406
61658 1 1813
61659 1 6067
61668 4 11710
61669 9 5944
61677 1 1365
61680 1 2168
61688 1 1196
61689 1 941
61690 3 2512
61702 1 783
61713 1 4885
61715 4 626
61718 3 978
61723 1 764
61726 1 386
61737 1 537
61777 3 1421
61792 2 1506
61798 9 2257
61802 2 1596
61815 1 1799
61818 1 1458
61820 7 5698
61822 7 5496
61824 1 4512
61825 1 2161
61833 1 7073
61860 4 7381
61861 6 2244
61863 1 887
61880 1 2723
61890 3 2025
61893 7 1205
61917 1 5083
61920 1 693
61924 4 6503
61938 7 6544
61939 19 10305
61948 1 1548
61976 2 4025
61978 4 561
61998 1 806
61999 1 1306
62000 1 775
62003 1 2012
62051 1 296
62055 2 581
62058 2 842
62066 2 709
62067 1 873
62069 2 536
62071 1 2363
62085 1 734
62090 2 868
62105 1 686
62109 7 4903
62110 5 4274
62111 19 6309
62117 1 1347
62144 1 2188
62150 1 386
62158 4 1281
62160 2 2269
62185 1 350
62187 3 9768
62188 8 483
62201 1 625
62204 16 8201
62217 2 1671
62218 1 2462
62233 1 487
62234 1 481
62235 1 550
62237 1 918
62242 3 2867
62251 1 542
62253 1 665
62260 1 625
62263 1 883
62264 2 749
62265 5 802
62269 1 778
62272 1 1274
62291 1 1311
62299 5 7136
62303 3 806
62310 1 3144
62316 1 1602
62318 2 2185
62324 1 788
62337 1 140
62345 1 656
62352 1 1206
62378 17 407
62404 2 5459
62417 1 11638
62438 4 1039
62451 1 188
62463 1 1381
62464 1 719
62467 1 655
62468 1 2405
62472 1 837
62477 4 1158
62478 1 536
62491 5 4559
62495 5 1330
62499 1 3759
62511 1 131
62517 1 1423
62537 2 427
62593 3 2061
62613 2 5274
62615 1 1556
62616 2 1362
62635 1 1315
62642 2 7441
62653 1 1055
62685 1 1321
62686 1 996
62693 1 5347
62694 1 2218
62697 18 1926
62720 3 1714
62723 11 3363
62725 1 3245
62727 13 3232
62730 7 2960
62748 1 592
62752 1 886
62758 1 2293
62766 1 8596
62767 3 14162
62768 2 9553
62775 1 2968
62779 6 2483
62780 2 1770
62785 1 1476
62788 1 2229
62790 1 519
62791 2 2675
62818 1 540
62819 1 945
62837 3 1565
62840 1 1377
62847 1 1945
62867 1 1739
62907 1 480
62914 2 2398
62981 1 2414
62983 1 789
62991 2 1050
62992 6 5430
62993 1 607
63035 1 982
63050 1 1158
63051 3 1657
63057 1 1202
63061 4 5120
63063 1 1595
63065 1 1209
63073 1 6062
63076 1 3881
63120 1 1241
63146 1 1124
63161 3 1664
63162 1 1516
63172 1 1456
63190 2 400
63191 2 374
63203 2 3831
63218 2 1308
63226 3 243
63229 4 786
63254 2 388
63255 1 2143
63266 3 3285
63270 1 3034
63271 6 1472
63278 1 513
63280 3 3788
63297 1 715
63308 2 1302
63309 1 4077
63310 2 2477
63324 1 898
63327 1 1286
63329 1 1339
63342 1 1326
63359 1 765
63371 1 1573
63372 1 1597
63373 1 592
63383 1 792
63393 1 737
63395 2 1032
63415 1 786
63416 1 883
63424 1 756
63430 3 1309
63435 1 1477
63462 1 3556
63496 1 279
63504 1 4125
63516 1 644
63554 1 2850
63559 1 765
63595 1 732
63599 6 222
63648 2 7209
63649 6 996
63651 3 599
63653 1 758
63655 4 959
63656 6 6872
63700 7 1270
63705 1 319
63714 2 1284
63721 2 574
63728 2 1379
63761 4 1163
63778 2 2846
63786 1 898
63788 1 3142
63789 1 564
63801 1 509
63810 1 1000
63831 1 923
63833 1 600
63837 2 6313
63838 1 3268
63841 1 630
63850 6 499
63851 1 1757
63855 1 377
63856 1 1512
63860 3 791
63883 2 1768
63884 1 3456
63901 2 858
63906 1 4261
63915 1 1055
63929 2 1348
63947 2 1160
63964 1 1764
63965 1 1353
63966 1 1281
63984 2 1161
63985 3 978
64012 1 1614
64018 6 997
64046 1 807
64047 1 559
64085 3 1615
64288 6 743
64293 1 1009
64294 1 2023
64302 1 2600
64310 6 2705
64311 3 4060
64318 1 2610
64350 3 20899
64371 1 1070
64376 8 2975
64397 2 738
64412 1 2859
64419 2 3930
64420 1 1908
64455 1 1106
64464 2 679
64467 1 1401
64468 1 831
64469 1 1141
64470 1 387
64471 1 783
64493 8 956
64506 1 1697
64529 1 3125
64575 1 539
64582 1 1481
64587 1 1027
64590 1 2177
64626 1 1291
64628 1 1855
64653 1 1553
64658 2 3929
64660 3 1433
64666 1 1098
64683 1 684
64820 1 51
64881 1 1311
64883 1 636
64884 1 785
64885 1 676
64886 1 727
64887 4 678
64888 1 627
64889 1 557
64890 1 401
64891 1 517
64892 2 614
64924 2 2526
64957 2 1055
64993 2 2041
64995 1 1355
65006 1 3064
65007 1 3159
65009 1 3343
65028 1 222
65031 1 3879
65035 1 1584
65062 1 1719
65067 1 1069
65086 7 1694
65091 1 2809
65100 1 420
65113 1 1073
65129 4 15643
65257 1 1601
65258 7 644
65261 2 629
65262 1 683
65265 4 5510
65266 1 967
65267 6 864
65271 1 2676
65376 1 1586
65386 1 1013
65421 3 3586
65515 1 1671
65530 1 1872
65531 2 1854
65546 1 1217
65547 1 474
65556 1 2099
65574 17 1775
65595 1 1319
65614 2 2314
65636 3 608
65639 1 1444
65660 1 1148
65664 2 413
65683 1 404
65684 5 17249
65699 1 956
65725 1 969
65729 1 112
65760 1 443
65761 1 564
65762 1 365
65763 1 477
65764 1 492
65765 1 450
65766 1 558
65790 6 5117
65798 1 1604
65800 1 1457
65801 6 418
65815 8 2003
65818 1 1668
65835 1 801
65870 1 732
65872 9 5814
65875 1 241
65885 1 3324
65886 4 3075
65890 1 773
65896 1 3671
65897 2 1239
65904 2 1952
65908 2 2157
65933 1 1896
65943 2 1234
65945 1 2536
65946 1 1248
65956 3 3157
65958 1 1390
65960 2 1177
65968 2 1412
65973 1 1049
65976 1 2618
65979 1 4694
65982 1 678
66003 1 1673
66008 1 1142
66012 3 1659
66013 2 2760
66014 5 986
66015 2 4361
66019 1 1342
66026 2 1362
66053 1 976
66056 1 1412
66057 1 754
66061 9 1219
66062 1 565
66065 4 2315
66088 1 1445
66092 2 4332
66102 2 833
66103 2 1370
66180 1 529
66197 1 871
66198 1 679
66201 1 1133
66221 1 1754
66222 1 348
66225 1 658
66231 5 1159
66234 1 1935
66253 1 2409
66254 2 850
66268 4 1257
66269 1 1221
66277 2 1687
66281 3 1481
66282 4 1537
66303 1 2100
66312 1 528
66313 6 1270
66327 1 942
66328 2 857
66330 1 642
66340 1 1753
66344 1 619
66350 1 839
66367 3 1530
66381 1 405
66414 1 1699
66415 4 6038
66425 1 943
66430 1 193
66438 1 298
66455 1 1985
66464 1 1050
66475 1 629
66488 2 204
66495 2 933
66503 2 3599
66505 1 748
66506 1 500
66515 3 6274
66527 1 611
66536 1 727
66556 1 988
66561 3 1657
66565 2 1348
66570 1 2510
66586 1 2141
66587 1 4790
66589 2 3260
66622 2 1633
66660 1 1633
66669 1 1314
66678 1 1148
66691 1 1652
66698 2 2058
66711 1 1344
66715 1 514
66726 1 558
66728 2 700
66737 1 144
66739 5 1244
66740 2 1112
66742 2 3877
66744 1 4068
66748 1 1830
66751 6 11896
66782 2 966
66806 1 3247
66813 1 679
66819 1 6321
66823 3 9403
66845 2 1902
66846 5 3482
66847 4 2941
66867 11 2736
66868 1 2032
66873 1 585
66885 1 829
66902 1 955
66915 2 4319
66936 2 470
66953 1 1274
66954 1 791
66972 1 3916
66983 3 2173
66985 1 401
66995 1 84
67004 1 710
67019 2 1107
67021 2 6450
67031 3 5324
67032 3 5505
67034 4 2166
67071 2 692
67074 5 9837
67095 1 2223
67102 1 590
67104 3 1228
67117 1 495
67119 1 889
67124 1 334
67127 1 711
67136 1 784
67168 2 2878
67195 1 6824
67219 1 8613
67226 1 1126
67227 4 1190
67260 2 910
67266 1 4007
67267 1 427
67270 1 940
67273 1 1989
67278 3 982
67283 1 986
67286 1 1904
67301 1 1352
67309 1 844
67322 1 2602
67326 2 2402
67335 1 4046
67338 1 1942
67339 1 3088
67340 4 2960
67342 6 6010
67344 2 2228
67345 2 1856
67354 1 709
67355 3 6043
67357 1 2331
67359 1 3255
67371 1 3756
67372 1 2781
67381 1 586
67382 1 623
67383 1 631
67384 1 550
67385 1 531
67386 1 598
67391 1 4824
67392 3 2594
67393 5 6324
67403 2 3316
67409 1 5448
67416 9 2877
67424 6 777
67425 2 828
67428 1 2521
67438 3 446
67443 1 1802
67450 2 1510
67451 2 2767
67452 3 3036
67454 3 5854
67467 1 270
67468 1 810
67495 2 1466
67496 1 1960
67499 2 1293
67501 2 1463
67504 1 1365
67505 1 1399
67512 1 1455
67513 2 1744
67515 1 664
67519 1 10460
67526 1 813
67551 1 366
67555 1 1084
67568 2 60
67574 3 2213
67575 2 37
67584 1 3111
67585 1 2443
67588 3 2174
67594 1 3023
67598 1 984
67600 3 932
67607 1 256
67608 1 256
67609 1 256
67610 1 256
67612 2 800
67614 2 1941
67624 1 820
67632 1 1696
67635 3 1741
67640 1 808
67647 1 1230
67652 1 2159
67657 3 1981
67665 1 815
67671 2 6735
67696 1 1147
67698 1 1044
67699 1 1580
67727 1 3367
67728 2 2471
67753 1 531
67769 1 700
67777 1 2113
67797 1 1733
67897 1 1662
67899 1 4652
67917 1 768
67961 1 228
67964 1 428
67965 1 716
67966 1 607
67967 1 559
67968 1 577
67969 1 462
67970 1 450
67971 1 603
67972 1 460
67973 1 416
67974 1 513
67975 1 499
67976 1 545
67977 1 584
67978 1 421
67979 1 555
67980 1 566
67981 1 521
67985 3 2304
67986 3 2479
67987 3 2466
67988 3 2356
67989 1 1380
68000 2 1263
68023 1 686
68030 4 857
68043 1 166
68045 1 860
68061 2 3322
68062 3 2785
68073 2 3133
68075 1 950
68090 5 5122
68091 1 10665
68092 2 8126
68110 1 748
68118 1 3343
68119 2 6225
68124 4 2400
68125 1 2444
68129 1 1472
68138 2 1799
68143 2 1086
68148 1 801
68152 3 1752
68160 1 6120
68165 11 494
68170 1 586
68173 1 958
68177 2 806
68182 1 541
68214 2 456
68217 1 5161
68231 3 1269
68247 1 558
68249 1 1054
68259 1 324
68260 7 1973
68262 3 891
68268 2 2304
68272 1 631
68288 1 630
68300 1 849
68320 1 1587
68326 2 2529
68330 16 8380
68334 1 2381
68344 6 6836
68346 1 2235
68347 1 788
68353 1 367
68369 1 11195
68378 1 1880
68383 3 1172
68389 4 7515
68390 4 7515
68391 4 7515
68392 5 6574
68424 1 1934
68572 2 1068
68644 1 551
68646 1 1168
68657 1 1531
68680 7 9381
68683 1 1378
68689 1 660
68702 1 1708
68703 1 1281
68704 7 4902
68707 1 4537
68708 1 6905
68711 3 669
68713 2 3702
68733 1 581
68746 1 972
68766 4 5324
68777 1 1669
68783 2 1601
68787 1 1506
68790 1 2859
68792 1 2291
68794 1 847
68802 14 1220
68836 3 585
68849 2 603
68854 9 5781
68859 1 989
68860 1 2402
68861 1 788
68862 2 2573
68876 1 1494
68879 4 1268
68915 8 1241
68939 1 1221
68962 1 1281
68964 1 11197
68984 1 1210
68985 6 889
69003 1 581
69012 2 568
69017 2 325
69023 1 880
69049 1 485
69050 2 768
69055 9 3045
69064 2 1196
69284 1 1590
69318 1 622
69319 2 699
69320 1 611
69321 1 483
69322 1 503
69323 1 394
69324 1 521
69327 1 565
69331 1 1693
69342 2 676
69357 3 240
69373 2 1063
69379 2 2152
69413 1 538
69421 2 1230
69428 1 1154
69432 1 3080
69433 4 2935
69434 1 3213
69435 3 3178
69456 19 1329
69479 3 418
69483 1 3191
69493 3 991
69505 2 876
69509 5 5379
69515 1 3275
69536 3 1166
69707 1 668
69710 15 5755
69714 9 2593
69716 15 7169
69717 10 4915
69718 1 762
69721 4 6125
69725 1 1479
69728 1 496
69823 1 983
69829 1 993
69839 1 585
69871 1 2129
69882 1 750
69890 1 1178
69900 4 794
69906 1 676
69908 1 420
69917 1 3612
69920 1 2823
69954 1 638
69961 2 671
69983 1 1014
70009 1 217
70015 1 864
70037 1 738
70064 1 1128
70069 9 882
70071 4 841
70103 1 675
70109 1 676
70116 3 776
70122 2 2055
70132 1 1065
70169 3 8025
70207 13 10208
70210 1 5060
70221 1 1774
70223 1 2061
70226 1 1436
70231 1 2953
70238 1 1571
70241 1 673
70263 2 7023
70271 1 623
70273 1 3305
70275 2 2825
70276 1 1117
70279 2 12383
70305 1 1443
70308 1 1172
70315 2 540
70318 1 225
70341 5 2434
70345 1 930
70351 1 1891
70365 1 1481
70368 2 777
70379 1 1981
70406 3 1912
70416 2 1011
70426 1 973
70427 1 356
70456 1 954
70459 1 629
70460 2 552
70461 2 540
70462 2 541
70463 2 543
70464 2 548
70465 2 543
70466 2 543
70467 2 544
70468 2 549
70469 2 558
70470 2 551
70473 1 1081
70481 1 2683
70508 1 180
70509 1 185
70534 1 5509
70537 1 1013
70581 1 1068
70585 1 303
70587 1 777
70591 1 4584
70595 1 2506
70598 2 202
70603 1 934
70607 1 985
70626 23 1315
70704 9 1573
70736 1 626
70841 1 8361
70848 2 793
70855 1 5396
70860 1 425
70861 1 486
70870 2 2226
70890 2 2440
70929 4 6834
70936 2 1631
70957 2 867
70987 9 1027
70989 2 845
70993 1 5847
71001 2 688
71008 1 1074
71009 1 1220
71016 2 1255
71020 1 780
71022 1 2146
71024 3 1463
71025 1 1448
71043 1 4249
71061 1 602
71086 1 676
71088 2 592
71089 1 514
71091 1 627
71100 1 639
71101 2 852
71104 1 780
71131 4 5992
71134 2 857
71137 1 9411
71174 1 836
71195 1 407
71223 4 935
71247 2 1642
71249 1 1532
71251 3 1374
71252 1 1357
71269 1 623
71271 1 464
71297 2 1361
71303 1 1741
71304 1 1377
71307 1 869
71308 1 1324
71324 11 1535
71330 2 1097
71338 1 2157
71345 2 1079
71372 2 1478
71383 1 1410
71384 4 2877
71385 4 2877
71386 4 2880
71392 1 1762
71393 1 1762
71394 1 1762
71401 1 925
71402 1 925
71403 1 925
71404 1 925
71408 1 780
71420 1 874
71424 1 1049
71432 1 2398
71518 4 800
71521 5 1133
71523 1 1243
71526 1 815
71528 1 1242
71543 5 2407
71545 9 6773
71547 4 4635
71548 3 2973
71558 1 868
71567 1 4513
71568 2 572
71576 1 374
71580 2 1716
71591 1 988
71596 1 1056
71627 1 663
71631 1 803
71646 4 1815
71649 1 730
71650 1 741
71651 1 741
71662 1 907
71663 1 998
71664 2 1342
71670 1 495
71698 1 761
71702 1 675
71703 1 1229
71716 1 1104
71717 1 874
71729 1 693
71731 1 4830
71735 4 881
71736 6 674
71749 1 819
71753 1 1100
71754 1 1287
71755 2 1099
71756 1 975
71757 1 2729
71758 1 1068
71762 1 1315
71797 4 2293
71808 2 880
71809 1 1200
71827 3 6203
71828 1 1069
71836 1 5188
71838 1 910
71840 3 1004
71847 3 1603
71856 1 1198
71874 18 365
71880 1 1247
71883 3 600
71893 2 1301
71894 2 2159
71895 8 3069
71896 1 3955
71897 2 2249
71898 1 1998
71902 1 565
71944 2 7115
71974 1 1496
71990 1 1101
72002 1 1963
72003 2 888
72028 1 1317
72029 1 1234
72036 2 1966
72038 1 3035
72039 1 5516
72041 1 1544
72042 1 2081
72048 6 5014
72059 1 830
72065 2 9229
72066 5 7004
72067 6 9227
72068 1 8137
72078 1 794
72081 2 3204
72082 2 2593
72087 2 1964
72098 3 19912
72105 1 930
72113 1 641
72162 1 694
72163 4 1492
72164 1 1004
72176 2 2898
72197 14 1837
72206 1 2593
72208 1 1405
72213 1 3012
72215 2 2153
72233 2 363
72256 1 1403
72257 1 1524
72258 1 1182
72259 1 1369
72268 1 1256
72283 2 1448
72315 2 1434
72318 1 630
72322 1 2478
72323 1 2321
72324 2 3100
72347 4 1722
72348 2 1677
72371 1 804
72377 1 1912
72380 1 3360
72382 4 4049
72383 1 1146
72387 2 2107
72388 3 1980
72396 3 2100
72406 1 548
72407 1 589
72410 1 4306
72422 4 4394
72440 1 1314
72451 7 1218
72456 1 792
72478 2 2348
72481 1 1701
72483 1 1370
72489 1 280
72510 1 1494
72513 1 4800
72525 2 2404
72537 1 1081
72557 1 894
72562 1 1024
72575 1 929
72578 1 1935
72587 2 858
72618 11 5500
72619 1 5216
72620 2 1465
72630 1 479
72635 1 704
72675 3 8994
72676 2 510
72679 1 1267
72682 3 1240
72697 1 1378
72703 1 824
72708 1 1418
72711 1 702
72713 1 2218
72734 1 2436
72736 1 1124
72737 1 1185
72738 2 1210
72744 1 708
72746 4 1433
72751 1 636
72775 4 2072
72783 1 1487
72794 1 1190
72806 1 1383
72810 1 1218
72815 1 1450
72817 1 1632
72818 5 952
72821 1 855
72823 1 697
72827 1 7031
72831 9 6567
72837 2 3948
72849 2 2190
72879 2 7089
72888 1 1768
72889 3 1741
72895 3 1688
72899 7 20275
72910 1 1222
72911 1 1004
72912 1 1794
72919 2 5881
72921 1 2994
72922 4 1461
72923 1 1527
72924 1 1464
72945 1 2766
72947 1 2310
72958 1 2627
72960 1 3082
72961 2 1521
72964 1 2090
72967 1 602
72972 1 453
72973 1 3325
72982 2 5401
72999 3 3301
73003 1 903
73008 1 5555
73017 1 798
73018 2 2302
73065 1 556
73082 2 819
73088 5 4779
73101 6 5854
73112 1 467
73115 2 2759
73116 1 545
73118 1 631
73119 1 636
73146 1 811
73182 1 1485
73207 1 1418
73220 6 4868
73244 6 3654
73245 1 950
73280 1 1189
73324 1 733
73334 1 740
73351 1 812
73360 1 682
73373 1 5222
73377 1 464
73399 1 701
73408 1 1378
73417 3 3750
73436 1 1351
73455 3 2168
73459 1 499
73461 1 645
73471 1 2068
73473 1 600
73476 1 633
73482 1 1139
73483 1 1287
73488 1 635
73498 5 2553
73534 1 748
73574 3 8025
73591 1 2230
73645 5 5683
73648 2 985
73654 2 913
73659 4 1016
73660 2 2066
73726 1 552
73730 2 2237
73874 1 900
73877 1 1442
73892 1 1020
73928 1 567
73931 3 2768
73932 1 2612
73933 1 1375
73946 2 904
73963 7 6843
73964 2 873
73968 2 1524
73969 1 784
73981 1 1169
73990 1 1201
73996 42 7920
73997 21 10376
73998 8 2339
74006 2 1133
74008 2 1811
74009 2 1857
74010 1 1216
74018 1 1288
74019 2 1060
74035 2 431
74039 1 393
74040 1 732
74051 1 1259
74054 3 440
74066 1 1093
74067 1 6352
74074 1 859
74086 1 451
74092 4 1697
74094 9 3820
74107 4 1476
74109 1 680
74112 1 704
74114 4 3421
74115 2 2664
74132 1 665
74172 6 867
74176 3 4570
74181 1 381
74184 1 1502
74218 1 909
74232 1 2451
74237 1 169
74245 1 174
74246 3 181
74266 1 839
74270 2 1439
74280 1 582
74283 1 1036
74298 1 2423
74372 1 1337
74401 3 1171
74409 1 527
74412 1 419
74416 1 1198
74418 2 1264
74430 5 1251
74432 2 3303
74439 1 1488
74444 1 1117
74515 1 1068
74533 1 1653
74553 5 1171
74571 1 1350
74576 1 467
74577 1 547
74591 3 3810
74592 1 599
74599 12 1187
74604 3 5954
74605 4 6001
74609 1 3663
74633 1 854
74641 1 723
74677 4 1481
74695 1 1627
74719 1 1319
74746 4 5004
74752 1 2665
74760 2 1118
74766 1 6523
74767 1 5811
74779 2 1603
74781 1 912
74784 1 915
74791 1 630
74798 2 2970
74806 1 5040
74812 27 4167
74813 2 5631
74818 2 1409
74822 4 5130
74828 1 2265
74866 1 1680
74873 13 4014
74886 5 3171
74929 3 1329
74959 4 922
74960 1 615
75071 1 54
75096 1 537
75097 1 481
75098 1 394
75099 1 524
75100 1 805
75101 1 727
75109 1 1277
75112 15 1120
75124 1 2419
75134 3 4335
75143 1 807
75146 1 1593
75151 2 1586
75174 1 358
75202 4 3010
75204 1 3081
75208 1 3202
75210 2 3198
75212 2 1417
75214 1 2338
75221 1 6839
75225 4 1408
75249 1 1176
75259 1 1890
75268 1 592
75295 1 2546
75313 2 1575
75328 2 3938
75415 4 1320
75418 3 988
75420 2 5660
75427 1 752
75472 2 330
75478 1 620
75492 1 931
75505 1 1016
75529 7 8980
75531 3 1582
75534 4 9607
75540 2 3756
75547 1 972
75548 1 953
75551 4 2365
75555 2 1273
75571 11 867
75574 9 1756
75582 2 521
75601 1 645
75625 4 1046
75631 2 1422
75632 1 1327
75633 1 1312
75634 1 1358
75635 2 1633
75636 1 1309
75643 1 1262
75655 2 728
75656 2 1661
75658 2 1060
75673 2 919
75717 1 2502
75758 3 1348
75762 2 1634
75763 2 1016
75772 1 1151
75773 4 1038
75819 1 1134
75933 4 1628
75983 2 3426
76005 1 1341
76006 1 1171
76010 1 698
76025 1 1636
76030 1 1041
76034 4 1048
76041 2 531
76042 2 1056
76046 1 1623
76059 1 805
76061 3 3128
76071 1 1094
76077 2 1366
76082 2 1055
76084 1 648
76092 1 1400
76094 2 1404
76132 1 1508
76138 2 3341
76153 1 159
76156 1 768
76158 5 3909
76159 5 4003
76160 5 6409
76170 1 679
76175 2 6943
76198 3 587
76205 1 3668
76217 9 3579
76233 2 1717
76239 2 921
76241 1 836
76245 1 6436
76258 1 935
76269 1 3998
76290 1 27
76300 1 182
76302 1 1858
76320 1 908
76324 2 1227
76354 1 3077
76357 1 2792
76367 1 1133
76370 1 13094
76380 1 920
76408 1 4367
76412 2 1272
76448 1 5583
76460 1 6070
76477 1 693
76481 1 4881
76502 2 1031
76507 3 2568
76508 1 2897
76513 1 935
76529 6 10440
76594 14 1805
76607 3 845
76617 1 1552
76620 1 460
76676 1 6037
76677 1 5739
76683 2 1619
76685 1 185
76702 3 1073
76705 2 513
76711 1 1349
76712 1 532
76734 1 1253
76753 2 3309
76755 2 5294
76756 1 4633
76760 1 2589
76762 1 7340
76763 1 1702
76769 5 2417
76776 1 541
76836 1 674
76842 1 568
76843 1 576
76847 1 396
76859 1 1863
76869 2 1194
76881 4 2393
76884 1 865
76892 2 2271
76895 2 676
76905 3 286
76923 1 1539
76932 1 3132
76937 1 122
76955 1 164
76984 1 1045
76987 1 1485
77004 1 586
77010 1 6732
77022 1 685
77023 1 2768
77026 1 1272
77035 3 1073
77036 1 683
77042 1 1420
77055 1 1676
77058 5 1110
77059 1 1688
77060 2 4150
77088 4 4377
77095 1 1057
77097 1 2699
77106 2 1502
77110 2 1799
77118 2 2646
77128 1 1010
77135 1 801
77137 1 1799
77147 1 987
77153 1 2521
77163 1 1994
77191 1 209
77192 2 838
77196 1 1305
77199 1 3580
77202 5 8001
77203 6 4646
77204 6 4647
77207 3 4809
77208 5 4089
77209 8 4122
77210 8 4271
77211 3 3451
77212 2 3474
77213 1 3532
77214 2 3477
77215 1 1900
77217 2 925
77218 2 916
77219 1 933
77225 4 2945
77229 3 1441
77231 2 2551
77264 2 706
77356 1 608
77367 4 658
77390 1 3306
77391 1 627
77394 1 1254
77411 2 3629
77438 1 1254
77440 1 1548
77450 5 5940
77453 1 2217
77454 4 1448
77456 5 13066
77458 1 1185
77473 1 3580
77477 1 600
77490 1 359
77494 1 976
77495 1 1382
77496 1 856
77497 1 1890
77561 2 488
77576 5 4731
77581 1 35
77582 2 1227
77587 1 473
77599 1 875
77617 2 773
77628 2 540
77639 1 610
77755 1 595
77761 1 495
77794 1 591
77795 1 430
77796 1 486
77797 1 427
77798 1 451
77803 1 711
77806 1 459
77807 3 5880
77817 1 4230
77829 2 983
77874 1 3196
77875 2 3223
77876 16 3309
77877 1 3129
77884 2 1887
77890 1 467
77908 4 2693
77955 1 657
78029 2 681
78034 1 2796
78072 1 333
78076 1 484
78078 1 540
78086 2 1041
78098 1 1138
78105 1 693
78112 1 1269
78115 4 1322
78118 2 2357
78121 1 3206
