trace trace 938 65215343 
103 2 1217
453 1 372
455 3 3709
463 1 1357
484 1 880
504 1 11283
541 1 2599
576 8 755
716 2 1108
967 1 4480
1085 1 5635
1104 1 4937
1206 4 1304
1207 1 1292
1210 1 703
1573 1 2363
1634 2 30082
1652 1 1683
1861 1 5589
1882 1 2462
1935 2 782
1952 2 363
1973 7 16948
2080 1 8786
2116 2 701
2173 1 1013
2193 1 1999
2370 2 1211
2441 1 7506
2576 2 751
2975 1 24
2984 1 853
3217 1 2264
3389 1 444
3444 1 1229
3514 2 5186
3599 1 11096
3707 1 2467
3812 1 503
3902 1 2905
4068 2 8611
4258 1 2240
4279 3 4524
4297 1 7592
4356 1 3544
4388 1 1065
4455 1 1818
4612 2 1244
4634 1 8813
4645 1 2574
4667 2 3501
4689 5 545
4702 1 699
4755 1 1016
4785 1 406
5247 1 6498
5305 1 395
5325 2 780
5418 1 1906
5454 1 6641
5460 1 473
5499 3 44062
5611 1 8061
5650 1 2097
5677 2 1201
5867 1 5884
5952 1 642
6048 2 4019
6084 3 3088
6094 2 1655
6151 1 6692
6455 1 1900
7052 1 1095
7952 2 971
8000 1 226
8085 1 2815
8089 2 20930
8170 1 1492
8393 1 3193
8913 1 12589
8992 1 2708
9167 3 1639
9463 1 3203
9492 1 6158
9750 1 1343
10036 1 3455
10591 1 7784
10653 1 3190
10668 2 2803
11121 1 729
11245 1 1612
11627 1 1347
11976 2 521
12206 1 885
12309 2 1530
12455 1 2015
12458 1 3716
12466 1 1446
12492 1 1681
12520 2 6343
12783 1 4316
12786 1 7289
12816 2 1426
12921 1 1723
13083 1 3119
13139 1 685
13229 1 3224
13368 1 580
13373 1 2548
13466 1 1683
13499 1 5895
13627 2 3259
13658 1 1095
13695 1 2748
14046 2 1429
14080 2 51830
14265 2 2579
14301 1 2773
14348 5 1551
14756 1 3039
14760 1 840
14889 1 1511
15086 1 1140
15134 2 720
15494 1 809
15614 1 3253
15672 1 1879
15885 1 312
15904 2 2397
16004 2 1576
16216 1 836
16248 1 761
16261 1 2583
16479 2 1119
16496 4 5161
16547 1 1030
16577 2 1217
16588 1 1592
16700 1 3762
16728 1 752
16780 1 2693
17037 1 2492
17044 1 902
17121 1 6700
17392 1 1912
17505 1 5120
17573 1 1355
17589 1 12110
17590 1 6514
17872 1 658
17971 1 435
18291 1 945
18453 1 845
18618 1 430
18735 1 1653
18865 12 2334
18945 1 6732
19045 1 3919
19384 1 5576
19598 3 772
19697 1 2330
19985 1 8977
20663 1 2969
20707 1 35797
20708 2 24696
20861 1 2236
20949 2 1116
21133 1 986
21299 1 9163
21318 1 7108
21359 1 13839
21430 5 3084
21496 1 1009
21503 2 13267
21613 2 1522
21662 1 3618
21670 5 1140
21811 1 724
21814 1 4204
22134 2 821
22177 1 885
22179 1 751
22205 1 803
22455 1 2770
22479 1 1300
22528 1 3156
22536 2 3918
23228 2 801
23407 1 6338
24177 1 1040
24254 1 4321
24255 11 3586
24274 1 623
24430 1 779
24579 1 834
24583 1 808
24668 1 6702
24842 1 3916
25232 1 2344
25233 1 4985
25250 1 1859
25251 1 1958
25318 1 759
25406 1 698
25550 3 770
25553 1 3595
25619 4 756
25620 2 1011
25847 4 826
25962 1 676
26243 1 713
26257 1 3709
26259 1 3718
26260 1 3718
26261 1 3710
26262 1 3711
26361 1 1386
26454 1 1961
26469 1 750
26480 1 2573
26498 2 32423
26606 1 1164
26688 1 4422
26727 1 4405
26836 1 2928
26982 1 1036
27122 1 1117
27191 1 2750
27322 1 3721
27324 1 3721
27465 1 648
27527 1 621
27581 1 901
27595 1 505
27623 5 2360
27663 1 543
27852 1 5540
27862 1 8511
27974 1 1432
28082 1 1956
28414 1 3568
28416 1 1057
28459 1 5561
28460 1 5545
28467 1 8583
28468 1 8583
28469 1 8615
28677 2 1137
28951 1 4581
29283 1 1840
29459 2 647
29519 5 8686
29630 1 1791
29898 1 707
30228 1 113
30341 1 713
30519 2 5484
30521 1 1136
30602 1 3594
30808 1 2494
31328 1 3214
31350 2 1047
31435 1 1144
31453 1 1030
31546 1 3809
31689 1 2682
31949 1 6125
31975 3 1903
32032 4 405
32302 1 3115
32364 1 538
32488 1 588
32574 1 2622
32582 2 538
32687 2 1255
32789 1 341
32790 1 350
33073 1 1212
33124 1 2148
33188 1 10275
33586 4 2998
33703 1 18894
33807 1 599
33934 1 833
33977 1 2001
34039 1 23394
34105 1 493
34116 3 1053
34159 1 1830
34303 1 4581
34354 1 2232
34465 2 5422
34661 10 22673
34785 1 558
34804 3 3895
35334 1 4418
35461 1 1748
35493 1 266
35613 1 447
35790 1 1499
35825 1 3773
35844 1 1135
35991 3 1056
36029 1 514
36069 1 2227
36239 1 2990
36268 1 1022
36364 2 2554
36453 1 355
36454 1 499
36608 1 740
36614 1 2919
36852 1 2431
37359 1 2181
37403 2 1421
37419 2 13883
37712 1 8990
37747 2 4991
38101 1 2682
38158 1 784
38187 1 1442
38476 1 1139
38666 1 1249
38667 1 1300
38699 1 1357
39024 1 8349
39084 1 4248
39148 2 4610
39245 1 4290
39279 2 5440
39286 1 1507
39661 2 512
39934 1 1007
40036 2 2425
40084 1 688
40253 1 3705
40255 1 3713
40257 1 3718
40399 1 440
40624 1 1840
40648 1 7183
40685 1 2772
40833 1 2965
41128 8 2539
41131 1 4182
41567 2 363
41713 2 1310
42009 1 3192
42036 1 684
42048 1 1192
42145 1 1077
42149 1 9906
42161 1 9423
42193 1 1099
42274 1 515
42425 1 5948
42461 2 734
42524 1 1615
42552 1 786
42577 1 1608
42629 1 3606
42755 1 758
42769 1 8334
43025 2 3087
43086 1 1175
43146 1 555
43253 1 1588
43261 1 1175
43475 1 553
43576 1 5522
44057 1 3001
44167 1 971
44210 1 1542
44332 1 826
44465 1 1702
44472 1 1241
44516 1 898
44773 1 280
44879 1 3172
45089 5 518
45180 1 838
45222 1 453
45224 1 605
45239 1 487
45606 1 1351
46046 1 3634
46130 1 1076
46213 1 642
46302 2 1086
46347 5 1459
46426 1 3573
46455 1 1168
46538 1 1327
46909 1 2578
46939 1 2178
47200 1 618
47472 1 1289
47491 2 2517
47543 1 2250
47848 1 2980
48116 1 1532
48180 1 25164
48324 1 520
48353 2 823
48363 1 676
48375 1 759
48378 1 893
48488 1 397
48673 1 6093
48676 2 1096
48757 2 756
48912 1 2452
48922 3 2935
48925 2 4731
49139 1 1280
49150 1 4092
49212 3 933
49217 1 938
49232 2 5655
49276 1 5599
49348 1 2857
49355 1 1068
49356 1 1233
49366 2 5125
49490 1 834
49524 1 866
49604 1 4772
49843 1 728
49861 1 1351
49934 2 3099
49992 1 1485
50188 2 1166
50206 1 369
50230 1 1104
50244 1 536
50285 1 4950
50300 1 436
50435 1 2397
50546 1 1843
50551 1 1092
50607 1 926
50620 1 2383
50813 1 1092
50857 1 6468
50983 1 16660
51012 4 1432
51019 1 1182
51096 2 1043
51558 1 1195
51656 2 279
51668 1 812
51778 1 2441
51802 1 5283
51899 1 12169
52214 13 6634
52222 1 1753
52455 1 1525
52457 1 4403
52561 2 52057
52988 1 24350
53045 1 1416
53139 1 3527
53236 1 3296
53402 1 3120
53497 1 1219
53537 1 2107
53626 1 790
53708 1 2017
53771 1 1481
53837 1 3485
54180 1 421
54254 6 670
54355 2 10248
54552 1 2960
54996 1 1141
55031 1 456
55118 1 4304
55640 1 501
56522 1 3726
56728 2 726
56801 1 5727
57244 1 674
57494 7 3677
57654 1 592
57847 1 1952
57878 1 3882
57946 1 5545
57947 1 5535
57952 1 8583
57953 1 8583
59072 1 10092
59251 2 6070
59347 1 9699
59392 2 977
59460 1 1795
59561 1 4211
59653 1 849
59874 1 4939
59994 1 1825
60109 1 2379
60164 1 317
60179 1 867
60257 1 762
60371 1 3906
60429 1 5933
60665 2 1611
60693 3 7521
60707 2 1099
61004 1 2305
61043 1 4069
61238 1 1279
61263 1 1798
61556 1 3140
61668 4 11710
61765 1 2458
62110 1 4274
62310 1 3144
62404 1 5459
62692 1 1474
62725 1 3245
62767 1 14162
63073 2 6062
63216 1 3807
63309 1 4077
63321 1 241
63427 1 4477
63462 2 3556
63564 1 3674
63701 1 2880
63834 1 3002
64088 1 1712
64453 1 10145
64917 1 22
65007 1 3159
65077 1 2772
65588 1 1475
65838 1 1936
65908 1 2157
65994 7 405
66380 1 9761
66515 1 6274
66564 1 2309
66575 2 695
66678 3 1148
66873 9 585
66928 1 886
66947 2 18231
67049 1 617
67652 3 2159
67659 1 310
67713 1 677
67722 1 1758
67875 1 1176
67983 1 345
68130 1 645
68215 1 646
68274 1 942
68732 2 3543
68812 2 10319
68900 1 3607
69460 1 2124
69717 12 4915
69990 1 3720
70263 1 7023
70601 1 2514
70929 1 6834
71161 1 610
71314 1 983
71362 1 1353
71559 1 712
71652 1 1418
71705 2 10258
71833 1 2056
71849 1 1027
71878 2 1338
72098 1 19912
72318 1 630
72387 1 2107
72454 1 779
72498 2 11873
72844 1 1589
72873 1 3122
72929 1 3019
72931 1 1959
72936 1 2099
72999 1 3301
73571 2 3969
74153 1 660
74176 8 4570
74177 3 4268
74178 4 2150
74198 1 1315
74203 2 11999
74434 1 3996
74666 1 1855
74741 2 339
74752 3 2665
74813 1 5631
74828 1 2265
74829 1 1083
74903 1 635
74936 1 665
74944 1 879
75105 1 881
75131 1 879
75208 1 3202
75227 6 960
75262 2 1538
75263 1 1329
75297 6 1533
75420 2 5660
75999 1 654
76092 2 1400
76138 3 3341
76237 3 1365
76375 1 1176
76391 1 1501
76446 1 1112
76474 1 394
76486 1 376
77088 1 4377
77124 1 3644
77139 1 7313
77447 1 655
77463 1 1315
77807 1 5880
77830 1 468
77961 1 8551
77962 1 3614
78033 1 397
