blogrol blogrol 3901 65215343 
26 1 693
28 1 2843
32 1 850
34 1 1511
41 1 1471
44 1 1058
53 1 834
104 1 1022
125 1 1436
228 1 1439
229 1 478
264 1 1210
365 1 665
375 1 10166
381 1 651
382 1 654
398 1 1083
399 1 1548
503 1 290
509 1 1165
536 1 653
557 1 3639
586 1 936
596 1 219
599 1 1086
613 1 3927
625 1 5869
660 1 680
708 1 436
757 1 308
964 1 3624
985 1 628
1024 1 476
1064 1 793
1065 1 703
1093 1 784
1128 1 2066
1134 1 966
1169 1 1187
1180 1 676
1183 2 555
1197 1 938
1200 1 636
1228 1 756
1229 2 920
1231 1 4288
1232 1 763
1275 2 647
1300 1 809
1301 1 807
1302 1 729
1318 1 2815
1362 1 3521
1399 2 1117
1430 1 625
1431 1 3318
1438 1 709
1504 1 622
1507 1 660
1510 1 1264
1512 1 8417
1518 1 545
1526 1 828
1573 1 2363
1574 1 1436
1579 1 448
1580 1 318
1585 1 1512
1618 1 966
1620 1 577
1636 1 752
1640 1 4776
1647 1 10572
1650 1 692
1722 1 1321
1724 1 540
1726 1 2436
1735 1 626
1745 1 1756
1767 1 13095
1773 1 342
1776 1 220
1778 1 220
1779 1 215
1780 1 289
1781 1 238
1784 1 1533
1792 1 104
1793 1 350
1806 1 911
1817 1 511
1819 1 878
1820 1 740
1823 1 667
1829 1 1201
1860 1 492
1871 1 1031
1876 1 721
1953 1 730
1954 1 671
1955 1 1191
1991 1 835
2006 1 561
2015 1 1644
2026 1 745
2037 1 901
2053 1 565
2083 1 4561
2102 1 853
2107 1 1943
2108 1 617
2109 1 944
2110 1 642
2111 1 416
2113 1 864
2114 1 304
2115 1 373
2116 1 701
2206 1 895
2275 1 556
2354 1 283
2364 1 1034
2376 1 1246
2379 1 297
2386 1 1335
2393 1 451
2433 2 1053
2461 1 420
2462 1 343
2465 1 212
2468 1 439
2474 1 1823
2498 1 780
2504 1 5375
2513 1 304
2514 1 426
2518 1 2175
2525 1 1298
2532 1 125
2533 1 922
2713 1 622
2714 1 1489
2783 1 178
2787 1 739
2788 1 927
2799 1 539
2981 1 1712
2991 1 2631
2995 1 2632
2996 1 348
3031 1 1586
3044 1 327
3050 1 506
3144 1 1189
3183 1 1365
3190 1 429
3191 1 454
3202 2 6501
3227 1 838
3229 1 2889
3273 1 1487
3297 1 860
3313 2 2034
3314 2 2098
3347 1 335
3366 1 313
3386 1 1245
3415 1 4495
3417 1 955
3461 1 2177
3485 1 1068
3501 1 585
3518 1 735
3536 1 1404
3573 1 593
3578 1 818
3581 1 1329
3592 1 916
3593 1 1011
3594 1 1229
3595 1 1270
3598 1 2141
3599 2 11096
3605 1 1227
3614 1 1689
3622 1 561
3638 1 816
3639 2 3357
3673 1 568
3674 1 390
3721 1 1585
3724 1 1404
3728 1 815
3790 1 5889
3791 1 6472
3894 2 890
3899 1 463
3911 1 402
3915 1 1515
3921 1 3235
3922 1 4998
3954 1 1862
3955 1 1130
4000 1 6980
4002 1 882
4005 1 354
4015 1 1212
4019 1 1367
4023 1 926
4078 1 2535
4085 1 1074
4086 1 1508
4087 2 1383
4088 2 1023
4093 1 511
4098 1 304
4100 1 326
4106 1 2006
4133 1 1153
4178 2 3149
4181 1 444
4186 1 423
4187 1 7906
4188 1 2646
4189 1 1298
4192 1 855
4193 1 927
4196 1 6780
4198 1 1153
4200 1 1162
4206 1 569
4277 1 421
4298 1 7423
4329 1 1355
4334 1 818
4335 1 520
4336 1 1088
4337 1 823
4440 1 1273
4454 1 1950
4483 1 732
4485 1 2100
4505 1 307
4538 1 965
4595 1 377
4596 1 884
4597 1 462
4672 1 250
4674 2 1077
4708 1 767
4728 1 1393
4751 1 692
4757 1 406
4774 1 575
4801 1 858
4802 1 845
4803 1 594
4804 1 804
4805 1 852
4806 1 652
4807 1 545
4808 1 495
4893 1 630
4900 1 1550
4952 3 465
4956 1 500
5097 1 370
5137 1 735
5174 1 1596
5179 1 569
5205 1 223
5212 1 1240
5214 1 1588
5225 1 1789
5252 1 2357
5253 1 1204
5264 1 2502
5271 1 144
5273 1 3302
5281 1 1564
5288 1 272
5309 1 550
5402 1 1205
5410 1 408
5431 1 1029
5432 1 1749
5496 1 938
5503 2 1464
5504 2 1390
5525 1 1587
5535 1 1993
5550 1 521
5600 1 934
5606 1 1288
5641 1 1037
5650 1 2097
5666 1 420
5867 1 5884
5889 1 1241
5905 1 700
5947 2 935
6002 2 1405
6003 2 1183
6004 2 1153
6019 4 820
6032 1 519
6132 1 1010
6133 1 287
6134 1 310
6137 1 575
6144 1 1199
6154 1 390
6160 1 121
6315 1 1246
6348 1 433
6358 1 2724
6361 1 4951
6362 1 2640
6363 1 4787
6364 1 7210
6528 1 803
6644 1 1635
6821 1 470
6822 1 363
6890 1 855
7002 1 6389
7011 1 925
7048 1 518
7060 1 3208
7062 1 3124
7076 1 474
7116 1 1032
7126 1 483
7234 1 431
7428 1 1550
7488 1 1408
7509 1 1081
7519 1 465
7521 1 326
7530 1 362
7536 1 1263
7538 1 1221
7544 1 995
7545 1 604
7547 1 1609
7560 1 367
7564 1 496
7640 1 139
7641 1 231
7644 1 472
7660 2 1360
7663 1 1465
7671 1 286
7684 1 603
7685 1 1390
7686 1 1415
7687 1 1409
7744 3 2378
7942 1 2590
7946 1 403
7947 1 511
7958 1 357
7960 1 306
7961 1 412
7963 1 3329
7972 1 2206
8012 1 436
8014 1 1956
8028 1 291
8066 1 580
8075 1 412
8091 1 129
8114 1 3627
8115 1 286
8123 1 444
8126 1 1194
8133 1 1113
8138 1 526
8139 1 4927
8167 1 1117
8193 1 1008
8215 1 2073
8267 1 1357
8270 1 1577
8271 1 616
8272 1 298
8273 1 562
8388 1 2999
8420 1 999
8423 1 1604
8430 1 1338
8555 1 1695
8571 1 2786
8625 1 1063
8626 1 415
8648 1 1264
8662 1 1187
8693 1 796
8709 1 510
8712 1 126
8713 1 131
8714 1 412
8722 1 1681
8726 1 1607
8829 2 2495
8893 1 758
8930 1 557
8935 1 687
8936 1 524
8937 1 1958
8938 1 1527
8964 1 1138
8975 1 806
8976 1 328
8986 1 760
8992 1 2708
9108 1 610
9122 1 648
9129 1 438
9150 1 654
9151 1 828
9167 1 1639
9223 1 669
9233 1 979
9296 1 1359
9297 1 1678
9324 1 4421
9325 1 4336
9327 1 402
9364 1 1435
9407 1 979
9430 1 2392
9431 1 3717
9432 1 1601
9451 1 988
9535 1 444
9536 1 442
9545 1 4422
9546 1 674
9638 1 310
9640 1 3873
9748 1 823
9771 1 1844
9772 1 1023
9794 1 736
9795 1 6831
9796 1 6203
9814 1 350
9815 1 509
9833 1 831
9835 1 774
9837 1 1313
9883 1 976
9910 1 453
9936 1 2878
10015 1 1217
10050 1 585
10104 1 780
10127 1 1014
10128 1 1019
10129 1 1016
10130 1 997
10145 1 697
10147 1 1321
10155 1 1544
10157 1 632
10291 1 724
10293 1 210
10299 1 545
10308 1 1840
10310 1 138
10311 1 144
10312 1 141
10332 1 2802
10366 1 2417
10405 1 808
10406 1 839
10409 1 1748
10414 1 486
10420 1 421
10432 1 411
10445 1 850
10455 1 1009
10459 1 216
10481 1 1483
10493 1 727
10522 1 1224
10537 1 438
10569 1 1399
10628 1 1516
10660 1 2397
10671 1 1284
10721 1 782
10762 1 1336
10807 1 1169
10808 1 6608
10893 1 358
10894 1 1184
10952 1 966
10982 1 536
11010 1 343
11034 3 474
11204 1 1481
11205 1 1196
11206 1 1491
11207 1 1893
11208 1 2507
11257 1 842
11292 1 1815
11385 1 563
11476 1 281
11554 1 804
11661 1 1125
11680 2 1050
11682 1 261
11683 1 1104
11703 1 666
11877 1 444
11949 1 3637
11977 1 298
11996 1 1491
12055 1 137
12105 1 1448
12106 1 423
12121 2 1787
12189 1 1191
12200 1 466
12204 1 993
12243 1 1176
12256 1 522
12283 1 935
12286 1 2100
12287 1 789
12321 1 704
12329 1 271
12333 1 782
12335 1 564
12345 1 1250
12361 1 619
12364 1 1534
12384 1 4014
12387 1 517
12400 1 690
12408 1 723
12422 1 1571
12430 1 1737
12527 1 1751
12574 1 869
12595 1 475
12603 1 652
12620 1 610
12635 1 1328
12645 1 564
12658 1 1221
12661 1 897
12668 1 1012
12694 1 787
12772 1 1750
12773 1 692
12783 1 4316
12787 1 558
12807 1 2985
12808 1 3060
12814 1 46677
12819 1 578
12821 1 1412
12828 1 482
12830 1 484
12832 1 1318
12838 1 2280
12885 1 6601
12894 1 788
12899 1 611
12905 1 874
12906 2 2925
12910 1 1490
12936 1 885
12970 1 579
12974 1 4586
12975 1 2649
12976 1 1275
12997 1 699
13008 1 999
13017 1 1307
13019 1 1129
13020 1 1145
13021 1 1120
13082 1 584
13130 1 1432
13153 1 1159
13188 1 2230
13192 1 200
13196 1 2057
13197 1 1674
13212 1 3298
13222 1 331
13229 1 3224
13230 1 1741
13233 1 893
13236 1 937
13238 1 877
13244 1 1069
13255 1 828
13261 1 2305
13268 1 2970
13298 1 629
13299 1 524
13300 1 427
13305 1 660
13321 1 4863
13322 1 614
13331 1 948
13334 1 1410
13339 1 2880
13341 1 1285
13342 1 1229
13344 1 5744
13346 1 1043
13368 1 580
13369 1 435
13380 2 1436
13382 1 1460
13386 1 415
13387 1 273
13392 1 617
13397 1 492
13405 1 641
13420 1 1976
13456 1 686
13470 1 2696
13471 1 829
13479 1 5487
13483 1 246
13485 1 11550
13495 1 794
13526 1 430
13532 1 1389
13534 1 2009
13542 1 805
13543 1 550
13555 1 1715
13572 1 876
13573 1 766
13574 1 1305
13575 1 2070
13576 1 2787
13577 1 805
13578 1 642
13579 1 803
13580 1 1858
13581 1 381
13642 1 1397
13660 1 514
13682 1 1174
13683 1 1116
13707 1 699
13818 1 1042
13834 1 323
13856 1 370
13859 1 651
13876 1 357
13891 1 2917
13892 1 814
13893 1 755
13905 1 147
13928 1 4471
13931 2 289
13932 1 2151
13933 1 1767
13949 1 762
13950 1 848
13985 1 11629
13986 1 1238
14000 1 859
14044 1 364
14058 1 834
14067 1 1216
14077 1 774
14078 1 1307
14081 1 1133
14117 1 1112
14118 1 1090
14119 1 222
14193 1 2538
14212 1 12149
14227 1 805
14231 1 2076
14232 1 1682
14345 1 1515
14346 1 1278
14368 1 1063
14417 1 826
14528 1 1229
14531 1 425
14568 1 712
14607 1 356
14651 1 801
14652 1 1186
14653 1 438
14654 1 1157
14655 1 846
14656 1 863
14657 1 603
14658 1 3354
14659 1 266
14660 1 1279
14661 1 572
14662 1 1844
14663 1 637
14664 1 344
14665 1 335
14666 1 801
14667 1 1206
14668 1 445
14669 1 634
14870 3 504
14986 1 914
15006 2 923
15026 1 481
15058 1 349
15065 1 416
15071 1 2697
15094 1 480
15102 1 1625
15103 1 1258
15104 1 520
15108 1 1429
15110 1 821
15210 1 1215
15256 1 1068
15272 1 573
15292 1 2070
15301 1 5730
15490 1 571
15500 1 1215
15528 2 2844
15562 1 748
15563 2 1219
15564 2 1140
15586 1 3732
15644 1 1287
15648 1 734
15651 1 868
15652 1 296
15755 1 1292
15825 1 556
15826 1 1438
15827 1 1880
16012 1 856
16036 1 684
16041 1 483
16083 1 468
16088 1 1277
16090 1 807
16105 1 1661
16112 1 720
16196 1 1661
16201 2 3976
16206 2 2677
16224 1 1417
16235 1 4462
16236 1 5204
16237 1 2746
16238 1 11763
16286 1 1123
16288 1 1218
16339 1 825
16349 1 692
16361 1 382
16379 1 636
16404 1 746
16421 1 956
16428 1 2245
16435 1 1396
16456 1 896
16463 1 1739
16471 2 306
16475 1 2055
16570 1 1285
16577 1 1217
16578 1 1137
16579 1 1174
16594 1 483
16631 1 928
16646 1 774
16671 1 1169
16720 1 1027
16765 1 1110
16768 1 912
16778 1 584
16779 1 575
16791 1 1127
16817 1 4292
16835 1 3680
16840 1 387
16841 1 3185
16844 1 2540
16849 1 6516
16850 1 4537
16915 1 1177
16918 1 1281
16925 1 1943
16926 1 1923
16934 2 763
16938 1 820
16958 2 5800
16959 1 889
16966 1 809
16984 1 5305
16985 1 2395
16991 1 1092
16998 1 794
17027 1 6203
17028 1 1380
17029 1 661
17061 1 3094
17096 1 1504
17111 1 1220
17112 1 682
17121 1 6700
17122 2 9203
17129 1 3146
17133 1 1532
17137 1 1349
17138 1 2150
17139 2 833
17146 1 692
17148 1 894
17160 1 1760
17165 1 379
17168 1 3800
17170 1 1231
17181 1 941
17185 2 1163
17193 1 708
17243 1 390
17255 2 1594
17256 2 529
17257 2 2138
17258 2 1211
17259 2 702
17273 1 385
17274 1 738
17275 1 368
17277 1 430
17278 1 392
17280 1 525
17281 1 274
17283 1 274
17287 1 160
17290 1 167
17399 1 844
17402 1 3104
17405 1 1103
17408 2 1487
17413 1 494
17422 1 1077
17429 1 804
17442 1 3953
17446 1 3664
17447 1 1361
17449 1 1065
17461 1 1154
17467 1 6562
17478 1 795
17480 1 438
17492 1 478
17494 1 4778
17508 1 421
17558 1 1065
17578 1 816
17607 1 624
17622 1 339
17624 1 1483
17657 1 971
17693 1 868
17694 1 709
17695 1 153
17700 1 1118
17725 1 1561
17735 1 1588
17736 1 1309
17737 1 1122
17738 1 715
17761 1 2572
17793 1 2999
17815 1 2708
17841 1 1098
17860 1 1026
17862 1 252
17875 1 507
17893 1 1832
17911 1 689
17912 1 693
17954 1 629
17963 1 337
17966 1 369
17968 1 426
17978 1 471
18023 1 1204
18125 1 1371
18130 1 1535
18133 1 835
18134 1 349
18135 1 919
18146 1 5814
18171 1 727
18172 1 1289
18173 1 1152
18174 1 1018
18282 1 553
18318 1 434
18322 1 1063
18325 1 1711
18327 1 1514
18331 1 3395
18341 1 768
18351 1 938
18352 1 992
18353 1 1350
18354 1 375
18415 1 5822
18439 1 706
18454 1 152
18468 1 1294
18478 1 619
18536 1 367
18564 1 769
18583 1 1790
18584 1 605
18585 1 826
18586 1 855
18587 1 996
18588 1 1245
18599 1 449
18648 2 1076
18707 1 911
18723 1 521
18738 1 940
18739 1 3057
18740 1 2994
18741 1 3106
18742 1 2981
18753 1 2030
18765 1 3181
18809 1 380
18810 1 344
18811 1 435
18817 1 444
18833 1 899
18884 1 836
18889 1 746
18905 2 3741
18906 2 3883
18907 2 3535
18945 1 6732
18951 1 5208
18952 1 1218
18955 1 1036
18956 1 1036
18961 1 690
19053 1 1540
19054 1 1357
19079 2 16454
19080 1 797
19109 1 497
19130 1 548
19313 1 987
19371 1 1293
19377 1 1170
19379 1 4781
19382 1 889
19383 1 3259
19491 1 1810
19504 1 6279
19570 1 2209
19575 1 253
19576 1 767
19577 1 257
19578 1 394
19580 1 431
19581 1 348
19589 1 1946
19604 1 511
19622 1 1077
19625 1 1321
19626 1 530
19628 1 1346
19657 1 367
19664 1 4781
19670 1 1951
19677 1 4468
19678 1 6792
19758 1 317
19767 1 969
19799 1 701
19805 1 684
19810 1 536
19835 1 1651
19836 1 719
19837 1 575
19838 1 1452
19839 1 801
19840 1 890
19841 1 935
19842 1 2475
19843 1 516
19844 1 262
19845 1 1231
19846 1 493
19847 1 808
19879 1 139
19953 1 683
19969 1 2159
19992 1 271
20029 1 1532
20032 1 742
20162 1 793
20172 1 1820
20175 1 305
20178 1 4163
20200 3 30304
20217 1 617
20226 1 264
20232 1 1085
20254 1 135
20255 1 970
20264 1 376
20294 1 3768
20301 1 1064
20311 1 733
20318 1 266
20319 1 477
20387 1 668
20398 1 471
20408 1 864
20409 1 1186
20622 1 1417
20672 1 1292
20698 2 3736
20699 2 1150
20700 4 2481
20701 2 2408
20702 2 1564
20703 2 3191
20706 1 8010
20707 1 35797
20708 1 24696
20711 1 6388
20712 1 504
20713 1 3777
20715 1 802
20718 1 1829
20758 1 1375
20760 2 1210
20761 2 1261
20762 2 1247
20764 1 1304
20777 1 1519
20778 1 4580
20785 1 3062
20800 1 1099
20811 1 4558
20825 1 1160
20830 1 2279
20831 1 5707
20875 1 801
20899 1 3664
20935 1 1544
20936 1 2518
20937 1 3666
20938 1 3851
20943 2 769
20948 1 690
21000 1 270
21005 1 993
21047 1 798
21071 1 784
21080 1 1500
21081 1 1093
21092 1 1053
21143 1 857
21144 1 872
21145 1 879
21146 1 550
21170 1 744
21228 1 451
21253 1 897
21294 1 914
21300 1 1461
21311 1 1560
21313 1 730
21319 1 589
21321 1 7104
21323 1 887
21324 1 1830
21329 1 1062
21336 1 4593
21343 1 810
21345 1 2751
21355 1 412
21378 1 356
21390 1 1750
21397 1 617
21400 6 1853
21403 1 1316
21423 1 1871
21430 1 3084
21456 1 1779
21459 1 817
21472 1 1719
21475 1 700
21480 1 1231
21482 1 810
21485 1 609
21494 1 1060
21497 1 1023
21498 1 425
21509 1 1773
21513 1 674
21515 1 1144
21524 1 1869
21525 1 2178
21543 1 900
21571 1 1372
21572 1 1011
21573 2 1590
21574 1 1373
21581 1 368
21583 1 783
21585 1 248
21586 1 323
21587 1 338
21588 1 286
21590 1 266
21591 1 362
21593 1 388
21594 1 322
21606 2 1264
21613 1 1522
21623 1 339
21648 1 6487
21666 1 970
21672 1 1580
21702 1 3125
21722 1 767
21728 1 1259
21729 1 789
21731 1 380
21734 1 245
21735 1 1028
21737 1 560
21740 2 358
21741 1 1979
21750 1 1034
21761 1 543
21799 1 326
21828 1 678
21852 1 6758
21864 1 402
21897 1 2020
21898 1 1312
21899 1 1045
21900 1 1945
21901 1 252
21902 1 517
21903 1 3153
21904 1 2015
21905 1 688
21906 1 930
21907 1 313
21908 1 640
21909 1 338
21910 1 1846
21911 1 265
21912 1 315
21913 1 3148
21914 1 314
21915 1 1773
21916 1 916
21917 1 753
21956 1 1239
21980 1 907
21988 1 1084
21989 1 2096
22023 1 584
22024 1 1137
22025 1 608
22026 1 1430
22027 1 1931
22063 2 1399
22120 1 714
22121 1 958
22139 1 1395
22165 1 818
22190 1 1108
22200 1 657
22219 1 1236
22232 1 390
22446 1 570
22455 1 2770
22510 1 744
22511 1 845
22588 1 1983
22590 3 1209
22591 3 2289
22592 3 2031
22595 1 311
22598 1 1298
22599 1 2198
22875 1 276
22888 1 885
22976 1 1924
23035 1 1061
23064 1 7447
23211 1 1665
23228 1 801
23281 1 586
23360 1 1678
23416 1 750
23440 1 860
23497 1 1079
23540 1 713
23542 1 590
23543 1 2015
23544 1 1694
23545 1 1025
23600 1 912
23658 1 603
23669 1 2196
23717 1 757
23763 1 3449
23764 1 420
23797 1 968
23906 1 439
24092 1 558
24126 1 1376
24132 1 650
24152 1 1364
24174 1 819
24208 1 696
24209 1 687
24210 1 1259
24246 1 615
24247 1 814
24284 1 4091
24309 2 1144
24373 1 378
24394 1 482
24444 1 1797
24448 1 629
24451 1 2059
24455 3 1185
24459 1 991
24461 1 554
24462 2 8468
24464 1 943
24465 1 1100
24468 1 349
24475 1 2124
24481 1 625
24502 1 2202
24503 1 924
24513 1 1816
24539 2 3939
24540 2 4575
24541 2 5645
24546 1 1148
24547 1 918
24548 1 1104
24552 1 311
24553 1 426
24554 1 557
24578 1 804
24581 1 556
24584 1 483
24585 1 1914
24587 1 379
24588 1 1540
24615 1 480
24618 1 1160
24619 1 1922
24661 1 895
24735 1 2767
24763 1 277
24790 1 2605
24791 1 2527
24792 1 607
24793 1 1676
24794 1 291
24795 1 709
24796 1 714
25056 1 650
25062 1 1262
25116 1 656
25120 1 1142
25121 1 1670
25143 1 1215
25153 1 3748
25154 1 4423
25157 1 771
25176 1 441
25240 1 1105
25260 1 1048
25267 1 2724
25306 1 1017
25310 2 1434
25311 2 1219
25409 1 4429
25430 1 1037
25440 2 1655
25522 1 2549
25539 1 282
25540 1 578
25613 1 432
25676 1 1444
25677 1 747
25678 1 326
25707 1 1454
25834 1 862
25901 1 1582
25977 1 1118
26094 1 413
26096 1 1094
26105 1 514
26139 1 1202
26212 1 890
26239 1 1707
26337 1 1218
26343 1 4639
26353 1 1541
26438 1 643
26443 1 719
26445 1 1002
26454 1 1961
26459 1 1563
26462 1 951
26463 1 563
26464 1 558
26469 1 750
26488 1 1436
26503 1 555
26507 3 4226
26516 2 2569
26551 1 279
26552 1 269
26553 1 265
26554 1 272
26569 1 895
26570 1 1069
26571 1 1195
26606 3 1164
26693 1 1069
26701 1 827
26702 1 2067
26714 1 1065
26736 1 2134
26737 1 605
26780 1 1264
26784 1 1465
26785 1 621
26786 1 394
26787 1 994
26788 1 537
26799 1 606
26800 1 1401
26901 1 1096
27026 1 1215
27029 1 443
27036 1 6909
27037 1 4999
27039 1 1645
27120 1 850
27121 1 845
27122 1 1117
27123 1 385
27137 1 865
27175 1 516
27222 1 930
27269 1 158
27277 1 748
27380 1 725
27391 1 4345
27392 1 4376
27394 1 1701
27400 1 1468
27433 1 1079
27475 1 5550
27484 1 476
27485 1 1270
27519 1 1928
27520 1 3462
27522 1 2865
27524 1 2332
27528 1 745
27531 1 1681
27545 1 991
27551 1 842
27552 1 506
27553 1 220
27556 1 640
27575 1 1100
27600 1 1271
27601 4 1888
27602 7 927
27603 3 1299
27608 1 213
27613 1 3476
27619 1 1247
27625 1 2383
27652 1 1358
27730 1 732
27742 1 1177
27746 1 563
27747 1 1674
27748 1 1234
27832 1 1102
27990 1 1190
27992 1 1645
27993 1 1601
28034 1 1005
28035 1 440
28059 1 440
28063 1 1017
28076 1 1785
28098 1 10589
28113 1 229
28249 1 426
28271 1 1650
28272 1 1115
28298 1 437
28299 1 772
28302 1 1228
28345 1 732
28348 1 195
28477 9 3627
28479 1 859
28665 1 597
28695 1 1876
28727 1 670
28728 1 674
28743 1 1455
28744 1 666
28758 1 755
28767 1 348
28768 1 734
28777 1 646
28811 1 1831
28815 1 2670
28816 1 2084
28827 1 237
28830 1 502
28831 1 132
28840 1 12057
28857 1 423
28860 1 652
28992 1 257
29040 1 477
29054 1 761
29070 1 1087
29071 1 748
29077 1 1084
29111 1 572
29123 1 229
29368 1 630
29385 1 3769
29392 1 775
29394 2 404
29396 1 8576
29425 1 346
29433 1 1359
29434 1 921
29524 1 1209
29557 1 7051
29593 1 1567
29605 1 436
29716 1 971
29799 1 321
29814 2 1053
29822 1 1623
29891 1 4871
29902 1 4620
29905 1 921
30059 1 2773
30063 1 928
30078 1 923
30189 1 1236
30414 2 59
30431 1 729
30516 1 781
30552 1 4502
30573 1 2812
30708 1 1734
30746 1 359
30747 1 4167
30772 1 576
30786 2 1228
30792 1 333
30804 1 10416
30825 1 431
30826 1 299
30833 1 1063
30838 1 413
30861 1 552
30879 1 133
30900 1 489
30952 1 3956
30953 1 4469
30975 1 1381
30984 1 373
31081 1 545
31086 1 1136
31087 1 951
31096 1 771
31098 1 455
31107 1 547
31108 1 701
31117 1 853
31143 1 529
31148 1 212
31149 1 233
31279 1 1233
31311 1 3229
31348 1 1063
31357 1 1173
31377 1 507
31378 1 1060
31398 1 896
31417 1 1164
31420 1 725
31422 1 1455
31423 1 282
31424 1 363
31425 1 562
31454 1 556
31495 1 586
31574 1 659
31631 1 2970
31748 1 126
31750 1 466
31751 1 1084
31756 1 625
31765 1 1022
31766 1 532
31771 1 404
31776 1 512
31784 1 817
31821 1 4061
31822 1 3213
31829 1 14263
31870 1 776
31871 1 291
31953 1 1038
31976 1 1282
31980 1 832
31988 1 1092
31996 1 623
31997 1 586
31998 1 698
32019 1 4793
32033 1 1250
32039 1 3651
32208 1 2672
32230 1 1393
32231 1 687
32320 1 512
32326 1 1541
32358 1 1397
32386 1 2500
32387 1 1022
32393 1 447
32409 1 897
32426 1 3386
32433 1 1327
32489 1 784
32490 1 1063
32553 1 811
32554 1 433
32560 1 315
32654 1 45225
32750 1 830
32756 1 1374
32823 1 277
32912 1 536
32913 1 774
32962 1 611
32972 1 11367
32995 1 645
33172 1 511
33201 1 356
33207 1 783
33213 1 721
33271 1 1800
33328 1 3420
33337 1 696
33365 1 974
33366 2 551
33488 1 984
33511 1 437
33522 1 869
33610 1 1314
33637 1 750
33657 1 1436
33679 1 1064
33706 1 872
33711 1 830
33737 1 1077
33748 1 855
33774 1 264
33825 1 1053
33882 1 1010
33899 1 661
33905 1 639
33922 1 815
33925 1 684
33997 1 341
34000 1 251
34004 1 5029
34025 1 839
34028 1 1137
34037 1 3652
34090 1 2456
34125 1 1328
34139 2 335
34141 1 1487
34151 1 1688
34182 1 512
34184 1 342
34185 1 292
34186 1 292
34188 1 230
34196 1 1544
34197 1 2057
34198 1 556
34199 1 839
34200 1 1477
34209 1 1701
34210 1 1920
34225 1 1084
34242 1 449
34251 1 920
34284 1 371
34285 1 1511
34288 2 1049
34289 1 2981
34300 1 1190
34301 1 440
34305 1 518
34310 1 993
34317 1 360
34334 1 376
34398 1 1634
34429 1 1037
34430 1 287
34431 1 836
34432 1 512
34433 1 451
34434 1 277
34435 1 729
34436 1 511
34437 1 989
34438 1 1066
34439 1 1490
34440 1 2290
34442 1 1260
34443 1 225
34499 1 890
34514 1 2438
34558 1 1400
34559 3 1551
34619 1 2069
34683 1 1171
34695 1 697
34700 1 611
34725 1 827
34729 1 503
34738 1 303
34744 1 1120
34776 1 2068
34784 1 1194
34790 1 662
34800 1 555
34810 1 432
34811 1 612
34812 1 498
34849 1 601
34850 1 636
34913 1 877
34924 1 986
34938 1 5944
34953 1 813
34993 1 853
35061 1 530
35073 1 1101
35143 1 546
35154 2 1597
35159 1 1431
35171 1 216
35179 1 1243
35210 1 439
35318 1 181
35340 1 4545
35342 1 651
35359 1 634
35365 1 687
35383 1 366
35462 1 801
35465 1 337
35472 1 1008
35475 1 12761
35489 1 1348
35564 1 897
35610 1 530
35613 1 447
35657 1 492
35702 1 1151
35713 1 700
35786 1 577
35787 1 681
35788 1 231
35868 1 272
35869 1 979
35875 1 356
35877 1 1096
35879 1 407
35886 1 671
35895 1 1498
35904 1 1088
35928 1 967
35934 1 924
35937 1 4486
35945 1 2222
35946 1 3409
35947 1 651
35955 1 1580
35989 1 5185
35993 1 1442
35994 1 743
36002 1 304
36007 1 403
36008 1 418
36009 1 1434
36014 1 550
36038 1 1018
36039 1 700
36040 1 1563
36072 1 1078
36091 1 2113
36105 1 390
36107 1 846
36109 1 12698
36203 1 842
36219 1 722
36242 1 1042
36243 1 395
36244 1 874
36245 1 843
36246 1 2302
36247 1 418
36248 1 658
36249 1 2162
36371 1 1301
36379 1 1733
36384 1 1118
36385 1 928
36419 1 194
36499 1 381
36532 1 1001
36565 1 835
36605 1 1696
36702 1 778
36732 3 18263
36741 1 1127
36759 1 468
36801 2 2127
36810 1 338
36825 1 894
36853 1 322
36874 1 369
36884 1 1553
36895 1 891
36992 1 847
37049 1 872
37129 1 1098
37179 1 738
37182 1 13117
37184 1 280
37189 1 1036
37192 1 921
37196 2 1139
37211 1 1200
37213 1 612
37271 2 2000
37281 1 339
37335 1 4505
37336 1 1229
37341 1 441
37345 1 368
37348 1 339
37362 1 1647
37374 1 929
37379 1 1264
37395 1 1119
37416 1 1147
37432 1 1132
37436 1 9722
37439 1 636
37442 1 505
37445 1 1889
37447 1 1838
37454 1 8351
37492 1 208
37504 1 903
37564 1 258
37565 1 1282
37566 1 1800
37567 1 2983
37568 1 269
37569 1 406
37570 1 929
37571 1 569
37572 1 262
37573 1 551
37574 1 374
37575 1 288
37576 1 1478
37577 1 806
37694 1 3082
37873 1 842
37889 1 4249
37890 1 524
37891 1 420
37892 1 5282
37900 1 297
37923 1 597
37932 1 17484
37948 1 900
37971 1 1025
37975 1 848
37977 1 339
37978 1 401
37984 1 1580
38022 1 807
38045 1 1369
38059 1 1549
38203 1 497
38209 1 807
38229 1 4034
38278 1 1163
38338 1 463
38416 1 701
38426 1 657
38528 1 1129
38538 1 1115
38542 1 2357
38550 1 806
38557 1 10387
38679 1 4243
38680 1 834
38685 1 2596
38686 1 2997
38687 1 2099
38715 1 5564
38729 1 807
38730 1 754
38731 1 818
38742 1 623
38744 1 621
38747 1 989
38762 1 231
38780 1 918
38807 1 2365
38838 1 1464
38851 1 4217
38859 1 557
38860 1 833
38863 1 737
38867 1 710
38870 1 642
38896 1 1300
38901 1 944
38907 1 4305
38911 1 572
38913 1 596
38947 2 1466
38951 1 314
38953 1 2359
38954 1 2720
38977 2 610
38979 1 1182
39018 1 1936
39023 1 663
39033 1 423
39034 1 604
39055 1 288
39097 1 1486
39101 1 562
39102 1 421
39150 1 877
39151 1 1763
39298 1 1479
39299 1 1321
39306 1 1355
39316 1 563
39317 1 402
39448 1 3136
39449 1 3105
39458 1 1860
39469 1 1674
39511 1 1178
39527 1 520
39532 1 2114
39558 1 388
39590 1 969
39591 1 1013
39690 1 2140
39770 1 518
39782 2 1509
39903 1 404
39930 1 624
39978 3 30166
39998 1 1097
39999 1 4187
40003 1 440
40015 1 892
40024 1 2366
40053 1 3632
40073 1 313
40091 1 952
40148 1 755
40179 1 780
40215 1 861
40222 1 1055
40224 1 1671
40225 1 1682
40226 1 1053
40321 1 1078
40353 1 652
40355 1 445
40368 1 1151
40376 1 629
40386 1 927
40387 1 803
40392 1 1557
40400 1 2099
40433 1 3797
40476 1 354
40481 1 1509
40521 1 1004
40534 2 4269
40538 1 14088
40542 1 1292
40545 1 815
40555 1 779
40561 1 1537
40571 1 706
40580 1 1410
40621 1 856
40628 1 402
40638 1 835
40641 1 82
40644 2 2413
40648 1 7183
40654 1 2946
40657 1 850
40659 1 2127
40660 1 577
40663 1 2472
40672 1 714
40676 1 1343
40683 1 1321
40690 1 1709
40692 1 1154
40695 1 8337
40696 1 6423
40702 2 1044
40709 1 288
40710 1 172
40711 1 595
40712 1 319
40715 1 271
40716 1 289
40717 1 371
40718 1 282
40719 1 235
40733 1 285
40736 1 742
40741 1 608
40742 1 1167
40743 1 1173
40744 1 1283
40758 1 1107
40803 1 486
40825 1 1760
40836 2 365
40843 1 495
40846 1 1105
40853 1 576
40854 1 1256
40855 1 1346
40937 1 178
40938 1 1411
40950 1 408
40951 1 869
40963 1 804
40977 1 4178
41004 1 493
41005 1 1363
41008 1 525
41020 1 531
41035 1 972
41055 2 485
41057 2 3871
41072 1 1072
41077 1 1806
41078 1 1486
41079 1 708
41080 1 1531
41081 1 236
41082 1 498
41083 1 834
41084 1 832
41085 1 1046
41086 1 1327
41087 1 485
41088 1 1045
41089 1 2270
41090 1 911
41241 1 643
41289 1 304
41327 1 4020
41328 1 3986
41451 1 1150
41514 1 389
41546 1 918
41547 1 994
41653 1 500
41682 1 2132
41686 1 1182
41688 1 1836
41706 1 683
41707 1 690
41708 1 699
41719 1 632
41720 1 1655
41725 1 775
41739 1 474
41759 1 1680
41779 1 683
41818 1 3884
41830 1 434
41848 1 605
41872 1 719
41874 1 571
41887 1 1056
41981 1 154
42048 1 1192
42132 1 1554
42145 1 1077
42154 1 520
42159 1 721
42161 1 9423
42167 1 582
42214 1 434
42219 1 724
42221 1 2197
42229 1 695
42234 1 2137
42260 1 1936
42261 1 6604
42262 1 732
42265 1 1288
42266 1 1519
42267 1 723
42274 1 515
42275 1 322
42276 1 537
42279 1 278
42280 1 372
42283 1 2025
42291 1 131
42292 1 1752
42299 1 1013
42317 2 564
42328 1 414
42355 1 5228
42356 1 4608
42363 1 628
42385 1 1348
42394 1 473
42416 2 1931
42417 1 1718
42418 1 914
42485 1 1654
42495 1 292
42503 1 757
42524 1 1615
42532 1 892
42533 1 653
42534 1 322
42535 1 262
42536 1 1190
42537 1 504
42538 1 1565
42539 1 472
42540 1 1612
42541 1 901
42542 1 862
42544 1 2256
42545 1 732
42645 1 2530
42660 1 638
42661 1 1027
42662 1 724
42671 1 906
42829 1 1121
42842 1 2027
42926 1 1178
43060 1 818
43076 1 534
43086 1 1175
43106 1 1668
43109 1 2284
43111 1 829
43120 1 815
43123 1 1254
43124 1 842
43147 1 797
43477 2 22611
43489 1 1060
43520 1 684
43536 1 1487
43538 1 2943
43553 1 1438
43576 2 5522
43577 2 3389
43611 2 1321
43631 1 1133
43632 1 1125
43692 1 324
43739 1 1071
43772 1 1303
43778 1 649
43800 1 839
43832 1 1187
43835 1 477
43845 2 975
43909 1 1568
43913 4 1273
43926 1 309
43933 1 748
43952 1 345
44000 1 1084
44007 1 625
44010 1 423
44011 1 1934
44024 1 1787
44049 1 721
44050 1 4928
44059 1 1070
44061 1 796
44062 2 994
44068 1 420
44072 1 311
44073 1 576
44076 1 361
44078 1 382
44080 1 3596
44081 1 4117
44087 1 368
44090 1 1267
44092 1 720
44100 1 401
44105 1 2359
44106 1 3394
44107 1 1972
44110 1 1335
44122 1 1272
44130 1 6601
44175 1 865
44176 1 884
44183 1 494
44208 1 832
44212 1 1650
44261 1 209
44263 1 624
44273 1 846
44285 1 809
44308 1 442
44332 1 826
44384 1 786
44417 1 1031
44422 1 326
44423 1 2828
44424 1 1183
44425 1 392
44426 1 597
44427 1 1106
44428 1 1638
44429 1 1727
44430 1 967
44431 1 382
44432 1 762
44433 1 580
44524 1 961
44580 1 936
44758 1 2521
44761 1 2510
44763 1 282
44768 1 2523
44772 1 608
44774 1 2787
44775 1 2616
44809 1 460
44810 1 640
44891 1 1753
44934 2 59
44945 1 410
44947 1 505
44954 2 8549
44955 2 7733
44956 2 7041
44957 2 10010
44965 1 542
45331 1 1479
45356 1 680
45392 1 372
45435 1 1178
45606 1 1351
45622 1 1477
45627 1 711
45677 1 359
45684 1 513
45859 1 21421
45874 1 989
45889 1 1020
45970 1 558
45971 1 1186
45976 2 1351
45997 1 647
46008 1 1836
46009 1 568
46027 1 719
46087 1 1968
46105 1 945
46107 1 1152
46115 1 1300
46130 1 1076
46134 1 596
46136 1 984
46139 1 980
46149 1 919
46211 1 369
46282 1 4059
46283 1 821
46289 1 4086
46298 1 3741
46306 1 4474
46309 1 1589
46372 1 1372
46373 1 1182
46376 1 1363
46384 2 827
46387 1 1422
46390 1 248
46393 1 1295
46409 1 1262
46412 1 849
46430 1 535
46434 1 2480
46443 1 518
46444 1 187
46445 1 438
46446 1 665
46447 1 242
46448 1 361
46456 1 728
46459 1 1450
46460 1 962
46461 1 1311
46462 1 815
46467 1 1655
46470 1 862
46490 1 2484
46516 1 1910
46523 1 419
46531 1 994
46532 1 2752
46533 1 368
46536 1 1419
46541 1 1240
46598 1 248
46616 1 941
46621 1 1413
46634 1 2594
46655 1 779
46664 1 716
46667 1 779
46668 1 2331
46669 1 1592
46670 1 1475
46671 1 997
46672 1 241
46673 1 355
46674 1 242
46680 1 800
46781 1 3752
46788 1 852
46804 1 669
46818 1 972
46821 1 1634
46833 1 1149
46902 1 604
46945 1 904
46961 1 1408
46968 1 1661
46985 1 432
46989 1 824
46990 1 569
46991 1 393
47035 1 1907
47039 1 2061
47051 1 371
47053 1 140
47055 1 337
47075 1 1834
47078 1 668
47079 1 757
47085 1 661
47086 1 935
47087 1 880
47122 1 512
47134 1 388
47146 1 745
47147 1 1098
47151 1 5857
47174 1 341
47226 1 671
47230 1 1077
47241 1 339
47249 1 557
47250 1 765
47289 1 600
47371 1 650
47398 1 5716
47443 1 1833
47459 1 8496
47460 4 1813
47461 1 1226
47476 2 2645
47483 1 864
47491 1 2517
47508 1 1236
47509 1 306
47534 1 282
47535 1 558
47540 1 1013
47559 1 11224
47577 1 1239
47748 1 6961
47779 1 764
47799 1 2474
47800 1 10768
47802 1 1203
47872 1 1066
47873 2 1264
47874 2 1462
47875 1 388
47894 1 349
48040 1 1021
48057 1 787
48063 1 1398
48065 1 1054
48078 1 11919
48092 1 916
48108 1 1242
48112 1 1380
48150 1 1299
48172 1 448
48178 1 312
48200 1 422
48202 1 2712
48205 1 3456
48206 1 1787
48221 1 2217
48270 1 2441
48272 1 849
48273 1 1388
48292 1 125
48294 1 1479
48298 1 431
48299 1 3767
48300 1 2019
48301 1 772
48308 1 1162
48322 1 338
48342 1 1350
48365 1 1031
48383 1 1983
48444 1 1142
48445 1 590
48492 1 508
48493 1 652
48521 1 324
48528 1 794
48633 1 865
48639 1 2034
48643 1 685
48658 1 425
48673 1 6093
48689 1 4283
48704 1 806
48741 1 1388
48750 1 179
48752 1 1640
48781 1 806
48878 1 357
48892 1 278
48901 1 1611
48904 1 1475
48907 1 1902
48910 1 1372
48913 1 947
48919 1 5467
48920 1 1976
48922 1 2935
48990 2 404
49005 1 2273
49009 1 1183
49017 1 1408
49034 1 2025
49043 1 1079
49074 1 2567
49077 1 1137
49105 1 2283
49106 1 2247
49112 4 1134
49114 1 314
49115 1 400
49117 1 563
49133 1 844
49161 1 876
49221 1 1018
49254 1 610
49323 1 5236
49451 1 183
49482 1 1172
49483 1 4047
49484 1 3481
49503 1 652
49510 1 2250
49565 1 397
49571 2 1114
49574 1 240
49575 1 1035
49706 1 1142
49752 1 1670
49755 1 852
49776 1 9407
49802 1 310
49803 1 785
49804 1 2520
49805 1 616
49806 1 1527
49807 1 338
49808 1 303
49809 1 1482
49810 1 287
49811 1 1751
49812 1 693
49813 1 258
49814 1 1613
49816 1 1047
49817 1 614
49818 1 297
49819 1 736
49821 1 771
49822 1 498
49823 1 333
49824 1 289
49826 1 338
49827 1 721
49828 1 951
49830 1 265
49831 1 997
49832 1 2018
49833 1 2286
49834 1 904
49835 1 731
49896 1 1614
49904 1 1193
49905 1 2350
49932 1 1098
49935 1 757
49958 1 1831
49980 1 684
50117 2 695
50133 1 525
50249 1 735
50251 1 895
50252 1 981
50311 1 645
50312 1 1045
50317 1 2395
50329 2 886
50439 1 3976
50449 1 1878
50457 1 454
50502 1 891
50506 1 285
50507 1 317
50534 1 980
50535 1 645
50536 1 884
50555 1 478
50565 1 600
50571 1 990
50574 1 572
50575 1 636
50593 1 608
50621 1 1050
50623 1 268
50631 1 446
50632 1 1689
50730 1 364
50745 1 284
50755 1 3965
50791 1 368
50859 1 683
50880 1 487
50914 1 754
50934 1 433
50936 2 3155
50978 1 1544
50988 1 1822
50989 1 3307
50990 1 2134
50991 1 851
50992 1 1320
50995 1 1053
51057 1 1367
51093 1 935
51095 1 549
51105 1 1220
51108 1 930
51113 1 1849
51120 1 2116
51146 1 2691
51167 1 1503
51173 1 1055
51226 1 2481
51227 1 1328
51290 1 6381
51291 1 1801
51292 1 1220
51392 1 70
51439 1 574
51448 1 734
51474 1 822
51475 1 1015
51504 1 480
51505 1 458
51586 1 883
51588 1 1269
51727 1 360
51730 1 505
51733 1 416
51761 1 495
51776 1 612
51823 1 741
51974 1 1918
51983 1 257
52048 1 4112
52049 1 3857
52053 2 59
52071 1 2204
52072 1 2361
52074 1 7011
52076 1 874
52092 1 1269
52145 1 1011
52146 1 10691
52166 1 894
52196 1 258
52197 1 232
52199 1 2113
52202 1 424
52205 1 1233
52212 1 782
52228 1 3809
52236 1 1423
52255 1 1523
52272 1 1620
52285 1 976
52295 1 668
52301 1 8406
52318 2 1092
52339 1 1963
52378 1 544
52379 1 1567
52380 1 725
52381 1 566
52382 1 1562
52383 1 381
52384 1 3160
52385 1 309
52386 1 3359
52387 1 709
52480 1 2295
52583 1 249
52592 1 1343
52599 1 4808
52605 1 656
52709 1 1796
52816 1 1004
52940 1 579
52948 1 753
52976 1 578
53023 1 6088
53033 1 334
53034 1 2302
53111 1 3883
53123 1 1339
53124 1 2131
53203 1 1666
53216 1 653
53217 2 2450
53307 1 1762
53308 1 2307
53359 1 2051
53365 1 748
53366 1 793
53367 1 1856
53374 1 764
53386 1 3714
53429 2 841
53430 1 48057
53432 1 1524
53439 1 1098
53440 1 883
53441 1 3363
53446 1 495
53476 1 375
53477 1 318
53492 1 606
53501 1 1069
53505 1 947
53515 1 1570
53543 1 2493
53554 1 1048
53659 1 220
53688 1 2329
53690 1 426
53721 2 553
53722 2 622
53735 1 915
53736 1 737
53737 1 405
53738 1 2051
53739 1 255
53740 1 835
53741 1 763
53742 1 1066
53743 1 319
53866 1 1764
53919 1 1312
54156 1 740
54160 1 1691
54184 1 291
54202 1 122
54214 1 738
54282 1 865
54288 1 993
54300 1 425
54306 1 2437
54317 1 368
54361 1 244
54368 1 1871
54375 1 5885
54450 1 576
54451 1 574
54470 1 2185
54487 1 750
54488 1 1158
54552 4 2960
54562 1 595
54580 1 654
54587 1 474
54627 1 316
54629 1 894
54691 1 1895
54939 1 266
54963 1 501
55054 1 4966
55141 1 428
55142 1 406
55143 1 513
55146 1 2594
55152 1 416
55166 1 705
55429 1 377
55516 1 1474
55528 2 1027
55537 1 7693
55621 1 933
55701 1 1146
55926 1 650
55930 1 391
56013 1 518
56215 1 1081
56244 1 749
56273 1 2200
56276 1 1882
56430 1 374
56446 1 1314
56461 1 755
56472 1 525
56477 1 4251
56497 1 2476
56499 1 463
56500 1 2556
56522 1 3726
56543 1 890
56554 1 373
56583 1 1551
56586 1 286
56588 1 218
56590 1 2070
56611 1 767
56620 2 1243
56630 1 3641
56642 1 430
56643 1 628
56648 1 471
56666 1 912
56699 2 1181
56717 1 2410
56782 2 788
56834 1 488
56835 1 445
56836 1 419
56838 1 604
56880 1 575
56913 1 1454
56918 1 665
56957 1 638
56976 1 591
56977 1 660
56987 1 833
57024 1 5130
57032 1 1178
57241 1 1386
57257 1 397
57260 2 463
57295 2 581
57319 1 1304
57321 1 1511
57429 1 937
57441 1 2098
57452 1 856
57478 2 59
57501 1 432
57548 1 1424
57740 1 367
57756 1 588
57757 1 1344
57758 1 2719
57759 1 1949
57760 1 2085
57761 1 2116
57922 1 480
57930 1 1080
58000 1 818
58201 1 1355
58278 1 312
58279 1 651
58294 1 230
58315 1 2480
58316 1 769
58320 1 2273
58341 1 573
58424 1 327
58473 1 506
58488 1 634
58493 1 958
58523 1 1479
58535 1 1948
58546 1 999
58757 1 296
58758 1 733
58773 1 1702
58852 1 3464
58853 1 2423
58857 1 994
58858 1 1878
58859 1 1547
58860 1 1359
58901 1 900
58928 1 493
59151 1 714
59215 1 1368
59347 1 9699
59348 1 10477
59349 1 8147
59350 1 8331
59612 1 826
59644 1 683
59711 3 469
59800 1 569
59846 1 748
59849 1 532
59867 1 342
59892 1 737
59899 1 626
59982 1 4938
59983 1 2990
59984 1 2885
59985 1 4522
59986 1 4731
59987 1 5303
59988 1 5229
59995 1 537
60001 1 448
60037 1 4344
60038 1 3448
60039 1 4322
60040 1 5727
60071 1 365
60072 2 1182
60073 2 1178
60094 1 1104
60172 1 1266
60177 1 1472
60223 1 1232
60342 1 1408
60457 1 776
60485 1 2859
60600 1 734
60612 1 724
60613 1 566
60614 1 732
60615 1 733
60696 1 834
60705 1 410
60715 1 1172
60750 1 12275
60804 1 1666
60967 1 2534
60968 1 1740
60979 1 320
60980 1 543
60981 1 444
61067 1 651
61098 1 1594
61186 1 14302
61187 1 15707
61188 1 29700
61194 1 1390
61195 1 1379
61196 1 1748
61206 1 1042
61208 1 203
61242 1 545
61249 1 1001
61255 1 4815
61256 1 2242
61257 1 838
61258 1 3684
61259 1 1094
61260 1 1077
61261 1 1071
61262 1 1081
61263 1 1798
61269 1 8764
61330 2 1389
61331 2 2243
61409 1 3387
61497 1 5567
61513 2 615
61516 1 1071
61526 1 1292
61565 1 2333
61610 1 1320
61611 1 674
61612 1 640
61634 1 850
61635 1 2149
61636 1 2406
61637 1 582
61666 1 1012
61668 1 11710
61669 1 5944
61693 1 1481
61694 1 3121
61695 1 1456
61701 1 1679
61736 1 3608
61750 1 435
61785 1 310
61786 1 849
61791 1 1288
61860 1 7381
61873 1 756
61876 1 2252
61890 1 2025
61924 1 6503
61995 1 1094
61998 1 806
62055 1 581
62056 1 692
62057 1 601
62064 1 591
62066 1 709
62067 1 873
62076 1 355
62080 1 532
62087 1 4114
62088 1 479
62089 1 327
62113 2 412
62114 2 939
62115 2 755
62116 2 949
62117 2 1347
62124 1 1016
62125 1 597
62126 1 597
62127 1 223
62132 2 564
62136 1 1682
62142 1 2600
62143 1 2252
62144 1 2188
62145 1 1137
62147 1 191
62183 1 581
62199 1 2963
62209 1 136
62258 1 2177
62268 1 1449
62317 1 1576
62326 1 795
62327 1 792
62345 1 656
62407 1 859
62456 1 563
62457 1 913
62493 1 1022
62499 1 3759
62573 1 1569
62596 1 2402
62613 1 5274
62642 1 7441
62655 1 2002
62684 1 1705
62692 1 1474
62756 1 570
62766 1 8596
62767 1 14162
62768 1 9553
62782 1 1115
62787 1 525
62790 1 519
62791 1 2675
62819 1 945
62824 1 4199
62870 1 1017
62871 1 1931
62874 1 12417
62885 1 441
62887 1 552
62933 1 987
62987 1 1559
63042 1 235
63073 1 6062
63074 1 4609
63075 1 3050
63076 1 3881
63077 1 5251
63084 1 810
63085 1 321
63086 1 353
63087 1 256
63088 1 714
63089 1 975
63090 1 301
63147 1 1729
63203 1 3831
63325 1 587
63349 1 2002
63358 1 1133
63366 1 796
63371 2 1573
63407 1 600
63461 1 659
63475 1 1619
63509 1 557
63510 1 562
63511 1 567
63512 1 754
63554 1 2850
63650 1 465
63688 1 897
63692 2 1027
63695 1 2625
63703 1 2027
63704 1 493
63722 1 980
63728 1 1379
63734 1 765
63735 1 371
63737 1 2198
63741 1 642
63767 1 938
63829 1 956
63830 1 939
63831 1 923
63888 1 599
63908 1 588
63909 1 628
63911 1 132
63926 1 1163
63932 1 1211
63933 1 426
63935 1 827
63936 1 584
63937 1 259
63938 1 2930
63939 1 225
63940 1 434
63941 1 1650
63987 1 1321
64046 1 807
64090 1 622
64293 1 1009
64311 1 4060
64315 2 685
64347 1 706
64349 1 429
64350 1 20899
64358 1 747
64359 1 542
64360 1 245
64377 1 1147
64378 1 419
64379 1 600
64380 1 547
64383 1 602
64389 1 138
64395 1 155
64407 1 1172
64410 1 1829
64496 1 760
64527 1 314
64532 1 334
64562 1 950
64589 1 430
64613 1 975
64655 1 2422
64666 1 1098
64675 1 1128
64902 1 499
64924 1 2526
64992 1 1017
65021 2 833
65082 1 2417
65083 3 1451
65084 3 2317
65088 1 425
65089 1 561
65091 7 2809
65092 1 2579
65093 1 2401
65094 1 2609
65104 1 8712
65107 1 3809
65110 2 981
65376 1 1586
65386 1 1013
65401 1 193
65410 2 1931
65437 1 372
65439 1 667
65444 1 1038
65450 1 551
65524 1 1206
65554 1 543
65555 1 382
65575 1 580
65579 1 744
65583 1 423
65613 1 516
65617 1 1340
65618 1 1810
65636 1 608
65641 1 717
65645 1 1634
65660 1 1148
65661 1 883
65667 1 525
65702 1 377
65799 1 4143
65837 2 1272
65838 1 1936
65896 1 3671
65945 1 2536
65946 1 1248
65984 1 2219
65985 1 307
65987 1 529
66000 1 476
66013 1 2760
66015 1 4361
66026 1 1362
66109 1 1364
66177 1 2510
66182 1 1751
66195 1 287
66222 1 348
66223 1 804
66227 1 337
66228 1 336
66253 1 2409
66310 1 8271
66313 2 1270
66326 1 683
66327 1 942
66328 1 857
66334 1 368
66383 1 397
66394 1 685
66414 1 1699
66429 1 347
66440 1 373
66444 1 3410
66471 1 3798
66516 1 912
66556 1 988
66571 1 189
66575 1 695
66609 1 980
66634 1 522
66644 1 521
66665 1 3178
66669 1 1314
66729 1 821
66730 1 376
66782 1 966
66795 1 970
66799 1 673
66803 1 223
66808 1 528
66819 1 6321
66871 3 1139
66875 1 578
66896 1 519
66897 1 2315
66915 1 4319
67006 1 1019
67089 1 1117
67123 1 678
67168 1 2878
67213 1 2231
67214 1 767
67231 1 1240
67248 1 491
67249 1 476
67261 1 1409
67285 1 513
67295 1 426
67360 1 1780
67361 1 1019
67374 1 1178
67406 2 1549
67427 1 2019
67428 2 2521
67429 1 748
67443 1 1802
67526 1 813
67539 1 315
67543 1 975
67549 1 850
67551 1 366
67597 1 293
67633 1 606
67686 1 541
67725 2 1884
67731 1 381
67739 1 520
67740 1 989
67741 1 2150
67742 1 1745
67750 1 1913
67754 1 567
67769 1 700
67770 1 1180
67771 1 836
67772 1 1925
67777 1 2113
67813 1 611
67835 1 1309
67865 1 877
67866 1 1457
67902 1 1015
67916 1 1568
67926 1 1401
68040 1 2912
68075 1 950
68082 1 1865
68088 1 680
68115 1 3242
68116 1 4818
68117 1 4150
68118 1 3343
68119 1 6225
68120 1 7511
68150 1 452
68192 1 2334
68195 1 237
68227 1 432
68235 1 729
68268 1 2304
68351 1 1158
68355 1 1716
68374 1 390
68383 1 1172
68423 1 907
68681 1 4179
68719 1 743
68734 1 1218
68735 1 545
68745 1 424
68752 1 1201
68753 1 669
68756 1 2028
68788 1 2193
68792 1 2291
68832 1 502
68898 1 907
68919 1 245
68967 1 839
69039 1 938
69070 1 741
69088 1 388
69089 1 318
69347 1 566
69376 1 1668
69381 1 920
69459 1 692
69506 1 1045
69510 1 278
69511 1 440
69515 1 3275
69521 1 6102
69532 1 2723
69722 1 1778
69726 1 598
69894 1 399
69913 1 7379
70037 1 738
70064 1 1128
70068 1 895
70071 1 841
70099 1 321
70216 1 2736
70218 1 1422
70235 1 480
70236 1 3474
70279 1 12383
70289 1 1270
70304 1 495
70311 1 2716
70312 1 909
70313 1 2371
70345 1 930
70406 1 1912
70412 1 337
70430 1 1501
70448 1 2617
70471 1 1666
70477 1 1011
70486 1 218
70490 1 449
70565 1 971
70575 1 964
70591 1 4584
70592 1 761
70602 1 182
70700 1 756
70838 1 1950
70839 1 3633
70841 1 8361
70842 3 1321
70847 1 1069
70864 1 939
70913 1 1388
70920 1 569
70936 1 1631
70965 1 313
70968 1 281
70971 1 271
70972 1 351
70973 1 413
70974 1 326
70975 1 285
70976 1 440
70977 1 1128
70979 1 1611
70991 1 2170
71013 1 1564
71019 1 763
71066 1 819
71069 1 490
71115 1 372
71166 1 480
71176 1 1463
71227 1 929
71267 1 269
71268 1 1811
71273 1 1606
71274 1 908
71275 1 795
71276 1 2862
71277 1 778
71278 1 546
71279 1 792
71280 1 294
71281 1 420
71282 1 1318
71283 1 234
71526 1 815
71573 1 847
71576 1 374
71577 1 523
71604 1 774
71620 1 306
71636 1 554
71639 1 222
71671 1 117
71672 1 952
71675 1 907
71676 1 2168
71677 1 564
71682 1 1169
71687 1 446
71721 1 911
71725 1 1376
71750 1 423
71795 1 690
71834 1 664
71835 1 563
71838 1 910
71877 1 7422
71974 1 1496
71986 1 445
72009 1 1448
72029 1 1234
72040 1 674
72041 1 1544
72049 1 417
72070 1 1211
72071 1 1126
72084 2 753
72098 1 19912
72143 1 575
72146 1 1354
72166 1 188
72171 1 618
72174 1 315
72271 1 1759
72272 1 1892
72370 1 1139
72372 1 1766
72381 2 802
72382 2 4049
72385 1 1087
72401 1 1069
72488 1 804
72505 1 581
72517 1 1018
72518 1 1027
72519 1 1167
72520 1 856
72571 1 2681
72575 1 929
72642 1 1456
72649 1 1028
72657 1 674
72663 1 1320
72677 1 1203
72743 1 149
72759 1 256
72760 1 729
72923 1 1527
72930 1 2073
72968 1 812
73016 1 1141
73024 1 727
73025 1 517
73026 1 664
73027 1 772
73028 1 1012
73084 1 2577
73089 1 890
73103 1 285
73109 1 1129
73148 1 5628
73161 1 649
73220 1 4868
73271 1 1307
73276 1 7711
73405 1 2119
73437 1 1405
73452 1 1553
73456 1 833
73534 1 748
73668 1 463
73727 1 322
73728 1 354
73762 1 2217
73890 1 333
73905 1 2175
73951 1 1097
73969 1 784
74022 1 2523
74027 1 1756
74067 2 6352
74093 1 704
74106 1 855
74135 1 1169
74141 1 288
74148 1 1271
74149 1 1131
74162 1 577
74222 1 1233
74283 1 1036
74284 1 1107
74285 1 286
74357 1 644
74363 1 631
74382 1 234
74414 1 647
74443 1 1375
74519 1 5618
74522 1 1218
74527 1 1301
74533 1 1653
74547 1 460
74560 1 477
74562 1 846
74567 1 1654
74572 1 8808
74599 1 1187
74604 1 5954
74605 1 6001
74606 1 664
74631 1 412
74642 1 586
74643 1 767
74645 1 6253
74651 1 897
74672 1 490
74706 2 5592
74707 2 4337
74708 2 4408
74717 1 1115
74719 1 1319
74730 1 351
74733 1 419
74735 1 279
74738 1 254
74739 1 348
74741 1 339
74742 1 298
74746 1 5004
74753 1 378
74769 1 281
74770 1 594
74785 1 4399
74793 1 1712
74794 1 1782
74795 1 2070
74814 1 921
74821 1 1520
74833 1 534
74856 1 360
74857 1 2102
74858 1 1001
74862 1 1192
74873 1 4014
74874 1 6108
74877 1 3262
74879 1 853
74880 1 358
74886 1 3171
74890 1 516
74892 1 1290
74897 1 657
74898 1 176
74926 1 367
74931 1 2115
74951 1 996
74964 1 1304
75125 1 1224
75156 1 607
75197 2 1242
75198 2 1269
75217 1 548
75298 1 867
75299 1 304
75300 1 446
75574 1 1756
75585 1 1192
75658 2 1060
75817 1 806
75836 1 992
75921 1 162
75931 1 1439
75938 1 2373
75954 1 3743
75973 1 661
75978 1 461
75981 1 637
76034 1 1048
76038 1 3241
76039 1 964
76040 1 3213
76049 1 1651
76081 1 1493
76086 1 546
76087 1 627
76097 1 1243
76104 1 2832
76105 1 6146
76106 1 4999
76209 1 624
76224 1 832
76236 1 1049
76237 1 1365
76239 1 921
76303 1 1328
76318 1 870
76321 1 546
76322 1 1291
76324 1 1227
76338 1 1039
76380 1 920
76387 1 372
76388 1 334
76393 1 1492
76395 1 637
76397 1 305
76398 1 487
76405 1 5489
76437 1 1295
76438 1 1505
76442 1 312
76443 1 440
76444 1 329
76454 1 531
76473 1 683
76503 1 1066
76504 1 637
76515 1 425
76526 1 4857
76529 1 10440
76534 1 461
76535 1 720
76574 1 624
76577 1 2515
76578 1 872
76582 1 1126
76585 1 1877
76587 1 1166
76588 1 1544
76589 1 387
76624 1 953
76637 1 349
76644 1 291
76646 1 468
76648 1 306
76649 1 514
76651 1 686
76653 1 314
76654 1 247
76661 1 379
76667 1 173
76702 1 1073
76726 1 2339
76736 1 1139
76748 1 801
76761 1 475
76773 1 2532
76780 1 5196
76796 1 1059
76801 1 1258
76827 1 824
76865 1 642
76874 1 324
76882 1 561
76889 1 1635
76921 1 384
76990 1 1902
77007 1 2330
77015 1 1847
77016 1 2119
77017 1 589
77018 1 437
77019 1 882
77020 1 1328
77021 1 896
77022 1 685
77023 1 2768
77024 1 1122
77025 1 2461
77026 1 1272
77027 1 422
77028 1 969
77029 1 550
77030 1 428
77145 1 1172
77156 1 807
77157 1 1001
77253 1 1729
77376 1 2050
77377 1 1880
77434 1 416
77437 1 562
77441 1 360
77451 1 1266
77452 1 2364
77458 1 1185
77466 1 1607
77483 1 560
77493 1 264
77572 1 1247
77630 1 407
77637 1 590
77645 1 538
77647 1 1135
77648 1 1212
77649 1 232
77652 1 3016
77655 1 342
77679 1 1251
77807 1 5880
77815 1 676
77836 1 808
77891 1 1621
77893 1 2270
77894 1 941
77940 1 294
78074 1 1554
78113 1 2136
