treat treat 6214 65215343 
28 1 2843
41 1 1471
75 1 1037
120 10 4128
131 1 14882
139 2 733
203 1 5213
231 1 815
242 1 2344
248 1 5568
258 13 56657
264 1 1210
328 13 753
331 1 735
372 1 811
375 2 10166
379 1 309
389 1 665
406 1 1543
419 1 931
428 10 2978
429 1 3151
430 1 3354
452 2 1807
455 1 3709
500 5 1485
533 1 1661
556 2 3813
572 1 680
650 1 1021
667 1 526
689 1 1358
694 1 1606
717 3 1260
725 1 7096
733 1 1616
763 3 1020
813 1 715
825 2 574
888 12 3495
933 1 470
992 1 3872
993 1 10702
1006 1 388
1017 4 1666
1050 1 992
1081 1 980
1104 2 4937
1119 1 1874
1134 4 966
1135 2 1188
1145 1 666
1149 1 1495
1160 1 1620
1185 4 15836
1206 1 1304
1210 3 703
1213 1 3659
1264 1 882
1272 1 2455
1321 1 3750
1367 2 4065
1375 1 1253
1423 1 1158
1428 2 1327
1431 1 3318
1461 1 1379
1462 1 1187
1512 7 8417
1551 1 1402
1573 3 2363
1593 1 2577
1634 3 30082
1647 4 10572
1648 1 2206
1722 1 1321
1745 1 1756
1796 1 1148
1799 1 983
1802 3 10218
1824 5 714
1898 2 3856
1900 4 649
1907 5 513
1956 1 3792
1963 1 362
2016 1 562
2037 1 901
2043 1 968
2080 1 8786
2085 1 752
2096 3 1974
2121 8 4211
2192 5 5833
2197 2 1493
2198 4 2369
2216 1 2877
2237 1 1765
2319 1 1162
2320 1 533
2325 1 891
2387 1 1420
2407 1 462
2408 1 1064
2409 1 1038
2427 2 1375
2476 1 842
2477 1 1144
2478 1 1268
2501 1 1452
2504 1 5375
2536 1 2222
2562 1 2880
2563 1 1141
2568 1 4333
2573 1 768
2576 7 751
2627 1 1223
2633 2 1505
2674 1 654
2685 1 32
2687 1 1139
2716 3 4798
2727 1 4008
2730 3 1646
2733 1 1374
2755 1 297
2763 1 580
2792 1 428
2821 5 1096
2825 1 2998
2845 1 2533
2926 1 1956
2970 1 478
2991 1 2631
2995 1 2632
3015 1 644
3105 1 3023
3106 1 3092
3107 1 3008
3108 1 2991
3109 1 3299
3133 2 4214
3195 1 2888
3196 1 2596
3197 1 1690
3204 1 1395
3229 1 2889
3274 9 339
3281 1 3667
3301 7 4111
3302 7 4954
3348 1 1094
3349 2 767
3382 1 613
3383 2 10722
3402 1 2468
3403 1 2172
3408 4 3212
3409 1 3574
3410 1 11224
3440 1 1888
3472 1 588
3483 2 1094
3499 1 1513
3509 1 1454
3513 1 2385
3518 2 735
3533 1 1907
3554 1 292
3564 1 1154
3565 1 928
3578 1 818
3591 1 1321
3594 3 1229
3598 2 2141
3599 1 11096
3601 1 422
3608 1 254
3609 1 1300
3634 1 379
3728 2 815
3747 1 1430
3773 1 2479
3783 1 1578
3790 1 5889
3828 2 979
3829 3 1698
3831 1 3725
3837 1 782
3847 3 27149
3855 1 365
3863 1 4935
3887 2 2632
3893 1 1570
3911 2 402
3921 1 3235
3930 1 1380
3936 1 687
3946 1 1370
3947 2 461
3957 1 783
4000 1 6980
4009 1 425
4015 1 1212
4016 3 4260
4024 1 670
4050 1 4772
4067 1 3490
4069 1 3379
4101 6 3929
4110 1 2246
4144 2 2194
4168 1 1000
4171 7 2956
4172 1 4084
4192 1 855
4198 2 1153
4251 2 2307
4284 1 571
4390 1 1399
4417 2 4384
4418 2 2251
4449 1 1837
4453 4 1290
4460 1 3587
4461 7 4244
4462 2 6187
4463 1 4320
4473 2 2419
4491 1 1897
4511 1 219
4579 4 1909
4614 4 5323
4615 1 3920
4620 1 2669
4621 1 862
4626 1 2742
4645 1 2574
4685 1 537
4690 2 532
4747 2 662
4753 1 5716
4797 1 949
4815 3 686
4823 1 1869
4836 1 1272
4838 1 5657
4861 1 2242
4874 1 765
4875 2 1364
4905 1 7440
4918 2 2282
4919 2 2024
4921 1 1991
4922 1 1947
4937 1 870
4948 1 3561
5002 2 577
5062 2 634
5131 1 1622
5133 1 793
5142 1 1220
5150 3 1030
5157 1 195
5170 2 2743
5214 2 1588
5242 8 1621
5247 1 6498
5311 3 733
5321 1 1222
5396 2 6921
5404 2 980
5405 3 2643
5409 2 816
5410 1 408
5441 4 1058
5454 2 6641
5464 1 1205
5493 1 794
5499 6 44062
5527 1 2431
5542 1 746
5580 1 6581
5584 1 687
5815 2 742
5842 2 1750
5843 1 2680
5845 1 665
5854 1 651
5867 1 5884
5882 1 754
5887 1 1156
5894 3 4730
5960 1 1674
5978 4 821
6010 1 3182
6011 1 3214
6012 10 3069
6013 6 2929
6014 1 3067
6040 1 1266
6041 1 611
6044 1 2681
6057 4 1652
6078 1 1444
6123 2 1295
6132 1 1010
6149 1 777
6163 1 4318
6164 1 2727
6165 1 4900
6166 1 567
6180 1 5070
6181 1 5519
6183 1 2719
6296 3 3125
6298 2 3012
6299 2 3048
6300 2 3029
6301 2 2972
6303 2 2969
6304 2 3270
6306 1 3001
6309 3 862
6347 1 1459
6358 1 2724
6360 5 6957
6363 1 4787
6364 1 7210
6528 1 803
6529 1 1619
6540 1 2261
6571 1 519
6579 1 4887
6647 1 205
6662 1 703
6672 15 579
6751 1 1332
6827 2 828
6979 3 2188
6984 1 255
7002 5 6389
7045 1 2855
7051 2 1111
7060 1 3208
7067 2 1340
7077 1 1610
7079 1 4960
7149 1 652
7178 1 810
7179 1 920
7232 2 1068
7278 2 1716
7287 2 4774
7427 1 443
7428 1 1550
7491 1 7708
7498 1 2754
7522 1 859
7559 1 528
7581 1 495
7584 1 617
7589 1 961
7604 1 780
7638 1 1131
7655 1 693
7722 2 1567
7723 5 4731
7767 1 3013
7771 1 1607
7772 1 1666
7773 2 7884
7809 2 319
7815 1 324
7884 1 1076
7911 1 214
7933 1 529
7965 1 718
7975 2 2578
7980 1 1193
7997 1 1011
8052 1 655
8060 1 1283
8072 1 5760
8082 1 784
8089 2 20930
8093 2 20088
8109 1 2224
8114 1 3627
8120 1 1513
8122 1 5509
8126 1 1194
8141 1 821
8152 4 6009
8162 1 957
8177 1 2272
8178 2 2357
8191 4 1326
8204 1 4600
8235 1 320
8246 1 1319
8256 1 561
8287 1 4172
8288 3 1533
8309 2 1297
8326 2 972
8380 3 2765
8394 1 1250
8402 2 8226
8405 1 941
8408 4 5505
8409 5 3217
8412 1 445
8423 1 1604
8461 1 2678
8465 1 1696
8548 1 729
8559 1 4026
8565 1 1375
8611 1 869
8658 1 338
8675 2 114
8676 1 204
8687 2 940
8688 2 963
8693 1 796
8734 1 646
8834 1 782
8873 1 1489
8890 1 5449
8894 1 494
8905 1 1110
8913 4 12589
8919 1 1123
8963 1 1411
8974 4 1453
8977 2 1848
8978 2 1903
8990 2 1065
9005 15 45220
9006 6 34059
9026 1 599
9102 1 777
9106 5 1688
9146 1 936
9167 1 1639
9175 1 1821
9185 1 492
9203 1 3221
9204 1 3049
9205 2 2860
9206 1 3079
9316 12 4281
9321 1 1530
9324 2 4421
9325 2 4336
9339 3 2490
9396 1 1018
9413 1 1215
9442 1 1261
9489 1 6134
9505 5 3959
9544 1 1343
9552 1 1520
9568 1 885
9579 1 911
9587 1 1796
9614 1 1341
9660 1 3500
9674 1 2337
9703 1 1309
9705 2 1643
9720 2 1087
9736 1 1415
9760 1 2142
9762 1 1626
9804 1 5129
9805 2 5191
9806 4 6009
9808 2 1549
9832 2 2376
9836 1 2482
9843 1 872
9844 1 505
9850 1 2963
9862 1 617
9870 2 1026
9927 6 637
9948 1 2209
9977 2 689
10035 1 667
10036 1 3455
10069 1 906
10083 1 2180
10087 2 1266
10088 2 933
10102 1 1336
10113 1 367
10155 1 1544
10219 2 3447
10231 7 9229
10238 1 800
10241 1 1011
10250 1 1105
10272 1 1130
10405 2 808
10409 1 1748
10442 1 1664
10449 1 525
10462 1 610
10482 1 809
10539 1 1985
10591 1 7784
10607 1 1225
10626 2 1442
10652 1 3224
10655 1 2947
10656 1 3117
10664 2 207
10665 1 3903
10677 1 1048
10679 1 1155
10686 2 1433
10750 1 1327
10845 1 2183
10864 1 2401
10911 1 1405
10946 1 713
10978 1 1405
11001 2 7028
11011 1 1396
11032 1 688
11034 1 474
11090 1 1126
11108 1 854
11125 1 1227
11208 1 2507
11217 1 817
11225 1 914
11227 1 931
11245 2 1612
11250 1 1537
11287 2 541
11288 1 9962
11295 1 5148
11362 1 2542
11403 1 2453
11442 1 1013
11463 1 459
11464 1 801
11474 2 1219
11492 1 7197
11537 1 666
11544 1 1023
11569 1 6434
11641 1 1329
11654 2 1757
11662 1 1388
11666 1 754
11675 11 1703
11721 1 3482
11807 1 178
11816 1 185
11858 1 4134
11859 1 4320
11861 1 1107
11949 1 3637
12095 1 528
12123 1 485
12156 6 13898
12192 1 510
12198 2 1432
12202 1 479
12223 1 6167
12234 1 429
12246 1 1784
12255 1 410
12278 1 2692
12284 1 491
12426 1 441
12430 6 1737
12456 1 4543
12463 2 956
12510 1 1894
12514 1 6560
12520 1 6343
12589 1 768
12594 4 1691
12601 1 3000
12616 2 636
12627 1 4932
12642 1 2067
12653 1 1822
12670 1 616
12673 1 6656
12692 1 5477
12696 1 625
12712 1 2391
12732 2 307
12751 1 5083
12755 2 985
12767 1 838
12769 1 1459
12811 1 838
12814 1 46677
12859 1 764
12910 1 1490
12912 5 1229
12934 1 2463
12935 1 2445
12992 4 1069
12996 1 2315
13004 1 2478
13036 1 676
13039 1 807
13060 1 3460
13061 1 2559
13069 2 797
13083 1 3119
13096 1 820
13138 2 986
13153 4 1159
13224 1 3401
13229 1 3224
13230 4 1741
13251 1 325
13255 1 828
13381 2 4238
13403 1 1298
13433 1 4168
13472 2 2549
13487 1 833
13488 2 1792
13497 7 6632
13515 1 361
13521 1 1341
13522 1 971
13548 2 6866
13556 1 2449
13569 1 1241
13618 2 28398
13628 2 1090
13629 1 585
13640 2 4066
13644 1 1144
13648 1 1463
13684 3 12301
13686 1 343
13693 1 789
13695 1 2748
13711 2 4824
13841 2 4015
13844 1 2190
13846 1 1850
13888 1 502
13912 2 6746
13939 6 1157
13965 1 3628
13985 2 11629
14010 1 1649
14014 1 3934
14049 4 1439
14072 3 651
14075 1 1673
14078 1 1307
14080 4 51830
14095 1 441
14120 1 2870
14126 1 990
14271 2 2963
14272 2 3020
14273 2 2924
14274 3 2909
14285 1 647
14317 3 568
14344 1 1260
14373 1 6743
14377 5 1063
14432 1 679
14455 1 354
14465 1 665
14482 1 4658
14491 17 3791
14520 1 7541
14542 6 1154
14558 1 877
14561 1 3007
14622 1 1462
14675 3 1701
14676 3 863
14749 1 1050
14753 1 1017
14756 1 3039
14769 1 2384
14782 1 1191
14791 2 1301
14833 1 7321
14887 1 5014
14904 1 326
14937 1 57
14942 1 66
14995 1 1056
15075 2 3631
15129 1 1527
15133 1 972
15140 1 1513
15147 1 1355
15186 1 547
15203 1 5461
15216 1 707
15244 2 5618
15246 2 1182
15277 1 1372
15293 2 5587
15301 1 5730
15418 1 2104
15517 5 2551
15542 1 481
15568 2 3032
15569 1 3119
15570 5 2982
15571 1 3116
15573 4 2920
15574 3 3007
15575 1 3094
15576 2 2773
15651 1 868
15658 1 2847
15659 1 763
15757 3 7636
15819 1 613
15832 1 2615
15844 1 1278
15860 1 3929
15869 1 2413
15880 2 691
15896 1 1143
15901 5 618
15944 1 2753
15946 1 1554
15947 2 455
15957 1 8025
16005 1 459
16035 3 631
16094 2 3553
16133 1 780
16139 2 861
16184 1 1312
16185 1 2268
16186 3 1342
16187 1 1638
16188 1 1274
16209 1 1698
16260 1 4783
16267 1 777
16270 1 2905
16284 1 1751
16322 1 2378
16341 1 9421
16421 1 956
16426 1 1061
16438 2 849
16440 1 1049
16441 1 138
16442 1 1557
16443 4 1618
16451 1 836
16480 1 1705
16481 2 1327
16490 2 4549
16492 2 3998
16497 1 988
16507 1 1847
16540 1 2127
16552 1 1230
16575 1 2548
16595 1 204
16635 2 7678
16646 1 774
16700 1 3762
16707 2 2965
16718 1 1664
16719 1 3541
16734 1 1316
16764 1 258
16770 1 474
16781 1 978
16800 2 2525
16801 1 2170
16803 2 1575
16829 1 1094
16836 1 4094
16843 2 15992
16844 1 2540
16849 1 6516
16850 1 4537
16869 1 3108
16895 1 1762
16925 1 1943
16943 1 10757
16945 2 901
16948 5 966
16952 1 7998
16954 1 586
16958 3 5800
16960 3 384
16968 2 2878
16971 2 829
16981 1 1907
16995 2 4866
17001 1 714
17013 2 9772
17055 1 965
17059 2 1292
17062 1 3596
17066 1 1101
17071 1 2160
17093 4 815
17102 1 1387
17106 2 3919
17129 1 3146
17156 3 1346
17158 1 2334
17168 1 3800
17183 1 2046
17185 1 1163
17201 1 678
17239 2 2179
17286 2 1468
17316 1 1581
17341 1 1300
17359 1 667
17378 2 3128
17381 2 1012
17407 2 987
17420 1 786
17426 1 7075
17495 3 1540
17497 2 1775
17506 2 1211
17510 9 13439
17519 1 581
17525 1 569
17529 1 564
17555 4 14925
17563 1 176
17569 1 514
17570 2 5402
17584 1 605
17589 4 12110
17590 4 6514
17592 3 3800
17606 2 486
17626 3 202
17630 1 86
17638 2 6007
17647 1 1549
17651 6 3602
17660 1 591
17667 1 1104
17684 1 2134
17730 1 4474
17758 9 28986
17761 1 2572
17762 1 700
17779 1 1349
17784 1 1003
17790 2 2095
17815 2 2708
17817 1 6494
17848 1 2460
17869 1 7948
17905 1 2215
17914 1 844
17915 1 834
17924 2 1673
17945 1 863
17958 1 1236
17962 1 680
17965 1 421
18023 1 1204
18031 1 2951
18033 2 3046
18034 1 3151
18035 2 2957
18036 1 3329
18070 1 1477
18080 1 2638
18137 1 1301
18224 1 228
18264 1 3866
18276 3 1341
18292 1 822
18299 2 734
18305 1 298
18317 1 2463
18342 1 973
18366 1 2921
18367 1 1750
18385 1 6531
18395 1 6885
18396 13 12783
18410 1 925
18415 6 5822
18426 2 623
18453 1 845
18472 2 766
18519 1 1780
18562 1 1335
18568 1 1372
18571 2 542
18578 1 442
18591 1 692
18597 1 6498
18627 1 1504
18648 4 1076
18653 1 4815
18654 3 15696
18657 1 2740
18659 1 1736
18664 1 2209
18686 1 3449
18719 1 2396
18759 2 2997
18761 1 466
18765 1 3181
18768 1 444
18773 1 1318
18793 3 3927
18799 2 2303
18801 1 1300
18818 1 696
18846 1 1136
18853 3 1536
18930 3 2682
18933 1 6035
18945 1 6732
18965 2 20789
18967 5 13159
18997 1 2415
19023 1 2348
19070 2 1479
19078 1 2988
19079 3 16454
19092 1 2849
19093 1 3292
19094 1 3568
19106 1 1080
19110 1 1343
19177 1 1161
19183 3 996
19184 1 773
19227 1 757
19390 2 3260
19394 1 1246
19413 1 1698
19415 2 968
19416 1 433
19504 1 6279
19546 1 2366
19559 1 6375
19560 4 8071
19584 1 1045
19622 1 1077
19625 2 1321
19629 1 923
19674 2 2879
19681 5 10198
19685 1 4688
19689 1 2057
19700 1 609
19709 1 504
19712 1 548
19724 3 883
19792 1 3925
19818 1 4232
19842 1 2475
19858 1 711
19867 1 1332
19883 1 5667
19886 1 1995
19893 1 6194
19928 1 2193
19935 1 1523
19957 1 1260
19979 1 623
19985 1 8977
19987 1 3502
20000 1 2428
20002 1 2451
20006 1 2516
20015 1 2199
20026 1 1825
20027 1 1905
20028 1 1417
20029 1 1532
20030 2 4962
20129 1 101
20164 3 1062
20170 2 3948
20178 1 4163
20185 5 1049
20200 4 30304
20201 1 1137
20236 1 1252
20260 1 1299
20263 2 3682
20301 2 1064
20382 2 677
20405 1 1411
20421 6 12627
20422 2 12210
20425 2 3934
20429 1 591
20431 1 615
20432 2 2495
20618 2 705
20639 2 2734
20641 1 2659
20653 2 6960
20654 1 1589
20663 1 2969
20679 1 6821
20698 1 3736
20707 2 35797
20708 5 24696
20718 1 1829
20748 1 900
20802 2 1887
20819 1 1770
20823 1 1234
20832 1 1914
20833 1 5441
20869 1 818
20878 1 187
20892 1 1529
20897 1 1325
20915 1 2042
20920 1 1439
20922 2 993
20923 1 1102
20925 1 931
20926 2 938
20930 2 1211
20945 2 855
20977 1 2515
20992 1 636
20997 1 6199
21045 1 218
21046 3 10160
21053 1 1087
21061 1 2416
21062 1 2438
21076 1 1311
21102 1 3237
21108 1 767
21114 1 1404
21145 2 879
21157 1 1251
21180 1 1918
21200 5 3347
21225 1 4913
21226 1 2663
21261 1 1730
21266 1 4449
21292 1 1797
21300 1 1461
21321 1 7104
21339 1 4745
21357 1 5683
21359 2 13839
21411 1 3667
21424 1 839
21478 1 1376
21500 1 4276
21503 1 13267
21507 6 7373
21524 1 1869
21527 1 6412
21532 1 989
21542 1 37742
21563 4 2416
21606 1 1264
21608 2 4754
21621 1 233
21622 1 701
21633 2 904
21640 1 1328
21644 2 11884
21648 4 6487
21653 1 1859
21654 1 1605
21655 1 1486
21696 1 480
21713 6 1310
21727 1 2096
21730 1 1984
21781 1 2594
21818 2 1465
21833 1 1883
21852 1 6758
21854 1 571
21857 2 1149
21898 1 1312
21904 1 2015
21946 1 1327
21968 1 995
21969 4 4332
22014 1 1064
22026 2 1430
22027 1 1931
22029 1 806
22053 1 977
22069 2 1463
22079 2 5115
22097 1 1488
22121 2 958
22134 4 821
22137 1 4439
22203 1 562
22205 1 803
22416 1 503
22430 1 427
22455 1 2770
22478 1 1558
22498 1 2128
22523 4 3123
22525 8 3022
22526 3 2933
22527 1 2945
22536 1 3918
22572 1 1369
22774 2 367
22784 1 1080
22786 1 547
22910 1 164
22924 1 3942
22973 1 1006
23008 1 718
23024 1 1356
23045 1 719
23133 1 523
23283 1 4182
23348 1 408
23360 1 1678
23363 3 3369
23408 1 5715
23411 11 2833
23441 1 1238
23504 2 826
23517 1 1359
23525 1 3680
23526 1 2714
23545 1 1025
23587 5 162
23687 6 2530
23697 1 5047
23714 1 766
23732 2 4739
23740 2 816
23754 1 1131
23765 1 11324
23792 1 1958
23806 1 518
23829 1 8025
23843 1 1535
23844 1 1535
23845 1 1535
23897 8 606
23899 1 1117
23985 1 659
24094 2 3157
24095 1 3720
24119 2 14616
24126 1 1376
24127 2 1281
24137 1 779
24153 1 1241
24156 1 1837
24175 1 1777
24176 2 1121
24189 1 2072
24194 2 1282
24235 3 1229
24237 1 540
24265 2 3355
24301 1 431
24357 2 1310
24420 3 1290
24438 1 3027
24454 2 2201
24457 1 5563
24472 1 2226
24506 1 7516
24514 3 13551
24517 1 824
24536 1 938
24540 1 4575
24543 1 155
24546 1 1148
24593 1 1736
24604 1 746
24618 1 1160
24667 1 2550
24668 1 6702
24675 2 567
24681 1 529
24686 1 1154
24690 1 424
24695 3 871
24713 11 3212
24725 1 980
24731 1 1332
24748 1 4627
24760 1 600
24789 1 4093
24807 2 3878
24831 2 1440
24840 2 9627
24842 1 3916
24884 1 7321
24885 1 7349
24900 2 2275
24901 2 2275
24902 2 2275
24932 1 610
24936 1 162
25039 4 368
25138 1 503
25148 1 716
25150 13 1598
25153 2 3748
25174 1 490
25175 1 4293
25233 3 4985
25242 1 2763
25243 1 3615
25257 1 371
25277 2 1839
25316 1 1225
25365 1 745
25394 1 511
25409 3 4429
25435 2 1429
25436 1 1291
25475 2 3015
25476 2 3033
25479 2 3085
25502 1 705
25510 1 896
25542 2 2369
25546 1 3100
25547 1 3685
25553 3 3595
25590 2 1824
25591 2 1824
25599 1 1300
25600 1 1299
25675 2 769
25764 1 2679
25771 3 2483
25811 1 1318
25834 2 862
25845 3 970
26042 1 106
26053 1 603
26095 1 5070
26155 1 920
26210 1 1293
26294 1 1451
26386 2 2024
26388 4 3682
26406 2 1079
26411 3 2625
26486 7 1259
26488 2 1436
26498 1 32423
26502 2 3975
26541 1 4809
26565 2 425
26590 1 2388
26631 1 8025
26663 1 1859
26696 1 931
26701 1 827
26702 1 2067
26707 1 536
26715 2 1453
26727 2 4405
26778 1 1498
26780 3 1264
26796 1 2116
26816 1 2936
26826 1 484
26828 2 1420
26861 1 601
26941 1 630
26946 1 2974
26977 2 908
27037 2 4999
27131 1 1909
27160 1 828
27180 1 552
27191 2 2750
27199 1 2023
27270 1 2026
27285 1 808
27290 2 1365
27291 2 3912
27298 1 663
27300 1 2411
27308 1 7530
27345 1 1252
27396 1 2172
27410 1 796
27461 3 4148
27475 13 5550
27485 1 1270
27575 1 1100
27626 1 1130
27670 6 444
27680 1 211
27725 2 539
27753 2 353
27779 5 4121
27808 1 2245
27819 2 1332
27830 2 5835
27851 1 5844
27853 4 3446
27862 1 8511
27869 1 1042
27883 1 4980
27885 3 1416
28003 1 1375
28006 1 1748
28013 1 1089
28065 1 3068
28066 1 4454
28098 6 10589
28099 2 1068
28119 1 777
28156 1 879
28223 1 1145
28230 1 1438
28261 1 11790
28269 1 2495
28320 1 1179
28347 1 813
28414 1 3568
28446 2 9326
28457 1 5857
28458 1 5864
28467 1 8583
28468 1 8583
28469 1 8615
28478 1 634
28480 1 1670
28491 1 4917
28507 1 165
28515 1 197
28639 1 2821
28661 2 595
28675 1 1685
28750 2 4089
28772 1 1602
28783 1 708
28797 1 3851
28798 10 1425
28802 2 952
28806 1 4379
28807 1 876
28813 1 1461
28838 1 3316
28840 6 12057
28852 1 425
28877 1 705
28946 1 974
28947 1 765
28950 1 1066
29002 1 1504
29003 1 1532
29139 5 1025
29141 1 320
29180 2 3520
29385 1 3769
29396 1 8576
29414 6 1661
29430 1 1287
29446 2 2735
29475 5 2177
29491 1 3124
29494 2 3066
29496 2 2933
29497 3 2942
29498 11 2955
29540 1 1456
29578 2 197
29584 1 1507
29592 6 1374
29610 2 1172
29625 1 10200
29628 2 3312
29637 5 2315
29677 1 1300
29684 1 1867
29712 2 603
29721 1 6842
29814 1 1053
29821 1 906
29825 1 3891
29850 1 801
29873 1 2458
29875 1 2653
29887 2 3070
29891 1 4871
29912 1 246
29975 1 1410
29976 2 1058
29991 3 10803
29994 1 421
30055 1 2125
30072 2 1276
30077 1 3556
30144 1 1037
30198 2 1213
30293 1 6059
30303 1 5165
30316 1 608
30325 2 1728
30483 1 2924
30510 3 2362
30516 1 781
30519 2 5484
30532 1 288
30554 1 3073
30559 2 632
30573 3 2812
30596 1 1172
30606 1 2666
30635 1 2140
30639 3 8117
30646 1 3639
30697 2 764
30764 1 533
30765 1 1987
30800 1 2230
30804 2 10416
30808 1 2494
30842 2 2081
30852 1 984
30887 3 10988
30902 1 1476
30909 1 470
30921 1 703
30965 3 592
30966 1 1185
31038 10 611
31085 1 2635
31232 1 417
31243 1 757
31249 1 409
31258 1 860
31311 2 3229
31313 1 795
31319 1 308
31320 1 2381
31329 2 3009
31330 2 2751
31331 2 2964
31332 5 3032
31337 13 5832
31343 1 1798
31401 2 1892
31422 1 1455
31495 1 586
31517 2 1078
31518 12 5634
31540 1 1089
31545 1 322
31549 1 487
31610 1 828
31631 1 2970
31671 2 574
31693 2 3857
31731 1 3982
31736 1 1926
31741 1 589
31744 1 7219
31751 1 1084
31752 1 543
31783 1 793
31829 2 14263
31834 1 1157
31879 1 1482
31933 1 1078
31939 1 888
31941 11 770
31956 1 1770
31974 1 846
31988 4 1092
31995 1 18
32022 1 463
32023 4 2558
32155 1 545
32197 1 619
32202 1 231
32208 1 2672
32240 2 3457
32241 1 5341
32287 2 3033
32289 5 2992
32290 1 3009
32293 1 3048
32294 1 3074
32295 1 3206
32296 3 2955
32297 1 3273
32298 1 3261
32300 3 3026
32301 1 3186
32303 2 2974
32312 3 836
32358 1 1397
32360 1 1518
32365 1 3420
32376 1 3793
32388 2 24490
32392 1 1641
32399 1 1839
32471 1 2840
32485 1 575
32495 4 932
32496 1 608
32514 2 175
32553 1 811
32631 1 448
32663 1 3914
32706 2 1372
32737 5 1376
32892 1 459
32970 1 1070
32996 1 693
33063 1 311
33080 3 2203
33089 1 1038
33146 1 836
33151 1 2303
33190 1 1142
33203 1 357
33216 3 269
33228 1 382
33265 3 1309
33272 27 1656
33279 1 1074
33286 1 1992
33288 1 1410
33304 2 1326
33310 2 9499
33331 1 622
33365 1 974
33370 3 898
33425 4 548
33456 1 957
33494 1 11341
33569 1 1975
33585 1 3694
33590 1 3769
33597 1 177
33644 7 304
33681 1 859
33689 1 2181
33703 2 18894
33728 4 874
33751 2 3258
33765 1 4124
33831 1 6374
33861 1 410
33865 1 4323
33893 1 692
33898 1 552
33931 1 997
33937 2 14231
34029 1 3971
34039 3 23394
34052 5 11789
34061 1 1055
34064 1 1611
34082 1 694
34086 1 3765
34089 1 382
34163 1 490
34185 1 292
34211 1 298
34245 1 480
34270 1 870
34298 2 6813
34327 1 627
34331 2 772
34380 1 1216
34394 4 8616
34410 2 1478
34438 3 1066
34440 2 2290
34449 3 3565
34465 3 5422
34481 2 3475
34583 2 4980
34619 2 2069
34645 3 1526
34648 1 245
34661 7 22673
34675 1 1999
34682 1 1585
34697 1 379
34737 1 1449
34756 2 170
34768 1 1348
34842 5 675
34860 1 3758
34872 2 522
34901 3 18201
34913 1 877
34914 1 895
34922 1 900
34945 1 745
34947 2 557
34957 1 667
34961 1 362
34974 2 931
35017 5 17687
35069 2 3840
35149 1 9307
35151 2 4287
35345 2 1795
35387 8 4967
35389 1 1068
35427 2 12574
35428 2 12657
35429 2 1003
35446 1 494
35452 1 540
35507 1 1988
35511 1 891
35591 1 632
35614 1 640
35645 1 3206
35664 1 447
35743 1 4461
35774 1 3657
35820 2 1281
35824 2 3392
35846 1 1532
35852 1 3364
35857 6 1888
35861 1 10960
35881 1 849
35893 1 1446
35918 1 430
35926 2 1322
35955 1 1580
36057 2 2918
36079 2 1377
36095 1 993
36107 1 846
36109 8 12698
36113 1 842
36137 1 2930
36142 1 732
36203 1 842
36215 1 2448
36223 1 2477
36229 1 1405
36236 1 485
36238 1 1023
36285 3 1329
36330 1 1117
36331 1 613
36361 8 2132
36384 1 1118
36388 2 1567
36389 5 6107
36390 5 6107
36392 1 6574
36393 1 6574
36397 3 8678
36398 3 8678
36402 4 2671
36403 2 2989
36404 2 2989
36405 2 2989
36440 2 2527
36462 5 293
36498 1 8241
36552 1 1625
36591 2 766
36598 1 864
36685 1 3543
36687 1 601
36696 1 816
36732 1 18263
36738 1 1296
36746 2 1073
36753 1 993
36754 2 1714
36775 2 4563
36785 2 1843
36797 1 6365
36852 1 2431
36873 1 4539
36881 1 1464
36886 3 1100
36898 1 793
36913 3 3173
36918 1 1129
36929 1 293
36932 8 1538
36945 1 21910
36992 1 847
36993 1 753
36998 4 864
36999 1 867
37000 1 1244
37001 1 909
37017 1 831
37021 1 810
37071 1 550
37073 2 882
37104 1 1776
37126 3 1157
37177 7 10680
37182 2 13117
37193 1 4630
37211 1 1200
37235 2 1413
37323 1 7159
37335 2 4505
37369 1 5846
37370 1 582
37371 4 348
37406 1 252
37423 1 13622
37427 5 7481
37441 1 2218
37508 1 860
37521 1 3207
37523 2 1077
37540 1 1841
37545 1 2346
37550 3 1723
37583 1 1026
37585 1 894
37589 1 989
37616 2 8646
37625 1 2363
37650 2 2418
37712 1 8990
37725 1 2498
37747 2 4991
37874 1 298
37875 2 644
37885 1 814
37893 2 7547
37895 1 1340
37896 1 871
37959 2 3028
37964 1 2710
37985 3 1036
37998 1 1440
38004 1 2166
38063 1 438
38108 1 1022
38157 1 3920
38166 1 1380
38211 1 755
38223 1 12647
38241 1 459
38261 1 1243
38267 1 892
38280 1 620
38305 1 744
38366 1 781
38374 1 1606
38393 1 987
38405 1 2475
38413 1 6145
38436 1 970
38443 1 1740
38457 1 1223
38489 1 719
38512 1 1647
38525 1 467
38542 1 2357
38560 2 898
38564 2 4067
38569 1 928
38582 8 666
38600 1 721
38601 1 705
38619 1 453
38628 2 1814
38634 1 738
38637 1 990
38667 2 1300
38670 1 563
38692 1 1658
38694 1 1649
38731 1 818
38754 4 655
38778 1 3309
38786 2 2614
38794 1 2594
38807 2 2365
38808 1 2666
38855 1 5137
38876 1 474
38910 1 7766
38916 2 6621
38948 1 124
38950 8 291
38960 2 417
38999 1 4065
39015 3 2466
39025 1 1374
39064 5 140
39073 1 552
39080 1 887
39094 1 270
39121 1 2269
39140 1 1160
39175 6 3064
39187 1 715
39197 1 859
39241 1 7079
39251 2 2258
39278 6 5705
39279 4 5440
39280 3 2767
39286 1 1507
39301 3 12335
39307 1 2173
39329 2 32477
39350 2 1856
39430 1 1661
39456 1 1320
39458 1 1860
39526 1 861
39551 1 1323
39585 1 1891
39623 1 508
39695 1 3613
39700 1 1391
39704 1 1282
39709 1 626
39720 1 1188
39773 1 1598
39800 1 1463
39890 2 581
39911 4 987
39915 2 894
39928 1 596
39932 1 1136
39942 1 797
39978 1 30166
40001 2 1577
40022 1 2312
40042 1 433
40068 1 596
40093 1 4751
40131 1 5534
40176 1 1287
40183 1 1540
40227 2 865
40238 2 1053
40243 1 841
40249 3 903
40299 5 708
40339 18 739
40382 10 2344
40383 1 1006
40399 1 440
40408 1 2400
40412 1 2785
40414 1 3454
40430 2 1721
40438 1 4462
40481 1 1509
40495 2 2423
40538 1 14088
40547 2 1707
40550 2 3684
40579 1 4144
40585 1 1235
40599 1 1239
40600 1 555
40630 5 5684
40648 1 7183
40695 1 8337
40696 3 6423
40745 2 776
40747 2 5237
40772 3 2487
40782 2 731
40833 2 2965
40837 3 1071
40900 1 3388
40917 1 503
40924 3 666
40944 1 5673
40950 1 408
40951 1 869
40972 1 1481
40979 1 841
41013 1 2867
41020 1 531
41024 3 1187
41032 1 2291
41040 1 784
41049 2 2451
41057 4 3871
41060 1 2541
41070 1 1462
41072 1 1072
41113 2 1884
41123 1 2499
41137 1 1577
41161 1 2501
41226 1 661
41235 2 2506
41243 1 725
41278 1 1339
41280 1 1332
41306 1 2294
41451 1 1150
41455 1 647
41570 1 526
41605 1 996
41672 1 1500
41679 1 1631
41680 1 604
41708 1 699
41713 1 1310
41732 1 1023
41759 1 1680
41791 2 1418
41822 1 1997
41838 1 718
41895 1 855
41915 2 338
41947 1 2133
41984 3 578
41988 2 1757
42019 3 6660
42025 2 9933
42031 1 1805
42056 1 1410
42075 1 1237
42077 1 806
42116 2 1185
42123 2 998
42161 1 9423
42170 1 4262
42172 1 2686
42222 1 1163
42275 1 322
42292 6 1752
42299 1 1013
42302 1 845
42346 2 788
42349 2 527
42354 1 1506
42356 1 4608
42434 2 551
42435 2 1158
42436 1 871
42473 1 3755
42476 1 2207
42487 1 1735
42525 1 1213
42536 1 1190
42597 3 1554
42626 1 1450
42629 1 3606
42635 1 1088
42648 1 4779
42673 2 1898
42677 2 1567
42678 2 1567
42679 5 6107
42680 5 6107
42767 1 8035
42773 2 741
42774 13 5633
42817 1 1368
42835 5 2837
42884 1 1169
42934 1 942
42958 4 605
43020 1 2004
43040 1 1072
43051 1 686
43061 1 3075
43085 1 1036
43161 1 1596
43218 1 197
43229 1 8025
43254 2 726
43261 1 1175
43316 1 1838
43332 1 994
43446 4 8554
43448 2 5826
43464 4 643
43470 1 3949
43477 1 22611
43499 4 333
43507 1 1101
43508 2 1409
43532 1 1790
43536 1 1487
43552 1 820
43643 1 384
43649 1 4774
43685 1 1014
43728 1 3240
43737 1 522
43739 1 1071
43749 1 2541
43763 1 2590
43777 2 3197
43779 1 1159
43808 3 1297
43820 2 830
43915 1 3241
43927 1 776
43934 1 785
43937 26 1476
43942 1 2137
43953 2 1000
43964 1 1339
43999 1 5400
44008 2 787
44060 1 880
44090 1 1267
44110 2 1335
44113 2 1415
44115 1 4306
44129 1 1404
44133 5 384
44154 1 1236
44218 2 6003
44224 1 1007
44227 1 676
44255 1 1773
44259 1 776
44284 1 1674
44334 1 1214
44439 2 2467
44455 1 1628
44472 1 1241
44479 1 5563
44503 6 665
44552 2 476
44569 1 1077
44579 1 228
44580 7 936
44582 3 1156
44667 2 53
44707 1 6048
44749 1 849
44761 1 2510
44774 1 2787
44819 1 403
44828 1 578
44838 1 374
44872 1 1054
44873 3 3136
44875 2 2970
44877 2 2904
44878 2 2602
44880 2 2983
44881 1 3374
44882 1 548
44896 1 1132
44901 1 798
44911 1 1376
44933 1 368
44954 1 8549
44956 1 7041
44960 1 1644
44969 2 1060
45084 4 6555
45094 1 848
45096 1 6217
45208 1 1331
45216 1 1285
45217 1 1038
45244 2 500
45275 1 1123
45312 1 680
45332 1 1739
45336 1 1599
45362 1 885
45364 7 1314
45369 1 1016
45433 1 750
45474 1 519
45528 1 185
45554 1 185
45581 1 8025
45606 4 1351
45608 4 737
45609 1 1092
45627 1 711
45727 1 259
45820 2 1773
45822 1 1426
45824 3 2571
45825 1 466
45826 1 8235
45925 2 762
45935 1 4684
45951 1 762
45964 1 2279
45970 2 558
46004 1 798
46017 1 725
46020 1 609
46046 1 3634
46065 1 211
46079 1 1905
46080 1 2003
46087 1 1968
46116 4 5154
46122 1 1824
46126 1 1522
46147 1 2188
46153 1 3988
46160 1 1499
46169 2 5011
46172 2 1337
46237 2 1678
46244 3 3024
46259 1 35
46277 1 4798
46298 2 3741
46306 2 4474
46322 3 1537
46388 16 81863
46391 1 2268
46413 1 747
46423 1 613
46426 1 3573
46427 1 207
46469 1 702
46473 1 583
46475 1 939
46484 1 573
46495 3 743
46510 2 1994
46527 1 830
46561 1 479
46589 1 1731
46615 1 3442
46648 1 1047
46655 1 779
46657 1 812
46659 1 1042
46687 1 1479
46694 1 3602
46699 1 1461
46749 1 6951
46753 1 1413
46774 3 2182
46778 1 838
46811 4 2035
46891 1 5171
46901 1 732
46904 1 698
46939 1 2178
46945 1 904
46969 1 1145
47007 1 834
47035 2 1907
47049 3 492
47075 2 1834
47095 1 6494
47137 2 1329
47155 1 2108
47186 1 1229
47213 2 585
47245 3 6757
47257 1 1521
47350 1 2865
47378 1 589
47400 1 953
47445 2 2962
47446 10 2943
47448 1 3217
47459 2 8496
47474 2 5150
47506 1 1955
47510 1 889
47528 1 4592
47540 1 1013
47545 1 1640
47559 5 11224
47674 1 654
47719 1 1086
47747 1 757
47770 1 929
47778 1 1408
47794 2 2859
47800 1 10768
47834 1 331
47890 2 959
47900 2 1530
47977 1 1512
47995 2 902
48002 3 2505
48020 2 1218
48037 1 1203
48059 1 471
48069 1 3129
48081 2 693
48087 2 2749
48102 1 1483
48110 1 682
48158 8 498
48159 1 849
48180 7 25164
48191 1 364
48209 1 2047
48217 1 6375
48234 1 7467
48237 3 763
48253 1 2008
48256 2 1990
48286 1 3883
48297 1 1099
48338 1 2760
48366 1 1222
48369 2 637
48382 2 3039
48385 1 1169
48407 1 1657
48441 1 764
48471 2 2563
48507 1 1533
48543 2 1485
48545 3 3140
48564 1 1430
48673 1 6093
48698 7 5259
48745 1 1192
48837 1 492
48867 1 1265
48896 3 1621
48917 1 6627
48922 1 2935
48930 1 363
48947 2 836
48951 3 6065
48989 1 1067
49049 2 1735
49051 2 3490
49052 1 3420
49113 1 1472
49139 1 1280
49140 1 1377
49159 1 843
49173 2 10707
49174 2 9273
49182 2 1444
49187 1 1258
49192 1 853
49219 2 1069
49224 1 658
49327 1 746
49355 1 1068
49356 1 1233
49366 3 5125
49368 1 1162
49372 1 893
49393 1 1075
49474 2 3175
49483 1 4047
49508 1 1329
49516 1 1481
49521 1 1279
49522 7 6160
49533 1 1303
49534 1 1337
49551 2 512
49578 1 433
49591 1 794
49656 1 704
49677 1 991
49715 1 599
49732 1 796
49758 1 384
49768 2 1000
49777 1 853
49798 1 852
49804 1 2520
49844 4 6972
49877 1 780
49881 1 827
49928 1 2263
49932 1 1098
49939 1 1882
49965 1 2813
49971 3 2684
49975 1 666
50010 1 1235
50012 1 3608
50025 1 5763
50026 2 969
50027 1 1114
50040 2 6696
50043 1 1102
50060 1 2052
50124 1 1198
50143 1 8454
50170 4 398
50177 3 1060
50196 1 3087
50201 1 1131
50204 1 2083
50211 2 1608
50216 1 1284
50217 1 1971
50252 1 981
50272 1 339
50282 1 1250
50325 1 1374
50344 1 2334
50355 3 3677
50358 1 1712
50370 1 2048
50376 1 1371
50377 1 2084
50393 1 777
50408 1 3892
50464 2 2946
50485 1 3231
50504 1 2431
50540 2 2734
50613 2 2424
50614 1 300
50620 1 2383
50629 1 828
50716 1 849
50741 2 1509
50742 1 567
50755 1 3965
50756 1 532
50774 2 724
50783 1 2276
50784 1 2392
50792 5 1448
50834 1 3519
50852 1 3288
50854 2 3003
50855 1 3129
50858 2 1121
50894 1 1267
50895 2 2073
50931 1 1730
50936 1 3155
50965 1 819
50966 1 8029
50972 1 1090
51002 1 1417
51037 1 1338
51056 3 583
51078 1 334
51086 1 607
51087 1 2282
51088 1 2484
51141 2 1862
51146 3 2691
51147 10 3111
51148 1 2969
51150 2 2908
51151 3 2830
51236 1 1936
51281 1 349
51290 2 6381
51305 5 1663
51341 2 331
51344 2 2554
51372 1 789
51388 1 294
51469 7 1403
51475 1 1015
51516 1 4186
51524 1 1734
51600 1 1428
51671 1 1120
51672 1 3436
51673 1 807
51702 1 686
51729 5 529
51763 1 2149
51772 1 1416
51778 1 2441
51787 2 863
51790 1 1341
51816 1 4853
51874 1 445
51877 1 702
51920 1 1191
51933 1 2717
51975 1 1186
51978 1 8282
51988 4 6522
52018 1 3486
52028 10 5224
52036 1 229
52046 1 871
52074 7 7011
52100 1 2791
52102 1 856
52109 3 3805
52146 3 10691
52228 1 3809
52260 1 1065
52271 1 8131
52281 3 1244
52285 1 976
52301 1 8406
52318 1 1092
52320 1 2961
52396 11 4756
52397 1 4823
52406 2 4365
52408 3 1385
52418 1 685
52423 1 1405
52457 1 4403
52463 1 556
52484 3 5765
52527 1 399
52552 1 1311
52561 1 52057
52599 1 4808
52652 1 1339
52717 10 3076
52718 5 2980
52719 3 2978
52720 1 2878
52721 5 2968
52722 3 2934
52805 1 846
52810 1 88
52897 1 1089
52935 1 2001
52988 5 24350
53019 2 1688
53023 2 6088
53024 3 726
53040 6 1220
53049 1 913
53105 1 1782
53109 1 770
53123 1 1339
53126 2 859
53168 3 337
53217 1 2450
53242 1 4792
53248 3 5457
53308 1 2307
53330 2 1075
53346 1 1122
53392 1 958
53401 1 827
53402 2 3120
53430 7 48057
53438 1 5686
53441 1 3363
53467 1 2163
53471 1 310
53497 1 1219
53511 1 4733
53537 2 2107
53545 2 1625
53550 1 1181
53610 1 528
53633 1 948
53638 1 969
53650 1 1107
53654 1 2802
53736 1 737
53836 1 1441
53837 1 3485
53841 1 718
53881 2 1613
53888 1 5712
53897 1 1195
53898 1 1192
53899 1 1192
53900 1 1192
53914 1 1079
53948 1 165
54106 1 1165
54108 1 992
54186 4 4524
54187 7 4739
54190 1 1086
54205 1 1188
54227 1 451
54279 2 1708
54306 1 2437
54322 1 1561
54324 1 338
54349 9 12411
54350 2 8318
54351 1 775
54355 1 10248
54368 1 1871
54375 1 5885
54381 2 660
54441 2 4709
54485 1 4555
54495 1 327
54510 2 1065
54566 1 8702
54615 2 2552
54643 1 622
54645 1 908
54661 1 699
54683 4 1304
54935 1 976
54938 1 218
54947 1 452
54962 1 2551
54985 1 1289
55002 1 802
55005 1 223
55059 2 2098
55062 2 1110
55065 1 3081
55066 3 3616
55068 1 3268
55069 2 2948
55070 8 2984
55071 2 3179
55073 1 3312
55094 1 12123
55100 1 868
55122 1 4413
55146 1 2594
55147 1 2912
55309 2 835
55426 1 1303
55444 1 523
55454 2 585
55456 1 2236
55480 1 788
55543 1 405
55606 1 335
55607 3 9422
55620 1 862
55656 2 605
55682 1 196
55698 1 730
55753 1 4189
56026 1 2074
56032 2 668
56037 1 280
56161 3 126
56177 1 809
56178 1 700
56182 1 926
56184 1 1126
56190 1 1477
56191 1 2260
56199 2 1698
56223 4 5116
56225 1 1378
56227 4 1370
56286 3 2036
56407 1 977
56428 1 1075
56433 1 1099
56464 1 362
56468 1 697
56477 1 4251
56495 2 1972
56503 2 5900
56511 1 870
56512 1 1050
56519 2 7799
56522 2 3726
56530 1 553
56563 1 1501
56584 2 973
56602 1 1212
56630 1 3641
56651 1 302
56669 1 2701
56690 1 677
56701 1 2806
56709 2 629
56714 4 1580
56716 1 175
56729 1 476
56786 1 569
56821 1 6607
56833 2 865
56838 1 604
56853 1 915
56860 2 1462
56881 1 4650
56902 2 626
56942 2 715
56961 4 7535
56982 1 542
56993 5 1027
57011 3 1023
57024 1 5130
57160 1 2069
57163 1 776
57226 1 11510
57244 1 674
57259 2 532
57359 7 1917
57367 5 2359
57380 1 3371
57381 2 2992
57382 1 3136
57385 2 2878
57386 1 2865
57387 2 2964
57388 2 3103
57413 1 6376
57436 1 3484
57441 1 2098
57462 1 1248
57466 2 1951
57511 1 2052
57518 2 3333
57530 1 2185
57643 3 8017
57653 1 697
57659 1 917
57660 7 6533
57663 1 1474
57728 1 3152
57730 2 1998
57742 1 1058
57747 1 946
57811 1 280
57829 1 2379
57878 1 3882
57879 1 1521
57914 1 2836
57948 1 5712
57949 1 5712
57952 1 8583
57953 1 8583
57972 3 1058
57996 1 1452
57997 1 4870
58017 1 188
58032 1 185
58145 1 56
58171 1 58
58195 1 704
58207 1 3272
58247 1 19391
58251 1 4547
58380 1 2008
58493 3 958
58520 1 639
58523 1 1479
58531 1 751
58837 3 3342
58839 2 2933
58841 1 2975
58843 3 2916
58845 1 2901
58846 2 2959
58857 3 994
58858 1 1878
58860 1 1359
58895 1 1062
58897 1 1028
58933 1 1093
58965 1 5140
58967 1 3481
59050 1 1865
59051 1 1868
59072 4 10092
59081 1 1600
59189 1 10518
59203 1 287
59208 1 663
59251 1 6070
59285 1 723
59288 1 368
59309 1 1651
59316 1 1089
59337 1 549
59347 2 9699
59348 1 10477
59349 2 8147
59350 2 8331
59356 1 1554
59357 1 1573
59401 1 317
59416 1 2234
59419 1 794
59430 1 3685
59434 1 2472
59471 1 4583
59472 2 2189
59477 1 343
59508 1 1122
59521 1 1931
59586 1 1152
59627 5 4734
59630 4 5288
59634 2 2585
59651 1 1919
59685 1 748
59696 2 2013
59702 1 1311
59717 2 4807
59777 1 6060
59787 1 386
59793 7 665
59828 1 882
59837 1 1240
59858 1 1684
59865 1 625
59868 1 1987
59889 1 553
59892 1 737
59893 2 392
59898 1 4986
59909 1 3894
59984 1 2885
59993 3 1856
60030 2 10533
60039 1 4322
60060 1 899
60064 4 3872
60065 1 3606
60066 1 4785
60087 2 850
60091 6 976
60095 2 3074
60102 3 987
60103 1 1494
60107 1 667
60109 1 2379
60171 1 1344
60179 8 867
60182 1 507
60254 1 1078
60270 4 1523
60275 2 3073
60277 3 2988
60286 1 303
60304 1 1261
60339 1 856
60344 1 755
60364 1 1138
60393 1 511
60398 2 1768
60431 1 845
60446 1 1213
60465 1 508
60505 2 2933
60506 2 4289
60507 1 4075
60522 2 1503
60529 4 1952
60535 1 994
60598 1 2552
60625 2 994
60686 1 1454
60720 1 570
60737 3 3128
60738 4 3062
60739 3 3026
60741 1 3011
60750 2 12275
60791 1 3468
60793 1 2201
60810 1 626
60822 1 5864
60828 3 3367
60936 1 5117
60965 1 1009
60971 2 225
61016 2 1771
61026 1 719
61122 2 1779
61164 1 386
61171 1 596
61178 1 2893
61186 5 14302
61187 1 15707
61188 7 29700
61211 1 1448
61234 1 1412
61268 1 2756
61269 2 8764
61328 3 1075
61338 1 904
61352 1 18809
61368 2 1197
61443 1 1702
61508 1 1333
61527 1 2751
61570 1 1105
61630 1 1422
61639 1 958
61651 6 3956
61668 18 11710
61669 2 5944
61676 1 1974
61713 2 4885
61714 1 562
61731 1 1752
61758 1 980
61765 1 2458
61788 1 1126
61820 3 5698
61825 2 2161
61887 1 654
61890 2 2025
61892 1 3071
61900 1 2025
61901 2 684
61917 2 5083
61924 6 6503
61949 1 1699
62005 1 2659
62011 1 1430
62012 5 622
62028 1 6469
62109 1 4903
62137 1 2894
62144 1 2188
62153 2 2377
62173 1 826
62191 1 3053
62202 1 891
62212 1 986
62229 1 7173
62243 1 3964
62257 1 782
62293 1 2903
62299 12 7136
62310 2 3144
62358 1 1453
62405 2 340
62408 1 599
62417 1 11638
62435 1 383
62449 2 829
62481 1 2543
62499 4 3759
62514 1 3635
62596 1 2402
62613 1 5274
62616 2 1362
62618 2 447
62629 1 815
62635 2 1315
62659 1 670
62676 1 102
62690 1 1289
62724 1 3090
62726 1 2992
62728 1 3125
62730 1 2960
62731 2 2944
62732 1 2989
62752 3 886
62758 4 2293
62767 3 14162
62768 2 9553
62778 1 1898
62783 1 488
62791 1 2675
62867 2 1739
62896 2 361
62903 1 1123
62906 2 1723
62933 3 987
62995 1 595
63076 1 3881
63092 1 798
63095 1 433
63137 2 3259
63138 1 4006
63157 2 3445
63172 10 1456
63197 4 7220
63216 1 3807
63225 2 431
63281 2 1021
63287 1 2749
63303 26 1198
63325 2 587
63328 1 1422
63341 1 1591
63388 1 444
63572 1 3748
63592 1 1009
63597 1 1946
63634 3 5269
63646 1 993
63648 1 7209
63654 1 1086
63659 2 696
63686 1 3010
63689 1 998
63695 6 2625
63709 1 2193
63740 3 1761
63756 1 352
63785 1 1430
63787 1 1499
63792 1 1726
63835 4 4072
63858 1 776
63866 2 879
63892 1 1816
63904 1 455
63924 1 1454
63974 1 1872
64010 1 2508
64011 1 1334
64034 2 2927
64044 1 1123
64050 1 3580
64051 1 3589
64052 4 2458
64053 4 2458
64054 2 1617
64055 2 1617
64056 2 1617
64083 1 1054
64146 1 192
64188 1 187
64296 1 1405
64311 1 4060
64359 1 542
64376 2 2975
64397 2 738
64407 3 1172
64417 1 860
64453 10 10145
64506 1 1697
64522 1 528
64537 1 1417
64559 1 4363
64646 1 789
64881 1 1311
64935 1 1041
64936 2 1450
64940 1 444
64951 1 1419
64962 1 919
64993 3 2041
64995 1 1355
65005 1 3081
65006 1 3064
65008 4 3012
65010 2 2912
65034 1 3956
65040 1 1671
65065 2 765
65127 1 402
65129 1 15643
65356 3 694
65399 1 3181
65407 1 803
65415 2 951
65433 1 2178
65444 1 1038
65453 1 1772
65468 1 1185
65549 1 424
65579 1 744
65612 2 930
65639 1 1444
65652 2 1795
65677 1 940
65684 5 17249
65713 1 1940
65814 1 940
65838 1 1936
65880 2 1390
65884 2 2980
65886 1 3075
65905 3 1164
65907 1 1300
65946 1 1248
65956 1 3157
65984 2 2219
65995 2 6936
66026 1 1362
66058 2 983
66063 3 860
66065 1 2315
66114 1 739
66127 1 1717
66150 1 512
66177 1 2510
66226 5 1366
66310 1 8271
66315 6 236
66376 6 1935
66381 1 405
66398 1 1079
66409 1 1827
66410 1 1064
66471 1 3798
66472 1 3818
66477 1 601
66482 1 2199
66579 1 1543
66591 1 734
66601 2 1937
66666 1 979
66692 1 460
66722 2 276701
66742 1 3877
66751 1 11896
66771 1 3499
66772 1 652
66794 2 1303
66806 9 3247
66819 1 6321
66823 1 9403
66873 1 585
66882 1 1598
66889 3 1986
66902 3 955
66911 1 742
66926 1 877
66927 2 978
66947 4 18231
66956 1 1308
66963 2 1157
66981 1 925
67077 2 248
67083 1 1010
67126 1 182
67131 1 338
67142 2 699
67181 2 339
67196 1 2129
67215 1 356
67240 4 118
67270 1 940
67318 1 1620
67331 1 2083
67335 1 4046
67337 1 2444
67338 1 1942
67340 2 2960
67355 1 6043
67356 1 2111
67373 1 883
67408 1 5567
67409 2 5448
67410 1 7180
67416 1 2877
67417 1 456
67452 1 3036
67454 3 5854
67485 8 785
67494 1 779
67544 1 880
67578 1 750
67585 3 2443
67593 2 1623
67600 1 932
67611 1 626
67614 1 1941
67647 2 1230
67655 2 1887
67662 1 2616
67696 2 1147
67697 1 756
67704 2 989
67716 1 692
67756 1 5291
67762 2 1401
67769 1 700
67770 1 1180
67771 1 836
67772 4 1925
67799 1 657
67838 1 746
67848 2 691
67866 1 1457
67894 1 1091
67896 1 819
67900 1 1945
67922 1 1263
67923 1 1020
67924 1 1214
67925 1 1102
67933 1 3340
67957 1 963
67960 1 1066
67963 9 2024
67985 1 2304
67986 1 2479
67987 1 2466
67988 1 2356
67989 1 1380
68005 3 1868
68008 3 1300
68034 1 1526
68057 1 3416
68067 1 1176
68117 2 4150
68118 1 3343
68130 1 645
68132 8 2295
68148 1 801
68152 3 1752
68159 2 6709
68167 4 612
68169 3 626
68170 1 586
68175 1 740
68251 1 656
68264 1 445
68268 1 2304
68304 1 1362
68321 1 1535
68330 1 8380
68334 1 2381
68335 2 1183
68344 2 6836
68349 2 282
68392 1 6574
68393 1 3580
68394 4 2458
68395 4 2458
68396 2 1617
68446 1 3669
68449 3 485
68488 1 170
68561 1 170
68632 2 662
68659 3 784
68680 2 9381
68681 1 4179
68702 1 1708
68713 1 3702
68727 2 1593
68737 2 3173
68744 2 773
68772 1 904
68777 2 1669
68810 1 744
68812 2 10319
68823 4 2312
68845 1 750
68847 1 2391
68854 1 5781
68915 3 1241
68920 1 2788
68929 1 1431
68931 1 1400
68934 1 765
68956 1 2895
68960 1 1724
69022 1 946
69030 1 437
69033 2 718
69044 2 1004
69048 8 1367
69266 1 2497
69314 2 704
69325 1 606
69328 1 515
69341 1 637
69376 4 1668
69411 1 490
69424 1 631
69430 2 2889
69431 10 3095
69433 1 2935
69483 1 3191
69504 1 1208
69515 2 3275
69530 1 3436
69531 1 797
69716 1 7169
69721 1 6125
69829 1 993
69830 3 485
69831 1 909
69842 1 886
69895 4 1151
69913 1 7379
69981 2 804
69990 3 3720
70041 4 763
70067 2 2001
70110 1 710
70112 1 423
70169 1 8025
70207 1 10208
70231 2 2953
70236 1 3474
70237 1 605
70263 13 7023
70276 1 1117
70288 1 1765
70298 1 1605
70305 1 1443
70311 1 2716
70345 2 930
70381 1 591
70385 1 218
70442 1 4263
70500 2 187
70534 1 5509
70629 1 3102
70743 2 935
70839 2 3633
70885 1 834
70954 2 6095
70960 1 2677
70973 1 413
70977 1 1128
70999 1 553
71016 3 1255
71026 1 525
71060 1 2450
71085 4 623
71087 1 635
71096 1 540
71102 1 1497
71136 1 1173
71137 2 9411
71141 1 1124
71143 2 1298
71147 1 577
71156 1 563
71178 1 1731
71180 1 1271
71251 1 1374
71257 1 2362
71315 1 6723
71335 1 3121
71384 1 2877
71385 1 2877
71386 1 2880
71467 1 56
71525 1 1462
71543 1 2407
71548 1 2973
71549 1 2186
71567 1 4513
71581 2 1913
71630 1 3469
71646 9 1815
71686 1 842
71695 2 1178
71698 1 761
71705 1 10258
71719 1 940
71751 1 474
71836 1 5188
71840 1 1004
71852 1 998
71873 1 1004
71896 4 3955
71924 1 2521
71943 1 3979
71952 4 548
71973 4 1640
71975 1 418
71988 1 2427
72016 1 859
72039 2 5516
72048 1 5014
72066 1 7004
72067 2 9227
72095 1 601
72098 1 19912
72145 1 941
72158 1 891
72162 1 694
72201 1 5125
72214 1 786
72231 1 1446
72245 2 1330
72286 1 1079
72293 3 1975
72372 1 1766
72382 1 4049
72385 1 1087
72394 1 753
72416 3 1773
72422 1 4394
72432 1 1377
72437 4 8964
72478 1 2348
72483 1 1370
72498 1 11873
72550 1 1699
72617 1 5161
72741 1 6306
72785 1 1571
72812 2 1731
72824 1 1931
72834 3 2774
72843 1 2753
72851 1 889
72862 1 773
72879 1 7089
72897 1 3666
72899 1 20275
72908 2 810
72912 1 1794
72920 4 5462
72921 3 2994
72943 2 1178
73011 1 4054
73022 2 2763
73057 1 509
73066 2 2939
73088 2 4779
73092 1 2999
73099 1 1820
73104 1 178
73183 1 2442
73207 1 1418
73211 2 1314
73214 1 1029
73222 1 3558
73227 1 972
73244 5 3654
73263 1 18
73275 1 590
73339 1 1168
73364 1 568
73365 1 271
73423 6 511
73455 1 2168
73464 2 997
73468 1 779
73497 1 632
73574 1 8025
73594 1 1535
73649 1 2033
73666 1 317
73755 1 1019
73756 1 962
73771 2 76
73870 2 1054
73894 1 981
73907 4 2638
73961 1 2232
73963 1 6843
73992 1 3335
73996 2 7920
74033 1 618
74043 2 413
74057 1 1205
74065 1 2514
74067 2 6352
74091 1 1923
74120 3 2512
74136 1 476
74151 1 1393
74156 3 1504
74158 1 1846
74179 3 4036
74203 2 11999
74272 1 459
74279 1 827
74283 1 1036
74294 1 1360
74340 1 889
74346 1 1835
74361 2 1446
74409 1 527
74419 9 1583
74435 1 2232
74437 1 6261
74438 2 1352
74440 1 1991
74450 1 1939
74465 2 1145
74510 2 1467
74512 2 1312
74543 1 5014
74599 1 1187
74601 3 1123
74604 2 5954
74611 3 1155
74646 1 2320
74694 2 646
74708 1 4408
74746 1 5004
74783 1 1421
74788 1 1690
74797 1 671
74798 1 2970
74799 1 1061
74800 1 990
74803 2 6144
74811 1 1038
74819 5 295
74822 1 5130
74862 1 1192
74873 2 4014
74887 2 7880
74953 1 1089
75095 1 1238
75128 2 1475
75169 3 9895
75202 1 3010
75203 10 2977
75204 2 3081
75206 2 2994
75207 2 2937
75209 4 2934
75214 1 2338
75218 1 261
75220 1 1738
75267 2 531
75298 1 867
75307 1 1330
75317 1 1162
75331 1 3149
75474 1 781
75497 6 1847
75521 1 228
75534 2 9607
75537 5 772
75550 1 608
75551 1 2365
75558 2 973
75656 1 1661
75659 1 744
75697 1 1062
75730 1 192
75762 1 1634
75764 1 930
75836 1 992
75919 1 1340
75927 1 4496
75933 1 1628
75934 1 1639
75938 1 2373
75962 1 1323
75985 1 1505
76042 1 1056
76049 1 1651
76057 1 646
76074 1 521
76081 2 1493
76090 1 481
76097 1 1243
76138 1 3341
76163 1 709
76166 1 2068
76186 1 99
76217 3 3579
76245 1 6436
76291 1 677
76295 1 1189
76318 1 870
76328 1 1281
76340 1 3506
76344 2 2359
76354 1 3077
76370 2 13094
76386 1 1594
76412 1 1272
76444 1 329
76448 1 5583
76449 3 6086
76476 1 1242
76496 1 545
76529 1 10440
76570 1 1218
76577 3 2515
76588 1 1544
76607 1 845
76627 1 2491
76642 2 226
76655 2 2833
76656 3 4057
76674 1 823
76709 1 1545
76719 4 1182
76734 2 1253
76771 1 385
76786 1 1262
76876 1 999
76895 1 676
76928 1 704
76929 1 1278
76931 1 978
76935 5 1129
76942 1 367
76954 1 870
76964 3 4663
77005 1 1472
77010 13 6732
77013 1 1170
77058 9 1110
77060 2 4150
77085 2 2310
77088 2 4377
77118 1 2646
77124 1 3644
77153 1 2521
77164 1 416
77172 2 1401
77209 1 4122
77210 1 4271
77211 4 3451
77212 4 3474
77213 3 3532
77214 4 3477
77215 1 1900
77233 1 4265
77248 2 1903
77258 1 1408
77359 1 2169
77373 1 388
77416 1 626
77442 1 459
77453 1 2217
77632 1 1321
77652 1 3016
77653 1 958
77665 1 496
77760 2 1117
77805 5 2119
77806 1 459
77807 1 5880
77819 1 3260
77834 1 3498
77860 1 2146
77874 1 3196
77875 1 3223
77878 1 3028
77879 3 2977
77880 3 3027
77881 2 2924
77893 1 2270
77915 1 302
77948 1 3393
77962 3 3614
78010 2 1823
78011 2 1824
78030 1 745
78067 1 1940
78070 2 702
78074 2 1554
78116 1 5040
78121 1 3206
