atlant atlant 1883 65215343 
35 1 653
77 1 366
113 1 2441
130 1 4276
131 1 14882
132 2 13051
133 1 3237
399 1 1548
505 1 1472
506 1 1411
507 1 1336
508 1 1375
533 1 1661
541 1 2599
586 1 936
710 2 958
725 4 7096
842 1 622
860 2 3051
906 2 1896
986 1 2025
987 1 2023
988 1 2173
1051 1 1264
1068 1 124
1090 1 1121
1091 1 1129
1093 1 784
1153 1 6533
1197 1 938
1436 1 662
1510 1 1264
1514 2 1086
1529 3 1094
1625 1 1302
1722 1 1321
1745 1 1756
1767 1 13095
1880 1 861
1920 1 1069
1975 2 935
2136 1 1025
2169 5 1619
2186 1 747
2404 3 242
2420 1 2316
2733 2 1374
2753 1 1122
2797 1 342
2972 1 1458
3211 1 709
3298 1 1620
3312 1 588
3402 1 2468
3403 1 2172
3404 1 2168
3405 1 2857
3419 3 1015
3427 4 2078
3436 1 915
3497 1 3011
3564 1 1154
3579 1 4684
3599 1 11096
3656 1 1437
3719 1 2258
3726 1 2061
3863 2 4935
4028 3 1523
4079 1 1990
4305 3 1625
4306 3 1994
4307 3 2386
4308 3 2754
4321 1 913
4348 1 3712
4355 1 1088
4359 1 2427
4368 1 4832
4374 1 5584
4417 1 4384
4428 5 2072
4454 1 1950
4459 2 4138
4460 2 3587
4461 2 4244
4462 2 6187
4463 2 4320
4518 1 2481
4524 4 2046
4749 1 1366
4767 1 1552
4896 2 1508
4909 2 4646
4910 2 4646
4911 2 4646
5236 1 1062
5247 2 6498
5528 1 2535
5546 1 1150
5610 1 430
5611 12 8061
5916 4 1874
5949 1 1365
6749 1 807
6842 1 72
6844 1 406
6973 1 826
6980 1 491
7055 1 2879
7547 2 1609
7610 1 714
7894 1 182
7969 2 1771
8077 1 1482
8143 1 2289
8193 2 1008
8293 1 3686
8313 1 3754
8409 2 3217
8465 1 1696
8577 1 2346
8667 1 634
8850 1 3830
8887 1 922
8906 2 1134
8931 1 1039
9233 2 979
9289 1 1772
9319 3 1488
9320 1 1505
9321 1 1530
9329 1 908
9460 1 1146
9503 1 6051
9640 1 3873
9735 1 1420
9747 1 172
9777 2 433
9807 1 982
9827 1 2258
9935 4 18475
10113 1 367
10230 3 711
10249 1 1601
10259 1 1194
10307 1 469
10445 2 850
10515 1 241
10569 1 1399
10711 1 1129
10930 1 1025
11035 2 1021
11078 4 922
11200 1 1703
11240 1 564
11271 1 1726
11416 1 234
11454 2 1364
11569 1 6434
11571 1 941
11603 1 1444
11627 2 1347
11649 1 301
11854 2 3272
11962 3 524
12003 1 149
12167 1 1026
12253 1 928
12326 1 4527
12435 1 2066
12509 1 283
12525 2 1269
12711 1 2227
12839 1 1142
13105 2 2565
13328 1 930
13332 1 14933
13427 1 2521
13480 1 2096
13670 2 2094
13683 1 1116
13686 1 343
13812 3 611
13928 2 4471
13982 2 3750
13991 1 1803
14005 1 5769
14049 2 1439
14058 2 834
14232 1 1682
14313 1 5288
14348 1 1551
14349 1 1424
14350 1 2898
14370 1 808
14382 1 662
14414 1 1128
14421 1 138
14472 1 1594
14508 1 1400
14604 3 1059
14742 6 687
14797 3 2125
14827 1 2870
14854 2 2362
15258 1 1167
15529 1 947
15587 1 2694
15849 1 1972
15860 1 3929
15939 12 1110
16006 2 1307
16007 2 6296
16008 2 6422
16009 2 1037
16183 1 2917
16233 3 884
16251 1 1023
16254 2 691
16296 1 449
16437 4 2983
16463 1 1739
16464 2 3565
16554 2 986
16557 1 1683
16674 2 2131
16768 1 912
16797 1 2473
16810 1 2137
16847 1 1048
16936 1 3648
16978 1 1563
16984 2 5305
17446 1 3664
17517 1 138
17555 2 14925
17592 1 3800
17653 2 5954
17661 1 5100
17706 1 446
17797 1 1213
17798 2 1298
17799 1 1305
17852 1 1403
17916 1 658
18043 1 3632
18056 1 1771
18101 1 674
18109 1 495
18156 2 1412
18169 1 3118
18287 1 1632
18294 1 2255
18308 6 1341
18317 12 2463
18396 1 12783
18416 3 1500
18614 1 1672
18615 1 1909
18616 1 1907
18617 1 1998
18620 3 3943
18621 3 5046
18622 4 5539
18631 1 340
18693 16 693
18704 1 1305
18708 2 1066
18709 2 949
18710 2 928
18796 1 694
18889 1 746
18939 1 1456
19026 5 1706
19383 1 3259
19509 1 1523
19606 2 278
20001 1 2461
20180 2 1773
20259 1 1301
20294 1 3768
20581 1 1771
20583 1 1743
20585 1 1770
20593 1 1768
20596 1 1769
20598 1 1777
20601 1 1785
20654 1 1589
20675 1 599
20683 1 2155
20684 1 12924
20707 1 35797
20721 3 1038
20745 2 1505
20936 1 2518
20989 1 2034
21053 1 1087
21084 2 1596
21161 1 173
21254 1 736
21339 1 4745
21495 1 1825
21527 3 6412
21717 1 1108
21730 1 1984
21839 1 4667
21860 1 2805
21861 1 1816
21946 1 1327
21989 1 2096
22010 5 988
22029 1 806
22032 2 4462
22037 1 1338
22049 1 775
22128 2 835
22137 1 4439
22547 3 5064
22785 1 1506
22926 1 1353
23013 2 4500
23014 15 3266
23239 1 504
23348 1 408
23397 3 1071
23763 1 3449
24078 1 401
24102 1 481
24157 2 10311
24361 1 152
24475 4 2124
24478 1 170
24506 2 7516
24539 1 3939
24557 1 994
24668 1 6702
24706 1 253
24849 2 4735
25048 1 1625
25080 1 555
25176 2 441
25233 2 4985
25235 1 7935
25333 3 1245
25490 1 4592
25515 3 1521
25533 1 994
25542 1 2369
25553 1 3595
25554 1 1688
25615 2 920
25698 2 1650
25728 1 5705
25748 1 202
25876 1 570
26187 2 263
26248 4 1814
26258 1 7349
26407 1 1765
26454 1 1961
26821 1 4111
26910 2 1469
26937 1 1216
27128 1 1148
27161 1 1496
27216 3 1262
27312 1 616
27318 1 1235
27321 1 7344
27376 1 1008
27377 1 718
27454 1 891
27776 1 1500
27922 7 969
28003 1 1375
28056 1 1056
28077 1 1097
28279 1 1131
28454 2 5320
28761 1 956
28806 1 4379
28840 1 12057
28951 1 4581
28992 6 257
29002 2 1504
29053 1 2517
29119 1 1828
29593 1 1567
29595 1 934
29596 1 1432
29597 1 1002
29628 1 3312
29629 1 1492
29782 2 1154
29803 1 2905
29888 1 3407
29939 2 257
29940 1 223
30225 1 219
30294 1 647
30373 1 937
30444 10 731
30831 4 993
30887 2 10988
30894 1 375
30952 1 3956
30953 1 4469
30962 1 292
31355 1 5480
31544 1 2626
31586 1 1305
31694 1 3337
31720 1 322
31733 1 858
31735 12 1164
31821 3 4061
31822 1 3213
31931 2 1507
32001 1 1067
32386 1 2500
32637 1 827
32653 1 5663
32654 1 45225
32714 1 969
32871 1 1078
33025 1 255
33080 1 2203
33221 4 724
33310 6 9499
33317 1 1673
33319 1 2701
33434 1 620
33481 1 163
33494 1 11341
33594 1 893
33619 1 1176
33668 1 1612
33747 1 317
33859 1 7228
34004 2 5029
34081 1 3468
34216 2 929
34400 3 1529
34410 2 1478
34490 7 1136
34507 1 1422
34528 2 3693
34548 1 2298
34574 1 2252
34575 1 2031
35062 1 680
35182 2 13213
35231 1 45
35280 1 258
35372 1 1115
35475 1 12761
35519 1 841
35599 2 1705
35773 1 1187
35794 2 510
35934 1 924
35947 1 651
35951 1 2034
36036 1 746
36144 2 632
36241 2 685
36341 1 828
36343 5 1778
36522 1 473
36525 1 544
36615 1 786
36791 2 180
36927 1 436
36931 1 1745
37213 1 612
37284 1 2087
37357 1 917
37458 1 1744
37596 1 1780
37727 1 606
37733 1 1162
37734 2 3488
37736 1 1948
38069 1 3382
38240 3 1492
38351 2 2567
38413 1 6145
38433 1 2018
38434 2 2883
38470 1 774
38545 1 1123
38546 1 1129
38547 1 1121
38548 1 1153
38550 1 806
38611 1 5792
38658 1 671
38733 1 798
38758 1 1048
38905 2 1096
39045 2 1871
39158 1 1513
39183 1 4477
39238 2 1675
39240 1 1187
39306 1 1355
39388 4 2149
39410 1 383
39465 1 984
39532 3 2114
39924 4 1284
39985 4 3132
39987 1 1329
40037 2 3833
40106 1 1533
40174 9 665
40201 6 1226
40237 1 1541
40438 1 4462
40485 2 51
40550 1 3684
40580 1 1410
40648 1 7183
40671 4 872
41061 1 890
41105 1 440
41147 1 1261
41165 1 1234
41211 1 205
41233 2 1484
41426 2 4541
41427 2 4567
41675 1 1320
41708 1 699
41831 1 458
41905 2 1777
41997 3 1167
42132 1 1554
42148 1 3966
42170 1 4262
42171 1 1306
42174 1 146
42344 6 3974
42390 1 1124
42517 1 1959
42556 1 882
42577 2 1608
42682 2 3838
42995 4 1142
43003 1 650
43186 2 985
43251 2 788
43476 3 2726
43601 2 634
43935 1 3104
44056 1 2924
44057 1 3001
44090 1 1267
44108 1 887
44248 2 1952
44419 1 1293
44425 1 392
44469 1 1847
44502 1 1064
44571 1 428
44754 1 431
44952 12 2567
45200 1 778
45247 1 1519
45503 17 516
45506 2 433
45530 1 195
45846 2 1458
45868 1 965
46505 1 6279
46630 2 45
46638 3 1102
46639 3 4091
46663 1 1197
46692 1 2110
46759 2 2714
46934 2 857
46950 1 2171
47080 8 530
47121 1 872
47442 1 559
47528 1 4592
47546 1 1613
47547 1 1528
47548 1 1393
47675 4 541
47798 4 1074
47800 3 10768
47819 9 2102
47839 2 1597
47969 1 53
48078 1 11919
48164 1 599
48305 2 667
48719 3 243
48823 3 2098
48907 2 1902
48912 1 2452
48919 2 5467
48920 1 1976
48939 3 1135
49092 1 39956
49105 1 2283
49106 1 2247
49173 1 10707
49176 1 11069
49184 1 2455
49242 2 1558
49331 1 1081
49340 1 2095
49347 4 1309
49443 4 1149
49458 1 1916
49502 1 623
49518 2 715
49662 1 2884
49754 1 1006
49780 1 860
49790 1 782
49939 1 1882
49965 3 2813
49966 3 2862
49971 1 2684
50013 2 1064
50014 2 1452
50015 2 1420
50031 1 1861
50204 1 2083
50218 1 1089
50228 1 701
50230 1 1104
50289 2 1659
50293 1 2189
50303 1 874
50369 1 1117
50476 1 10882
50477 1 4990
50478 1 3624
50599 2 5431
50804 1 902
50805 2 872
50914 1 754
50954 2 1743
50984 1 1008
51005 1 719
51032 1 196
51033 1 254
51095 1 549
51435 1 776
51536 1 624
51537 1 480
51899 6 12169
51993 1 12689
52006 1 2497
52039 1 816
52048 2 4112
52049 2 3857
52184 1 4601
52217 2 1695
52325 1 1444
52352 1 587
52360 7 1402
52423 1 1405
52450 5 1698
52466 2 3696
52599 1 4808
52601 1 580
52674 1 496
52943 1 822
52945 1 779
52977 1 1736
52988 1 24350
53022 1 990
53104 2 959
53268 1 5517
53441 1 3363
53543 1 2493
53633 2 948
53653 1 2179
53707 2 5088
53772 1 1100
53779 2 246
53861 1 635
53916 1 667
53932 1 2291
54130 1 394
54200 5 3379
54222 1 1066
54235 2 961
54355 2 10248
54562 1 595
54591 1 1160
54592 1 1227
55016 1 470
55097 1 626
55452 1 25
55453 26 933
55576 2 639
55628 2 2339
55963 4 126
56194 5 1968
56202 1 276
56274 1 2124
56430 1 374
56530 1 553
56582 1 1624
56701 1 2806
56900 1 1808
56903 3 636
56927 1 1129
57258 1 2560
57401 1 1176
57444 1 927
57793 2 976
57825 2 207
57834 1 4576
57995 1 2088
58065 3 204
58868 1 803
58913 1 960
58930 2 1881
59179 1 1184
59189 1 10518
59365 1 657
59375 1 1450
59402 1 4509
59412 1 875
59565 1 1703
59568 5 1774
59569 5 1463
59588 2 1547
59646 1 1585
59660 3 2783
59661 3 2342
59662 3 14951
59690 1 2297
59706 3 1415
59707 2 1267
60060 1 899
60084 2 476
60091 1 976
60099 1 828
60151 1 423
60157 1 3863
60185 1 1405
60240 1 1594
60462 1 1668
60476 1 1333
60496 1 1170
60535 3 994
60740 1 3274
60755 1 962
60791 2 3468
60827 1 2424
60917 1 682
60974 1 955
60987 1 93
61043 14 4069
61158 2 439
61172 1 427
61186 1 14302
61187 1 15707
61195 1 1379
61205 2 759
61237 1 941
61268 4 2756
61339 1 1085
61391 1 5684
61427 1 842
61468 1 2302
61801 2 1303
61805 1 1227
61822 2 5496
61826 1 3738
61845 2 3591
61876 1 2252
62081 1 394
62191 53 3053
62242 7 2867
62425 3 959
62486 2 253
62493 1 1022
62631 2 866
62722 2 812
62760 1 189
62767 4 14162
62824 1 4199
62835 1 736
62867 1 1739
63119 1 773
63123 1 1157
63213 1 1090
63262 4 1616
63308 13 1302
63309 14 4077
63310 14 2477
63441 1 877
63461 1 659
63463 1 227
63554 1 2850
63566 1 2589
63583 1 983
63842 3 2243
63897 1 1319
63953 1 921
63962 2 3096
63964 1 1764
64009 2 3743
64012 6 1614
64043 1 1623
64044 1 1123
64099 2 1630
64627 1 380
64953 1 1176
65129 1 15643
65410 1 1931
65413 2 2296
65562 2 1948
65889 4 1013
65899 6 3335
65980 1 4583
66001 1 1533
66002 1 1623
66003 1 1673
66004 1 1492
66005 1 1390
66145 1 884
66275 3 985
66277 12 1687
66408 3 969
66484 1 789
66497 1 2312
66611 5 775
66647 1 446
66686 1 1271
66690 5 370
66721 1 1376
66812 1 371
66928 2 886
66930 7 2673
67002 1 6563
67021 6 6450
67032 1 5505
67213 2 2231
67214 2 767
67258 1 584
67327 1 1861
67401 7 1996
67419 2 874
67453 1 3053
67462 1 412
67526 1 813
67699 1 1580
67754 1 567
67784 2 2572
67812 3 1753
67875 2 1176
68023 3 686
68156 1 468
68176 1 2781
68185 2 622
68344 4 6836
68346 5 2235
68428 1 548
68812 2 10319
68953 2 711
69862 1 937
69893 2 1325
69942 1 145
69971 5 1060
70119 1 819
70130 2 769
70131 1 844
70133 1 558
70163 1 1476
70208 2 1316
70222 1 950
70223 3 2061
70238 1 1571
70239 1 420
70272 3 870
70351 1 1891
70380 2 6991
70530 2 1122
70534 1 5509
70631 3 5041
70830 2 995
70936 3 1631
71061 3 602
71162 3 1237
71299 1 1364
71338 5 2157
71355 1 314
71410 1 867
71463 2 534
71573 1 847
71634 1 2564
71705 2 10258
71893 12 1301
71894 12 2159
71895 12 3069
71896 14 3955
71897 12 2249
71908 1 1014
72104 2 1103
72105 2 930
72106 2 1024
72161 2 729
72238 1 518
72266 1 916
72276 1 1201
72320 2 1701
72321 2 1530
72351 1 1344
72354 2 632
72610 3 715
72704 1 1029
72706 1 549
72765 2 2690
72797 1 2288
72832 1 3890
72888 1 1768
72905 5 631
72930 2 2073
72931 1 1959
72945 3 2766
73203 2 958
73254 1 2203
73351 1 812
73533 1 732
73547 3 548
73551 1 1862
73553 1 657
73570 1 1016
73644 2 2945
73757 2 673
73888 2 1605
73935 1 1293
73936 1 839
73942 1 1013
73992 1 3335
74361 3 1446
74589 1 507
74713 1 2251
74714 1 2557
74785 3 4399
74877 1 3262
75218 1 261
75297 1 1533
75402 4 274
75495 1 2492
75517 1 987
75529 2 8980
75532 1 2113
75625 2 1046
75646 2 832
75661 1 646
75924 1 306
75928 1 1554
75934 1 1639
75954 2 3743
75960 1 2012
76061 1 3128
76205 1 3668
76304 1 5487
76427 1 908
76568 1 439
76593 1 1119
76630 1 442
76726 1 2339
76748 1 801
76758 3 1024
76769 1 2417
76888 1 1391
76928 2 704
77123 2 814
77127 2 1709
77137 5 1799
77180 1 5716
77203 2 4646
77204 2 4647
77398 6 3728
77652 1 3016
77957 1 1907
