electr electr 10673 65215343 
5 1 922
52 10 1874
61 1 1005
113 1 2441
119 1 405
131 1 14882
166 1 1370
192 2 2446
223 9 974
248 1 5568
251 5 844
258 1 56657
259 2 1003
266 14 1509
270 2 865
276 2 1471
346 1 1457
360 1 1616
376 1 1200
385 1 651
388 1 1479
397 1 1583
425 1 823
446 1 1063
489 2 950
548 1 1997
556 1 3813
558 1 784
582 2 494
658 2 477
693 1 545
703 33 811
704 7 758
759 2 1985
769 1 1279
809 2 691
815 1 807
816 1 2271
828 25 696
832 1 771
838 1 1357
840 1 610
847 1 599
860 1 3051
873 2 402
889 9 988
891 1 687
897 1 1032
905 1 493
967 1 4480
971 1 1729
982 1 2403
1000 2 2589
1003 4 2079
1015 1 360
1023 1 2468
1028 2 1298
1049 11 2440
1050 1 992
1116 1 990
1146 6 776
1147 1 1152
1151 5 926
1176 1 992
1181 1 594
1231 5 4288
1241 1 181
1257 1 194
1267 1 1212
1279 4 1288
1283 1 1543
1310 4 925
1361 1 1013
1364 1 460
1365 1 993
1399 1 1117
1485 1 434
1512 3 8417
1514 1 1086
1547 1 577
1550 1 852
1566 2 3548
1630 4 2072
1731 2 1417
1764 1 1111
1802 3 10218
1806 2 911
1855 1 2208
1856 2 659
1896 1 2074
1897 1 2847
1933 1 749
1959 10 1196
1960 26 1186
1970 2 1066
2046 2 13880
2048 2 1132
2068 1 1029
2072 1 1175
2074 1 1047
2075 1 1934
2086 2 3653
2087 1 448
2102 2 853
2105 1 1500
2150 2 1809
2158 1 524
2159 2 1594
2171 1 1919
2192 2 5833
2207 10 1446
2216 2 2877
2243 1 2003
2244 1 2544
2321 1 1392
2337 4 1339
2338 4 1264
2343 3 1153
2353 1 1386
2366 2 2774
2370 2 1211
2374 6 1286
2402 1 1731
2414 1 1645
2433 5 1053
2504 1 5375
2536 1 2222
2537 4 1224
2658 3 193
2662 1 908
2679 2 938
2693 1 737
2694 1 1346
2697 1 1348
2722 1 1364
2742 1 548
2754 1 757
2764 1 538
2766 1 545
2767 1 411
2769 1 898
2801 1 524
2802 2 285
2926 2 1956
3006 1 834
3064 2 1121
3072 1 579
3086 1 4139
3103 1 3185
3216 1 187
3222 4 563
3225 3 861
3226 1 628
3231 24 1016
3233 1 697
3236 1 1173
3237 2 548
3248 2 552
3271 1 2311
3304 1 1426
3326 4 544
3350 1 735
3384 1 1216
3414 7 807
3429 2 2188
3436 1 915
3483 2 1094
3559 1 983
3589 5 1008
3612 3 1293
3613 1 1532
3774 1 1134
3831 3 3725
3889 1 1113
3922 1 4998
4005 1 354
4051 1 2046
4081 1 2482
4106 1 2006
4144 1 2194
4145 28 6518
4147 2 971
4212 6 1877
4215 1 664
4249 2 2710
4296 8 6626
4330 6 1163
4332 1 1645
4342 2 1391
4348 4 3712
4356 4 3544
4359 2 2427
4368 1 4832
4389 1 564
4396 1 1447
4430 1 1152
4452 1 910
4464 1 1473
4485 1 2100
4506 1 1210
4520 1 1588
4521 1 1703
4522 1 2966
4523 1 2304
4524 2 2046
4525 1 1554
4570 21 633
4571 1 593
4626 3 2742
4670 1 912
4684 1 656
4717 1 369
4718 4 553
4720 1 193
4753 1 5716
4764 1 830
4821 2 2178
4823 1 1869
4909 1 4646
4910 1 4646
4911 1 4646
4917 1 4602
4921 1 1991
4922 1 1947
4964 1 930
5074 7 1241
5075 5 1239
5076 5 1220
5083 1 2915
5151 1 945
5156 1 1087
5225 1 1789
5246 1 1448
5247 3 6498
5415 1 3073
5417 8 2788
5426 12 570
5438 2 1768
5465 1 1292
5466 4 1266
5490 5 592
5499 1 44062
5523 1 719
5531 2 1561
5563 1 542
5565 1 792
5566 1 588
5573 1 603
5579 5 794
5604 1 885
5611 1 8061
5619 1 1587
5789 2 2097
5812 1 1672
5840 1 712
5867 2 5884
5869 1 779
5870 1 795
5876 5 2035
5915 1 896
5917 1 431
5933 2 571
5963 1 564
5972 1 478
6020 2 568
6045 1 1842
6073 1 1575
6081 1 1357
6084 1 3088
6087 3 1469
6297 1 3321
6299 1 3048
6302 2 2959
6303 2 2969
6305 2 2963
6306 3 3001
6358 1 2724
6449 1 535
6454 1 2665
6457 1 801
6537 1 2037
6558 2 2607
6583 3 7454
6588 3 853
6591 20 809
6593 1 558
6594 43 681
6601 1 1223
6618 6 626
6641 1 727
6651 1 686
6659 2 715
6668 1 476
6735 6 731
6832 12 639
6904 1 1029
6945 3 3654
6983 1 2840
7008 2 725
7009 8 629
7027 1 831
7046 2 497
7072 4 855
7078 1 2260
7116 1 1032
7405 1 1072
7419 1 1155
7422 1 255
7429 1 1504
7430 3 719
7491 1 7708
7497 1 1070
7519 2 465
7572 1 1609
7583 4 592
7594 2 553
7646 1 2633
7665 4 371
7673 1 4544
7685 1 1390
7688 1 1312
7695 2 1547
7723 2 4731
7742 1 1529
7743 1 2004
7767 1 3013
7770 4 537
7773 5 7884
7885 14 2709
7890 1 615
7899 4 1265
7949 1 4128
7966 1 2772
7974 1 2073
7975 3 2578
8053 1 1114
8060 1 1283
8089 1 20930
8176 1 304
8204 1 4600
8246 1 1319
8250 1 676
8256 1 561
8284 5 3146
8285 12 3377
8286 6 2044
8290 3 1567
8296 2 1165
8297 7 12133
8372 4 3639
8380 1 2765
8393 4 3193
8408 2 5505
8409 1 3217
8435 1 2734
8438 1 2090
8459 1 2749
8460 1 2825
8461 1 2678
8462 2 3138
8463 1 2137
8511 4 710
8514 1 608
8559 2 4026
8573 1 332
8575 1 1694
8622 27 711
8737 5 1659
8744 17 788
8820 1 865
8840 2 291
8848 3 2976
8855 1 1546
8876 1 1372
8877 1 1525
8904 1 1170
8939 1 168
9005 4 45220
9006 2 34059
9019 2 1294
9125 2 931
9165 2 1394
9176 1 1666
9203 1 3221
9224 1 850
9275 1 1311
9284 2 66
9285 2 1179
9302 1 3665
9331 1 984
9335 1 1057
9366 3 1494
9392 2 768
9398 6 1078
9402 3 1283
9424 1 1274
9448 1 447
9462 1 1000
9481 2 391
9489 1 6134
9503 2 6051
9632 1 660
9640 1 3873
9648 5 780
9651 2 593
9711 3 499
9716 1 751
9717 2 950
9718 3 922
9723 1 1034
9724 1 1634
9725 1 654
9737 1 1320
9752 1 8096
9766 1 4331
9806 4 6009
9808 11 1549
9827 1 2258
9835 1 774
9909 2 537
9939 1 1300
9976 1 542
10002 1 724
10022 19 3292
10023 5 1926
10024 5 1900
10034 2 940
10038 1 1127
10045 4 834
10067 1 2395
10087 1 1266
10097 22 1553
10101 1 12486
10110 3 1421
10120 1 1997
10121 1 2683
10122 1 2093
10123 1 2079
10155 1 1544
10253 1 2883
10256 2 1836
10294 4 437
10320 1 1015
10334 3 1084
10363 1 907
10404 1 1546
10412 2 778
10427 1 2746
10465 1 834
10488 4 1531
10536 1 366
10589 1 232
10591 2 7784
10627 1 1104
10628 1 1516
10629 2 49
10652 3 3224
10734 1 566
10854 1 341
10906 3 7912
10918 1 189
10940 35 7910
10973 1 390
11015 1 548
11022 1 656
11027 3 614
11029 1 833
11034 2 474
11036 29 2826
11037 6 1092
11038 4 535
11047 1 1853
11048 1 586
11117 1 1143
11131 1 4066
11202 2 3466
11208 1 2507
11248 5 11766
11255 2 490
11259 3 1202
11260 1 1027
11288 1 9962
11293 1 724
11364 1 2608
11465 1 2175
11466 1 2113
11467 1 3152
11492 3 7197
11514 2 716
11530 16 656
11544 3 1023
11549 2 764
11562 2 1278
11570 1 631
11590 1 1805
11631 1 1115
11635 1 396
11667 2 321
11669 1 1333
11672 2 739
11673 22 814
11689 34 651
11690 20 2544
11697 2 879
11698 1 750
11712 39 1019
11713 1 1637
11715 9 1067
11722 2 1625
11725 18 523
11726 2 744
11732 1 707
11738 2 632
11739 1 580
11740 26 1909
11743 3 667
11857 3 1251
11871 1 1292
11951 2 803
11966 1 751
11970 1 253
12102 3 664
12114 1 615
12138 1 18363
12156 1 13898
12164 2 3148
12166 8 360
12167 2 1026
12223 2 6167
12236 1 1669
12263 1 1170
12269 1 488
12272 11 2031
12304 1 1066
12346 1 1264
12354 5 1113
12355 1 612
12356 3 567
12362 2 311
12382 1 1023
12436 1 1371
12477 1 166
12498 1 3985
12499 1 3780
12507 2 2373
12509 1 283
12638 1 6177
12658 1 1221
12673 1 6656
12692 6 5477
12708 1 1605
12747 1 3912
12753 4 3395
12807 4 2985
12808 6 3060
12814 2 46677
12838 1 2280
12885 2 6601
12921 2 1723
12950 1 2140
13019 6 1129
13020 2 1145
13021 4 1120
13044 1 1428
13053 2 3052
13139 1 685
13143 7 1436
13173 14 7475
13224 1 3401
13252 1 1333
13268 1 2970
13278 1 534
13332 1 14933
13339 1 2880
13356 3 1677
13379 1 1294
13405 1 641
13413 1 561
13421 2 734
13465 4 827
13559 5 1873
13560 5 1869
13564 5 893
13578 1 642
13627 1 3259
13633 1 1178
13641 1 769
13669 1 1253
13695 1 2748
13696 1 2538
13697 1 3718
13711 5 4824
13775 17 704
13776 2 503
13783 1 616
13827 2 729
13869 1 903
13915 4 443
13917 2 799
13924 1 865
13929 1 1229
13968 1 579
13991 1 1803
14014 2 3934
14073 1 615
14074 1 446
14080 72 51830
14097 7 1755
14169 1 837
14222 1 338
14228 6 490
14306 3 886
14329 13 1391
14414 1 1128
14425 1 746
14462 2 710
14510 2 6161
14581 2 830
14585 1 935
14593 3 821
14601 1 194
14624 1 1719
14656 1 863
14662 2 1844
14667 1 1206
14669 1 634
14728 1 2287
14756 2 3039
14759 1 904
14820 1 4854
14825 1 398
14830 2 8170
14831 2 8171
14832 2 8172
14871 1 363
14872 2 950
14878 1 3248
14887 4 5014
14987 1 773
14993 4 1219
14994 4 1165
15027 1 1180
15041 3 872
15121 2 911
15200 1 554
15220 1 1503
15480 1 896
15482 1 791
15485 1 822
15514 1 934
15572 1 3411
15605 1 585
15664 1 1538
15737 7 3706
15753 1 427
15761 1 778
15844 1 1278
15846 2 2009
15868 1 2468
15881 3 7036
15892 1 650
15897 1 221
15937 4 2165
16011 1 769
16098 1 1575
16128 1 987
16139 1 861
16183 5 2917
16192 2 1427
16234 2 650
16236 3 5204
16241 2 1533
16243 1 2761
16257 1 6019
16258 2 7609
16263 1 4858
16276 1 3744
16284 1 1751
16285 1 2520
16311 1 2173
16328 1 447
16341 1 9421
16354 1 986
16360 3 855
16407 1 637
16432 5 505
16439 1 738
16440 16 1049
16441 1 138
16449 1 823
16450 5 710
16476 4 664
16500 4 313
16562 2 1204
16583 1 1253
16632 1 1018
16649 21 4446
16655 2 808
16669 2 1384
16702 1 521
16774 1 1246
16780 1 2693
16794 3 536
16813 1 4537
16870 1 1104
16871 1 1031
16872 1 1005
16873 8 1059
16915 1 1177
16943 7 10757
17094 1 2308
17097 1 2690
17122 10 9203
17159 2 1453
17186 1 2741
17189 35 5992
17199 2 1582
17200 1 619
17204 1 955
17205 1 1800
17207 1 1171
17208 1 859
17209 1 818
17211 1 2036
17212 1 2040
17249 16 716
17250 40 1492
17264 1 948
17277 1 430
17297 1 1229
17310 1 309
17312 2 1027
17319 1 286
17385 4 3998
17402 2 3104
17417 1 1434
17421 5 423
17426 2 7075
17444 7 2110
17455 2 1212
17467 1 6562
17509 1 1726
17539 1 490
17581 1 1071
17589 2 12110
17642 1 966
17643 2 999
17644 2 1115
17651 5 3602
17655 1 1980
17659 1 360
17666 25 1434
17714 1 730
17721 1 839
17758 53 28986
17762 2 700
17776 1 948
17790 1 2095
17793 6 2999
17812 2 1141
17815 1 2708
17841 1 1098
17845 1 1053
17850 1 559
17866 1 454
17867 1 566
17868 1 521
17869 5 7948
17924 2 1673
17929 1 880
17980 1 329
18031 3 2951
18036 1 3329
18070 1 1477
18076 1 734
18107 1 778
18132 1 1192
18153 1 3810
18158 1 1200
18169 1 3118
18241 2 208
18266 2 1904
18312 1 1509
18324 1 740
18369 1 1573
18389 1 561
18416 1 1500
18421 7 160
18432 1 1466
18433 1 415
18480 1 1001
18483 2 760
18526 2 2537
18531 1 2147
18532 2 2296
18533 2 1991
18559 4 1226
18562 1 1335
18568 1 1372
18619 9 1157
18636 1 1655
18644 6 2789
18645 6 1794
18653 1 4815
18654 1 15696
18664 1 2209
18686 1 3449
18695 2 896
18758 1 1142
18798 2 4126
18818 1 696
18821 2 805
18830 5 1272
18873 1 552
18899 2 1411
18938 1 464
18945 1 6732
18949 1 628
18951 1 5208
18975 1 878
19045 2 3919
19049 1 3228
19076 1 2622
19092 1 2849
19111 46 4980
19127 3 1026
19139 1 1528
19379 2 4781
19421 2 537
19504 3 6279
19544 1 1036
19545 1 9624
19558 2 5943
19564 1 718
19570 1 2209
19602 4 900
19647 1 3406
19656 1 5073
19672 1 924
19686 1 4573
19690 1 2088
19714 1 495
19820 1 856
19821 2 646
19841 1 935
19845 1 1231
19863 2 1885
19869 1 2203
19885 1 1727
19913 1 2014
19953 3 683
19959 2 2824
19969 2 2159
20000 1 2428
20002 3 2451
20004 4 2446
20005 3 2489
20015 1 2199
20016 1 3043
20020 2 1073
20022 2 985
20029 1 1532
20030 8 4962
20033 1 400
20139 1 1612
20141 2 928
20152 1 379
20166 3 1465
20178 1 4163
20183 1 1575
20200 1 30304
20219 2 1029
20227 1 2347
20257 2 501
20258 1 1250
20265 1 1580
20266 2 555
20294 2 3768
20310 3 4111
20395 1 651
20396 1 370
20421 7 12627
20422 13 12210
20423 6 5021
20436 2 1915
20580 1 1866
20586 1 1928
20588 1 1915
20590 1 1876
20591 1 1911
20595 1 1894
20597 68 1712
20602 1 1884
20615 1 500
20639 2 2734
20653 1 6960
20661 1 1660
20684 1 12924
20685 1 959
20722 1 1712
20730 4 3239
20803 2 693
20806 1 1566
20808 5 1960
20848 1 30
20861 6 2236
20868 2 3295
20898 2 659
20908 2 1965
20918 1 801
20929 13 586
21046 1 10160
21050 2 1359
21051 1 1656
21052 1 526
21053 1 1087
21060 1 2143
21085 1 553
21152 1 731
21188 1 1794
21195 1 1075
21200 1 3347
21287 1 982
21288 1 1188
21316 2 769
21318 2 7108
21389 1 3999
21417 1 1547
21484 1 1764
21495 10 1825
21500 10 4276
21510 3 679
21530 1 2863
21535 1 1207
21540 1 2076
21541 1 2076
21562 7 836
21600 2 2318
21634 1 824
21644 2 11884
21698 1 2267
21702 2 3125
21758 2 2344
21773 1 955
21775 1 1217
21781 1 2594
21861 1 1816
21877 1 1400
21902 1 517
21923 2 807
21941 1 1755
21958 1 1028
21995 1 2336
22042 1 533
22045 1 2727
22046 1 1341
22047 1 2622
22079 7 5115
22087 3 1367
22173 1 618
22179 1 751
22216 1 13756
22227 1 502
22333 1 40
22431 1 801
22455 1 2770
22527 3 2945
22547 1 5064
22605 1 1238
22624 1 1920
22785 2 1506
22890 1 287
22922 12 2658
22923 9 2900
22924 4 3942
22927 1 2118
22941 4 11549
22952 13 867
22963 1 511
22972 3 628
22975 43 658
23001 6 6718
23033 5 1939
23046 2 820
23047 3 828
23048 1 522
23058 1 810
23059 6 980
23060 1 659
23069 24 533
23074 19 813
23075 2 896
23076 10 1270
23077 6 755
23078 16 973
23139 1 1265
23148 1 1086
23149 3 916
23363 1 3369
23373 5 1729
23422 1 1581
23489 1 7818
23491 1 580
23503 11 652
23549 5 1477
23637 1 2848
23671 1 7612
23687 1 2530
23697 1 5047
23752 1 2089
23803 1 1614
23804 1 635
23806 1 518
23813 2 516
23815 17 580
23817 1 601
23820 1 719
23824 1 556
23899 1 1117
23965 6 545
24088 1 1581
24121 1 1121
24123 2 1686
24124 1 2547
24157 6 10311
24179 1 482
24180 1 545
24222 3 3333
24269 1 1407
24272 2 3323
24275 1 852
24368 11 1647
24441 5 601
24457 3 5563
24487 1 690
24502 1 2202
24506 3 7516
24549 1 693
24553 1 426
24564 1 965
24583 1 808
24594 2 1258
24610 1 923
24660 1 1090
24667 1 2550
24668 1 6702
24702 1 799
24705 1 500
24749 1 4668
24773 1 1028
24801 1 1007
24842 2 3916
24855 2 606
24874 3 1346
24876 3 2039
24882 2 8171
24883 2 8171
24897 1 4588
24898 1 4667
24926 2 2341
24929 1 1195
25038 1 552
25049 1 918
25053 1 1722
25057 1 2293
25128 1 3351
25155 2 381
25173 1 472
25192 1 1525
25243 1 3615
25282 1 1395
25301 5 334
25308 1 600
25428 1 2396
25442 3 904
25474 2 3568
25478 1 3302
25484 1 711
25508 5 1364
25535 1 1634
25545 1 2403
25546 1 3100
25693 1 2462
25712 1 2401
25728 2 5705
25743 20 1781
25756 39 902
25757 3 600
25758 1 593
25796 1 939
25827 35 621
25842 1 585
25843 2 735
25850 3 488
25851 1 1694
25854 2 622
25856 20 847
25864 8 627
25867 3 623
25868 10 1808
25964 7 4294
26035 1 387
26054 4 1978
26153 1 848
26161 6 14248
26218 4 3037
26223 1 946
26258 2 7349
26303 1 330
26366 1 598
26382 1 3521
26454 5 1961
26467 3 1027
26525 1 2013
26593 5 1889
26680 1 521
26723 2 1586
26764 1 323
26787 1 994
26805 3 1467
26820 10 5014
26836 4 2928
26894 2 1026
26909 1 1645
26926 1 859
26932 7 688
26938 32 566
27116 1 493
27135 1 1071
27161 4 1496
27173 1 3255
27174 1 2438
27228 1 952
27271 1 858
27286 2 1789
27287 2 1709
27321 2 7344
27425 4 2871
27538 2 957
27567 1 1101
27590 1 1661
27625 1 2383
27660 2 535
27661 1 614
27691 1 1205
27693 1 678
27714 1 400
27724 1 236
27754 2 521
27755 2 526
27756 2 525
27769 3 1391
27771 2 696
27782 1 1620
27812 4 3494
27823 7 1303
27846 1 709
27851 1 5844
27852 3 5540
27853 2 3446
27854 1 916
27862 1 8511
27872 7 3102
27883 4 4980
27885 1 1416
27905 1 644
27936 1 877
28077 2 1097
28095 1 384
28098 1 10589
28101 10 883
28215 1 236
28218 2 1482
28240 1 1341
28259 1 6624
28261 2 11790
28294 1 651
28334 1 1855
28350 1 677
28414 2 3568
28419 4 3437
28432 1 1851
28457 2 5857
28458 2 5864
28459 3 5561
28460 3 5545
28467 1 8583
28468 1 8583
28469 1 8615
28491 4 4917
28550 1 1171
28670 1 500
28770 1 777
28787 17 804
28802 1 952
28838 1 3316
28840 39 12057
28844 6 477
28871 2 2000
28951 39 4581
28953 1 1170
28993 1 559
29070 1 1087
29094 1 737
29096 1 764
29104 1 738
29126 2 879
29171 1 1853
29186 1 618
29192 1 724
29269 2 53
29380 1 1056
29414 1 1661
29419 1 2386
29422 2 461
29446 1 2735
29450 1 439
29488 1 204
29493 1 3306
29524 1 1209
29557 3 7051
29561 2 1008
29623 3 963
29644 1 1114
29715 1 4501
29722 12 9450
29875 1 2653
29895 1 940
29896 4 1023
29898 1 707
29902 1 4620
29921 3 947
29925 1 896
29927 20 601
29955 1 960
29959 38 652
29960 12 840
29965 1 763
29987 4 1548
29994 1 421
30049 1 962
30273 2 2533
30277 4 1384
30293 4 6059
30314 1 1766
30319 3 79
30382 3 1172
30535 2 976
30588 3 3696
30607 1 1263
30649 1 2455
30662 1 638
30696 1 791
30698 1 698
30738 2 1986
30747 2 4167
30759 1 1879
30765 1 1987
30800 1 2230
30804 2 10416
30827 2 663
30829 2 1243
30830 2 1174
30849 3 144
30888 2 2250
30898 1 589
30906 2 454
31076 1 654
31085 1 2635
31097 2 653
31100 2 605
31101 2 1004
31150 1 1257
31151 1 447
31152 1 419
31155 2 2064
31234 1 2296
31235 1 1666
31236 1 1725
31237 1 2292
31267 1 7536
31316 1 535
31336 1 599
31375 1 272
31378 69 1060
31388 1 487
31410 1 2031
31555 3 1195
31560 1 2403
31647 10 1002
31651 4 843
31668 1 919
31671 2 574
31672 22 812
31675 2 1174
31688 1 2740
31691 1 1773
31693 15 3857
31791 2 535
31898 1 1326
31929 2 15160
31951 5 962
31952 2 1105
31966 1 522
31967 1 524
31971 1 439
31990 2 640
31991 2 719
32019 18 4793
32023 1 2558
32034 1 1185
32043 1 943
32046 2 2058
32047 2 2055
32173 2 840
32181 1 2305
32184 1 2319
32187 1 2315
32214 1 700
32240 1 3457
32270 1 1127
32280 3 932
32288 1 3260
32289 4 2992
32293 3 3048
32299 1 3515
32308 1 1418
32380 1 328
32388 2 24490
32485 1 575
32561 1 832
32632 1 1721
32653 2 5663
32654 10 45225
32657 1 867
32673 1 653
32720 1 974
32774 2 814
32781 1 2000
32782 1 536
32803 5 1009
32804 1 728
32806 52 1111
32808 11 1156
32809 3 719
32818 19 652
32826 11 1914
32830 1 2018
32833 1 301
32834 1 752
32838 21 684
32896 1 563
32897 2 1259
32976 1 1811
33071 1 466
33079 5 3096
33097 4 819
33107 1 1135
33130 2 1040
33150 3 2622
33151 1 2303
33297 1 683
33310 5 9499
33328 2 3420
33466 2 1113
33489 4 1302
33491 1 880
33576 1 1268
33641 1 2126
33647 2 1671
33657 1 1436
33732 1 809
33739 1 1711
33745 1 607
33750 31 2944
33760 2 616
33763 1 2200
33769 10 975
33770 10 975
33797 1 1450
33904 1 1776
33907 1 325
33909 1 1260
33941 1 446
34019 1 1391
34039 1 23394
34115 1 1103
34154 1 547
34177 1 1899
34184 1 342
34222 1 3470
34229 2 819
34241 2 658
34270 4 870
34375 11 1602
34408 1 1352
34445 1 2643
34456 3 1514
34460 1 1553
34462 2 1693
34463 11 620
34465 2 5422
34521 1 3172
34537 1 2175
34575 1 2031
34583 5 4980
34610 2 310
34633 2 1016
34634 2 1126
34647 1 616
34657 6 646
34661 9 22673
34675 1 1999
34680 1 1201
34802 1 609
34809 1 443
34828 1 2867
34860 1 3758
34861 2 4582
34892 1 1197
34929 1 712
34932 1 731
34953 1 813
34963 1 754
34995 3 3471
35047 1 1718
35145 2 827
35151 1 4287
35170 2 1948
35177 2 1731
35387 1 4967
35395 1 1776
35415 1 1578
35435 2 1070
35470 1 379
35499 1 397
35507 1 1988
35527 6 818
35529 1 1080
35532 1 4534
35537 2 934
35538 1 1446
35555 1 968
35590 1 441
35599 1 1705
35683 1 1542
35712 26 1347
35724 1 2406
35774 1 3657
35839 3 1075
35857 4 1888
35937 1 4486
35984 7 885
36041 1 795
36109 1 12698
36177 1 2374
36222 1 1383
36238 1 1023
36274 1 765
36284 2 1599
36285 2 1329
36286 2 1718
36296 1 489
36389 1 6107
36390 1 6107
36397 2 8678
36398 2 8678
36443 1 1970
36445 6 656
36447 3 875
36464 1 889
36470 1 1359
36471 3 541
36472 5 868
36477 1 1527
36478 4 649
36489 1 962
36491 1 1190
36493 10 1662
36496 1 316
36499 1 381
36500 3 773
36501 1 900
36507 30 1910
36508 20 1025
36513 48 559
36514 1 629
36516 3 888
36517 21 465
36552 1 1625
36558 15 1161
36577 2 587
36608 1 740
36685 1 3543
36698 1 904
36701 1 971
36728 8 1234
36738 1 1296
36754 1 1714
36775 3 4563
36788 1 1941
36797 1 6365
36909 1 832
36912 7 1844
36945 1 21910
36954 1 1023
37011 1 2340
37044 2 716
37049 2 872
37057 10 5130
37072 1 2165
37112 1 185
37175 3 1376
37214 2 528
37306 1 910
37343 2 852
37352 1 1354
37382 1 3256
37401 2 1431
37403 2 1421
37419 1 13883
37473 1 701
37496 1 2380
37508 1 860
37551 2 867
37552 1 700
37555 35 959
37567 1 2983
37594 2 1661
37598 1 1621
37630 2 2027
37694 3 3082
37734 1 3488
37735 1 1882
37736 1 1948
37747 5 4991
37833 1 916
37837 1 638
37838 2 892
37855 1 377
37868 1 377
37884 1 435
37917 1 1025
37932 3 17484
37956 32 735
37971 1 1025
37974 1 1488
37978 1 401
37980 2 1046
37981 2 1271
37982 2 1163
37983 2 1190
38005 1 3590
38040 1 1063
38041 1 1095
38043 2 906
38055 3 327
38062 16 2930
38134 1 344
38138 1 1089
38157 1 3920
38162 3 7201
38171 2 1510
38176 22 1993
38186 3 1792
38210 1 1326
38211 1 755
38280 1 620
38288 1 1083
38296 17 2027
38302 1 522
38309 1 1508
38328 1 776
38342 1 1775
38344 4 1209
38402 2 678
38431 1 621
38445 3 2338
38448 2 6071
38452 4 1545
38541 1 691
38586 4 3019
38604 1 707
38605 2 1076
38608 6 4302
38615 2 1026
38637 1 990
38640 1 1038
38643 4 1335
38680 1 834
38683 1 310
38713 1 1687
38794 2 2594
38808 1 2666
38812 1 2023
38874 2 1562
38905 1 1096
38910 1 7766
38937 14 1185
38991 1 1489
39041 1 781
39058 1 334
39059 1 366
39081 1 1592
39083 2 2721
39126 1 1601
39158 3 1513
39166 3 1097
39167 3 1736
39168 3 1160
39187 1 715
39240 3 1187
39245 2 4290
39278 2 5705
39279 2 5440
39280 1 2767
39313 1 2054
39314 1 1784
39338 1 461
39417 1 622
39430 1 1661
39435 9 281
39465 1 984
39474 2 1378
39475 1 1192
39482 1 1937
39488 1 1377
39582 1 596
39597 20 567
39606 16 513
39607 8 729
39608 80 1439
39619 2 798
39620 2 519
39624 1 1378
39627 2 1010
39630 2 707
39633 5 518
39634 16 1689
39638 1 746
39641 1 1223
39646 1 582
39647 1 872
39649 1 781
39651 12 1113
39654 1 776
39673 1 250
39692 1 1262
39706 3 1567
39715 2 797
39781 21 1529
39886 2 167
39916 3 1355
39929 2 1959
39999 5 4187
40007 1 1943
40010 1 634
40016 6 1388
40100 1 2099
40127 1 877
40144 2 1211
40151 1 2200
40163 1 1175
40197 1 672
40275 1 187
40282 1 183
40342 1 1617
40401 2 2725
40411 1 306
40495 2 2423
40511 1 1191
40525 5 471
40562 1 652
40617 1 1538
40669 1 995
40670 1 2018
40695 1 8337
40744 1 1283
40778 1 855
40788 1 1583
40817 1 2302
40843 1 495
40914 2 583
40938 1 1411
40949 1 291
40961 1 135
41000 1 308
41046 1 277
41086 1 1327
41092 2 599
41161 4 2501
41183 1 4967
41184 3 7879
41194 2 976
41196 33 783
41197 2 723
41215 1 277
41224 1 1980
41225 7 2414
41238 3 4035
41256 2 477
41319 1 599
41320 22 779
41321 2 1040
41324 2 3500
41337 2 735
41342 20 635
41343 2 559
41344 21 942
41345 6 517
41349 26 1605
41360 1 743
41362 2 1073
41364 4 626
41519 1 741
41524 2 2455
41527 1 666
41577 1 66
41634 2 373
41688 1 1836
41696 1 1507
41724 1 1426
41725 1 775
41738 1 1731
41745 2 391
41773 1 779
41777 1 1117
41840 3 2915
41841 2 1074
41846 2 987
41877 3 1119
41998 1 845
42009 22 3192
42010 25 2197
42011 17 658
42012 34 963
42019 2 6660
42020 2 2292
42025 1 9933
42107 5 1958
42108 1 1305
42110 1 893
42148 1 3966
42161 2 9423
42188 3 1510
42261 1 6604
42279 1 278
42330 4 6012
42331 1 4860
42355 3 5228
42359 1 2478
42415 1 893
42416 1 1931
42422 1 5724
42460 1 1971
42465 1 321
42470 1 161
42502 4 786
42506 1 420
42510 1 1487
42522 2 331
42540 1 1612
42577 1 1608
42580 3 8665
42597 2 1554
42629 2 3606
42648 1 4779
42676 1 1415
42679 1 6107
42680 1 6107
42759 7 979
42768 1 4939
42771 2 2420
42772 1 1367
42774 1 5633
42819 1 605
42827 2 817
42829 2 1121
42884 1 1169
42908 1 398
42959 1 5863
42960 3 7453
43025 2 3087
43044 1 1869
43061 1 3075
43092 1 1330
43097 1 904
43109 2 2284
43127 2 769
43133 1 733
43134 23 533
43141 1 1346
43142 21 466
43154 3 570
43156 27 652
43164 44 2004
43165 9 1609
43166 1 778
43167 4 605
43182 1 507
43226 1 837
43255 3 1777
43429 1 1731
43432 3 919
43440 1 1860
43444 1 2757
43457 1 1538
43474 2 2661
43476 4 2726
43496 2 2079
43497 1 1986
43547 1 1029
43597 2 2088
43661 13 1148
43682 2 642
43689 1 503
43739 1 1071
43788 1 2027
43839 1 1259
43895 2 1163
43898 5 2947
43992 2 214
44041 10 1326
44080 5 3596
44087 4 368
44097 1 470
44106 1 3394
44119 1 999
44130 1 6601
44148 1 986
44216 1 619
44238 7 800
44374 4 490
44380 1 1907
44389 1 1440
44394 1 2869
44441 3 860
44444 2 1118
44469 2 1847
44496 6 1260
44513 1 497
44515 1 636
44518 1 597
44529 3 874
44534 3 1427
44565 1 512
44707 3 6048
44758 2 2521
44768 1 2523
44788 1 1806
44843 6 558
44881 1 3374
44910 2 715
44943 3 1027
44955 1 7733
44961 1 1596
44962 1 1439
44979 1 1058
45079 1 754
45163 1 1509
45176 1 1533
45187 1 658
45200 1 778
45201 1 941
45208 1 1331
45241 1 1118
45261 3 7633
45262 1 6033
45287 18 947
45295 1 700
45302 1 1230
45314 1 660
45321 1 739
45324 1 253
45369 1 1016
45394 1 1505
45420 2 631
45424 2 470
45442 19 527
45447 1 698
45448 1 706
45449 21 659
45452 1 888
45453 4 676
45455 1 1146
45473 18 655
45474 1 519
45476 2 548
45479 4 1029
45480 23 547
45487 2 863
45495 1 547
45501 2 1221
45613 6 573
45677 1 359
45679 5 695
45681 1 2190
45684 2 513
45727 5 259
45826 1 8235
45858 4 2087
45878 4 1656
45880 1 2642
45925 1 762
45931 1 891
45933 1 1028
45946 9 2130
46033 2 498
46039 1 864
46040 1 1011
46121 1 1017
46126 1 1522
46162 1 29
46347 1 1459
46371 1 472
46388 2 81863
46422 1 181
46445 2 438
46470 1 862
46494 2 688
46497 2 590
46498 2 642
46509 4 2154
46512 1 4395
46513 5 2610
46514 4 601
46556 1 738
46654 2 308
46734 2 1928
46744 3 1837
46749 1 6951
46817 1 2737
46821 2 1634
46837 1 2432
46876 1 1869
46893 2 1066
46909 1 2578
46911 8 1569
46927 1 975
46932 1 957
46954 2 5186
46988 1 1340
47052 2 1071
47077 2 1528
47092 1 1683
47129 2 803
47134 2 388
47161 1 1358
47173 7 967
47183 2 107
47219 1 665
47221 1 631
47245 1 6757
47255 1 704
47299 2 2019
47379 1 940
47380 1 727
47382 1 6307
47390 2 1305
47398 2 5716
47444 1 3470
47448 3 3217
47449 1 2847
47468 1 987
47483 2 864
47498 2 3543
47552 1 1137
47573 1 1389
47748 3 6961
47749 3 7411
47775 3 996
47780 2 5199
47843 19 1288
47865 1 1970
47884 1 649
47898 1 1891
47899 1 352
47903 2 709
47904 1 980
47908 5 548
47912 46 773
47913 1 4216
47914 17 878
47925 1 1584
47982 1 287
47985 1 1731
47988 1 618
48002 1 2505
48004 1 384
48005 1 1484
48039 1 807
48043 1 422
48085 1 2386
48111 1 2300
48130 1 978
48145 1 957
48154 1 2396
48165 14 946
48217 2 6375
48245 1 135
48246 2 924
48269 1 11120
48322 5 338
48366 2 1222
48449 1 841
48489 2 2490
48506 2 1340
48507 1 1533
48508 1 1328
48556 1 759
48595 2 1795
48627 1 497
48632 1 3473
48657 2 717
48741 1 1388
48745 1 1192
48746 5 1274
48754 4 953
48759 2 938
48760 13 1039
48761 13 985
48774 1 1091
48857 3 982
48874 1 295
48910 2 1372
48916 1 2862
48917 1 6627
48925 9 4731
48960 1 2073
48966 3 971
48984 1 574
48999 1 265
49006 1 837
49049 1 1735
49050 1 3091
49051 1 3490
49052 1 3420
49164 1 1298
49341 1 2395
49343 1 1496
49344 1 2202
49345 1 2775
49346 1 1190
49347 1 1309
49348 1 2857
49349 1 2177
49350 2 2540
49375 3 11530
49376 1 5243
49414 1 609
49420 1 835
49421 1 459
49493 10 625
49498 2 1116
49522 2 6160
49529 1 2335
49549 1 1332
49552 1 1919
49557 18 878
49560 1 856
49567 1 929
49585 3 734
49592 43 685
49594 1 586
49596 1 531
49597 1 784
49598 18 611
49599 1 507
49616 3 471
49624 4 752
49625 2 855
49637 2 633
49643 3 724
49645 26 684
49646 1 647
49647 1 805
49648 2 651
49649 1 949
49651 2 671
49672 4 1575
49673 1 810
49696 1 2912
49766 2 1245
49791 1 762
49792 1 932
49804 1 2520
49809 2 1482
49831 1 997
49833 1 2286
49843 1 728
49844 2 6972
49903 1 802
49971 2 2684
50039 1 1072
50040 12 6696
50048 3 385
50115 2 339
50125 4 1136
50126 25 1046
50141 1 423
50162 1 2022
50164 1 421
50173 3 1992
50194 1 1013
50207 1 2916
50228 1 701
50233 1 702
50328 1 1690
50343 1 3220
50345 2 2018
50350 4 1319
50351 1 1270
50353 1 2913
50355 3 3677
50363 1 1043
50379 1 510
50451 1 707
50459 1 1672
50463 2 473
50464 2 2946
50482 2 1225
50489 5 1085
50533 1 911
50584 1 781
50597 1 2594
50598 1 5177
50621 1 1050
50741 1 1509
50768 1 708
50804 17 902
50805 8 872
50806 7 817
50853 1 3547
50858 2 1121
50895 1 2073
50918 5 2316
50921 1 3926
50926 2 1001
51010 4 1165
51096 1 1043
51148 5 2969
51193 2 1845
51205 2 509
51239 1 507
51256 1 1068
51291 6 1801
51302 1 786
51344 1 2554
51387 3 973
51389 2 984
51397 1 795
51422 11 375
51424 6 657
51464 2 665
51476 1 2010
51513 1 570
51523 1 1944
51525 25 694
51528 6 1144
51533 17 899
51554 1 62
51571 4 1053
51585 108 3964
51596 2 456
51643 4 114
51658 1 1259
51688 1 4314
51699 4 1261
51708 1 994
51732 1 1804
51735 1 338
51767 1 1320
51818 1 552
51841 10 978
51842 10 971
51859 5 1363
51899 26 12169
51950 12 1782
51967 1 2148
51987 10 4909
51988 12 6522
52020 1 5271
52022 1 447
52031 1 846
52047 2 1194
52146 1 10691
52184 64 4601
52190 1 1834
52196 1 258
52228 2 3809
52244 1 1659
52252 17 1229
52268 1 1097
52269 4 552
52300 4 6036
52324 2 1192
52341 13 1653
52384 1 3160
52387 1 709
52403 3 1953
52408 2 1385
52413 1 746
52449 4 3942
52457 4 4403
52463 1 556
52500 1 3237
52502 2 6875
52561 4 52057
52585 7 777
52616 1 3287
52690 1 1737
52691 1 1724
52701 1 1487
52723 1 1320
52725 2 910
52801 1 1168
52826 1 346
52941 1 3400
52977 4 1736
52988 1 24350
53066 3 855
53091 1 1258
53158 2 9225
53159 2 2323
53209 1 1662
53236 1 3296
53252 1 743
53336 5 1130
53339 1 837
53411 4 774
53424 1 5193
53441 1 3363
53449 1 1037
53469 1 2932
53476 1 375
53479 1 1784
53517 1 1671
53519 1 1735
53534 2 1069
53538 1 2024
53666 1 305
53680 1 837
53688 1 2329
53707 1 5088
53742 1 1066
53771 2 1481
53837 2 3485
53888 2 5712
53897 3 1195
53898 3 1192
53899 3 1192
53900 3 1192
53911 1 833
53925 1 1795
53926 1 2454
53929 1 1032
53931 2 1369
53934 2 1246
54095 1 1451
54108 1 992
54121 1 1116
54201 3 302
54223 1 287
54226 1 1236
54256 1 593
54296 1 821
54324 1 338
54327 1 1517
54452 3 541
54474 1 489
54476 1 1372
54510 1 1065
54511 1 1251
54512 1 1202
54551 1 2055
54566 2 8702
54603 1 435
54619 1 10647
54620 2 433
54659 7 5192
54684 1 1450
54692 2 1956
54899 68 1696
54901 68 1729
54908 68 1710
54911 68 1699
54913 68 1712
54949 1 1656
54950 2 3726
54959 1 305
54962 3 2551
54963 1 501
55064 2 1985
55073 1 3312
55078 1 1284
55085 1 476
55086 1 821
55118 1 4304
55150 1 441
55156 1 1405
55321 7 804
55426 2 1303
55441 1 718
55482 1 877
55485 2 1849
55515 1 1874
55516 1 1474
55536 12 49965
55537 3 7693
55538 4 7491
55540 1 577
55556 33 778
55558 2 721
55562 1 680
55564 4 684
55578 1 900
55591 1 932
55616 14 765
55634 1 1214
55669 1 315
55677 2 108
55705 1 551
55708 19 980
55709 5 1007
55712 1 659
55714 1 676
55715 4 667
55731 1 2515
55735 23 604
55736 1 1713
55739 1 960
55745 62 1109
55746 2 702
55747 9 625
55753 3 4189
55886 1 5463
55920 4 718
55926 1 650
55928 1 1167
55934 1 742
56039 2 684
56175 2 8425
56191 1 2260
56210 1 505
56223 5 5116
56282 1 1567
56283 1 1928
56285 1 1032
56402 1 651
56403 1 641
56404 3 774
56421 4 1078
56424 4 1256
56427 1 1290
56430 2 374
56463 1 1156
56489 1 5171
56493 1 1223
56591 2 1805
56611 2 767
56620 1 1243
56652 6 5800
56707 3 1732
56727 4 974
56813 1 436
56816 1 1923
56860 1 1462
56861 1 1250
56885 32 1894
56889 14 820
56946 1 734
56948 1 599
56952 1 621
56961 1 7535
56988 1 606
56995 1 1253
57000 1 1565
57160 2 2069
57161 2 2080
57162 2 2315
57186 1 1678
57216 1 921
57223 1 578
57226 1 11510
57228 1 1834
57231 1 3603
57245 1 568
57255 5 2815
57261 2 234
57288 2 2261
57380 1 3371
57386 3 2865
57393 2 1081
57396 1 1224
57413 1 6376
57436 1 3484
57459 1 1142
57469 5 965
57515 2 1112
57519 1 774
57528 1 566
57623 7 3704
57624 7 3707
57625 7 3705
57644 12 641
57645 3 629
57660 1 6533
57744 1 2807
57810 2 1482
57878 2 3882
57910 1 1801
57930 1 1080
57932 1 1447
57946 3 5545
57947 3 5535
57948 2 5712
57949 2 5712
57952 1 8583
57953 1 8583
57962 4 2722
57989 1 3603
57995 4 2088
57997 6 4870
58001 1 608
58198 1 879
58199 1 4784
58207 1 3272
58227 1 1972
58300 4 362
58319 1 719
58339 1 561
58348 1 1317
58387 1 573
58412 1 528
58430 3 1881
58499 1 661
58500 1 557
58502 12 1134
58536 1 642
58553 2 1944
58711 1 1429
58769 2 1152
58773 2 1702
58781 1 410
58790 1 736
58810 1 891
58844 1 3246
58845 3 2901
58853 25 2423
58895 1 1062
58929 1 1342
58934 2 2758
59072 2 10092
59225 1 6473
59242 1 417
59252 38 691
59253 1 1027
59255 1 766
59263 1 5357
59282 2 497
59316 1 1089
59318 9 1825
59333 2 868
59334 1 842
59339 2 744
59342 3 738
59348 1 10477
59350 5 8331
59352 1 621
59354 1 514
59358 3 836
59359 2 1865
59360 1 663
59402 1 4509
59420 2 1188
59421 2 1923
59425 2 969
59454 1 2821
59462 1 1879
59463 1 2182
59489 2 1634
59511 1 1631
59522 1 1856
59561 2 4211
59576 1 679
59582 1 1698
59590 29 1196
59599 1 1077
59627 2 4734
59630 2 5288
59665 1 1543
59667 6 1525
59670 2 1595
59679 1 2650
59680 1 2653
59681 1 3350
59712 3 4670
59713 1 1324
59717 4 4807
59777 1 6060
59796 1 130
59807 1 546
59823 3 683
59825 1 1106
59832 1 1496
59875 1 1762
59901 1 10800
60000 1 560
60007 4 510
60010 1 767
60019 1 5237
60030 2 10533
60038 1 3448
60048 2 851
60070 2 2663
60083 1 342
60085 1 1113
60094 1 1104
60178 7 1325
60224 4 8194
60241 1 709
60246 1 430
60278 2 3357
60358 1 819
60372 1 1505
60398 1 1768
60403 1 2051
60431 1 845
60438 15 304
60443 4 1233
60462 2 1668
60470 1 897
60473 1 947
60475 1 1223
60477 1 1323
60538 1 2351
60557 1 1915
60597 1 571
60629 1 3596
60671 1 3451
60682 1 472
60708 1 1572
60713 1 3384
60736 1 3344
60740 1 3274
60744 1 2509
60750 1 12275
60759 25 4854
60953 1 2570
60954 1 1837
60955 1 1899
60956 1 2287
60957 1 3093
60964 6 3850
60974 23 955
60989 1 248
60997 2 3263
61016 1 1771
61020 1 13801
61022 1 467
61059 1 4559
61098 2 1594
61131 1 2971
61159 4 572
61177 1 2363
61188 1 29700
61199 13 1761
61205 2 759
61234 1 1412
61236 2 1186
61259 1 1094
61260 2 1077
61261 4 1071
61262 2 1081
61263 2 1798
61269 1 8764
61307 2 814
61310 1 548
61311 1 549
61312 1 1301
61352 7 18809
61358 1 671
61442 1 2563
61468 12 2302
61471 1 2207
61516 1 1071
61668 1 11710
61694 3 3121
61715 1 626
61728 1 26
61738 1 523
61770 1 1373
61826 2 3738
61833 1 7073
61861 15 2244
61894 1 3336
61895 1 1396
61917 5 5083
61938 1 6544
61949 1 1699
61976 3 4025
61996 1 106
62003 1 2012
62009 1 1118
62011 1 1430
62161 2 167
62164 7 156
62171 3 139
62180 1 838
62199 1 2963
62219 1 422
62303 1 806
62358 1 1453
62359 2 1342
62360 1 1370
62466 1 2353
62468 3 2405
62469 1 525
62483 1 826
62495 1 1330
62496 1 737
62516 1 453
62536 1 313
62558 2 779
62561 1 1012
62573 6 1569
62610 1 459
62613 1 5274
62624 1 772
62635 3 1315
62642 1 7441
62685 1 1321
62686 1 996
62689 1 1217
62693 1 5347
62723 1 3363
62726 4 2992
62727 1 3232
62734 2 169
62767 1 14162
62768 2 9553
62769 1 746
62773 1 856
62818 2 540
62819 3 945
62820 2 1547
62822 1 802
62824 1 4199
62852 8 1986
62857 1 350
62984 9 767
63034 1 473
63035 1 982
63036 2 1062
63068 1 2332
63130 1 1449
63138 2 4006
63157 1 3445
63159 1 1363
63160 1 1813
63161 1 1664
63162 1 1516
63163 1 2048
63164 1 2016
63165 1 2124
63166 1 2579
63167 1 3539
63168 1 2328
63169 1 1823
63194 1 559
63197 3 7220
63219 1 790
63225 2 431
63237 26 757
63271 6 1472
63365 8 2040
63389 1 651
63390 2 746
63392 2 593
63393 5 737
63394 36 601
63408 2 768
63411 3 1780
63416 1 883
63417 1 748
63418 19 694
63423 8 1399
63424 1 756
63430 2 1309
63431 1 894
63432 1 540
63433 1 618
63504 1 4125
63528 3 544
63579 14 1596
63634 1 5269
63639 4 496
63645 2 407
63648 3 7209
63649 1 996
63686 1 3010
63692 1 1027
63708 1 2012
63765 4 1813
63874 1 387
63897 1 1319
63915 1 1055
63932 8 1211
63937 2 259
63938 3 2930
63947 1 1160
64090 1 622
64093 1 1998
64099 1 1630
64277 1 590
64305 2 1132
64319 1 4532
64331 5 3013
64375 1 514
64381 2 1648
64384 2 659
64404 1 397
64407 3 1172
64426 1 416
64436 1 338
64465 1 596
64542 1 1329
64543 1 1339
64548 1 778
64677 2 558
64679 2 392
64900 1 380
64957 1 1055
65029 1 946
65034 1 3956
65077 4 2772
65410 2 1931
65415 2 951
65456 1 531
65525 1 1339
65536 1 890
65565 1 1270
65609 1 667
65626 1 603
65627 1 552
65630 2 385
65684 4 17249
65700 1 1274
65724 1 1237
65771 1 799
65896 3 3671
65908 1 2157
65929 3 774
65942 4 481
65943 1 1234
65944 1 4400
65945 1 2536
65954 4 245
65960 2 1177
66012 1 1659
66057 2 754
66060 1 638
66105 1 1033
66174 1 806
66188 1 5739
66189 3 7316
66192 1 870
66219 25 1200
66305 2 623
66324 2 517
66333 1 635
66335 2 464
66337 1 1331
66340 3 1753
66341 2 1025
66345 8 1615
66347 33 743
66378 1 1248
66391 1 1172
66403 1 759
66408 1 969
66409 1 1827
66421 1 437
66478 5 1388
66546 1 509
66558 1 37
66568 1 1368
66599 1 1088
66611 1 775
66630 1 353
66652 2 496
66677 1 1321
66738 1 1248
66751 1 11896
66783 1 486
66844 2 1550
66870 1 2566
66881 1 1029
66930 1 2673
66965 1 1054
67002 2 6563
67011 1 714
67015 1 538
67020 1 1334
67021 1 6450
67029 1 2546
67045 1 805
67047 2 2295
67065 1 920
67071 4 692
67141 1 431
67227 1 1190
67256 1 609
67268 2 915
67344 6 2228
67390 2 1665
67391 2 4824
67392 2 2594
67394 2 2122
67409 1 5448
67411 3 896
67419 2 874
67422 1 400
67446 2 1396
67448 1 1443
67510 1 1379
67530 1 546
67548 11 2750
67579 1 1444
67661 1 952
67690 1 585
67704 1 989
67772 1 1925
67790 1 3052
67890 4 3387
67963 1 2024
68002 1 3149
68004 2 261
68008 4 1300
68015 3 6966
68055 1 722
68119 1 6225
68130 2 645
68132 1 2295
68169 5 626
68202 1 326
68203 1 304
68228 1 6756
68262 2 891
68263 1 5972
68320 3 1587
68325 1 668
68357 1 205
68369 1 11195
68436 1 2388
68437 1 2115
68441 1 991
68449 4 485
68632 19 662
68691 1 2365
68698 1 1633
68704 1 4902
68710 3 780
68766 3 5324
68776 1 1328
68780 16 816
68783 1 1601
68795 2 1251
68819 1 338
68856 1 917
68904 1 1018
68920 1 2788
68938 1 1260
68939 1 1221
69005 1 668
69010 1 641
69011 1 448
69355 1 1142
69366 1 335
69376 2 1668
69379 1 2152
69455 1 942
69530 1 3436
69708 9 1216
69714 5 2593
69716 1 7169
69851 1 2303
69889 1 1917
69893 1 1325
69913 3 7379
69914 3 7296
69946 5 282
69960 1 2050
69961 1 671
69970 1 1405
70058 1 738
70060 15 540
70076 24 833
70085 1 979
70086 1 599
70087 1 573
70089 6 760
70091 1 678
70098 23 1411
70100 21 600
70103 11 675
70106 37 1951
70108 3 674
70109 1 676
70116 22 776
70118 1 820
70119 1 819
70121 1 696
70122 39 2055
70123 1 1483
70125 5 579
70238 1 1571
70249 1 743
70259 9 1430
70276 2 1117
70277 4 1393
70279 2 12383
70302 1 1840
70303 1 1436
70306 3 646
70323 1 1142
70352 1 241
70358 1 542
70375 1 1033
70417 1 765
70425 1 612
70430 2 1501
70456 1 954
70595 1 2506
70718 1 53
70929 2 6834
70958 1 1036
70960 1 2677
70967 2 494
70975 2 285
71022 1 2146
71043 1 4249
71131 1 5992
71227 2 929
71228 1 1404
71268 2 1811
71299 1 1364
71303 2 1741
71304 2 1377
71306 5 1543
71315 1 6723
71328 1 679
71330 1 1097
71374 1 1324
71384 2 2877
71385 2 2877
71386 2 2880
71419 1 2738
71424 1 1049
71426 1 317
71507 1 1967
71523 24 1243
71546 1 662
71548 2 2973
71597 2 849
71598 4 797
71627 2 663
71638 1 398
71701 3 1266
71721 1 911
71856 1 1198
71892 1 1268
71914 1 86
71936 1 1197
72027 3 375
72030 1 582
72037 2 1055
72048 1 5014
72060 4 791
72068 2 8137
72081 1 3204
72096 4 1559
72104 2 1103
72105 2 930
72106 2 1024
72120 1 1437
72121 1 1320
72197 5 1837
72266 1 916
72284 1 6759
72293 2 1975
72294 1 1227
72304 1 2094
72376 39 1507
72377 44 1912
72382 8 4049
72389 1 595
72390 1 1313
72422 1 4394
72521 1 6698
72553 1 1561
72558 1 612
72586 2 700
72587 2 858
72590 1 2848
72591 1 2016
72618 1 5500
72621 1 656
72630 1 479
72652 1 157
72663 3 1320
72686 2 648
72734 3 2436
72749 1 497
72755 4 605
72768 1 894
72775 2 2072
72815 1 1450
72847 1 721
72851 5 889
72868 3 1891
72873 4 3122
72879 5 7089
72895 1 1688
72899 4 20275
72912 1 1794
72920 2 5462
72921 1 2994
72929 4 3019
72938 2 10696
72954 1 1348
72955 1 1468
72956 1 1194
73016 1 1141
73018 2 2302
73019 2 1972
73020 1 968
73047 1 694
73082 1 819
73088 1 4779
73109 4 1129
73113 1 1107
73187 1 1091
73193 1 1571
73207 1 1418
73252 1 2017
73253 1 2048
73264 1 496
73276 3 7711
73296 17 909
73318 1 315
73328 2 664
73408 1 1378
73446 1 989
73447 1 1087
73459 1 499
73484 3 741
73485 23 650
73491 1 1490
73492 3 640
73524 23 808
73531 1 607
73535 1 1850
73538 1 926
73539 1 555
73540 1 1496
73542 1 743
73543 2 640
73550 11 1022
73591 1 2230
73673 1 672
73730 1 2237
73741 1 796
73849 1 512
73858 2 2247
73897 1 509
73930 2 1679
73931 2 2768
73935 4 1293
73956 1 2798
73961 1 2232
73992 1 3335
73996 4 7920
73997 3 10376
73998 8 2339
74039 1 393
74040 1 732
74067 1 6352
74120 2 2512
74127 19 641
74164 1 274
74198 1 1315
74203 2 11999
74257 4 576
74259 1 218
74283 1 1036
74284 1 1107
74299 1 375
74398 8 1396
74430 1 1251
74449 1 1802
74601 2 1123
74613 2 1209
74634 1 1283
74645 1 6253
74677 8 1481
74733 1 419
74786 1 879
74810 20 480
74813 1 5631
74822 3 5130
74873 1 4014
74932 1 1237
74933 1 1532
75046 2 2104
75090 1 927
75115 1 763
75116 2 890
75118 1 806
75120 1 748
75121 1 800
75128 1 1475
75162 1 2594
75169 1 9895
75261 2 603
75322 3 826
75328 1 3938
75488 1 248
75530 1 2216
75531 1 1582
75532 2 2113
75534 4 9607
75535 2 527
75547 3 972
75548 1 953
75556 1 1021
75557 1 893
75559 18 913
75574 1 1756
75581 1 207
75660 4 592
75668 2 724
75669 1 724
75672 3 587
75678 1 766
75680 2 648
75686 11 1598
75687 32 837
75690 1 894
75694 34 733
75695 30 1528
75757 14 1343
75758 1 1348
75760 2 956
75765 2 1306
75920 1 4335
75961 1 1828
75969 2 5873
76010 1 698
76034 1 1048
76082 5 1055
76138 1 3341
76141 1 326
76158 1 3909
76159 1 4003
76160 1 6409
76198 2 587
76234 1 1291
76252 1 2304
76269 1 3998
76357 5 2792
76388 1 334
76408 2 4367
76436 1 1234
76471 1 824
76491 1 1557
76508 1 2897
76529 1 10440
76531 2 1613
76535 1 720
76592 1 1400
76597 1 565
76598 2 627
76614 1 164
76673 1 1000
76679 20 697
76692 1 810
76722 1 2126
76735 1 1120
76744 1 887
76745 3 1068
76755 1 5294
76756 1 4633
76780 1 5196
76798 2 906
76800 1 677
76881 1 2393
76942 2 367
76949 14 363
76969 1 523
76974 1 503
76977 1 321
77018 1 437
77019 1 882
77022 1 685
77023 2 2768
77040 2 504
77041 2 499
77055 2 1676
77067 3 1551
77068 7 2025
77085 2 2310
77088 4 4377
77096 2 1129
77103 1 1287
77110 2 1799
77124 2 3644
77131 4 1057
77136 4 3236
77192 1 838
77203 1 4646
77204 1 4647
77208 2 4089
77209 2 4122
77210 2 4271
77211 2 3451
77212 2 3474
77215 1 1900
77217 1 925
77218 1 916
77219 1 933
77225 1 2945
77363 4 1245
77364 48 1225
77378 2 1421
77393 1 790
77553 1 3529
77608 3 829
77610 2 2465
77639 1 610
77670 2 867
77807 2 5880
77813 2 359
77874 1 3196
77875 1 3223
77876 1 3309
77878 3 3028
77943 1 1110
77948 2 3393
77954 1 4740
78022 2 624
78069 4 1230
78085 1 904
78117 1 1978
