scrapbook scrapbook 782 65215343 
335 1 447
541 1 2599
556 1 3813
780 1 643
1160 1 1620
1161 1 249
1179 7 1708
1370 2 728
1375 2 1253
1377 2 1131
1379 2 1071
1380 2 826
1381 2 950
1383 2 1380
1391 1 932
1516 1 2384
1551 1 1402
1632 2 1365
1663 1 889
2423 1 726
2427 2 1375
2562 4 2880
2563 6 1141
2981 1 1712
3107 2 3008
3108 1 2991
3204 9 1395
3447 2 2791
3606 1 924
3607 1 763
3730 1 1241
3818 2 1349
3822 2 1594
3823 2 1623
3827 6 326
3842 3 1285
4529 1 487
4704 1 1493
4733 3 318
5855 3 1038
6011 2 3214
6048 15 4019
6621 1 356
6622 3 1147
6990 1 218
7150 2 742
7154 2 2089
7155 2 1071
7159 2 3906
7160 2 1661
7162 2 1574
7164 2 1104
7165 2 1623
7169 2 1071
7415 1 2592
7498 2 2754
7545 1 604
7818 2 418
8186 1 671
8488 1 1443
8678 1 161
9682 2 3853
9687 2 476
9691 2 1887
9692 2 4792
9693 2 1467
9695 2 2000
9697 2 1369
9698 6 2152
9735 1 1420
9736 1 1415
9737 1 1320
9830 1 1997
9831 1 1501
9832 1 2376
10327 2 839
11866 3 1990
12211 1 4041
12260 1 746
12371 1 812
12372 1 829
12529 1 750
12677 2 1410
12679 2 428
12682 2 1296
12683 4 1594
12749 1 846
12756 2 990
12814 1 46677
13178 2 2291
13181 2 1602
13182 2 1091
13296 1 633
13384 1 294
13411 1 2036
13480 1 2096
13548 2 6866
14136 4 1858
15591 1 664
15944 1 2753
16022 1 1155
17061 2 3094
17175 1 502
17419 1 1979
17458 1 10296
17814 3 707
18054 1 2177
18314 1 316
18696 1 1646
18706 1 478
18873 1 552
18893 1 852
18894 1 780
19089 1 440
19136 3 2416
19139 2 1528
19141 2 1079
19142 5 1574
19144 2 2063
19148 2 3277
19152 2 1335
19153 2 3019
19155 2 2244
19157 2 3514
19158 2 1770
19160 2 1067
19165 2 1782
19391 1 3144
19546 2 2366
19628 1 1346
19629 1 923
19842 1 2475
20192 2 1513
20740 1 931
20794 1 970
20797 2 650
20919 1 752
21232 2 4261
21234 2 3393
21236 2 1372
21238 2 742
21241 2 4794
21649 1 2333
21668 1 1337
21669 1 1370
22063 2 1399
23018 1 197
23135 1 616
23411 2 2833
23589 6 741
23685 21 1613
23697 2 5047
23900 1 937
23903 1 1291
23970 1 297
24102 1 481
24242 1 831
24251 7 1677
24379 2 1455
24383 2 1705
25030 7 381
25479 1 3085
25559 1 256
25959 2 731
26147 1 924
26214 1 968
26386 1 2024
26389 2 1133
26391 2 1837
26672 24 1234
26780 1 1264
27029 3 443
27417 2 1328
27425 1 2871
27430 2 1623
28047 1 907
28566 1 474
29328 1 2531
29879 1 853
30113 1 537
30391 9 5079
30527 1 303
30535 4 976
31688 1 2740
31731 1 3982
32327 1 1141
32391 1 365
32746 1 2142
32755 1 590
33122 1 1115
33255 1 946
33272 1 1656
33567 2 349
33776 1 871
33966 2 1577
33967 2 1014
33984 1 1595
34298 1 6813
34397 1 1067
34438 1 1066
35038 1 749
35361 1 451
35387 4 4967
35550 1 809
35750 2 1877
35774 2 3657
36591 2 766
36798 1 823
36858 1 370
36875 1 951
36879 4 295
36896 1 659
36913 1 3173
37006 1 421
37085 2 1687
37601 2 1897
37868 1 377
38623 1 1018
38624 1 210
38642 7 1372
38808 2 2666
38812 2 2023
38814 2 1811
38815 2 1731
38818 2 1553
38819 2 1509
38820 2 2102
39088 1 252
39090 2 1090
39251 2 2258
39531 1 408
39543 1 476
39713 1 849
39786 6 682
40182 1 924
40430 1 1721
40451 3 1598
40453 2 950
40508 1 461
40547 1 1707
40657 1 850
40781 3 1183
40782 3 731
41072 2 1072
41088 2 1045
41159 1 816
41726 2 2949
41836 1 829
41859 1 860
42019 1 6660
42044 2 630
42075 3 1237
42223 1 954
42769 1 8334
42846 1 1285
42963 1 729
43640 1 634
43675 1 685
43823 2 1325
43838 1 5071
43844 1 2408
44320 3 151
45255 2 323
45265 1 747
45266 1 754
45391 1 485
45611 1 1534
45996 1 1166
46126 1 1522
46146 2 874
46157 2 1078
46687 1 1479
47447 1 3095
47648 14 683
47844 1 545
47848 1 2980
47854 5 88
48169 2 335
48379 4 6270
48471 3 2563
49231 1 1134
49402 1 930
50293 2 2189
50369 1 1117
50796 1 1698
50975 1 604
51067 3 833
51173 1 1055
51710 1 699
51770 1 320
51839 1 9735
51846 1 1126
52010 2 1541
53023 1 6088
53100 1 928
53163 1 822
53273 2 2039
53430 6 48057
53513 1 936
53514 2 935
53515 1 1570
53932 5 2291
54144 3 2965
54469 1 1075
55005 1 223
55440 1 1255
55529 2 309
56273 1 2200
56605 6 433
56676 1 1161
56698 7 1186
56994 1 966
57216 1 921
57418 1 806
57521 2 286
58232 1 1144
58855 1 646
59299 1 485
59925 1 3361
60152 3 7811
60382 1 1238
60421 1 2492
60448 1 1453
60741 1 3011
61050 1 330
61129 1 689
61449 2 1279
61451 2 2083
61676 2 1974
61695 1 1456
62004 1 2886
62472 1 837
62844 2 1986
62851 1 1797
63136 2 262
63693 1 792
63709 2 2193
63767 1 938
64090 1 622
64558 1 314
64886 3 727
64894 1 501
65467 1 551
66679 1 849
66854 2 1344
66855 2 1150
66858 2 489
66859 2 1547
67004 1 710
67409 1 5448
67494 1 779
67515 1 664
67642 1 813
67643 1 940
67644 1 847
67756 1 5291
67887 1 5056
68192 1 2334
68775 1 1181
69317 1 752
69392 1 416
70025 1 463
70411 1 773
70429 1 856
70614 2 1247
70615 2 2303
70617 2 1283
70631 1 5041
70841 1 8361
71626 1 768
71634 2 2564
71690 3 470
71814 1 413
71831 3 845
72137 1 900
72143 1 575
72422 2 4394
72426 2 2227
72987 1 428
73117 1 1006
73209 1 239
73423 1 511
73510 11 612
73651 1 334
73655 1 1423
73656 1 1671
73657 1 1439
73658 1 906
73756 1 962
74154 1 798
74155 1 848
74416 2 1198
74419 2 1583
74436 1 5029
74448 1 1084
74931 1 2115
75090 1 927
75228 4 535
75836 1 992
75868 3 67
76096 1 886
76177 1 883
76250 2 586
76398 1 487
76489 1 1295
76719 1 1182
76720 1 705
76851 1 1663
76910 6 881
77356 2 608
77441 1 360
77760 1 1117
77834 1 3498
