diagnost diagnost 481 65215343 
258 8 56657
504 1 11283
672 1 2537
690 2 3348
955 2 861
1038 1 6757
1570 2 1617
1900 1 649
2050 1 2719
2073 1 1294
2697 1 1348
2716 1 4798
3014 1 1125
3281 1 3667
3376 1 1139
3383 1 10722
3414 1 807
3765 1 720
5408 1 129
6077 1 2190
6088 1 1753
6303 2 2969
6579 1 4887
6587 2 2605
6644 1 1635
6945 8 3654
7054 1 1061
7055 1 2879
7665 1 371
7975 1 2578
8890 1 5449
9005 6 45220
9006 4 34059
9189 1 3116
9266 1 552
9316 2 4281
9398 6 1078
9512 2 2693
9513 2 2653
10018 1 1420
10271 2 930
10808 2 6608
10978 1 1405
11202 2 3466
11259 1 1202
11507 2 3105
11508 2 2406
11569 2 6434
12182 3 2585
12332 1 1098
12814 1 46677
13419 4 1910
13454 4 1084
14719 1 769
14992 1 500
15762 1 2141
16020 1 1631
16183 1 2917
16297 3 1746
16482 1 1003
17058 1 1516
17102 1 1387
17122 1 9203
17129 2 3146
17144 4 1165
17651 1 3602
17670 1 5050
17672 1 4557
17758 1 28986
18128 1 1604
18276 1 1341
18429 1 2153
18744 1 775
18867 2 948
19390 2 3260
19681 13 10198
20022 1 985
20663 5 2969
21061 1 2416
21143 1 857
21209 1 839
21266 3 4449
21424 1 839
21637 1 10855
21844 1 1026
22026 1 1430
22027 1 1931
22137 1 4439
22138 1 4091
23016 1 626
23046 2 820
23146 1 825
23431 1 2002
24169 1 2066
24876 1 2039
25121 1 1670
25425 1 642
25550 2 770
25736 2 2577
27160 2 828
27333 1 185
27425 1 2871
29518 2 814
29555 1 1529
29648 1 8110
29884 1 3052
29914 2 2420
29955 1 960
30167 4 1260
31559 2 402
31736 1 1926
31799 1 1487
32345 1 1361
32364 1 538
32662 2 2165
32663 2 3914
32751 1 1482
32869 1 784
33079 2 3096
33150 2 2622
33563 2 339
33865 1 4323
34071 1 29
34922 7 900
34963 1 754
35069 1 3840
35375 3 677
35833 1 1394
36083 3 1627
36421 2 675
36512 1 596
36575 2 603
36685 1 3543
36912 1 1844
37223 1 1759
37422 4 917
37523 2 1077
37587 2 2098
38387 1 339
38944 2 3052
38945 2 1483
39647 2 872
39806 1 1057
39978 2 30166
40138 1 1151
40447 3 3358
40816 1 1398
41048 1 1925
41129 1 589
41191 2 2001
42511 1 1464
42911 1 1221
42949 1 2799
42968 2 2559
42969 2 2363
43278 1 600
43444 1 2757
43643 1 384
44187 4 1048
44550 1 481
44806 1 2433
45251 1 2817
45273 2 2683
45278 2 992
45281 2 1018
45466 1 564
45698 1 1045
45822 1 1426
45824 2 2571
46076 1 1687
46412 1 849
46646 1 1436
46801 1 577
46921 1 854
47281 2 603
47474 1 5150
47617 1 737
47756 2 3021
47932 1 658
47933 1 660
48916 1 2862
49175 1 9938
49301 1 835
49390 2 2010
49391 2 2970
49392 2 4953
49521 1 1279
49580 1 315
49581 1 420
49683 1 761
49860 2 2471
50123 1 1225
50124 1 1198
50207 2 2916
50529 2 4267
51021 1 772
51147 1 3111
51404 2 2165
51565 1 1885
52421 3 1746
52561 1 52057
52732 1 2006
52981 1 842
53339 1 837
53931 1 1369
54488 2 1158
54550 3 2204
54566 2 8702
54622 1 448
55045 1 1195
55063 1 17333
55317 1 1034
55445 1 505
55544 2 2066
55545 2 3187
56199 5 1698
56569 2 660
56881 1 4650
58247 1 19391
58467 1 4185
58837 1 3342
58965 1 5140
59176 1 261
59254 2 776
59358 1 836
59511 2 1631
59586 1 1152
59956 1 436
60010 1 767
60012 1 394
60066 1 4785
60505 1 2933
60912 1 259
61043 1 4069
61609 4 1119
61651 1 3956
61668 1 11710
61845 9 3591
61857 1 1621
61890 1 2025
62034 1 3365
62563 2 1007
62634 1 479
62690 1 1289
62852 6 1986
63211 2 1886
63212 2 2663
63309 1 4077
63382 1 408
63863 2 618
64303 1 816
64453 1 10145
64559 1 4363
64606 1 583
64901 4 128
65559 1 419
65576 1 4667
65684 2 17249
66013 1 2760
66058 1 983
66226 2 1366
66994 1 2517
67029 1 2546
67042 1 1358
67289 1 1131
67318 1 1620
67519 2 10460
67548 1 2750
68702 1 1708
69920 2 2823
69925 2 986
70231 2 2953
70238 1 1571
70279 1 12383
71596 1 1056
71721 1 911
72406 1 548
72407 1 589
72498 1 11873
72733 1 1843
72827 1 7031
73286 2 2501
73287 2 2713
73371 1 354
74507 1 688
74605 1 6001
74679 1 1229
74746 1 5004
74783 1 1421
75137 2 628
75251 1 865
75494 1 500
75554 2 2902
75897 1 1047
75969 2 5873
76449 1 6086
76462 1 285
77110 1 1799
77185 1 1959
78121 1 3206
