jaw jaw 444 65215343 
120 1 4128
147 1 3893
245 8 1101
375 1 10166
436 1 918
474 1 3627
599 1 1086
1159 1 1368
1634 1 30082
1767 1 13095
2021 1 2089
2147 2 946
2274 1 1188
2504 1 5375
2703 1 527
2963 1 3763
3057 2 865
3425 1 27
3833 1 1551
4345 1 754
4626 3 2742
4642 1 1398
4734 1 3115
5083 1 2915
5255 2 1668
5499 1 44062
5531 2 1561
5587 2 2202
6080 1 648
6151 4 6692
6540 1 2261
6969 1 1724
7287 1 4774
7536 2 1263
7935 1 796
8640 1 823
9204 1 3049
9398 3 1078
9498 1 662
10052 1 1469
10308 1 1840
10412 1 778
10808 1 6608
10949 1 4327
10969 1 194
11202 1 3466
11371 1 1485
11420 1 965
11603 1 1444
11993 1 1874
12379 12 663
12465 1 1108
12783 1 4316
12786 2 7289
12814 1 46677
13189 1 1276
13261 1 2305
13518 6 16194
13535 1 2364
13628 1 1090
13657 1 1124
13658 1 1095
13827 1 729
14080 1 51830
14457 1 891
14746 1 1733
15277 1 1372
15667 1 354
16051 1 931
16593 1 1551
16676 1 1021
16844 1 2540
17385 20 3998
17598 1 1092
17629 4 496
17758 1 28986
17783 1 1634
17921 1 1455
18222 1 1840
18438 1 452
18578 1 442
18637 1 1065
18654 1 15696
19004 1 7776
19105 1 1245
19651 1 2122
19824 1 605
19841 2 935
20016 2 3043
21153 1 698
21388 1 377
21468 1 1468
21504 1 2429
21633 1 904
21852 2 6758
22923 1 2900
23283 1 4182
23600 1 912
23900 1 937
24212 1 4006
24309 1 1144
24460 1 1835
24521 1 1321
24616 1 6643
24838 1 1751
25054 1 1376
25475 1 3015
25656 2 4885
25732 1 939
26082 1 1566
26900 1 711
26939 1 763
27812 1 3494
28419 1 3437
28491 6 4917
29362 1 557
29519 3 8686
29859 1 850
30128 1 1329
30781 1 995
30830 1 1174
31236 1 1725
31487 1 1278
31518 2 5634
31546 1 3809
31766 1 532
31949 3 6125
32471 1 2840
32694 1 2647
32752 2 2880
32959 1 546
32996 1 693
33107 7 1135
33162 1 1081
33328 1 3420
33334 1 2979
33645 1 1102
33708 1 1605
33754 1 661
33924 2 11847
34197 5 2057
34201 1 2057
34460 1 1553
34619 1 2069
34960 1 2476
34977 1 1179
35047 1 1718
35340 4 4545
35603 3 790
35790 1 1499
37177 1 10680
37284 1 2087
37441 2 2218
38125 1 482
38344 1 1209
38541 1 691
38916 1 6621
38942 1 3171
39016 1 1041
39085 1 4795
39270 1 2484
39465 1 984
39690 1 2140
39693 1 994
40099 1 1540
40292 1 1359
40438 1 4462
40580 2 1410
40899 1 5270
41088 2 1045
41233 1 1484
41824 4 848
41947 1 2133
42763 1 6680
42835 2 2837
43073 1 382
43092 2 1330
43432 1 919
43526 2 1427
43547 1 1029
43637 1 1684
43804 1 3750
43953 1 1000
44698 1 2666
44781 1 494
44792 1 3157
45297 1 185
45906 2 1209
46034 1 865
46105 1 945
46388 1 81863
46527 1 830
46663 1 1197
46911 1 1569
46942 1 1392
47199 1 3686
47307 1 900
47356 1 1695
47360 1 1310
47496 1 2373
47652 1 2313
47848 1 2980
48205 3 3456
48206 5 1787
48342 2 1350
48599 1 2082
48783 1 1440
49068 1 663
49130 2 2701
49148 1 1740
49459 1 3328
49575 1 1035
49931 1 2794
50209 1 1735
50341 2 968
50485 1 3231
50567 1 193
50766 1 1255
52318 1 1092
52345 1 3783
52449 1 3942
52732 1 2006
53430 2 48057
53487 1 1821
53664 9 2300
54355 1 10248
54368 4 1871
54391 1 1246
55023 1 570
55607 1 9422
56032 1 668
56521 1 5019
57218 1 560
57344 1 584
57904 1 1443
58243 1 1796
59597 1 1676
59598 1 1721
59712 4 4670
60103 2 1494
60118 1 1897
60200 1 1255
60541 1 1488
60780 1 430
60846 1 1322
61043 2 4069
61939 1 10305
62463 1 1381
63309 2 4077
63590 1 1793
64407 1 1172
64909 1 499
65112 1 345
65978 1 3467
66013 2 2760
66088 2 1445
68369 1 11195
68761 1 567
68812 1 10319
68932 2 1876
69315 1 587
69973 1 835
70576 1 2157
70931 1 1021
71050 1 3333
71078 1 9605
71257 1 2362
71674 2 174
71705 1 10258
71961 1 1227
72412 1 14176
72495 1 356
72515 4 924
72609 1 1961
72958 1 2627
73182 1 1485
73423 10 511
73644 1 2945
73676 1 2052
74368 1 3668
74591 1 3810
74601 1 1123
74609 1 3663
74776 1 3788
74877 1 3262
75207 1 2937
75209 1 2934
76236 1 1049
76246 1 6517
76722 4 2126
77136 1 3236
77161 1 812
77180 1 5716
77455 1 458
77666 1 949
77769 1 555
77840 1 1022
77909 1 663
