gb gb 1856 65215343 
4 2 930
6 5 808
52 6 1874
131 3 14882
132 8 13051
384 2 1662
497 1 469
549 2 1000
625 1 5869
683 2 928
690 5 3348
769 2 1279
782 7 2324
783 4 2303
861 1 1211
871 1 568
916 16 699
1323 12 931
1369 1 676
1413 1 55
1579 1 448
1687 2 188
1690 1 154
1756 1 1307
1771 1 571
1773 2 342
1882 3 2462
1973 4 16948
2042 1 934
2140 1 593
2177 1 2668
2178 1 806
2217 1 1762
2272 1 2226
2346 2 690
2347 3 629
2360 1 485
2482 1 1146
2637 2 995
2641 3 567
2652 1 1080
2669 2 925
2684 45 1310
2776 1 1576
3045 2 640
3288 7 685
3338 4 1856
3339 1 509
3340 1 1137
3550 1 396
3767 1 1085
3774 7 1134
3967 2 192
4044 2 1940
4045 1 1533
4075 1 2561
4259 8 917
4342 1 1391
4398 1 18
4430 1 1152
4431 1 1407
4443 1 683
4463 1 4320
4582 8 1235
4587 1 2393
4781 2 188
4789 1 94
4802 1 845
4808 1 495
4818 1 284
4825 1 760
4886 1 1349
5079 2 647
5094 1 1242
5164 2 351
5246 1 1448
5417 1 2788
5455 1 15074
5463 3 882
5495 2 633
6070 1 1556
6587 5 2605
6606 1 760
7019 1 285
7541 2 1707
7580 1 9484
7704 3 3369
7723 1 4731
7724 1 1797
7747 2 1937
7748 2 1936
7749 2 1937
7750 2 1937
7937 1 1347
7966 1 2772
7987 1 1204
8146 1 1848
8167 1 1117
8237 1 726
8255 1 351
8270 9 1577
8332 1 1567
8382 1 19553
8395 1 1291
8408 1 5505
8447 2 2081
8559 1 4026
8900 2 1780
8925 2 4785
9016 3 1181
9017 1 522
9393 1 1260
9512 5 2693
9513 7 2653
9587 2 1796
9604 4 2143
9605 4 2284
9733 2 555
9825 1 2926
9981 1 1819
9982 1 1822
10022 1 3292
10056 1 16686
10331 2 673
10542 2 3137
10935 2 1225
10963 1 54
10998 6 1691
11006 1 1026
11013 1 382
11014 4 709
11137 5 713
11138 3 606
11445 7 1070
11489 2 635
11507 5 3105
11508 5 2406
11533 1 512
11536 16 593
11569 3 6434
11583 1 90
11611 1 54
11685 2 1102
11886 1 791
12236 1 1669
12297 3 2001
12310 1 281
12311 7 2392
12366 14 2385
12613 13 1454
12614 8 458
12747 1 3912
12762 4 5406
12840 7 191
12984 1 307
13149 4 2234
13209 4 164
13508 2 6492
13684 1 12301
13857 1 1902
13858 1 591
14033 3 955
14034 3 2239
14105 14 9306
14423 2 747
14619 1 1446
14639 1 710
14654 1 1157
14658 1 3354
14696 1 473
14773 1 4394
14776 1 1585
14795 1 2968
14825 1 398
14987 1 773
14992 1 500
15029 1 2103
15113 1 730
15127 1 1201
15556 1 1110
15753 1 427
15874 4 673
15931 1 54
15980 4 2709
16036 1 684
16129 2 600
16132 12 1579
16276 1 3744
16395 4 1895
16789 2 877
17089 1 3402
17191 2 710
17323 2 1419
18312 1 1509
18415 1 5822
18421 2 160
18432 1 1466
18592 1 1762
18977 1 1536
19438 2 175
19460 4 193
19474 2 149
19574 6 643
19611 1 595
19716 1 478
19775 1 1472
19835 1 1651
19840 1 890
19939 1 813
20017 1 5287
20139 1 1612
20240 1 910
20434 1 2324
20610 1 577
20856 7 1576
20857 1 666
20985 1 1356
21140 13 880
21141 4 700
21222 1 483
21241 1 4794
21439 2 201
21440 2 193
21441 2 213
21446 2 153
21583 1 783
21726 1 514
21767 11 6211
21788 1 309
21895 2 797
21898 1 1312
21899 1 1045
21936 1 564
21944 4 1690
21983 1 8628
22906 1 6036
23005 1 54
23150 1 753
23226 4 717
23441 2 1238
23654 1 744
23693 1 664
23741 1 633
23782 1 1258
24167 1 1722
24431 1 1396
24791 1 2527
24862 1 18
25119 1 103
25130 7 675
25248 1 1068
25266 2 937
25410 1 764
25720 1 2037
25726 1 775
25736 8 2577
25804 4 2275
25972 2 1249
26133 1 2156
26142 4 267
26159 3 636
26668 1 3364
26801 1 15
27044 1 603
27389 2 511
27609 5 974
27691 1 1205
27704 1 1010
27762 1 15
27774 3 2355
27814 1 697
27822 1 17
27824 1 2281
28049 1 338
28234 3 1181
28308 1 709
28421 1 891
28430 1 2319
28454 1 5320
28574 1 142
28837 1 499
29004 2 285
29011 3 2920
29031 1 1192
29134 1 1030
29164 1 588
29452 1 581
29503 1 865
29899 1 815
29914 5 2420
29932 2 1003
29942 1 894
30028 1 54
30172 2 834
30297 6 1169
30311 5 1862
30344 1 1892
30622 1 2448
30764 1 533
31051 1 1618
31094 7 7803
31095 1 1243
31252 1 521
31570 1 508
31678 2 695
31717 1 6445
31913 1 1930
32042 1 828
32499 1 1344
32633 1 767
32662 9 2165
32663 5 3914
32695 1 1641
32704 1 2103
32824 1 2602
32898 1 1475
33082 1 997
33305 1 773
33333 4 6676
33423 1 1474
33426 5 641
33461 2 1567
33590 1 3769
33825 1 1053
33847 2 7078
33859 1 7228
33862 1 998
34354 1 2232
34399 1 738
34440 4 2290
34522 1 17
34683 2 1171
34684 1 1140
34814 1 261
34883 3 1692
35344 1 1355
35362 2 286
35499 1 397
35534 1 2007
35847 2 965
36147 2 528
36165 3 580
36246 1 2302
36306 1 2219
36345 1 798
36498 2 8241
36565 1 835
36591 1 766
36621 15 857
36682 1 2478
36700 2 228
36845 2 354
36862 5 547
36943 1 2403
37086 1 615
37307 2 1003
37357 1 917
37372 1 888
37396 4 431
37482 1 1150
37493 1 325
37546 1 2709
37566 1 1800
37661 1 5314
37662 1 2053
37833 1 916
37948 1 900
37960 1 158
38051 1 1733
38137 1 1766
38243 4 1851
38279 5 2423
38328 1 776
38330 4 672
38801 1 682
38938 1 2006
39078 1 336
39090 1 1090
39099 1 926
39278 1 5705
39279 1 5440
39301 1 12335
39481 1 1302
39492 1 2059
39808 1 1316
39847 4 219
40049 1 1679
40339 1 739
40441 1 702
40486 1 52
40508 4 461
40765 8 460
40810 5 741
40936 2 3129
40956 2 530
40979 1 841
41191 7 2001
41206 6 974
41260 1 54
41452 1 683
41539 2 1301
41541 1 1241
41816 1 262
41869 1 396
42043 1 207
42161 1 9423
42512 1 1226
42537 1 504
42640 1 12636
42748 1 271
42968 5 2559
42969 5 2363
42989 4 1055
43054 1 54
43342 1 959
43747 1 7125
43784 10 1234
43796 5 5679
43833 5 1028
43970 6 808
43981 2 155
44081 2 4117
44143 1 3570
44213 1 886
44391 1 1590
44423 1 2828
44458 1 718
44487 1 1650
44710 1 381
44885 3 2410
44961 1 1596
45234 1 1222
45273 5 2683
45294 2 1026
45318 3 1155
45320 3 1520
45388 4 1745
45434 2 501
45705 3 500
45938 8 1759
46155 1 263
46435 1 1078
46576 1 1473
46762 1 774
46872 1 145
46961 1 1408
47166 1 1017
47287 2 1282
47290 2 376
47607 1 436
47647 3 5076
47659 1 3727
47713 1 24
47748 5 6961
47756 7 3021
47779 2 764
47827 1 54
47843 1 1288
48299 1 3767
48512 1 1124
48575 2 449
48704 1 806
48774 14 1091
49091 5 2149
49371 1 753
49390 5 2010
49391 5 2970
49392 3 4953
49403 1 850
49428 1 272
49500 1 54
49715 1 599
49804 1 2520
49818 1 297
49827 1 721
49870 1 1382
49871 1 763
50178 4 576
50320 6 1262
50344 1 2334
50355 1 3677
50476 5 10882
50515 2 3053
50519 3 1368
50521 3 2941
50522 3 757
50608 2 1255
50755 2 3965
50936 2 3155
51049 2 2306
51113 1 1849
51404 5 2165
51472 1 826
51545 1 10771
51571 1 1053
51808 4 414
52122 2 184
52224 2 218
52227 2 801
52366 3 1215
52386 1 3359
52484 1 5765
52522 1 5557
52561 1 52057
52813 1 911
53067 1 233
53099 1 3241
53242 1 4792
53363 1 1193
53508 2 1704
53763 1 423
53845 1 2571
53849 1 1071
54047 1 130
54148 1 4159
54157 1 5381
54224 1 579
54283 3 748
54297 3 387
54326 3 3836
54468 3 516
54484 3 1680
54489 2 878
54509 3 3235
54634 1 126
54888 1 1182
54893 7 3377
54968 4 481
55063 3 17333
55076 3 2410
55077 3 2410
55522 2 164
55544 7 2066
55545 5 3187
55567 6 952
55609 2 1155
55611 2 1071
55625 2 303
55628 1 2339
55672 1 1335
55695 1 462
55753 10 4189
56041 2 683
56042 1 1034
56204 1 1621
56223 2 5116
56274 2 2124
56391 7 736
56409 3 1089
56652 5 5800
56715 1 1225
56857 3 2166
56858 3 2421
56872 3 1066
56983 1 230
57205 2 57
57357 1 1387
57372 2 2559
57375 1 432
57882 2 1245
57890 1 2563
57893 1 876
57894 1 1008
57969 2 378
58108 1 97
58320 5 2273
58380 1 2008
58406 3 412
58434 3 1166
58748 1 1214
58829 2 721
59224 1 872
59436 2 608
59462 1 1879
59528 1 1202
59627 1 4734
59630 1 5288
59631 2 2500
59689 1 2525
60050 4 1274
60082 1 1247
60104 4 734
60671 2 3451
60743 3 5093
60970 36 652
61030 1 54
61095 2 1306
61576 2 184
61597 1 178
61660 3 1219
61661 1 1674
61667 1 1003
61741 1 1274
61805 1 1227
61806 1 592
61855 1 988
61856 1 2579
61857 1 1621
61937 1 111
62262 2 838
62389 1 1286
62522 1 1976
62573 1 1569
63194 3 559
63211 6 1886
63212 6 2663
63342 1 1326
63343 3 1651
63351 1 149
63611 1 507
63648 2 7209
63734 1 765
64023 1 1042
64419 13 3930
64620 1 37
65390 1 445
65531 1 1854
65609 2 667
65674 1 660
65711 1 1186
66222 1 348
66264 1 54
66343 4 558
66367 1 1530
66399 2 697
66433 2 622
66563 1 3128
66717 23 632
66756 2 394
66757 4 747
66777 1 2447
66935 4 2042
66950 1 10294
67029 3 2546
67099 1 989
67355 1 6043
67901 2 756
68015 1 6966
68108 2 1275
68147 1 440
68156 1 468
68216 1 214
68260 1 1973
68263 89 5972
68283 6 875
68330 1 8380
68341 2 166
68342 1 1263
68348 1 2811
68629 1 435
68646 4 1168
69047 1 550
69498 1 1144
69532 1 2723
69547 1 5735
69710 2 5755
69717 1 4915
69870 1 5850
69920 6 2823
69941 2 1020
69972 15 879
70073 1 353
70168 1 108
70223 1 2061
70226 1 1436
70297 2 5416
70887 10 607
71025 11 1448
71231 1 483
71239 2 123
71274 4 908
71282 2 1318
71344 1 805
71345 1 1079
71387 2 1937
71392 1 1762
71393 1 1762
71394 1 1762
71416 1 462
71632 4 727
71703 1 1229
71750 1 423
71762 1 1315
71789 2 4220
71800 1 811
71812 1 1041
71813 5 1515
71855 3 863
72188 2 660
72254 1 564
72347 1 1722
72440 1 1314
72760 1 729
72869 1 902
72870 1 1077
72871 1 828
72907 5 826
72920 1 5462
72922 2 1461
72946 1 1541
73089 1 890
73264 4 496
73286 5 2501
73287 5 2713
73290 1 1347
73394 1 54
73420 4 2204
73679 4 798
74015 1 835
74077 1 345
74115 1 2664
74297 1 1110
74370 10 1237
74513 1 623
74537 1 549
74625 2 184
74633 6 854
75134 1 4335
75200 2 1348
75420 1 5660
75543 1 528
75544 1 730
75554 5 2902
75643 1 1262
75821 3 814
76006 2 1171
76052 1 490
76310 3 4929
76431 1 851
76495 1 3655
76585 1 1877
76985 1 1339
77023 12 2768
77025 1 2461
77138 1 679
77139 1 7313
77140 1 1726
77159 1 2784
77449 1 1344
77450 1 5940
77954 1 4740
