thousand thousand 5586 65215343 
9 1 707
14 1 616
21 1 1980
32 1 850
63 1 349
78 2 902
79 2 1195
80 2 797
81 2 787
82 2 815
83 2 714
84 2 2015
85 2 1203
86 2 1442
87 2 854
88 2 846
89 2 1101
90 2 387
117 3 6480
217 1 1753
228 1 1439
248 1 5568
256 1 8243
258 1 56657
371 2 984
375 1 10166
399 1 1548
405 1 716
417 1 1007
429 1 3151
433 1 1676
474 1 3627
529 3 6629
533 1 1661
548 1 1997
559 1 4273
573 1 2963
578 1 970
625 2 5869
626 1 1140
669 1 252
674 1 1393
690 2 3348
707 1 625
725 2 7096
729 1 2727
733 1 1616
747 2 1037
794 1 836
825 1 574
857 1 1338
859 1 874
890 1 1543
900 1 654
906 1 1896
922 1 1765
954 3 942
965 1 2365
966 1 6046
967 1 4480
982 1 2403
1002 1 381
1007 1 1576
1086 1 1477
1106 1 1380
1138 1 803
1151 1 926
1173 2 1598
1185 1 15836
1187 1 733
1231 1 4288
1269 1 5091
1360 1 1401
1373 1 1192
1424 1 1200
1431 1 3318
1452 1 6140
1468 1 1121
1477 1 1403
1484 1 6578
1486 2 680
1528 4 1875
1551 1 1402
1565 1 2063
1570 1 1617
1593 1 2577
1630 3 2072
1657 2 2153
1659 1 2425
1737 1 4121
1739 1 1214
1741 1 5895
1767 10 13095
1811 2 353
1830 1 1777
1861 1 5589
1891 1 474
1896 1 2074
1898 1 3856
1901 2 582
1914 1 456
1922 1 829
1925 1 629
1983 5 5638
1985 1 283
1986 1 880
1988 1 1267
2039 1 637
2074 1 1047
2080 1 8786
2091 1 648
2133 1 1238
2138 1 1384
2145 1 1693
2151 2 1771
2159 1 1594
2166 1 945
2170 1 720
2171 1 1919
2191 1 1582
2216 2 2877
2218 1 1529
2221 1 1483
2222 1 1483
2223 1 1483
2244 2 2544
2249 1 1313
2252 1 646
2257 2 2275
2272 1 2226
2344 1 1030
2365 1 720
2366 1 2774
2382 1 1655
2395 1 1045
2396 1 1417
2441 1 7506
2471 1 559
2474 1 1823
2487 2 1574
2488 1 931
2504 1 5375
2511 1 1460
2525 2 1298
2538 1 884
2544 1 406
2559 1 191
2574 1 780
2575 1 871
2593 2 942
2594 2 1063
2595 2 1834
2596 2 900
2597 2 1557
2598 2 1523
2602 1 117
2622 1 2635
2634 1 1560
2651 1 1903
2666 1 6601
2687 1 1139
2695 1 2852
2743 1 1107
2758 1 556
2806 1 459
2839 1 1144
2926 1 1956
2983 1 722
2984 1 853
3003 1 3697
3006 1 834
3049 1 788
3088 1 621
3108 1 2991
3164 1 1088
3165 1 1306
3187 3 767
3241 1 553
3249 1 10966
3267 2 3085
3271 1 2311
3281 3 3667
3296 1 1494
3317 1 1223
3322 2 6038
3372 1 940
3374 1 688
3379 1 4900
3380 1 260
3381 1 2093
3383 3 10722
3405 1 2857
3482 7 3281
3486 1 4565
3513 1 2385
3577 1 279
3579 1 4684
3588 1 622
3599 2 11096
3614 1 1689
3615 2 500
3618 2 646
3636 1 595
3639 2 3357
3668 3 8976
3705 1 1090
3706 2 6639
3712 3 1548
3713 1 222
3730 1 1241
3741 9 753
3752 1 689
3765 2 720
3790 2 5889
3832 1 7941
3847 5 27149
3892 1 846
3934 1 596
3935 1 693
3950 1 258
3953 1 3340
4000 1 6980
4068 3 8611
4069 1 3379
4075 4 2561
4076 2 4324
4086 1 1508
4133 2 1153
4142 2 3987
4144 1 2194
4170 1 3258
4172 1 4084
4189 1 1298
4197 1 1683
4204 1 3711
4211 2 6879
4214 5 612
4225 1 718
4228 1 736
4245 1 739
4251 1 2307
4287 1 903
4302 4 3335
4330 5 1163
4359 1 2427
4377 3 1760
4387 1 1182
4392 1 1464
4423 1 1170
4444 1 768
4450 1 6385
4468 1 3425
4479 1 2646
4495 1 2849
4521 1 1703
4522 3 2966
4523 1 2304
4525 2 1554
4526 1 1155
4587 1 2393
4620 2 2669
4627 1 489
4638 1 663
4667 1 3501
4696 1 885
4697 1 447
4708 1 767
4753 2 5716
4758 1 756
4782 2 6257
4822 1 1411
4823 1 1869
4906 1 8000
4907 1 8001
4908 1 8001
4912 1 7415
4915 1 4855
4916 1 4839
4917 1 4602
4918 1 2282
4919 1 2024
4934 1 2573
5141 1 1631
5152 1 981
5162 2 1191
5199 2 567
5242 1 1621
5261 2 773
5264 1 2502
5286 1 627
5294 1 481
5331 2 1325
5332 2 717
5333 2 1325
5334 2 906
5335 2 1367
5336 2 930
5337 2 957
5386 1 1742
5396 1 6921
5405 1 2643
5406 1 712
5416 1 925
5418 5 1906
5432 1 1749
5485 1 864
5501 1 476
5576 1 4592
5578 5 13045
5580 2 6581
5611 2 8061
5612 1 999
5650 1 2097
5658 1 1556
5698 1 40
5790 1 2094
5792 1 2530
5862 1 2267
5876 2 2035
5881 2 504
5932 1 2282
5938 2 5865
6014 1 3067
6015 2 3323
6029 1 1479
6037 3 949
6075 1 1285
6085 2 1538
6086 1 873
6101 3 1241
6127 1 1065
6160 1 121
6181 1 5519
6183 1 2719
6289 2 1534
6305 2 2963
6306 1 3001
6321 1 443
6329 1 3134
6336 2 3254
6356 1 1705
6364 1 7210
6461 1 1503
6539 1 646
6587 2 2605
6601 1 1223
6754 1 637
6757 2 235
6761 2 808
6947 1 1049
6967 2 837
6975 1 224
6981 1 527
6992 1 1337
7002 1 6389
7003 1 1299
7008 2 725
7040 1 1018
7053 1 1076
7087 1 306
7274 2 1168
7275 1 1286
7281 2 792
7287 1 4774
7288 1 1137
7293 1 1224
7497 1 1070
7511 1 2036
7512 1 2037
7527 1 4859
7536 1 1263
7537 2 1406
7538 1 1221
7556 1 1714
7569 1 2616
7570 1 9650
7574 1 2115
7576 1 6690
7580 4 9484
7607 2 804
7610 1 714
7673 1 4544
7679 1 564
7706 1 3286
7710 2 4326
7763 1 2469
7764 1 2460
7767 1 3013
7773 2 7884
7775 1 3220
7782 1 697
7783 1 2144
7948 1 2839
7963 1 3329
7972 1 2206
7985 1 460
8022 1 7719
8038 1 1234
8040 1 669
8048 1 1183
8062 2 2690
8089 2 20930
8093 1 20088
8133 1 1113
8139 2 4927
8152 4 6009
8157 3 687
8171 1 913
8174 1 551
8178 1 2357
8188 1 1754
8196 1 370
8231 1 1300
8251 1 3081
8277 1 1119
8290 1 1567
8293 4 3686
8297 1 12133
8301 1 2361
8308 1 971
8311 3 4367
8312 1 3567
8313 1 3754
8314 2 1237
8317 1 1157
8323 1 1446
8324 1 886
8382 1 19553
8383 1 1991
8393 1 3193
8399 1 774
8401 1 649
8402 1 8226
8433 1 371
8455 2 798
8459 1 2749
8460 1 2825
8461 1 2678
8462 3 3138
8463 2 2137
8501 1 720
8508 1 5791
8553 1 3414
8561 1 3145
8578 1 1656
8623 1 538
8650 4 9126
8702 1 2609
8727 1 90
8754 1 712
8756 1 957
8762 2 984
8763 2 1422
8764 2 387
8765 2 1159
8852 1 1447
8886 1 1109
8890 1 5449
8913 3 12589
8947 2 700
9074 1 384
9085 1 621
9124 1 950
9125 1 931
9151 1 828
9167 1 1639
9206 1 3079
9289 1 1772
9302 1 3665
9305 1 977
9331 1 984
9378 1 746
9382 4 1609
9389 1 688
9397 1 174
9419 1 1689
9422 1 1172
9426 1 1273
9430 1 2392
9431 1 3717
9442 1 1261
9446 1 6689
9466 1 2176
9469 1 656
9491 1 6177
9492 2 6158
9506 1 451
9512 2 2693
9513 2 2653
9528 1 1711
9534 1 642
9545 2 4422
9636 1 761
9637 1 1514
9642 1 794
9649 1 760
9685 2 672
9725 1 654
9726 1 890
9736 1 1415
9767 1 905
9789 1 4274
9796 1 6203
9800 1 3911
9810 1 869
9826 2 2248
9827 1 2258
9828 1 2395
9860 1 891
9864 1 1138
9866 1 1142
9885 1 2675
9886 1 3914
9890 2 885
9911 1 1621
9923 4 424
9945 1 664
9991 2 760
10011 2 677
10091 1 1323
10096 1 2420
10101 1 12486
10122 3 2093
10124 1 1117
10127 1 1014
10137 1 658
10218 1 491
10247 2 1114
10253 1 2883
10254 2 1033
10255 1 2770
10256 1 1836
10289 1 8941
10341 2 770
10351 1 743
10354 1 652
10376 1 1058
10377 1 2603
10409 2 1748
10422 3 2187
10454 1 1185
10487 1 372
10519 2 719
10591 4 7784
10624 1 1876
10652 1 3224
10656 1 3117
10665 1 3903
10735 1 271
10749 1 2979
10763 1 2030
10850 1 1482
10864 1 2401
10909 1 561
10934 1 529
10947 1 464
10949 1 4327
10967 1 765
10978 1 1405
10999 1 1962
11043 1 990
11104 1 858
11106 1 713
11132 1 1530
11200 1 1703
11202 1 3466
11225 1 914
11248 5 11766
11255 1 490
11259 1 1202
11262 2 1739
11288 1 9962
11289 1 922
11291 2 2301
11295 1 5148
11302 1 710
11362 1 2542
11365 1 1363
11378 1 6044
11385 3 563
11402 2 595
11408 1 1192
11443 1 597
11450 1 1097
11459 1 530
11465 2 2175
11466 1 2113
11467 2 3152
11507 2 3105
11508 2 2406
11557 1 2108
11569 1 6434
11678 1 815
11717 1 915
11751 4 2194
11755 2 438
11871 1 1292
11886 1 791
11890 1 963
11967 1 4440
11986 1 680
12132 2 423
12138 2 18363
12156 2 13898
12182 6 2585
12196 1 864
12204 1 993
12211 1 4041
12286 1 2100
12311 2 2392
12314 1 625
12326 1 4527
12354 1 1113
12367 5 9446
12387 1 517
12389 1 4357
12396 1 1166
12419 1 3083
12424 1 409
12430 1 1737
12458 1 3716
12501 1 927
12507 1 2373
12514 2 6560
12589 1 768
12601 2 3000
12605 1 771
12609 1 1268
12638 1 6177
12642 1 2067
12647 1 4896
12655 5 4430
12657 1 1597
12692 3 5477
12702 1 776
12740 1 1789
12745 2 972
12746 1 1213
12747 1 3912
12751 1 5083
12753 1 3395
12756 1 990
12759 1 1866
12762 1 5406
12785 1 979
12786 1 7289
12808 1 3060
12814 13 46677
12841 1 1000
12857 1 2354
12871 1 1331
12885 1 6601
12892 1 973
12957 1 1944
12988 1 399
13017 1 1307
13039 1 807
13060 1 3460
13088 1 955
13099 1 1594
13149 2 2234
13153 1 1159
13205 1 2644
13226 1 4464
13258 1 631
13266 1 1854
13268 2 2970
13284 2 504
13299 2 524
13313 1 1497
13321 1 4863
13332 1 14933
13384 1 294
13393 1 3068
13475 1 2437
13486 2 7532
13499 1 5895
13502 1 1003
13508 2 6492
13520 1 4296
13535 1 2364
13587 1 878
13619 1 1734
13659 2 3326
13663 1 1344
13695 2 2748
13709 1 1718
13711 1 4824
13806 1 779
13823 1 732
13843 1 1026
13861 2 3305
13863 2 3445
13880 1 1368
13885 2 2142
13912 1 6746
13922 1 956
13947 1 1742
13973 2 698
13974 2 872
13975 2 1041
13976 2 1984
13977 2 929
13978 2 784
13979 2 1974
13985 1 11629
13997 1 276
14003 2 582
14006 1 1552
14014 1 3934
14080 1 51830
14105 1 9306
14116 1 869
14120 1 2870
14174 1 684
14192 1 1494
14193 1 2538
14212 1 12149
14232 3 1682
14265 1 2579
14278 1 1192
14294 1 887
14296 1 607
14313 1 5288
14317 1 568
14373 1 6743
14375 1 1301
14387 1 1368
14414 1 1128
14427 1 758
14432 1 679
14434 1 704
14497 1 360
14545 1 1107
14550 1 3417
14561 1 3007
14596 1 2342
14617 1 1152
14623 1 551
14649 2 3074
14709 2 1785
14721 1 4901
14724 2 5113
14736 1 1294
14748 1 1244
14754 1 1214
14759 1 904
14820 1 4854
14830 2 8170
14831 2 8171
14832 2 8172
14834 1 2296
14835 1 2296
14842 1 897
14843 1 896
14844 1 906
14845 1 961
14846 1 852
14847 1 840
14878 1 3248
14886 1 247
14887 1 5014
14923 1 31
14988 1 563
15041 1 872
15045 1 961
15059 2 948
15075 1 3631
15092 1 2742
15099 7 5771
15102 1 1625
15105 3 1198
15129 1 1527
15133 1 972
15137 1 2521
15142 2 861
15143 2 959
15144 2 1533
15145 2 800
15146 2 2156
15147 2 1355
15148 2 847
15149 2 846
15152 1 125
15196 1 8919
15204 1 3771
15217 1 755
15218 1 2203
15247 1 644
15279 1 1500
15293 1 5587
15301 1 5730
15310 1 3417
15418 1 2104
15475 1 1055
15498 1 296
15514 2 934
15566 1 625
15571 1 3116
15575 1 3094
15587 1 2694
15609 1 1362
15624 3 1071
15755 2 1292
15814 1 1001
15831 2 2451
15832 1 2615
15849 1 1972
15850 1 860
15851 1 773
15853 1 1348
15868 1 2468
15871 1 677
15907 1 369
15957 2 8025
16013 1 909
16020 4 1631
16030 1 422
16044 7 3747
16084 1 842
16090 1 807
16132 1 1579
16158 1 478
16198 1 953
16220 2 1648
16227 1 2985
16238 1 11763
16258 1 7609
16259 1 1458
16263 10 4858
16270 1 2905
16281 1 3429
16316 2 3859
16324 1 1543
16341 1 9421
16354 1 986
16365 1 1383
16392 2 920
16426 2 1061
16439 2 738
16455 2 1401
16459 1 2465
16464 1 3565
16465 1 3291
16481 1 1327
16490 1 4549
16496 1 5161
16503 1 818
16540 1 2127
16556 1 1491
16589 2 3703
16590 2 3144
16591 3 6896
16592 2 2447
16649 1 4446
16664 1 668
16707 1 2965
16722 4 5137
16736 2 1860
16765 2 1110
16849 1 6516
16865 1 1183
16888 1 1462
16889 1 1208
16890 1 674
16891 1 1176
16906 1 474
16909 1 1643
16925 2 1943
16942 1 12267
16943 3 10757
16950 1 1326
16952 1 7998
16974 1 1249
16984 1 5305
16994 1 2449
17002 1 968
17012 1 3524
17013 7 9772
17016 1 813
17036 1 391
17054 1 1596
17060 1 2388
17089 1 3402
17107 1 1950
17122 2 9203
17164 1 1069
17168 1 3800
17179 1 401
17184 1 4374
17189 1 5992
17190 1 1264
17242 1 2797
17246 1 726
17252 1 2637
17297 1 1229
17321 1 1749
17341 1 1300
17361 1 1897
17392 1 1912
17419 1 1979
17422 3 1077
17426 2 7075
17439 1 1217
17481 1 1474
17506 1 1211
17507 1 992
17526 1 654
17541 1 728
17555 2 14925
17589 5 12110
17590 1 6514
17599 1 4342
17607 1 624
17638 1 6007
17644 1 1115
17704 1 2320
17716 3 2066
17717 1 3139
17718 1 1941
17758 7 28986
17807 1 683
17815 2 2708
17818 1 4410
17846 2 1416
17848 1 2460
17851 1 963
17856 2 998
17876 2 1647
17904 1 6041
17919 2 803
17961 2 1859
17989 3 788
18031 1 2951
18034 2 3151
18043 1 3632
18058 1 1082
18080 1 2638
18081 1 1322
18091 1 1496
18120 1 540
18123 1 2594
18140 1 787
18146 1 5814
18153 2 3810
18221 1 339
18223 1 62
18264 2 3866
18265 1 4164
18276 1 1341
18289 2 797
18327 1 1514
18328 1 895
18350 1 1610
18355 1 1022
18390 1 1388
18395 1 6885
18396 1 12783
18415 3 5822
18424 1 779
18516 1 892
18559 1 1226
18577 1 810
18581 3 3194
18621 3 5046
18654 2 15696
18681 1 1069
18695 1 896
18697 1 783
18756 1 1784
18758 1 1142
18759 1 2997
18764 2 2816
18779 1 2121
18840 2 4890
18863 1 2559
18874 2 755
18887 1 176
18919 1 764
18965 6 20789
18966 1 7427
18967 11 13159
18968 1 2667
19000 1 1062
19001 1 1062
19002 1 1321
19021 1 1100
19036 1 1671
19073 1 315
19076 1 2622
19079 2 16454
19086 8 2849
19088 1 938
19092 1 2849
19111 3 4980
19120 1 850
19128 1 902
19165 1 1782
19194 1 5424
19236 1 1530
19237 1 1885
19365 1 1024
19367 1 1627
19373 1 1681
19379 1 4781
19384 2 5576
19495 2 3545
19504 1 6279
19545 3 9624
19559 2 6375
19560 5 8071
19600 1 3753
19610 1 1644
19619 1 1020
19622 1 1077
19632 1 1361
19643 2 3951
19651 1 2122
19653 1 1803
19680 2 5229
19683 1 2480
19684 1 2620
19686 2 4573
19687 1 2998
19690 7 2088
19717 1 1015
19733 1 1292
19792 4 3925
19799 1 701
19809 2 803
19815 1 1176
19818 1 4232
19842 2 2475
19883 3 5667
19884 1 5873
19888 1 1794
19895 1 3842
19898 2 4338
19910 2 1042
20000 2 2428
20001 1 2461
20002 2 2451
20003 3 2457
20004 4 2446
20005 2 2489
20006 2 2516
20015 1 2199
20016 1 3043
20021 2 1258
20030 1 4962
20157 1 644
20165 1 957
20178 1 4163
20185 1 1049
20187 2 961
20191 1 870
20194 1 1431
20233 1 3879
20235 1 915
20243 1 1017
20263 1 3682
20267 1 1549
20276 2 904
20277 2 1485
20278 2 1044
20279 2 1548
20280 2 1019
20354 1 959
20376 1 1300
20432 1 2495
20436 1 1915
20437 1 1969
20580 1 1866
20586 1 1928
20588 1 1915
20590 1 1876
20591 1 1911
20595 1 1894
20602 1 1884
20639 1 2734
20655 1 891
20660 1 777
20666 1 427
20677 2 8655
20684 1 12924
20685 1 959
20686 1 750
20698 9 3736
20699 3 1150
20700 3 2481
20701 3 2408
20702 3 1564
20703 3 3191
20707 2 35797
20708 3 24696
20715 1 802
20746 3 2626
20777 1 1519
20778 1 4580
20779 2 1150
20780 1 1126
20789 1 916
20817 1 1910
20833 1 5441
20835 1 1832
20861 1 2236
20868 1 3295
20900 1 1355
20904 1 4287
20995 1 1840
21046 3 10160
21047 3 798
21048 1 914
21051 1 1656
21056 1 1401
21183 1 674
21187 1 992
21198 1 361
21201 1 748
21209 1 839
21242 1 985
21253 1 897
21261 1 1730
21266 1 4449
21289 1 3008
21318 5 7108
21321 3 7104
21359 1 13839
21387 1 3030
21389 2 3999
21421 2 1866
21422 1 2156
21430 2 3084
21496 1 1009
21500 1 4276
21503 1 13267
21530 1 2863
21531 1 670
21571 1 1372
21572 1 1011
21598 1 2235
21599 1 2186
21600 2 2318
21611 1 756
21612 1 756
21648 1 6487
21695 2 1941
21702 1 3125
21715 5 976
21727 1 2096
21761 1 543
21763 1 1527
21765 1 1014
21771 1 1070
21774 1 1025
21814 4 4204
21861 1 1816
21887 1 893
21888 1 360
21890 1 2113
21900 1 1945
21910 2 1846
21937 1 764
21960 2 7778
21981 1 3068
21993 1 2572
21998 1 2024
22032 1 4462
22063 1 1399
22079 1 5115
22117 1 381
22124 2 1782
22134 1 821
22165 1 818
22186 1 1860
22232 1 390
22353 1 44
22428 1 3769
22431 1 801
22450 2 867
22455 1 2770
22478 2 1558
22505 1 899
22527 1 2945
22571 1 456
22575 1 1360
22607 1 1086
22777 1 1813
22867 1 2220
22891 1 725
22909 1 1035
22927 1 2118
22948 1 656
22986 1 1800
23014 1 3266
23052 1 663
23064 4 7447
23125 2 1534
23129 1 438
23134 3 2296
23135 1 616
23139 1 1265
23150 2 753
23232 1 1078
23270 2 402
23275 2 472
23526 1 2714
23567 1 2368
23598 3 1236
23659 3 176
23661 1 1416
23671 1 7612
23673 1 552
23732 1 4739
23733 1 2720
23735 2 1708
23736 1 2381
23742 2 1052
23744 1 1051
23765 3 11324
23782 2 1258
23829 2 8025
23898 1 871
23904 3 1172
24074 1 995
24093 1 4836
24095 1 3720
24119 3 14616
24157 2 10311
24219 2 7326
24222 1 3333
24235 1 1229
24269 1 1407
24272 6 3323
24284 3 4091
24296 1 783
24380 1 865
24383 1 1705
24422 1 863
24430 2 779
24434 1 1249
24438 1 3027
24460 1 1835
24514 2 13551
24539 1 3939
24541 1 5645
24561 1 3084
24571 2 611
24616 5 6643
24624 1 1145
24631 1 1078
24665 1 769
24685 1 494
24695 1 871
24717 1 1067
24749 2 4668
24750 1 6415
24772 1 1350
24785 1 1066
24803 1 5803
24816 3 804
24817 2 476
24826 1 1650
24837 1 1425
24839 2 1127
24840 5 9627
24864 2 3090
24882 2 8171
24883 2 8171
24886 1 7415
24887 1 7415
24888 1 7415
24892 1 2296
24893 1 2290
24896 1 4879
24897 1 4588
24898 1 4667
24900 1 2275
24901 1 2275
24902 1 2275
24906 1 900
24907 1 892
24908 1 867
24922 3 1786
24925 1 836
25068 1 945
25091 2 674
25106 2 554
25112 1 875
25143 1 1215
25159 1 487
25184 1 896
25189 2 1305
25190 2 1528
25191 2 1013
25192 2 1525
25193 2 1425
25194 2 1545
25195 2 1073
25196 2 931
25231 1 2410
25232 2 2344
25242 1 2763
25243 3 3615
25250 4 1859
25251 4 1958
25301 1 334
25323 1 1577
25331 1 1132
25391 1 2825
25405 1 730
25407 1 3649
25429 1 2282
25456 1 543
25471 1 305
25491 2 2382
25492 1 3700
25522 2 2549
25547 2 3685
25554 3 1688
25555 1 3167
25592 1 913
25593 1 909
25656 1 4885
25706 2 325
25713 1 3056
25736 2 2577
25807 1 717
25826 1 2414
25832 1 1204
25904 2 1133
25951 2 1225
25952 2 729
25964 2 4294
25974 1 732
26049 1 2989
26058 1 720
26076 1 361
26126 1 857
26161 1 14248
26203 1 970
26257 1 3709
26258 1 7349
26259 1 3718
26260 1 3718
26261 1 3710
26262 1 3711
26332 1 1975
26343 1 4639
26358 1 830
26359 1 3794
26364 1 1388
26370 1 877
26375 1 791
26377 2 813
26382 3 3521
26388 1 3682
26410 1 944
26411 1 2625
26419 1 1113
26423 1 3280
26449 1 7560
26470 1 1686
26483 1 605
26498 6 32423
26518 2 1163
26546 1 1029
26576 1 1569
26577 2 971
26583 1 589
26586 1 2458
26592 1 2640
26605 1 902
26632 1 1338
26666 1 204
26668 1 3364
26673 3 1184
26702 1 2067
26727 2 4405
26756 1 2627
26766 1 1561
26781 1 578
26805 2 1467
26811 1 1172
26813 1 1462
26816 2 2936
26817 1 1868
26825 1 2133
26836 1 2928
26860 1 575
26933 1 447
26937 1 1216
26975 1 1997
27035 1 1356
27036 3 6909
27067 1 474
27135 1 1071
27164 1 884
27168 1 1413
27170 1 1435
27191 1 2750
27207 1 1176
27208 1 1202
27209 1 800
27213 2 2166
27286 2 1789
27287 1 1709
27308 1 7530
27321 1 7344
27322 1 3721
27323 1 2478
27324 1 3721
27343 1 2701
27391 1 4345
27392 1 4376
27401 1 166
27412 1 1992
27424 1 816
27459 3 1123
27461 1 4148
27462 2 809
27465 2 648
27503 2 205
27520 1 3462
27568 1 2345
27576 2 2018
27586 1 2066
27587 1 1067
27620 1 710
27625 1 2383
27646 1 33
27654 3 2800
27668 1 524
27709 1 887
27726 1 2897
27749 1 1575
27778 1 1834
27836 1 3088
27845 1 821
27848 1 1948
27851 2 5844
27853 1 3446
27854 1 916
27865 1 1464
27873 1 444
27875 1 817
27883 1 4980
27974 1 1432
28019 1 1127
28020 1 1130
28021 1 982
28022 1 1131
28023 1 983
28024 1 1130
28025 1 988
28046 1 931
28065 1 3068
28077 1 1097
28086 1 1091
28087 1 1712
28098 1 10589
28103 1 5130
28117 1 2403
28123 5 7111
28124 1 1275
28128 2 957
28129 2 1062
28130 2 1740
28131 2 1689
28132 2 1353
28136 1 117
28191 1 227
28259 2 6624
28261 6 11790
28277 1 2560
28280 1 2119
28285 1 1038
28326 1 761
28420 1 573
28426 1 911
28454 1 5320
28457 2 5857
28458 2 5864
28489 1 1123
28491 1 4917
28565 1 3391
28571 2 768
28671 1 1093
28678 1 502
28680 1 665
28682 1 1576
28683 1 1939
28688 1 599
28711 1 2834
28722 1 848
28725 1 1071
28745 1 689
28772 1 1602
28804 1 884
28821 1 1038
28841 1 131
28876 1 777
28879 1 773
28884 2 1347
28885 2 1833
28886 2 1271
28887 2 828
28888 2 748
28889 2 976
28895 1 129
28913 1 1073
28918 1 1609
28951 2 4581
28981 1 1946
29066 1 1322
29076 2 1924
29150 1 300
29389 1 348
29396 2 8576
29408 1 2208
29414 1 1661
29476 1 1140
29486 4 1334
29555 1 1529
29559 1 3217
29568 1 819
29572 1 2781
29601 1 707
29623 1 963
29625 2 10200
29626 1 1653
29647 1 917
29648 1 8110
29673 1 908
29693 1 1825
29718 1 670
29721 4 6842
29722 3 9450
29727 1 1628
29801 1 811
29802 6 4831
29854 2 819
29869 1 1347
29875 3 2653
29883 1 1156
29891 1 4871
29905 1 921
29910 3 5908
29914 2 2420
29951 1 2090
29968 1 1029
29982 1 1131
29992 1 1640
30065 1 1794
30078 1 923
30113 1 537
30189 1 1236
30195 2 1266
30210 1 942
30261 1 977
30315 1 325
30437 2 1564
30459 2 1537
30483 1 2924
30511 1 2112
30543 1 2733
30554 1 3073
30595 1 1820
30643 2 1318
30646 1 3639
30649 1 2455
30655 2 535
30738 1 1986
30747 2 4167
30760 1 644
30803 1 729
30810 2 1740
30842 1 2081
30892 1 877
30899 1 2210
30927 2 723
30928 2 1215
30929 2 1671
30930 2 1699
30947 1 1608
30973 7 7204
31045 2 24677
31050 1 270
31056 1 434
31118 1 751
31144 1 918
31150 1 1257
31155 1 2064
31234 1 2296
31235 1 1666
31236 1 1725
31237 1 2292
31267 1 7536
31278 1 1259
31280 1 868
31288 3 2833
31330 2 2751
31351 1 1654
31355 1 5480
31375 1 272
31406 3 3326
31448 1 3221
31455 1 1709
31502 1 686
31513 1 1104
31521 9 3875
31604 1 966
31642 1 752
31688 1 2740
31692 2 1527
31693 1 3857
31694 3 3337
31709 1 1133
31720 1 322
31727 1 690
31736 1 1926
31772 1 1194
31797 2 1376
31798 2 1484
31799 2 1487
31800 2 825
31801 2 985
31829 1 14263
31835 1 2763
31878 1 719
31926 1 322
31949 1 6125
31970 1 562
31975 1 1903
31982 1 466
32046 1 2058
32047 1 2055
32156 1 723
32181 1 2305
32184 1 2319
32187 1 2315
32192 1 945
32197 2 619
32240 1 3457
32247 1 2637
32287 1 3033
32290 1 3009
32293 1 3048
32294 1 3074
32299 1 3515
32301 2 3186
32314 1 2456
32329 2 5073
32359 1 1514
32366 1 3530
32376 1 3793
32426 1 3386
32474 1 645
32483 1 1282
32485 1 575
32491 1 6991
32569 1 1631
32574 1 2622
32608 2 1910
32662 2 2165
32663 2 3914
32706 1 1372
32751 1 1482
32768 1 892
32811 1 1871
32885 1 422
32897 1 1259
32902 1 375
32958 1 1960
32972 1 11367
32976 1 1811
33055 1 568
33079 1 3096
33080 1 2203
33091 1 10334
33151 1 2303
33153 1 613
33188 2 10275
33199 1 1920
33232 2 1378
33240 1 9576
33263 1 532
33265 1 1309
33296 1 489
33310 1 9499
33335 2 9267
33365 1 974
33425 1 548
33461 2 1567
33494 1 11341
33495 1 2452
33506 1 364
33560 1 248
33689 2 2181
33691 1 828
33703 1 18894
33708 1 1605
33709 1 1690
33726 1 1999
33729 1 240
33741 1 787
33750 1 2944
33757 1 1989
33785 1 1393
33786 3 3235
33798 2 1847
33812 1 1095
33819 1 4941
33849 1 1016
33854 1 330
33856 1 533
33859 2 7228
33865 1 4323
33895 1 1427
33927 1 934
33937 1 14231
33938 3 5544
33993 1 845
34003 1 1358
34039 4 23394
34052 7 11789
34062 1 2698
34067 1 1675
34070 1 378
34089 1 382
34092 1 1599
34094 1 1268
34097 1 1166
34103 1 907
34127 1 968
34138 3 585
34179 1 1686
34191 1 1190
34209 1 1701
34212 1 904
34285 2 1511
34289 1 2981
34318 1 1326
34326 1 685
34330 1 590
34332 1 758
34436 1 511
34480 1 2110
34485 1 658
34514 1 2438
34526 1 2380
34575 3 2031
34583 1 4980
34627 1 1130
34689 1 1908
34691 1 138
34705 1 773
34716 1 900
34758 1 349
34791 1 1079
34800 1 555
34825 2 778
34826 2 1380
34827 2 1335
34828 2 2867
34829 2 1444
34830 2 852
34881 1 2427
34901 2 18201
34949 1 1920
34960 1 2476
34961 1 362
34964 1 1938
34972 1 2699
34983 1 656
35047 1 1718
35055 1 1150
35056 1 753
35073 1 1101
35076 1 523
35148 1 1369
35168 1 775
35319 1 534
35325 1 1767
35333 1 5425
35340 1 4545
35345 1 1795
35350 2 633
35398 3 4556
35399 1 6478
35408 1 705
35439 2 553
35504 1 1747
35512 1 414
35532 2 4534
35596 1 1116
35642 1 741
35653 1 775
35677 1 2037
35714 1 1619
35720 1 4608
35730 1 850
35743 1 4461
35764 1 1421
35766 1 1100
35767 1 2251
35768 1 1871
35798 1 1407
35819 1 1617
35824 1 3392
35825 1 3773
35827 1 1651
35828 3 5244
35829 1 1300
35831 1 3206
35840 1 5256
35842 2 1606
35850 2 2980
35889 1 507
35898 1 726
35946 1 3409
35968 1 995
35993 1 1442
36027 6 7080
36028 1 1853
36053 1 1200
36134 2 19793
36135 1 1001
36136 1 2452
36138 1 729
36173 2 449
36201 1 622
36203 1 842
36227 1 563
36274 1 765
36277 1 868
36303 1 543
36350 1 893
36382 1 254
36391 1 7515
36394 1 5251
36395 1 5251
36396 1 5251
36412 1 969
36413 1 969
36415 1 4207
36498 1 8241
36530 1 53
36553 1 1086
36566 1 773
36584 1 655
36600 1 1304
36615 1 786
36619 1 994
36639 2 171
36701 1 971
36722 1 419
36762 1 753
36775 1 4563
36779 1 1172
36796 1 1826
36808 1 1928
36835 1 415
36849 1 237
36869 1 1242
36882 2 6259
36883 1 397
36886 1 1100
36892 1 224
36909 1 832
36945 2 21910
36956 1 4551
36987 1 1333
37005 1 1134
37010 1 1050
37057 7 5130
37074 1 3457
37108 2 908
37131 3 369
37164 2 3578
37171 3 1206
37182 1 13117
37188 1 599
37211 1 1200
37235 1 1413
37310 1 7113
37319 1 2048
37323 1 7159
37329 1 431
37385 1 1327
37388 2 936
37415 1 5377
37419 8 13883
37423 1 13622
37425 1 4184
37456 1 2083
37461 1 656
37469 1 977
37501 1 4449
37559 1 667
37588 1 1267
37598 1 1621
37601 2 1897
37602 1 1078
37613 5 1538
37616 1 8646
37621 1 648
37661 1 5314
37698 2 5406
37705 1 900
37714 1 2598
37723 2 2373
37724 2 2484
37725 1 2498
37726 3 1722
37734 2 3488
37735 1 1882
37736 1 1948
37747 2 4991
37850 1 760
37883 1 843
37904 2 1805
37918 1 993
37932 2 17484
37934 1 1480
37961 2 2110
37966 1 625
38017 2 521
38031 1 493
38057 1 67
38058 1 533
38060 1 592
38065 1 966
38067 1 2040
38069 1 3382
38077 1 968
38089 1 3093
38154 1 2189
38194 2 2925
38196 1 642
38211 1 755
38234 1 914
38242 1 1095
38343 2 986
38358 1 951
38379 1 245
38399 1 1953
38412 1 2954
38416 1 701
38445 1 2338
38448 1 6071
38470 1 774
38476 1 1139
38526 1 1143
38528 1 1129
38529 1 1224
38530 1 1502
38557 5 10387
38564 2 4067
38573 1 58
38586 1 3019
38590 1 753
38614 1 855
38637 1 990
38685 3 2596
38686 3 2997
38687 1 2099
38700 1 1259
38712 2 9962
38731 1 818
38737 2 1277
38760 1 193
38847 1 1344
38875 1 1645
38907 1 4305
38910 2 7766
38916 3 6621
38926 1 1938
38968 1 1028
38999 1 4065
39010 6 2843
39015 3 2466
39018 1 1936
39050 1 813
39051 1 1231
39056 1 564
39085 1 4795
39115 1 1536
39127 1 1657
39128 1 1085
39130 1 361
39132 2 3874
39142 1 518
39146 1 709
39149 1 2101
39164 1 2936
39175 3 3064
39180 1 1551
39198 1 2105
39201 1 1223
39240 2 1187
39241 1 7079
39285 1 3325
39292 1 4867
39295 1 660
39329 3 32477
39340 2 677
39341 2 9083
39431 1 836
39448 1 3136
39449 1 3105
39475 1 1192
39505 2 724
39518 1 1145
39569 1 291
39588 1 6063
39627 1 1010
39649 1 781
39695 3 3613
39705 2 2975
39707 1 818
39719 2 1016
39773 1 1598
39801 1 457
39806 1 1057
39916 1 1355
39952 1 1363
39953 2 1179
39978 1 30166
39995 1 2204
39999 1 4187
40018 1 544
40024 1 2366
40037 1 3833
40070 3 1450
40106 1 1533
40109 1 902
40149 1 1770
40225 1 1682
40253 1 3705
40254 1 2478
40255 1 3713
40257 1 3718
40287 1 10480
40301 1 1617
40334 1 965
40340 1 794
40363 1 478
40373 1 953
40375 1 2147
40376 1 629
40379 3 182
40397 1 1801
40402 1 1116
40415 1 663
40445 1 1917
40448 1 3806
40494 1 1017
40496 1 3146
40498 1 1626
40499 1 2513
40502 2 2207
40505 2 983
40507 1 1527
40509 3 2348
40511 1 1191
40538 1 14088
40550 1 3684
40588 2 625
40606 1 813
40630 1 5684
40652 1 1291
40662 2 1447
40667 1 958
40695 3 8337
40747 2 5237
40763 1 3495
40840 1 721
40841 1 2352
40852 1 1780
40898 1 2825
40899 2 5270
40902 3 1290
40903 4 606
40904 2 481
40925 1 2385
40959 1 5445
40993 1 3833
41021 1 1682
41075 1 2253
41086 1 1327
41098 1 1211
41114 1 2690
41129 1 589
41136 1 1043
41146 2 669
41147 1 1261
41165 1 1234
41191 2 2001
41219 1 1078
41238 2 4035
41253 1 654
41263 1 2085
41299 1 1272
41308 1 908
41516 1 920
41524 1 2455
41679 1 1631
41688 1 1836
41821 1 904
41840 1 2915
41865 1 1487
41912 2 772
41942 1 2534
42013 1 559
42025 3 9933
42085 2 6194
42114 2 5169
42118 1 2292
42122 1 1063
42124 2 1068
42137 1 537
42141 1 1064
42149 2 9906
42150 1 2706
42161 1 9423
42169 1 789
42170 2 4262
42212 1 527
42261 1 6604
42267 1 723
42276 1 537
42355 1 5228
42356 3 4608
42362 1 10503
42394 1 473
42422 1 5724
42423 1 2011
42433 1 459
42442 1 865
42477 2 1308
42483 1 242
42496 2 489
42544 1 2256
42590 1 1040
42600 1 2138
42648 1 4779
42652 1 2519
42654 1 923
42673 1 1898
42756 1 66
42761 1 1022
42768 1 4939
42769 1 8334
42775 1 735
42817 3 1368
42831 1 2086
42848 1 318
42900 1 917
42911 1 1221
42920 1 450
42968 2 2559
42969 2 2363
43024 1 805
43025 2 3087
43027 1 1898
43072 1 1152
43109 1 2284
43110 2 668
43150 3 9162
43160 1 1940
43229 2 8025
43245 2 2907
43433 3 562
43477 2 22611
43519 1 1593
43551 1 1826
43556 1 619
43559 1 928
43581 1 1020
43615 1 1591
43619 1 400
43691 1 1413
43696 1 165
43730 1 1965
43777 1 3197
43785 1 2976
43796 1 5679
43800 1 839
43812 1 1091
43816 4 523
43837 1 3115
43896 1 1645
43898 1 2947
43999 1 5400
44049 1 721
44050 2 4928
44059 1 1070
44080 2 3596
44122 1 1272
44130 1 6601
44154 1 1236
44155 2 1605
44157 1 2662
44179 1 421
44190 1 1021
44206 2 1686
44217 1 3228
44219 1 1788
44223 1 658
44283 1 1417
44286 5 5425
44287 2 3176
44371 2 1226
44407 1 1204
44414 1 777
44447 1 1998
44479 1 5563
44590 1 3346
44707 1 6048
44733 1 44
44748 1 758
44768 1 2523
44769 1 566
44780 1 3261
44856 1 1723
44927 2 2922
44953 1 900
44956 1 7041
44957 1 10010
44959 1 615
44962 1 1439
44968 1 764
45073 1 70
45084 1 6555
45096 3 6217
45159 3 13537
45163 1 1509
45183 1 358
45197 1 1011
45215 1 764
45221 1 652
45246 1 2149
45257 1 368
45273 2 2683
45302 1 1230
45332 1 1739
45341 1 834
45368 1 1076
45385 1 1374
45427 1 771
45460 1 1051
45462 1 407
45581 2 8025
45608 1 737
45694 2 469
45695 1 928
45762 1 429
45772 1 250
45816 1 899
45848 1 436
45851 1 2388
45879 1 549
45881 1 995
45882 1 1165
45914 1 775
45922 1 538
45938 1 1759
45974 2 1051
46022 2 547
46023 2 554
46029 1 703
46040 3 1011
46070 6 3987
46139 1 980
46150 1 802
46213 1 642
46237 1 1678
46241 1 2498
46244 1 3024
46285 1 713
46286 1 1012
46302 1 1086
46319 1 2904
46357 1 1238
46377 1 731
46378 1 6175
46388 11 81863
46419 1 2392
46431 1 746
46432 1 3117
46455 1 1168
46472 1 1725
46495 1 743
46509 1 2154
46519 1 5448
46551 1 8597
46552 1 9921
46562 1 1020
46563 1 640
46564 3 1709
46568 1 644
46592 4 1676
46615 1 3442
46667 1 779
46701 1 566
46742 1 1316
46744 2 1837
46749 1 6951
46759 1 2714
46771 1 1801
46772 3 59
46773 2 1114
46784 1 2048
46821 1 1634
46825 2 1815
46837 3 2432
46944 1 318
46975 1 1653
46983 1 4196
47011 1 879
47034 1 1302
47040 2 1605
47052 1 1071
47064 1 447
47095 1 6494
47104 1 107
47111 1 966
47118 1 466
47139 3 6464
47192 1 687
47193 1 186
47245 1 6757
47251 1 946
47270 1 2703
47350 2 2865
47398 2 5716
47448 1 3217
47459 7 8496
47476 4 2645
47491 1 2517
47507 1 2065
47515 1 3985
47544 1 1704
47549 1 978
47559 5 11224
47623 2 1677
47649 1 3343
47650 1 1540
47686 1 728
47715 2 649
47716 2 680
47717 1 1207
47719 1 1086
47720 1 1789
47722 1 925
47756 3 3021
47782 1 625
47790 2 1897
47800 1 10768
47840 1 1481
47843 2 1288
47904 1 980
47959 1 60
48046 1 1325
48071 1 1208
48078 3 11919
48087 1 2749
48110 1 682
48130 3 978
48132 1 1373
48151 1 975
48154 3 2396
48180 5 25164
48184 1 2004
48197 2 8238
48209 1 2047
48217 2 6375
48220 4 1146
48222 2 3062
48223 4 2573
48224 1 3121
48234 1 7467
48237 1 763
48269 1 11120
48282 1 1204
48287 1 2481
48338 2 2760
48348 1 980
48353 1 823
48362 1 5057
48382 2 3039
48425 1 255
48441 1 764
48449 1 841
48450 1 1295
48471 1 2563
48477 1 641
48494 1 1187
48501 1 3845
48553 1 457
48560 1 550
48567 1 1221
48569 1 351
48585 1 266
48593 1 843
48601 1 848
48615 2 1003
48632 1 3473
48674 1 1144
48689 1 4283
48698 1 5259
48733 4 652
48738 5 1001
48741 1 1388
48748 2 1218
48772 1 2396
48787 1 218
48789 1 2728
48818 1 3023
48831 3 654
48834 1 616
48835 2 872
48859 1 1008
48900 1 1196
48907 1 1902
48917 4 6627
48919 4 5467
48920 2 1976
48921 1 2787
48924 1 3784
48947 2 836
48951 1 6065
48962 1 857
49001 5 3445
49002 1 1155
49003 1 2086
49015 2 2835
49021 1 2436
49029 1 3596
49051 1 3490
49093 3 901
49130 1 2701
49151 2 1897
49173 1 10707
49174 2 9273
49175 1 9938
49177 1 590
49234 2 861
49270 1 850
49276 1 5599
49282 1 4687
49283 2 648
49300 1 575
49319 1 532
49321 1 462
49322 1 882
49323 2 5236
49330 1 1076
49341 1 2395
49345 4 2775
49346 2 1190
49347 1 1309
49348 2 2857
49349 2 2177
49350 1 2540
49352 2 2586
49366 1 5125
49368 1 1162
49385 1 1108
49389 1 665
49390 2 2010
49391 2 2970
49392 2 4953
49395 1 580
49415 1 431
49435 1 1167
49440 2 988
49441 1 826
49455 1 2601
49457 3 2074
49521 1 1279
49524 3 866
49566 1 756
49661 1 53
49663 1 489
49683 1 761
49687 3 604
49690 1 634
49706 1 1142
49716 1 1286
49736 2 660
49776 1 9407
49811 1 1751
49841 1 352
49842 1 2475
49847 1 1395
49850 2 950
49861 2 1351
49885 1 1429
49895 1 652
49906 1 737
49934 2 3099
49972 1 602
49988 1 2850
50007 1 1150
50012 1 3608
50017 1 2970
50021 1 900
50025 2 5763
50040 1 6696
50194 1 1013
50200 1 1454
50215 1 537
50223 2 6104
50234 1 625
50263 1 1162
50269 1 1701
50289 1 1659
50293 1 2189
50348 2 617
50349 2 616
50353 1 2913
50355 1 3677
50396 2 1096
50397 2 1113
50398 2 717
50399 2 1367
50400 4 2559
50401 2 1688
50402 2 898
50403 2 1369
50404 2 1746
50405 2 1353
50406 2 2161
50428 1 1275
50429 1 2393
50430 1 2601
50431 1 1740
50439 1 3976
50452 1 1778
50453 1 1051
50459 1 1672
50509 1 446
50540 1 2734
50598 1 5177
50609 1 503
50610 1 1696
50636 1 674
50722 1 3030
50734 1 2167
50776 2 2775
50781 1 1384
50834 1 3519
50852 1 3288
50863 1 1020
50870 1 908
50875 1 754
50881 2 4909
50888 1 2791
50889 3 5625
50916 3 4044
50919 2 1560
50983 2 16660
50985 2 662
51006 2 2540
51028 1 1520
51087 1 2282
51088 1 2484
51089 1 1317
51108 1 930
51148 1 2969
51194 1 2656
51225 2 436
51226 2 2481
51255 1 541
51256 1 1068
51295 4 5729
51300 2 603
51305 1 1663
51323 1 1148
51371 1 1268
51373 1 874
51404 2 2165
51419 1 556
51426 1 3586
51497 1 245
51556 1 446
51560 1 1283
51561 1 1242
51597 1 846
51604 1 803
51635 1 516
51646 1 1280
51657 2 1524
51674 1 1066
51708 1 994
51735 1 338
51763 2 2149
51764 1 2864
51787 1 863
51798 1 1509
51802 2 5283
51803 1 2141
51817 1 643
51839 2 9735
51858 3 3972
51882 1 926
51893 1 635
51899 1 12169
51913 1 732
51915 1 627
51920 1 1191
51928 1 1289
51967 1 2148
51976 1 1263
51980 2 328
51982 1 166
51987 2 4909
51988 2 6522
51993 1 12689
51994 1 9298
52010 1 1541
52095 1 768
52098 1 1384
52111 1 3330
52140 2 3824
52146 1 10691
52192 1 239
52199 1 2113
52211 1 730
52236 1 1423
52271 4 8131
52301 1 8406
52303 1 1966
52326 5 3702
52368 1 596
52377 2 1152
52383 1 381
52396 1 4756
52423 2 1405
52447 1 459
52457 1 4403
52484 2 5765
52489 1 868
52490 1 1314
52500 1 3237
52541 1 3260
52548 1 1684
52558 1 724
52561 2 52057
52593 2 1184
52594 2 996
52597 1 114
52599 1 4808
52609 1 155
52631 2 4596
52690 1 1737
52691 1 1724
52720 3 2878
52793 2 1152
52854 3 120
52926 1 841
52936 1 2566
52938 1 1963
52988 2 24350
53034 3 2302
53037 1 902
53039 1 1539
53041 1 882
53046 2 6992
53084 1 2127
53112 1 342
53132 1 1846
53139 1 3527
53155 1 1070
53158 1 9225
53159 2 2323
53203 1 1666
53227 1 728
53243 1 3386
53244 1 2636
53329 3 3895
53333 3 1349
53341 1 2371
53424 1 5193
53430 1 48057
53442 3 8599
53448 1 788
53545 1 1625
53546 1 2364
53600 1 1756
53601 1 2754
53602 2 1819
53603 1 2774
53616 1 534
53641 1 776
53707 1 5088
53717 1 4413
53729 1 783
53770 1 1540
53773 3 1265
53777 2 3202
53778 1 4519
53839 1 1223
53844 1 2218
53890 2 3997
53891 2 3993
53892 2 3994
53904 2 1250
53925 2 1795
53926 1 2454
54048 1 784
54144 6 2965
54147 2 1217
54166 1 416
54233 1 519
54253 1 736
54259 2 738
54260 2 1120
54261 2 808
54262 2 930
54326 1 3836
54370 2 2398
54382 1 226
54393 1 874
54399 1 5059
54402 2 972
54403 2 997
54404 2 819
54405 2 981
54406 2 784
54407 2 905
54441 1 4709
54485 1 4555
54497 1 1589
54502 1 2792
54564 4 3322
54566 18 8702
54576 1 1577
54577 1 727
54583 1 941
54591 1 1160
54619 2 10647
54651 1 1877
54680 1 636
54682 1 1173
54692 1 1956
54924 1 714
54930 1 1003
54931 1 718
54949 1 1656
54950 1 3726
55056 1 1176
55072 1 3317
55086 1 821
55094 1 12123
55118 2 4304
55126 1 3321
55131 3 1109
55322 1 643
55327 1 6079
55332 1 742
55420 1 552
55474 1 826
55476 1 650
55481 1 867
55544 2 2066
55545 2 3187
55584 1 1087
55586 1 749
55591 1 932
55604 1 381
55634 2 1214
55672 1 1335
55904 2 1384
56014 1 1445
56017 5 1819
56020 1 624
56026 1 2074
56045 1 1527
56095 1 421
56174 2 2845
56188 1 1498
56190 1 1477
56191 1 2260
56198 1 712
56248 1 766
56250 1 1483
56264 1 2223
56266 1 1037
56282 1 1567
56283 2 1928
56286 1 2036
56400 2 2072
56409 1 1089
56429 1 1448
56477 2 4251
56487 1 3333
56495 1 1972
56496 1 1274
56503 2 5900
56522 1 3726
56557 1 1778
56568 2 1095
56582 1 1624
56590 1 2070
56596 1 271
56601 1 474
56606 1 1356
56607 1 2013
56622 1 810
56630 1 3641
56658 1 1079
56665 1 358
56705 2 2241
56706 1 1698
56708 1 1319
56727 1 974
56730 1 632
56737 2 1156
56738 2 1204
56739 2 1907
56740 2 1059
56741 2 928
56742 2 1393
56743 2 820
56770 3 2972
56771 1 2565
56801 2 5727
56802 2 8941
56839 2 8203
56877 1 1601
56888 2 2750
56895 1 3189
56900 1 1808
56933 1 680
56959 1 893
57010 1 873
57040 1 3492
57160 1 2069
57161 1 2080
57162 1 2315
57231 1 3603
57244 1 674
57249 1 648
57256 1 1106
57258 3 2560
57295 1 581
57310 1 1102
57326 1 396
57360 1 922
57363 1 1222
57384 1 3357
57386 2 2865
57410 2 2492
57413 3 6376
57436 1 3484
57442 1 639
57444 1 927
57451 1 3058
57461 1 1199
57462 1 1248
57491 1 1106
57512 1 1680
57519 2 774
57634 1 2122
57641 1 62
57642 1 1345
57643 1 8017
57645 1 629
57651 2 6526
57660 1 6533
57663 1 1474
57728 1 3152
57742 1 1058
57788 1 1324
57797 1 730
57799 1 1179
57829 1 2379
57838 1 1853
57878 1 3882
57881 1 2310
57888 1 1043
57906 1 1412
57944 1 613
57954 2 4003
57963 2 1707
57972 3 1058
57974 1 1235
57989 2 3603
57990 1 1694
57997 1 4870
58198 1 879
58201 1 1355
58231 1 4145
58247 1 19391
58251 1 4547
58287 1 444
58352 2 704
58353 2 732
58354 2 871
58355 2 1108
58356 2 993
58364 1 331
58365 3 1275
58408 1 4007
58483 1 711
58674 1 383
58772 2 4810
58778 1 2282
58782 1 2475
58832 3 1304
58835 1 594
58841 1 2975
58844 1 3246
58845 1 2901
58862 1 1318
58909 3 1264
58927 1 599
58964 1 5289
58965 1 5140
58966 1 5767
59075 1 1168
59161 5 898
59190 2 628
59206 1 681
59211 2 3035
59287 1 827
59305 1 1145
59312 1 649
59322 1 857
59336 2 832
59347 2 9699
59348 3 10477
59349 2 8147
59350 1 8331
59395 1 1240
59431 2 1353
59434 1 2472
59457 1 699
59459 1 1393
59467 1 4546
59469 1 4789
59474 2 3565
59475 1 5201
59511 1 1631
59521 1 1931
59558 1 322
59563 1 2110
59565 1 1703
59579 1 1012
59593 1 1584
59617 1 1334
59635 2 4384
59659 1 986
59662 1 14951
59681 2 3350
59698 1 2181
59709 2 3880
59713 2 1324
59717 1 4807
59729 2 1041
59792 1 601
59812 1 1458
59826 1 1508
59830 1 881
59852 1 1110
59875 1 1762
59894 1 735
59901 6 10800
59922 2 3476
59945 2 941
59946 2 1687
59947 2 1309
59948 2 806
59949 2 974
59950 2 1036
59951 2 756
59952 2 1298
59953 2 686
59954 2 1076
59982 1 4938
59983 1 2990
59984 1 2885
59985 3 4522
59986 1 4731
59987 3 5303
59993 1 1856
59996 1 1482
60017 2 1734
60019 3 5237
60030 5 10533
60065 1 3606
60080 1 1464
60095 1 3074
60105 1 570
60122 1 1146
60124 1 3277
60157 2 3863
60162 1 672
60173 2 2847
60215 1 2296
60252 1 1550
60257 1 762
60284 2 1802
60329 1 1634
60330 2 2281
60331 1 798
60341 1 1265
60346 1 410
60371 4 3906
60372 1 1505
60403 1 2051
60426 1 1355
60474 2 724
60506 2 4289
60535 1 994
60536 1 1572
60581 1 423
60588 1 3135
60614 1 732
60661 1 4572
60662 1 6202
60665 1 1611
60667 1 276
60674 1 1471
60693 3 7521
60708 1 1572
60713 1 3384
60744 1 2509
60750 2 12275
60778 1 3600
60787 1 1533
60794 1 1921
60828 2 3367
60852 1 1600
60864 1 1132
60910 1 2877
60936 5 5117
60946 1 758
60953 1 2570
60955 1 1899
60956 2 2287
60957 1 3093
60996 1 1503
61001 4 1325
61003 2 1701
61020 1 13801
61021 1 5166
61043 1 4069
61056 1 361
61058 1 212
61064 1 956
61104 3 1223
61117 2 2465
61167 1 3616
61169 2 3257
61177 1 2363
61186 1 14302
61188 4 29700
61206 2 1042
61225 1 44
61236 1 1186
61245 2 1084
61256 2 2242
61269 1 8764
61293 2 1113
61326 2 2485
61352 3 18809
61361 1 1202
61381 1 1011
61389 1 4011
61391 4 5684
61428 1 8357
61439 1 886
61466 3 850
61467 1 1809
61468 1 2302
61469 2 1972
61497 4 5567
61516 2 1071
61549 3 1113
61556 2 3140
61561 1 168
61626 1 1747
61668 3 11710
61669 1 5944
61694 1 3121
61719 1 816
61787 1 1326
61793 1 75
61816 1 1916
61818 1 1458
61820 2 5698
61832 1 2493
61838 1 1648
61893 1 1205
61917 2 5083
61921 2 519
61924 2 6503
61928 1 964
61939 1 10305
62004 1 2886
62034 1 3365
62091 1 925
62092 1 1030
62105 1 686
62117 1 1347
62136 1 1682
62143 1 2252
62150 1 386
62153 2 2377
62191 1 3053
62204 1 8201
62229 1 7173
62251 1 542
62265 1 802
62268 1 1449
62269 1 778
62299 1 7136
62302 1 972
62303 1 806
62308 1 395
62369 1 1325
62381 1 192
62404 1 5459
62425 1 959
62426 1 170
62432 1 5539
62434 2 1233
62466 1 2353
62468 1 2405
62471 1 843
62499 2 3759
62552 1 1225
62626 1 917
62643 1 230
62653 1 1055
62692 2 1474
62697 1 1926
62726 1 2992
62730 1 2960
62767 1 14162
62784 2 2055
62819 1 945
62824 1 4199
62835 1 736
62849 1 1721
62850 1 849
62855 1 2001
62891 1 1104
62902 1 2612
62907 1 480
62914 1 2398
62929 1 5384
62945 1 1603
62946 1 1601
62947 1 1604
62992 1 5430
62999 1 1473
63049 1 1162
63051 1 1657
63071 1 823
63073 1 6062
63083 2 1965
63102 1 1074
63132 1 1565
63133 1 646
63137 2 3259
63138 1 4006
63157 2 3445
63161 1 1664
63162 2 1516
63163 1 2048
63164 1 2016
63165 2 2124
63166 3 2579
63167 2 3539
63168 2 2328
63169 2 1823
63184 1 2633
63203 2 3831
63211 2 1886
63212 2 2663
63280 1 3788
63281 1 1021
63282 2 1385
63309 1 4077
63311 1 1028
63371 1 1573
63555 1 7057
63567 3 2685
63572 3 3748
63576 1 1249
63579 1 1596
63587 1 988
63590 1 1793
63604 1 725
63646 2 993
63656 7 6872
63659 1 696
63663 1 1347
63701 1 2880
63740 1 1761
63741 2 642
63765 5 1813
63788 1 3142
63797 1 817
63827 1 1179
63834 1 3002
63851 4 1757
63896 1 1174
63915 1 1055
63916 1 1072
63925 1 570
63962 1 3096
63973 1 2472
64027 1 505
64033 1 1242
64066 3 1206
64067 3 1210
64068 3 1224
64075 2 1250
64076 2 1250
64086 1 1979
64093 1 1998
64094 1 3694
64273 1 1659
64282 1 988
64297 1 752
64320 1 1816
64374 1 831
64426 1 416
64442 1 1034
64451 1 433
64455 1 1106
64467 2 1401
64468 2 831
64469 2 1141
64470 2 387
64471 2 783
64491 5 1559
64519 2 377
64586 1 832
64590 2 2177
64597 1 751
64599 1 409
64681 1 3466
64683 1 684
64912 1 499
64925 1 369
64946 1 2282
64990 1 783
64993 1 2041
65019 1 1067
65072 3 1170
65093 2 2401
65403 3 1211
65410 1 1931
65432 1 1428
65447 1 1309
65448 1 726
65494 1 127
65515 1 1671
65516 1 1590
65522 1 1469
65525 1 1339
65556 1 2099
65596 2 1788
65609 1 667
65631 1 288
65712 1 1221
65726 1 2684
65778 1 3404
65795 1 682
65800 1 1457
65838 1 1936
65847 1 859
65872 4 5814
65886 1 3075
65904 2 1952
65944 1 4400
65945 1 2536
65969 1 1157
65999 1 7992
66057 1 754
66086 1 2643
66103 1 1370
66117 2 1826
66125 3 1619
66130 1 1341
66137 1 761
66153 2 1730
66164 1 358
66180 2 529
66191 1 452
66225 1 658
66255 1 1414
66297 1 720
66310 1 8271
66321 1 691
66329 6 484
66380 2 9761
66403 1 759
66411 2 1865
66415 2 6038
66432 1 615
66464 1 1050
66470 4 842
66472 1 3818
66486 1 1876
66488 1 204
66495 1 933
66538 1 2914
66546 1 509
66559 2 5776
66648 1 1645
66669 1 1314
66677 1 1321
66679 1 849
66691 1 1652
66742 1 3877
66744 1 4068
66751 3 11896
66801 5 3195
66806 1 3247
66819 2 6321
66823 1 9403
66859 3 1547
66869 1 465
66887 1 968
66915 1 4319
66939 1 792
66955 2 612
66957 1 600
67006 4 1019
67027 1 2379
67046 1 871
67047 1 2295
67054 1 2805
67064 1 661
67069 1 531
67074 4 9837
67085 1 901
67088 1 1089
67119 1 889
67142 1 699
67194 2 1602
67195 6 6824
67196 1 2129
67265 1 2055
67294 1 1338
67302 1 876
67309 1 844
67344 1 2228
67346 1 1614
67355 1 6043
67359 2 3255
67362 1 752
67365 2 1630
67409 1 5448
67415 7 10077
67424 1 777
67443 2 1802
67452 1 3036
67454 1 5854
67519 1 10460
67555 2 1084
67561 1 368
67570 1 1055
67576 1 1529
67584 1 3111
67588 1 2174
67594 2 3023
67614 1 1941
67623 1 1432
67647 1 1230
67663 1 755
67689 1 7619
67708 1 1247
67758 1 2196
67761 1 1455
67762 1 1401
67797 1 1733
67808 1 1776
67835 1 1309
67862 1 922
67899 1 4652
67957 1 963
67958 1 997
67959 1 669
67989 1 1380
68029 1 197
68046 1 3345
68050 1 416
68061 1 3322
68075 2 950
68082 1 1865
68091 10 10665
68092 5 8126
68096 2 1075
68124 1 2400
68142 1 2271
68152 2 1752
68154 1 704
68159 1 6709
68161 1 1742
68171 1 1094
68173 1 958
68176 1 2781
68177 1 806
68178 1 814
68191 2 1316
68226 1 1021
68246 1 1002
68260 3 1973
68282 1 1506
68302 1 753
68306 1 694
68320 1 1587
68327 1 255
68330 2 8380
68336 1 1920
68337 1 840
68344 2 6836
68368 1 1969
68370 3 1656
68378 2 1880
68389 1 7515
68390 1 7515
68391 1 7515
68401 3 1206
68409 2 1250
68416 1 969
68417 1 969
68418 1 969
68421 1 2923
68426 1 806
68436 1 2388
68437 1 2115
68446 1 3669
68646 1 1168
68656 1 1355
68681 1 4179
68684 1 991
68698 2 1633
68702 1 1708
68704 2 4902
68708 1 6905
68747 1 1553
68755 1 934
68766 1 5324
68775 1 1181
68784 1 1803
68799 3 1185
68837 1 1538
68849 2 603
68850 3 588
68854 3 5781
68855 1 507
68859 2 989
68860 2 2402
68861 2 788
68862 2 2573
68876 1 1494
68879 1 1268
68885 1 757
68909 1 2457
68915 1 1241
68992 1 631
69018 1 972
69066 1 628
69327 1 565
69331 1 1693
69341 1 637
69379 1 2152
69423 1 1278
69433 1 2935
69471 1 979
69509 6 5379
69543 1 236
69690 1 2102
69694 1 836
69705 1 67
69709 1 889
69714 2 2593
69724 1 917
69725 1 1479
69823 1 983
69824 1 1647
69829 1 993
69838 2 966
69854 1 1006
69889 1 1917
69917 1 3612
69920 2 2823
69974 1 192
69975 1 923
69981 1 804
70050 1 1597
70051 1 825
70169 2 8025
70207 1 10208
70229 1 1001
70235 1 480
70249 1 743
70268 1 511
70269 1 2397
70275 1 2825
70288 1 1765
70311 1 2716
70328 3 1626
70344 2 589
70347 1 1081
70377 1 5997
70394 1 1005
70415 1 2495
70430 1 1501
70442 1 4263
70458 1 611
70460 2 552
70461 2 540
70462 2 541
70463 2 543
70464 2 548
70465 2 543
70466 2 543
70467 2 544
70468 2 549
70469 2 558
70470 2 551
70588 1 1129
70626 1 1315
70698 1 797
70737 1 2845
70739 1 2069
70742 2 761
70744 3 720
70745 1 1602
70837 1 876
70890 1 2440
70915 1 641
70929 5 6834
70938 1 1184
70951 1 917
70997 2 1088
71008 1 1074
71009 1 1220
71077 1 2876
71078 1 9605
71084 3 743
71106 1 732
71131 6 5992
71137 1 9411
71157 3 1942
71167 1 459
71174 2 836
71315 1 6723
71335 3 3121
71338 1 2157
71356 1 1035
71362 2 1353
71380 1 1120
71384 2 2877
71385 2 2877
71386 2 2880
71395 1 1529
71396 1 1529
71397 1 1529
71398 1 1529
71408 1 780
71419 1 2738
71432 1 2398
71545 1 6773
71551 1 288
71567 2 4513
71576 1 374
71581 1 1913
71587 1 691
71596 1 1056
71625 1 608
71634 1 2564
71652 1 1418
71657 2 654
71662 1 907
71664 1 1342
71683 1 1891
71694 1 404
71706 1 5275
71753 2 1100
71754 2 1287
71755 2 1099
71756 2 975
71757 2 2729
71758 2 1068
71824 1 1218
71854 1 4173
71877 1 7422
71888 1 1054
71936 1 1197
71974 1 1496
71987 4 1438
71997 1 614
71999 1 874
72000 1 811
72002 1 1963
72004 1 8626
72007 1 1256
72022 1 827
72023 1 772
72045 1 2213
72057 1 794
72066 1 7004
72067 2 9227
72081 1 3204
72087 2 1964
72114 1 489
72173 1 376
72190 1 522
72206 2 2593
72209 1 305
72213 2 3012
72229 1 1439
72242 1 1531
72289 1 278
72314 1 1495
72324 1 3100
72332 1 77
72344 2 815
72345 2 321
72347 1 1722
72365 2 338
72372 1 1766
72381 1 802
72387 1 2107
72410 2 4306
72451 1 1218
72481 2 1701
72483 1 1370
72497 1 687
72498 1 11873
72509 1 544
72515 2 924
72590 1 2848
72602 49 12545
72616 1 749
72799 1 1643
72800 1 1808
72806 1 1383
72827 2 7031
72831 3 6567
72837 2 3948
72877 1 996
72878 1 4492
72879 2 7089
72899 3 20275
72919 3 5881
72923 1 1527
72930 1 2073
72973 1 3325
72976 1 287
73001 1 636
73022 1 2763
73032 1 1083
73080 1 2339
73096 1 2375
73101 3 5854
73115 1 2759
73148 1 5628
73212 1 2390
73213 1 640
73218 4 1865
73219 1 1342
73224 1 558
73225 1 984
73228 1 570
73245 1 950
73252 1 2017
73253 1 2048
73286 2 2501
73287 2 2713
73316 1 723
73347 1 2316
73357 4 621
73364 1 568
73385 2 293
73398 1 567
73405 1 2119
73408 1 1378
73415 1 996
73535 1 1850
73556 1 53
73574 2 8025
73591 1 2230
73595 2 2131
73645 2 5683
73649 2 2033
73657 1 1439
73732 1 1250
73740 1 793
73784 4 622
73879 1 901
73899 1 829
73932 1 2612
73945 1 10857
73946 1 904
73997 3 10376
74019 1 1060
74020 1 631
74029 1 1470
74042 1 3503
74053 1 2613
74068 1 570
74091 1 1923
74094 1 3820
74106 1 855
74114 2 3421
74116 1 4873
74119 4 11686
74127 2 641
74131 1 681
74136 1 476
74142 1 3188
74156 1 1504
74203 6 11999
74270 1 1439
74275 1 1747
74356 1 1589
74417 1 865
74506 1 1008
74512 1 1312
74515 1 1068
74519 1 5618
74572 5 8808
74584 2 1755
74590 1 1461
74592 1 599
74605 1 6001
74609 2 3663
74701 1 682
74713 1 2251
74746 1 5004
74768 1 1044
74786 1 879
74791 2 630
74792 1 1680
74798 1 2970
74817 2 409
74822 2 5130
74855 1 508
74857 1 2102
74868 1 1193
74873 1 4014
74877 1 3262
74882 1 1151
74887 1 7880
74902 1 774
74916 1 1608
74929 1 1329
74932 1 1237
75067 1 286
75109 1 1277
75117 1 848
75125 1 1224
75146 1 1593
75155 1 2282
75159 1 754
75202 1 3010
75259 1 1890
75299 1 304
75307 1 1330
75330 1 1976
75471 1 3184
75505 1 1016
75510 1 1060
75511 1 1086
75529 2 8980
75530 2 2216
75531 1 1582
75532 1 2113
75554 2 2902
75611 2 293
75618 1 419
75643 2 1262
75645 1 1914
75717 2 2502
75766 1 841
75769 1 1045
75819 1 1134
75841 1 795
75848 1 1317
75917 1 1013
75962 1 1323
75969 4 5873
75976 1 542
76040 1 3213
76043 2 419
76078 1 279
76108 1 468
76156 1 768
76159 1 4003
76165 1 1767
76204 1 2051
76208 1 947
76211 1 1215
76213 1 538
76228 1 2247
76262 1 3194
76292 1 185
76304 1 5487
76306 2 688
76309 1 2573
76310 1 4929
76338 1 1039
76357 1 2792
76412 2 1272
76442 1 312
76449 1 6086
76459 1 105
76522 2 1798
76571 1 2525
76615 1 3913
76639 1 790
76648 1 306
76690 1 2184
76716 1 294
76724 1 1977
76726 1 2339
76753 1 3309
76754 1 619
76755 1 5294
76777 1 1440
76787 1 595
76797 1 1960
76833 1 1925
76870 1 1214
76908 1 451
76964 1 4663
76986 2 1145
76989 1 738
76990 1 1902
77007 1 2330
77010 1 6732
77023 1 2768
77025 1 2461
77041 1 499
77081 1 1905
77088 1 4377
77097 1 2699
77144 1 3383
77183 1 951
77187 1 320
77202 1 8001
77207 1 4809
77209 2 4122
77210 2 4271
77211 1 3451
77212 1 3474
77213 1 3532
77214 1 3477
77217 1 925
77218 1 916
77219 1 933
77221 1 973
77229 1 1441
77232 1 1018
77247 3 1786
77253 1 1729
77378 1 1421
77400 1 924
77401 1 927
77402 1 922
77403 1 986
77404 1 925
77405 1 919
77406 1 984
77407 1 1130
77408 1 983
77409 1 1148
77460 1 1071
77467 1 808
77479 1 201
77494 2 976
77495 2 1382
77496 2 856
77497 2 1890
77508 1 127
77577 2 751
77610 1 2465
77654 1 1454
77670 1 867
77803 1 711
77819 1 3260
77872 1 550
77878 1 3028
77884 1 1887
77913 1 1380
77944 3 860
77948 2 3393
77957 2 1907
78012 1 917
78026 1 63
78067 1 1940
78087 1 620
78117 1 1978
