claim claim 9318 65215343 
12 2 1981
13 1 542
16 1 1318
28 1 2843
40 1 1368
48 1 1265
56 2 996
104 3 1022
117 1 6480
131 3 14882
153 2 145
187 1 489
200 1 721
201 1 782
248 1 5568
256 2 8243
258 2 56657
263 1 442
264 1 1210
272 1 383
303 1 370
340 1 2546
367 4 618
372 4 811
373 1 1409
374 1 1582
379 1 309
384 3 1662
389 1 665
398 1 1083
406 1 1543
420 1 1422
484 1 880
500 1 1485
513 1 350
557 2 3639
611 1 1629
613 4 3927
621 2 921
624 1 6440
651 2 645
690 1 3348
725 1 7096
729 3 2727
736 3 2617
748 1 1209
759 2 1985
766 1 332
780 1 643
783 2 2303
815 1 807
825 1 574
861 1 1211
864 1 1567
886 1 5811
892 2 1418
893 1 1259
900 6 654
960 1 2769
984 1 1027
988 1 2173
993 10 10702
1000 1 2589
1007 1 1576
1048 1 1240
1050 16 992
1051 7 1264
1082 1 1118
1084 3 1247
1086 2 1477
1094 2 705
1104 4 4937
1114 2 1937
1135 3 1188
1156 1 568
1177 1 1685
1185 9 15836
1214 1 650
1218 1 708
1231 5 4288
1235 1 1164
1258 1 163
1283 1 1543
1314 1 547
1318 1 2815
1362 1 3521
1382 1 1306
1426 2 1867
1484 1 6578
1510 1 1264
1512 11 8417
1547 1 577
1565 1 2063
1574 1 1436
1597 1 3184
1614 1 1216
1624 1 1327
1625 1 1302
1634 3 30082
1636 2 752
1640 1 4776
1646 1 1170
1647 1 10572
1680 1 92
1721 1 1229
1726 1 2436
1737 1 4121
1755 1 1202
1757 1 153
1767 2 13095
1797 6 5684
1821 1 2804
1882 1 2462
1892 4 11383
1907 1 513
1940 1 848
1952 12 363
2001 2 2255
2005 1 1057
2018 1 1080
2026 1 745
2046 12 13880
2063 1 2194
2080 1 8786
2084 1 1228
2086 4 3653
2107 2 1943
2121 1 4211
2130 6 426
2131 1 1334
2133 2 1238
2147 1 946
2153 4 777
2157 3 1453
2168 1 1638
2171 2 1919
2173 1 1013
2174 2 1180
2192 3 5833
2206 1 895
2216 1 2877
2224 1 1658
2225 1 1659
2232 1 1628
2233 1 1145
2243 1 2003
2362 1 3506
2395 1 1045
2396 1 1417
2420 1 2316
2483 1 4389
2511 1 1460
2518 1 2175
2525 1 1298
2528 1 939
2539 2 484
2541 1 429
2568 3 4333
2574 1 780
2590 1 1181
2634 1 1560
2640 1 481
2713 1 622
2732 1 876
2743 1 1107
2744 1 601
2748 1 2085
2753 1 1122
2778 1 581
2796 1 400
2809 1 8131
2832 1 455
2839 1 1144
2843 3 5588
2981 1 1712
3026 1 1747
3027 2 3713
3028 1 1955
3031 1 1586
3037 2 1774
3038 1 1345
3039 1 1046
3049 2 788
3058 2 838
3079 1 522
3094 1 1813
3095 1 581
3119 1 633
3128 1 1311
3132 2 2453
3171 1 1390
3182 1 1068
3195 2 2888
3205 1 1426
3249 3 10966
3282 1 963
3297 1 860
3302 1 4954
3314 1 2098
3319 1 1682
3322 1 6038
3331 1 1153
3376 1 1139
3378 4 4137
3379 3 4900
3383 4 10722
3408 1 3212
3409 2 3574
3410 1 11224
3440 1 1888
3447 1 2791
3462 1 1044
3482 1 3281
3483 16 1094
3484 2 1416
3492 1 57
3513 4 2385
3514 1 5186
3528 1 551
3571 2 1011
3598 2 2141
3621 1 1327
3633 1 173
3668 1 8976
3687 1 3022
3727 1 17097
3791 2 6472
3794 6 2141
3831 1 3725
3832 1 7941
3847 3 27149
3863 2 4935
3889 1 1113
3922 2 4998
3932 1 1367
3953 1 3340
3955 1 1130
4029 1 1276
4044 2 1940
4046 1 767
4051 2 2046
4053 1 3172
4067 1 3490
4068 24 8611
4069 3 3379
4073 1 769
4076 5 4324
4104 1 1081
4106 2 2006
4116 6 5941
4117 6 5825
4118 6 5861
4121 1 371
4144 2 2194
4145 2 6518
4154 1 716
4170 2 3258
4172 2 4084
4184 1 4232
4196 3 6780
4211 1 6879
4212 2 1877
4223 4 855
4225 2 718
4251 1 2307
4256 1 2171
4261 1 295
4265 1 791
4279 1 4524
4296 6 6626
4297 18 7592
4298 14 7423
4302 2 3335
4320 1 638
4332 1 1645
4348 4 3712
4354 1 2037
4356 1 3544
4373 1 4212
4374 1 5584
4388 1 1065
4396 1 1447
4419 1 920
4423 1 1170
4426 1 1533
4429 1 723
4440 3 1273
4456 1 1644
4468 1 3425
4473 4 2419
4489 1 2853
4490 1 1394
4491 1 1897
4492 2 2351
4493 1 2130
4506 1 1210
4520 1 1588
4521 1 1703
4522 3 2966
4523 1 2304
4524 1 2046
4525 1 1554
4540 1 1717
4542 1 199
4543 1 181
4544 1 336
4545 1 187
4546 1 301
4547 1 230
4548 1 189
4550 2 3021
4579 1 1909
4581 1 2280
4615 1 3920
4620 1 2669
4629 1 1080
4642 1 1398
4671 1 1282
4713 1 502
4732 1 823
4740 1 2057
4742 1 419
4752 1 5044
4753 1 5716
4778 2 960
4782 8 6257
4826 1 662
4833 1 2973
4838 2 5657
4850 1 1746
4853 4 1774
4855 2 1500
4861 1 2242
4865 1 2104
4868 1 1260
4886 1 1349
4896 1 1508
4905 1 7440
4906 2 8000
4907 2 8001
4908 2 8001
4909 2 4646
4910 2 4646
4911 2 4646
4917 2 4602
4934 1 2573
4935 2 2499
4942 1 1955
4956 1 500
4961 3 1198
4972 1 783
4975 1 4050
4985 1 487
5067 1 1224
5092 1 3536
5102 1 1341
5135 18 1764
5141 1 1631
5151 1 945
5165 3 820
5174 1 1596
5181 1 694
5189 1 3419
5202 1 1878
5216 1 643
5238 1 1215
5247 4 6498
5252 1 2357
5291 4 1187
5294 1 481
5305 1 395
5319 2 1028
5320 1 736
5396 9 6921
5415 1 3073
5420 2 1911
5443 1 574
5454 12 6641
5455 19 15074
5499 1 44062
5527 1 2431
5531 2 1561
5546 1 1150
5576 2 4592
5578 3 13045
5645 1 1175
5650 3 2097
5656 8 1357
5792 2 2530
5801 1 459
5842 1 1750
5855 2 1038
5894 7 4730
5895 2 1433
5907 1 775
5913 1 2199
5917 1 431
5933 1 571
5935 6 2831
5941 1 593
5942 1 896
5978 1 821
5980 1 538
6004 1 1153
6039 1 2773
6049 1 24
6071 1 1552
6086 1 873
6087 2 1469
6091 1 2877
6094 1 1655
6142 2 1106
6148 2 2770
6163 1 4318
6164 1 2727
6177 1 916
6180 1 5070
6181 2 5519
6297 9 3321
6309 11 862
6312 1 279
6336 2 3254
6351 1 1596
6360 1 6957
6361 12 4951
6362 6 2640
6363 19 4787
6364 17 7210
6528 1 803
6533 1 1057
6536 1 1267
6552 1 965
6554 1 1032
6559 1 1745
6624 1 1092
6627 2 842
6632 2 2264
6633 1 703
6646 2 1067
6653 2 577
6669 1 1845
6731 1 240
6732 1 200
6733 1 185
6947 1 1049
6988 1 2056
7003 1 1299
7054 1 1061
7059 1 671
7085 1 970
7093 8 1350
7116 1 1032
7121 1 3511
7179 1 920
7491 1 7708
7497 1 1070
7504 3 5695
7524 2 1121
7528 1 987
7529 6 5927
7535 1 1561
7542 1 750
7551 1 757
7556 1 1714
7570 5 9650
7571 1 5357
7573 2 4835
7574 1 2115
7576 1 6690
7578 3 5752
7580 1 9484
7651 1 1236
7663 1 1465
7679 1 564
7704 1 3369
7705 3 4973
7707 1 1904
7708 1 1422
7709 1 2370
7710 3 4326
7711 1 1660
7713 1 1920
7717 1 461
7723 3 4731
7725 1 56
7727 1 2490
7736 1 1605
7744 1 2378
7756 1 2279
7757 1 2005
7758 1 1880
7764 1 2460
7766 2 727
7769 1 958
7780 1 214
7781 1 188
7897 1 785
7899 1 1265
7916 1 726
7928 1 808
7942 6 2590
7955 3 1555
7966 1 2772
7970 2 755
7974 1 2073
8002 1 533
8004 4 2007
8060 1 1283
8085 1 2815
8092 1 3223
8093 7 20088
8106 2 4128
8122 1 5509
8131 1 1630
8146 1 1848
8152 2 6009
8162 1 957
8177 1 2272
8178 1 2357
8184 1 1042
8237 1 726
8249 5 7006
8265 1 640
8270 1 1577
8274 2 896
8278 2 2385
8285 1 3377
8290 8 1567
8293 1 3686
8294 1 1249
8295 2 1426
8296 1 1165
8297 6 12133
8301 1 2361
8306 1 1820
8317 2 1157
8322 1 698
8327 2 1437
8336 1 1754
8370 1 2235
8372 1 3639
8380 1 2765
8382 1 19553
8383 1 1991
8393 2 3193
8408 4 5505
8409 4 3217
8435 1 2734
8436 2 1685
8437 1 1413
8438 1 2090
8442 3 1911
8459 3 2749
8460 2 2825
8462 3 3138
8463 1 2137
8464 1 1583
8476 1 279
8477 1 187
8478 1 178
8479 1 197
8480 1 185
8481 1 193
8482 1 195
8508 2 5791
8553 1 3414
8559 1 4026
8566 1 69
8570 2 1765
8571 1 2786
8576 2 2461
8578 2 1656
8639 1 2193
8665 2 877
8702 1 2609
8703 2 1323
8722 1 1681
8732 2 2463
8740 1 1067
8829 1 2495
8832 1 915
8842 1 327
8905 1 1110
8909 1 566
8912 1 1802
8927 1 2370
8974 1 1453
9025 1 383
9057 1 1319
9122 1 648
9145 1 1263
9151 1 828
9155 1 432
9164 2 717
9169 4 2306
9171 1 165
9175 3 1821
9188 1 1630
9193 3 2601
9207 4 560
9302 1 3665
9311 1 1417
9323 1 1192
9329 1 908
9331 2 984
9340 1 927
9348 1 4125
9382 1 1609
9413 1 1215
9414 1 1114
9415 1 1070
9416 1 1927
9417 1 1074
9418 1 1081
9419 2 1689
9424 1 1274
9426 2 1273
9430 2 2392
9431 2 3717
9432 2 1601
9443 1 708
9446 4 6689
9447 1 762
9451 1 988
9453 2 985
9471 1 2467
9472 2 2285
9486 1 3118
9490 1 2974
9492 1 6158
9545 1 4422
9567 7 5360
9577 1 1476
9579 1 911
9601 2 976
9604 2 2143
9605 1 2284
9609 1 1117
9642 1 794
9653 1 1497
9654 1 837
9670 1 1046
9698 1 2152
9710 1 1429
9770 1 350
9776 3 3757
9785 1 953
9793 1 1284
9796 1 6203
9800 5 3911
9801 2 3599
9804 2 5129
9805 1 5191
9806 1 6009
9819 3 319
9828 1 2395
9911 1 1621
9926 1 682
9932 1 1087
9998 2 2317
10003 2 517
10010 1 656
10022 3 3292
10023 2 1926
10024 2 1900
10067 4 2395
10073 1 1739
10077 1 861
10082 2 931
10083 1 2180
10087 2 1266
10088 1 933
10096 1 2420
10098 1 1684
10101 8 12486
10120 1 1997
10121 1 2683
10122 1 2093
10123 1 2079
10218 1 491
10219 2 3447
10227 1 1110
10231 1 9229
10251 1 1893
10253 2 2883
10255 2 2770
10262 1 523
10289 2 8941
10298 1 2030
10314 2 4681
10321 1 1516
10332 1 2802
10334 1 1084
10341 1 770
10347 3 275
10350 1 1251
10394 2 1163
10406 4 839
10415 1 1163
10423 2 1332
10432 1 411
10490 1 1137
10493 1 727
10507 1 730
10508 1 456
10571 1 100
10591 2 7784
10594 1 729
10624 4 1876
10663 1 1315
10668 1 2803
10693 1 1867
10711 1 1129
10731 2 2189
10804 3 795
10810 1 761
10816 1 707
10842 4 1865
10861 1 3297
10889 1 779
10909 1 561
10933 3 840
10940 4 7910
10949 1 4327
10952 1 966
10954 1 2770
10991 2 1582
10997 1 1555
11033 1 1125
11061 1 1473
11078 1 922
11081 2 1920
11106 22 713
11127 1 1514
11131 4 4066
11274 1 1015
11284 1 883
11292 1 1815
11365 2 1363
11378 1 6044
11387 1 1357
11388 1 2085
11433 1 557
11442 1 1013
11444 2 585
11449 1 782
11454 3 1364
11492 1 7197
11499 1 1089
11564 4 2793
11571 1 941
11590 3 1805
11625 1 237
11627 1 1347
11629 1 1114
11630 1 535
11665 1 1141
11676 1 982
11721 1 3482
11751 1 2194
11845 1 505
11846 1 186
11847 1 250
11848 1 178
11849 1 351
11850 1 178
11851 1 204
11854 2 3272
11859 1 4320
11869 3 2608
11872 1 406
11964 2 1141
11967 2 4440
11968 16 1385
11976 1 521
11979 2 1755
11999 1 1414
12105 1 1448
12112 1 673
12116 8 3604
12126 1 49
12156 1 13898
12164 1 3148
12195 1 903
12203 3 722
12223 1 6167
12229 2 2226
12275 1 707
12276 1 3077
12281 2 1155
12293 1 1151
12298 2 2322
12304 1 1066
12344 1 2265
12350 1 1687
12354 1 1113
12358 2 1928
12367 2 9446
12369 4 1673
12382 1 1023
12430 1 1737
12437 1 1351
12495 10 3368
12496 5 1055
12514 2 6560
12520 1 6343
12526 1 21005
12586 1 730
12609 1 1268
12627 1 4932
12636 1 2613
12638 1 6177
12647 3 4896
12654 1 1371
12657 1 1597
12674 18 6435
12678 1 7529
12692 3 5477
12693 2 5024
12701 1 7084
12710 2 1223
12728 1 1561
12748 1 3182
12751 2 5083
12766 2 1423
12771 1 2032
12798 1 365
12803 1 1141
12814 2 46677
12815 1 1045
12817 1 450
12818 1 3788
12838 2 2280
12885 2 6601
12892 1 973
12921 3 1723
12925 2 2837
12932 1 598
12937 1 355
12941 1 587
12948 1 2044
12963 5 1118
12979 1 1831
12993 1 1184
13019 1 1129
13058 6 11569
13084 1 1445
13089 2 1017
13122 5 8864
13148 2 1862
13149 1 2234
13156 2 3209
13157 1 3217
13158 2 2677
13181 1 1602
13204 1 1820
13207 2 1202
13212 2 3298
13226 1 4464
13229 1 3224
13239 1 2825
13243 1 1319
13258 1 631
13268 1 2970
13271 1 194
13343 1 5631
13374 1 2277
13407 1 3423
13410 4 1059
13411 2 2036
13467 1 502
13472 2 2549
13475 1 2437
13486 2 7532
13497 1 6632
13518 8 16194
13520 1 4296
13532 3 1389
13548 1 6866
13556 3 2449
13559 7 1873
13560 2 1869
13580 1 1858
13614 1 1453
13618 1 28398
13619 1 1734
13627 2 3259
13629 2 585
13630 1 660
13651 1 840
13653 1 907
13657 1 1124
13658 3 1095
13659 2 3326
13670 1 2094
13695 1 2748
13696 1 2538
13697 1 3718
13698 1 2026
13702 3 715
13704 1 1002
13713 1 1764
13768 1 608
13795 20 709
13811 5 424
13814 1 675
13833 3 1191
13835 1 1581
13840 1 1860
13855 3 1396
13857 1 1902
13862 1 3335
13871 1 6056
13908 2 955
13910 2 477
13914 1 997
13928 1 4471
13944 1 786
13948 3 270
13949 1 762
13954 1 530
13985 8 11629
13986 4 1238
13992 1 479
14010 2 1649
14014 1 3934
14026 1 925
14047 8 1828
14080 1 51830
14100 1 675
14105 2 9306
14112 1 793
14117 2 1112
14136 1 1858
14137 1 447
14183 1 1196
14210 1 1997
14211 1 1561
14217 1 2332
14220 2 2570
14262 1 844
14266 1 617
14268 5 573
14278 1 1192
14301 2 2773
14325 5 1946
14354 1 350
14356 1 893
14368 1 1063
14393 1 208
14423 1 747
14424 1 175
14426 1 2114
14428 1 2122
14429 2 2422
14454 1 463
14461 1 650
14472 1 1594
14512 2 2539
14535 1 2058
14536 1 1661
14541 2 821
14549 1 360
14550 1 3417
14563 2 595
14565 1 1141
14585 2 935
14593 2 821
14624 1 1719
14697 1 567
14708 2 1144
14710 1 1341
14711 1 1117
14715 1 1357
14724 2 5113
14742 5 687
14747 1 1544
14748 1 1244
14754 1 1214
14756 1 3039
14766 2 964
14768 1 1208
14769 1 2384
14773 3 4394
14795 2 2968
14797 1 2125
14798 1 1575
14799 1 1859
14815 1 505
14820 3 4854
14833 1 7321
14868 1 1699
14889 1 1511
15003 2 548
15006 1 923
15023 1 1799
15033 1 1150
15100 3 1367
15114 3 1801
15122 1 1151
15123 3 797
15133 1 972
15136 1 875
15196 2 8919
15198 1 1662
15204 1 3771
15245 4 7336
15267 1 622
15279 2 1500
15292 1 2070
15308 1 634
15373 2 65
15386 2 100
15426 1 463
15511 1 1482
15578 1 1021
15587 4 2694
15589 1 1222
15590 1 3007
15592 1 849
15664 2 1538
15742 1 2329
15743 1 2329
15744 1 2328
15757 13 7636
15810 2 4391
15816 1 475
15823 1 906
15829 2 937
15832 2 2615
15849 1 1972
15853 1 1348
15856 1 774
15957 8 8025
15980 2 2709
15982 5 4744
16008 2 6422
16044 6 3747
16050 1 583
16084 1 842
16091 1 591
16092 1 1157
16094 1 3553
16103 3 1875
16115 1 1340
16116 3 1298
16117 1 2540
16118 1 2119
16119 1 1598
16177 1 974
16178 2 4155
16180 2 805
16184 1 1312
16201 3 3976
16203 1 1469
16231 2 2052
16261 1 2583
16288 1 1218
16289 1 1395
16314 1 1260
16316 1 3859
16345 2 1095
16416 1 750
16426 3 1061
16433 1 2178
16435 1 1396
16440 3 1049
16455 1 1401
16490 1 4549
16506 2 2246
16507 1 1847
16509 6 1890
16545 7 929
16551 1 818
16563 1 1207
16574 1 2535
16624 1 1916
16627 1 621
16628 3 1063
16643 1 2232
16652 1 1090
16700 2 3762
16703 1 889
16705 6 3332
16711 1 2292
16719 1 3541
16722 1 5137
16748 2 3753
16760 1 627
16780 2 2693
16784 2 2834
16798 1 2575
16809 1 1881
16813 1 4537
16818 1 10022
16836 1 4094
16839 1 568
16843 3 15992
16849 2 6516
16850 2 4537
16857 1 2221
16858 1 2375
16859 1 2243
16860 2 2032
16861 1 2164
16862 1 2184
16863 4 2074
16864 1 2089
16867 1 1515
16869 1 3108
16893 1 5510
16899 1 1633
16932 1 4752
16942 6 12267
16943 3 10757
16968 2 2878
16984 1 5305
17009 1 3115
17010 3 3499
17012 1 3524
17013 3 9772
17017 1 1106
17019 1 1349
17061 1 3094
17065 1 907
17083 1 1481
17097 1 2690
17106 2 3919
17108 1 2260
17121 2 6700
17122 5 9203
17143 3 2987
17159 1 1453
17170 1 1231
17185 1 1163
17190 3 1264
17202 1 2274
17207 1 1171
17209 1 818
17223 1 1025
17236 1 458
17242 2 2797
17244 1 10025
17248 3 2188
17298 1 777
17299 1 429
17300 1 759
17304 6 5827
17327 1 1088
17350 1 466
17351 2 4853
17378 2 3128
17428 1 990
17453 4 907
17478 1 795
17494 1 4778
17495 1 1540
17507 1 992
17509 1 1726
17514 1 358
17522 1 658
17525 2 569
17555 10 14925
17569 1 514
17578 1 816
17589 2 12110
17590 1 6514
17592 1 3800
17599 8 4342
17605 1 1687
17632 1 1226
17653 6 5954
17660 1 591
17668 1 1358
17669 1 5167
17670 6 5050
17671 1 3280
17706 1 446
17710 1 413
17716 1 2066
17717 2 3139
17723 1 564
17725 1 1561
17735 1 1588
17739 1 675
17758 6 28986
17761 2 2572
17789 2 2222
17801 1 368
17802 1 818
17803 2 909
17804 1 2146
17818 5 4410
17823 1 505
17842 1 744
17845 1 1053
17848 3 2460
17875 1 507
17876 1 1647
17884 1 238
17892 2 533
17948 1 494
17965 1 421
17978 1 471
17981 4 1639
17992 1 724
18004 4 5488
18036 9 3329
18049 1 457
18058 1 1082
18081 4 1322
18091 1 1496
18095 1 901
18105 2 278
18120 1 540
18121 2 1538
18132 2 1192
18136 1 1353
18146 1 5814
18147 2 763
18156 1 1412
18172 1 1289
18262 2 1741
18263 1 2623
18264 3 3866
18278 1 1495
18287 1 1632
18291 1 945
18295 1 509
18307 1 890
18308 2 1341
18317 1 2463
18338 1 403
18351 1 938
18355 1 1022
18361 1 780
18366 1 2921
18379 1 1166
18385 3 6531
18390 1 1388
18395 3 6885
18396 4 12783
18405 1 878
18409 8 1928
18452 1 771
18463 2 1607
18467 2 1259
18525 1 867
18526 2 2537
18528 2 1827
18574 1 1309
18580 1 811
18583 5 1790
18620 1 3943
18644 1 2789
18645 1 1794
18654 5 15696
18658 1 1985
18687 1 3261
18689 1 2550
18708 1 1066
18710 1 928
18775 1 298
18779 2 2121
18820 1 406
18823 1 3093
18827 3 1355
18832 1 484
18841 4 483
18853 2 1536
18863 1 2559
18885 1 1038
18919 2 764
18941 1 1110
18965 26 20789
18966 3 7427
18967 7 13159
18968 7 2667
18979 2 1480
18983 2 583
19002 1 1321
19025 1 1347
19038 1 2622
19042 9 3327
19044 3 841
19049 2 3228
19066 1 1990
19067 1 2040
19079 5 16454
19092 3 2849
19093 1 3292
19094 3 3568
19095 3 4478
19106 1 1080
19148 1 3277
19186 1 6942
19191 1 569
19236 3 1530
19313 1 987
19367 1 1627
19369 1 1689
19379 1 4781
19383 2 3259
19384 1 5576
19390 2 3260
19495 3 3545
19504 1 6279
19544 2 1036
19545 9 9624
19558 1 5943
19559 3 6375
19560 5 8071
19562 1 7991
19584 1 1045
19599 2 716
19606 2 278
19615 1 1558
19622 2 1077
19632 9 1361
19656 1 5073
19675 1 1016
19678 1 6792
19681 4 10198
19684 1 2620
19756 1 1091
19765 2 1024
19792 4 3925
19816 2 1533
19818 1 4232
19825 1 643
19857 1 385
19877 1 1239
19883 6 5667
19884 3 5873
19885 1 1727
19886 1 1995
19887 1 3613
19888 1 1794
19890 1 2034
19892 1 2205
19893 3 6194
19894 5 2667
19895 1 3842
19896 1 4758
19897 2 3289
19898 3 4338
19899 2 6214
19912 1 1384
19933 1 1797
19943 1 1820
19946 1 1413
19960 1 1151
19961 1 2081
19970 2 1209
19982 1 1251
19983 1 2232
19984 1 3052
19985 1 8977
19986 1 1620
19987 1 3502
19988 1 1164
19989 1 1297
19990 1 1486
19995 1 736
19998 1 810
19999 1 1543
20001 1 2461
20002 5 2451
20003 3 2457
20004 1 2446
20005 1 2489
20006 2 2516
20009 1 667
20013 1 2102
20016 1 3043
20017 2 5287
20035 1 423
20036 1 197
20037 1 197
20038 1 191
20039 1 215
20040 1 214
20041 1 195
20042 1 257
20043 1 183
20044 1 190
20045 1 195
20046 1 181
20047 1 220
20048 1 289
20049 1 185
20050 1 178
20051 1 178
20052 1 339
20053 1 287
20055 1 185
20056 1 198
20057 2 5239
20153 1 1172
20157 1 644
20169 1 2907
20176 1 348
20193 1 1368
20200 2 30304
20208 1 979
20233 1 3879
20245 1 737
20255 3 970
20265 2 1580
20301 1 1064
20375 1 885
20410 2 389
20421 13 12627
20422 1 12210
20556 1 693
20587 1 999
20621 1 2416
20639 1 2734
20641 1 2659
20668 1 187
20678 2 4807
20679 2 6821
20684 1 12924
20698 1 3736
20706 20 8010
20707 25 35797
20708 17 24696
20711 8 6388
20713 1 3777
20779 2 1150
20824 2 794
20831 1 5707
20833 1 5441
20835 1 1832
20860 1 733
20861 1 2236
20900 1 1355
20942 3 1805
20991 1 207
20994 1 1080
20995 1 1840
21046 6 10160
21049 1 384
21056 1 1401
21072 1 780
21082 1 2229
21097 2 1144
21120 2 1094
21151 1 1904
21157 1 1251
21171 1 272
21183 1 674
21188 1 1794
21225 4 4913
21231 1 1035
21266 3 4449
21283 3 1603
21285 1 888
21318 2 7108
21321 3 7104
21325 1 1030
21336 1 4593
21359 7 13839
21377 1 1374
21379 1 2870
21384 1 1330
21391 16 4613
21400 1 1853
21411 10 3667
21434 1 441
21500 1 4276
21503 2 13267
21507 6 7373
21515 6 1144
21537 1 548
21552 1 3528
21559 1 1049
21563 1 2416
21600 3 2318
21606 1 1264
21624 1 1341
21644 1 11884
21648 3 6487
21649 1 2333
21658 1 1361
21661 6 5628
21714 1 1537
21741 2 1979
21742 1 1069
21758 1 2344
21773 2 955
21778 1 661
21781 2 2594
21805 1 611
21809 1 1129
21821 1 2616
21833 9 1883
21840 2 6308
21861 6 1816
21879 1 554
21887 1 893
21890 2 2113
21932 1 659
21940 1 962
21943 1 2866
21945 2 1790
21963 1 2029
21969 1 4332
21986 1 1177
21987 2 1422
21991 1 1915
21993 1 2572
21994 1 1872
21996 1 2579
21998 1 2024
22027 1 1931
22032 4 4462
22037 1 1338
22044 1 912
22045 1 2727
22046 1 1341
22047 1 2622
22052 1 1487
22065 2 839
22067 1 1179
22070 1 1420
22092 1 8456
22093 1 10393
22105 3 2168
22108 2 2108
22124 2 1782
22125 1 1410
22133 1 349
22141 2 2921
22185 1 476
22217 1 1505
22384 1 390
22428 1 3769
22474 1 1110
22478 1 1558
22481 2 749
22487 1 1766
22498 1 2128
22499 2 511
22500 1 247
22535 2 1608
22546 2 1147
22584 1 2300
22603 1 779
22610 2 1706
22639 1 3403
22784 2 1080
22867 6 2220
22871 1 295
22878 1 1217
22880 1 1358
22881 1 1554
22889 1 992
22908 1 2390
22909 1 1035
22928 2 394
22956 1 3079
22976 1 1924
22983 1 1051
23015 1 1253
23029 2 1645
23035 1 1061
23038 1 807
23064 4 7447
23138 1 952
23145 1 1118
23172 4 142
23219 2 1740
23360 1 1678
23362 1 1820
23363 1 3369
23364 1 2776
23366 2 1782
23370 2 1836
23371 1 1501
23373 1 1729
23380 1 452
23391 2 1572
23401 1 2739
23411 1 2833
23427 2 1196
23460 2 1670
23468 1 1323
23496 1 1509
23509 2 945
23526 1 2714
23539 1 157
23559 1 2529
23583 1 3023
23641 4 522
23676 2 1013
23677 1 390
23698 1 1290
23763 4 3449
23774 1 575
23783 1 1502
23792 6 1958
23829 8 8025
23870 1 202
23871 1 179
23873 1 196
23874 1 173
23875 1 215
23876 1 211
23877 1 199
23878 1 177
23880 1 179
23881 1 181
23882 1 377
23883 1 204
23884 1 181
23885 1 181
23886 1 180
23887 1 230
23888 1 180
23889 1 205
23904 1 1172
23968 1 579
23969 1 2090
24087 2 919
24092 1 558
24093 2 4836
24094 1 3157
24096 3 3824
24097 1 3411
24098 3 2429
24109 1 618
24118 1 2970
24123 1 1686
24124 1 2547
24133 1 411
24157 2 10311
24162 1 1116
24171 4 446
24173 1 643
24203 1 1006
24219 12 7326
24225 1 1419
24234 1 822
24256 1 1172
24272 2 3323
24280 3 1043
24344 1 1323
24422 8 863
24457 17 5563
24539 1 3939
24566 2 3241
24568 6 5820
24616 1 6643
24626 5 261
24674 1 626
24688 1 459
24717 1 1067
24727 1 1692
24737 1 1993
24738 2 4416
24747 1 5509
24748 1 4627
24775 6 6446
24785 3 1066
24789 2 4093
24793 5 1676
24807 2 3878
24839 1 1127
24840 2 9627
24842 1 3916
24844 2 1882
24865 2 2318
24870 1 817
24879 1 557
24884 1 7321
24885 1 7349
24897 2 4588
24898 2 4667
24899 2 3770
25054 3 1376
25064 1 1909
25066 3 1878
25075 1 419
25076 3 568
25128 2 3351
25160 1 3316
25165 2 595
25174 2 490
25231 1 2410
25233 5 4985
25234 3 4341
25235 9 7935
25258 1 351
25275 1 2035
25306 1 1017
25323 1 1577
25347 1 33
25353 1 382
25363 1 2545
25364 1 122
25374 1 62
25409 2 4429
25422 2 2424
25430 1 1037
25443 1 248
25444 1 855
25487 8 2868
25490 1 4592
25492 1 3700
25508 1 1364
25522 1 2549
25541 1 561
25542 2 2369
25544 1 236
25555 4 3167
25568 4 2008
25607 1 974
25664 1 825
25668 1 1796
25686 1 583
25694 1 1084
25700 1 709
25706 1 325
25752 3 841
25767 1 1166
25770 1 1009
25772 2 2171
25789 1 343
25806 1 404
25853 1 1173
25893 1 194
25900 2 990
25902 1 2698
25950 1 723
25954 1 567
25957 2 1091
25961 13 1637
25967 2 1738
26001 1 216
26021 2 215
26054 1 1978
26059 1 1273
26095 1 5070
26156 6 926
26163 7 8177
26197 1 569
26205 2 1479
26220 5 1669
26225 1 554
26245 1 884
26249 4 1432
26258 7 7349
26287 2 483
26288 1 1399
26294 2 1451
26319 1 895
26343 3 4639
26361 1 1386
26382 2 3521
26388 2 3682
26407 1 1765
26411 1 2625
26449 1 7560
26459 1 1563
26469 2 750
26470 2 1686
26473 1 1023
26498 15 32423
26513 1 799
26533 1 1057
26539 1 1346
26546 2 1029
26571 1 1195
26590 1 2388
26624 1 1595
26631 5 8025
26680 1 521
26682 2 307
26705 1 1443
26722 1 1894
26723 1 1586
26727 1 4405
26730 1 1483
26734 1 1445
26772 1 1743
26780 1 1264
26802 1 973
26812 1 1962
26821 1 4111
26830 1 3419
26832 1 1182
26836 1 2928
26837 1 978
26856 2 1093
26872 2 717
26888 2 1987
26890 2 1680
26951 1 42
26969 1 190
26978 1 1136
27031 1 1129
27034 16 765
27036 4 6909
27037 1 4999
27152 1 1516
27161 3 1496
27199 2 2023
27202 2 938
27256 1 710
27272 1 1722
27286 2 1789
27287 5 1709
27295 1 386
27308 1 7530
27309 1 2591
27311 1 1044
27321 7 7344
27334 3 170
27391 2 4345
27392 2 4376
27393 4 643
27454 1 891
27461 1 4148
27510 1 1431
27545 2 991
27551 1 842
27572 1 841
27606 1 919
27626 1 1130
27654 2 2800
27665 1 870
27691 1 1205
27706 1 1893
27749 1 1575
27778 2 1834
27786 1 612
27808 1 2245
27812 1 3494
27826 1 942
27843 1 832
27868 2 2792
27869 2 1042
27875 1 817
27881 1 1142
27896 1 226
27897 1 192
27898 1 203
27899 1 175
27903 1 286
27904 1 191
27925 1 2804
27973 1 1504
27997 1 689
28003 1 1375
28027 1 843
28032 1 1700
28047 1 907
28061 1 1621
28065 1 3068
28068 1 1208
28078 1 919
28105 1 3202
28109 1 461
28121 1 981
28202 2 1911
28203 2 1911
28204 2 1911
28218 1 1482
28224 1 744
28249 1 426
28277 1 2560
28278 1 558
28342 1 374
28414 1 3568
28419 1 3437
28431 1 1798
28432 1 1851
28433 1 1842
28434 1 1842
28446 5 9326
28452 1 808
28474 1 1304
28480 2 1670
28536 1 189
28537 1 297
28538 1 345
28539 1 181
28541 1 173
28542 1 385
28543 1 190
28544 1 185
28545 1 196
28550 1 1171
28565 1 3391
28596 1 66
28675 1 1685
28689 1 1875
28691 1 1330
28692 2 1065
28695 1 1876
28696 1 3559
28790 2 387
28799 1 4713
28804 1 884
28813 3 1461
28815 1 2670
28840 1 12057
28859 1 1280
28959 2 1911
28960 2 1911
28961 2 1911
28962 2 1911
28963 2 1911
28964 2 1911
28981 1 1946
28989 1 1744
29053 3 2517
29058 1 1399
29066 21 1322
29072 1 698
29087 2 325
29119 2 1828
29153 1 859
29289 1 351
29303 1 2173
29365 1 876
29385 1 3769
29392 1 775
29399 2 1118
29404 1 644
29408 1 2208
29414 1 1661
29418 1 3556
29420 1 439
29440 1 322
29446 3 2735
29464 1 522
29488 1 204
29490 3 622
29493 1 3306
29518 1 814
29523 2 10213
29524 1 1209
29529 6 4211
29531 2 652
29557 1 7051
29558 1 3685
29559 1 3217
29601 1 707
29603 1 1169
29607 1 1086
29608 1 1950
29622 1 810
29625 2 10200
29631 1 1819
29632 1 2000
29642 1 435
29648 2 8110
29650 2 2908
29715 1 4501
29720 5 808
29721 8 6842
29722 2 9450
29788 1 2365
29802 3 4831
29805 1 1359
29806 1 1218
29823 1 2631
29825 2 3891
29843 1 921
29859 1 850
29877 1 2973
29880 3 1752
29887 1 3070
29891 1 4871
29910 2 5908
29915 2 615
29990 1 235
29991 10 10803
29999 1 486
30022 1 430
30065 1 1794
30073 2 2480
30087 1 666
30132 1 1913
30143 1 1666
30145 3 1077
30196 1 385
30257 1 1126
30273 1 2533
30300 1 6017
30314 3 1766
30332 1 1157
30338 3 541
30352 1 5973
30377 2 674
30390 3 1242
30445 1 719
30483 2 2924
30509 1 475
30516 1 781
30521 1 1136
30532 1 288
30540 1 3125
30555 4 4027
30574 1 113
30595 1 1820
30602 6 3594
30607 1 1263
30619 5 948
30642 1 3081
30646 1 3639
30649 3 2455
30656 1 192
30658 1 183
30659 1 179
30747 1 4167
30756 2 905
30759 1 1879
30762 1 982
30797 6 800
30803 2 729
30808 1 2494
30810 1 1740
30848 5 1294
30868 1 2055
30887 1 10988
30920 1 911
30926 2 1007
30936 1 2343
30971 1 1467
30972 2 877
30975 1 1381
30976 3 530
30999 3 1474
31005 1 423
31029 1 886
31040 1 1514
31041 1 1280
31058 1 3446
31086 2 1136
31102 1 988
31123 1 2317
31187 1 579
31229 1 4414
31264 1 1761
31288 4 2833
31291 4 325
31292 1 1061
31308 1 1198
31326 1 410
31343 1 1798
31350 1 1047
31355 3 5480
31380 1 1553
31401 1 1892
31419 1 1480
31444 2 3894
31446 1 1347
31449 1 1693
31464 1 750
31465 1 1141
31500 7 826
31508 3 3777
31512 4 857
31543 2 2159
31566 1 1244
31603 1 986
31604 2 966
31689 2 2682
31691 1 1773
31694 7 3337
31696 2 521
31703 2 1955
31744 1 7219
31762 1 915
31767 1 1437
31790 1 1335
31792 1 1389
31793 1 784
31794 1 820
31825 2 3867
31829 5 14263
31838 1 790
31862 1 786
31867 1 643
31868 1 1596
31880 1 450
31922 1 812
31936 2 3664
31944 1 1454
32017 1 206
32033 3 1250
32116 1 35
32124 1 1277
32194 1 934
32201 1 495
32216 1 1582
32217 1 1083
32226 4 3217
32238 1 4115
32240 1 3457
32241 4 5341
32249 1 638
32275 1 856
32288 9 3260
32299 9 3515
32308 1 1418
32312 12 836
32314 1 2456
32330 1 739
32388 3 24490
32399 1 1839
32400 1 1264
32407 1 1478
32409 1 897
32414 6 1665
32426 15 3386
32471 1 2840
32556 2 313
32561 1 832
32564 1 1067
32565 1 1204
32566 1 1495
32582 1 538
32608 3 1910
32654 1 45225
32687 1 1255
32718 7 5437
32719 7 5014
32742 1 922
32764 2 2272
32765 2 2291
32766 2 2278
32814 2 642
32822 1 2367
32900 1 1072
32901 1 515
32913 1 774
32970 3 1070
32975 24 2044
32976 1 1811
33004 2 1703
33043 1 146
33078 3 5728
33080 1 2203
33084 1 1311
33088 1 839
33188 10 10275
33212 1 1506
33222 1 1818
33237 1 751
33240 7 9576
33246 1 1782
33257 1 996
33269 1 453
33276 1 1090
33277 2 2857
33287 1 896
33310 1 9499
33329 2 2558
33334 1 2979
33335 2 9267
33336 7 353
33365 1 974
33372 1 1921
33475 1 5068
33489 1 1302
33501 16 1328
33508 1 964
33509 1 2659
33590 1 3769
33598 1 971
33631 1 2116
33683 2 952
33691 1 828
33692 1 738
33703 1 18894
33708 3 1605
33717 5 930
33739 1 1711
33755 1 694
33797 3 1450
33798 1 1847
33859 1 7228
33872 1 1046
33906 1 1561
33936 1 1150
33937 2 14231
33952 1 793
33962 1 227
33977 1 2001
33988 1 1595
34001 1 1517
34004 2 5029
34007 2 191
34029 1 3971
34035 1 2575
34039 15 23394
34046 1 3718
34047 3 1237
34052 12 11789
34105 2 493
34154 1 547
34156 1 602
34182 1 512
34196 1 1544
34254 1 763
34255 1 670
34268 1 3482
34286 1 590
34288 2 1049
34298 1 6813
34301 1 440
34309 1 975
34318 1 1326
34335 1 1518
34381 2 753
34384 1 748
34399 3 738
34454 3 1630
34461 4 673
34465 1 5422
34480 1 2110
34514 1 2438
34521 1 3172
34524 1 879
34526 1 2380
34535 1 3465
34540 1 975
34552 1 2327
34553 1 1919
34554 1 1390
34555 1 1364
34556 1 2148
34566 1 496
34573 1 2200
34574 1 2252
34575 2 2031
34576 2 3903
34578 2 2374
34579 1 1171
34590 1 205
34670 2 1968
34687 2 327
34689 1 1908
34690 1 914
34723 1 966
34790 1 662
34791 1 1079
34793 3 953
34805 1 784
34808 2 1397
34811 1 612
34820 6 7148
34843 2 983
34854 1 1136
34860 1 3758
34871 1 647
34878 1 2024
34901 3 18201
34917 1 1013
34924 1 986
34926 1 1110
34927 2 834
34938 1 5944
34964 15 1938
34972 2 2699
34974 2 931
34977 1 1179
35067 1 1233
35146 4 1199
35149 1 9307
35169 1 631
35182 1 13213
35317 1 1885
35333 1 5425
35340 5 4545
35344 1 1355
35365 2 687
35371 1 1620
35399 2 6478
35458 6 388
35460 1 662
35480 1 875
35524 1 2484
35529 1 1080
35532 1 4534
35596 1 1116
35643 1 451
35681 1 1430
35688 2 705
35743 1 4461
35763 2 1308
35768 1 1871
35820 1 1281
35828 2 5244
35840 2 5256
35852 1 3364
35877 2 1096
35888 1 1614
35926 2 1322
35983 8 2665
35987 2 184
35993 1 1442
35994 2 743
36023 6 5721
36033 3 3256
36042 1 6053
36051 2 3640
36057 4 2918
36079 2 1377
36104 1 530
36109 7 12698
36113 1 842
36141 1 736
36177 2 2374
36222 2 1383
36223 2 2477
36239 1 2990
36276 3 1101
36277 1 868
36284 1 1599
36287 1 1827
36294 1 3160
36295 1 882
36298 1 1028
36311 1 2920
36313 1 1437
36333 1 1086
36344 1 1190
36359 2 1665
36363 2 2502
36373 1 2127
36391 1 7515
36429 1 1513
36432 1 744
36449 4 404
36481 2 741
36498 1 8241
36614 6 2919
36627 1 331
36689 1 1112
36695 1 1231
36732 3 18263
36757 2 2134
36770 1 2401
36797 1 6365
36799 1 1043
36815 1 422
36822 4 870
36847 1 282
36869 1 1242
36910 1 499
36961 11 1431
36981 1 772
36993 1 753
37001 3 909
37011 2 2340
37059 3 735
37067 1 1829
37102 3 1529
37106 1 3136
37134 1 424
37135 1 956
37139 1 1195
37167 1 1085
37172 1 2396
37175 4 1376
37177 2 10680
37205 2 2953
37216 1 1659
37278 2 2964
37323 1 7159
37324 1 5244
37331 1 551
37337 1 1916
37343 1 852
37359 1 2181
37362 2 1647
37368 1 1160
37388 3 936
37418 2 1786
37419 21 13883
37422 1 917
37423 12 13622
37436 1 9722
37445 2 1889
37456 1 2083
37458 2 1744
37466 1 632
37489 1 991
37496 2 2380
37501 1 4449
37502 1 1948
37545 4 2346
37546 1 2709
37579 1 4434
37583 1 1026
37594 1 1661
37614 2 4640
37615 1 2824
37616 10 8646
37628 1 1169
37650 2 2418
37656 1 1075
37657 1 1079
37671 1 2694
37672 1 1421
37684 1 1530
37695 3 1123
37696 2 1183
37698 1 5406
37708 2 894
37712 1 8990
37713 1 1369
37714 1 2598
37715 1 1489
37725 2 2498
37726 2 1722
37728 1 659
37735 4 1882
37747 1 4991
37752 1 196
37753 1 175
37754 1 184
37755 1 473
37756 1 248
37757 1 200
37758 1 184
37759 1 197
37761 1 187
37762 1 185
37763 1 217
37764 1 225
37765 1 423
37766 1 204
37767 1 178
37770 1 182
37771 1 182
37772 1 198
37773 1 179
37774 1 191
37775 1 244
37776 1 181
37777 1 186
37865 2 553
37889 1 4249
37904 3 1805
37918 2 993
37925 5 689
37932 5 17484
37933 1 1338
37959 2 3028
37961 1 2110
37962 1 2971
37994 2 558
38027 2 1907
38035 1 1861
38067 7 2040
38089 1 3093
38135 1 2718
38159 1 1705
38192 1 275
38194 1 2925
38195 1 2948
38200 3 3117
38201 1 1043
38221 1 1823
38240 1 1492
38253 1 1048
38262 1 520
38267 1 892
38288 1 1083
38307 2 1626
38318 2 1214
38323 1 425
38350 2 1056
38356 22 1322
38357 1 148
38360 1 955
38408 1 2338
38412 3 2954
38436 3 970
38443 6 1740
38445 1 2338
38447 1 2944
38448 1 6071
38456 4 758
38459 2 335
38471 2 878
38536 1 1157
38543 1 1310
38553 1 1138
38561 1 1357
38620 1 1203
38629 1 1020
38648 1 877
38660 1 1365
38668 2 449
38679 2 4243
38685 1 2596
38686 1 2997
38700 1 1259
38712 2 9962
38714 1 2044
38715 2 5564
38734 1 636
38738 1 768
38744 1 621
38748 1 2192
38758 2 1048
38781 2 2162
38791 3 284
38796 1 3677
38807 4 2365
38812 1 2023
38851 2 4217
38880 1 1528
38890 2 934
38897 2 1868
38916 1 6621
38944 1 3052
38978 2 446
38996 1 584
38999 2 4065
39001 1 4864
39010 1 2843
39012 1 1147
39053 3 1408
39054 1 1497
39091 1 308
39122 1 1147
39128 1 1085
39129 1 1061
39169 2 982
39175 1 3064
39179 1 2122
39180 1 1551
39198 1 2105
39240 1 1187
39241 6 7079
39243 1 1097
39245 1 4290
39252 1 1207
39256 1 1626
39257 1 2445
39258 2 1773
39264 2 7187
39277 1 2053
39278 2 5705
39279 4 5440
39280 1 2767
39283 1 2198
39286 3 1507
39292 1 4867
39312 1 1335
39313 1 2054
39314 1 1784
39329 19 32477
39429 1 657
39432 1 458
39440 2 869
39465 1 984
39470 1 2520
39476 2 556
39477 2 1465
39478 1 1398
39485 1 880
39494 1 867
39519 1 1394
39523 1 852
39532 1 2114
39537 1 1083
39544 3 1182
39557 2 1481
39585 2 1891
39586 1 940
39677 1 61
39695 1 3613
39699 1 3266
39700 1 1391
39708 2 918
39709 1 626
39719 1 1016
39720 3 1188
39794 1 383
39799 1 994
39806 1 1057
39814 1 135
39940 3 1790
39941 1 545
39942 1 797
39952 1 1363
39958 1 1932
39978 1 30166
40014 1 1723
40037 4 3833
40053 1 3632
40065 1 3427
40082 1 1394
40087 1 1024
40088 1 1024
40089 1 1024
40096 6 919
40116 1 763
40131 3 5534
40152 1 601
40163 1 1175
40167 2 1108
40168 2 919
40183 1 1540
40194 1 582
40227 3 865
40236 1 793
40287 1 10480
40346 2 1147
40347 2 461
40354 1 777
40413 1 455
40414 2 3454
40451 1 1598
40522 1 960
40526 5 937
40538 14 14088
40541 4 4650
40550 1 3684
40552 1 4962
40586 2 8741
40624 1 1840
40630 1 5684
40648 1 7183
40662 2 1447
40663 1 2472
40668 2 3116
40676 1 1343
40690 6 1709
40739 6 5778
40763 1 3495
40786 1 90
40791 1 722
40825 1 1760
40841 1 2352
40891 4 1470
40893 1 1136
40942 1 1831
40944 2 5673
40947 2 421
40951 1 869
40959 1 5445
40985 1 2120
41013 3 2867
41049 3 2451
41052 6 6547
41060 3 2541
41080 2 1531
41085 1 1046
41098 2 1211
41113 1 1884
41114 1 2690
41118 1 2966
41147 1 1261
41152 1 1295
41235 2 2506
41237 1 235
41299 1 1272
41327 1 4020
41434 1 1152
41439 1 2390
41539 1 1301
41676 2 1348
41701 2 957
41702 2 1250
41713 2 1310
41720 1 1655
41726 1 2949
41735 1 659
41757 1 487
41765 1 2363
41789 2 925
41798 1 856
41799 1 990
41800 1 1008
41818 1 3884
41826 1 2287
41837 1 1734
41841 2 1074
41845 1 368
41875 1 668
41906 1 581
41949 2 1257
41952 1 555
41991 2 2217
42023 1 1026
42030 1 2922
42054 2 2132
42114 1 5169
42129 2 4735
42149 1 9906
42161 2 9423
42167 1 582
42168 1 707
42170 2 4262
42179 1 1490
42208 3 1800
42222 1 1163
42248 1 153
42252 1 236
42257 2 194
42258 2 187
42294 2 577
42303 2 1086
42304 2 1726
42309 2 5367
42314 1 1280
42357 4 1544
42362 1 10503
42415 2 893
42425 3 5948
42428 1 655
42436 1 871
42449 2 695
42466 3 597
42469 1 1089
42476 1 2207
42477 1 1308
42515 2 405
42536 1 1190
42550 1 2066
42559 1 2800
42567 1 3374
42569 1 3491
42570 3 856
42585 1 2844
42591 1 1191
42592 1 1042
42593 1 2229
42600 1 2138
42629 1 3606
42630 1 2369
42632 1 2515
42639 1 845
42640 2 12636
42648 2 4779
42653 2 2753
42666 1 247
42667 1 1132
42752 1 1192
42763 20 6680
42767 1 8035
42770 1 823
42773 1 741
42775 5 735
42837 1 2818
42869 2 992
42891 1 920
42912 1 1943
42921 5 2767
42995 1 1142
42997 1 661
43025 2 3087
43044 1 1869
43061 1 3075
43069 1 1058
43072 1 1152
43085 3 1036
43219 1 184
43220 1 209
43221 1 231
43223 1 180
43225 1 233
43229 8 8025
43248 7 281
43253 2 1588
43257 1 1460
43326 22 1789
43331 1 1364
43382 1 604
43421 3 853
43429 1 1731
43436 1 322
43451 1 794
43457 1 1538
43474 1 2661
43476 3 2726
43477 2 22611
43483 2 2218
43526 2 1427
43541 1 436
43555 2 256
43558 1 709
43565 1 368
43566 7 1261
43576 1 5522
43637 1 1684
43649 5 4774
43702 1 168
43724 3 3202
43749 1 2541
43763 8 2590
43777 2 3197
43785 1 2976
43788 2 2027
43790 1 165
43792 1 904
43796 14 5679
43798 1 5617
43800 4 839
43808 1 1297
43918 1 628
43921 2 9448
43943 1 2720
43953 1 1000
43976 1 771
44023 1 1497
44028 1 1537
44056 1 2924
44082 1 257
44091 6 5768
44104 3 909
44125 1 6435
44129 1 1404
44168 1 1371
44192 1 226
44210 1 1542
44212 1 1650
44218 1 6003
44219 1 1788
44226 1 724
44234 1 561
44247 1 2369
44248 2 1952
44273 2 846
44286 1 5425
44294 1 1110
44303 1 2027
44304 1 1936
44305 1 1936
44325 1 1073
44334 4 1214
44354 2 929
44372 1 5509
44391 1 1590
44396 5 427
44472 1 1241
44479 1 5563
44487 1 1650
44489 1 785
44708 1 475
44745 2 748
44747 1 1189
44768 1 2523
44780 3 3261
44787 1 1714
44788 1 1806
44789 2 1330
44815 1 1508
44817 1 2611
44819 1 403
44830 1 458
44927 3 2922
44956 1 7041
44957 1 10010
45076 2 545
45084 5 6555
45088 1 802
45155 2 672
45170 1 1514
45189 1 6148
45213 2 1282
45217 2 1038
45232 2 1922
45245 4 1068
45250 7 871
45273 1 2683
45285 1 1078
45318 2 1155
45368 1 1076
45390 1 1067
45402 1 933
45406 2 1233
45464 2 597
45477 1 795
45568 1 209
45569 1 197
45570 1 188
45571 1 248
45572 1 177
45574 1 178
45577 1 184
45578 1 195
45581 8 8025
45610 1 1452
45625 1 481
45822 1 1426
45824 1 2571
45826 2 8235
45859 2 21421
45864 3 869
45969 3 1208
45978 1 2264
46019 1 626
46029 1 703
46069 4 3643
46070 6 3987
46073 2 767
46092 1 692
46106 2 1123
46147 1 2188
46153 2 3988
46169 1 5011
46285 1 713
46289 1 4086
46291 1 2129
46318 1 2246
46352 1 836
46372 1 1372
46387 1 1422
46388 11 81863
46411 1 452
46418 1 1254
46432 2 3117
46434 1 2480
46443 1 518
46461 1 1311
46468 1 779
46474 1 517
46475 1 939
46487 1 374
46497 2 590
46505 4 6279
46518 2 1475
46545 3 1493
46551 3 8597
46552 1 9921
46568 1 644
46599 1 1778
46608 1 297
46609 1 2149
46611 2 2127
46615 1 3442
46627 4 4426
46637 2 1010
46647 1 1861
46649 1 836
46670 1 1475
46696 3 1298
46699 2 1461
46725 1 1492
46740 1 1167
46744 2 1837
46751 2 878
46754 1 1931
46758 1 762
46761 1 833
46778 1 838
46782 1 1711
46791 1 889
46795 1 783
46811 1 2035
46812 1 3767
46813 1 1367
46814 2 2350
46837 1 2432
46846 1 180
46848 1 181
46849 1 192
46910 5 1422
46911 1 1569
46919 2 708
46932 1 957
46940 2 1893
46942 1 1392
46950 1 2171
46954 9 5186
47002 1 1260
47004 1 939
47012 2 1990
47058 1 892
47061 1 638
47062 1 830
47076 1 868
47080 1 530
47086 1 935
47095 3 6494
47126 1 692
47139 2 6464
47145 1 592
47151 2 5857
47160 1 4319
47174 1 341
47196 1 662
47199 1 3686
47204 1 1502
47205 1 1857
47214 1 966
47258 20 2107
47270 2 2703
47307 1 900
47313 1 288
47362 1 931
47368 1 414
47376 1 842
47389 1 785
47398 7 5716
47444 9 3470
47449 9 2847
47474 1 5150
47482 1 1551
47512 2 1268
47528 1 4592
47529 1 155
47559 4 11224
47606 3 1497
47613 1 792
47646 1 490
47649 1 3343
47654 1 3047
47682 1 1552
47683 1 1475
47684 1 1718
47717 1 1207
47718 1 1045
47719 1 1086
47720 3 1789
47753 1 250
47800 1 10768
47804 1 739
47810 1 375
47814 1 1518
47910 3 1921
47946 1 61
47979 1 4184
48002 17 2505
48004 1 384
48005 1 1484
48014 1 160
48031 2 4280
48033 1 661
48037 1 1203
48041 2 1145
48044 1 592
48069 3 3129
48078 5 11919
48084 2 749
48085 2 2386
48086 1 1062
48087 3 2749
48110 2 682
48111 1 2300
48124 1 1276
48147 1 1291
48170 1 993
48180 20 25164
48182 1 1935
48187 1 1085
48194 1 1229
48197 1 8238
48212 1 840
48217 1 6375
48220 1 1146
48224 1 3121
48234 16 7467
48247 1 2933
48270 1 2441
48282 1 1204
48297 2 1099
48305 1 667
48327 1 509
48337 1 520
48338 1 2760
48359 4 3631
48383 1 1983
48428 1 495
48459 1 337
48491 1 545
48501 3 3845
48521 1 324
48553 2 457
48554 1 521
48556 1 759
48564 1 1430
48566 1 3055
48608 1 3133
48609 1 3196
48618 19 1867
48661 1 1320
48710 1 1101
48716 1 194
48720 1 579
48738 1 1001
48747 1 1809
48783 1 1440
48786 1 282
48879 1 546
48906 1 1435
48914 1 1166
48917 1 6627
48922 13 2935
48924 5 3784
48925 2 4731
48949 1 1128
48954 4 4360
48955 1 2415
48960 2 2073
48994 2 649
48997 1 51
49000 2 3581
49018 1 2181
49019 1 520
49021 2 2436
49028 1 1058
49034 2 2025
49042 1 935
49056 1 2188
49074 1 2567
49084 10 1244
49100 9 2086
49124 1 1073
49156 1 1148
49166 1 540
49173 2 10707
49174 6 9273
49175 7 9938
49176 6 11069
49178 1 578
49182 2 1444
49187 1 1258
49203 1 1682
49256 1 1312
49257 1 1855
49258 1 1049
49259 1 953
49260 1 1319
49261 1 1071
49271 1 1100
49282 3 4687
49323 1 5236
49362 1 699
49367 1 2106
49409 1 598
49432 8 181
49441 2 826
49456 1 2513
49457 2 2074
49459 1 3328
49460 1 810
49472 1 836
49480 2 988
49483 1 4047
49496 1 346
49522 6 6160
49523 1 488
49524 1 866
49525 1 1096
49543 1 1789
49563 5 427
49572 1 876
49573 2 866
49575 6 1035
49600 1 1153
49626 1 1327
49664 1 190
49665 1 204
49666 1 180
49667 1 223
49668 1 190
49669 1 179
49670 1 183
49671 1 187
49679 1 2751
49680 1 5727
49702 1 351
49734 1 2337
49736 1 660
49746 1 368
49765 1 1418
49776 1 9407
49778 1 881
49832 1 2018
49844 1 6972
49860 1 2471
49891 1 673
49904 1 1193
49923 1 738
49940 2 1997
49958 3 1831
49970 1 1052
49988 1 2850
49989 1 1751
49990 1 3509
49991 1 1914
50002 1 1163
50005 1 982
50006 2 1086
50012 3 3608
50025 2 5763
50037 1 1127
50047 1 1726
50086 1 60
50125 1 1136
50173 1 1992
50177 1 1060
50186 2 5705
50190 1 977
50196 2 3087
50204 1 2083
50210 1 2088
50213 1 1995
50216 1 1284
50217 1 1971
50218 1 1089
50236 1 1937
50263 1 1162
50264 1 1178
50283 1 1595
50285 3 4950
50287 1 2869
50288 1 2416
50298 1 1458
50328 1 1690
50338 1 946
50339 1 1054
50343 2 3220
50345 2 2018
50367 1 1807
50370 2 2048
50371 3 1728
50376 1 1371
50377 2 2084
50388 1 592
50409 2 2104
50439 3 3976
50449 1 1878
50464 1 2946
50481 1 2364
50489 1 1085
50497 1 13268
50498 1 13445
50503 1 2290
50507 1 317
50508 1 635
50521 1 2941
50542 3 2306
50544 1 791
50552 2 2672
50632 1 1689
50634 1 391
50677 1 794
50712 1 407
50722 1 3030
50743 2 1666
50749 1 1017
50779 1 1410
50780 1 1361
50781 3 1384
50782 1 1453
50784 2 2392
50810 1 1115
50821 1 497
50849 1 1019
50853 9 3547
50865 1 1252
50878 1 923
50888 3 2791
50913 1 1817
50966 1 8029
50983 3 16660
50988 1 1822
50989 1 3307
50990 1 2134
50991 1 851
50992 1 1320
50995 1 1053
50997 1 1017
50999 2 500
51017 2 3675
51022 1 2835
51046 1 790
51062 4 2206
51099 11 1212
51100 1 2250
51101 1 2052
51104 4 1340
51107 1 457
51120 1 2116
51123 2 212
51141 1 1862
51147 1 3111
51176 1 976
51226 9 2481
51300 1 603
51301 1 765
51370 1 773
51372 1 789
51373 1 874
51426 1 3586
51448 1 734
51460 4 1604
51493 1 1461
51516 7 4186
51596 1 456
51600 1 1428
51603 1 2317
51607 1 320
51669 1 931
51672 1 3436
51764 1 2864
51768 1 1070
51790 1 1341
51805 1 952
51817 1 643
51827 2 2148
51846 1 1126
51858 1 3972
51861 1 961
51870 2 437
51885 1 844
51891 1 6407
51899 1 12169
51913 1 732
51993 1 12689
51994 1 9298
52018 1 3486
52100 3 2791
52111 1 3330
52140 1 3824
52145 1 1011
52146 1 10691
52162 1 1594
52164 1 734
52212 1 782
52243 1 359
52260 1 1065
52271 2 8131
52275 2 1430
52300 11 6036
52303 2 1966
52305 1 1093
52385 1 309
52396 1 4756
52400 2 1455
52415 3 2114
52421 1 1746
52440 3 6680
52442 1 1703
52449 1 3942
52452 1 375
52457 1 4403
52475 1 1358
52485 1 1304
52486 1 2426
52487 1 1464
52500 5 3237
52501 1 1203
52513 1 1070
52561 8 52057
52565 1 885
52568 1 838
52571 1 508
52587 1 916
52591 1 333
52592 1 1343
52603 1 3071
52604 3 316
52627 2 1261
52628 1 1306
52629 1 1444
52631 1 4596
52652 2 1339
52699 1 744
52709 1 1796
52710 2 207
52727 2 4203
52798 1 746
52803 16 1669
52936 1 2566
52945 1 779
52977 4 1736
52988 2 24350
52991 1 620
52995 1 283
53037 1 902
53039 1 1539
53044 1 1024
53046 1 6992
53126 3 859
53158 3 9225
53209 1 1662
53270 1 413
53307 3 1762
53346 1 1122
53367 1 1856
53375 1 1170
53424 1 5193
53430 1 48057
53442 1 8599
53452 1 1057
53464 1 666
53491 6 5993
53511 4 4733
53518 1 134
53524 2 1461
53546 1 2364
53557 9 2541
53596 1 1721
53597 1 721
53598 1 800
53599 1 646
53600 1 1756
53602 1 1819
53606 9 470
53613 1 1723
53621 1 968
53638 3 969
53654 1 2802
53682 2 1860
53717 2 4413
53726 1 2312
53768 3 2855
53773 1 1265
53784 2 1362
53787 2 992
53836 2 1441
53837 1 3485
53845 2 2571
53861 1 635
53866 1 1764
53867 1 1992
53917 3 715
53918 1 1250
54029 1 184
54030 1 200
54033 1 455
54035 1 527
54036 1 193
54037 1 221
54038 1 179
54040 1 354
54119 2 553
54121 2 1116
54125 1 600
54134 1 2948
54140 1 1791
54142 1 2860
54144 4 2965
54163 1 685
54187 1 4739
54189 1 436
54218 1 612
54256 1 593
54280 1 777
54291 2 1911
54292 2 1911
54293 2 1911
54349 3 12411
54350 2 8318
54358 1 843
54363 1 547
54364 1 441
54375 2 5885
54399 1 5059
54441 1 4709
54456 1 1473
54470 1 2185
54497 2 1589
54559 1 2260
54576 1 1577
54583 4 941
54586 1 1015
54601 1 413
54619 5 10647
54626 1 1166
54651 9 1877
54660 1 947
54862 1 256
54924 1 714
54930 1 1003
54973 1 1697
54974 1 1777
54979 1 380
54980 1 729
55000 3 174
55056 1 1176
55078 1 1284
55094 3 12123
55115 1 1111
55146 1 2594
55148 1 975
55151 4 1332
55306 1 788
55327 3 6079
55423 1 1343
55434 1 1232
55455 1 823
55478 1 1070
55497 1 4177
55501 3 2314
55515 1 1874
55520 3 945
55536 1 49965
55584 1 1087
55614 2 5399
55619 2 988
55628 1 2339
55673 1 1167
55742 1 1027
55872 1 182
55873 1 179
55874 1 225
55875 1 221
55876 1 252
55877 1 180
55878 1 188
55879 1 215
55880 1 175
55881 1 209
55882 1 209
55919 4 3288
56025 2 970
56183 1 1942
56184 3 1126
56185 1 626
56186 1 1104
56191 1 2260
56196 1 1404
56198 1 712
56201 2 1323
56223 3 5116
56225 1 1378
56247 2 967
56251 1 1666
56265 1 1324
56267 2 1449
56268 1 612
56273 1 2200
56283 1 1928
56295 1 1017
56321 1 2422
56426 1 1399
56431 1 169
56445 3 2121
56477 1 4251
56489 1 5171
56494 1 1522
56495 1 1972
56498 1 2455
56500 3 2556
56505 1 5118
56514 1 1583
56519 9 7799
56520 1 1275
56522 1 3726
56524 1 4137
56543 1 890
56590 10 2070
56606 1 1356
56630 2 3641
56658 2 1079
56662 1 897
56669 2 2701
56689 2 1387
56701 4 2806
56707 3 1732
56727 2 974
56770 1 2972
56776 1 69
56789 1 743
56801 2 5727
56805 2 1441
56806 1 2202
56849 1 1501
56855 1 800
56859 2 969
56861 1 1250
56889 1 820
56961 4 7535
56992 9 468
57001 2 7758
57024 2 5130
57179 1 446
57188 6 824
57190 1 1657
57216 1 921
57271 2 1039
57273 1 1248
57286 1 2048
57287 1 1705
57288 1 2261
57292 1 1043
57296 1 856
57299 1 1272
57319 1 1304
57352 1 504
57359 2 1917
57372 1 2559
57388 1 3103
57431 1 3175
57433 1 990
57445 1 944
57461 1 1199
57510 1 2365
57511 1 2052
57514 1 1041
57518 1 3333
57523 1 1045
57546 2 1271
57651 4 6526
57659 2 917
57661 1 769
57665 1 1013
57742 1 1058
57743 2 2000
57748 1 1258
57769 1 3472
57800 2 1391
57808 1 633
57809 1 1242
57810 1 1482
57821 2 4929
57828 1 596
57829 1 2379
57834 2 4576
57876 1 1080
57878 1 3882
57880 2 956
57881 1 2310
57890 2 2563
57892 1 1014
57908 1 893
57910 1 1801
57911 1 1835
57912 1 1885
57913 1 1261
57914 1 2836
57945 2 2600
57964 2 1922
57990 2 1694
58002 1 1518
58071 1 193
58073 1 171
58075 1 196
58077 1 173
58078 1 184
58079 1 247
58080 1 205
58081 1 275
58082 1 202
58083 1 186
58084 1 175
58085 1 181
58086 1 189
58087 1 259
58088 1 178
58089 1 189
58090 1 222
58091 1 227
58215 1 1221
58216 1 1715
58226 3 2030
58231 5 4145
58245 1 1193
58247 1 19391
58251 1 4547
58298 3 476
58392 2 1911
58393 2 1911
58394 2 1911
58395 2 1911
58396 2 1911
58397 2 1911
58398 2 1911
58399 2 1911
58400 2 1911
58401 2 1911
58402 2 1911
58403 2 1911
58425 1 802
58433 3 2227
58479 1 963
58486 3 1104
58503 1 2202
58747 1 1652
58779 1 437
58808 1 101
58812 1 476
58830 1 2010
58844 9 3246
58846 2 2959
58852 3 3464
58866 6 1688
58873 2 713
58925 4 1726
58964 2 5289
58965 2 5140
58966 2 5767
59072 3 10092
59081 2 1600
59161 2 898
59164 1 1218
59170 2 677
59171 1 1633
59187 1 979
59189 4 10518
59192 1 769
59195 1 623
59214 1 604
59215 1 1368
59219 1 1647
59262 2 1268
59263 1 5357
59275 1 667
59293 6 1254
59309 2 1651
59310 2 1560
59322 2 857
59347 3 9699
59348 7 10477
59349 5 8147
59350 2 8331
59390 1 1152
59394 1 1328
59396 1 420
59397 1 3596
59400 3 1212
59415 1 902
59417 9 1841
59421 1 1923
59422 1 1540
59430 1 3685
59433 1 1186
59434 1 2472
59441 2 1940
59452 2 1493
59459 1 1393
59462 1 1879
59468 1 4334
59470 2 3154
59473 1 4291
59479 1 2405
59486 1 1273
59487 1 1447
59493 1 684
59495 1 2353
59497 2 1102
59502 1 2133
59507 1 1225
59522 1 1856
59523 3 1877
59524 1 1325
59526 1 1089
59556 1 2338
59561 3 4211
59564 1 1594
59570 3 1256
59574 1 1852
59575 2 864
59576 1 679
59577 1 949
59582 1 1698
59590 1 1196
59591 1 1374
59592 4 2574
59593 1 1584
59594 1 1660
59597 1 1676
59598 1 1721
59599 2 1077
59600 1 794
59602 2 886
59619 2 3498
59621 1 2882
59627 1 4734
59630 3 5288
59631 4 2500
59639 2 3423
59640 1 5056
59642 5 3464
59647 1 1537
59651 1 1919
59662 2 14951
59670 1 1595
59672 1 3130
59678 1 1480
59679 6 2650
59680 1 2653
59681 1 3350
59695 2 2300
59698 1 2181
59712 1 4670
59729 6 1041
59770 1 1910
59771 1 2668
59777 1 6060
59809 1 1442
59816 1 862
59820 1 1834
59821 1 1475
59841 1 713
59843 4 6525
59874 3 4939
59879 1 1719
59882 1 806
59891 1 1275
59898 1 4986
59900 1 3360
59906 1 889
59908 2 619
59909 1 3894
59918 2 9598
59925 1 3361
59926 1 3221
59982 2 4938
59986 1 4731
59987 3 5303
59988 2 5229
59992 13 842
60019 3 5237
60021 1 2368
60060 1 899
60063 7 3984
60064 4 3872
60065 1 3606
60066 7 4785
60069 1 3188
60074 1 1151
60091 1 976
60148 1 401
60149 1 441
60171 1 1344
60173 2 2847
60215 2 2296
60216 1 1578
60224 1 8194
60225 1 2094
60226 2 2054
60227 2 2086
60228 1 2197
60240 1 1594
60250 1 1405
60251 1 1629
60252 1 1550
60253 1 889
60254 1 1078
60259 1 492
60268 1 363
60300 1 1826
60318 3 3852
60319 1 4138
60328 1 1340
60343 1 1358
60348 1 191
60359 2 698
60373 1 368
60384 1 604
60394 1 1136
60426 1 1355
60429 11 5933
60430 2 2173
60439 1 897
60464 1 1098
60466 1 1155
60467 1 841
60475 1 1223
60476 1 1333
60485 1 2859
60487 1 1120
60524 1 765
60527 1 786
60529 1 1952
60536 1 1572
60541 1 1488
60623 1 1555
60661 1 4572
60665 6 1611
60671 3 3451
60686 1 1454
60693 1 7521
60696 1 834
60701 1 1999
60702 1 1966
60703 1 1672
60747 1 1472
60750 6 12275
60757 1 988
60760 1 1737
60776 1 1098
60778 1 3600
60785 3 956
60794 1 1921
60827 1 2424
60934 2 1005
60956 3 2287
60957 3 3093
60975 1 92
60998 1 2178
61002 1 1476
61016 1 1771
61020 1 13801
61021 1 5166
61026 1 719
61043 2 4069
61054 1 1507
61055 1 1513
61069 1 366
61070 1 186
61071 1 311
61072 1 193
61117 1 2465
61122 3 1779
61167 2 3616
61169 1 3257
61172 1 427
61178 1 2893
61186 9 14302
61187 9 15707
61188 14 29700
61245 2 1084
61255 4 4815
61256 1 2242
61263 1 1798
61268 1 2756
61269 4 8764
61287 2 2272
61356 1 265
61366 1 1509
61391 1 5684
61409 3 3387
61412 1 293
61416 1 1659
61418 1 2160
61443 1 1702
61497 2 5567
61526 2 1292
61543 1 1462
61553 1 671
61626 1 1747
61628 1 7244
61629 1 1176
61642 1 889
61643 2 586
61659 6 6067
61668 3 11710
61669 3 5944
61680 3 2168
61690 2 2512
61693 1 1481
61696 2 1162
61713 1 4885
61736 1 3608
61739 1 601
61765 1 2458
61768 1 485
61777 2 1421
61800 9 1282
61801 4 1303
61817 2 533
61818 1 1458
61822 1 5496
61823 2 3825
61825 4 2161
61826 2 3738
61830 2 2081
61845 1 3591
61847 1 1464
61878 2 2819
61879 2 2166
61880 1 2723
61887 1 654
61894 1 3336
61895 1 1396
61898 2 2787
61899 1 2006
61900 1 2025
61907 1 3429
61909 2 3209
61911 1 984
61923 1 722
61924 1 6503
61977 2 504
61986 1 725
61995 2 1094
61999 1 1306
62066 1 709
62087 1 4114
62096 1 958
62111 1 6309
62142 1 2600
62152 1 2461
62154 2 571
62158 1 1281
62204 2 8201
62212 2 986
62264 5 749
62268 2 1449
62299 1 7136
62310 1 3144
62318 2 2185
62333 1 370
62407 2 859
62463 1 1381
62468 1 2405
62472 1 837
62497 4 986
62518 4 1297
62539 1 452
62566 6 271
62588 1 8596
62596 2 2402
62613 2 5274
62620 1 1011
62642 9 7441
62653 1 1055
62659 1 670
62689 1 1217
62692 1 1474
62693 4 5347
62694 4 2218
62697 1 1926
62723 9 3363
62727 9 3232
62752 11 886
62758 1 2293
62759 5 1339
62766 1 8596
62767 2 14162
62768 2 9553
62774 1 1461
62775 1 2968
62778 17 1898
62779 4 2483
62789 10 3394
62824 2 4199
62839 1 1047
62865 1 860
62866 2 1794
62890 1 1078
62899 1 692
62902 2 2612
62914 1 2398
62917 1 1002
62929 4 5384
62951 3 2817
62958 1 1187
62992 1 5430
62996 5 707
63049 1 1162
63050 1 1158
63051 1 1657
63054 3 1936
63058 3 1372
63059 1 1717
63060 1 1082
63061 2 5120
63062 1 1067
63063 1 1595
63064 1 1202
63065 1 1209
63066 1 1695
63077 2 5251
63093 1 3111
63124 1 778
63132 1 1565
63158 1 912
63163 2 2048
63167 5 3539
63168 2 2328
63197 1 7220
63221 4 1689
63245 3 991
63263 4 3119
63265 2 1866
63271 1 1472
63309 2 4077
63310 1 2477
63342 2 1326
63356 1 1174
63371 1 1573
63372 5 1597
63411 10 1780
63452 1 212
63456 1 234
63457 1 177
63458 1 180
63459 1 190
63460 1 183
63462 3 3556
63504 2 4125
63507 2 1696
63516 3 644
63564 5 3674
63565 5 3099
63567 1 2685
63572 1 3748
63573 1 786
63579 1 1596
63588 1 835
63597 1 1946
63627 1 102
63647 1 324
63656 4 6872
63686 1 3010
63768 1 337
63769 1 370
63779 1 2453
63803 1 2123
63810 1 1000
63828 1 481
63838 1 3268
63875 1 595
63949 21 1469
63961 1 1470
63972 1 1998
63979 1 933
63980 1 749
63985 1 978
64010 1 2508
64015 1 2612
64019 1 613
64021 1 4309
64031 1 751
64032 1 1854
64033 1 1242
64034 3 2927
64086 3 1979
64094 1 3694
64181 1 183
64182 1 225
64183 1 189
64184 1 226
64185 1 213
64186 1 408
64187 1 212
64189 1 337
64192 1 213
64193 1 202
64295 1 1792
64302 1 2600
64323 1 1309
64350 2 20899
64376 1 2975
64382 1 392
64397 3 738
64407 1 1172
64410 1 1829
64422 1 317
64427 1 96
64430 2 389
64453 2 10145
64458 3 652
64464 1 679
64491 1 1559
64507 2 1911
64508 2 1911
64509 2 1911
64560 1 595
64562 1 950
64573 1 751
64611 3 2134
64613 1 975
64638 2 1553
64647 2 7320
64653 1 1553
64654 2 980
64833 1 365
64848 1 1187
64879 1 915
64951 1 1419
64959 1 1034
64974 7 1043
64993 1 2041
65062 1 1719
65077 1 2772
65092 1 2579
65099 1 2357
65100 1 420
65101 1 540
65104 1 8712
65354 2 1071
65366 1 1282
65398 3 1016
65400 2 331
65412 1 15
65436 1 1127
65438 1 1287
65449 11 607
65463 1 440
65486 1 595
65522 1 1469
65525 1 1339
65528 1 674
65544 1 259
65556 1 2099
65558 1 385
65575 1 580
65582 1 731
65594 1 1539
65596 2 1788
65609 1 667
65664 3 413
65699 1 956
65719 1 1648
65726 2 2684
65748 2 1674
65790 1 5117
65833 1 900
65835 1 801
65839 1 178
65850 1 644
65872 2 5814
65951 1 1360
65956 8 3157
65976 1 2618
65978 1 3467
65979 1 4694
65989 1 270
65995 3 6936
66006 2 843
66015 1 4361
66053 5 976
66055 3 1289
66083 2 610
66086 1 2643
66092 1 4332
66113 2 1368
66123 2 1344
66148 1 850
66153 1 1730
66154 2 1614
66162 1 3524
66177 6 2510
66231 3 1159
66253 1 2409
66268 1 1257
66310 1 8271
66340 9 1753
66410 3 1064
66414 1 1699
66415 1 6038
66427 1 807
66431 1 2939
66472 1 3818
66479 1 1154
66509 1 32
66518 1 709
66527 1 611
66531 2 1226
66542 2 1829
66556 2 988
66581 1 952
66586 1 2141
66587 1 4790
66602 2 687
66608 1 419
66664 1 2151
66669 1 1314
66691 4 1652
66698 2 2058
66711 1 1344
66727 1 1513
66733 1 1217
66742 8 3877
66744 1 4068
66751 4 11896
66768 1 1929
66773 1 1006
66788 1 910
66797 1 1766
66800 6 1512
66819 6 6321
66871 2 1139
66878 2 750
66927 1 978
66947 2 18231
66953 1 1274
66956 1 1308
66958 1 1720
66966 2 1624
66993 2 1773
66997 1 314
67028 4 2731
67029 2 2546
67031 7 5324
67032 7 5505
67101 1 392
67125 1 1963
67127 3 711
67131 1 338
67147 1 193
67148 1 180
67149 1 177
67150 1 204
67151 1 190
67152 1 193
67153 1 283
67154 1 194
67155 1 216
67156 1 182
67157 1 190
67158 1 180
67159 1 183
67160 1 202
67161 1 342
67162 1 178
67163 1 219
67164 1 232
67165 1 213
67166 1 255
67168 4 2878
67169 1 1155
67196 1 2129
67197 2 490
67266 1 4007
67269 16 1199
67270 14 940
67316 1 2577
67318 1 1620
67322 1 2602
67340 2 2960
67342 1 6010
67344 1 2228
67346 1 1614
67352 1 2080
67355 1 6043
67357 1 2331
67359 2 3255
67371 1 3756
67390 1 1665
67391 1 4824
67392 1 2594
67393 2 6324
67394 1 2122
67408 2 5567
67423 1 1104
67434 1 736
67450 9 1510
67454 2 5854
67530 1 546
67558 1 1425
67576 1 1529
67577 2 1016
67585 2 2443
67614 2 1941
67630 1 664
67637 2 4061
67645 1 1830
67648 1 954
67688 1 1051
67692 10 1120
67712 1 2699
67756 1 5291
67766 5 1019
67772 1 1925
67786 1 2340
67802 3 310
67803 4 932
67816 1 650
67859 1 1130
67898 1 1778
67915 1 713
67922 2 1263
67934 1 1831
67935 1 1837
67994 1 499
67996 3 1441
68011 1 290
68026 1 1767
68040 4 2912
68046 3 3345
68047 1 1652
68060 1 1384
68062 1 2785
68073 3 3133
68074 3 2212
68090 1 5122
68092 1 8126
68099 1 812
68102 1 989
68115 1 3242
68124 5 2400
68125 1 2444
68160 2 6120
68176 1 2781
68182 1 541
68183 1 1099
68205 1 1021
68217 1 5161
68236 1 1663
68248 1 442
68263 1 5972
68306 1 694
68311 1 1492
68313 1 714
68321 2 1535
68330 2 8380
68334 3 2381
68336 1 1920
68368 1 1969
68370 3 1656
68371 1 952
68383 1 1172
68389 1 7515
68390 1 7515
68391 1 7515
68563 1 246
68564 1 211
68565 1 217
68567 1 180
68569 1 176
68644 3 551
68661 3 2157
68664 2 3316
68680 1 9381
68681 1 4179
68695 1 562
68704 4 4902
68707 1 4537
68708 4 6905
68728 1 596
68740 1 887
68766 1 5324
68769 1 470
68779 1 316
68783 2 1601
68784 2 1803
68798 1 1805
68802 1 1220
68816 1 1558
68820 1 1468
68825 1 1160
68847 1 2391
68855 1 507
68879 1 1268
68893 1 1871
68895 2 1911
68898 1 907
68915 5 1241
68929 1 1431
68967 2 839
68973 1 1401
68984 1 1210
68990 1 623
69021 1 861
69055 7 3045
69066 1 628
69273 1 329
69341 1 637
69377 1 523
69381 1 920
69385 2 257
69400 1 526
69421 1 1230
69427 1 894
69462 1 998
69528 1 1563
69529 1 761
69538 1 1049
69707 2 668
69712 1 1067
69716 1 7169
69721 1 6125
69724 1 917
69856 1 1831
69868 1 614
69887 1 3269
69954 1 638
69981 1 804
69999 1 1153
70018 2 371
70071 4 841
70120 1 629
70123 1 1483
70169 8 8025
70170 1 428
70207 2 10208
70216 1 2736
70223 1 2061
70227 4 1812
70229 2 1001
70235 1 480
70242 1 40
70243 1 823
70279 1 12383
70290 3 2102
70299 1 171
70310 1 1005
70311 2 2716
70361 1 608
70368 1 777
70395 1 1507
70403 3 1958
70479 1 401
70481 1 2683
70484 1 265
70497 1 169
70534 1 5509
70576 3 2157
70586 1 2455
70591 2 4584
70595 1 2506
70596 1 770
70615 1 2303
70628 2 1111
70841 5 8361
70875 1 301
70890 4 2440
70919 2 467
70934 1 944
70951 4 917
70967 1 494
70993 6 5847
71030 1 452
71050 3 3333
71059 3 2012
71079 1 1485
71088 2 592
71103 6 804
71108 1 645
71131 1 5992
71159 1 789
71167 1 459
71172 1 1858
71200 1 2058
71211 4 1670
71249 1 1532
71282 1 1318
71290 2 1120
71297 2 1361
71299 1 1364
71306 1 1543
71321 1 1012
71323 1 3523
71327 1 1804
71334 1 2239
71339 2 865
71352 2 1829
71356 1 1035
71363 2 1914
71384 1 2877
71385 1 2877
71386 1 2880
71406 6 2956
71526 1 815
71545 1 6773
71556 1 1415
71569 1 653
71622 1 2405
71646 2 1815
71658 1 1236
71664 2 1342
71676 1 2168
71687 1 446
71692 12 439
71736 1 674
71740 2 674
71741 3 669
71749 1 819
71791 1 772
71807 1 3340
71809 1 1200
71833 1 2056
71877 2 7422
71892 1 1268
71893 1 1301
71894 1 2159
71895 2 3069
71896 1 3955
71897 2 2249
71919 1 2543
71939 1 199
71943 1 3979
71966 6 746
71976 1 1089
71995 1 637
72001 2 1171
72010 3 550
72031 1 933
72039 4 5516
72054 9 437
72061 1 833
72065 2 9229
72067 6 9227
72068 2 8137
72081 3 3204
72082 2 2593
72095 2 601
72144 1 183
72159 1 906
72192 2 1685
72206 2 2593
72232 1 1430
72247 1 1555
72294 1 1227
72295 3 2968
72304 2 2094
72321 1 1530
72351 2 1344
72353 2 1879
72356 2 2591
72383 3 1146
72391 1 1146
72395 2 41
72406 4 548
72407 2 589
72410 2 4306
72437 1 8964
72513 1 4800
72524 2 1868
72544 1 153
72554 1 897
72572 1 1253
72587 1 858
72588 3 1618
72610 2 715
72618 1 5500
72619 1 5216
72620 1 1465
72649 1 1028
72654 1 469
72675 2 8994
72677 2 1203
72685 1 422
72707 2 563
72713 1 2218
72723 2 904
72737 2 1185
72741 1 6306
72775 1 2072
72778 1 1540
72789 2 964
72793 1 4219
72794 2 1190
72797 1 2288
72799 1 1643
72800 2 1808
72801 1 972
72803 1 813
72817 1 1632
72827 2 7031
72831 1 6567
72834 1 2774
72853 3 548
72863 2 907
72873 1 3122
72874 4 688
72879 1 7089
72883 1 1574
72895 1 1688
72899 1 20275
72903 1 896
72911 1 1004
72919 8 5881
72920 4 5462
72921 1 2994
72922 4 1461
72927 1 883
72928 1 1440
72929 2 3019
72937 1 2290
72945 1 2766
72946 1 1541
72954 1 1348
72955 3 1468
72956 1 1194
72960 1 3082
72973 5 3325
72975 1 2128
73022 3 2763
73023 1 1400
73024 1 727
73051 2 749
73066 1 2939
73084 1 2577
73092 2 2999
73095 1 3401
73096 1 2375
73105 1 1321
73109 1 1129
73157 3 702
73175 1 803
73176 1 231
73183 1 2442
73212 1 2390
73219 1 1342
73220 1 4868
73234 3 1025
73252 1 2017
73364 1 568
73396 2 1365
73415 1 996
73416 1 838
73420 3 2204
73473 1 600
73500 1 663
73566 1 191
73567 1 178
73568 1 186
73569 1 183
73571 3 3969
73574 8 8025
73591 1 2230
73623 1 180
73625 1 200
73626 1 192
73630 1 178
73631 1 190
73632 1 188
73633 1 195
73634 1 218
73649 1 2033
73659 1 1016
73732 1 1250
73742 1 2569
73762 1 2217
73844 1 432
73865 1 928
73877 1 1442
73922 1 793
73930 1 1679
73931 1 2768
73934 1 820
73945 32 10857
73963 1 6843
73968 1 1524
73990 15 1201
74021 1 390
74052 1 1551
74056 1 1960
74067 2 6352
74074 1 859
74114 4 3421
74119 1 11686
74120 2 2512
74203 2 11999
74232 4 2451
74279 5 827
74298 1 2423
74355 1 1634
74356 1 1589
74399 1 813
74401 1 1171
74414 1 647
74450 1 1939
74465 1 1145
74480 2 3260
74519 2 5618
74563 1 923
74567 2 1654
74582 2 602
74584 1 1755
74645 1 6253
74679 1 1229
74713 1 2251
74746 1 5004
74752 3 2665
74766 6 6523
74767 6 5811
74777 2 1991
74779 1 1603
74784 3 915
74803 2 6144
74812 2 4167
74813 2 5631
74817 1 409
74818 1 1409
74828 2 2265
74844 1 1805
74876 1 923
74886 1 3171
74910 1 1633
74935 1 716
74939 1 455
75052 1 356
75090 1 927
75112 2 1120
75124 1 2419
75146 1 1593
75147 2 892
75159 1 754
75186 1 748
75221 4 6839
75240 1 5462
75295 1 2546
75307 1 1330
75308 1 1471
75322 1 826
75400 1 2330
75420 4 5660
75424 1 1024
75467 2 1179
75483 1 882
75514 1 589
75527 2 241
75529 1 8980
75534 1 9607
75548 1 953
75549 1 1112
75571 3 867
75625 1 1046
75629 2 945
75638 1 560
75642 1 1571
75656 1 1661
75736 1 178
75737 1 207
75739 1 181
75740 1 492
75741 1 190
75742 1 187
75743 1 300
75744 1 176
75745 1 262
75746 1 172
75748 1 180
75749 1 179
75750 1 176
75764 2 930
75769 1 1045
75865 1 239
75916 1 815
75920 1 4335
75930 1 4094
75931 3 1439
75934 1 1639
75954 1 3743
75962 2 1323
75983 1 3426
75985 1 1505
76016 2 1243
76028 1 534
76034 1 1048
76045 1 1232
76046 1 1623
76066 1 3438
76077 1 1366
76082 1 1055
76093 1 1249
76095 1 839
76104 1 2832
76105 2 6146
76155 1 798
76174 1 20998
76204 1 2051
76235 2 991
76245 2 6436
76329 1 1364
76348 2 602
76352 1 354
76354 1 3077
76394 2 2329
76425 1 352
76426 1 720
76427 1 908
76460 6 6070
76469 1 1291
76477 1 693
76480 1 1099
76522 2 1798
76526 2 4857
76529 3 10440
76592 2 1400
76593 2 1119
76594 1 1805
76608 1 153
76615 2 3913
76620 2 460
76621 1 774
76622 1 540
76633 1 1561
76676 6 6037
76677 6 5739
76709 1 1545
76712 1 532
76723 1 813
76753 4 3309
76776 1 541
76830 1 733
76878 1 829
76881 1 2393
76889 1 1635
76894 1 389
76896 1 1082
76908 1 451
76917 1 2139
76918 1 1833
76919 1 1352
76926 3 956
76948 1 2304
76956 1 564
76964 1 4663
76975 2 408
76984 2 1045
76985 4 1339
77007 1 2330
77010 1 6732
77023 1 2768
77035 1 1073
77044 1 396
77059 1 1688
77070 1 2357
77088 2 4377
77094 3 2168
77096 1 1129
77107 1 1115
77109 1 806
77124 1 3644
77131 2 1057
77136 1 3236
77161 1 812
77194 1 812
77202 2 8001
77203 2 4646
77204 2 4647
77225 1 2945
77227 2 2803
77242 1 1714
77251 1 418
77269 1 1124
77274 1 193
77275 1 219
77276 1 184
77278 1 190
77279 1 205
77280 1 259
77281 1 196
77377 1 1880
77379 3 500
77385 1 587
77420 2 816
77452 1 2364
77456 4 13066
77470 1 2244
77477 1 600
77486 1 1139
77555 2 1911
77556 2 1911
77599 1 875
77617 1 773
77657 1 766
77792 1 1395
77817 1 4230
77818 2 6471
77826 1 1385
77832 1 421
77854 1 96
77860 1 2146
77869 1 138
77876 9 3309
77944 1 860
77949 2 2982
77957 5 1907
78073 3 1288
78087 1 620
78098 1 1138
78099 2 1017
78109 1 472
78116 3 5040
78118 2 2357
