48 48 9516 65215343 
12 1 1981
34 2 1511
39 1 1283
72 3 431
117 2 6480
130 1 4276
131 3 14882
132 1 13051
133 1 3237
147 1 3893
176 1 535
178 1 842
180 1 823
183 2 998
194 2 1376
200 1 721
205 1 1320
225 1 732
229 1 478
256 1 8243
258 4 56657
269 3 928
271 1 940
300 1 1935
361 1 5027
375 1 10166
383 1 719
415 1 2105
451 1 880
465 1 1411
466 1 1460
471 2 3108
476 1 1866
520 2 501
581 1 332
611 1 1629
625 1 5869
634 1 883
668 1 2059
681 1 752
694 1 1606
704 1 758
705 1 1030
769 2 1279
776 1 1163
792 1 1601
793 1 239
797 2 1537
840 2 610
874 1 300
885 1 309
924 1 1181
940 1 133
945 2 333
986 1 2025
987 1 2023
988 1 2173
996 1 3316
1000 1 2589
1007 1 1576
1022 1 1773
1023 1 2468
1037 1 1009
1042 1 189
1045 1 196
1059 2 1913
1065 1 703
1085 2 5635
1090 1 1121
1091 1 1129
1104 1 4937
1163 2 1777
1172 1 644
1176 1 992
1185 4 15836
1216 1 188
1227 1 458
1231 1 4288
1267 1 1212
1321 1 3750
1323 1 931
1326 1 1588
1341 1 801
1359 1 937
1362 1 3521
1367 1 4065
1371 4 1930
1372 1 798
1408 1 48
1409 1 53
1425 1 1524
1433 1 1522
1477 1 1403
1510 1 1264
1526 2 828
1609 1 1543
1625 1 1302
1630 1 2072
1639 2 2238
1640 1 4776
1648 1 2206
1657 1 2153
1678 1 1025
1679 1 1005
1802 154 10218
1804 6 655
1812 6 1673
1826 1 1011
1856 1 659
1870 1 440
1888 1 2450
1892 2 11383
1918 1 890
1933 2 749
1948 1 5448
1973 6 16948
1982 1 801
2021 2 2089
2073 2 1294
2086 1 3653
2100 1 475
2105 1 1500
2109 1 944
2116 2 701
2121 1 4211
2122 2 1275
2124 2 1028
2125 2 937
2126 2 968
2132 1 118
2163 1 2057
2169 1 1619
2192 2 5833
2232 1 1628
2233 1 1145
2237 3 1765
2242 1 1275
2257 1 2275
2341 1 1394
2350 2 692
2374 1 1286
2386 1 1335
2388 1 1787
2395 1 1045
2396 1 1417
2421 1 602
2468 1 439
2476 1 842
2477 1 1144
2478 1 1268
2485 1 918
2490 3 1764
2596 1 900
2603 1 870
2629 1 3838
2632 1 1512
2666 1 6601
2682 2 225
2686 1 1195
2705 1 1001
2716 1 4798
2730 1 1646
2731 1 1874
2733 2 1374
2749 1 372
2755 1 297
2799 1 539
2822 4 891
2836 1 670
2963 1 3763
2964 1 585
2994 1 2004
3004 1 731
3014 1 1125
3027 1 3713
3029 1 1873
3085 1 674
3089 1 1017
3096 1 1172
3100 1 2432
3128 1 1311
3130 1 276
3144 1 1189
3152 1 1444
3157 2 1399
3172 1 766
3195 2 2888
3196 2 2596
3205 1 1426
3210 1 326
3214 1 1663
3219 1 839
3305 1 1856
3340 1 1137
3378 1 4137
3383 1 10722
3402 1 2468
3403 1 2172
3404 1 2168
3405 1 2857
3415 1 4495
3445 3 397
3447 1 2791
3473 1 1294
3483 1 1094
3486 1 4565
3542 1 1834
3557 1 1042
3575 1 588
3590 2 1326
3591 2 1321
3595 1 1270
3598 2 2141
3599 1 11096
3643 1 1997
3668 1 8976
3708 1 3154
3719 1 2258
3726 1 2061
3727 3 17097
3752 1 689
3774 1 1134
3794 9 2141
3800 1 1260
3801 1 795
3830 1 273
3831 1 3725
3834 4 2458
3837 1 782
3847 1 27149
3863 1 4935
3917 1 918
3932 1 1367
3955 1 1130
4028 1 1523
4050 4 4772
4068 1 8611
4070 1 347
4076 1 4324
4081 1 2482
4106 1 2006
4110 1 2246
4117 1 5825
4118 2 5861
4128 1 535
4170 1 3258
4171 1 2956
4172 1 4084
4185 1 1839
4202 1 2037
4204 1 3711
4211 1 6879
4258 3 2240
4263 2 1825
4278 1 839
4311 1 3156
4356 1 3544
4367 1 1283
4368 2 4832
4372 1 3440
4374 1 5584
4428 1 2072
4440 1 1273
4450 4 6385
4457 1 1168
4459 1 4138
4460 2 3587
4463 2 4320
4464 1 1473
4489 3 2853
4490 1 1394
4491 1 1897
4492 2 2351
4493 1 2130
4518 2 2481
4521 1 1703
4568 3 945
4569 2 541
4581 2 2280
4587 2 2393
4588 1 782
4612 1 1244
4620 3 2669
4621 1 862
4622 1 172
4639 1 826
4708 1 767
4710 1 14020
4726 1 2646
4728 2 1393
4752 1 5044
4753 1 5716
4760 1 56
4762 2 1049
4772 3 2116
4799 1 563
4838 1 5657
4840 1 5531
4844 1 1123
4896 1 1508
4906 1 8000
4907 1 8001
4908 1 8001
4930 1 1503
4931 3 1648
4932 1 1745
4950 2 3067
4960 1 791
4963 1 900
4975 3 4050
5060 1 947
5063 10 757
5092 1 3536
5162 1 1191
5174 1 1596
5189 1 3419
5212 1 1240
5222 1 1187
5230 1 913
5252 2 2357
5273 2 3302
5283 1 1128
5317 1 463
5404 1 980
5414 1 667
5431 1 1029
5438 1 1768
5444 2 454
5453 1 1797
5460 1 473
5470 2 917
5479 1 920
5484 1 921
5519 1 276
5555 1 1187
5578 3 13045
5611 1 8061
5631 1 1323
5650 1 2097
5657 1 3480
5677 1 1201
5792 1 2530
5853 1 668
5855 2 1038
5897 1 872
5906 3 8444
5907 1 775
5952 1 642
5997 1 1299
6006 1 935
6037 2 949
6039 2 2773
6066 1 1297
6074 1 1037
6082 1 1370
6091 1 2877
6100 2 577
6145 2 836
6148 1 2770
6149 2 777
6158 1 490
6161 1 725
6175 1 1916
6181 1 5519
6182 1 6597
6324 1 1468
6360 3 6957
6363 2 4787
6501 1 165
6533 1 1057
6573 1 1236
6592 1 697
6593 1 558
6596 1 814
6600 2 606
6603 1 524
6615 1 227
6624 1 1092
6629 1 1414
6648 2 612
6651 1 686
6671 17 591
6867 1 407
6938 1 947
6942 1 577
6959 1 516
6973 1 826
6976 1 808
7011 2 925
7021 1 2137
7028 1 1722
7032 1 1787
7033 1 1085
7069 1 375
7070 1 2748
7077 1 1610
7120 1 2039
7122 2 1098
7142 1 575
7144 1 1209
7154 1 2089
7276 1 1237
7280 2 758
7287 1 4774
7484 1 1097
7512 1 2037
7529 2 5927
7569 2 2616
7571 1 5357
7574 2 2115
7576 3 6690
7673 2 4544
7692 11 533
7723 1 4731
7740 1 1213
7756 3 2279
7757 2 2005
7758 1 1880
7786 1 2135
7885 1 2709
7913 8 3129
7957 1 284
7974 1 2073
7986 2 1034
8043 2 1213
8046 1 785
8053 1 1114
8055 1 498
8101 8 4863
8122 1 5509
8133 1 1113
8152 1 6009
8202 1 210
8204 1 4600
8215 1 2073
8228 1 1519
8255 1 351
8300 1 889
8309 1 1297
8310 1 4695
8311 1 4367
8380 1 2765
8382 1 19553
8398 1 1691
8408 1 5505
8409 1 3217
8430 1 1338
8435 2 2734
8436 3 1685
8437 1 1413
8438 1 2090
8452 4 7747
8458 1 770
8459 1 2749
8461 1 2678
8466 1 2863
8471 1 727
8486 5 1997
8500 2 4697
8503 1 523
8508 1 5791
8528 1 654
8531 1 745
8551 2 1200
8555 1 1695
8565 2 1375
8567 1 1533
8572 1 714
8574 1 690
8583 1 792
8584 1 802
8585 1 819
8592 1 2003
8612 1 497
8616 1 474
8722 2 1681
8741 1 926
8786 1 149
8818 1 456
8850 1 3830
8863 1 258
8872 1 1283
8873 1 1489
8882 1 1066
8883 1 928
8884 1 1640
8885 1 1388
8886 2 1109
8891 1 953
8964 1 1138
8974 1 1453
9005 4 45220
9006 5 34059
9091 1 453
9157 1 1107
9169 1 2306
9185 1 492
9198 1 1104
9200 1 1285
9207 1 560
9275 1 1311
9277 3 1358
9278 1 1364
9281 2 1465
9283 1 1422
9317 4 2510
9324 1 4421
9325 1 4336
9339 1 2490
9364 1 1435
9429 1 1004
9442 1 1261
9443 1 708
9448 1 447
9471 1 2467
9472 1 2285
9481 3 391
9495 1 1007
9500 1 555
9522 1 357
9528 1 1711
9556 1 1878
9558 1 3824
9560 1 1447
9567 1 5360
9571 1 648
9611 1 1387
9612 1 1331
9613 1 1310
9614 1 1341
9615 1 1341
9669 1 794
9670 1 1046
9674 3 2337
9677 1 632
9688 1 227
9717 1 950
9739 1 3044
9752 4 8096
9765 3 908
9766 1 4331
9798 1 2651
9825 1 2926
9828 2 2395
9868 1 2464
9906 1 1054
9938 2 1161
9940 1 2247
9958 3 601
9982 2 1822
9997 2 1079
9998 3 2317
10018 2 1420
10038 1 1127
10040 4 1184
10045 1 834
10060 1 1697
10067 1 2395
10068 2 1756
10092 1 1363
10093 1 1326
10101 1 12486
10115 1 1153
10120 2 1997
10121 4 2683
10122 2 2093
10123 1 2079
10213 1 535
10218 1 491
10220 1 689
10268 1 846
10283 1 195
10284 1 54
10316 1 21
10318 1 1328
10332 1 2802
10344 1 2552
10350 1 1251
10376 1 1058
10384 2 1435
10409 1 1748
10410 1 1570
10425 1 1190
10435 1 638
10450 1 4672
10452 3 979
10456 1 2992
10471 1 365
10500 7 1395
10528 1 2643
10529 1 1603
10530 3 887
10531 1 754
10547 1 1528
10556 1 483
10567 2 522
10575 1 3815
10601 1 2025
10605 2 1427
10626 1 1442
10640 1 1072
10667 1 1994
10668 1 2803
10673 1 1504
10676 3 302
10687 1 1299
10701 1 112
10724 1 362
10762 1 1336
10764 1 1652
10793 31 1709
10795 4 217
10796 1 5414
10817 1 850
10842 1 1865
10861 2 3297
10862 1 1361
10869 1 902
10895 2 388
10914 1 598
10918 2 189
10941 1 764
10952 1 966
10974 1 1151
10996 1 1633
10998 2 1691
11001 1 7028
11014 1 709
11015 2 548
11018 4 653
11043 1 990
11045 1 773
11062 1 1457
11070 1 438
11083 1 377
11090 1 1126
11109 1 562
11110 1 672
11111 1 630
11112 1 614
11113 1 658
11114 1 623
11115 1 676
11118 1 450
11121 1 729
11131 1 4066
11248 3 11766
11295 3 5148
11363 4 8263
11369 2 3826
11378 5 6044
11384 1 268
11400 1 89
11403 1 2453
11454 1 1364
11457 1 545
11464 1 801
11465 1 2175
11467 1 3152
11499 1 1089
11511 3 975
11513 1 904
11514 1 716
11515 2 919
11522 1 1015
11527 1 909
11615 1 1661
11627 3 1347
11639 1 1335
11640 1 1355
11641 1 1329
11647 2 941
11675 1 1703
11687 1 557
11721 1 3482
11727 8 2119
11748 1 486
11749 6 1983
11866 1 1990
11869 1 2608
11879 7 8814
11882 1 891
11968 1 1385
11973 1 1285
12033 1 391
12105 1 1448
12109 4 5974
12127 1 846
12146 2 2689
12171 2 5724
12184 1 2062
12200 1 466
12229 2 2226
12236 1 1669
12257 1 3211
12278 1 2692
12297 2 2001
12301 1 1096
12320 1 1771
12359 1 1241
12374 1 814
12375 1 897
12382 1 1023
12399 1 304
12400 1 690
12430 3 1737
12435 1 2066
12456 1 4543
12492 2 1681
12500 1 729
12501 1 927
12524 1 963
12526 15 21005
12612 1 1451
12614 2 458
12635 1 1328
12636 1 2613
12641 2 1246
12642 1 2067
12673 1 6656
12678 1 7529
12692 1 5477
12693 4 5024
12701 3 7084
12704 3 5255
12705 3 1518
12723 1 1350
12733 2 109
12747 1 3912
12757 1 1946
12759 1 1866
12761 2 877
12763 1 1206
12765 1 2402
12777 3 3961
12813 1 1377
12814 1 46677
12820 1 1074
12838 1 2280
12863 1 1161
12894 3 788
12906 1 2925
12921 2 1723
12924 2 1943
12925 2 2837
12937 1 355
12940 3 639
12979 1 1831
12983 1 1329
13001 1 737
13054 1 336
13058 1 11569
13070 1 1145
13073 1 138
13088 1 955
13122 1 8864
13123 1 292
13129 1 1017
13173 2 7475
13174 28 3530
13189 2 1276
13245 1 1191
13248 1 767
13277 5 1667
13299 1 524
13309 1 2136
13332 1 14933
13341 1 1285
13342 1 1229
13344 1 5744
13375 1 3891
13379 1 1294
13381 2 4238
13392 1 617
13400 1 2450
13411 4 2036
13420 1 1976
13433 1 4168
13434 2 4024
13435 1 1340
13485 9 11550
13496 1 1728
13518 3 16194
13536 1 1435
13547 1 836
13548 2 6866
13555 1 1715
13570 1 456
13614 1 1453
13618 22 28398
13625 1 761
13637 1 1271
13651 1 840
13682 1 1174
13684 6 12301
13695 2 2748
13696 2 2538
13697 1 3718
13775 2 704
13785 2 1464
13807 1 1095
13827 1 729
13833 1 1191
13861 1 3305
13885 1 2142
13919 2 1031
13928 1 4471
13947 1 1742
13962 1 658
13965 2 3628
14006 1 1552
14040 1 1390
14080 1 51830
14088 1 664
14093 1 384
14096 2 2291
14097 1 1755
14105 2 9306
14120 1 2870
14136 2 1858
14183 1 1196
14212 2 12149
14217 2 2332
14219 1 483
14301 1 2773
14311 1 1550
14315 1 3896
14325 1 1946
14366 1 1072
14368 2 1063
14422 2 5239
14482 1 4658
14507 16 776
14520 2 7541
14553 1 226
14616 1 789
14619 1 1446
14651 1 801
14662 1 1844
14692 2 3976
14714 1 5738
14722 1 6567
14723 2 4899
14728 1 2287
14729 1 690
14738 1 1827
14753 1 1017
14756 1 3039
14799 1 1859
14801 1 446
14807 1 1449
14854 1 2362
14855 3 2067
14856 3 2080
14876 1 692
14981 1 1286
14999 1 2703
15029 1 2103
15036 5 885
15067 1 835
15071 2 2697
15073 1 2133
15120 1 1822
15177 1 147
15218 1 2203
15219 1 1663
15226 1 688
15227 1 771
15233 1 881
15244 1 5618
15245 2 7336
15468 1 1078
15475 1 1055
15510 2 814
15564 1 1140
15590 2 3007
15606 2 1406
15607 2 1413
15618 1 1203
15658 2 2847
15736 1 3238
15771 1 158
15827 1 1880
15831 1 2451
15832 1 2615
15844 1 1278
15865 1 1031
15868 1 2468
15869 1 2413
15876 1 1725
15888 1 893
15894 4 898
15900 2 850
15916 1 470
15940 1 503
15957 2 8025
15980 2 2709
15981 1 1404
16008 1 6422
16029 1 756
16033 1 884
16076 1 175
16103 4 1875
16105 1 1661
16110 1 628
16178 2 4155
16196 1 1661
16227 5 2985
16228 1 807
16231 1 2052
16259 2 1458
16260 1 4783
16261 1 2583
16276 1 3744
16284 1 1751
16309 1 668
16317 1 857
16342 1 750
16351 2 1039
16384 1 354
16385 1 1811
16400 1 282
16405 2 1015
16423 1 793
16437 1 2983
16450 1 710
16456 1 896
16465 1 3291
16496 2 5161
16504 1 1199
16505 1 1869
16506 1 2246
16507 1 1847
16508 1 1667
16509 1 1890
16510 1 851
16566 5 936
16581 1 1859
16625 2 1578
16632 1 1018
16652 1 1090
16657 1 1834
16676 1 1021
16719 1 3541
16722 1 5137
16727 1 744
16728 1 752
16764 1 258
16777 1 538
16778 2 584
16779 2 575
16813 3 4537
16816 1 4136
16817 1 4292
16818 1 10022
16842 1 432
16850 1 4537
16858 4 2375
16859 3 2243
16860 2 2032
16862 1 2184
16887 6 2199
16897 1 1979
16907 1 473
16936 1 3648
16942 1 12267
16947 1 423
16952 1 7998
16981 1 1907
16986 1 1767
16997 1 2630
17001 1 714
17013 2 9772
17018 1 1528
17023 1 1195
17025 1 2138
17027 2 6203
17061 1 3094
17106 1 3919
17143 1 2987
17146 1 692
17158 1 2334
17167 1 1537
17178 1 4206
17202 2 2274
17216 2 1476
17246 1 726
17247 1 2453
17248 1 2188
17257 1 2138
17262 1 3246
17278 1 392
17279 3 1055
17285 1 1239
17292 4 2207
17303 1 501
17304 1 5827
17323 4 1419
17325 1 1320
17351 2 4853
17358 1 650
17360 1 1293
17385 2 3998
17391 2 2225
17392 1 1912
17393 1 1385
17394 1 1120
17424 1 2766
17458 1 10296
17494 1 4778
17501 1 2505
17521 3 3039
17555 1 14925
17565 1 2260
17591 1 3099
17605 1 1687
17611 1 772
17618 1 276
17651 1 3602
17668 1 1358
17669 1 5167
17670 1 5050
17671 1 3280
17672 1 4557
17700 1 1118
17731 1 800
17765 1 279
17780 1 1209
17804 1 2146
17817 1 6494
17821 1 615
17874 1 591
17900 1 786
18004 1 5488
18018 1 138
18026 1 937
18040 4 2907
18076 2 734
18102 1 1712
18104 1 1218
18113 1 811
18120 2 540
18138 2 967
18148 2 989
18158 1 1200
18171 1 727
18172 1 1289
18173 1 1152
18174 1 1018
18258 1 186
18266 1 1904
18267 1 933
18288 1 4353
18322 3 1063
18328 1 895
18331 1 3395
18355 2 1022
18356 1 502
18357 1 824
18395 2 6885
18415 1 5822
18425 26 16151
18426 1 623
18456 1 1310
18457 1 1389
18458 1 1332
18461 2 2262
18464 2 1214
18465 1 1529
18486 1 1075
18513 1 1596
18521 1 2145
18529 1 1805
18541 1 952
18565 1 798
18586 1 855
18618 1 430
18644 1 2789
18653 1 4815
18654 1 15696
18678 1 1208
18691 1 98
18701 2 2590
18702 2 2970
18704 1 1305
18720 1 673
18750 1 569
18753 1 2030
18769 1 2940
18779 1 2121
18787 3 1516
18793 1 3927
18808 1 1566
18814 1 1715
18849 1 2585
18899 1 1411
18952 1 1218
18976 3 1679
18977 1 1536
18979 1 1480
18983 1 583
19004 2 7776
19027 1 291
19038 1 2622
19041 1 208
19079 4 16454
19095 1 4478
19123 1 1226
19125 1 917
19155 1 2244
19176 2 1330
19180 1 2589
19191 1 569
19225 1 326
19276 1 48
19372 1 1825
19390 1 3260
19417 1 207
19508 1 972
19545 2 9624
19551 1 1078
19562 1 7991
19599 1 716
19623 2 390
19643 1 3951
19656 1 5073
19664 1 4781
19674 1 2879
19677 2 4468
19678 2 6792
19680 3 5229
19683 3 2480
19684 2 2620
19687 2 2998
19690 1 2088
19831 2 1394
19835 1 1651
19838 1 1452
19844 1 262
19859 1 1222
19863 1 1885
19883 1 5667
19887 1 3613
19889 2 7969
19893 1 6194
19899 1 6214
19902 1 3107
19906 1 1834
19908 1 991
19909 1 1003
19913 1 2014
19929 2 1291
19937 1 833
19948 1 629
19959 1 2824
19983 2 2232
19984 2 3052
19985 4 8977
19986 2 1620
19987 1 3502
19988 1 1164
19989 1 1297
19990 2 1486
20014 1 1053
20035 1 423
20057 3 5239
20139 1 1612
20171 1 767
20179 1 1063
20200 9 30304
20207 1 1522
20219 2 1029
20242 1 1036
20271 2 1521
20296 1 223
20323 3 694
20334 2 581
20338 1 2253
20340 2 946
20341 2 1048
20348 2 1240
20354 2 959
20365 1 1261
20377 2 1456
20385 1 1007
20389 1 893
20417 1 930
20570 2 552
20620 1 1047
20651 1 764
20653 1 6960
20662 3 681
20670 1 675
20672 1 1292
20677 1 8655
20678 2 4807
20690 1 1232
20698 2 3736
20699 2 1150
20700 2 2481
20701 2 2408
20702 2 1564
20703 2 3191
20706 1 8010
20707 2 35797
20708 2 24696
20710 1 6801
20717 1 751
20718 2 1829
20721 1 1038
20730 1 3239
20740 1 931
20776 1 953
20784 1 1238
20800 1 1099
20802 1 1887
20807 5 2241
20812 1 1234
20817 1 1910
20861 1 2236
20879 1 1378
20899 2 3664
20904 2 4287
20905 2 596
20906 2 1642
20907 2 2997
20908 2 1965
20935 1 1544
20936 1 2518
20937 1 3666
20938 1 3851
20939 1 302
20964 1 362
20972 3 2365
20981 2 4198
21048 1 914
21140 4 880
21225 1 4913
21226 1 2663
21266 1 4449
21289 6 3008
21329 1 1062
21336 1 4593
21357 2 5683
21363 2 3866
21369 3 655
21371 1 857
21372 1 553
21378 1 356
21390 1 1750
21414 1 1289
21430 1 3084
21456 1 1779
21476 1 1235
21500 1 4276
21509 1 1773
21529 3 2347
21530 1 2863
21540 1 2076
21541 1 2076
21542 4 37742
21556 2 709
21575 1 4680
21599 1 2186
21609 1 410
21637 2 10855
21672 1 1580
21701 1 1549
21725 1 771
21761 1 543
21768 1 2946
21808 3 496
21826 1 1017
21858 1 2839
21860 4 2805
21862 1 3630
21873 1 630
21874 2 404
21905 1 688
21945 1 1790
21957 1 1265
21960 2 7778
21969 1 4332
21982 3 1599
21989 1 2096
21994 2 1872
22000 1 455
22018 2 671
22037 1 1338
22044 1 912
22045 2 2727
22046 1 1341
22047 1 2622
22048 1 1210
22070 1 1420
22092 1 8456
22093 1 10393
22103 2 5529
22108 1 2108
22147 3 1108
22161 3 6376
22188 1 670
22196 1 529
22206 1 2514
22217 2 1505
22220 2 383
22392 2 529
22464 1 1400
22477 2 2074
22487 3 1766
22536 3 3918
22538 1 410
22546 1 1147
22555 1 1437
22556 1 1484
22557 2 1305
22559 1 1297
22563 1 1334
22564 1 1455
22570 1 1844
22575 2 1360
22582 1 1664
22584 4 2300
22586 1 627
22605 1 1238
22610 7 1706
22618 2 2272
22631 1 1807
22639 1 3403
22796 1 167
22867 1 2220
22881 2 1554
22887 2 4212
22889 6 992
22907 5 934
22908 3 2390
22909 3 1035
22922 1 2658
22923 1 2900
22924 1 3942
22925 1 1408
22926 1 1353
22950 3 1033
22979 1 524
22984 2 1974
22986 1 1800
22987 1 235
22999 2 1517
23013 10 4500
23023 1 1334
23024 1 1356
23025 1 1343
23028 3 1701
23033 1 1939
23035 1 1061
23140 2 609
23145 1 1118
23146 1 825
23360 1 1678
23362 2 1820
23363 2 3369
23364 2 2776
23365 2 1070
23380 1 452
23393 1 623
23396 2 563
23402 2 566
23407 8 6338
23408 9 5715
23410 1 621
23413 5 1692
23419 1 1204
23420 1 1191
23421 1 633
23442 1 1311
23452 1 519
23463 4 445
23471 1 661
23514 1 8145
23521 1 1803
23531 4 2398
23543 1 2015
23558 4 1014
23559 7 2529
23583 8 3023
23590 2 931
23591 1 883
23601 1 1486
23641 2 522
23666 1 450
23669 1 2196
23671 1 7612
23672 6 3661
23675 4 1065
23678 1 5285
23688 2 2643
23692 1 3047
23696 3 4960
23697 3 5047
23732 1 4739
23747 1 2274
23748 9 4770
23751 3 1862
23753 6 457
23762 3 110
23769 1 1738
23777 1 1334
23783 1 1502
23785 1 577
23815 1 580
23829 2 8025
23859 1 190
23882 1 377
23896 1 3005
23904 1 1172
23906 2 439
23969 3 2090
24092 1 558
24130 1 559
24157 1 10311
24163 1 1415
24167 6 1722
24198 1 1131
24228 2 1329
24233 1 1108
24243 1 425
24246 1 615
24265 1 3355
24272 1 3323
24280 2 1043
24284 1 4091
24358 1 710
24390 28 3496
24392 1 907
24393 1 1654
24395 1 1099
24462 1 8468
24514 4 13551
24532 1 348
24556 1 2926
24558 1 623
24576 1 1066
24591 1 4881
24592 1 4881
24593 2 1736
24594 1 1258
24662 1 1247
24666 2 3571
24708 2 439
24728 1 2573
24729 1 2591
24747 1 5509
24750 2 6415
24775 2 6446
24780 1 1382
24793 4 1676
24802 1 15
24807 1 3878
24811 2 715
24814 1 1629
24824 1 1881
24829 1 703
24830 1 1147
24842 1 3916
24864 1 3090
24874 1 1346
24914 2 1788
24927 1 1019
25010 1 984
25018 7 1696
25031 1 708
25087 2 1470
25090 3 6934
25135 1 748
25150 4 1598
25153 2 3748
25260 1 1048
25265 1 2233
25276 1 1113
25277 1 1839
25288 1 519
25290 1 1547
25293 1 562
25298 1 953
25411 2 2077
25423 1 676
25441 1 1222
25490 1 4592
25492 3 3700
25504 2 1376
25510 2 896
25542 1 2369
25547 1 3685
25594 3 1893
25595 2 1880
25603 1 852
25665 3 1741
25676 1 1444
25738 1 1011
25739 1 995
25765 1 1150
25775 3 1425
25777 2 2790
25783 1 3260
25784 1 277
25803 1 362
25809 1 1289
25810 1 1591
25811 1 1318
25815 2 1594
25849 1 785
25854 1 622
25882 1 1550
25891 1 2054
25903 2 1948
25909 1 904
25910 11 287
25971 1 1539
25972 1 1249
25974 2 732
26044 1 1261
26060 4 2133
26074 2 1274
26085 1 1188
26088 2 1925
26095 1 5070
26103 1 720
26106 1 245
26126 1 857
26133 8 2156
26164 1 1169
26165 1 1178
26166 1 1178
26170 1 335
26184 1 685
26189 2 1548
26195 1 1803
26223 1 946
26224 1 642
26250 6 5429
26251 1 122
26292 1 776
26304 1 1055
26325 1 291
26343 3 4639
26353 1 1541
26359 1 3794
26370 1 877
26382 2 3521
26385 2 2163
26407 7 1765
26425 1 1535
26430 1 984
26471 3 1612
26507 1 4226
26516 1 2569
26528 2 439
26542 1 1082
26550 7 239
26562 1 386
26576 1 1569
26589 1 437
26593 24 1889
26605 1 902
26615 1 564
26627 1 521
26630 1 629
26700 1 1342
26734 1 1445
26754 1 1464
26755 4 2434
26772 1 1743
26773 1 833
26778 1 1498
26780 1 1264
26811 2 1172
26824 1 966
26825 1 2133
26828 1 1420
26831 1 353
26853 1 392
26870 1 3124
26877 2 1219
26887 2 921
26893 1 2171
26899 2 1342
26905 1 1309
26906 1 494
26909 1 1645
26910 2 1469
26931 1 712
26986 4 1174
27150 1 1038
27154 2 1155
27173 1 3255
27174 2 2438
27182 1 3254
27196 1 1661
27222 2 930
27225 1 597
27229 1 598
27230 1 591
27231 1 1168
27232 1 568
27233 1 665
27238 1 1588
27239 1 1244
27266 1 201
27312 1 616
27344 3 2977
27379 1 931
27391 3 4345
27392 3 4376
27400 1 1468
27425 1 2871
27427 1 1701
27456 1 1833
27461 2 4148
27484 2 476
27500 1 221
27532 1 1268
27536 1 1068
27543 1 882
27548 1 1189
27557 1 857
27600 1 1271
27602 1 927
27607 1 1453
27654 2 2800
27697 1 480
27717 1 1159
27741 1 733
27827 2 2297
27836 1 3088
27837 1 2547
27838 1 2876
27848 1 1948
27862 1 8511
27863 1 977
27864 1 977
27866 2 4412
27867 2 1485
27868 1 2792
27870 1 853
27969 1 1005
27978 1 1869
27993 1 1601
28008 1 1268
28026 1 704
28033 3 2001
28039 1 1292
28048 3 1522
28066 2 4454
28093 1 873
28094 1 2585
28101 2 883
28111 1 943
28230 1 1438
28233 1 703
28240 2 1341
28243 2 1304
28248 2 849
28257 1 3449
28259 2 6624
28296 1 3859
28320 1 1179
28334 2 1855
28413 1 1726
28414 1 3568
28420 1 573
28427 1 936
28436 1 1926
28444 1 1003
28467 1 8583
28468 1 8583
28469 1 8615
28470 1 977
28471 2 1574
28472 3 3173
28473 2 1706
28492 1 413
28537 1 297
28550 1 1171
28624 1 476
28639 1 2821
28645 1 379
28680 1 665
28692 3 1065
28696 3 3559
28730 1 1156
28748 1 836
28773 2 2068
28781 1 2730
28782 1 1807
28790 1 387
28799 1 4713
28811 4 1831
28815 1 2670
28818 1 453
28832 1 853
28837 1 499
28838 1 3316
28840 5 12057
28851 1 446
28869 1 395
28913 1 1073
28945 2 874
28949 1 408
28952 1 980
28980 1 1423
28994 1 288
29002 1 1504
29003 1 1532
29016 2 740
29019 1 867
29021 1 1122
29023 2 904
29028 1 1337
29030 1 954
29031 1 1192
29065 1 1104
29069 3 402
29089 1 4866
29136 1 1011
29151 2 913
29171 2 1853
29191 1 245
29292 2 522
29333 1 512
29334 1 517
29344 1 853
29346 3 5736
29349 2 2088
29352 4 2338
29413 1 630
29421 1 603
29436 1 1447
29439 2 211
29446 2 2735
29468 1 75
29523 1 10213
29528 1 656
29546 4 1287
29548 2 1483
29608 2 1950
29617 1 737
29627 1 967
29647 4 917
29667 3 752
29678 1 1181
29685 1 853
29686 1 854
29689 1 852
29707 2 578
29782 1 1154
29812 1 962
29818 2 1719
29849 2 1105
29850 1 801
29865 1 396
29876 1 1991
29877 1 2973
29887 3 3070
29888 1 3407
29895 1 940
29910 2 5908
29923 1 990
29937 2 1043
29941 1 950
29946 2 264
29973 1 1093
30008 1 327
30040 1 993
30055 1 2125
30057 1 1443
30085 3 1604
30086 1 1071
30087 2 666
30108 1 741
30127 2 2006
30134 2 674
30153 1 368
30159 1 441
30164 1 2045
30180 1 993
30280 1 1400
30293 1 6059
30298 23 4382
30300 1 6017
30301 1 1460
30307 1 3452
30312 1 1701
30344 2 1892
30351 2 4754
30352 3 5973
30359 1 969
30418 1 49
30428 1 58
30536 1 820
30552 2 4502
30554 3 3073
30594 1 29
30596 1 1172
30604 2 1396
30642 1 3081
30644 1 787
30661 2 2882
30697 1 764
30698 1 698
30709 1 739
30715 1 1052
30735 1 669
30765 1 1987
30767 1 794
30768 1 786
30786 2 1228
30804 3 10416
30829 2 1243
30830 2 1174
30861 1 552
30899 1 2210
30913 1 1800
30925 1 562
30933 1 52
30936 1 2343
30947 1 1608
30953 1 4469
30982 1 1788
30998 1 535
31008 1 1281
31012 3 525
31020 1 616
31029 1 886
31034 1 396
31045 4 24677
31056 2 434
31064 1 745
31082 1 470
31086 1 1136
31089 1 1949
31094 6 7803
31120 1 1212
31180 4 2360
31217 2 660
31262 2 1180
31267 1 7536
31273 2 543
31275 4 1109
31279 1 1233
31288 2 2833
31311 1 3229
31320 1 2381
31337 5 5832
31340 1 1091
31353 1 980
31382 1 1446
31383 1 1325
31384 1 1334
31385 2 909
31386 1 1455
31397 1 540
31411 1 714
31414 2 354
31439 2 972
31454 2 556
31461 1 4365
31485 16 619
31521 2 3875
31607 1 1667
31616 1 346
31623 23 8156
31632 1 1179
31661 2 566
31676 1 475
31710 1 952
31715 1 298
31723 4 9877
31757 1 786
31787 1 764
31792 2 1389
31802 1 47
31870 1 776
31877 1 354
31879 1 1482
31896 1 932
31898 1 1326
31902 1 1912
31905 1 943
31907 1 1007
31927 2 1875
31929 1 15160
31930 1 4739
31935 1 2200
31946 2 2395
31950 1 668
31953 1 1038
31957 1 1455
31977 1 471
32042 1 828
32120 1 407
32148 1 2042
32162 1 632
32174 1 830
32209 1 845
32215 2 1305
32230 1 1393
32241 2 5341
32247 2 2637
32261 1 146
32283 1 470
32316 1 333
32325 1 444
32329 1 5073
32349 1 1351
32351 3 1416
32356 1 1306
32357 1 1452
32358 1 1397
32365 2 3420
32375 1 347
32382 1 197
32385 2 1964
32387 1 1022
32388 11 24490
32555 1 143
32654 1 45225
32662 1 2165
32663 2 3914
32674 1 1104
32681 1 941
32709 1 977
32712 1 1799
32718 1 5437
32719 1 5014
32727 1 1017
32743 1 1903
32749 2 1148
32758 1 1307
32759 1 1321
32768 1 892
32803 2 1009
32815 1 395
32824 1 2602
32847 1 2340
32914 1 214
32970 1 1070
32972 1 11367
33074 1 514
33076 2 1741
33090 1 1529
33112 3 386
33188 1 10275
33190 1 1142
33199 1 1920
33207 1 783
33210 1 825
33240 1 9576
33246 1 1782
33272 1 1656
33285 1 3524
33290 1 1065
33318 1 2084
33319 1 2701
33328 3 3420
33331 1 622
33403 2 5506
33423 3 1474
33451 2 1239
33523 1 525
33532 1 316
33573 1 1218
33575 1 1216
33580 4 1700
33582 1 1466
33619 1 1176
33620 1 971
33627 1 763
33689 1 2181
33703 1 18894
33709 2 1690
33711 1 830
33724 1 1476
33733 1 290
33788 1 772
33797 2 1450
33822 1 756
33831 2 6374
33854 1 330
33859 2 7228
33874 1 987
33878 3 2517
33914 3 630
33930 1 264
33936 1 1150
33938 1 5544
33939 1 3908
33951 1 1198
33977 2 2001
33979 4 1410
33980 28 2963
33982 1 3039
33984 1 1595
33987 1 4548
33996 1 4294
34004 6 5029
34047 1 1237
34061 1 1055
34067 1 1675
34069 1 1786
34070 1 378
34081 2 3468
34086 1 3765
34090 1 2456
34155 1 969
34176 1 924
34177 1 1899
34201 1 2057
34227 1 1088
34250 1 1738
34266 1 3285
34289 1 2981
34309 2 975
34347 1 1729
34359 1 502
34360 1 1335
34361 1 664
34364 1 520
34379 1 1659
34388 1 422
34392 1 3063
34395 4 2479
34403 1 358
34434 1 277
34435 1 729
34439 1 1490
34442 1 1260
34445 1 2643
34465 1 5422
34481 1 3475
34489 1 1568
34516 1 459
34526 1 2380
34536 1 1429
34537 4 2175
34553 1 1919
34554 1 1390
34555 2 1364
34556 3 2148
34557 1 404
34563 1 2401
34574 1 2252
34617 1 1251
34619 1 2069
34641 3 5300
34650 4 2639
34675 1 1999
34677 1 793
34678 1 758
34694 1 658
34696 2 2011
34698 1 1163
34701 3 879
34713 1 1199
34759 1 985
34780 1 1028
34856 1 226
34893 1 867
34917 1 1013
34938 2 5944
34942 3 1517
34963 1 754
34972 2 2699
34990 2 5418
35041 2 7162
35085 6 333
35149 1 9307
35168 3 775
35183 1 1577
35288 1 100
35327 1 848
35332 3 2865
35333 3 5425
35334 4 4418
35336 1 1307
35340 1 4545
35343 4 1162
35365 1 687
35369 1 1232
35373 2 1558
35385 6 1452
35387 3 4967
35388 1 868
35392 1 420
35393 1 970
35394 7 538
35395 1 1776
35403 3 2961
35404 1 515
35406 1 830
35435 1 1070
35444 1 1003
35455 2 554
35459 7 249
35462 2 801
35468 1 959
35488 2 1679
35489 3 1348
35507 1 1988
35510 4 582
35517 1 769
35537 1 934
35552 7 1138
35553 1 894
35562 1 738
35564 1 897
35566 1 733
35587 2 749
35599 3 1705
35600 2 1057
35601 1 666
35645 2 3206
35651 1 319
35652 1 335
35688 2 705
35709 1 1257
35724 1 2406
35734 5 796
35736 1 422
35753 3 3277
35759 28 2988
35763 3 1308
35767 4 2251
35768 3 1871
35770 1 1317
35771 1 5813
35774 1 3657
35791 1 1953
35797 3 166
35812 2 58
35824 2 3392
35825 2 3773
35830 1 2280
35839 1 1075
35844 1 1135
35846 2 1532
35852 5 3364
35856 1 1565
35858 1 1063
35893 1 1446
35908 1 497
35909 1 3424
35930 1 908
35960 2 1879
35971 1 1028
35986 5 611
35988 2 723
35994 1 743
36012 1 1501
36034 1 1983
36051 1 3640
36070 1 550
36081 1 2438
36118 1 37
36128 2 1319
36129 1 1661
36130 1 2211
36132 1 1034
36137 2 2930
36178 3 4277
36184 1 311
36194 1 654
36214 8 2240
36215 4 2448
36226 1 752
36240 1 963
36241 2 685
36243 1 395
36263 1 1184
36266 1 678
36270 1 1047
36273 1 155
36280 2 708
36281 6 1467
36284 2 1599
36285 2 1329
36286 2 1718
36290 7 1878
36291 1 4374
36292 6 3895
36293 1 3644
36294 1 3160
36297 1 1282
36298 3 1028
36299 3 2612
36303 1 543
36305 1 731
36306 7 2219
36308 1 781
36311 7 2920
36312 2 1698
36313 1 1437
36330 1 1117
36332 1 810
36333 1 1086
36334 1 1139
36337 5 364
36342 2 1083
36343 1 1778
36344 1 1190
36348 1 1204
36350 1 893
36358 9 1651
36371 1 1301
36378 2 462
36380 1 926
36381 1 1502
36387 1 3582
36392 1 6574
36393 1 6574
36411 1 950
36414 4 3031
36415 5 4207
36416 4 1685
36417 6 2136
36421 6 675
36424 1 1300
36429 2 1513
36431 1 335
36470 7 1359
36475 1 534
36498 1 8241
36558 1 1161
36574 2 385
36582 1 178
36671 3 1332
36677 2 2268
36679 1 407
36680 2 1651
36681 2 2010
36682 3 2478
36685 1 3543
36728 1 1234
36732 8 18263
36766 1 214
36779 1 1172
36790 2 4100
36792 1 1806
36797 1 6365
36798 1 823
36811 1 873
36817 1 620
36837 1 1141
36851 1 399
36876 1 1168
36921 1 189
36931 1 1745
36935 1 867
36938 2 434
36943 1 2403
36954 1 1023
36961 1 1431
36962 3 5960
36980 2 579
36995 2 1643
37012 1 1013
37032 2 1856
37049 1 872
37069 1 761
37091 2 1834
37095 2 1446
37097 28 3262
37098 28 3089
37099 28 2940
37104 1 1776
37105 3 5309
37107 1 1068
37162 1 76
37168 2 3059
37182 1 13117
37200 1 724
37210 1 3044
37212 1 697
37228 3 4061
37258 1 1019
37284 1 2087
37373 3 732
37382 1 3256
37387 1 850
37415 1 5377
37427 1 7481
37434 1 6835
37454 2 8351
37456 2 2083
37497 1 1658
37506 5 1377
37507 1 273
37521 1 3207
37539 2 409
37547 1 1110
37573 1 551
37583 1 1026
37602 1 1078
37614 1 4640
37620 1 1774
37630 1 2027
37648 1 1170
37671 2 2694
37676 6 747
37683 1 1248
37685 1 2123
37687 2 753
37696 1 1183
37712 4 8990
37713 1 1369
37714 1 2598
37715 2 1489
37727 1 606
37736 1 1948
37744 2 1092
37856 1 3403
37858 2 698
37887 1 1454
37893 1 7547
37896 1 871
37915 1 778
37928 1 3618
37930 1 681
37975 1 848
37980 2 1046
37981 2 1271
37982 2 1163
37983 2 1190
37986 3 3131
38043 1 906
38045 1 1369
38077 1 968
38087 2 1289
38091 3 294
38105 1 1881
38122 1 1267
38157 1 3920
38169 2 702
38172 1 2261
38189 1 3745
38221 2 1823
38224 2 2141
38237 5 4950
38240 1 1492
38260 1 1664
38261 1 1243
38301 1 702
38311 1 1043
38345 1 573
38346 1 651
38406 1 1770
38408 2 2338
38411 1 2671
38413 1 6145
38423 1 751
38433 1 2018
38434 1 2883
38448 4 6071
38545 1 1123
38546 1 1129
38547 1 1121
38548 1 1153
38560 1 898
38627 2 1433
38628 2 1814
38638 1 617
38640 1 1038
38646 1 617
38663 2 3825
38678 1 408
38689 1 1157
38690 1 994
38697 1 675
38712 4 9962
38752 1 1447
38777 1 774
38780 1 918
38782 2 1808
38794 1 2594
38804 4 1858
38805 1 1522
38808 2 2666
38819 1 1509
38853 4 573
38891 1 3038
38925 1 1372
38926 1 1938
38955 1 480
38971 1 373
38986 2 1668
38999 1 4065
39000 1 917
39001 1 4864
39030 1 612
39090 3 1090
39123 1 459
39136 1 1787
39140 2 1160
39151 1 1763
39158 2 1513
39166 1 1097
39174 2 2046
39182 1 3168
39183 1 4477
39194 1 764
39245 1 4290
39259 1 3420
39265 2 3702
39276 1 3501
39278 1 5705
39279 1 5440
39280 1 2767
39297 457 246841
39301 6 12335
39306 1 1355
39307 1 2173
39310 1 495
39312 1 1335
39313 1 2054
39314 1 1784
39325 17 4210
39329 1 32477
39348 1 1537
39388 2 2149
39401 1 3431
39402 1 1338
39415 4 1211
39428 2 870
39448 1 3136
39458 1 1860
39465 1 984
39468 1 881
39469 1 1674
39471 1 1340
39472 1 1541
39482 1 1937
39484 1 754
39496 1 897
39547 1 1316
39548 1 1379
39549 1 1321
39550 1 1569
39551 1 1323
39553 1 1762
39597 2 567
39600 4 595
39614 1 841
39621 1 886
39628 1 978
39630 11 707
39643 2 660
39654 1 776
39668 2 2611
39705 1 2975
39706 1 1567
39715 1 797
39779 1 308
39783 1 584
39797 5 2288
39799 1 994
39809 1 1224
39815 1 1546
39868 1 178
39914 3 1040
39920 1 1039
39923 1 964
39939 4 2186
39952 1 1363
39974 1 100
39978 13 30166
39980 1 1431
39995 3 2204
40005 1 707
40039 1 653
40046 1 1113
40063 1 357
40065 1 3427
40091 2 952
40159 1 959
40187 2 955
40190 1 953
40198 1 5290
40200 1 2237
40204 1 386
40216 1 789
40249 1 903
40266 1 839
40320 1 7910
40339 1 739
40347 3 461
40373 2 953
40383 1 1006
40392 1 1557
40396 1 325
40407 1 2371
40408 45 2400
40431 2 1342
40438 1 4462
40440 1 977
40455 1 114
40468 1 2719
40499 1 2513
40507 1 1527
40512 1 2080
40522 1 960
40538 2 14088
40550 4 3684
40552 2 4962
40557 1 979
40574 3 1463
40588 3 625
40644 1 2413
40667 1 958
40668 1 3116
40690 1 1709
40714 1 881
40716 1 289
40720 3 1380
40729 1 374
40739 2 5778
40746 1 321
40771 1 1289
40819 1 10440
40826 1 1717
40858 1 554
40861 1 317
40897 1 2888
40898 2 2825
40899 3 5270
40944 1 5673
40972 1 1481
40977 1 4178
40991 1 390
40993 1 3833
41032 2 2291
41046 2 277
41047 1 1994
41048 2 1925
41057 2 3871
41060 1 2541
41067 1 949
41070 1 1462
41075 1 2253
41112 1 922
41118 1 2966
41128 1 2539
41145 5 1347
41146 1 669
41161 1 2501
41162 1 1960
41163 3 1110
41165 3 1234
41197 1 723
41206 1 974
41207 1 988
41268 1 629
41270 1 1544
41278 1 1339
41279 1 1297
41280 1 1332
41281 1 1323
41282 1 1639
41283 1 1427
41284 1 1587
41290 4 1644
41291 10 1274
41306 2 2294
41329 2 1596
41358 1 668
41410 1 646
41412 3 898
41426 1 4541
41433 2 750
41438 2 850
41439 1 2390
41448 1 700
41451 2 1150
41527 6 666
41548 1 516
41581 1 116
41650 3 200
41673 1 530
41674 2 4187
41675 2 1320
41681 1 566
41682 6 2132
41698 16 3701
41701 1 957
41703 1 387
41706 1 683
41707 1 690
41708 1 699
41710 1 582
41711 1 146
41720 5 1655
41724 1 1426
41729 7 1363
41735 1 659
41736 1 693
41742 3 1669
41759 1 1680
41779 1 683
41803 1 2074
41819 2 470
41820 4 1137
41822 2 1997
41826 5 2287
41839 2 1382
41849 1 450
41855 4 608
41862 5 1027
41863 1 758
41866 1 1666
41872 1 719
41874 4 571
41875 1 668
41891 7 1058
41905 6 1777
41928 1 180
41936 1 2170
41945 3 1262
41946 1 908
41951 1 1203
41955 4 1272
41957 1 1028
41988 5 1757
41989 1 494
42009 1 3192
42024 1 332
42025 1 9933
42027 1 465
42030 4 2922
42031 3 1805
42032 1 351
42033 6 479
42049 7 2797
42055 1 1020
42056 1 1410
42058 4 1781
42098 1 54
42108 1 1305
42112 1 1065
42114 3 5169
42125 1 1266
42129 2 4735
42130 6 679
42131 4 1494
42146 1 1940
42147 1 515
42149 6 9906
42165 1 1084
42167 5 582
42170 4 4262
42202 3 141
42208 1 1800
42223 4 954
42237 1 1264
42238 3 1943
42239 3 1971
42263 3 401
42293 5 746
42315 7 350
42346 1 788
42347 1 848
42349 2 527
42358 1 1430
42367 4 441
42396 1 26
42409 1 35
42415 1 893
42422 1 5724
42461 1 734
42469 1 1089
42473 10 3755
42474 5 1310
42480 1 160
42511 2 1464
42517 1 1959
42524 1 1615
42528 1 229
42531 1 1622
42532 2 892
42538 1 1565
42550 2 2066
42557 1 2920
42559 6 2800
42560 1 1179
42567 7 3374
42569 7 3491
42571 1 844
42574 7 2003
42580 4 8665
42581 3 2953
42582 1 1649
42583 1 653
42584 1 1300
42585 8 2844
42586 1 49
42589 4 1045
42590 3 1040
42593 6 2229
42596 1 802
42597 3 1554
42601 1 2101
42626 5 1450
42627 1 1127
42629 8 3606
42630 2 2369
42632 4 2515
42634 1 1644
42640 4 12636
42643 2 496
42645 2 2530
42652 3 2519
42653 3 2753
42660 1 638
42661 1 1027
42662 1 724
42664 1 1406
42771 1 2420
42772 1 1367
42837 1 2818
42846 2 1285
42855 1 3481
42884 1 1169
42892 1 2540
42915 1 1556
42928 2 2793
42948 1 807
42957 1 640
42961 1 548
42977 2 992
42978 1 571
43013 1 554
43027 1 1898
43080 1 1369
43081 1 1287
43082 1 1328
43083 1 1414
43084 1 1401
43109 1 2284
43120 1 815
43125 1 858
43160 1 1940
43166 1 778
43183 1 644
43185 2 624
43189 1 441
43210 1 205
43229 2 8025
43230 1 2504
43245 1 2907
43260 1 1445
43277 1 226
43313 3 2168
43316 1 1838
43336 1 412
43341 2 831
43443 1 896
43471 1 1044
43475 2 553
43477 6 22611
43482 1 918
43492 1 1324
43501 1 322
43522 1 1077
43529 1 2195
43530 1 1721
43553 1 1438
43591 1 1736
43596 1 771
43616 1 1304
43653 1 943
43656 1 4176
43683 1 1512
43717 1 976
43718 1 1052
43719 1 1105
43720 1 1093
43721 1 1135
43722 1 942
43724 1 3202
43747 2 7125
43749 5 2541
43784 2 1234
43791 2 895
43792 2 904
43834 1 1000
43836 28 2949
43840 1 1167
43898 1 2947
43955 1 984
43966 1 999
43967 1 1030
44080 1 3596
44081 1 4117
44125 9 6435
44154 1 1236
44164 1 811
44209 1 1193
44217 2 3228
44230 1 612
44248 1 1952
44272 1 375
44293 1 1127
44324 1 1220
44372 1 5509
44426 1 597
44428 2 1638
44441 1 860
44442 2 1179
44461 1 1688
44479 1 5563
44487 2 1650
44494 1 3303
44495 1 805
44545 7 1497
44707 1 6048
44736 1 725
44763 1 282
44770 1 725
44797 1 844
44855 1 361
44896 1 1132
44912 1 1423
44913 3 1392
44921 1 356
44922 1 712
44931 1 330
44943 1 1027
44944 2 474
44952 1 2567
44955 1 7733
44957 1 10010
44960 1 1644
44961 1 1596
44966 2 1130
44967 2 3619
45119 1 164
45157 1 943
45162 1 989
45168 1 1295
45176 6 1533
45189 1 6148
45208 1 1331
45230 1 316
45234 1 1222
45264 2 1437
45281 1 1018
45284 1 985
45287 1 947
45294 1 1026
45320 1 1520
45336 1 1599
45366 3 931
45397 1 1394
45406 2 1233
45449 1 659
45459 1 587
45493 1 737
45499 1 668
45504 1 1326
45579 1 2301
45581 2 8025
45684 1 513
45762 1 429
45811 1 3205
45822 1 1426
45826 1 8235
45854 1 344
45857 3 903
45859 9 21421
45880 1 2642
45912 1 1084
45942 1 1251
45946 4 2130
45956 1 4392
46031 1 1240
46043 1 359
46066 1 1672
46067 1 1067
46070 1 3987
46071 1 1693
46122 1 1824
46133 1 1219
46168 1 2539
46169 2 5011
46174 2 2910
46175 2 1321
46237 1 1678
46284 1 2305
46292 1 695
46300 1 1443
46338 1 1674
46346 1 1338
46352 1 836
46388 2 81863
46393 1 1295
46432 1 3117
46434 1 2480
46510 1 1994
46511 4 3336
46513 1 2610
46536 1 1419
46545 1 1493
46551 1 8597
46552 2 9921
46568 1 644
46588 1 606
46599 2 1778
46601 1 967
46609 1 2149
46610 1 999
46621 1 1413
46629 1 674
46641 1 605
46646 2 1436
46648 1 1047
46685 1 650
46704 1 2665
46725 1 1492
46730 3 1979
46734 1 1928
46739 1 1076
46747 1 657
46752 1 345
46757 1 1103
46768 1 712
46769 2 2579
46773 1 1114
46777 1 3791
46804 1 669
46811 2 2035
46812 2 3767
46813 2 1367
46814 2 2350
46828 1 845
46834 1 263
46895 1 1024
46913 1 1961
46954 2 5186
47035 1 1907
47075 2 1834
47084 1 1448
47092 1 1683
47095 1 6494
47111 1 966
47118 1 466
47146 1 745
47152 2 245
47156 1 1212
47173 1 967
47177 1 1679
47195 1 4703
47231 3 2125
47232 3 1498
47233 3 1651
47257 1 1521
47270 2 2703
47296 1 1535
47345 1 559
47459 3 8496
47474 1 5150
47476 2 2645
47488 1 1495
47538 3 4411
47556 1 415
47559 3 11224
47567 1 985
47568 1 1035
47569 2 2140
47570 2 1844
47632 1 158
47647 1 5076
47652 2 2313
47659 4 3727
47663 1 922
47664 1 2616
47747 1 757
47780 1 5199
47812 1 582
47818 1 1062
47819 1 2102
47838 7 4457
47839 2 1597
47842 1 574
47845 1 1535
47846 1 1298
47847 1 1388
47850 1 519
47851 1 388
47862 1 1496
47879 1 599
47898 1 1891
47913 7 4216
47916 2 574
47925 2 1584
47995 3 902
47998 15 842
48069 1 3129
48071 2 1208
48078 1 11919
48122 1 996
48147 1 1291
48149 1 949
48152 1 1035
48162 1 1320
48176 1 708
48182 1 1935
48199 1 1135
48202 1 2712
48223 1 2573
48258 1 1163
48277 2 1700
48290 1 2106
48296 3 1337
48310 1 592
48335 1 905
48350 1 743
48393 1 145
48452 1 943
48469 1 2316
48489 1 2490
48495 1 1200
48496 1 1185
48497 1 1231
48517 4 570
48527 1 789
48530 2 937
48543 1 1485
48549 1 1781
48555 1 535
48647 2 1159
48650 3 6532
48651 2 3561
48661 2 1320
48673 1 6093
48675 3 2669
48706 1 1434
48723 1 863
48741 1 1388
48777 2 2052
48858 1 3188
48874 1 295
48884 3 1137
48905 2 1954
48906 2 1435
48924 1 3784
48970 1 2668
48982 1 2668
48993 1 1384
49000 1 3581
49001 1 3445
49052 1 3420
49055 2 1309
49058 1 1664
49061 1 1867
49092 22 39956
49103 1 1168
49128 1 643
49134 1 203
49144 1 126
49232 1 5655
49242 1 1558
49249 1 1040
49253 1 1284
49341 1 2395
49342 1 921
49343 1 1496
49344 1 2202
49345 1 2775
49346 1 1190
49347 1 1309
49348 2 2857
49349 2 2177
49350 1 2540
49351 1 1081
49352 1 2586
49375 1 11530
49392 1 4953
49457 1 2074
49458 1 1916
49471 2 1921
49526 1 735
49532 1 1310
49533 1 1303
49534 1 1337
49535 1 1450
49540 1 892
49591 1 794
49609 1 1639
49610 1 566
49647 2 805
49662 3 2884
49705 1 1264
49736 1 660
49738 1 754
49762 1 486
49782 1 2062
49805 1 616
49806 1 1527
49819 1 736
49822 1 498
49833 4 2286
49840 1 1150
49844 1 6972
49845 1 1113
49869 1 1403
49874 2 919
49885 1 1429
49898 1 855
49970 1 1052
49988 3 2850
49989 1 1751
49990 1 3509
49991 1 1914
50005 1 982
50013 1 1064
50015 1 1420
50026 1 969
50028 1 1566
50029 1 1476
50030 1 2358
50047 3 1726
50056 2 5845
50122 1 1979
50134 2 619
50159 5 2920
50173 1 1992
50178 1 576
50194 1 1013
50223 1 6104
50230 1 1104
50237 1 569
50265 1 956
50266 1 999
50267 1 865
50268 1 945
50269 1 1701
50270 1 962
50277 1 1300
50279 1 914
50281 1 1237
50286 1 1612
50317 1 2395
50320 2 1262
50328 2 1690
50376 1 1371
50377 1 2084
50391 3 703
50419 1 143
50429 1 2393
50459 1 1672
50464 1 2946
50476 4 10882
50481 1 2364
50503 1 2290
50504 1 2431
50505 1 373
50515 2 3053
50524 3 1087
50525 1 876
50562 1 400
50587 1 1902
50588 1 206
50598 1 5177
50606 1 5596
50716 1 849
50740 1 1885
50761 1 1045
50785 1 2063
50786 1 1972
50789 1 504
50894 1 1267
50901 2 1284
50902 1 1707
50903 1 1269
50913 2 1817
50921 2 3926
50942 1 244
50945 1 293
50949 2 1000
50954 12 1743
50956 1 769
50983 5 16660
50988 1 1822
50996 1 5411
51034 33 1818
51042 1 1865
51058 1 3191
51063 1 507
51064 1 907
51067 2 833
51082 1 1356
51091 2 1943
51113 1 1849
51175 1 1150
51184 3 1372
51186 1 1345
51192 1 1136
51206 2 3478
51208 1 859
51211 1 1371
51237 1 2338
51244 2 1010
51245 1 1006
51246 2 983
51247 1 992
51248 1 1333
51249 1 1073
51250 3 1357
51251 1 999
51252 2 974
51253 1 994
51254 1 898
51324 2 2010
51385 1 1887
51426 1 3586
51469 1 1403
51480 1 1345
51481 1 1345
51482 1 1341
51483 6 1357
51484 1 1340
51485 1 1335
51486 1 1336
51487 1 1378
51493 2 1461
51509 1 1022
51523 1 1944
51531 1 641
51545 1 10771
51590 1 916
51659 2 1205
51672 1 3436
51676 1 1078
51688 1 4314
51700 1 972
51771 1 2283
51805 2 952
51855 1 1007
51859 1 1363
51875 1 521
51881 1 4113
51891 2 6407
51892 2 4521
51895 1 2083
51917 1 671
51929 1 608
51959 2 886
51965 1 703
51967 2 2148
51969 4 1165
51984 1 825
51993 1 12689
52006 1 2497
52020 1 5271
52021 1 595
52028 5 5224
52030 4 1803
52046 2 871
52048 1 4112
52049 2 3857
52116 1 461
52119 2 1504
52187 1 1536
52190 3 1834
52242 1 710
52251 9 694
52272 2 1620
52278 1 832
52284 1 1780
52300 2 6036
52301 2 8406
52303 2 1966
52330 1 663
52380 2 725
52384 2 3160
52410 2 1022
52418 1 685
52426 2 1385
52450 1 1698
52462 1 1025
52472 1 1216
52473 1 1195
52484 1 5765
52485 1 1304
52486 1 2426
52487 1 1464
52499 1 936
52507 2 197
52541 1 3260
52545 1 2822
52551 1 438
52588 1 827
52613 1 1549
52646 1 733
52686 1 592
52696 1 1151
52797 1 2584
52929 1 920
52930 1 845
52936 2 2566
52941 2 3400
52946 5 1982
52972 1 550
52982 1 458
52986 3 1447
52988 1 24350
52990 1 638
52991 1 620
52995 1 283
53007 1 192
53008 1 211
53016 1 1044
53033 1 334
53039 1 1539
53046 1 6992
53054 2 2664
53073 1 2274
53076 1 1146
53077 1 1328
53101 1 1846
53102 2 820
53105 1 1782
53110 5 1619
53113 1 1040
53130 1 979
53140 1 4214
53164 1 1163
53167 1 1157
53170 1 2693
53208 3 935
53230 1 1357
53231 1 857
53237 2 763
53238 2 999
53248 4 5457
53249 2 556
53270 1 413
53308 1 2307
53329 2 3895
53333 5 1349
53335 3 2146
53337 1 3782
53339 2 837
53342 1 3109
53344 1 1224
53345 1 972
53346 1 1122
53347 4 549
53350 1 1432
53363 1 1193
53386 2 3714
53424 4 5193
53440 1 883
53441 1 3363
53459 2 1126
53469 1 2932
53479 2 1784
53490 1 103
53491 1 5993
53509 1 1285
53511 6 4733
53543 2 2493
53545 1 1625
53601 2 2754
53603 2 2774
53661 1 624
53668 1 168
53678 1 248
53706 1 2705
53707 7 5088
53709 12 7571
53715 1 726
53717 2 4413
53725 1 951
53726 2 2312
53738 1 2051
53760 1 1772
53768 3 2855
53770 2 1540
53771 1 1481
53777 1 3202
53784 2 1362
53788 1 391
53791 1 1482
53837 3 3485
53847 1 1188
53853 1 2874
53862 2 1177
53908 1 1337
53909 3 2366
53910 7 1481
53914 1 1079
53925 1 1795
53926 2 2454
53931 8 1369
53932 1 2291
53993 1 210
54017 1 191
54048 3 784
54079 1 52
54093 1 4103
54094 1 3257
54097 1 621
54131 1 570
54135 4 596
54140 1 1791
54142 3 2860
54148 1 4159
54157 2 5381
54179 1 626
54186 6 4524
54248 1 789
54282 2 865
54290 1 785
54322 1 1561
54323 1 1293
54332 2 2659
54336 1 727
54378 1 905
54460 1 1195
54473 1 4518
54482 2 784
54487 1 750
54499 1 1270
54500 1 1795
54504 3 725
54509 1 3235
54524 1 993
54527 1 1295
54528 1 900
54529 2 916
54530 1 900
54534 1 1649
54535 2 873
54543 2 1020
54566 3 8702
54615 2 2552
54619 3 10647
54624 2 1892
54636 1 1438
54659 2 5192
54684 1 1450
54945 1 2058
54975 1 1380
55059 1 2098
55063 3 17333
55085 2 476
55112 1 1429
55113 1 1550
55128 1 1409
55140 1 1485
55161 1 978
55164 1 1267
55304 41 1522
55305 1 1290
55309 1 835
55311 1 738
55312 1 747
55402 1 179
55433 1 1983
55456 1 2236
55472 2 1061
55489 1 331
55499 1 1431
55517 1 1625
55518 1 1128
55544 2 2066
55546 1 781
55555 3 999
55558 1 721
55567 1 952
55568 1 946
55588 19 668
55589 1 716
55593 1 833
55599 1 579
55601 1 517
55610 10 1063
55660 2 679
55665 1 1299
55666 1 1316
55667 1 1339
55698 1 730
55699 1 1333
55702 1 261
55712 1 659
55839 1 207
55886 1 5463
55907 1 1063
56014 1 1445
56032 1 668
56045 1 1527
56175 1 8425
56176 1 676
56178 1 700
56180 1 1457
56181 2 1977
56194 1 1968
56201 2 1323
56223 1 5116
56231 2 1953
56265 1 1324
56266 2 1037
56267 2 1449
56274 3 2124
56290 1 826
56400 1 2072
56435 1 678
56471 2 13098
56477 2 4251
56498 1 2455
56553 1 7598
56568 3 1095
56575 1 1164
56576 1 732
56602 1 1212
56610 1 679
56613 1 321
56615 1 324
56656 1 546
56669 1 2701
56703 2 2682
56771 1 2565
56792 1 1075
56839 4 8203
56847 1 1961
56848 1 404
56858 1 2421
56864 1 1163
56877 1 1601
56890 1 933
56934 2 1064
56969 1 1209
56974 4 944
56984 1 794
56985 2 1012
56987 1 833
57001 2 7758
57012 4 813
57164 1 2492
57177 1 178
57217 1 1984
57226 1 11510
57228 1 1834
57231 1 3603
57283 1 1207
57286 1 2048
57344 2 584
57371 1 1247
57431 1 3175
57438 1 1259
57439 1 1505
57446 2 1506
57447 2 1235
57488 4 120
57494 1 3677
57507 2 3268
57510 2 2365
57511 2 2052
57515 1 1112
57518 2 3333
57520 6 5772
57528 1 566
57537 1 924
57620 1 3241
57621 1 3239
57622 1 3240
57662 1 1009
57725 1 1668
57767 1 1708
57769 1 3472
57770 1 537
57774 1 582
57799 2 1179
57801 6 2633
57809 2 1242
57810 1 1482
57818 2 3557
57819 1 2006
57820 2 3637
57821 1 4929
57827 3 1465
57829 1 2379
57837 1 1247
57845 5 1225
57878 5 3882
57886 2 1002
57888 1 1043
57897 1 3276
57899 1 2146
57906 4 1412
57908 1 893
57941 1 636
57952 1 8583
57953 1 8583
57962 1 2722
57963 2 1707
57964 1 1922
57965 1 3015
57980 2 898
57989 1 3603
57996 1 1452
58192 1 3058
58243 1 1796
58245 1 1193
58247 7 19391
58251 2 4547
58308 3 1579
58330 1 1851
58340 1 1736
58343 1 514
58383 2 1351
58388 1 1662
58411 1 611
58420 3 8658
58431 1 1274
58439 1 834
58440 1 972
58441 1 1088
58446 1 645
58449 1 967
58455 1 988
58459 1 1051
58465 1 615
58470 1 640
58488 1 634
58491 1 914
58494 1 499
58509 1 557
58711 1 1429
58724 1 679
58728 1 827
58733 1 723
58748 1 1214
58770 1 847
58777 1 667
58780 1 581
58793 2 208
58810 3 891
58851 1 381
58890 2 1405
58893 1 1474
58934 3 2758
58936 2 1464
58937 1 738
58940 1 4530
58984 3 754
58985 3 752
59052 1 852
59072 1 10092
59082 1 754
59171 1 1633
59175 1 1913
59189 4 10518
59190 1 628
59198 1 458
59209 1 2825
59232 1 844
59234 1 854
59240 2 934
59257 1 510
59263 1 5357
59293 2 1254
59295 1 744
59302 1 1303
59308 3 1531
59310 1 1560
59359 5 1865
59375 1 1450
59398 2 1993
59414 1 1099
59420 1 1188
59421 2 1923
59423 2 13129
59429 1 1054
59430 1 3685
59440 1 836
59452 1 1493
59461 1 385
59462 1 1879
59463 1 2182
59464 1 1707
59466 1 4209
59470 1 3154
59494 1 2310
59499 1 572
59503 2 664
59511 1 1631
59516 1 1925
59523 1 1877
59559 1 883
59561 1 4211
59568 1 1774
59569 1 1463
59584 1 2273
59585 1 1481
59604 2 1752
59619 2 3498
59627 2 4734
59630 1 5288
59661 1 2342
59670 1 1595
59678 2 1480
59679 1 2650
59680 4 2653
59681 1 3350
59703 17 4221
59774 1 1649
59777 1 6060
59778 1 2131
59779 2 670
59784 1 736
59809 2 1442
59824 1 1816
59834 1 85
59847 1 917
59852 1 1110
59875 1 1762
59884 2 1934
59895 1 174
59901 2 10800
59940 1 792
59942 1 838
59949 1 974
59991 2 760
60038 1 3448
60039 1 4322
60044 1 1309
60050 1 1274
60053 1 1816
60055 3 912
60056 2 531
60059 1 721
60076 1 506
60103 1 1494
60118 1 1897
60149 1 441
60152 3 7811
60155 7 11169
60156 3 5280
60166 1 1269
60177 1 1472
60220 2 443
60224 1 8194
60226 1 2054
60238 1 1338
60267 1 598
60293 1 721
60304 1 1261
60311 1 2325
60312 1 2041
60325 1 441
60330 1 2281
60355 1 1074
60377 1 2105
60398 1 1768
60430 2 2173
60432 26 712
60448 1 1453
60492 1 50
60522 3 1503
60523 1 1348
60528 1 1837
60534 1 988
60552 1 967
60587 1 306
60588 2 3135
60598 1 2552
60603 1 787
60607 2 1057
60693 2 7521
60750 1 12275
60778 1 3600
60785 1 956
60794 1 1921
60838 1 708
60850 1 1791
60953 2 2570
60954 1 1837
60955 1 1899
60956 1 2287
60957 1 3093
60968 7 1740
60973 1 441
60998 1 2178
61042 1 749
61053 1 1691
61055 1 1513
61059 3 4559
61122 1 1779
61128 1 400
61129 1 689
61166 2 3006
61167 2 3616
61177 1 2363
61186 1 14302
61187 1 15707
61188 1 29700
61194 2 1390
61195 2 1379
61196 2 1748
61229 1 1257
61238 1 1279
61239 1 1502
61240 2 2043
61262 1 1081
61268 1 2756
61338 3 904
61352 2 18809
61357 4 3441
61391 1 5684
61405 5 1936
61420 12 2042
61439 1 886
61444 1 1534
61461 69 37128
61463 1 1595
61468 1 2302
61470 1 2495
61471 1 2207
61497 2 5567
61506 1 3406
61532 1 452
61539 2 371
61547 1 853
61558 1 237
61566 1 523
61613 1 1024
61618 1 865
61628 8 7244
61659 2 6067
61664 1 3204
61677 2 1365
61687 2 2218
61688 1 1196
61689 1 941
61690 1 2512
61691 1 1496
61701 1 1679
61741 1 1274
61765 2 2458
61766 5 3802
61768 1 485
61772 1 652
61805 1 1227
61808 1 799
61810 1 890
61820 1 5698
61822 1 5496
61823 2 3825
61824 1 4512
61831 1 1756
61851 1 4305
61860 5 7381
61894 3 3336
61895 1 1396
61907 1 3429
61908 1 1579
61938 1 6544
61939 1 10305
61960 2 622
61970 1 694
61971 1 707
61974 1 699
62029 1 840
62030 1 796
62049 1 1375
62064 1 591
62109 1 4903
62110 1 4274
62111 1 6309
62153 3 2377
62204 1 8201
62205 1 1826
62218 1 2462
62238 1 427
62243 1 3964
62267 1 526
62319 1 2313
62350 1 671
62351 1 1347
62352 1 1206
62357 1 822
62369 1 1325
62396 1 1733
62436 1 781
62477 2 1158
62494 1 1040
62513 3 2915
62514 4 3635
62522 2 1976
62557 1 910
62588 3 8596
62594 1 202
62613 1 5274
62685 1 1321
62686 1 996
62687 1 994
62693 1 5347
62694 1 2218
62696 1 510
62727 1 3232
62766 2 8596
62785 1 1476
62819 1 945
62825 1 437
62827 1 1510
62828 2 1541
62837 1 1565
62850 1 849
62853 3 4078
62899 2 692
62912 1 6714
62933 2 987
62935 1 1250
62936 1 1651
62938 1 1036
62951 2 2817
62974 1 617
63000 1 657
63054 2 1936
63093 1 3111
63155 1 1358
63156 1 1380
63157 1 3445
63158 1 912
63159 1 1363
63160 1 1813
63161 1 1664
63162 1 1516
63163 1 2048
63164 1 2016
63165 2 2124
63166 1 2579
63167 1 3539
63168 1 2328
63169 1 1823
63170 1 1316
63171 1 1012
63172 1 1456
63173 1 1330
63200 2 714
63216 1 3807
63219 1 790
63231 1 560
63247 1 215
63257 1 716
63261 1 1615
63262 1 1616
63278 5 513
63287 2 2749
63293 1 882
63295 1 120
63308 1 1302
63310 1 2477
63326 1 1307
63327 1 1286
63328 1 1422
63329 1 1339
63330 1 1372
63331 1 1592
63340 2 1572
63341 1 1591
63343 3 1651
63387 1 608
63412 2 2324
63419 1 1505
63424 1 756
63429 1 723
63431 1 894
63432 1 540
63438 1 560
63501 1 1200
63521 1 1186
63590 2 1793
63650 1 465
63654 1 1086
63686 2 3010
63709 1 2193
63710 1 114
63727 2 763
63744 1 89
63754 1 1366
63759 1 1024
63788 1 3142
63791 1 1978
63803 1 2123
63805 1 802
63812 1 2413
63823 1 32
63828 2 481
63832 1 1265
63834 2 3002
63854 1 401
63883 1 1768
63911 1 132
63912 1 601
63924 1 1454
63926 1 1163
63941 1 1650
63955 1 1233
63959 1 35
63961 2 1470
63962 4 3096
63964 1 1764
63965 2 1353
63969 1 2173
63970 5 4043
63972 6 1998
63973 4 2472
63974 1 1872
63975 5 725
63976 4 956
63978 1 1445
63986 1 1741
63987 1 1321
64009 15 3743
64010 1 2508
64011 3 1334
64013 1 2220
64014 3 1052
64015 4 2612
64018 2 997
64021 9 4309
64030 1 809
64031 1 751
64032 3 1854
64034 1 2927
64044 1 1123
64048 2 531
64081 3 1183
64085 1 1615
64091 3 194
64093 5 1998
64094 5 3694
64220 2 224
64271 1 4396
64272 1 723
64282 4 988
64295 3 1792
64301 1 942
64303 2 816
64321 1 668
64322 2 1022
64323 2 1309
64329 2 779
64330 2 842
64331 2 3013
64341 4 1110
64343 9 1275
64345 1 2095
64350 8 20899
64360 1 245
64377 1 1147
64388 1 1483
64396 2 715
64414 6 806
64423 1 623
64429 1 858
64438 1 1078
64440 2 475
64451 1 433
64469 1 1141
64476 2 704
64491 1 1559
64496 2 760
64510 1 1839
64529 1 3125
64536 1 1251
64537 1 1417
64548 1 778
64554 3 851
64557 2 706
64568 4 453
64569 1 1044
64573 4 751
64582 1 1481
64595 1 534
64614 3 194
64634 1 381
64639 7 924
64647 1 7320
64650 2 179
64655 2 2422
64656 1 735
64658 2 3929
64663 1 376
64668 1 112
64673 3 533
64676 1 951
64697 1 47
64856 1 54
64896 1 495
64931 2 219
64936 3 1450
64952 4 1538
64953 1 1176
64959 2 1034
64961 1 193
64963 3 73
64972 2 427
64995 3 1355
65032 1 1400
65040 1 1671
65042 1 1185
65046 1 1430
65048 1 1262
65050 1 1333
65051 2 1455
65052 2 1530
65062 2 1719
65063 2 940
65068 5 2208
65074 2 903
65081 1 721
65091 2 2809
65092 2 2579
65093 2 2401
65094 2 2609
65099 4 2357
65103 1 1022
65104 3 8712
65105 2 718
65106 3 1122
65107 3 3809
65108 16 1542
65120 1 2332
65129 1 15643
65130 2 3523
65249 2 541
65272 1 2484
65299 1 158
65354 5 1071
65367 1 316
65396 1 165
65410 2 1931
65421 1 3586
65433 2 2178
65446 1 982
65516 1 1590
65537 2 3294
65538 1 46
65552 2 570
65562 1 1948
65566 1 565
65567 1 462
65574 1 1775
65583 1 423
65586 1 1507
65599 1 4712
65643 3 1526
65644 3 1473
65652 1 1795
65656 2 3685
65684 3 17249
65699 1 956
65704 1 602
65757 1 1393
65771 1 799
65790 1 5117
65812 1 832
65813 1 1982
65815 1 2003
65847 1 859
65866 1 1221
65872 4 5814
65896 1 3671
65936 2 1413
65939 1 1340
65940 1 1495
65941 5 1299
65951 2 1360
65977 1 887
65990 1 4364
65996 1 2800
65999 10 7992
66003 2 1673
66012 1 1659
66026 1 1362
66056 1 1412
66118 1 6182
66129 1 326
66155 5 2599
66182 5 1751
66258 1 817
66290 1 1342
66291 1 1544
66300 28 15335
66301 1 1510
66331 1 231
66342 1 482
66405 1 1623
66410 1 1064
66417 2 2862
66431 2 2939
66464 1 1050
66472 1 3818
66478 2 1388
66487 1 1154
66497 1 2312
66503 1 3599
66514 1 349
66523 1 1015
66536 1 727
66537 1 489
66542 1 1829
66553 1 734
66567 1 1232
66590 1 1614
66642 1 399
66668 2 1340
66694 1 278
66706 1 684
66722 147 276701
66723 1 1267
66724 1 909
66731 1 1118
66755 1 889
66786 1 915
66788 1 910
66823 4 9403
66830 1 818
66874 28 2969
66880 1 3032
66882 1 1598
66883 1 607
66886 3 3404
66888 1 789
66915 3 4319
66931 1 389
66947 5 18231
66973 1 1116
66979 1 1596
67004 2 710
67008 1 651
67021 1 6450
67031 1 5324
67032 1 5505
67054 1 2805
67060 1 895
67074 4 9837
67090 1 581
67104 1 1228
67106 1 1293
67135 1 653
67141 1 431
67195 2 6824
67213 1 2231
67214 1 767
67219 1 8613
67261 2 1409
67283 2 986
67315 1 626
67316 2 2577
67318 1 1620
67345 1 1856
67352 2 2080
67356 2 2111
67360 1 1780
67392 1 2594
67393 1 6324
67403 2 3316
67415 2 10077
67416 1 2877
67439 2 900
67440 2 831
67441 2 902
67442 2 716
67509 2 2447
67519 2 10460
67547 1 1341
67558 2 1425
67572 1 745
67573 6 2299
67594 1 3023
67618 1 1465
67637 5 4061
67661 1 952
67663 1 755
67689 1 7619
67729 1 390
67749 1 658
67758 4 2196
67766 1 1019
67786 2 2340
67789 2 1357
67797 2 1733
67844 2 2522
67862 1 922
67866 1 1457
67877 1 355
67879 1 825
67882 28 3085
67883 28 3094
67890 2 3387
67892 2 1691
67893 3 4007
67898 1 1778
67900 1 1945
67981 4 521
68000 1 1263
68005 1 1868
68007 1 795
68023 1 686
68047 2 1652
68062 3 2785
68063 1 1721
68067 1 1176
68104 2 394
68110 2 748
68120 1 7511
68124 1 2400
68125 1 2444
68142 2 2271
68149 1 2354
68159 2 6709
68161 1 1742
68192 2 2334
68208 1 1303
68212 1 810
68234 2 465
68243 2 446
68263 3 5972
68272 1 631
68274 1 942
68281 1 875
68291 2 365
68299 1 122
68307 1 1697
68324 1 395
68330 3 8380
68342 1 1263
68369 1 11195
68388 1 2572
68392 1 6574
68413 1 973
68414 1 973
68415 1 973
68420 3 2517
68421 6 2923
68425 3 927
68427 1 441
68435 8 1168
68436 1 2388
68437 2 2115
68438 3 2467
68643 2 572
68645 5 636
68654 1 699
68657 1 1531
68660 2 1533
68661 1 2157
68663 1 854
68668 1 1127
68669 1 335
68686 5 900
68690 2 1253
68691 1 2365
68697 1 1133
68699 2 763
68700 1 787
68701 1 561
68704 1 4902
68707 1 4537
68709 1 490
68715 1 480
68717 2 258
68732 7 3543
68734 6 1218
68735 1 545
68739 1 2373
68740 1 887
68752 1 1201
68754 1 185
68756 1 2028
68761 1 567
68771 4 1848
68773 3 755
68777 1 1669
68783 2 1601
68784 1 1803
68820 1 1468
68822 2 501
68828 3 509
68845 1 750
68854 2 5781
68869 1 150
68876 1 1494
68879 1 1268
68900 4 3607
68901 1 846
68910 1 735
68916 1 2291
68919 1 245
68928 1 1832
68929 1 1431
68930 1 1217
68931 1 1400
68932 1 1876
68941 1 641
68943 1 1054
68944 1 1017
68967 1 839
68968 4 604
68969 5 746
68970 4 689
68972 3 527
68984 1 1210
68997 1 793
69003 1 581
69039 1 938
69045 3 373
69061 6 205
69065 8 536
69066 1 628
69092 1 475
69106 1 40
69276 2 498
69287 1 50
69320 1 611
69328 1 515
69349 1 447
69354 4 801
69355 2 1142
69365 1 1243
69372 4 1567
69379 2 2152
69387 1 1411
69411 1 490
69423 2 1278
69436 2 1123
69446 1 1634
69455 1 942
69458 3 1090
69472 2 1422
69473 2 1366
69475 2 1362
69476 1 1519
69483 2 3191
69490 1 935
69495 6 2757
69504 3 1208
69509 1 5379
69515 2 3275
69518 1 325
69531 2 797
69532 2 2723
69538 2 1049
69546 4 1049
69547 1 5735
69548 1 1818
69722 1 1778
69725 1 1479
69726 1 598
69777 1 158
69822 1 877
69829 2 993
69842 1 886
69871 3 2129
69887 2 3269
69888 2 559
69889 7 1917
69890 8 1178
69902 3 580
69911 1 666
69920 1 2823
69921 1 927
69924 1 988
69926 2 843
69929 2 933
69930 1 745
69990 1 3720
69995 4 1038
70010 1 668
70016 1 1509
70020 3 1127
70031 1 1376
70032 1 1290
70033 1 1365
70069 1 882
70087 1 573
70098 1 1411
70107 1 686
70119 1 819
70120 1 629
70133 1 558
70134 1 423
70169 2 8025
70207 1 10208
70216 1 2736
70260 1 585
70269 1 2397
70279 6 12383
70286 1 806
70307 1 703
70326 1 105
70350 1 1366
70371 1 808
70375 1 1033
70382 1 1908
70483 2 2371
70532 1 1139
70534 1 5509
70574 3 2062
70586 1 2455
70629 28 3102
70702 3 2156
70719 1 53
70725 1 95
70731 1 925
70746 1 851
70749 2 6334
70877 2 1501
70881 1 1568
70885 1 834
70954 2 6095
70960 1 2677
70961 1 643
70991 1 2170
71059 1 2012
71077 2 2876
71078 3 9605
71137 1 9411
71140 2 647
71183 1 2921
71194 1 563
71208 1 442
71217 2 2704
71247 1 1642
71278 1 546
71314 1 983
71325 1 1098
71335 1 3121
71338 1 2157
71351 2 1055
71364 1 998
71371 2 715
71374 4 1324
71380 1 1120
71406 3 2956
71419 1 2738
71432 1 2398
71459 1 2233
71522 1 1158
71523 1 1243
71524 1 1115
71534 1 2382
71543 1 2407
71549 1 2186
71552 1 325
71571 1 1589
71573 1 847
71645 2 1199
71654 2 1043
71735 1 881
71744 1 2609
71759 1 50
71809 1 1200
71833 1 2056
71834 1 664
71842 2 212
71844 2 305
71845 1 1171
71860 1 1550
71861 1 640
71867 1 694
71889 1 1500
71894 1 2159
71895 1 3069
71897 1 2249
71911 2 5060
71932 1 549
71944 2 7115
71994 1 1432
72006 1 1371
72038 2 3035
72039 2 5516
72065 1 9229
72066 1 7004
72067 1 9227
72068 1 8137
72098 4 19912
72139 1 1020
72142 1 2964
72168 2 1859
72178 1 855
72192 1 1685
72206 1 2593
72207 1 1776
72208 1 1405
72213 1 3012
72216 1 613
72217 1 1342
72254 1 564
72260 1 1541
72287 1 355
72307 1 3276
72323 1 2321
72353 2 1879
72356 2 2591
72358 1 1752
72367 1 485
72410 3 4306
72411 1 3344
72412 6 14176
72413 4 1983
72416 1 1773
72418 1 432
72420 2 2515
72422 2 4394
72431 1 771
72432 1 1377
72433 1 1492
72487 1 3044
72492 1 157
72498 2 11873
72521 2 6698
72537 1 1081
72554 1 897
72565 1 1130
72579 1 295
72584 1 1934
72588 1 1618
72602 4 12545
72612 1 2177
72642 1 1456
72663 1 1320
72672 1 831
72678 1 870
72682 1 1240
72691 1 1208
72714 2 1957
72715 4 2456
72733 2 1843
72747 1 681
72749 1 497
72769 1 4944
72775 1 2072
72797 1 2288
72827 2 7031
72884 2 2069
72897 1 3666
72899 1 20275
72916 1 1335
72919 1 5881
72920 1 5462
72921 1 2994
72923 2 1527
72938 3 10696
72939 1 1415
72945 1 2766
72954 2 1348
72955 1 1468
72956 1 1194
72963 1 2184
72974 1 2607
72982 1 5401
72986 2 1005
73016 1 1141
73019 1 1972
73023 1 1400
73040 1 511
73066 1 2939
73068 1 403
73080 2 2339
73092 1 2999
73131 1 147
73136 1 146
73180 1 1271
73203 1 958
73207 2 1418
73215 2 1228
73251 1 1006
73252 1 2017
73253 2 2048
73262 1 317
73275 1 590
73277 1 1345
73291 1 988
73297 1 933
73310 2 1043
73311 1 895
73327 2 882
73337 2 618
73341 1 516
73351 1 812
73354 1 876
73362 1 481
73364 1 568
73373 1 5222
73392 1 1159
73408 1 1378
73418 1 392
73419 1 1498
73431 1 732
73432 1 1327
73433 1 1294
73434 1 1396
73435 1 1288
73436 1 1351
73498 1 2553
73506 1 1171
73522 1 777
73536 1 850
73551 1 1862
73552 1 731
73554 1 721
73574 2 8025
73591 1 2230
73606 1 205
73732 4 1250
73733 2 876
73734 1 605
73742 3 2569
73753 1 1851
73770 2 775
73917 2 613
73937 1 452
73949 2 3890
73967 1 291
74008 1 1811
74041 1 707
74094 2 3820
74099 1 442
74100 1 947
74125 1 2057
74135 1 1169
74140 1 1711
74156 6 1504
74169 2 643
74177 1 4268
74179 1 4036
74217 2 761
74260 1 945
74261 1 1079
74262 1 1107
74268 1 554
74349 1 2378
74370 2 1237
74374 1 1600
74378 2 897
74379 2 864
74390 1 3030
74391 1 1030
74402 2 12340
74414 1 647
74428 1 1716
74434 28 3996
74437 1 6261
74438 1 1352
74443 1 1375
74446 4 1773
74491 1 51
74499 2 2239
74527 1 1301
74556 1 325
74645 2 6253
74665 1 2881
74666 3 1855
74714 1 2557
74743 1 1598
74746 1 5004
74750 1 2927
74758 1 1530
74766 3 6523
74794 2 1782
74812 1 4167
74813 1 5631
74857 1 2102
74871 3 1759
74873 1 4014
74879 1 853
74887 1 7880
74917 1 1213
74945 1 330
74951 1 996
75095 2 1238
75104 1 632
75109 1 1277
75124 1 2419
75128 5 1475
75146 1 1593
75152 2 1312
75220 1 1738
75221 1 6839
75225 2 1408
75252 1 1409
75304 1 2880
75305 1 2807
75314 2 480
75330 1 1976
75420 1 5660
75480 1 479
75490 1 2840
75522 1 555
75529 1 8980
75530 2 2216
75531 1 1582
75532 1 2113
75534 1 9607
75549 1 1112
75551 1 2365
75558 1 973
75595 1 123
75619 2 1267
75625 1 1046
75632 1 1327
75633 1 1312
75634 1 1358
75635 1 1633
75636 1 1309
75637 1 1362
75651 1 594
75697 2 1062
75698 1 399
75717 1 2502
75765 4 1306
75767 1 1290
75840 1 1024
75872 1 578
75906 1 125
75922 2 3058
75930 1 4094
75945 2 609
75963 2 2775
75977 1 776
76050 3 4066
76087 1 627
76096 1 886
76120 1 1477
76136 1 4953
76139 1 3319
76140 1 1136
76143 1 3616
76162 1 3412
76174 15 20998
76249 1 12565
76250 1 586
76260 1 1279
76261 28 3135
76262 1 3194
76263 2 1553
76265 2 331
76266 2 1340
76267 1 1564
76268 3 1592
76269 5 3998
76294 1 820
76304 1 5487
76325 1 1450
76344 1 2359
76354 1 3077
76367 1 1133
76384 1 734
76408 1 4367
76411 2 6346
76426 1 720
76436 1 1234
76440 1 406
76448 1 5583
76460 1 6070
76471 1 824
76481 1 4881
76508 1 2897
76516 3 5399
76526 1 4857
76535 2 720
76571 2 2525
76573 1 1808
76581 1 623
76610 1 600
76611 1 198
76615 1 3913
76616 1 908
76617 1 1552
76618 1 1560
76625 4 2143
76641 1 380
76659 1 651
76676 1 6037
76694 1 514
76707 1 3320
76722 11 2126
76726 1 2339
76753 1 3309
76755 1 5294
76825 1 636
76833 2 1925
76835 1 373
76858 1 723
76868 2 1662
76886 6 4302
76899 1 638
76964 1 4663
76966 1 632
76988 1 1267
76998 1 2076
77005 1 1472
77007 2 2330
77025 1 2461
77026 1 1272
77066 2 851
77068 1 2025
77069 2 1110
77070 1 2357
77082 1 5693
77086 1 5533
77091 1 1850
77095 1 1057
77097 1 2699
77100 1 335
77124 1 3644
77137 1 1799
77144 3 3383
77159 1 2784
77180 1 5716
77181 1 1816
77199 2 3580
77202 1 8001
77225 2 2945
77226 2 1491
77227 1 2803
77236 1 1989
77241 17 4192
77255 1 744
77258 4 1408
77369 7 3515
77377 1 1880
77380 1 39
77390 2 3306
77425 1 2873
77438 1 1254
77452 2 2364
77458 1 1185
77576 1 4731
77596 1 563
77631 1 1190
77666 1 949
77796 1 486
77802 1 847
77805 1 2119
77820 1 878
77867 1 606
77876 1 3309
77933 1 788
77937 3 1234
77961 2 8551
77962 1 3614
78013 3 1893
78014 2 1880
78033 1 397
78034 1 2796
78060 1 167
78061 1 179
78117 1 1978
