laboratori laboratori 724 65215343 
29 3 437
52 1 1874
120 1 4128
256 1 8243
375 1 10166
464 2 2497
813 1 715
886 1 5811
962 1 403
1167 1 238
1463 1 1594
1464 1 1502
1923 19 650
1925 2 629
1973 23 16948
2107 1 1943
2163 1 2057
2207 1 1446
2500 1 796
3132 1 2453
3164 2 1088
3238 1 1320
3383 1 10722
3583 1 229
3773 1 2479
3832 1 7941
4425 1 1104
4550 1 3021
4715 1 884
4753 1 5716
4897 2 1604
5118 2 428
5150 1 1030
5396 1 6921
6077 1 2190
6088 1 1753
6364 1 7210
6945 6 3654
7505 2 4997
7532 2 685
7580 1 9484
7589 1 961
7967 1 1641
7975 1 2578
8173 3 961
8261 3 539
8323 1 1446
8382 1 19553
8903 1 1242
8913 2 12589
8948 1 601
8975 1 806
9006 2 34059
9371 1 1526
9640 5 3873
9725 1 654
9811 1 922
10258 1 756
10409 1 1748
10613 2 1633
10614 3 2323
10628 1 1516
10808 1 6608
11202 1 3466
11245 1 1612
11255 1 490
11569 3 6434
11662 1 1388
11885 1 618
11966 1 751
12182 1 2585
12708 1 1605
13156 2 3209
13332 1 14933
13373 1 2548
13797 1 436
13845 1 656
13930 3 449
14080 4 51830
14191 1 1859
14212 1 12149
14217 2 2332
14329 1 1391
14365 1 1356
14504 1 908
14675 1 1701
14707 1 937
14718 1 430
15049 1 2266
15277 1 1372
15587 1 2694
15755 12 1292
15757 1 7636
15761 1 778
15846 1 2009
16183 1 2917
16184 1 1312
16185 1 2268
16186 1 1342
16187 1 1638
16188 1 1274
16193 1 1084
17122 5 9203
17199 1 1582
17297 1 1229
17444 2 2110
17467 1 6562
17522 1 658
17589 6 12110
17590 3 6514
17591 7 3099
17592 3 3800
17645 2 718
17758 7 28986
17762 1 700
17981 1 1639
18004 1 5488
18169 1 3118
18287 1 1632
18409 2 1928
18472 1 766
18758 1 1142
19076 1 2622
19186 2 6942
19390 2 3260
19393 1 277
19559 1 6375
19603 1 636
19656 1 5073
19687 1 2998
19809 1 803
19858 2 711
20000 1 2428
20185 1 1049
20622 1 1417
20663 1 2969
20756 1 1009
21209 1 839
21266 1 4449
21308 2 465
21339 5 4745
21644 2 11884
21648 1 6487
21903 1 3153
21927 1 1212
22468 1 226
23001 2 6718
24163 1 1415
24265 1 3355
24340 1 239
24344 4 1323
24420 1 1290
24599 1 296
24874 1 1346
25428 4 2396
25542 1 2369
25707 1 1454
25964 1 4294
25968 1 814
26125 1 331
26220 1 1669
26498 1 32423
27160 4 828
27375 1 979
27461 1 4148
27475 1 5550
27667 1 605
27710 1 812
27905 2 644
28098 14 10589
28115 1 2406
28261 4 11790
28778 4 723
28840 3 12057
28951 1 4581
29396 1 8576
29433 1 1359
29465 8 405
29555 1 1529
29866 2 1160
30285 1 1934
30321 1 987
30588 2 3696
30643 1 1318
30649 1 2455
30738 1 1986
30750 1 1681
30975 1 1381
31355 1 5480
31495 1 586
31617 2 1388
31691 1 1773
31703 1 1955
31988 1 1092
32019 1 4793
32193 1 678
32226 1 3217
32426 1 3386
32569 1 1631
32706 1 1372
32737 1 1376
33079 2 3096
33224 1 576
33451 1 1239
34052 1 11789
34201 1 2057
34396 1 5213
34650 1 2639
34866 1 412
34928 21 647
34985 1 672
35051 1 525
35324 1 373
35466 1 728
35532 1 4534
35768 1 1871
35833 1 1394
35991 2 1056
36135 2 1001
36341 1 828
36566 1 773
36685 1 3543
36823 1 1482
36912 3 1844
36998 1 864
36999 1 867
37012 1 1013
37322 1 695
37419 3 13883
37423 1 13622
37495 1 315
37907 1 454
37917 2 1025
38469 1 398
38476 3 1139
38694 1 1649
38699 4 1357
38774 1 855
38807 1 2365
39078 1 336
39140 3 1160
39456 2 1320
39469 1 1674
39936 1 481
40280 1 168
40383 1 1006
40447 1 3358
40580 1 1410
40603 1 752
40743 1 1173
41098 1 1211
41897 1 538
41942 5 2534
42009 1 3192
42161 3 9423
42251 2 908
42771 1 2420
42772 1 1367
42958 9 605
43000 1 422
43186 1 985
43444 1 2757
44130 1 6601
44167 2 971
44299 1 959
44943 2 1027
45158 2 453
45606 1 1351
45610 1 1452
45802 1 662
45880 2 2642
46833 3 1149
46927 1 975
47121 3 872
47365 1 634
47905 1 685
48116 2 1532
48566 1 3055
48600 1 353
48645 1 1419
48647 1 1159
48764 1 1470
48772 1 2396
48910 1 1372
49022 2 2746
49092 2 39956
49148 1 1740
49160 1 734
49176 1 11069
49366 1 5125
49683 2 761
49745 1 325
49817 2 614
50207 1 2916
50245 1 460
50751 1 610
50768 1 708
50983 2 16660
51087 4 2282
51529 2 555
51668 1 812
51816 1 4853
51839 1 9735
51899 14 12169
52112 1 942
52184 4 4601
52187 1 1536
52204 2 729
52244 2 1659
52988 6 24350
53412 1 171
53438 2 5686
54289 2 1258
54482 1 784
54674 1 1298
55753 1 4189
56652 2 5800
57538 1 632
57739 1 585
58302 1 523
58502 3 1134
58829 7 721
59512 3 3204
59712 1 4670
59903 1 687
59904 1 858
60012 1 394
60065 1 3606
60224 4 8194
60715 1 1172
60759 2 4854
60792 1 3202
60798 2 330
61188 3 29700
61259 1 1094
61260 3 1077
61262 1 1081
61651 2 3956
61668 2 11710
61696 1 1162
61873 3 756
62299 1 7136
62697 1 1926
62824 4 4199
62893 1 618
63036 2 1062
63121 1 718
63310 1 2477
63411 1 1780
63656 1 6872
64044 1 1123
64376 2 2975
65007 1 3159
65086 1 1694
65525 1 1339
65700 1 1274
65724 1 1237
65816 1 929
66278 1 2126
66340 1 1753
66380 1 9761
66750 1 1405
67042 1 1358
67324 1 2007
67996 1 1441
68170 1 586
68176 1 2781
68702 1 1708
69055 1 3045
69824 1 1647
69954 1 638
69969 5 676
70098 1 1411
70119 3 819
70595 2 2506
70626 1 1315
71077 1 2876
71306 1 1543
71646 6 1815
71897 1 2249
72011 1 1094
72023 1 772
72228 1 1246
72663 2 1320
72827 1 7031
72889 1 1741
72999 4 3301
73008 1 5555
73018 1 2302
73212 1 2390
73383 2 308
73992 3 3335
73996 1 7920
73997 1 10376
74116 2 4873
74203 1 11999
74813 2 5631
76163 1 709
76325 2 1450
76625 1 2143
76723 1 813
76943 6 726
76984 2 1045
77037 1 1076
77665 1 496
78030 1 745
78121 1 3206
