calcul calcul 3563 65215343 
73 1 759
130 9 4276
131 1 14882
133 1 3237
135 2 275
147 1 3893
223 1 974
228 1 1439
232 2 515
251 1 844
256 1 8243
258 1 56657
267 1 604
296 2 209
297 3 370
326 1 769
429 3 3151
430 1 3354
455 2 3709
482 1 1039
500 1 1485
504 7 11283
538 1 888
564 1 1452
617 1 798
625 8 5869
690 1 3348
724 1 984
732 1 1059
736 3 2617
772 3 1607
890 2 1543
908 4 1287
991 1 457
993 8 10702
1060 1 1104
1082 5 1118
1085 1 5635
1096 1 3576
1213 1 3659
1239 1 145
1418 1 1093
1433 1 1522
1458 1 952
1472 1 1329
1566 1 3548
1593 1 2577
1741 2 5895
1784 1 1533
1816 1 5747
1950 3 487
1970 1 1066
1973 1 16948
1983 2 5638
2030 1 1619
2080 1 8786
2144 1 1168
2167 1 1863
2234 1 629
2346 1 690
2375 1 3907
2447 1 901
2537 2 1224
2554 9 313
2573 1 768
2578 1 1034
2673 1 846
2781 4 675
2791 1 1385
2797 1 342
2809 1 8131
2843 1 5588
2985 1 467
2986 1 714
3029 16 1873
3108 3 2991
3109 3 3299
3165 3 1306
3207 1 737
3316 1 1325
3493 1 1047
3513 1 2385
3514 1 5186
3547 1 1585
3551 1 379
3571 2 1011
3687 2 3022
3708 3 3154
3747 1 1430
3840 1 881
4067 1 3490
4088 1 1023
4138 1 534
4144 1 2194
4145 1 6518
4146 1 1296
4147 2 971
4184 3 4232
4418 1 2251
4450 1 6385
4552 1 1468
4557 2 211
4598 2 1028
4612 1 1244
4613 1 1374
4620 1 2669
4720 1 193
4744 4 6884
4749 1 1366
4753 2 5716
4787 1 1159
4823 1 1869
4846 1 1404
4860 1 1791
4900 4 1550
4912 4 7415
4915 2 4855
4916 2 4839
4917 2 4602
4964 1 930
4965 1 1012
5026 2 635
5066 1 521
5119 1 1549
5127 1 1687
5131 1 1622
5137 1 735
5140 1 1465
5184 1 2478
5187 2 758
5247 1 6498
5296 2 631
5499 1 44062
5532 3 730
5575 1 1013
5577 1 3747
5589 1 1188
5591 1 1213
5611 2 8061
5843 1 2680
5844 1 788
5916 5 1874
5938 1 5865
6006 1 935
6013 1 2929
6014 3 3067
6039 2 2773
6084 7 3088
6087 4 1469
6123 1 1295
6181 1 5519
6296 1 3125
6297 6 3321
6298 1 3012
6299 1 3048
6300 1 3029
6301 1 2972
6302 2 2959
6303 2 2969
6304 1 3270
6305 2 2963
6336 1 3254
6337 1 3747
6364 1 7210
6457 1 801
6526 1 1191
6568 13 456
6587 2 2605
6638 1 1121
6826 1 785
6945 1 3654
7092 1 854
7415 1 2592
7549 1 413
7580 1 9484
7588 1 582
7716 1 391
7759 1 227
7889 1 605
7944 1 4834
7961 1 412
7966 3 2772
8150 1 1408
8297 1 12133
8306 1 1820
8312 1 3567
8379 1 557
8382 1 19553
8390 1 1041
8391 1 2171
8442 1 1911
8575 1 1694
8582 1 1026
8587 1 1396
8740 8 1067
8813 1 601
8827 5 6533
8829 1 2495
8837 5 699
8867 2 2603
8913 1 12589
8959 6 608
8968 1 377
9057 3 1319
9149 1 278
9165 1 1394
9204 1 3049
9206 3 3079
9224 1 850
9229 2 554
9317 1 2510
9382 1 1609
9429 1 1004
9446 1 6689
9512 1 2693
9513 1 2653
9580 6 1345
9694 2 1329
9710 1 1429
9776 2 3757
9777 1 433
9843 1 872
9848 1 552
9856 2 500
9870 1 1026
9921 16 637
10002 1 724
10013 1 606
10038 1 1127
10062 1 276
10081 1 2613
10091 1 1323
10092 1 1363
10093 1 1326
10094 1 1357
10095 1 1392
10101 2 12486
10105 6 8600
10147 1 1321
10149 1 561
10253 2 2883
10255 1 2770
10282 1 393
10291 1 724
10366 1 2417
10369 1 1033
10374 1 9128
10404 12 1546
10425 1 1190
10519 2 719
10526 1 1032
10568 2 3196
10580 1 1106
10626 4 1442
10655 1 2947
10656 3 3117
10803 1 844
10842 2 1865
10920 1 941
11037 1 1092
11089 1 1023
11106 3 713
11214 1 1706
11249 3 5195
11288 1 9962
11291 4 2301
11292 1 1815
11364 1 2608
11507 1 3105
11508 1 2406
11569 1 6434
11590 1 1805
11617 2 566
11680 4 1050
11722 1 1625
11763 1 739
12109 4 5974
12114 1 615
12138 1 18363
12182 3 2585
12203 1 722
12205 1 811
12224 1 1462
12300 1 1761
12311 1 2392
12320 2 1771
12393 1 451
12396 2 1166
12429 1 988
12574 1 869
12635 1 1328
12647 1 4896
12661 1 897
12711 1 2227
12841 1 1000
12944 3 2185
12949 2 2158
12979 14 1831
13077 1 588
13153 1 1159
13214 1 1322
13356 1 1677
13505 1 1133
13534 5 2009
13628 1 1090
13637 1 1271
13638 1 1679
13639 1 1946
13775 1 704
13846 1 1850
13861 1 3305
13885 1 2142
13886 1 3122
13919 1 1031
14005 11 5769
14044 2 364
14080 28 51830
14082 3 888
14083 3 507
14105 1 9306
14271 1 2963
14272 1 3020
14273 1 2924
14274 1 2909
14313 1 5288
14319 1 1202
14320 1 646
14344 1 1260
14438 2 609
14482 11 4658
14531 1 425
14631 1 2325
14683 2 601
14705 2 474
14721 1 4901
14739 1 919
14747 1 1544
14748 1 1244
14773 1 4394
14799 1 1859
14829 3 1080
14830 2 8170
14831 2 8171
14832 2 8172
14834 1 2296
14835 1 2296
14857 1 656
15106 3 997
15133 1 972
15264 1 675
15307 1 605
15497 1 1224
15568 1 3032
15570 1 2982
15571 3 3116
15572 1 3411
15573 1 2920
15574 1 3007
15575 3 3094
15576 1 2773
15587 2 2694
15609 1 1362
15736 2 3238
15755 2 1292
15808 1 695
15906 1 679
15922 2 3916
16004 1 1576
16020 1 1631
16054 1 830
16222 3 949
16235 1 4462
16246 1 1169
16247 1 1020
16259 2 1458
16263 1 4858
16281 1 3429
16297 3 1746
16403 2 2270
16465 3 3291
16492 1 3998
16495 1 667
16601 1 177
16679 1 232
16736 5 1860
16742 1 1501
16826 1 750
16841 1 3185
16843 1 15992
16846 1 1076
16847 1 1048
16855 1 637
16865 1 1183
16867 1 1515
16888 2 1462
16909 2 1643
16932 1 4752
16943 1 10757
17017 1 1106
17047 1 737
17122 2 9203
17137 1 1349
17143 1 2987
17186 1 2741
17204 1 955
17205 1 1800
17219 1 1500
17244 1 10025
17249 1 716
17381 2 1012
17383 2 907
17385 2 3998
17446 4 3664
17520 3 955
17592 1 3800
17599 3 4342
17638 1 6007
17644 1 1115
17714 1 730
17758 1 28986
17766 1 872
17810 3 1705
17815 5 2708
17878 1 1062
18026 1 937
18033 1 3046
18034 3 3151
18035 1 2957
18036 6 3329
18074 1 1263
18132 5 1192
18166 2 1295
18288 1 4353
18338 1 403
18396 1 12783
18416 1 1500
18461 1 2262
18477 1 721
18636 4 1655
18654 1 15696
18657 1 2740
18756 1 1784
18757 1 992
18787 2 1516
18812 1 1141
18999 1 340
19038 1 2622
19086 2 2849
19118 1 1358
19391 1 3144
19558 1 5943
19560 2 8071
19622 1 1077
19664 1 4781
19681 1 10198
19686 1 4573
19754 1 152
19818 2 4232
19895 1 3842
19909 1 1003
19959 1 2824
19996 1 885
20023 2 336
20024 2 355
20025 1 616
20185 1 1049
20294 1 3768
20310 7 4111
20397 1 3730
20422 1 12210
20432 1 2495
20594 1 1014
20605 1 597
20651 1 764
20661 4 1660
20677 1 8655
20684 2 12924
20711 1 6388
20713 2 3777
20737 1 926
20821 1 520
20833 1 5441
20860 1 733
20861 1 2236
20870 22 4517
20938 1 3851
20981 4 4198
21009 2 149
21019 4 154
21031 1 191
21092 4 1053
21157 1 1251
21261 1 1730
21321 1 7104
21359 1 13839
21391 2 4613
21535 1 1207
21644 2 11884
21658 1 1361
21767 1 6211
21833 1 1883
21853 1 999
21940 1 962
22012 2 475
22017 1 2683
22092 1 8456
22093 1 10393
22104 3 413
22105 4 2168
22115 1 2632
22428 3 3769
22442 1 544
22478 3 1558
22523 1 3123
22525 1 3022
22526 1 2933
22548 2 1429
22775 1 940
22782 1 788
22887 5 4212
22911 2 1590
22983 1 1051
23013 2 4500
23034 1 1221
23066 1 773
23408 1 5715
23428 1 101
23453 1 1593
23489 1 7818
23556 1 1763
23763 1 3449
23833 1 43
24119 1 14616
24202 1 728
24232 2 988
24391 1 892
24556 1 2926
24559 1 1044
24604 2 746
24681 1 529
24697 14 786
24736 1 818
24790 1 2605
24839 1 1127
24840 2 9627
24864 2 3090
24882 2 8171
24883 2 8171
24886 4 7415
24887 4 7415
24888 4 7415
24892 1 2296
24893 1 2290
24896 2 4879
24897 2 4588
24898 2 4667
24899 2 3770
24915 1 652
25056 1 650
25057 3 2293
25062 1 1262
25074 1 566
25075 1 419
25143 1 1215
25154 1 4423
25160 2 3316
25167 1 736
25193 1 1425
25267 1 2724
25306 2 1017
25391 2 2825
25392 1 964
25422 1 2424
25431 2 33
25435 1 1429
25475 1 3015
25476 1 3033
25479 1 3085
25622 1 831
25659 1 251
25736 1 2577
25831 1 582
25848 2 997
25852 1 698
25879 1 797
25901 4 1582
25954 1 567
25969 3 1852
26054 1 1978
26081 1 721
26168 2 1153
26258 1 7349
26283 1 189
26317 15 744
26351 7 1903
26353 1 1541
26411 1 2625
26453 2 2527
26477 2 1705
26558 1 1102
26560 1 1067
26596 1 412
26736 2 2134
26761 7 163
26763 1 887
26796 1 2116
26827 1 2251
26832 2 1182
26889 1 1805
26899 2 1342
27135 7 1071
27151 2 659
27160 7 828
27182 1 3254
27195 1 3108
27258 2 1835
27262 1 859
27291 3 3912
27321 1 7344
27331 1 174
27400 1 1468
27538 1 957
27561 1 1102
27563 1 1068
27573 14 556
27613 1 3476
27732 3 229
27851 1 5844
27852 1 5540
27862 1 8511
27991 1 1463
27999 1 1629
28003 1 1375
28013 1 1089
28261 1 11790
28296 1 3859
28413 2 1726
28457 1 5857
28458 1 5864
28459 1 5561
28460 1 5545
28467 1 8583
28468 1 8583
28469 1 8615
28477 1 3627
28640 1 1389
28667 1 947
28821 1 1038
29068 1 308
29071 1 748
29328 1 2531
29353 2 323
29387 2 2788
29396 1 8576
29397 2 885
29402 2 1186
29418 1 3556
29423 1 405
29433 1 1359
29493 1 3306
29494 1 3066
29496 1 2933
29497 1 2942
29529 1 4211
29716 7 971
29722 1 9450
29825 1 3891
29866 1 1160
29868 1 2187
29884 1 3052
29885 1 464
29914 1 2420
29926 1 770
30000 1 1452
30135 1 680
30143 1 1666
30150 8 467
30167 2 1260
30190 1 266
30211 3 3859
30273 1 2533
30293 4 6059
30310 1 2537
30312 2 1701
30332 1 1157
30355 1 388
30456 1 663
30517 1 1817
30526 1 4142
30643 1 1318
30697 1 764
30759 1 1879
30774 1 567
30843 3 4224
30865 1 902
30901 3 595
30923 1 1078
30952 2 3956
30953 1 4469
30989 1 623
31051 1 1618
31137 1 4691
31329 1 3009
31331 1 2964
31332 1 3032
31355 3 5480
31386 1 1455
31415 1 1059
31417 1 1164
31418 1 510
31508 2 3777
31543 2 2159
31644 1 1272
31667 1 648
31736 1 1926
31767 1 1437
31821 1 4061
31822 1 3213
31917 2 91
31974 6 846
32226 1 3217
32287 1 3033
32288 6 3260
32289 2 2992
32290 3 3009
32294 3 3074
32295 1 3206
32296 1 2955
32297 1 3273
32298 1 3261
32299 6 3515
32300 1 3026
32301 3 3186
32303 1 2974
32308 1 1418
32388 2 24490
32389 1 857
32487 2 1186
32490 2 1063
32492 1 692
32570 1 1155
32615 1 622
32623 13 461
32626 13 443
32629 13 434
32662 1 2165
32663 2 3914
32671 1 1446
32703 3 345
32709 1 977
32753 1 1998
32836 1 711
33131 1 1235
33150 1 2622
33162 1 1081
33217 1 1141
33222 2 1818
33232 2 1378
33346 1 205
33355 1 394
33356 1 492
33475 8 5068
33521 1 744
33522 3 869
33584 1 1680
33615 1 228
33628 1 209
33636 1 899
33703 1 18894
33708 1 1605
33806 4 2866
33834 5 190
33836 1 166
33882 8 1010
33889 3 1189
33951 1 1198
33955 1 3773
33981 1 925
34019 1 1391
34081 2 3468
34175 1 2354
34216 2 929
34264 2 389
34435 1 729
34514 1 2438
34517 3 764
34579 3 1171
34616 1 365
34617 2 1251
34657 3 646
34661 2 22673
34670 2 1968
34742 1 355
34752 1 1744
34771 1 1220
34776 1 2068
34781 1 4211
34806 1 819
34819 16 2388
34820 1 7148
34860 1 3758
34861 1 4582
34881 1 2427
34895 2 1257
34964 1 1938
34995 1 3471
35177 1 1731
35178 1 1377
35345 2 1795
35456 1 2136
35475 1 12761
35515 1 949
35595 1 934
35596 1 1116
35640 1 543
35653 1 775
35661 1 405
35681 4 1430
35743 5 4461
35818 1 2401
35887 1 4260
36009 5 1434
36052 1 614
36143 1 589
36313 2 1437
36334 2 1139
36361 4 2132
36383 4 2040
36423 3 718
36498 1 8241
36557 1 952
36583 1 1261
36628 2 4247
36754 1 1714
36786 1 1500
36789 1 1662
36836 1 1458
36846 1 243
36869 2 1242
36873 2 4539
37011 1 2340
37042 1 502
37281 2 339
37306 1 910
37359 1 2181
37395 3 1119
37419 1 13883
37436 1 9722
37455 1 610
37501 1 4449
37584 1 1233
37598 1 1621
37619 1 273
37628 1 1169
37650 2 2418
37678 2 1076
37679 1 582
37722 1 953
37739 1 3012
37745 2 353
37746 2 357
37788 1 983
37889 1 4249
37949 1 2150
38030 1 894
38053 1 699
38062 2 2930
38094 7 2311
38105 1 1881
38133 2 490
38137 1 1766
38186 1 1792
38200 3 3117
38210 1 1326
38237 2 4950
38241 3 459
38257 1 551
38347 2 992
38404 1 1515
38440 1 603
38452 1 1545
38536 6 1157
38748 1 2192
38773 1 1344
38790 1 382
38815 1 1731
38910 1 7766
38923 1 896
38970 1 774
39167 1 1736
39203 1 392
39260 3 2636
39276 1 3501
39278 1 5705
39283 1 2198
39311 3 2070
39329 1 32477
39341 2 9083
39428 1 870
39433 1 1508
39445 1 548
39474 1 1378
39475 1 1192
39476 2 556
39485 1 880
39505 2 724
39620 1 519
39627 1 1010
39647 1 872
39802 3 1853
39810 1 1067
39921 1 768
39978 1 30166
39980 1 1431
39997 1 25
40093 1 4751
40131 2 5534
40145 1 1180
40182 1 924
40269 1 211
40279 2 182
40298 1 1191
40316 1 151
40334 14 965
40392 1 1557
40401 3 2725
40433 1 3797
40538 2 14088
40585 2 1235
40617 1 1538
40691 1 503
40725 1 1067
40726 1 1067
40751 1 1847
40774 1 1038
40819 4 10440
40919 1 431
40923 2 602
41047 1 1994
41073 1 631
41076 6 1472
41117 6 1658
41191 1 2001
41221 1 641
41316 1 654
41360 1 743
41675 1 1320
41802 1 2461
41830 1 434
41897 1 538
41899 1 432
41900 1 1156
41901 1 1154
41972 3 674
42001 1 1519
42019 1 6660
42107 1 1958
42161 1 9423
42172 1 2686
42184 1 600
42266 2 1519
42306 2 846
42422 1 5724
42424 2 6309
42444 1 431
42477 1 1308
42503 1 757
42581 2 2953
42648 1 4779
42651 4 1581
42755 2 758
42758 1 1386
42763 2 6680
42768 1 4939
42775 15 735
42778 2 2008
42855 1 3481
42896 4 3235
42903 9 311
42905 1 386
42909 9 319
42911 1 1221
42968 1 2559
42969 15 2363
43230 2 2504
43250 1 578
43332 3 994
43342 1 959
43444 1 2757
43522 2 1077
43538 6 2943
43582 6 2029
43639 1 744
43707 2 182
43715 1 183
43796 2 5679
43813 1 981
43915 2 3241
43949 1 684
43955 1 984
43960 1 1986
44041 5 1326
44089 4 473
44125 3 6435
44214 1 347
44218 1 6003
44277 1 823
44380 7 1907
44392 1 416
44477 1 754
44520 1 3794
44543 1 691
44586 1 926
44774 5 2787
44804 1 674
44873 1 3136
44875 1 2970
44877 1 2904
44880 1 2983
44891 1 1753
45072 2 825
45076 1 545
45095 1 1223
45096 2 6217
45170 1 1514
45208 1 1331
45226 4 390
45242 2 784
45245 1 1068
45273 1 2683
45320 2 1520
45396 1 890
45607 1 454
45676 1 11251
45707 1 3610
45846 1 1458
45859 1 21421
45935 1 4684
45959 1 944
45967 2 640
46006 1 533
46053 10 175
46064 1 191
46093 1 342
46150 10 802
46152 1 907
46300 1 1443
46318 1 2246
46346 1 1338
46388 1 81863
46472 2 1725
46494 1 688
46511 1 3336
46519 1 5448
46684 2 2323
46696 1 1298
46722 1 37
46736 8 664
46753 2 1413
46777 1 3791
46794 11 1731
46815 1 227
46816 2 445
46903 2 1038
46907 2 529
46913 1 1961
46915 1 343
46932 1 957
46941 1 1454
47004 1 939
47039 1 2061
47131 2 187
47139 1 6464
47148 1 1482
47156 1 1212
47158 1 630
47206 2 1154
47217 1 634
47306 1 442
47444 6 3470
47445 1 2962
47449 6 2847
47618 1 1069
47756 1 3021
47789 3 522
47830 1 479
47848 1 2980
48078 1 11919
48085 1 2386
48102 2 1483
48217 1 6375
48287 1 2481
48288 1 2866
48338 1 2760
48362 1 5057
48382 1 3039
48478 1 1058
48495 1 1200
48496 1 1185
48551 1 6659
48617 4 596
48638 6 1013
48663 1 782
48673 2 6093
48815 1 714
48817 2 480
48852 2 775
48870 1 231
48909 1 1859
48914 1 1166
48915 1 841
49003 1 2086
49022 2 2746
49031 1 1285
49074 1 2567
49080 1 523
49098 3 464
49174 1 9273
49175 2 9938
49209 1 797
49221 1 1018
49223 1 782
49224 1 658
49323 2 5236
49326 1 1671
49348 1 2857
49390 1 2010
49391 1 2970
49392 2 4953
49490 1 834
49517 1 1671
49573 1 866
49604 1 4772
49607 1 466
49705 1 1264
49843 2 728
49876 1 1037
49958 3 1831
49995 1 882
49998 3 1261
50127 1 917
50159 1 2920
50194 1 1013
50196 1 3087
50204 1 2083
50291 1 599
50293 1 2189
50343 4 3220
50353 1 2913
50356 2 781
50367 1 1807
50447 1 1637
50454 1 927
50481 1 2364
50482 1 1225
50484 2 3217
50534 11 980
50536 2 884
50540 1 2734
50544 1 791
50554 1 1923
50749 17 1017
50767 2 385
50780 2 1361
50785 17 2063
50787 1 1313
50799 2 33
50852 3 3288
50853 6 3547
50855 1 3129
50889 2 5625
50936 1 3155
51025 2 1508
51048 1 703
51063 1 507
51064 2 907
51068 5 1394
51072 2 778
51105 1 1220
51150 1 2908
51151 1 2830
51171 1 743
51222 1 1571
51295 2 5729
51303 1 794
51404 1 2165
51466 1 1121
51516 1 4186
51526 8 992
51594 1 2007
51667 1 859
51682 1 547
51764 1 2864
51789 1 1025
51821 1 939
51843 1 6718
51858 2 3972
51861 1 961
51893 1 635
51899 1 12169
52184 1 4601
52190 11 1834
52217 2 1695
52236 1 1423
52267 2 949
52275 1 1430
52324 1 1192
52368 8 596
52384 2 3160
52541 3 3260
52545 1 2822
52599 2 4808
52635 1 3805
52675 1 719
52718 1 2980
52719 1 2978
52720 3 2878
52721 1 2968
52722 1 2934
52814 1 456
52973 1 1307
52988 4 24350
53022 14 990
53027 1 1659
53046 1 6992
53076 4 1146
53077 2 1328
53078 3 3327
53101 2 1846
53158 1 9225
53161 1 1208
53168 1 337
53171 1 844
53215 1 600
53235 2 168
53407 1 664
53465 1 618
53470 1 1026
53481 2 242
53501 1 1069
53878 2 623
53919 1 1312
54132 1 1427
54144 2 2965
54168 1 850
54187 1 4739
54234 1 1457
54355 3 10248
54396 16 537
54499 2 1270
54550 10 2204
54610 1 475
54613 1 3856
54614 1 3684
54940 3 615
54973 2 1697
54994 1 988
55059 1 2098
55065 1 3081
55066 1 3616
55068 1 3268
55069 1 2948
55070 1 2984
55071 1 3179
55078 1 1284
55309 2 835
55322 1 643
55325 1 657
55327 4 6079
55499 1 1431
55501 1 2314
55544 2 2066
55545 33 3187
55634 1 1214
55653 2 4392
55702 1 261
55741 2 849
55937 1 791
56029 1 4442
56188 1 1498
56191 2 2260
56193 1 1208
56209 3 2742
56248 4 766
56426 1 1399
56429 4 1448
56460 1 519
56489 4 5171
56493 3 1223
56522 1 3726
56645 1 91
56652 1 5800
56788 1 2350
56820 2 139
56885 4 1894
56955 1 3738
57001 1 7758
57220 3 1104
57254 1 1206
57289 1 192
57323 1 1349
57341 2 666
57381 1 2992
57385 1 2878
57387 1 2964
57388 1 3103
57436 1 3484
57460 7 2888
57531 3 1220
57620 2 3241
57621 2 3239
57622 2 3240
57640 2 894
57648 22 556
57651 3 6526
57656 21 755
57660 1 6533
57661 21 769
57725 2 1668
57829 2 2379
57879 2 1521
57946 1 5545
57947 1 5535
57952 1 8583
57953 1 8583
57962 1 2722
58347 1 656
58410 1 724
58431 1 1274
58498 1 607
58535 2 1948
58697 2 1823
58737 1 903
58781 1 410
58782 1 2475
58790 1 736
58837 1 3342
58839 1 2933
58841 3 2975
58843 1 2916
58844 6 3246
58846 1 2959
58874 2 1816
58889 1 1343
58930 1 1881
59074 3 644
59151 2 714
59251 2 6070
59316 2 1089
59322 4 857
59334 1 842
59348 2 10477
59455 1 2220
59479 1 2405
59507 2 1225
59508 2 1122
59524 1 1325
59525 1 1109
59526 1 1089
59563 1 2110
59564 1 1594
59565 1 1703
59582 1 1698
59583 1 2857
59584 1 2273
59585 1 1481
59604 1 1752
59644 5 683
59683 1 635
59811 2 378
59813 1 1702
59825 1 1106
59898 1 4986
59900 3 3360
59999 1 931
60023 5 308
60041 1 232
60093 5 482
60152 3 7811
60217 1 2172
60223 1 1232
60275 1 3073
60277 1 2988
60314 5 2506
60319 1 4138
60327 7 3097
60373 1 368
60421 4 2492
60464 1 1098
60477 2 1323
60523 1 1348
60524 2 765
60532 1 3124
60534 1 988
60557 1 1915
60618 1 668
60737 1 3128
60738 1 3062
60739 1 3026
60740 1 3274
60744 3 2509
60748 1 6845
60814 1 279
60829 1 3490
60936 2 5117
60939 1 310
60942 1 330
60995 1 1034
61016 1 1771
61021 1 5166
61026 1 719
61043 1 4069
61092 1 1272
61188 1 29700
61199 1 1761
61211 1 1448
61364 2 179
61403 3 1969
61407 1 2034
61418 1 2160
61442 1 2563
61501 1 1119
61502 1 1871
61540 1 1265
61541 1 491
61667 2 1003
61798 1 2257
61861 1 2244
61862 1 5528
61872 11 1058
61939 1 10305
62091 1 925
62092 1 1030
62111 1 6309
62142 1 2600
62187 3 9768
62204 1 8201
62269 1 778
62300 1 784
62318 2 2185
62333 2 370
62351 3 1347
62467 5 655
62477 3 1158
62491 9 4559
62524 2 536
62689 1 1217
62723 6 3363
62724 1 3090
62727 6 3232
62730 3 2960
62731 1 2944
62732 1 2989
62777 1 1035
62851 1 1797
62914 1 2398
62917 1 1002
62929 1 5384
62986 31 679
62989 1 634
62990 1 833
62991 1 1050
62994 1 924
63051 3 1657
63083 1 1965
63132 1 1565
63145 1 490
63163 1 2048
63200 1 714
63211 2 1886
63212 2 2663
63309 1 4077
63310 1 2477
63499 1 318
63504 1 4125
63766 4 483
63809 1 751
63837 2 6313
63856 1 1512
63884 1 3456
63967 1 884
63975 1 725
63985 1 978
64009 1 3743
64018 1 997
64050 1 3580
64051 1 3589
64087 2 1520
64088 2 1712
64099 1 1630
64310 1 2705
64318 2 2610
64461 1 771
64536 1 1251
64562 2 950
64587 1 1027
64626 1 1291
64647 1 7320
64672 1 561
64915 1 533
64957 1 1055
65005 2 3081
65008 1 3012
65010 2 2912
65086 1 1694
65129 1 15643
65264 1 625
65359 1 654
65399 1 3181
65538 1 46
65579 2 744
65661 1 883
65664 3 413
65719 1 1648
65721 2 527
65722 2 567
65801 1 418
65815 17 2003
65819 4 2102
65820 1 635
65884 1 2980
65886 3 3075
65958 1 1390
65976 5 2618
65996 1 2800
66014 9 986
66059 20 531
66060 1 638
66092 1 4332
66130 1 1341
66158 1 608
66173 1 451
66253 1 2409
66254 1 850
66315 2 236
66347 1 743
66365 2 1856
66444 3 3410
66532 1 230
66534 6 505
66538 3 2914
66563 2 3128
66622 1 1633
66695 1 483
66698 2 2058
66717 1 632
66722 1 276701
66768 2 1929
66782 7 966
66800 1 1512
66842 1 731
66845 1 1902
66846 1 3482
66847 1 2941
66849 1 340
66871 1 1139
66947 1 18231
67021 1 6450
67028 2 2731
67029 1 2546
67060 1 895
67230 1 769
67329 1 2207
67342 7 6010
67345 2 1856
67404 1 467
67415 1 10077
67464 2 229
67499 1 1293
67519 1 10460
67520 1 1075
67551 4 366
67615 1 840
67689 1 7619
67713 1 677
67869 1 1785
67996 1 1441
68047 1 1652
68099 1 812
68110 1 748
68251 1 656
68260 1 1973
68263 1 5972
68306 2 694
68308 1 589
68353 2 367
68393 1 3580
68429 2 863
68440 1 2081
68671 1 648
68702 1 1708
68780 1 816
68812 3 10319
68850 1 588
68860 1 2402
68930 1 1217
69003 1 581
69055 3 3045
69332 1 352
69361 11 2957
69363 4 1762
69371 1 762
69421 9 1230
69430 1 2889
69433 3 2935
69456 1 1329
69479 1 418
69515 1 3275
69517 1 530
69714 1 2593
69716 2 7169
69721 3 6125
69918 1 1583
69920 1 2823
69922 3 469
70030 1 812
70054 1 1487
70093 9 507
70116 2 776
70217 2 1746
70236 1 3474
70273 5 3305
70281 1 829
70286 2 806
70305 1 1443
70313 1 2371
70318 1 225
70341 1 2434
70448 1 2617
70499 5 154
70544 2 1131
70626 16 1315
70627 8 272
70704 1 1573
70749 3 6334
70873 4 1758
70919 8 467
71000 1 198
71279 1 792
71326 1 599
71407 1 227
71571 1 1589
71622 1 2405
71634 1 2564
71705 3 10258
71719 1 940
71731 2 4830
71734 1 653
71821 7 894
71823 5 815
71877 1 7422
72003 11 888
72028 1 1317
72047 1 1766
72048 1 5014
72086 1 225
72142 2 2964
72156 1 1534
72188 2 660
72315 1 1434
72382 1 4049
72451 1 1218
72481 1 1701
72482 1 448
72560 1 1232
72575 1 929
72577 1 269
72621 2 656
72628 1 559
72641 3 502
72677 1 1203
72746 1 1433
72776 1 1094
72844 1 1589
72856 1 1892
72860 1 1570
72861 1 355
72884 1 2069
72885 1 1376
72899 3 20275
72923 6 1527
72982 1 5401
73003 1 903
73018 1 2302
73019 1 1972
73020 1 968
73094 1 1712
73105 2 1321
73111 1 374
73178 3 2035
73220 1 4868
73244 10 3654
73286 2 2501
73287 2 2713
73477 1 784
73657 1 1439
73660 1 2066
73745 1 996
73877 1 1442
73892 1 1020
73933 1 1375
73949 1 3890
73963 1 6843
73996 2 7920
74070 1 814
74119 2 11686
74133 7 834
74152 1 975
74199 1 1314
74203 3 11999
74237 4 169
74242 11 170
74293 1 271
74397 2 634
74519 1 5618
74596 2 97
74645 2 6253
74678 2 422
74750 1 2927
74752 1 2665
74822 1 5130
74849 3 482
74936 1 665
74940 1 569
75086 1 1583
75202 3 3010
75204 1 3081
75206 1 2994
75207 1 2937
75209 1 2934
75283 1 54
75295 5 2546
75302 1 2125
75311 1 917
75420 1 5660
75551 1 2365
75554 1 2902
75571 2 867
75589 1 381
75602 1 1219
75638 7 560
75658 4 1060
75758 1 1348
75763 1 1016
75838 1 410
75934 1 1639
75939 1 1207
76061 4 3128
76139 1 3319
76153 1 159
76168 1 613
76239 1 921
76241 1 836
76353 1 3328
76408 1 4367
76434 52 1142
76479 1 955
76598 1 627
76621 1 774
76686 1 185
76736 1 1139
76753 3 3309
76780 1 5196
76905 2 286
76982 1 663
77016 2 2119
77023 1 2768
77088 1 4377
77094 1 2168
77140 1 1726
77160 2 471
77163 1 1994
77207 2 4809
77228 1 227
77369 1 3515
77376 1 2050
77388 1 1700
77445 5 138
77456 1 13066
77497 1 1890
77576 1 4731
77582 1 1227
77653 1 958
77823 1 877
77833 1 349
77876 6 3309
77879 1 2977
77880 1 3027
77881 1 2924
77913 3 1380
77948 2 3393
77957 1 1907
78063 1 1360
78109 1 472
