refresh refresh 2421 65215343 
17 1 1148
48 1 1265
190 1 734
223 1 974
242 1 2344
432 1 1624
465 2 1411
466 1 1460
527 1 978
556 1 3813
559 1 4273
610 1 945
625 1 5869
685 1 27
717 1 1260
765 1 534
777 1 11416
845 1 1480
907 1 1133
1000 2 2589
1038 1 6757
1075 2 302
1092 1 978
1102 1 1837
1141 2 465
1142 2 465
1143 2 465
1153 4 6533
1174 1 176
1185 1 15836
1279 1 1288
1314 1 547
1320 1 2908
1327 1 767
1338 1 966
1512 1 8417
1548 1 1243
1634 3 30082
1635 10 22965
1839 1 1052
1987 1 434
2012 1 2745
2013 1 2143
2057 1 2940
2080 1 8786
2083 2 4561
2167 1 1863
2184 3 1827
2235 1 1852
2256 2 611
2387 1 1420
2524 1 593
2627 1 1223
2727 2 4008
2776 1 1576
3006 1 834
3150 1 553
3151 1 1263
3152 1 1444
3170 1 547
3202 1 6501
3217 1 2264
3229 1 2889
3248 2 552
3375 1 749
3415 1 4495
3429 1 2188
3461 1 2177
3471 1 4168
3516 1 888
3543 1 1381
3599 1 11096
3671 1 4789
3672 1 2946
3708 1 3154
3719 2 2258
3914 1 371
3953 1 3340
4184 1 4232
4279 1 4524
4368 3 4832
4369 3 4444
4370 3 3314
4371 3 3866
4372 3 3440
4373 3 4212
4374 3 5584
4375 3 1815
4376 3 2069
4377 3 1760
4418 2 2251
4463 2 4320
4468 1 3425
4489 1 2853
4513 1 513
4668 2 929
4728 2 1393
4735 1 1217
4782 1 6257
4833 1 2973
4838 3 5657
4839 3 1862
4840 3 5531
4846 1 1404
4861 1 2242
5187 1 758
5195 1 1844
5238 1 1215
5247 2 6498
5418 1 1906
5451 3 146
5498 1 43
5505 1 722
5611 2 8061
5616 1 495
5815 2 742
5839 1 928
5842 1 1750
5865 1 1706
6065 1 1429
6066 1 1297
6067 1 1302
6080 1 648
6084 2 3088
6323 1 1322
6324 1 1468
6325 1 1310
6326 1 1295
6526 1 1191
6527 1 1415
6751 1 1332
6842 1 72
6883 1 662
6979 2 2188
6985 1 1013
6986 1 567
7062 2 3124
7117 1 38
7118 1 39
7428 1 1550
7537 6 1406
7550 1 689
7578 1 5752
7704 3 3369
7705 5 4973
7706 3 3286
7707 3 1904
7708 2 1422
7709 3 2370
7710 3 4326
7727 3 2490
7745 1 1512
7929 1 1641
7949 1 4128
7953 3 2188
8062 2 2690
8072 3 5760
8089 4 20930
8101 1 4863
8106 1 4128
8249 3 7006
8251 1 3081
8285 2 3377
8286 1 2044
8296 1 1165
8306 3 1820
8310 3 4695
8311 3 4367
8312 3 3567
8313 3 3754
8372 1 3639
8391 1 2171
8393 1 3193
8403 3 2102
8435 1 2734
8459 1 2749
8540 1 1253
8544 1 856
8630 2 989
8855 1 1546
8975 1 806
8976 1 328
9198 1 1104
9239 1 1961
9277 1 1358
9278 1 1364
9279 1 1500
9280 1 1381
9281 1 1465
9282 1 1511
9283 1 1422
9538 1 596
9545 1 4422
9546 1 674
9596 1 1486
9601 1 976
9663 1 2530
9710 1 1429
9806 1 6009
9808 1 1549
9891 3 2022
9954 4 3197
9959 1 205
9988 1 320
10071 1 49
10081 1 2613
10157 1 632
10298 1 2030
10321 2 1516
10421 2 740
10542 1 3137
10603 1 1187
10604 1 831
10681 1 721
10723 1 514
10796 1 5414
10808 1 6608
10838 1 27
10861 1 3297
10961 1 1006
11087 1 2013
11245 1 1612
11283 1 881
11288 1 9962
11304 1 1593
11403 1 2453
11544 1 1023
11584 1 538
11690 7 2544
11866 1 1990
11870 1 1148
12048 1 513
12172 1 1109
12174 1 961
12224 1 1462
12235 1 991
12247 1 2230
12261 1 50
12298 1 2322
12299 1 1048
12300 1 1761
12365 1 8585
12389 1 4357
12468 1 93
12527 1 1751
12605 1 771
12674 1 6435
12680 1 1610
12708 1 1605
12814 3 46677
12921 1 1723
12934 2 2463
12935 2 2445
12945 1 2019
12947 1 1366
12950 1 2140
12952 1 1158
12953 1 1027
12956 1 1280
12957 1 1944
12983 1 1329
12998 1 472
13008 1 999
13072 2 789
13088 1 955
13238 1 877
13273 2 977
13282 1 1430
13321 1 4863
13332 1 14933
13334 1 1410
13336 1 2457
13392 1 617
13409 1 1130
13426 1 1513
13485 9 11550
13522 1 971
13640 1 4066
13667 2 873
13684 1 12301
13690 1 1229
13924 1 865
14005 2 5769
14006 1 1552
14055 1 671
14080 1 51830
14120 1 2870
14201 1 1010
14346 1 1278
14361 1 1088
14520 3 7541
14542 1 1154
14566 1 658
14621 1 247
14675 2 1701
14676 1 863
14692 3 3976
14714 3 5738
14721 1 4901
14722 3 6567
14723 3 4899
14724 3 5113
14756 1 3039
14779 3 3250
14999 1 2703
15070 1 1847
15138 1 1573
15244 1 5618
15606 1 1406
15607 1 1413
15608 1 1419
15654 1 684
15880 1 691
15887 4 3518
16020 1 1631
16084 1 842
16246 1 1169
16276 1 3744
16328 1 447
16341 1 9421
16346 1 941
16428 1 2245
16436 2 463
16475 1 2055
16496 1 5161
16635 1 7678
16649 1 4446
16748 1 3753
16783 1 4266
16799 1 3514
16845 1 8711
16920 1 1042
16958 1 5800
16995 1 4866
17013 1 9772
17021 1 1973
17052 1 1174
17121 1 6700
17137 1 1349
17168 1 3800
17216 1 1476
17217 1 1186
17218 1 1541
17363 1 2096
17458 1 10296
17471 1 917
17478 1 795
17479 1 1106
17501 4 2505
17510 1 13439
17528 2 996
17555 4 14925
17573 1 1355
17638 1 6007
17758 1 28986
17763 1 386
17824 1 160
17875 1 507
17962 1 680
18028 1 1889
18215 1 113
18262 1 1741
18327 1 1514
18374 1 1442
18419 1 2124
18515 1 304
18561 1 1135
18597 1 6498
18626 1 1312
18644 4 2789
18645 1 1794
18664 1 2209
18699 1 668
18720 3 673
18804 1 1574
18873 1 552
18883 1 1727
19008 1 1510
19070 1 1479
19368 1 1125
19559 1 6375
19656 3 5073
19664 1 4781
19766 1 214
19815 1 1176
19868 1 593
19883 3 5667
19884 3 5873
19885 3 1727
19886 3 1995
19887 3 3613
19888 3 1794
19889 3 7969
19890 3 2034
19891 3 4302
19892 3 2205
19893 3 6194
19894 5 2667
19895 3 3842
19896 3 4758
19897 3 3289
19898 3 4338
19899 1 6214
19987 1 3502
20275 1 1592
20575 1 4332
20777 1 1519
20778 2 4580
20907 1 2997
20975 1 1229
20978 5 1565
21093 1 1025
21152 1 731
21187 1 992
21209 1 839
21226 1 2663
21245 1 880
21324 2 1830
21328 1 2276
21336 1 4593
21342 1 1971
21359 2 13839
21418 1 1031
21419 1 751
21455 1 1624
21464 1 658
21490 1 4936
21529 2 2347
21542 1 37742
21543 1 900
21552 2 3528
21564 1 779
21644 1 11884
21649 1 2333
21662 1 3618
21728 1 1259
21770 2 4733
21916 1 916
21951 1 1086
21981 3 3068
22045 1 2727
22092 1 8456
22396 1 646
22555 1 1437
22556 1 1484
22557 1 1305
22558 1 1404
22559 1 1297
22560 1 606
22561 1 1310
22562 1 1380
22563 1 1334
22564 1 1455
22565 1 484
22566 1 1385
22567 1 1443
22631 2 1807
22638 1 1125
22864 2 581
22868 1 133
22934 1 1223
22942 1 26
22976 1 1924
22984 1 1974
23039 1 612
23117 2 279
23282 1 394
23330 1 268
23341 1 168
23373 1 1729
23451 1 2126
23459 1 764
23463 1 445
23568 1 1244
23623 1 42
23624 1 42
23625 1 42
23626 1 33
23627 1 33
23628 1 33
23629 1 33
23630 1 33
23631 1 33
23632 1 33
23633 1 38
23634 1 37
23635 1 37
23655 1 746
23847 1 863
23912 1 1243
23969 3 2090
24021 1 655
24032 1 94
24037 1 447
24052 1 414
24119 1 14616
24164 1 1966
24166 1 1006
24198 1 1131
24210 1 1259
24271 1 120
24438 1 3027
24458 1 1043
24502 1 2202
24506 2 7516
24514 2 13551
24517 1 824
24594 1 1258
24621 1 1848
24750 1 6415
24775 1 6446
24793 2 1676
24819 1 1466
24823 3 2274
24824 3 1881
24825 3 1588
24837 1 1425
24842 1 3916
25028 1 1149
25043 1 1300
25153 1 3748
25250 1 1859
25251 1 1958
25380 1 931
25490 1 4592
25503 1 1229
25504 1 1376
25505 1 1316
25508 1 1364
25533 1 994
25658 1 744
25687 1 571
25693 1 2462
25712 1 2401
25777 1 2790
26131 1 1898
26168 1 1153
26169 1 2105
26184 1 685
26198 1 576
26206 1 1472
26217 1 138
26223 2 946
26362 1 174
26388 2 3682
26425 1 1535
26516 1 2569
26614 1 3554
26621 1 486
26688 1 4422
26746 2 568
26791 1 4660
26814 1 1736
26820 3 5014
26821 3 4111
26822 3 1713
26827 1 2251
26836 1 2928
26870 1 3124
26955 3 1034
27197 1 1655
27236 1 1397
27238 1 1588
27239 1 1244
27313 1 613
27426 2 202
27567 1 1101
27589 1 1280
27772 3 3134
27774 1 2355
27777 3 2817
27778 2 1834
27779 3 4121
27808 1 2245
27812 1 3494
27836 1 3088
27974 1 1432
27991 1 1463
28004 6 428
28050 2 1132
28054 1 510
28056 1 1056
28082 1 1956
28090 1 339
28094 1 2585
28098 2 10589
28099 1 1068
28281 1 1378
28330 1 17
28414 1 3568
28415 1 813
28419 1 3437
28428 14 1134
28472 1 3173
28679 1 224
28845 1 1429
28860 1 652
28896 1 434
28980 1 1423
29044 10 22965
29074 1 769
29123 1 229
29187 1 908
29387 2 2788
29439 1 211
29487 1 48
29546 1 1287
29547 1 1675
29548 1 1483
29549 1 1282
29594 1 984
29595 1 934
29596 1 1432
29597 1 1002
29628 1 3312
29812 1 962
29879 1 853
30056 1 1299
30057 1 1443
30058 1 1382
30077 2 3556
30139 1 856
30185 1 785
30257 1 1126
30311 1 1862
30362 1 39
30363 1 39
30364 1 38
30365 1 33
30366 1 33
30438 1 1750
30521 1 1136
30523 1 918
30602 3 3594
30609 1 3139
30639 1 8117
30709 1 739
30733 1 638
30750 1 1681
30913 2 1800
30965 1 592
31052 1 3636
31317 5 316
31377 1 507
31381 1 766
31382 1 1446
31383 1 1325
31384 1 1334
31631 1 2970
31640 1 23
31692 1 1527
31693 1 3857
31723 1 9877
31728 1 1238
31795 1 783
31829 1 14263
31964 1 627
31978 1 1274
31981 1 620
32121 1 2253
32273 1 842
32275 1 856
32279 1 50
32308 1 1418
32348 1 1430
32349 1 1351
32350 1 1382
32351 1 1416
32352 1 1388
32353 1 1385
32354 1 1471
32355 1 1418
32356 1 1306
32357 1 1452
32432 1 1300
32491 1 6991
32710 1 1429
32711 1 4218
32960 2 1227
33044 1 66
33159 1 609
33180 1 1113
33183 1 1139
33208 1 1069
33234 1 832
33329 1 2558
33395 1 33
33396 1 33
33397 1 33
33398 1 33
33399 1 33
33400 1 33
33401 1 37
33402 1 39
33414 1 677
33494 1 11341
33535 1 68
33551 1 64
33590 1 3769
33671 1 1779
33672 1 1607
33673 1 1075
33675 1 2486
33676 1 1188
33677 1 1132
33726 1 1999
33782 1 907
33809 1 398
33865 1 4323
33884 1 33
33885 1 33
33886 1 33
33887 1 40
33888 1 33
33922 1 815
34037 2 3652
34085 1 4021
34090 1 2456
34098 1 432
34151 1 1688
34156 1 602
34170 1 771
34182 1 512
34342 1 5941
34394 1 8616
34440 3 2290
34465 1 5422
34476 2 142
34502 1 586
34520 2 2339
34559 1 1551
34662 1 1885
34672 1 942
34710 1 787
34842 1 675
34960 1 2476
34990 1 5418
35039 1 2773
35056 1 753
35151 1 4287
35155 1 589
35215 1 258
35229 2 997
35333 1 5425
35359 1 634
35390 1 716
35398 1 4556
35431 1 1278
35433 1 1624
35442 2 1433
35455 1 554
35461 3 1748
35465 1 337
35483 1 1826
35484 1 1144
35485 1 1364
35606 1 1070
35618 1 175
35701 1 300
35721 1 515
35760 1 5014
35854 1 1371
36245 1 843
36268 1 1022
36291 3 4374
36292 3 3895
36293 3 3644
36294 3 3160
36296 1 489
36306 3 2219
36358 3 1651
36388 1 1567
36389 1 6107
36390 1 6107
36391 1 7515
36392 3 6574
36393 3 6574
36397 2 8678
36398 2 8678
36431 1 335
36498 1 8241
36536 2 249
36643 1 126
36654 1 302
36718 1 910
36783 1 1431
36787 1 1432
36788 1 1941
36837 1 1141
36878 2 1195
36918 2 1129
36933 1 355
36945 1 21910
36956 1 4551
37013 1 33
37014 1 33
37015 1 33
37016 1 36
37040 2 2087
37111 1 873
37184 1 280
37209 1 43
37310 1 7113
37319 5 2048
37332 1 1763
37335 1 4505
37348 1 339
37364 2 170
37378 1 1224
37381 1 1394
37427 1 7481
37435 1 517
37502 2 1948
37504 2 903
37569 1 406
37614 3 4640
37615 3 2824
37616 3 8646
37705 1 900
37720 1 910
37731 1 692
38076 1 1627
38108 1 1022
38188 1 910
38223 4 12647
38231 1 1012
38311 1 1043
38328 1 776
38508 6 2464
38510 1 1907
38511 1 1138
38512 1 1647
38520 1 1239
38543 1 1310
38556 1 767
38581 1 205
38589 2 1121
38596 2 465
38611 3 5792
38628 1 1814
38637 1 990
38663 1 3825
38686 1 2997
38816 1 920
38818 1 1553
38875 2 1645
38884 1 2693
38925 1 1372
38954 3 2720
38993 1 249
39010 6 2843
39068 1 6017
39084 1 4248
39148 3 4610
39161 1 754
39179 1 2122
39182 3 3168
39183 3 4477
39184 1 1671
39186 1 2248
39244 1 1045
39245 1 4290
39264 1 7187
39270 3 2484
39271 4 2225
39301 1 12335
39329 2 32477
39444 1 498
39492 1 2059
39526 1 861
39675 2 234
39866 1 309
39899 1 216
39993 1 6188
40045 1 1106
40046 1 1113
40056 1 2607
40107 1 1049
40111 1 1287
40170 1 38
40188 1 108
40442 1 948
40476 1 354
40515 1 538
40549 1 1360
40595 1 1611
40621 1 856
40672 1 714
40695 1 8337
40804 1 281
40819 2 10440
40820 1 4100
40821 1 1252
40953 1 841
41023 1 1296
41052 1 6547
41057 4 3871
41114 3 2690
41185 1 25
41340 3 207
41428 1 677
41433 1 750
41439 1 2390
41550 1 129
41578 1 510
41674 1 4187
41764 1 1047
41766 1 1995
41767 1 1154
41768 1 1829
41771 1 1628
41783 1 365
41797 1 1275
41803 1 2074
41834 1 1285
41846 1 987
41896 1 821
41942 1 2534
41944 1 160
41973 1 42
41974 1 42
41975 1 33
41976 1 33
41977 1 33
41978 1 37
41979 1 37
42019 1 6660
42185 1 854
42221 1 2197
42239 1 1971
42283 1 2025
42343 1 644
42362 2 10503
42456 2 931
42473 5 3755
42487 1 1735
42503 1 757
42555 1 2440
42580 3 8665
42581 3 2953
42582 3 1649
42625 1 5865
42629 1 3606
42652 1 2519
42677 1 1567
42678 1 1567
42679 1 6107
42680 1 6107
42763 4 6680
42828 1 827
42830 1 1716
42835 2 2837
42857 1 288
42926 1 1178
43161 1 1596
43166 3 778
43184 1 979
43332 1 994
43409 1 470
43448 1 5826
43469 1 27
43497 1 1986
43528 1 1054
43529 1 2195
43551 1 1826
43554 1 292
43593 1 571
43619 1 400
43642 1 944
43670 11 3188
43765 1 39
43766 1 45
43921 1 9448
44116 1 4462
44129 1 1404
44255 1 1773
44362 1 3685
44393 1 234
44470 1 1049
44798 1 969
44869 1 51
44912 1 1423
44913 1 1392
44954 1 8549
44955 1 7733
44956 1 7041
44957 4 10010
44969 1 1060
45174 1 892
45189 1 6148
45467 1 569
45493 1 737
45526 1 2014
45746 1 211
45776 1 36
45792 1 327
45860 1 972
45890 1 1518
45909 1 1106
45912 1 1084
46024 1 51
46091 1 659
46376 1 1363
46388 16 81863
46409 1 1262
46443 1 518
46482 3 1205
46562 1 1020
46592 1 1676
46624 2 3546
46663 1 1197
46675 1 639
46694 1 3602
46726 3 1514
46774 3 2182
46873 1 999
46904 2 698
46909 1 2578
46914 1 1128
46937 1 1271
47125 1 781
47161 2 1358
47181 1 282
47199 1 3686
47213 1 585
47245 1 6757
47283 1 525
47312 1 299
47360 1 1310
47370 3 552
47398 1 5716
47421 1 299
47484 1 1343
47485 1 1365
47486 1 1332
47487 1 1374
47488 1 1495
47514 2 407
47650 1 1540
47661 1 876
47750 1 23
47811 1 1183
47862 1 1496
47863 1 1267
47900 1 1530
48078 1 11919
48125 1 1715
48180 1 25164
48256 1 1990
48305 1 667
48385 1 1169
48412 2 415
48444 1 1142
48689 1 4283
48701 1 802
48728 2 2201
48747 2 1809
48815 1 714
48837 1 492
48925 1 4731
48933 1 1238
49034 1 2025
49038 1 182
49039 1 179
49040 1 179
49041 1 182
49097 1 835
49100 2 2086
49175 1 9938
49178 1 578
49256 3 1312
49257 3 1855
49258 3 1049
49259 3 953
49260 3 1319
49261 3 1071
49276 1 5599
49368 2 1162
49517 1 1671
49522 1 6160
49577 1 2475
49613 1 907
49680 10 5727
49681 1 3266
49738 1 754
49767 1 371
49814 1 1613
49841 1 352
49842 1 2475
49850 1 950
49931 2 2794
50162 1 2022
50163 4 4995
50177 1 1060
50328 2 1690
50354 1 2188
50408 2 3892
50636 1 674
50740 1 1885
50741 1 1509
50767 1 385
50789 1 504
50809 2 290
50901 1 1284
50902 1 1707
50903 1 1269
50904 1 1387
50905 1 1545
50906 1 1447
50907 1 1310
50917 1 5455
50933 2 507
50936 1 3155
50972 4 1090
50978 1 1544
51087 1 2282
51184 1 1372
51185 1 1302
51186 1 1345
51187 1 1399
51188 1 1359
51233 1 1315
51342 1 1149
51524 1 1734
51752 2 1305
51777 7 1830
51800 1 1044
51872 1 51
51898 1 1288
51923 1 286
51940 1 33
51941 1 33
51942 1 39
51943 1 39
51944 1 39
51945 1 39
51946 1 33
51947 1 33
51948 1 32
51949 1 32
51967 1 2148
52020 1 5271
52046 3 871
52158 1 1149
52176 1 105
52397 1 4823
52405 1 2273
52415 3 2114
52449 1 3942
52457 1 4403
52477 1 1598
52490 1 1314
52607 1 49
52797 1 2584
52801 1 1168
52866 1 330
52988 1 24350
53016 1 1044
53017 1 1186
53019 1 1688
53121 1 2359
53398 1 1658
53534 1 1069
53550 1 1181
53776 3 2483
53777 3 3202
53778 3 4519
53837 1 3485
53841 1 718
53881 1 1613
54187 5 4739
54196 1 1353
54349 1 12411
54350 1 8318
54470 1 2185
54480 1 438
54482 1 784
54509 1 3235
54566 1 8702
54592 1 1227
54659 1 5192
54682 1 1173
54861 1 1691
55063 6 17333
55078 1 1284
55111 1 1486
55112 1 1429
55113 1 1550
55497 2 4177
55608 1 4052
55731 2 2515
55914 2 956
55916 1 1109
56029 1 4442
56113 1 72
56117 1 189
56165 1 403
56212 3 4266
56521 1 5019
56581 1 2134
56582 1 1624
56595 1 96
56973 1 1260
56975 2 1351
57178 1 2026
57215 1 843
57254 1 1206
57359 1 1917
57363 1 1222
57438 1 1259
57439 1 1505
57440 1 1299
57460 2 2888
57744 1 2807
57783 1 486
57817 5 4120
57818 3 3557
57819 3 2006
57820 3 3637
57821 1 4929
57878 1 3882
58231 2 4145
58251 1 4547
58306 1 973
58386 1 975
58411 1 611
58752 1 773
58890 1 1405
58891 1 1447
58892 1 1567
58893 1 1474
58894 1 1412
58913 1 960
59072 1 10092
59215 1 1368
59226 1 1228
59263 1 5357
59285 1 723
59355 1 891
59416 1 2234
59423 2 13129
59441 1 1940
59453 3 5553
59454 3 2821
59455 3 2220
59459 1 1393
59466 1 4209
59467 3 4546
59468 3 4334
59469 3 4789
59470 3 3154
59471 3 4583
59472 3 2189
59473 3 4291
59474 3 3565
59475 3 5201
59476 3 2145
59557 1 666
59561 1 4211
59562 2 820
59590 1 1196
59618 3 1895
59619 3 3498
59620 2 2013
59621 3 2882
59634 2 2585
59641 1 4053
59648 1 938
59843 1 6525
59859 1 642
59869 1 1159
59922 1 3476
60022 1 1635
60031 1 2148
60038 1 3448
60155 3 11169
60156 3 5280
60239 1 1030
60327 2 3097
60351 1 2113
60422 2 1453
60487 1 1120
60523 2 1348
60524 2 765
60563 1 714
60624 2 536
60670 1 1641
60673 4 16517
60674 1 1471
60679 2 463
60697 1 1552
60773 1 1253
60774 1 1280
60862 1 4275
60864 1 1132
60977 1 1191
61142 1 421
61186 2 14302
61196 1 1748
61214 1 535
61294 1 796
61295 2 465
61344 11 3189
61409 1 3387
61527 1 2751
61677 1 1365
61736 1 3608
61820 3 5698
61821 3 3538
61822 3 5496
61823 3 3825
61824 3 4512
61825 3 2161
61826 3 3738
61827 3 4204
61828 3 2374
61829 3 3211
61830 3 2081
61831 3 1756
61832 3 2493
61833 4 7073
61834 3 2191
61841 1 176
61861 1 2244
61866 1 890
61892 1 3071
61894 1 3336
61924 1 6503
61968 2 368
61980 1 920
62106 1 544
62112 1 688
62202 1 891
62211 1 1096
62245 1 176
62249 1 877
62493 1 1022
62722 1 812
62789 1 3394
62827 1 1510
62828 1 1541
62829 1 1348
62969 1 254
63035 1 982
63071 1 823
63074 1 4609
63236 3 631
63256 2 2229
63266 1 3285
63287 1 2749
63402 1 735
63403 4 938
63408 1 768
63415 1 786
63427 1 4477
63566 1 2589
63580 2 1896
63582 1 643
63623 1 70
63648 3 7209
63693 1 792
63701 1 2880
63735 1 371
63747 1 1196
63760 1 221
63775 1 1020
63788 1 3142
63908 5 588
63909 1 628
63916 1 1072
63945 1 639
63969 3 2173
63970 3 4043
64054 1 1617
64055 1 1617
64056 1 1617
64300 1 656
64302 2 2600
64444 1 682
64932 5 388
64962 1 919
65041 1 1469
65042 1 1185
65043 1 1343
65044 1 1475
65045 1 1414
65046 1 1430
65047 1 1509
65048 1 1262
65049 1 1334
65050 1 1333
65051 1 1455
65052 1 1530
65059 2 1706
65114 1 14
65422 1 747
65474 2 1571
65552 1 570
65676 1 437
65686 1 1470
65713 1 1940
65771 1 799
65935 1 556
65936 1 1413
65937 1 1474
65938 1 1482
65939 1 1340
65940 1 1495
65941 1 1299
65995 6 6936
66114 1 739
66162 1 3524
66221 1 1754
66229 1 664
66230 1 1223
66301 1 1510
66310 3 8271
66360 4 1483
66368 2 237
66380 1 9761
66398 1 1079
66421 1 437
66432 1 615
66564 1 2309
66569 1 1234
66588 1 281
66619 1 2672
66686 1 1271
66722 5 276701
66750 1 1405
66764 4 999
66888 1 789
66979 1 1596
66980 1 1011
66999 1 1267
67019 1 1107
67029 1 2546
67044 1 797
67062 1 943
67190 2 223
67285 1 513
67340 1 2960
67344 1 2228
67374 1 1178
67392 2 2594
67415 1 10077
67440 1 831
67468 1 810
67493 1 746
67495 1 1466
67496 1 1960
67498 1 1107
67500 1 1244
67501 1 1463
67504 1 1365
67506 1 1322
67508 1 1345
67511 1 1130
67588 2 2174
67733 1 479
67838 1 746
67859 1 1130
67892 1 1691
67934 1 1831
67962 1 841
68008 1 1300
68015 1 6966
68044 1 855
68046 1 3345
68047 1 1652
68048 1 1048
68098 1 893
68205 1 1021
68246 1 1002
68247 1 558
68263 3 5972
68304 1 1362
68355 1 1716
68369 1 11195
68389 1 7515
68390 1 7515
68391 1 7515
68392 3 6574
68396 1 1617
68424 1 1934
68682 1 354
68713 1 3702
68738 1 1152
68764 1 2106
68798 1 1805
68823 1 2312
68854 1 5781
68925 1 605
69019 1 1114
69040 1 1203
69341 1 637
69426 1 48
69472 1 1422
69473 1 1366
69474 1 1458
69475 1 1362
69476 1 1519
69483 1 3191
69515 1 3275
69846 1 522
69973 1 835
70039 1 1573
70171 2 229
70279 5 12383
70338 1 1452
70340 1 1983
70341 1 2434
70342 1 1205
70354 1 282
70377 1 5997
70379 1 1981
70435 1 3103
70438 1 749
70530 1 1122
70738 1 3457
70855 6 5396
70913 1 1388
70936 1 1631
71004 1 1117
71181 1 1143
71183 1 2921
71185 1 2946
71186 1 2649
71187 1 2267
71214 1 785
71219 1 2884
71220 1 2841
71221 1 3179
71352 3 1829
71691 2 1602
71706 1 5275
71836 1 5188
71941 1 1460
71969 1 777
72037 1 1055
72041 6 1544
72067 1 9227
72214 1 786
72253 1 838
72256 1 1403
72286 1 1079
72311 2 702
72346 1 779
72370 1 1139
72380 1 3360
72537 1 1081
72572 1 1253
72645 1 521
72695 1 717
72707 1 563
72741 1 6306
72761 1 1533
72776 1 1094
72784 1 2240
72805 1 684
72824 3 1931
72825 3 4050
72826 3 1996
72827 3 7031
72828 3 2935
72829 3 4528
72830 3 3747
72831 3 6567
72832 3 3890
72833 3 2038
72834 3 2774
72835 3 2083
72836 3 2346
72837 3 3948
72838 3 1838
72839 3 2764
72845 1 2164
72846 1 49
72873 1 3122
72884 1 2069
72885 1 1376
72906 3 2265
72929 1 3019
72938 1 10696
72999 1 3301
73008 3 5555
73010 1 648
73069 1 2055
73094 7 1712
73158 1 45
73302 1 805
73331 2 653
73333 1 1006
73347 3 2316
73373 1 5222
73419 1 1498
73575 2 269
73653 1 1004
73656 1 1671
73676 1 2052
73742 3 2569
73748 1 116
73963 1 6843
74006 1 1133
74007 1 1201
74012 1 1048
74014 1 2062
74027 1 1756
74048 3 938
74115 1 2664
74176 1 4570
74272 1 459
74342 1 39
74374 1 1600
74440 1 1991
74634 1 1283
74706 1 5592
74736 2 2126
74762 1 2031
74931 1 2115
75134 1 4335
75162 1 2594
75244 1 1376
75245 1 1375
75331 1 3149
75486 1 815
75497 1 1847
75582 1 521
75965 2 1326
76006 1 1171
76030 1 1041
76047 1 1489
76120 1 1477
76137 1 2520
76171 1 783
76370 4 13094
76411 1 6346
76428 1 518
76443 1 440
76497 1 588
76507 1 2568
76519 1 3579
76531 1 1613
76656 1 4057
76660 1 528
76666 1 366
76670 2 2879
76671 1 599
76683 1 1619
76701 1 1582
76705 1 513
76878 1 829
77013 1 1170
77028 1 969
77076 3 3304
77082 3 5693
77083 3 3037
77084 3 2028
77085 3 2310
77086 3 5533
77088 1 4377
77094 1 2168
77124 1 3644
77130 1 453
77359 1 2169
77430 1 502
77441 1 360
77456 1 13066
77621 1 1859
77902 1 1655
77903 1 554
77904 1 1498
77909 1 663
78111 4 1861
