lust lust 289 65215343 
154 1 314
238 1 1183
342 1 635
1363 1 1368
1391 1 932
1567 1 2163
1634 1 30082
1648 1 2206
1704 2 216
1706 1 203
1730 1 1157
2083 2 4561
2763 1 580
3034 1 871
3100 1 2432
4215 1 664
5561 1 425
6176 5 1652
6180 1 5070
7647 1 1890
7998 1 1191
8284 1 3146
9173 1 6443
10036 1 3455
10227 1 1110
10669 1 505
10713 1 2253
10931 3 1408
11566 1 877
12025 1 435
12629 1 2039
12870 1 761
12951 1 2247
13266 2 1854
13486 1 7532
14177 1 791
14212 4 12149
14260 1 675
14337 1 2253
15264 1 675
15949 2 349
16044 1 3747
16185 1 2268
16241 1 1533
16257 1 6019
16966 1 809
17111 1 1220
17121 1 6700
17510 2 13439
17681 1 2190
18681 1 1069
18953 1 916
19119 1 907
19157 1 3514
19759 1 1457
20394 1 601
21285 1 888
21503 1 13267
22121 1 958
22159 1 2515
22175 1 468
22177 1 885
22213 2 415
22476 1 744
23378 1 973
23497 1 1079
24024 1 810
24420 4 1290
24465 1 1100
24731 1 1332
26506 1 1001
26567 1 452
26575 4 979
26675 2 1056
26715 1 1453
26716 1 1488
27235 2 2671
29094 1 737
29283 1 1840
29346 2 5736
29366 2 1080
29701 1 334
29856 1 1766
29879 1 853
29887 1 3070
30137 2 5022
30684 11 868
31071 1 325
31487 1 1278
31606 1 2118
31607 1 1667
31608 1 1464
31898 2 1326
31965 1 728
32471 2 2840
32611 1 1002
32612 1 530
32869 1 784
33285 1 3524
33329 1 2558
33364 1 721
33586 1 2998
33779 1 1792
34087 1 3646
34928 1 647
35496 1 200
35606 1 1070
36055 2 1958
36590 3 5680
36884 1 1553
36956 1 4551
37065 1 497
37228 1 4061
37415 1 5377
37436 1 9722
38250 1 277
38307 1 1626
38316 1 1756
38793 1 1377
39826 1 367
40092 1 1501
40448 1 3806
40595 1 1611
40836 1 365
40971 1 1457
40972 1 1481
41412 1 898
41580 1 621
42135 1 5733
42309 1 5367
43388 1 576
44129 1 1404
44512 1 443
44707 1 6048
45350 2 693
45878 1 1656
46173 2 1062
46388 1 81863
46582 1 877
46939 1 2178
47363 1 609
47552 1 1137
48089 1 429
49543 1 1789
49731 1 975
50597 1 2594
50881 2 4909
51231 1 1305
51647 1 962
52006 1 2497
53036 1 1242
53045 2 1416
53398 1 1658
53547 1 898
54279 2 1708
54439 1 2636
54517 1 514
55548 2 877
56338 1 321
56935 1 463
56942 1 715
56944 1 441
56986 5 569
57218 1 560
57416 1 384
58002 1 1518
58498 1 607
58773 1 1702
59295 4 744
59555 1 1177
59698 1 2181
60154 1 361
60165 1 857
60235 1 821
60245 2 583
60506 1 4289
60833 1 979
60855 1 1401
61404 2 2003
61472 2 2455
61516 1 1071
62123 1 379
62299 1 7136
62461 1 624
62462 1 825
62463 12 1381
63156 1 1380
63188 1 182
63628 1 1675
63834 1 3002
64950 1 809
65568 1 1157
66603 1 1110
66886 1 3404
67859 1 1130
67891 1 810
67928 1 1081
68260 1 1973
68336 1 1920
68686 1 900
68767 1 172
69008 1 348
69009 1 284
69315 1 587
69998 1 964
70841 1 8361
71304 1 1377
74604 1 5954
75240 1 5462
76031 1 1946
76119 1 1349
76405 2 5489
76767 1 637
76981 1 790
77847 1 500
77942 2 3229
77943 1 1110
77962 1 3614
78074 1 1554
