coolest coolest 430 65215343 
187 1 489
358 1 2199
528 1 1240
869 1 246
894 1 1314
1552 2 1020
1647 1 10572
2236 1 1793
2562 1 2880
3588 1 622
3594 1 1229
3705 1 1090
3946 1 1370
4449 1 1837
4735 1 1217
4840 3 5531
4912 1 7415
5507 1 3021
5817 1 1401
6153 1 1222
6352 2 65
7275 1 1286
7436 2 219
7938 1 762
8470 2 1947
8604 1 343
8896 3 1087
8992 1 2708
9203 1 3221
9495 1 1007
9639 1 1016
9697 1 1369
9708 5 2371
9804 1 5129
10115 1 1153
10370 1 702
10496 1 1615
10693 1 1867
10817 1 850
11754 1 1037
12041 1 386
12786 1 7289
12828 1 482
13148 1 1862
13863 1 3445
14053 2 1354
14080 2 51830
14373 1 6743
14375 1 1301
15147 1 1355
15420 1 231
16321 1 1829
16489 1 4179
16533 1 1331
16534 1 1160
16535 1 994
16665 3 1066
17005 1 2314
17006 1 1202
17007 1 492
17421 1 423
17568 1 1347
17790 1 2095
18081 1 1322
18567 2 1311
19153 1 3019
19158 1 1770
19679 1 601
19906 1 1834
20200 2 30304
20236 1 1252
20385 1 1007
20653 2 6960
20863 1 1523
20884 1 463
20900 1 1355
20914 2 1215
21241 1 4794
21404 1 659
21490 1 4936
21503 1 13267
21626 3 876
21766 1 1815
21922 1 2981
22607 1 1086
23030 1 1410
23035 1 1061
23210 2 526
23588 10 2167
24854 1 817
24886 1 7415
24887 1 7415
24888 1 7415
25530 1 1188
25891 7 2054
26509 1 526
26586 2 2458
26602 1 528
27300 1 2411
27430 1 1623
27702 2 937
27725 1 539
28101 1 883
28267 1 638
28718 1 233
28737 2 545
28799 1 4713
28844 1 477
28871 1 2000
29283 1 1840
29572 1 2781
29624 1 1181
30185 1 785
30326 1 1005
31064 1 745
31387 1 1573
31555 1 1195
31794 1 820
31945 1 2616
32314 1 2456
32390 4 237
32412 1 1195
33031 1 592
33076 1 1741
33212 2 1506
33264 12 1136
33271 1 1800
33464 1 193
33847 1 7078
34300 1 1190
34306 1 739
34781 1 4211
35037 1 993
35247 1 456
35387 1 4967
35437 1 2276
35471 2 1247
35847 1 965
36100 1 3371
36131 1 1273
36331 1 613
36938 1 434
37028 1 1017
37551 1 867
37615 1 2824
37680 7 418
38039 1 598
38123 1 2113
38199 1 2577
38756 1 619
39083 2 2721
39148 1 4610
39978 1 30166
40001 1 1577
40033 1 2140
40244 1 234
40680 1 76
40752 1 606
40754 1 583
40803 1 486
40972 1 1481
41103 1 2097
41427 1 4567
41492 4 128
41791 2 1418
41828 2 764
42212 1 527
42321 2 1615
42355 1 5228
43316 1 1838
43477 3 22611
43562 1 682
43678 1 956
43839 1 1259
44052 1 741
44881 1 3374
44937 1 1292
45679 1 695
45808 1 1186
45859 3 21421
46148 1 954
46509 1 2154
46795 1 783
47278 1 309
47687 1 459
47799 1 2474
48232 1 847
48414 1 3926
48510 1 1499
48578 4 203
48789 1 2728
48790 1 978
49153 1 973
49327 1 746
49332 1 1151
49897 1 901
50025 1 5763
50547 2 617
50548 1 609
50552 2 2672
50814 3 2147
51000 1 1757
51001 1 1402
51002 1 1417
51707 3 986
52411 1 563
52864 1 119
53074 1 940
55073 1 3312
55139 4 237
55906 1 1419
56079 3 57
56497 1 2476
56902 1 626
56988 2 606
57255 1 2815
57380 1 3371
57418 2 806
57817 1 4120
57965 2 3015
58215 1 1221
58930 1 1881
59199 1 332
59210 1 1617
59226 1 1228
59356 1 1554
59605 1 850
59871 1 318
59940 1 792
59995 1 537
60351 2 2113
60364 1 1138
60377 2 2105
60497 1 201
60498 7 437
60499 4 329
60500 4 369
60521 1 969
60916 1 362
60959 5 422
61860 1 7381
62267 1 526
62664 1 655
63000 1 657
63130 2 1449
63519 1 2160
63634 1 5269
64182 1 225
64301 4 942
64350 1 20899
64997 1 864
65489 1 71
65531 1 1854
65592 1 687
65748 2 1674
66240 2 1526
66538 1 2914
66722 1 276701
66895 1 1147
67004 1 710
67021 2 6450
67073 1 693
67347 1 1319
67536 1 943
67776 1 2260
68115 1 3242
68246 1 1002
68795 1 1251
69283 1 642
69334 2 764
70534 1 5509
70745 2 1602
71146 2 324
71849 1 1027
72046 1 2501
72098 1 19912
72304 1 2094
72347 1 1722
72348 1 1677
72513 1 4800
72650 1 6445
72793 1 4219
72840 1 1216
73155 1 3609
73884 1 569
74148 4 1271
74572 1 8808
74706 1 5592
74743 1 1598
75139 1 424
75243 2 1489
75401 1 1247
76083 1 84
76084 1 648
76354 1 3077
76408 1 4367
76482 1 534
77086 3 5533
77541 1 801
77577 1 751
77825 1 1157
77874 1 3196
77875 1 3223
77948 1 3393
77949 1 2982
