auction auction 4330 65215343 
49 1 548
97 1 672
232 2 515
248 1 5568
256 7 8243
360 2 1616
374 4 1582
502 5 88
541 1 2599
619 1 537
677 1 300
707 1 625
721 3 1682
736 9 2617
757 2 308
772 1 1607
796 1 1564
807 1 1677
873 3 402
1023 1 2468
1059 1 1913
1064 1 793
1072 9 2029
1134 1 966
1152 1 1543
1172 1 644
1271 1 415
1644 4 1916
1678 2 1025
1679 2 1005
1767 1 13095
1800 8 336
1816 1 5747
1828 3 427
1834 2 1298
2086 3 3653
2137 1 1480
2184 2 1827
2335 1 1168
2336 1 1341
2339 1 1043
2340 1 1182
2341 1 1394
2342 1 1088
2343 1 1153
2344 1 1030
2346 1 690
2375 1 3907
2389 1 3418
2441 1 7506
2442 1 1034
2533 1 922
2536 1 2222
2537 15 1224
2538 3 884
2712 1 334
2775 1 848
2788 2 927
2802 14 285
2837 1 326
3045 1 640
3050 1 506
3202 8 6501
3267 2 3085
3272 2 235
3287 3 1376
3317 2 1223
3357 1 1191
3374 1 688
3406 1 783
3430 1 783
3461 5 2177
3501 1 585
3531 13 1044
3539 1 1721
3542 1 1834
3543 2 1381
3571 1 1011
3651 1 462
3668 1 8976
3684 2 236
3706 2 6639
3788 1 214
3800 1 1260
3817 5 138
4081 1 2482
4145 1 6518
4269 2 7767
4355 1 1088
4371 6 3866
4389 1 564
4392 2 1464
4393 2 1545
4394 2 783
4531 2 1036
4561 5 320
4562 4 195
4563 4 266
4625 2 1120
4683 14 641
4743 1 338
4757 12 406
4788 2 1060
4822 1 1411
4854 1 1945
4862 1 841
4865 1 2104
4884 1 1052
4892 1 609
5057 4 310
5075 1 1239
5076 1 1220
5152 1 981
5170 1 2743
5195 3 1844
5296 1 631
5302 1 555
5423 1 801
5486 1 345
5542 1 746
5578 1 13045
5755 2 44
5756 2 44
5757 2 47
5758 2 47
5974 11 258
6576 1 1635
6577 1 1930
6578 1 2792
6625 15 383
6973 1 826
6983 1 2840
7022 1 670
7036 2 604
7073 1 920
7075 1 507
7139 4 1063
7236 59 1589
7711 2 1660
7740 1 1213
7882 4 220
7900 2 1093
8377 1 1377
8433 1 371
8452 102 7747
8503 4 523
8504 5 570
8505 4 232
8506 5 403
8889 1 438
8957 5 562
9121 1 1865
9147 1 1473
9201 1 1485
9238 4 2921
9294 1 3543
9305 2 977
9324 2 4421
9325 1 4336
9350 3 760
9496 2 878
9544 1 1343
9567 2 5360
9640 1 3873
9850 1 2963
9932 1 1087
9951 1 322
10040 3 1184
10050 2 585
10084 1 513
10219 4 3447
10247 8 1114
10318 1 1328
10327 14 839
10359 6 970
10487 1 372
10713 2 2253
10863 1 442
10909 1 561
10968 2 698
10977 1 1721
10995 3 1588
10998 1 1691
11011 1 1396
11030 2 600
11141 1 2089
11194 2 1656
11209 3 1032
11241 1 828
11242 1 738
11244 4 833
11288 4 9962
11302 20 710
11364 1 2608
11578 1 1481
11616 1 577
11628 1 1714
11966 3 751
11976 2 521
11977 1 298
11998 1 402
12125 3 577
12165 3 1159
12169 1 689
12203 1 722
12237 4 1444
12293 1 1151
12333 1 782
12366 2 2385
12424 1 409
12427 5 630
12604 1 321
12608 6 516
12647 1 4896
12698 1 3392
12767 1 838
12815 2 1045
12890 4 2391
12944 8 2185
12950 2 2140
12951 1 2247
12952 1 1158
12953 1 1027
12954 3 1599
12955 1 1221
12958 2 1362
12997 1 699
13099 2 1594
13172 1 1025
13344 1 5744
13389 1 507
13404 2 470
13411 1 2036
13602 1 47
13643 1 1259
13670 1 2094
13691 2 2873
13692 2 275
13785 4 1464
13982 1 3750
14056 2 1205
14082 5 888
14083 2 507
14098 4 235
14105 7 9306
14337 2 2253
14429 1 2422
14472 1 1594
14690 1 1475
14792 1 1326
14794 1 644
14983 4 339
14984 4 261
14993 1 1219
14994 1 1165
14995 1 1056
14996 1 1221
15006 3 923
15070 2 1847
15118 1 364
15244 2 5618
15255 14 555
15611 3 880
15673 3 886
15932 1 326
15980 56 2709
16051 1 931
16114 10 1601
16230 1 648
16259 11 1458
16284 2 1751
16285 1 2520
16322 1 2378
16323 1 1197
16333 1 1016
16339 1 825
16421 1 956
16422 30 407
16439 11 738
16500 1 313
16504 5 1199
16505 7 1869
16506 29 2246
16507 12 1847
16508 1 1667
16509 1 1890
16510 1 851
16533 3 1331
16535 2 994
16647 1 1287
16666 2 1110
16723 10 573
16849 1 6516
16942 1 12267
16958 1 5800
17058 1 1516
17127 2 426
17130 3 1497
17214 1 394
17248 11 2188
17384 2 2933
17456 1 1175
17473 4 897
17518 1 444
17693 1 868
17751 4 408
17788 8 2252
17789 5 2222
17851 3 963
17899 3 1710
17943 1 1248
17947 5 309
18021 2 1332
18022 2 791
18106 14 157
18121 1 1538
18160 1 779
18163 2 359
18226 2 1550
18270 1 30
18322 1 1063
18395 1 6885
18428 2 790
18434 2 768
18461 14 2262
18480 1 1001
18520 2 1776
18575 5 678
18620 2 3943
18621 3 5046
18622 4 5539
18644 2 2789
18645 2 1794
18654 2 15696
18696 2 1646
18739 1 3057
18740 1 2994
18741 1 3106
18742 1 2981
18759 3 2997
18899 1 1411
18901 1 307
19022 1 322
19032 9 1192
19061 1 2713
19062 1 1391
19063 1 909
19186 1 6942
19383 1 3259
19418 9 447
19463 1 165
19602 2 900
19604 1 511
19609 3 673
19615 7 1558
19630 17 2098
19656 4 5073
19793 2 529
19805 3 684
19806 1 334
19818 1 4232
19945 4 1525
20138 4 225
20154 2 3393
20193 2 1368
20194 2 1431
20196 3 455
20210 1 158
20374 5 1026
20598 1 1777
20607 1 4252
20621 4 2416
20651 6 764
20677 2 8655
20746 1 2626
20776 2 953
20785 1 3062
20833 1 5441
20870 1 4517
20875 2 801
20899 1 3664
20938 3 3851
20971 1 884
21075 2 822
21094 2 715
21351 1 363
21377 1 1374
21380 1 2156
21381 1 1086
21391 2 4613
21417 1 1547
21432 1 1603
21499 2 696
21613 1 1522
21634 9 824
21699 1 454
21764 1 709
21770 1 4733
21774 1 1025
21840 1 6308
21881 1 631
21961 4 1487
21963 4 2029
21976 1 3253
22033 2 451
22038 1 1606
22052 1 1487
22084 1 995
22085 1 1109
22232 1 390
22464 1 1400
22760 2 900
22991 2 868
23015 1 1253
23027 1 1511
23373 2 1729
23401 2 2739
23407 4 6338
23408 13 5715
23422 1 1581
23451 2 2126
23520 2 442
23529 1 254
23637 28 2848
23678 1 5285
23749 1 570
23896 1 3005
24158 4 615
24162 4 1116
24164 2 1966
24167 42 1722
24176 1 1121
24204 1 780
24219 1 7326
24254 1 4321
24255 1 3586
24256 1 1172
24257 1 1154
24265 2 3355
24354 2 541
24441 1 601
24560 1 1080
24583 2 808
24684 6 456
24715 1 393
24748 1 4627
24819 1 1466
24841 2 1228
25014 5 261
25015 4 219
25117 1 1017
25128 1 3351
25173 15 472
25184 1 896
25454 2 357
25508 2 1364
25658 1 744
25715 1 2184
25834 1 862
25955 1 382
25957 1 1091
26085 1 1188
26086 1 694
26138 1 2043
26161 3 14248
26168 4 1153
26196 1 140
26206 1 1472
26253 1 525
26328 2 1245
26506 1 1001
26572 3 326
26586 3 2458
26737 6 605
26757 1 513
26814 1 1736
26828 3 1420
26877 1 1219
26880 1 1488
26946 2 2974
27039 1 1645
27049 1 398
27162 1 1964
27163 1 1060
27173 1 3255
27174 2 2438
27197 1 1655
27228 1 952
27235 1 2671
27238 13 1588
27239 1 1244
27259 1 1441
27425 1 2871
27569 1 969
27601 1 1888
27693 1 678
27769 1 1391
27966 3 226
27967 4 427
27968 8 464
27974 1 1432
27993 1 1601
28021 1 982
28023 1 983
28025 1 988
28032 1 1700
28047 1 907
28085 1 466
28280 5 2119
28320 1 1179
28426 2 911
28440 1 823
28446 5 9326
28622 4 314
28623 8 450
28624 8 476
28625 8 421
28682 5 1576
28704 1 630
28764 1 576
28853 1 1174
28951 3 4581
29005 2 382
29034 1 468
29447 1 335
29521 1 588
29545 1 2155
29574 1 745
29625 1 10200
29726 1 948
29790 1 1023
29837 1 902
29951 3 2090
30032 1 647
30139 3 856
30294 1 647
30310 6 2537
30312 1 1701
30314 3 1766
30316 1 608
30335 1 386
30345 1 764
30597 4 2235
30602 1 3594
30632 1 1052
30642 2 3081
30690 4 313
30691 6 407
30737 1 434
30804 1 10416
30844 3 352
30888 1 2250
30997 1 957
31073 1 753
31123 10 2317
31137 1 4691
31224 1 950
31516 2 1397
31520 1 1038
31607 1 1667
31628 1 1221
31688 2 2740
31738 1 1012
31866 2 800
31917 1 91
31954 4 2261
32034 1 1185
32173 2 840
32208 1 2672
32216 4 1582
32231 1 687
32323 1 595
32327 1 1141
32388 42 24490
32482 4 441
32641 1 1814
32703 1 345
32709 9 977
32718 2 5437
32872 2 345
33131 5 1235
33150 1 2622
33151 1 2303
33153 1 613
33175 1 552
33220 1 1178
33247 2 546
33254 1 582
33260 1 425
33294 1 1429
33302 1 870
33303 1 928
33325 1 657
33429 6 413
33433 1 744
33509 2 2659
33523 1 525
33594 1 893
33619 3 1176
33620 1 971
33641 1 2126
33672 1 1607
33674 1 1050
33675 1 2486
33676 3 1188
33677 1 1132
33678 2 718
33683 1 952
33697 1 1438
33720 2 336
33738 1 423
33748 1 855
33787 16 3331
33916 7 294
33937 3 14231
33938 1 5544
33983 1 392
34071 2 29
34177 1 1899
34212 1 904
34318 72 1326
34359 1 502
34360 1 1335
34361 1 664
34399 15 738
34454 1 1630
34491 2 1903
34503 1 1238
34536 1 1429
34576 1 3903
34614 4 347
34615 4 464
34633 1 1016
34634 1 1126
34650 1 2639
34666 1 699
34737 2 1449
34809 14 443
34859 1 794
35317 3 1885
35340 1 4545
35345 1 1795
35372 2 1115
35373 1 1558
35395 1 1776
35431 1 1278
35433 1 1624
35435 1 1070
35458 2 388
35475 2 12761
35479 1 241
35485 2 1364
35486 2 1430
35549 1 514
35561 1 326
35683 10 1542
35704 1 926
35768 1 1871
36041 10 795
36237 14 761
36266 1 678
36336 1 5447
36442 1 1154
36456 1 1042
36480 1 446
36729 2 1013
36730 1 751
36733 2 685
36783 1 1431
36784 1 1169
36785 2 1843
36787 7 1432
36788 2 1941
36789 3 1662
36830 1 842
36832 1 4358
36836 1 1458
36854 1 622
36878 1 1195
36914 6 304
36926 1 888
36927 1 436
36945 3 21910
36954 2 1023
37106 1 3136
37129 1 1098
37169 1 628
37374 1 929
37587 2 2098
37591 1 1574
37592 1 1922
37596 1 1780
37604 1 1897
37830 4 484
37831 4 250
37892 5 5282
37932 1 17484
37934 2 1480
37962 1 2971
38066 1 948
38069 2 3382
38180 2 1294
38181 1 1301
38185 2 645
38200 7 3117
38259 1 1539
38327 1 413
38380 1 976
38446 1 1008
38508 2 2464
38509 2 1250
38510 1 1907
38512 1 1647
38571 1 823
38848 1 791
38889 3 779
38942 1 3171
39087 1 392
39101 9 562
39102 12 421
39158 17 1513
39180 2 1551
39252 1 1207
39275 1 1055
39535 1 432
39537 1 1083
39541 1 883
39573 1 1738
39612 1 1926
39618 1 1328
39912 2 471
39929 3 1959
39975 3 1698
39976 1 699
39977 1 711
40007 1 1943
40010 1 634
40043 1 1164
40044 2 1776
40045 1 1106
40046 1 1113
40047 1 1267
40060 1 1447
40093 1 4751
40106 1 1533
40111 4 1287
40148 1 755
40251 1 1196
40280 1 168
40394 2 481
40406 4 822
40518 1 647
40534 1 4269
40765 3 460
40816 5 1398
41005 2 1363
41017 4 654
41035 1 972
41063 1 303
41111 1 2649
41243 1 725
41432 1 272
41524 2 2455
41738 1 1731
41765 1 2363
41766 1 1995
41769 2 1186
41770 2 1891
41771 2 1628
41772 2 1868
41796 1 1342
41802 6 2461
41803 1 2074
41820 1 1137
41830 1 434
41861 2 496
41951 2 1203
42128 1 580
42261 1 6604
42355 16 5228
42485 3 1654
42516 1 823
42557 2 2920
42583 2 653
42595 1 978
42655 3 1535
42664 1 1406
42667 1 1132
42683 4 5788
42817 1 1368
42823 26 2264
42883 1 997
42900 1 917
43079 1 723
43143 1 812
43350 1 2399
43496 2 2079
43497 1 1986
43508 3 1409
43529 3 2195
43531 2 1419
43593 1 571
43651 1 267
43654 5 318
43656 2 4176
43675 1 685
43779 4 1159
43862 1 1314
43966 2 999
43967 2 1030
44050 2 4928
44059 1 1070
44112 5 650
44217 1 3228
44247 1 2369
44467 1 980
44470 1 1049
44581 1 1194
44623 2 54
44758 2 2521
44798 2 969
44876 1 3240
44889 1 232
44891 1 1753
44925 4 3438
44932 1 2141
44954 1 8549
44955 1 7733
44956 1 7041
44957 1 10010
44967 2 3619
45067 3 948
45099 1 1823
45160 1 971
45351 1 1038
45382 3 1185
45384 17 388
45456 1 1098
45609 1 1092
45676 15 11251
45828 1 855
45830 1 776
45846 1 1458
45880 1 2642
45911 3 1361
45935 1 4684
45942 9 1251
45943 6 630
45944 7 825
45970 1 558
45971 1 1186
46021 2 625
46122 4 1824
46331 1 4197
46469 5 702
46601 1 967
46635 2 414
46639 1 4091
46689 1 1372
46692 1 2110
46694 1 3602
46807 1 977
46893 1 1066
46894 1 46
46911 1 1569
46939 1 2178
47048 1 960
47070 1 1023
47245 3 6757
47261 1 657
47296 2 1535
47308 3 1139
47350 1 2865
47354 1 1367
47419 4 689
47468 2 987
47481 2 1797
47498 1 3543
47515 19 3985
47518 2 552
47548 2 1393
47565 3 1185
47602 3 1013
47612 3 357
47652 2 2313
47663 1 922
47684 2 1718
47782 1 625
47783 1 327
47789 1 522
47848 1 2980
47864 7 852
47894 1 349
47897 7 1442
47905 1 685
47986 4 459
48020 1 1218
48124 2 1276
48174 6 564
48213 4 317
48220 1 1146
48247 2 2933
48332 1 2627
48353 1 823
48355 1 786
48385 1 1169
48478 1 1058
48485 4 924
48492 1 508
48564 1 1430
48673 2 6093
48863 1 749
48900 1 1196
48925 3 4731
48985 19 1249
49079 2 1864
49082 3 454
49156 2 1148
49164 3 1298
49231 4 1134
49303 1 690
49308 1 822
49367 18 2106
49428 1 272
49471 1 1921
49502 1 623
49505 2 676
49571 2 1114
49600 1 1153
49601 1 978
49604 1 4772
49731 1 975
49736 1 660
49758 15 384
49759 6 404
49833 2 2286
49860 2 2471
49861 4 1351
49867 1 1046
49901 6 1363
49920 1 1231
49939 1 1882
49940 1 1997
49971 1 2684
49984 1 1693
50043 11 1102
50116 5 423
50123 1 1225
50124 1 1198
50126 1 1046
50127 1 917
50128 1 1038
50129 1 1730
50254 2 555
50289 3 1659
50355 1 3677
50399 1 1367
50403 1 1369
50478 2 3624
50528 1 614
50541 3 2524
50551 1 1092
50606 1 5596
50612 1 782
50613 1 2424
50618 1 410
50619 1 415
50620 1 2383
50796 1 1698
50999 3 500
51017 2 3675
51063 1 507
51064 1 907
51163 2 233
51222 9 1571
51295 1 5729
51304 1 953
51336 1 974
51428 1 327
51429 1 327
51461 1 678
51466 2 1121
51561 1 1242
51614 1 1746
51656 1 279
51700 1 972
51723 1 278
51768 1 1070
51796 1 1282
51839 6 9735
51854 1 393
51856 2 495
51857 6 294
51893 1 635
51958 4 1244
51969 1 1165
51993 11 12689
51994 1 9298
52153 2 392
52169 1 1437
52330 1 663
52424 2 1543
52448 1 1816
52461 1 1052
52472 1 1216
52473 1 1195
52523 7 272
52561 1 52057
52573 2 724
52978 1 713
53018 8 2688
53019 2 1688
53022 1 990
53046 7 6992
53070 1 592
53074 1 940
53104 2 959
53158 1 9225
53270 1 413
53368 1 1152
53430 3 48057
53469 1 2932
53480 1 394
53768 1 2855
53838 1 2228
53854 2 1693
53868 4 1390
54089 5 323
54090 22 1782
54091 8 572
54314 1 2046
54378 2 905
54399 1 5059
54460 1 1195
54560 1 940
54659 14 5192
54974 4 1777
55017 1 479
55092 1 1807
55146 1 2594
55160 2 652
55308 1 905
55334 1 941
55416 1 533
55470 1 1042
55619 1 988
55655 1 432
55716 1 1201
55920 1 718
56019 1 2130
56037 1 280
56099 3 156
56175 1 8425
56193 1 1208
56221 1 1051
56296 1 983
56395 4 256
56418 1 1368
56419 1 1590
56420 1 1446
56422 1 1132
56423 1 1323
56424 1 1256
56425 1 1074
56426 1 1399
56427 1 1290
56428 1 1075
56487 1 3333
56517 2 1089
56518 2 523
56612 6 280
56666 1 912
56880 1 575
56959 1 893
57001 7 7758
57031 2 297
57256 1 1106
57469 2 965
57512 1 1680
57666 1 1813
57899 2 2146
57983 3 100
58176 3 226
58177 4 390
58178 4 430
58179 12 871
58180 8 598
58181 8 435
58182 8 493
58433 1 2227
58512 2 853
58532 1 258
58797 1 268
58865 1 1126
58866 5 1688
59071 4 435
59079 1 1045
59251 1 6070
59307 1 1547
59402 1 4509
59403 1 989
59404 1 1587
59426 1 1694
59441 1 1940
59485 1 745
59513 1 940
59556 2 2338
59561 1 4211
59581 1 1325
59624 1 1064
59631 1 2500
59646 1 1585
59712 1 4670
59729 2 1041
59762 6 607
59764 4 421
59765 6 248
59766 4 202
59767 4 231
59768 4 240
59769 6 392
59824 1 1816
59845 2 835
59925 91 3361
59926 95 3221
60058 1 531
60069 1 3188
60090 2 295
60109 1 2379
60134 1 1270
60155 2 11169
60156 2 5280
60184 1 998
60215 4 2296
60278 1 3357
60354 1 837
60371 2 3906
60421 3 2492
60507 3 4075
60670 2 1641
60714 1 921
60755 1 962
60791 1 3468
60807 2 695
60819 1 736
60863 1 974
61020 1 13801
61035 1 588
61047 1 1709
61104 1 1223
61135 1 364
61157 1 783
61241 1 1632
61630 1 1422
61828 1 2374
61907 1 3429
61909 1 3209
62004 3 2886
62084 2 426
62143 1 2252
62299 1 7136
62318 3 2185
62319 1 2313
62417 7 11638
62518 2 1297
62550 4 1250
62616 1 1362
62706 1 453
62723 1 3363
62901 3 900
62913 3 737
62983 2 789
62998 1 1031
63051 2 1657
63111 1 905
63297 1 715
63298 1 474
63343 1 1651
63407 1 600
63761 9 1163
63779 1 2453
63907 1 882
63962 1 3096
64013 1 2220
64015 1 2612
64268 8 622
64269 8 474
64270 8 541
64302 1 2600
64350 1 20899
64371 1 1070
64397 2 738
64458 3 652
64590 5 2177
64647 7 7320
64989 1 973
65040 1 1671
65265 1 5510
65270 1 943
65272 1 2484
65360 3 69
65410 6 1931
65441 15 260
65479 4 841
65614 4 2314
65615 1 461
65669 21 708
65725 1 969
65749 2 2193
65845 32 616
65954 1 245
65984 1 2219
66005 1 1390
66060 1 638
66064 3 887
66327 1 942
66334 1 368
66380 1 9761
66484 2 789
66542 1 1829
66565 2 1348
66570 1 2510
66622 3 1633
66682 1 897
66691 5 1652
66698 1 2058
66731 1 1118
66747 1 917
66751 1 11896
66823 2 9403
66873 1 585
66884 5 3426
66890 1 252
66933 3 626
67028 7 2731
67031 2 5324
67071 1 692
67076 2 528
67100 1 1098
67230 1 769
67256 5 609
67266 3 4007
67308 1 540
67325 1 2060
67344 2 2228
67393 7 6324
67401 1 1996
67402 1 736
67403 1 3316
67423 1 1104
67441 1 902
67496 1 1960
67504 2 1365
67506 3 1322
67509 16 2447
67514 2 1549
67515 2 664
67520 7 1075
67724 1 650
67790 1 3052
67797 1 1733
67884 1 954
67999 1 213
68017 2 859
68125 1 2444
68211 1 889
68330 1 8380
68383 16 1172
68628 4 340
68629 8 435
68708 1 6905
68896 17 1405
69221 2 44
69400 1 526
69421 1 1230
69526 1 116
69716 2 7169
69722 1 1778
69723 1 871
69858 1 2372
69982 1 992
70010 2 668
70027 1 1101
70099 1 321
70241 2 673
70259 2 1430
70261 2 499
70292 1 2365
70302 1 1840
70303 1 1436
70307 5 703
70339 1 1475
70340 1 1983
70341 4 2434
70345 1 930
70379 1 1981
70406 1 1912
70440 1 296
70856 1 1075
70931 1 1021
70960 1 2677
71140 1 647
71229 3 887
71251 1 1374
71269 14 623
71332 5 1266
71342 4 1785
71372 9 1478
71378 4 558
71379 3 718
71410 1 867
71414 1 303
71506 5 328
71520 1 1281
71521 1 1133
71522 1 1158
71523 1 1243
71524 1 1115
71608 3 458
71623 2 704
71703 2 1229
71818 1 793
71833 1 2056
71886 2 801
71916 3 1640
71923 1 631
71930 1 926
72015 1 804
72097 1 1365
72113 1 641
72167 2 644
72189 1 712
72190 3 522
72191 1 448
72192 1 1685
72206 5 2593
72229 1 1439
72239 2 454
72274 1 1293
72285 3 487
72344 1 815
72412 3 14176
72456 1 792
72457 1 831
72458 2 720
72686 2 648
72833 1 2038
72842 1 649
72913 1 1589
72914 1 1062
72922 1 1461
72963 2 2184
72987 4 428
72988 4 248
72989 4 216
72994 1 1734
73094 1 1712
73095 85 3401
73096 57 2375
73105 1 1321
73115 1 2759
73116 6 545
73175 1 803
73397 1 471
73414 17 386
73455 1 2168
73494 1 1046
73495 1 934
73535 1 1850
73936 3 839
73961 1 2232
73966 5 1422
73969 3 784
73981 1 1169
73996 1 7920
74008 2 1811
74061 1 1106
74088 1 605
74106 2 855
74114 1 3421
74170 1 274
74173 5 330
74176 1 4570
74177 1 4268
74178 1 2150
74180 1 1201
74184 1 1502
74205 1 468
74259 1 218
74296 1 3168
74408 8 296
74441 1 390
74466 6 863
74695 1 1627
74748 1 1518
74794 1 1782
74900 2 931
75490 1 2840
75495 1 2492
75535 9 527
75617 1 387
75642 1 1571
75655 1 728
75757 43 1343
75769 1 1045
75880 1 115
76005 1 1341
76007 1 868
76047 4 1489
76096 1 886
76107 1 294
76111 1 841
76140 1 1136
76241 1 836
76314 1 579
76352 2 354
76383 1 436
76471 7 824
76475 1 2195
76478 3 413
76692 7 810
76694 2 514
76745 3 1068
76923 24 1539
77066 1 851
77067 1 1551
77068 1 2025
77097 1 2699
77120 2 227
77133 1 1304
77144 3 3383
77355 5 433
77356 5 608
77357 4 218
77358 4 222
77364 1 1225
77390 1 3306
77403 1 986
77406 1 984
77408 1 983
77450 1 5940
77486 2 1139
77576 10 4731
77619 2 1113
77630 7 407
77732 2 47
77836 1 808
77943 1 1110
77949 3 2982
78118 1 2357
