dream dream 10173 65215343 
59 2 1451
69 1 1167
150 1 150
177 1 1508
200 1 721
214 1 66
225 1 732
227 2 2869
258 2 56657
358 2 2199
368 1 946
375 1 10166
409 1 489
410 2 328
415 5 2105
420 3 1422
427 1 907
432 1 1624
435 1 1005
464 2 2497
476 1 1866
489 1 950
515 1 1091
541 1 2599
542 1 647
556 2 3813
564 1 1452
611 1 1629
620 1 923
624 1 6440
625 1 5869
654 1 1015
674 2 1393
723 1 1018
761 3 831
767 1 403
788 1 199
799 3 845
800 1 987
861 1 1211
876 2 4565
915 1 981
922 2 1765
927 2 478
928 6 888
946 1 519
949 1 60
965 2 2365
966 2 6046
976 1 863
989 2 1444
995 1 3497
1017 2 1666
1023 1 2468
1049 2 2440
1051 1 1264
1072 2 2029
1073 2 225
1079 2 445
1165 1 629
1185 2 15836
1197 1 938
1253 1 153
1256 2 182
1265 2 475
1270 1 2273
1281 1 3123
1339 2 619
1361 1 1013
1394 1 1190
1401 1 1005
1425 1 1524
1454 2 680
1459 1 1079
1461 1 1379
1462 1 1187
1476 1 1049
1508 6 1124
1514 2 1086
1518 3 545
1523 1 330
1527 1 551
1552 2 1020
1558 1 635
1562 1 712
1584 2 1777
1597 1 3184
1606 1 190
1625 5 1302
1634 15 30082
1640 1 4776
1659 1 2425
1666 1 1519
1730 1 1157
1760 1 805
1767 11 13095
1795 1 858
1812 1 1673
1816 3 5747
1819 15 878
1820 13 740
1825 5 2370
1830 1 1777
1832 1 1266
1833 4 1154
1852 1 2619
1885 1 602
1928 3 595
1973 1 16948
1983 9 5638
2080 1 8786
2127 1 496
2161 1 1535
2163 2 2057
2165 1 1384
2169 2 1619
2173 1 1013
2192 2 5833
2216 1 2877
2232 1 1628
2233 1 1145
2235 1 1852
2238 1 789
2242 1 1275
2244 2 2544
2274 1 1188
2322 2 1431
2334 1 1337
2339 1 1043
2341 4 1394
2355 4 260
2360 1 485
2375 5 3907
2376 1 1246
2441 1 7506
2480 2 1244
2512 6 265
2525 3 1298
2530 2 727
2531 2 897
2536 1 2222
2562 1 2880
2573 2 768
2622 1 2635
2624 2 1168
2633 5 1505
2634 5 1560
2666 3 6601
2669 1 925
2680 1 1224
2691 3 1661
2708 1 1441
2730 9 1646
2733 1 1374
2761 1 588
2762 1 669
2773 1 688
2783 1 178
2808 1 654
2809 2 8131
2825 4 2998
2964 1 585
2972 7 1458
2983 1 722
2985 1 467
3004 1 731
3034 1 871
3038 4 1345
3078 1 401
3079 1 522
3080 2 411
3107 1 3008
3127 5 993
3134 1 1532
3194 6 360
3195 1 2888
3230 3 1502
3271 1 2311
3296 1 1494
3299 2 1600
3316 1 1325
3317 1 1223
3330 2 1137
3348 1 1094
3358 2 409
3362 3 435
3378 1 4137
3379 1 4900
3386 1 1245
3392 1 677
3415 1 4495
3417 1 955
3444 1 1229
3470 1 486
3485 1 1068
3486 1 4565
3487 1 736
3493 1 1047
3509 1 1454
3532 6 1830
3536 2 1404
3537 2 1641
3545 1 3041
3579 1 4684
3594 2 1229
3597 1 624
3598 1 2141
3599 4 11096
3623 2 662
3636 1 595
3639 3 3357
3647 1 491
3668 8 8976
3672 2 2946
3706 4 6639
3720 1 1051
3721 2 1585
3727 5 17097
3744 1 740
3749 1 665
3768 1 960
3770 5 270
3776 1 1777
3779 1 213
3789 1 450
3791 1 6472
3812 1 503
3827 1 326
3832 2 7941
3833 2 1551
3837 1 782
3839 2 390
3848 3 1280
3863 1 4935
3892 1 846
3893 1 1570
3915 5 1515
3922 1 4998
3930 1 1380
3938 1 1794
4004 2 2253
4015 1 1212
4016 1 4260
4019 1 1367
4027 1 518
4050 1 4772
4061 1 335
4071 1 573
4086 1 1508
4106 1 2006
4137 2 1308
4142 2 3987
4154 3 716
4171 1 2956
4178 2 3149
4189 2 1298
4218 2 552
4227 1 768
4228 1 736
4287 1 903
4313 2 748
4356 1 3544
4372 1 3440
4374 10 5584
4379 3 1474
4426 2 1533
4428 1 2072
4448 3 609
4472 1 393
4489 2 2853
4490 1 1394
4491 1 1897
4492 1 2351
4493 1 2130
4495 2 2849
4550 19 3021
4587 1 2393
4608 2 2302
4611 1 958
4615 2 3920
4625 1 1120
4640 4 3309
4652 1 121
4667 2 3501
4669 1 1245
4700 1 839
4710 3 14020
4712 1 213
4719 1 1062
4726 2 2646
4755 1 1016
4771 1 4349
4779 1 503
4782 1 6257
4787 1 1159
4795 1 737
4798 1 922
4820 1 1191
4822 1 1411
4838 2 5657
4839 1 1862
4840 1 5531
4852 4 1294
4855 2 1500
4857 1 2912
4859 1 961
4915 3 4855
4916 3 4839
4917 2 4602
4921 3 1991
4922 3 1947
4930 1 1503
4931 1 1648
4932 1 1745
4957 4 1766
4961 1 1198
5082 1 545
5110 1 4935
5134 1 183
5150 1 1030
5156 1 1087
5170 1 2743
5171 2 897
5172 2 897
5202 2 1878
5207 1 799
5218 2 1503
5222 1 1187
5226 1 1123
5238 3 1215
5240 1 547
5259 1 6380
5283 30 1128
5291 1 1187
5292 2 1284
5299 1 707
5323 1 662
5369 2 853
5393 1 1000
5400 2 1958
5405 1 2643
5414 1 667
5415 5 3073
5416 5 925
5432 1 1749
5454 2 6641
5455 5 15074
5456 1 643
5473 2 1107
5499 2 44062
5548 2 260
5560 1 528
5576 1 4592
5596 1 4949
5602 1 1056
5618 2 1234
5644 3 122
5665 3 335
5669 1 662
5856 2 732
5883 1 986
5888 1 941
5893 1 3259
5897 1 872
5911 1 1254
5913 1 2199
5914 1 1088
5941 1 593
5955 1 241
5958 1 1664
5982 9 1168
5990 2 750
6007 1 594
6009 4 1946
6011 1 3214
6015 2 3323
6034 2 530
6039 2 2773
6044 1 2681
6055 1 29
6091 2 2877
6101 7 1241
6119 1 489
6127 4 1065
6141 1 654
6151 3 6692
6182 1 6597
6305 3 2963
6336 10 3254
6337 2 3747
6341 1 549
6351 2 1596
6354 1 171
6358 1 2724
6362 1 2640
6454 1 2665
6461 2 1503
6462 1 1665
6538 1 1248
6583 17 7454
6586 4 199
6594 2 681
6602 1 729
6620 1 1074
6636 1 1118
6756 6 911
6846 1 766
6848 2 425
6851 1 90
6858 2 100
6860 1 735
6861 1 84
6865 1 269
6892 1 501
6913 1 464
6918 1 472
6931 1 434
6934 1 700
6936 1 207
6947 1 1049
6963 1 970
6964 1 1010
6965 1 977
6966 1 996
6979 1 2188
6983 1 2840
6992 1 1337
7007 1 1244
7012 1 611
7051 3 1111
7052 3 1095
7053 3 1076
7054 3 1061
7055 5 2879
7056 2 1035
7062 1 3124
7074 1 651
7077 2 1610
7144 1 1209
7179 1 920
7236 1 1589
7409 9 732
7413 2 644
7419 1 1155
7463 2 149
7469 2 156
7480 1 134
7538 1 1221
7565 1 933
7571 1 5357
7576 2 6690
7586 1 643
7599 2 530
7644 1 472
7663 4 1465
7713 2 1920
7715 1 2854
7720 2 1667
7728 4 1453
7742 1 1529
7756 1 2279
7757 1 2005
7758 1 1880
7763 1 2469
7773 2 7884
7775 2 3220
7779 4 754
7838 1 57
7840 1 58
7899 1 1265
7906 1 1860
7948 3 2839
7949 2 4128
7958 1 357
7966 3 2772
7967 1 1641
8035 2 511
8040 1 669
8079 1 294
8157 1 687
8170 1 1492
8180 2 1237
8193 2 1008
8204 2 4600
8228 2 1519
8234 1 369
8310 2 4695
8370 4 2235
8371 2 1170
8372 1 3639
8393 1 3193
8395 1 1291
8435 1 2734
8436 1 1685
8437 1 1413
8438 1 2090
8463 1 2137
8500 2 4697
8508 4 5791
8525 8 547
8559 1 4026
8568 1 552
8589 1 809
8603 1 1373
8608 1 971
8611 1 869
8630 1 989
8636 1 532
8649 7 363
8665 1 877
8696 2 1842
8697 2 2450
8698 2 2529
8702 3 2609
8721 4 956
8722 2 1681
8815 1 111
8827 1 6533
8828 1 2492
8830 1 897
8837 1 699
8865 1 305
8908 2 1392
8937 1 1958
8938 6 1527
8970 5 832
8992 2 2708
9000 1 180
9005 5 45220
9006 2 34059
9018 1 2158
9085 1 621
9115 1 1738
9121 1 1865
9125 1 931
9127 2 1122
9131 6 1076
9133 2 4066
9139 1 348
9142 1 523
9173 1 6443
9176 1 1666
9177 1 634
9204 1 3049
9224 1 850
9233 1 979
9238 1 2921
9263 1 37
9267 1 437
9290 1 1716
9306 1 1955
9317 1 2510
9373 1 421
9403 1 3133
9421 2 508
9466 1 2176
9467 2 4306
9471 1 2467
9472 1 2285
9486 1 3118
9491 7 6177
9492 2 6158
9547 1 1189
9624 1 294
9647 1 505
9659 1 10789
9660 2 3500
9663 2 2530
9672 1 559
9693 3 1467
9694 1 1329
9721 1 1652
9725 1 654
9726 1 890
9727 1 3290
9731 6 2183
9735 1 1420
9736 2 1415
9737 1 1320
9738 4 363
9742 1 91
9745 1 1624
9752 1 8096
9760 6 2142
9765 1 908
9766 4 4331
9806 1 6009
9837 4 1313
9845 1 1179
9852 1 899
9861 1 810
9918 1 536
9927 1 637
9940 1 2247
9942 1 476
9984 1 842
9996 1 2093
10050 2 585
10117 1 538
10120 1 1997
10121 1 2683
10122 1 2093
10123 1 2079
10152 2 2697
10216 1 995
10219 1 3447
10253 2 2883
10255 2 2770
10300 1 1040
10306 1 2363
10314 1 4681
10324 2 1557
10338 2 1672
10344 2 2552
10371 1 657
10376 1 1058
10397 1 655
10426 4 655
10427 2 2746
10457 1 1648
10467 46 1457
10484 1 652
10489 1 1420
10493 1 727
10501 1 1217
10547 6 1528
10575 1 3815
10628 1 1516
10639 1 293
10640 1 1072
10655 1 2947
10660 2 2397
10669 1 505
10721 1 782
10744 1 1273
10808 2 6608
10843 1 1551
10861 15 3297
10864 1 2401
10906 16 7912
10910 2 477
10920 1 941
10931 1 1408
10936 1 561
10949 3 4327
10956 2 353
10982 3 536
10999 1 1962
11010 1 343
11021 1 534
11061 1 1473
11075 3 1309
11083 1 377
11152 1 155
11185 4 426
11200 1 1703
11206 1 1491
11208 4 2507
11227 1 931
11248 1 11766
11249 3 5195
11279 1 1595
11280 8 436
11291 2 2301
11297 3 1192
11305 2 1551
11369 2 3826
11384 1 268
11385 1 563
11425 7 380
11431 2 1008
11437 2 908
11449 1 782
11469 1 1277
11492 13 7197
11502 2 586
11503 12 2514
11539 2 1285
11600 11 821
11603 1 1444
11608 1 433
11633 2 2246
11650 1 1881
11656 2 158
11675 1 1703
11683 1 1104
11744 1 415
11746 4 646
11751 2 2194
11755 1 438
11757 4 1770
11758 4 2000
11759 7 2876
11760 8 1905
11761 5 1621
11765 2 907
11856 1 1147
11932 1 133
11965 1 854
12004 1 431
12012 5 983
12014 1 416
12019 6 77
12021 2 421
12047 2 436
12052 1 392
12077 1 417
12080 5 551
12085 2 411
12090 1 382
12107 1 924
12109 2 5974
12138 1 18363
12146 1 2689
12156 2 13898
12189 4 1191
12201 1 1165
12215 1 1073
12223 3 6167
12226 1 864
12232 1 1252
12246 4 1784
12256 1 522
12257 26 3211
12274 1 684
12276 1 3077
12344 4 2265
12367 2 9446
12408 1 723
12414 3 1226
12419 13 3083
12455 8 2015
12456 9 4543
12458 2 3716
12470 1 197
12498 1 3985
12525 1 1269
12527 5 1751
12589 1 768
12612 1 1451
12627 1 4932
12629 4 2039
12638 2 6177
12653 3 1822
12655 1 4430
12673 1 6656
12683 1 1594
12692 3 5477
12693 1 5024
12694 3 787
12695 1 1648
12698 1 3392
12699 3 1939
12704 1 5255
12708 2 1605
12728 1 1561
12730 1 980
12764 1 1458
12783 2 4316
12786 2 7289
12800 1 237
12807 1 2985
12808 1 3060
12812 2 728
12814 14 46677
12818 3 3788
12825 2 890
12828 1 482
12832 2 1318
12835 1 985
12838 1 2280
12857 1 2354
12895 1 1232
12905 1 874
12921 1 1723
12933 3 645
12962 1 560
12975 2 2649
12995 2 424
13002 2 939
13004 2 2478
13006 2 800
13084 1 1445
13105 2 2565
13122 2 8864
13157 1 3217
13164 14 843
13173 2 7475
13175 1 1506
13192 1 200
13199 2 1429
13205 2 2644
13207 1 1202
13224 1 3401
13226 2 4464
13228 2 1639
13232 1 1271
13243 1 1319
13261 2 2305
13266 1 1854
13279 1 832
13296 1 633
13337 1 908
13344 1 5744
13346 1 1043
13379 6 1294
13407 1 3423
13412 3 1736
13427 10 2521
13449 1 2443
13450 1 1581
13451 1 975
13455 1 1324
13479 1 5487
13480 1 2096
13486 3 7532
13508 2 6492
13520 4 4296
13535 1 2364
13542 6 805
13548 1 6866
13598 3 1521
13600 1 1135
13618 7 28398
13619 2 1734
13631 1 122
13637 1 1271
13684 1 12301
13695 1 2748
13696 1 2538
13697 2 3718
13705 1 864
13706 1 1656
13711 2 4824
13773 4 734
13783 1 616
13795 1 709
13813 1 412
13829 1 1750
13830 1 968
13831 1 993
13832 1 1089
13848 1 1442
13849 1 1566
13873 1 691
13875 5 2890
13877 1 1054
13897 1 1292
13912 3 6746
13936 1 3277
13960 1 1096
13970 1 671
13981 1 708
13985 1 11629
14006 1 1552
14042 1 1826
14077 1 774
14080 9 51830
14086 3 236
14105 1 9306
14110 3 757
14177 1 791
14179 21 2772
14192 1 1494
14198 1 753
14199 1 853
14203 2 597
14204 3 525
14210 1 1997
14212 2 12149
14234 1 1454
14247 1 1300
14248 2 321
14249 2 318
14251 3 317
14252 1 371
14300 1 445
14336 1 297
14365 1 1356
14367 1 1792
14373 14 6743
14374 7 3433
14414 1 1128
14456 2 1069
14459 1 871
14479 1 70
14492 1 1007
14512 1 2539
14520 2 7541
14558 1 877
14581 3 830
14587 1 1029
14619 1 1446
14646 7 227
14682 1 1418
14714 1 5738
14721 1 4901
14722 4 6567
14723 1 4899
14724 3 5113
14738 2 1827
14740 1 1571
14746 1 1733
14750 1 1292
14776 2 1585
14778 1 1208
14797 1 2125
14808 1 1232
14816 1 743
14827 2 2870
14854 1 2362
14855 1 2067
14856 1 2080
14858 1 3107
14868 1 1699
14878 2 3248
14887 2 5014
14943 1 58
14953 2 62
15005 1 317
15019 2 635
15024 1 1186
15042 2 583
15049 1 2266
15061 1 904
15086 1 1140
15092 1 2742
15098 1 639
15099 1 5771
15110 1 821
15120 2 1822
15155 1 147
15197 1 546
15227 2 771
15245 2 7336
15272 2 573
15275 2 509
15278 2 799
15292 41 2070
15298 2 535
15539 1 383
15547 1 615
15564 1 1140
15585 2 458
15662 1 2550
15672 1 1879
15710 2 1672
15711 1 1636
15731 1 1798
15732 1 1772
15733 1 521
15734 1 2035
15735 1 2037
15736 1 3238
15737 1 3706
15738 1 1218
15739 1 1220
15740 1 1131
15741 1 1130
15742 1 2329
15743 1 2329
15744 1 2328
15807 1 772
15808 2 695
15810 3 4391
15811 1 1369
15813 2 1072
15814 1 1001
15828 1 450
15855 3 547
15873 1 1328
15881 16 7036
15884 4 182
15898 1 480
15914 1 843
15944 1 2753
15957 6 8025
16011 1 769
16052 2 781
16064 1 133
16090 1 807
16094 1 3553
16137 1 1657
16141 1 431
16151 1 291
16162 2 501
16178 3 4155
16221 1 1793
16229 1 2303
16238 1 11763
16257 1 6019
16258 4 7609
16260 2 4783
16262 1 440
16284 1 1751
16285 1 2520
16298 1 1534
16315 1 979
16316 2 3859
16320 2 1958
16337 1 1008
16341 1 9421
16345 1 1095
16346 1 941
16354 1 986
16359 1 486
16373 1 144
16374 1 976
16397 1 298
16403 1 2270
16431 4 95
16433 3 2178
16440 1 1049
16464 2 3565
16465 3 3291
16478 4 222
16480 1 1705
16488 1 817
16489 2 4179
16490 1 4549
16491 3 6610
16492 3 3998
16514 2 365
16543 1 444
16570 1 1285
16575 1 2548
16576 1 1066
16647 1 1287
16657 1 1834
16674 2 2131
16702 1 521
16707 7 2965
16723 1 573
16751 1 251
16765 1 1110
16774 1 1246
16793 3 1184
16797 1 2473
16810 2 2137
16824 1 743
16827 1 1151
16836 1 4094
16837 1 548
16845 9 8711
16853 1 1372
16863 1 2074
16870 1 1104
16871 1 1031
16872 1 1005
16873 3 1059
16888 1 1462
16889 1 1208
16890 1 674
16891 1 1176
16914 1 2130
16915 3 1177
16926 1 1923
16958 3 5800
16977 1 993
16986 1 1767
16993 1 1557
16994 1 2449
17002 1 968
17008 1 658
17019 1 1349
17043 2 1433
17047 2 737
17073 1 1801
17081 1 1312
17086 2 843
17108 1 2260
17111 1 1220
17121 1 6700
17135 2 650
17136 2 779
17137 1 1349
17157 3 1062
17168 6 3800
17189 2 5992
17239 1 2179
17244 1 10025
17259 1 702
17260 1 1596
17261 2 4916
17327 1 1088
17334 5 2470
17345 1 1291
17346 1 1254
17352 6 5098
17357 3 1520
17393 1 1385
17402 1 3104
17404 1 1257
17420 1 786
17424 1 2766
17439 2 1217
17442 4 3953
17449 1 1065
17458 3 10296
17473 1 897
17485 2 782
17494 1 4778
17506 1 1211
17507 1 992
17510 1 13439
17521 2 3039
17523 1 709
17526 1 654
17544 2 71
17555 8 14925
17572 1 938
17578 1 816
17589 3 12110
17591 3 3099
17655 1 1980
17672 3 4557
17682 1 1732
17683 1 2520
17684 1 2134
17713 1 245
17725 2 1561
17746 1 588
17797 1 1213
17803 2 909
17816 1 2870
17857 1 1045
17864 1 1385
17898 1 592
17901 1 1052
17904 1 6041
17908 1 643
17920 1 890
17932 1 371
17958 1 1236
17972 1 642
17996 1 1106
18004 2 5488
18032 1 3246
18038 1 3203
18083 3 608
18104 3 1218
18131 1 634
18134 1 349
18135 1 919
18146 4 5814
18157 1 116
18173 1 1152
18176 3 2271
18177 3 2271
18178 3 2270
18179 3 2271
18228 1 4817
18264 1 3866
18266 2 1904
18276 1 1341
18303 2 362
18328 1 895
18335 1 1042
18344 1 740
18367 1 1750
18390 1 1388
18453 2 845
18476 2 296
18486 1 1075
18530 1 2029
18554 1 159
18560 1 1168
18567 3 1311
18570 1 1012
18582 1 1724
18585 1 826
18605 1 243
18609 1 446
18621 1 5046
18654 1 15696
18657 1 2740
18660 1 933
18681 4 1069
18704 1 1305
18712 3 781
18714 1 406
18758 2 1142
18759 1 2997
18764 1 2816
18769 1 2940
18784 3 779
18785 1 197
18788 1 1109
18793 1 3927
18828 4 665
18837 1 930
18845 9 772
18848 1 289
18881 2 2780
18888 2 1190
18898 1 824
18933 3 6035
18939 4 1456
18946 17 1013
18965 2 20789
18966 2 7427
18967 2 13159
18968 2 2667
18975 1 878
19004 1 7776
19006 1 778
19048 1 558
19049 1 3228
19062 6 1391
19066 1 1990
19067 1 2040
19076 1 2622
19077 1 2958
19078 1 2988
19079 1 16454
19108 1 692
19131 1 3297
19135 1 966
19147 1 1210
19177 1 1161
19182 1 914
19186 7 6942
19188 1 737
19194 4 5424
19237 5 1885
19365 1 1024
19375 1 4252
19376 3 392
19384 1 5576
19385 1 2378
19394 1 1246
19495 1 3545
19497 2 311
19501 3 1047
19502 3 2113
19504 6 6279
19553 1 57
19560 2 8071
19563 1 5781
19634 4 723
19654 1 618
19660 3 1299
19664 1 4781
19670 1 1951
19680 1 5229
19681 1 10198
19694 1 737
19770 1 260
19792 6 3925
19799 1 701
19829 10 224
19842 2 2475
19869 1 2203
19870 1 1995
19886 1 1995
19889 3 7969
19896 5 4758
19899 3 6214
19904 1 1476
19906 2 1834
19909 1 1003
19910 5 1042
19913 1 2014
19929 1 1291
19932 1 1327
19946 4 1413
19974 1 1575
19978 6 754
19983 1 2232
19984 1 3052
19985 1 8977
19986 1 1620
19987 1 3502
19988 1 1164
19989 1 1297
19990 1 1486
20001 1 2461
20012 2 509
20014 1 1053
20017 1 5287
20022 1 985
20027 1 1905
20030 2 4962
20169 3 2907
20170 5 3948
20178 3 4163
20200 4 30304
20241 1 1133
20245 5 737
20258 4 1250
20259 2 1301
20263 7 3682
20267 3 1549
20268 2 1431
20304 3 735
20309 4 603
20311 2 733
20334 1 581
20354 2 959
20375 1 885
20421 4 12627
20422 4 12210
20423 4 5021
20570 1 552
20576 1 903
20608 1 258
20653 2 6960
20679 2 6821
20681 1 935
20690 1 1232
20703 1 3191
20704 1 374
20708 1 24696
20710 1 6801
20715 1 802
20718 1 1829
20722 1 1712
20762 1 1247
20793 1 928
20797 1 650
20811 1 4558
20816 1 1533
20819 1 1770
20820 2 528
20832 1 1914
20833 1 5441
20866 2 1137
20868 5 3295
20899 1 3664
20904 2 4287
20907 1 2997
20915 1 2042
20916 3 2792
20928 1 1673
20933 1 176
20937 2 3666
20949 1 1116
20972 1 2365
20981 7 4198
21006 1 1452
21022 2 189
21025 1 171
21046 1 10160
21084 1 1596
21085 1 553
21101 1 2647
21151 1 1904
21157 2 1251
21164 2 905
21180 1 1918
21188 1 1794
21192 1 703
21225 1 4913
21235 1 1070
21261 1 1730
21263 1 1339
21293 1 878
21297 1 1091
21299 3 9163
21300 2 1461
21310 3 1905
21317 1 2286
21324 1 1830
21328 1 2276
21329 4 1062
21330 1 642
21332 4 139
21342 3 1971
21343 1 810
21345 2 2751
21346 1 421
21380 1 2156
21382 1 736
21405 2 580
21430 2 3084
21453 4 196
21460 1 877
21464 2 658
21465 1 1283
21478 2 1376
21490 2 4936
21494 1 1060
21495 3 1825
21496 1 1009
21503 2 13267
21536 2 2487
21544 1 200
21557 1 543
21574 5 1373
21575 4 4680
21626 1 876
21632 1 2786
21653 2 1859
21654 10 1605
21655 1 1486
21662 1 3618
21695 1 1941
21702 1 3125
21712 1 965
21714 1 1537
21728 1 1259
21730 1 1984
21734 1 245
21753 1 1168
21758 1 2344
21765 1 1014
21768 1 2946
21770 2 4733
21771 1 1070
21807 1 1202
21812 1 1909
21814 5 4204
21828 2 678
21854 1 571
21869 1 830
21891 7 210
21897 16 2020
21920 2 903
21922 2 2981
21938 1 578
21970 1 683
21981 1 3068
21987 1 1422
21999 12 744
22017 6 2683
22019 1 247
22021 2 824
22045 1 2727
22046 1 1341
22047 1 2622
22060 2 1495
22079 2 5115
22092 4 8456
22093 5 10393
22167 1 391
22171 1 1177
22190 1 1108
22201 1 696
22216 1 13756
22397 1 1170
22450 1 867
22456 1 1938
22463 4 812
22491 1 507
22495 1 319
22497 1 297
22505 3 899
22517 10 376
22536 1 3918
22543 2 639
22547 1 5064
22552 1 185
22594 1 732
22598 1 1298
22599 2 2198
22602 1 1002
22604 1 1011
22605 2 1238
22620 4 345
22629 1 691
22773 2 871
22781 3 1147
22867 1 2220
22887 1 4212
22902 1 960
22924 1 3942
22941 16 11549
22945 12 2400
22946 12 2519
22983 2 1051
23026 2 625
23029 3 1645
23063 1 635
23064 5 7447
23139 1 1265
23141 1 1243
23142 1 1243
23143 1 1243
23155 1 124
23211 2 1665
23230 2 353
23235 1 458
23236 2 246
23247 5 423
23251 2 328
23254 1 395
23255 1 404
23256 2 442
23266 2 121
23267 5 128
23271 2 447
23283 1 4182
23285 3 481
23289 1 407
23290 1 453
23300 1 484
23302 1 407
23304 1 482
23320 3 669
23343 1 533
23378 1 973
23407 1 6338
23408 2 5715
23422 1 1581
23434 1 213
23442 1 1311
23464 16 3921
23489 3 7818
23492 1 1618
23504 1 826
23505 1 1415
23511 1 1553
23514 21 8145
23521 2 1803
23655 1 746
23669 1 2196
23671 2 7612
23675 1 1065
23695 1 1267
23697 1 5047
23699 1 865
23718 1 413
23745 1 2692
23752 1 2089
23760 2 1343
23765 2 11324
23772 3 631
23779 1 825
23795 1 1876
23798 1 176
23805 2 590
23829 6 8025
23903 4 1291
23907 2 670
23911 1 758
23990 1 340
23994 1 128
24004 1 793
24006 1 3059
24017 1 221
24027 1 74
24032 1 94
24033 1 397
24050 2 396
24052 1 414
24054 1 576
24055 1 530
24085 1 701
24088 1 1581
24095 10 3720
24096 1 3824
24097 1 3411
24119 8 14616
24155 1 778
24156 2 1837
24186 3 1580
24189 2 2072
24190 1 1650
24212 3 4006
24213 1 481
24219 2 7326
24237 1 540
24238 1 373
24267 3 1344
24268 2 1365
24269 2 1407
24272 1 3323
24278 1 651
24279 1 651
24300 1 600
24346 3 525
24364 1 953
24427 2 129
24440 1 1452
24467 1 491
24514 2 13551
24517 1 824
24537 1 742
24538 1 616
24549 1 693
24590 5 4782
24591 10 4881
24592 10 4881
24593 1 1736
24596 3 3667
24619 2 1922
24624 1 1145
24631 1 1078
24660 1 1090
24666 1 3571
24668 1 6702
24713 3 3212
24714 1 575
24729 1 2591
24731 2 1332
24735 1 2767
24736 4 818
24775 1 6446
24776 1 291
24803 1 5803
24812 3 1148
24823 2 2274
24824 2 1881
24825 1 1588
24833 1 1145
24838 1 1751
24840 2 9627
24849 1 4735
24871 1 376
24896 3 4879
24897 2 4588
24898 2 4667
24914 1 1788
24926 2 2341
24965 1 29
25029 1 746
25055 1 1036
25202 1 698
25233 1 4985
25234 1 4341
25235 1 7935
25242 1 2763
25243 1 3615
25246 1 2093
25261 1 718
25266 1 937
25282 1 1395
25290 1 1547
25292 2 654
25293 1 562
25318 1 759
25324 7 2744
25396 1 901
25397 1 869
25406 1 698
25447 1 833
25450 2 398
25458 1 246
25473 4 373
25477 1 3314
25513 1 844
25543 2 490
25546 1 3100
25547 2 3685
25560 1 1516
25563 1 596
25590 2 1824
25591 2 1824
25592 1 913
25593 1 909
25594 1 1893
25595 1 1880
25596 1 962
25597 1 967
25598 1 1060
25599 1 1300
25600 1 1299
25601 1 618
25602 1 708
25603 1 852
25605 1 2072
25610 1 372
25616 1 624
25655 1 2371
25656 1 4885
25686 1 583
25687 1 571
25714 1 1605
25715 1 2184
25718 1 3888
25731 5 952
25735 2 437
25760 6 603
25797 1 798
25832 2 1204
25836 1 232
25878 2 717
25900 1 990
25935 1 128
25952 2 729
25969 1 1852
25974 1 732
25979 1 443
25991 1 220
25999 1 416
26003 1 95
26009 2 593
26010 1 460
26029 1 484
26030 2 69
26049 2 2989
26055 1 588
26095 1 5070
26139 1 1202
26140 1 1008
26144 4 765
26147 2 924
26161 6 14248
26205 9 1479
26210 1 1293
26257 2 3709
26258 3 7349
26259 2 3718
26260 2 3718
26261 2 3710
26262 2 3711
26263 1 928
26366 1 598
26382 4 3521
26435 4 916
26443 1 719
26446 3 570
26449 1 7560
26483 1 605
26498 2 32423
26506 4 1001
26576 1 1569
26631 4 8025
26641 39 4691
26709 2 2025
26741 2 777
26742 1 982
26756 1 2627
26779 1 705
26791 1 4660
26796 1 2116
26805 1 1467
26807 1 1054
26811 3 1172
26820 2 5014
26821 2 4111
26822 2 1713
26830 1 3419
26860 1 575
26883 2 259
26885 1 47
26894 1 1026
26895 1 430
26922 1 396
26923 4 1173
26944 8 2864
26945 4 2664
26946 6 2974
26947 3 1581
26978 1 1136
26987 1 133
26998 1 153
27020 1 160
27025 1 161
27036 1 6909
27067 2 474
27101 1 151
27102 2 268
27110 1 611
27120 1 850
27125 1 1153
27135 1 1071
27173 3 3255
27174 1 2438
27191 1 2750
27204 1 1300
27209 1 800
27210 1 707
27213 1 2166
27216 1 1262
27258 13 1835
27272 3 1722
27300 1 2411
27307 1 570
27321 3 7344
27322 2 3721
27323 2 2478
27324 2 3721
27336 3 173
27425 1 2871
27430 1 1623
27431 1 2548
27456 1 1833
27485 3 1270
27520 1 3462
27522 4 2865
27531 4 1681
27537 1 952
27547 1 742
27567 2 1101
27569 1 969
27641 1 25
27657 2 651
27704 1 1010
27746 1 563
27772 1 3134
27776 1 1500
27777 1 2817
27778 1 1834
27779 1 4121
27812 2 3494
27838 1 2876
27841 1 1689
27851 1 5844
27852 1 5540
27853 1 3446
27861 1 1009
27862 1 8511
27866 1 4412
27867 1 1485
27868 1 2792
27877 1 894
27883 3 4980
27961 1 54
27964 2 534
27977 1 548
27990 1 1190
28007 1 257
28044 6 1015
28061 1 1621
28075 1 2788
28078 3 919
28094 6 2585
28098 1 10589
28103 1 5130
28113 1 229
28118 1 818
28121 1 981
28124 1 1275
28138 2 261
28184 1 317
28192 1 2315
28196 1 954
28234 1 1181
28261 1 11790
28271 1 1650
28272 1 1115
28280 5 2119
28288 1 349
28292 1 796
28299 4 772
28326 1 761
28332 1 224
28413 1 1726
28419 2 3437
28451 1 814
28454 2 5320
28457 1 5857
28458 1 5864
28459 1 5561
28460 1 5545
28463 1 1008
28464 1 1082
28465 1 1008
28467 1 8583
28468 1 8583
28469 1 8615
28472 2 3173
28473 1 1706
28491 2 4917
28635 1 303
28655 2 1313
28657 1 320
28675 3 1685
28686 1 1805
28730 1 1156
28752 1 334
28802 3 952
28803 1 805
28816 2 2084
28822 1 2051
28832 1 853
28838 1 3316
28853 2 1174
28857 2 423
28873 2 750
28880 1 678
28919 1 1463
28921 3 1799
28926 1 322
28951 1 4581
28952 1 980
28958 2 739
29068 1 308
29069 4 402
29070 1 1087
29071 1 748
29108 1 1272
29142 1 1126
29182 1 839
29183 4 929
29187 2 908
29287 2 1288
29299 1 1683
29301 2 485
29333 1 512
29346 1 5736
29356 1 857
29357 1 856
29358 1 875
29360 1 886
29363 1 885
29364 2 859
29376 1 736
29379 1 653
29385 1 3769
29399 1 1118
29413 1 630
29433 1 1359
29453 1 370
29496 1 2933
29517 3 203
29523 1 10213
29565 1 447
29572 1 2781
29593 1 1567
29616 1 1832
29619 1 1879
29625 1 10200
29628 1 3312
29631 1 1819
29648 1 8110
29653 2 814
29654 2 374
29655 1 158
29656 1 157
29657 1 157
29658 1 157
29659 1 163
29660 1 163
29661 1 156
29662 1 157
29663 1 158
29664 1 157
29665 1 157
29666 1 154
29667 2 752
29668 2 664
29669 1 447
29670 1 1640
29671 1 1645
29672 1 1641
29673 1 908
29674 1 501
29675 1 963
29676 1 943
29677 1 1300
29678 1 1181
29679 1 1182
29680 1 917
29681 1 2182
29682 1 2183
29683 1 619
29684 1 1867
29685 1 853
29686 1 854
29687 2 2532
29688 2 2530
29689 1 852
29690 1 2211
29691 1 2211
29699 3 462
29713 1 702
29714 1 623
29724 2 803
29727 1 1628
29784 1 951
29802 1 4831
29817 4 2179
29825 1 3891
29836 1 538
29837 1 902
29843 1 921
29851 2 1758
29853 1 1120
29858 1 1047
29875 2 2653
29877 2 2973
29878 1 1144
29892 1 947
29910 1 5908
29911 4 257
29927 1 601
29963 2 1129
29968 1 1029
29976 1 1058
30077 2 3556
30110 1 1249
30137 3 5022
30180 1 993
30207 2 836
30218 2 383
30221 1 318
30232 1 299
30235 1 369
30239 1 402
30272 2 2352
30300 2 6017
30301 15 1460
30307 5 3452
30329 2 1008
30359 1 969
30371 1 67
30377 1 674
30381 1 490
30404 1 1125
30437 1 1564
30516 1 781
30519 2 5484
30534 1 695
30547 1 1086
30579 4 1096
30584 1 678
30595 1 1820
30605 2 1929
30606 1 2666
30636 1 1957
30638 2 1053
30639 2 8117
30642 1 3081
30661 1 2882
30695 2 1342
30738 1 1986
30747 1 4167
30766 1 800
30833 1 1063
30842 1 2081
30848 1 1294
30867 1 1554
30868 1 2055
30877 1 1541
30878 2 1359
30882 1 395
30884 1 576
30885 1 660
30907 1 291
30994 1 143
30998 1 535
31012 1 525
31033 1 79
31058 2 3446
31078 1 895
31081 1 545
31087 1 951
31094 2 7803
31107 1 547
31126 1 193
31143 1 529
31144 1 918
31146 1 1006
31152 1 419
31242 1 867
31244 2 603
31260 2 711
31262 34 1180
31267 1 7536
31272 1 586
31289 2 1482
31311 1 3229
31322 1 1237
31327 5 3711
31354 2 394
31391 1 2998
31406 1 3326
31435 1 1144
31438 1 1279
31454 1 556
31465 10 1141
31491 1 549
31495 1 586
31508 1 3777
31514 1 617
31522 1 1047
31546 2 3809
31555 2 1195
31560 2 2403
31567 1 259
31588 1 1119
31607 1 1667
31611 2 741
31644 1 1272
31647 1 1002
31660 1 833
31689 2 2682
31692 1 1527
31693 1 3857
31723 1 9877
31751 1 1084
31752 1 543
31755 1 1317
31757 1 786
31763 1 2057
31777 1 773
31787 1 764
31835 4 2763
31843 3 1841
31850 4 597
31859 30 1265
31868 4 1596
31871 1 291
31920 1 487
31927 2 1875
31931 1 1507
31954 2 2261
31957 1 1455
31974 1 846
31998 1 698
32022 1 463
32025 1 254
32030 1 812
32125 1 1327
32171 1 914
32200 1 968
32208 1 2672
32209 1 845
32215 34 1305
32219 1 908
32220 1 839
32225 1 397
32242 2 1349
32248 2 886
32270 3 1127
32292 1 3278
32311 1 539
32314 4 2456
32319 2 598
32329 1 5073
32345 1 1361
32376 1 3793
32386 1 2500
32398 1 1410
32399 2 1839
32415 1 804
32483 1 1282
32487 1 1186
32492 1 692
32561 1 832
32660 4 214
32661 4 244
32682 16 636
32685 1 415
32686 1 553
32743 2 1903
32774 1 814
32779 2 360
32822 1 2367
32881 1 996
32898 1 1475
32911 2 905
32960 1 1227
32964 1 339
32966 1 1131
32975 5 2044
32992 1 835
33003 1 409
33030 2 63
33038 4 419
33043 1 146
33048 4 555
33060 1 676
33071 1 466
33072 1 829
33080 1 2203
33082 1 997
33113 1 813
33114 1 955
33115 1 978
33116 1 927
33117 1 925
33118 1 971
33119 1 988
33120 1 978
33121 1 751
33137 1 546
33145 1 1201
33150 1 2622
33151 1 2303
33161 1 1338
33168 1 810
33190 2 1142
33215 1 1134
33221 1 724
33227 1 221
33268 30 3327
33271 2 1800
33279 3 1074
33285 5 3524
33292 2 813
33294 2 1429
33322 1 332
33323 1 332
33329 1 2558
33333 4 6676
33334 2 2979
33338 1 186
33372 1 1921
33403 1 5506
33429 7 413
33433 3 744
33445 1 732
33454 1 143
33470 2 1076
33501 3 1328
33514 1 782
33516 19 1170
33536 2 452
33544 4 2303
33554 1 180
33558 1 362
33570 1 660
33586 1 2998
33589 1 965
33590 2 3769
33610 1 1314
33613 1 697
33641 1 2126
33645 5 1102
33662 1 1270
33675 1 2486
33689 1 2181
33692 1 738
33695 3 3294
33703 1 18894
33731 1 247
33779 3 1792
33786 1 3235
33797 1 1450
33816 1 651
33817 1 651
33818 1 655
33825 1 1053
33832 1 1015
33853 1 1271
33875 1 726
33876 2 1623
33899 1 661
33914 1 630
33922 1 815
33925 1 684
33936 1 1150
33937 1 14231
33942 1 1795
33976 1 978
33996 57 4294
33997 1 341
34037 2 3652
34039 2 23394
34044 3 800
34046 1 3718
34067 3 1675
34085 6 4021
34118 1 2699
34123 1 520
34141 4 1487
34179 2 1686
34191 1 1190
34192 1 1198
34222 4 3470
34250 1 1738
34282 1 991
34287 1 2048
34289 1 2981
34291 1 1443
34307 2 1047
34308 1 581
34315 2 574
34317 1 360
34325 2 638
34329 1 676
34342 3 5941
34394 2 8616
34419 2 509
34445 2 2643
34449 2 3565
34479 1 1119
34480 1 2110
34489 1 1568
34498 1 817
34502 1 586
34505 1 3691
34534 1 1101
34553 1 1919
34554 1 1390
34555 1 1364
34556 1 2148
34583 2 4980
34638 1 574
34645 1 1526
34665 4 1365
34699 1 381
34744 1 1120
34759 2 985
34776 2 2068
34777 1 802
34781 1 4211
34795 5 4142
34806 1 819
34813 1 2197
34871 1 647
34899 2 554
34901 1 18201
34909 2 563
34956 1 818
34960 4 2476
34981 1 543
34990 29 5418
35020 1 1589
35046 1 1032
35053 1 773
35055 1 1150
35060 1 32
35064 1 1243
35065 1 1243
35066 1 1243
35067 2 1233
35069 2 3840
35148 6 1369
35151 1 4287
35162 1 1127
35173 10 406
35184 1 774
35191 3 374
35196 1 106
35200 3 236
35206 1 776
35211 1 273
35261 1 465
35269 1 533
35275 1 424
35282 2 407
35299 1 473
35300 2 466
35306 1 913
35314 2 237
35325 1 1767
35336 11 1307
35345 1 1795
35361 1 451
35370 1 1313
35372 1 1115
35387 2 4967
35393 1 970
35395 1 1776
35398 1 4556
35415 1 1578
35424 1 550
35427 4 12574
35428 4 12657
35441 1 1097
35456 1 2136
35475 1 12761
35494 1 253
35498 1 268
35516 2 503
35524 3 2484
35534 1 2007
35545 1 422
35548 1 1681
35559 2 2826
35567 1 654
35602 1 651
35606 1 1070
35658 1 276
35683 5 1542
35704 1 926
35716 1 435
35724 17 2406
35753 2 3277
35760 1 5014
35761 2 995
35764 4 1421
35773 1 1187
35774 1 3657
35790 1 1499
35799 1 2340
35801 1 585
35835 1 1430
35840 1 5256
35841 2 958
35859 1 876
35861 2 10960
35892 1 668
35895 1 1498
35898 1 726
35909 4 3424
35929 1 1123
35936 5 2025
35943 1 583
35959 1 1220
35980 1 397
35982 12 1258
35989 3 5185
36015 8 260
36017 1 721
36028 1 1853
36035 11 695
36036 1 746
36038 1 1018
36060 1 1765
36091 1 2113
36100 1 3371
36109 1 12698
36135 14 1001
36137 1 2930
36143 3 589
36152 7 482
36171 2 1022
36191 1 172
36217 1 924
36226 1 752
36233 1 213
36246 1 2302
36254 2 2032
36263 1 1184
36264 1 1039
36291 2 4374
36292 2 3895
36293 2 3644
36294 2 3160
36301 1 459
36306 2 2219
36313 1 1437
36330 1 1117
36333 1 1086
36334 3 1139
36342 1 1083
36343 2 1778
36358 2 1651
36359 1 1665
36364 1 2554
36372 2 1404
36380 1 926
36385 1 928
36414 1 3031
36415 2 4207
36416 1 1685
36417 4 2136
36425 1 435
36433 1 940
36455 1 2503
36483 2 1115
36491 49 1190
36531 2 405
36566 1 773
36590 1 5680
36591 4 766
36599 1 542
36600 1 1304
36604 2 1035
36636 2 519
36645 2 405
36648 1 199
36656 3 863
36681 1 2010
36689 1 1112
36705 1 487
36708 2 780
36716 1 1024
36717 1 1007
36731 1 885
36759 1 468
36771 2 723
36797 2 6365
36801 1 2127
36812 2 1385
36823 2 1482
36825 1 894
36859 2 1147
36873 2 4539
36876 1 1168
36877 1 272
36884 2 1553
36895 2 891
36909 1 832
36916 2 2783
36929 1 293
36945 2 21910
36946 1 651
36948 1 332
36949 1 332
36951 1 446
36956 10 4551
36991 1 430
37018 1 653
37040 1 2087
37050 3 543
37051 3 741
37058 1 460
37072 1 2165
37075 1 595
37101 1 894
37111 1 873
37124 1 815
37128 2 1079
37129 1 1098
37177 6 10680
37192 2 921
37197 3 3237
37201 2 616
37214 1 528
37228 1 4061
37251 2 176
37310 1 7113
37323 3 7159
37324 2 5244
37325 2 5474
37353 1 496
37362 1 1647
37369 1 5846
37374 1 929
37382 1 3256
37384 5 1980
37387 1 850
37391 7 767
37392 3 1220
37423 1 13622
37425 1 4184
37427 3 7481
37436 7 9722
37446 1 948
37454 1 8351
37461 1 656
37502 1 1948
37510 3 238
37514 1 866
37515 4 599
37539 1 409
37567 2 2983
37579 1 4434
37602 1 1078
37616 1 8646
37627 1 1191
37649 1 1913
37650 1 2418
37672 4 1421
37683 2 1248
37707 6 761
37712 1 8990
37713 1 1369
37714 2 2598
37715 1 1489
37723 1 2373
37738 1 991
37739 1 3012
37747 2 4991
37815 1 53
37830 1 484
37855 1 377
37858 1 698
37860 1 675
37892 2 5282
37932 1 17484
37959 1 3028
37986 3 3131
38005 1 3590
38010 1 165
38019 1 1935
38020 1 688
38025 1 2248
38026 1 732
38027 2 1907
38073 1 1947
38074 1 1582
38101 1 2682
38102 1 939
38108 1 1022
38128 2 689
38153 1 1194
38157 2 3920
38162 16 7201
38186 2 1792
38189 4 3745
38191 1 552
38195 1 2948
38209 1 807
38233 1 905
38250 1 277
38251 1 523
38264 2 683
38265 1 80
38267 1 892
38282 1 289
38317 1 1215
38318 1 1214
38320 1 422
38343 2 986
38363 1 956
38371 1 172
38375 1 1735
38381 1 981
38389 3 531
38397 1 744
38413 1 6145
38414 1 1768
38418 1 1491
38435 1 1582
38447 1 2944
38448 1 6071
38476 1 1139
38489 1 719
38502 10 1471
38586 7 3019
38590 2 753
38614 1 855
38623 1 1018
38627 1 1433
38638 1 617
38642 1 1372
38668 4 449
38673 1 651
38695 1 175
38709 1 1586
38711 1 2289
38712 3 9962
38770 1 933
38773 2 1344
38780 2 918
38799 1 1503
38808 1 2666
38838 1 1464
38843 1 1325
38856 2 466
38867 1 710
38905 2 1096
38910 1 7766
38916 1 6621
38958 1 1370
38976 2 3085
38986 3 1668
39001 1 4864
39014 1 615
39108 2 485
39116 1 1277
39151 1 1763
39167 1 1736
39193 1 3626
39240 3 1187
39241 1 7079
39251 1 2258
39289 1 818
39295 1 660
39301 1 12335
39312 2 1335
39313 1 2054
39314 1 1784
39320 1 906
39329 2 32477
39401 4 3431
39417 1 622
39467 1 976
39497 1 5496
39501 1 2201
39523 5 852
39570 1 1301
39588 2 6063
39593 1 239
39654 1 776
39690 1 2140
39691 1 179
39692 1 1262
39695 1 3613
39700 1 1391
39707 2 818
39712 2 1190
39714 1 509
39771 1 1285
39773 4 1598
39802 1 1853
39825 2 519
39841 6 507
39876 2 459
39885 1 197
39897 1 516
39901 1 420
39904 1 442
39917 1 932
39941 1 545
39959 1 969
39978 1 30166
39987 2 1329
39993 4 6188
39998 3 1097
40001 1 1577
40007 1 1943
40022 1 2312
40056 6 2607
40059 1 938
40070 2 1450
40093 2 4751
40097 1 541
40113 1 2948
40131 1 5534
40143 2 576
40158 1 295
40167 11 1108
40168 8 919
40176 1 1287
40198 2 5290
40238 1 1053
40241 1 651
40253 2 3705
40254 2 2478
40255 2 3713
40256 2 1952
40257 2 3718
40261 1 1349
40320 6 7910
40353 1 652
40373 1 953
40401 5 2725
40409 1 787
40412 1 2785
40438 1 4462
40443 1 1853
40444 7 1611
40446 2 1492
40447 1 3358
40448 2 3806
40506 1 1973
40521 1 1004
40530 6 1636
40534 2 4269
40540 1 815
40550 1 3684
40556 1 233
40557 1 979
40563 2 790
40567 4 875
40579 1 4144
40595 1 1611
40596 1 337
40630 7 5684
40637 2 7547
40640 3 1436
40681 1 420
40685 1 2772
40695 1 8337
40696 1 6423
40758 12 1107
40771 1 1289
40777 1 542
40810 1 741
40814 1 598
40829 31 3054
40900 2 3388
40922 1 697
40959 2 5445
40962 1 1247
40971 1 1457
40977 1 4178
40978 3 1189
40984 1 635
41015 4 296
41044 2 430
41058 2 13
41070 1 1462
41073 1 631
41080 2 1531
41082 1 498
41086 2 1327
41088 1 1045
41103 2 2097
41114 2 2690
41118 3 2966
41123 1 2499
41144 1 486
41160 2 907
41172 2 1797
41184 13 7879
41188 4 564
41192 1 1154
41235 1 2506
41249 2 1422
41268 1 629
41276 1 901
41288 1 572
41313 1 189
41328 1 3986
41353 1 619
41424 1 924
41427 2 4567
41430 1 1189
41440 1 1243
41441 1 1243
41442 1 1243
41443 1 1243
41444 1 1243
41445 1 1243
41446 1 1243
41481 2 178
41495 1 147
41551 1 549
41566 4 94
41582 5 184
41586 1 426
41588 2 227
41589 2 403
41591 2 417
41594 2 268
41597 1 680
41600 1 570
41602 1 657
41612 4 575
41623 1 335
41630 2 473
41633 2 493
41637 2 527
41638 1 342
41644 2 527
41649 1 134
41655 1 442
41672 2 1500
41674 1 4187
41698 1 3701
41708 1 699
41738 1 1731
41756 1 439
41778 1 1214
41786 2 1169
41801 1 280
41818 1 3884
41824 1 848
41833 1 606
41837 3 1734
41851 5 1458
41866 2 1666
41888 4 1197
41893 1 345
41907 1 651
41913 1 123
41931 3 186
41935 1 1302
41936 1 2170
41940 1 2265
41993 1 988
42016 1 866
42025 1 9933
42051 1 2366
42053 3 3174
42055 1 1020
42060 3 1283
42075 1 1237
42085 3 6194
42086 1 754
42087 1 640
42114 2 5169
42126 1 1066
42129 1 4735
42135 1 5733
42137 1 537
42148 1 3966
42150 1 2706
42156 1 844
42173 2 1570
42220 1 1241
42222 2 1163
42230 1 943
42261 3 6604
42264 1 748
42284 1 1827
42297 3 1946
42299 1 1013
42308 9 904
42311 1 297
42312 3 2174
42326 1 948
42336 7 305
42345 2 323
42347 1 848
42362 2 10503
42369 1 791
42370 1 541
42374 1 1702
42381 1 1364
42391 7 608
42392 2 880
42500 1 393
42512 1 1226
42526 7 189
42532 1 892
42541 1 901
42550 1 2066
42562 2 1134
42580 2 8665
42581 2 2953
42582 2 1649
42627 2 1127
42629 3 3606
42645 2 2530
42648 1 4779
42673 1 1898
42674 1 549
42750 1 633
42764 1 1569
42767 1 8035
42840 1 870
42846 1 1285
42855 1 3481
42912 1 1943
42914 1 1101
42928 1 2793
42952 1 525
42959 1 5863
42960 17 7453
42964 4 322
42965 2 569
42966 9 1895
42991 1 553
43020 1 2004
43022 1 798
43027 1 1898
43040 1 1072
43044 1 1869
43046 1 1122
43094 1 761
43101 4 933
43102 1 764
43131 17 718
43150 2 9162
43184 1 979
43188 1 689
43229 6 8025
43256 1 205
43313 4 2168
43314 1 458
43331 1 1364
43337 1 884
43359 1 409
43370 1 391
43377 2 511
43385 2 514
43395 1 525
43398 1 425
43408 1 485
43410 1 215
43438 1 2070
43448 8 5826
43461 4 828
43477 4 22611
43487 6 680
43496 2 2079
43497 1 1986
43507 1 1101
43508 1 1409
43548 1 730
43571 2 1045
43599 1 486
43615 1 1591
43616 1 1304
43617 1 331
43620 1 1150
43673 2 1826
43675 1 685
43681 1 651
43764 1 9601
43794 1 733
43796 1 5679
43804 5 3750
43823 1 1325
43830 2 948
43832 1 1187
43837 1 3115
43843 1 878
43844 1 2408
43847 1 671
43909 3 1568
43913 3 1273
43935 1 3104
43962 2 891
44006 1 455
44008 1 787
44016 1 981
44026 2 833
44028 1 1537
44044 1 339
44049 1 721
44050 5 4928
44057 1 3001
44105 2 2359
44115 2 4306
44119 1 999
44130 2 6601
44145 1 1893
44210 1 1542
44222 3 636
44229 3 615
44286 6 5425
44299 1 959
44313 1 103
44324 1 1220
44333 1 2947
44370 13 4236
44372 1 5509
44391 1 1590
44414 1 777
44418 1 682
44442 1 1179
44461 1 1688
44467 1 980
44471 2 686
44478 1 1098
44496 2 1260
44503 1 665
44511 1 352
44512 1 443
44544 5 1123
44558 1 33
44582 1 1156
44707 1 6048
44728 3 1580
44751 3 774
44761 1 2510
44768 1 2523
44770 3 725
44778 2 282
44788 1 1806
44791 1 1689
44821 1 536
44829 4 501
44874 5 3594
44885 1 2410
44902 1 881
44916 1 964
44974 1 1254
45080 1 749
45096 1 6217
45188 1 31
45189 2 6148
45208 11 1331
45212 1 555
45223 1 548
45232 1 1922
45234 1 1222
45246 1 2149
45261 13 7633
45262 1 6033
45270 2 383
45271 2 463
45296 2 813
45301 1 485
45336 1 1599
45338 1 1097
45346 1 509
45358 1 463
45378 2 845
45408 1 678
45439 1 499
45456 2 1098
45461 1 892
45468 1 357
45503 1 516
45508 2 562
45524 1 309
45546 1 197
45581 6 8025
45622 2 1477
45646 1 147
45681 1 2190
45690 1 374
45713 1 545
45719 1 404
45744 1 414
45750 1 80
45757 1 358
45760 1 342
45761 1 399
45776 1 36
45780 1 152
45787 2 557
45797 1 420
45801 1 457
45805 1 507
45816 1 899
45819 1 1265
45820 1 1773
45842 1 485
45859 2 21421
45871 1 789
45872 1 779
45880 1 2642
45917 1 438
45924 10 1296
45931 1 891
45935 2 4684
45938 1 1759
45940 1 492
45971 1 1186
45972 1 1715
45978 3 2264
45981 1 1001
45982 1 346
45999 1 1220
46046 1 3634
46059 2 199
46065 1 211
46079 1 1905
46133 2 1219
46172 1 1337
46176 1 1459
46177 1 1207
46212 1 1331
46277 1 4798
46285 1 713
46286 2 1012
46298 8 3741
46300 2 1443
46314 2 562
46331 4 4197
46332 2 126
46357 1 1238
46378 1 6175
46386 1 750
46388 12 81863
46441 1 765
46455 1 1168
46458 1 378
46475 1 939
46484 1 573
46509 1 2154
46515 1 757
46520 1 538
46544 2 2693
46549 1 120
46618 1 471
46639 1 4091
46645 1 293
46646 1 1436
46648 1 1047
46657 2 812
46684 1 2323
46732 1 961
46735 3 1806
46739 1 1076
46744 1 1837
46749 2 6951
46777 1 3791
46794 1 1731
46803 1 1295
46811 1 2035
46812 2 3767
46813 1 1367
46814 1 2350
46821 1 1634
46830 1 501
46837 1 2432
46891 1 5171
46913 1 1961
46921 1 854
46932 1 957
46939 1 2178
46983 1 4196
46984 2 764
46988 1 1340
47039 2 2061
47057 1 997
47062 2 830
47077 3 1528
47086 1 935
47095 1 6494
47122 2 512
47123 6 1101
47125 2 781
47130 1 1232
47133 1 1102
47137 1 1329
47139 3 6464
47157 2 1234
47161 1 1358
47215 2 1630
47218 1 385
47223 1 696
47261 1 657
47284 2 781
47306 1 442
47308 1 1139
47382 1 6307
47420 1 1161
47440 1 1137
47453 1 504
47459 2 8496
47460 2 1813
47461 2 1226
47474 14 5150
47481 2 1797
47491 1 2517
47507 2 2065
47521 6 163
47527 2 155
47543 1 2250
47547 1 1528
47607 1 436
47649 1 3343
47658 1 513
47674 7 654
47693 2 1054
47747 2 757
47748 13 6961
47749 17 7411
47752 2 223
47754 9 2467
47769 1 493
47780 1 5199
47802 1 1203
47808 2 572
47816 1 566
47838 1 4457
47851 1 388
47863 2 1267
47880 1 571
47898 1 1891
47925 1 1584
48046 7 1325
48068 2 491
48078 1 11919
48083 1 876
48098 1 1123
48124 3 1276
48125 1 1715
48132 1 1373
48178 1 312
48195 6 131
48220 1 1146
48221 1 2217
48232 1 847
48247 2 2933
48269 7 11120
48271 1 1700
48273 2 1388
48281 1 702
48287 1 2481
48310 1 592
48312 10 1292
48315 5 2681
48336 1 1132
48338 1 2760
48352 2 572
48362 5 5057
48366 2 1222
48367 1 1869
48468 1 1002
48469 1 2316
48475 22 4416
48478 3 1058
48503 2 559
48548 2 289
48577 3 940
48595 1 1795
48599 1 2082
48602 1 421
48605 1 288
48632 1 3473
48673 4 6093
48689 2 4283
48698 1 5259
48733 4 652
48736 2 1159
48747 1 1809
48751 1 1441
48789 1 2728
48818 1 3023
48831 1 654
48837 1 492
48853 1 287
48863 1 749
48871 1 1061
48907 2 1902
48910 1 1372
48921 1 2787
48942 3 325
48944 1 507
48967 1 1372
49000 3 3581
49005 1 2273
49015 1 2835
49026 3 1774
49028 1 1058
49052 1 3420
49058 1 1664
49060 1 536
49079 1 1864
49105 3 2283
49106 1 2247
49119 1 1455
49140 1 1377
49141 1 1639
49175 1 9938
49177 1 590
49221 1 1018
49232 1 5655
49252 2 971
49323 2 5236
49325 1 1700
49326 1 1671
49332 2 1151
49355 1 1068
49356 1 1233
49359 1 191
49366 2 5125
49375 13 11530
49376 1 5243
49391 1 2970
49446 1 700
49451 1 183
49455 2 2601
49490 1 834
49503 1 652
49522 4 6160
49529 2 2335
49531 1 692
49536 1 598
49544 1 490
49547 1 182
49600 1 1153
49601 1 978
49641 1 660
49662 3 2884
49698 1 1736
49714 8 1703
49731 5 975
49732 3 796
49736 1 660
49753 1 1126
49754 1 1006
49760 1 468
49777 1 853
49793 7 223
49798 1 852
49842 1 2475
49850 1 950
49880 1 865
49885 1 1429
49897 1 901
49905 2 2350
49922 1 1533
49938 1 1229
49963 1 364
49977 1 691
49988 1 2850
49989 1 1751
49990 1 3509
49991 1 1914
50025 1 5763
50040 2 6696
50044 1 999
50121 1 2247
50128 1 1038
50142 1 2652
50186 1 5705
50188 2 1166
50192 2 1934
50200 1 1454
50201 1 1131
50202 1 1056
50203 1 980
50208 1 795
50212 1 1522
50224 1 612
50228 2 701
50236 1 1937
50240 2 968
50253 1 682
50261 1 649
50269 2 1701
50298 1 1458
50317 7 2395
50322 1 337
50339 1 1054
50367 1 1807
50371 1 1728
50385 1 413
50390 1 803
50391 1 703
50427 1 702
50445 3 2439
50452 1 1778
50459 1 1672
50490 1 530
50492 19 3702
50497 1 13268
50504 1 2431
50534 3 980
50542 1 2306
50584 2 781
50597 2 2594
50609 1 503
50640 1 2066
50724 1 2101
50747 1 1378
50750 1 828
50755 1 3965
50777 1 1369
50786 1 1972
50825 3 592
50855 1 3129
50865 1 1252
50870 1 908
50874 2 545
50880 1 487
50881 2 4909
50917 2 5455
50934 1 433
50956 1 769
50994 1 1421
51001 5 1402
51006 1 2540
51007 1 632
51027 5 2454
51043 2 1273
51045 1 1182
51061 1 595
51066 1 2595
51121 2 1534
51167 2 1503
51177 2 2704
51206 4 3478
51224 1 1011
51228 1 1596
51232 1 1471
51259 1 586
51295 3 5729
51348 1 640
51366 1 996
51402 2 383
51412 1 1567
51494 1 905
51505 1 458
51516 1 4186
51523 1 1944
51557 1 319
51585 1 3964
51588 1 1269
51589 1 521
51608 19 1170
51609 19 1170
51610 19 1170
51619 2 697
51645 1 221
51674 1 1066
51684 1 959
51685 1 961
51686 1 1005
51687 1 996
51764 2 2864
51781 1 138
51796 1 1282
51797 1 962
51820 10 363
51827 3 2148
51884 1 651
51935 1 781
51972 1 1385
51978 3 8282
51979 5 6703
51984 1 825
51994 4 9298
52006 2 2497
52019 1 1451
52020 1 5271
52071 1 2204
52091 2 680
52100 1 2791
52105 1 1953
52145 1 1011
52149 1 1612
52156 4 522
52162 1 1594
52200 1 879
52212 1 782
52213 1 3751
52228 1 3809
52271 4 8131
52284 10 1780
52309 4 630
52322 1 249
52338 2 2169
52353 1 25
52355 2 297
52374 7 237
52390 3 708
52395 1 1520
52406 1 4365
52409 1 1665
52415 8 2114
52442 2 1703
52449 1 3942
52450 2 1698
52457 1 4403
52485 1 1304
52486 1 2426
52487 1 1464
52493 1 2748
52548 1 1684
52561 3 52057
52616 1 3287
52622 1 538
52631 4 4596
52638 1 1649
52649 2 832
52680 1 383
52690 1 1737
52792 1 1466
52800 2 1046
52801 1 1168
52804 6 4622
52848 2 170
52853 4 404
52856 1 233
52865 1 82
52881 1 432
52893 2 85
52895 2 181
52897 3 1089
52901 1 225
52904 3 100
52922 1 401
52924 2 605
53023 1 6088
53038 1 2169
53091 1 1258
53097 1 642
53101 2 1846
53138 2 1947
53139 2 3527
53149 1 188
53158 1 9225
53163 2 822
53206 1 987
53222 1 1412
53230 1 1357
53242 1 4792
53243 2 3386
53244 2 2636
53342 1 3109
53373 2 801
53387 1 178
53394 1 801
53398 1 1658
53402 1 3120
53424 8 5193
53430 7 48057
53432 3 1524
53459 1 1126
53480 1 394
53509 1 1285
53552 1 1304
53553 2 808
53558 7 5589
53624 2 512
53636 1 406
53702 1 194
53708 1 2017
53712 1 539
53715 3 726
53725 1 951
53744 3 788
53753 1 667
53766 2 1364
53773 1 1265
53776 2 2483
53777 2 3202
53778 2 4519
53836 1 1441
53837 3 3485
53843 6 1483
53868 4 1390
53908 1 1337
53909 1 2366
53910 1 1481
53914 1 1079
53923 1 2605
53931 1 1369
54092 1 685
54094 2 3257
54095 1 1451
54123 1 2152
54129 2 588
54137 2 510
54138 1 2492
54146 2 782
54155 1 274
54160 2 1691
54163 1 685
54179 1 626
54188 1 475
54219 1 1337
54222 2 1066
54226 1 1236
54234 1 1457
54247 7 881
54301 1 239
54313 1 316
54314 1 2046
54326 1 3836
54332 1 2659
54355 3 10248
54388 1 602
54392 2 584
54399 3 5059
54438 1 277
54450 1 576
54466 1 351
54485 15 4555
54486 1 308
54501 1 622
54502 2 2792
54521 1 1605
54523 2 1390
54525 2 1307
54527 1 1295
54541 15 597
54558 2 1040
54566 3 8702
54629 1 894
54653 2 168
54659 4 5192
54674 1 1298
54682 1 1173
54683 1 1304
54865 2 532
54866 1 301
54908 1 1710
54912 1 1275
54928 1 700
54932 1 546
54934 1 438
54954 1 1029
54966 1 6126
54994 1 988
54998 1 1411
55002 11 802
55011 1 622
55037 1 625
55065 1 3081
55067 1 3184
55072 1 3317
55076 1 2410
55077 1 2410
55080 1 613
55100 1 868
55106 3 712
55126 2 3321
55148 1 975
55164 1 1267
55305 1 1290
55308 1 905
55310 2 2287
55323 1 648
55325 1 657
55327 1 6079
55335 2 1116
55411 4 830
55443 1 1365
55517 1 1625
55536 13 49965
55537 13 7693
55538 16 7491
55542 2 292
55543 2 405
55575 2 758
55585 1 660
55589 1 716
55600 1 519
55607 2 9422
55608 1 4052
55621 1 933
55628 1 2339
55664 1 811
55742 1 1027
55759 1 800
55907 1 1063
55913 1 1188
55916 3 1109
55919 5 3288
55983 4 125
56001 1 166
56019 18 2130
56032 1 668
56045 1 1527
56052 1 211
56058 4 532
56062 2 738
56063 1 207
56069 2 413
56073 1 555
56082 1 299
56088 3 84
56092 2 550
56093 2 218
56126 1 217
56131 2 421
56144 1 458
56175 3 8425
56183 1 1942
56191 1 2260
56194 2 1968
56212 1 4266
56215 1 1081
56223 1 5116
56248 1 766
56265 1 1324
56273 1 2200
56276 9 1882
56285 1 1032
56396 1 1024
56400 1 2072
56401 2 1327
56422 1 1132
56423 1 1323
56446 1 1314
56456 1 954
56476 1 1966
56500 1 2556
56506 2 932
56507 1 1042
56524 1 4137
56530 1 553
56531 4 577
56563 8 1501
56566 1 721
56622 1 810
56640 6 259
56647 1 418
56648 1 471
56686 1 542
56687 2 2943
56695 1 1426
56747 1 415
56771 7 2565
56782 1 788
56801 1 5727
56803 2 740
56821 1 6607
56827 1 3050
56854 1 965
56873 3 962
56875 1 1032
56877 2 1601
56886 43 887
56900 1 1808
56930 1 335
56943 1 499
56976 4 591
56995 1 1253
56997 1 619
57040 1 3492
57178 4 2026
57218 1 560
57226 9 11510
57249 1 648
57250 1 634
57269 1 255
57288 1 2261
57317 1 777
57323 1 1349
57349 2 277
57350 1 838
57353 1 469
57372 2 2559
57379 1 460
57384 1 3357
57412 1 691
57413 1 6376
57421 1 1105
57445 1 944
57495 1 1255
57510 1 2365
57549 2 1672
57550 2 1672
57551 1 1637
57616 1 1787
57617 1 1772
57618 1 1770
57619 1 520
57620 1 3241
57621 1 3239
57622 1 3240
57623 1 3704
57624 1 3707
57625 1 3705
57626 1 1133
57651 2 6526
57653 1 697
57654 1 592
57663 2 1474
57666 1 1813
57724 2 861
57745 2 595
57747 2 946
57758 2 2719
57799 3 1179
57817 2 4120
57818 2 3557
57820 2 3637
57821 2 4929
57829 1 2379
57844 1 1815
57846 1 2065
57878 3 3882
57887 6 1483
57899 4 2146
57901 1 1975
57908 1 893
57915 1 2190
57922 1 480
57946 1 5545
57947 1 5535
57952 1 8583
57953 1 8583
57962 1 2722
57963 1 1707
57964 1 1922
57965 1 3015
57974 2 1235
57975 1 247
57997 1 4870
58143 1 62
58155 1 53
58199 4 4784
58201 1 1355
58215 1 1221
58231 1 4145
58239 1 848
58247 1 19391
58251 2 4547
58332 1 319
58336 1 440
58378 1 2575
58380 2 2008
58386 1 975
58434 2 1166
58443 1 731
58453 1 564
58463 1 563
58464 1 458
58484 2 1130
58503 1 2202
58544 3 752
58678 1 2423
58739 1 865
58742 1 891
58743 1 909
58744 1 866
58751 1 473
58762 1 4573
58763 1 813
58772 2 4810
58836 3 2335
58840 1 3131
58842 1 3299
58847 3 2073
58858 1 1878
58862 1 1318
58929 2 1342
58948 1 455
58966 1 5767
58968 2 815
58969 2 800
58970 2 799
58971 1 153
58972 1 158
58973 1 158
58974 1 154
58975 1 153
58976 1 157
58977 1 153
58978 1 157
58979 1 157
58980 1 158
58981 1 153
58982 1 158
58983 1 157
58984 2 754
58985 2 752
59043 1 451
59044 1 1645
59045 1 1137
59046 1 942
59047 1 917
59048 1 919
59049 1 2182
59050 1 1865
59051 1 1868
59052 1 852
59053 2 2530
59054 2 2531
59055 1 510
59056 1 508
59057 1 2210
59058 1 2211
59072 4 10092
59074 5 644
59080 1 953
59152 1 2763
59179 1 1184
59210 1 1617
59211 1 3035
59225 1 6473
59227 1 4022
59250 1 752
59251 4 6070
59260 1 521
59275 1 667
59304 1 1871
59343 1 1013
59349 1 8147
59350 2 8331
59356 1 1554
59357 1 1573
59416 1 2234
59437 1 1226
59466 1 4209
59472 1 2189
59473 10 4291
59499 10 572
59523 1 1877
59524 1 1325
59568 1 1774
59569 2 1463
59572 1 1329
59590 1 1196
59594 1 1660
59603 1 1181
59622 2 1137
59632 1 2405
59678 2 1480
59679 1 2650
59680 1 2653
59681 1 3350
59689 2 2525
59690 1 2297
59709 1 3880
59717 2 4807
59724 1 1133
59777 2 6060
59780 1 668
59812 1 1458
59813 1 1702
59814 1 980
59843 1 6525
59863 1 608
59868 8 1987
59870 1 1260
59898 1 4986
59924 3 2257
59926 2 3221
59940 1 792
59975 1 1343
59976 1 732
59985 1 4522
59986 1 4731
59988 1 5229
59993 1 1856
59994 1 1825
60011 1 486
60019 5 5237
60030 2 10533
60031 1 2148
60039 2 4322
60040 3 5727
60041 1 232
60050 1 1274
60068 1 2246
60069 2 3188
60070 1 2663
60099 2 828
60110 2 306
60141 2 535
60157 3 3863
60165 1 857
60222 1 1082
60227 1 2086
60234 1 909
60244 2 630
60249 1 1398
60251 1 1629
60270 6 1523
60307 1 1114
60351 2 2113
60353 1 678
60354 1 837
60355 1 1074
60388 3 978
60431 1 845
60434 1 1031
60440 1 1116
60451 1 2513
60460 1 925
60469 2 775
60472 1 416
60478 1 1021
60507 4 4075
60540 1 596
60559 1 976
60607 1 1057
60613 1 566
60666 1 1088
60675 1 1688
60703 1 1672
60715 1 1172
60735 1 3139
60736 1 3344
60741 3 3011
60750 2 12275
60794 2 1921
60797 1 555
60815 1 2171
60822 8 5864
60829 1 3490
60833 1 979
60843 1 871
60846 1 1322
60848 1 1052
60849 1 1785
60850 1 1791
60851 1 1784
60852 1 1600
60939 1 310
60942 1 330
60996 2 1503
61020 2 13801
61036 1 779
61096 1 990
61119 3 948
61129 2 689
61130 4 2655
61131 2 2971
61157 1 783
61180 1 504
61186 1 14302
61187 1 15707
61194 1 1390
61195 1 1379
61196 1 1748
61198 1 746
61250 1 346
61284 1 265
61289 1 964
61349 1 976
61353 2 771
61358 1 671
61379 4 1394
61381 1 1011
61400 1 2056
61438 1 1813
61444 1 1534
61451 1 2083
61468 1 2302
61559 4 708
61562 1 526
61584 2 144
61621 1 810
61630 5 1422
61668 1 11710
61670 6 597
61683 1 2240
61694 1 3121
61695 1 1456
61713 1 4885
61720 24 970
61777 2 1421
61808 1 799
61814 1 927
61827 1 4204
61833 3 7073
61860 2 7381
61873 1 756
61892 3 3071
61894 1 3336
61895 1 1396
61897 1 2680
61910 1 1215
61917 2 5083
61936 1 129
61938 2 6544
61939 3 10305
61949 1 1699
61982 1 995
61992 1 754
62003 2 2012
62013 2 1235
62062 2 6529
62070 1 1331
62076 1 355
62082 4 1641
62087 1 4114
62091 1 925
62092 1 1030
62110 1 4274
62139 1 252
62220 2 888
62242 5 2867
62251 1 542
62293 4 2903
62317 1 1576
62318 2 2185
62320 3 566
62344 2 1459
62356 1 532
62377 1 984
62404 2 5459
62425 2 959
62445 5 1858
62480 1 1959
62499 1 3759
62521 9 1136
62522 1 1976
62588 4 8596
62615 1 1556
62621 1 795
62626 1 917
62647 1 983
62654 8 2607
62669 1 1183
62693 1 5347
62707 1 507
62724 1 3090
62729 3 2162
62732 1 2989
62750 1 1350
62766 2 8596
62767 2 14162
62768 2 9553
62774 1 1461
62790 9 519
62824 3 4199
62847 1 1945
62868 1 1757
62877 1 1563
62891 1 1104
62892 1 1071
62901 2 900
62912 1 6714
62922 1 2154
62932 1 1598
62936 2 1651
62937 1 1048
62938 1 1036
62939 1 1044
62940 1 1750
62942 1 1750
62943 1 1792
62945 1 1603
62946 1 1601
62947 1 1604
62951 2 2817
62957 1 1820
62964 1 1101
62982 1 151
63033 1 862
63047 1 1890
63061 3 5120
63077 1 5251
63095 1 433
63096 1 1260
63101 2 386
63104 1 732
63114 1 1012
63142 1 574
63184 1 2633
63197 13 7220
63205 4 339
63261 1 1615
63265 1 1866
63280 3 3788
63318 2 124
63350 1 2253
63377 1 425
63399 17 4652
63427 1 4477
63451 1 388
63504 12 4125
63520 1 1303
63557 1 474
63568 1 1949
63569 1 1387
63572 2 3748
63589 1 500
63614 6 1640
63627 1 102
63634 3 5269
63637 2 460
63646 2 993
63656 13 6872
63668 1 1184
63684 2 174
63690 4 3198
63693 1 792
63714 1 1284
63737 1 2198
63740 1 1761
63741 1 642
63765 5 1813
63795 1 1855
63799 1 536
63804 1 1156
63838 1 3268
63843 1 567
63851 2 1757
63906 1 4261
63912 1 601
63927 9 184
63969 2 2173
63970 2 4043
63974 2 1872
64009 1 3743
64010 2 2508
64012 1 1614
64013 1 2220
64081 1 1183
64273 2 1659
64290 1 728
64293 1 1009
64311 1 4060
64315 1 685
64341 2 1110
64344 1 263
64411 1 648
64417 1 860
64421 1 1681
64443 1 635
64445 1 984
64452 1 1016
64461 4 771
64502 1 680
64506 3 1697
64523 1 544
64525 2 688
64571 1 1943
64590 3 2177
64601 1 518
64603 2 838
64612 1 1382
64619 1 2292
64624 3 250
64625 1 1074
64626 1 1291
64638 1 1553
64642 1 729
64667 8 728
64682 1 48
64848 1 1187
64891 2 517
64895 1 1024
64903 1 538
64935 1 1041
64972 1 427
64973 2 433
64974 1 1043
64993 1 2041
64997 1 864
65001 13 261
65005 1 3081
65007 1 3159
65009 1 3343
65021 1 833
65034 1 3956
65083 1 1451
65101 1 540
65107 1 3809
65117 1 931
65120 1 2332
65129 1 15643
65262 4 683
65264 1 625
65353 1 1202
65355 2 862
65399 1 3181
65425 2 2453
65429 1 789
65444 1 1038
65536 2 890
65560 2 828
65582 1 731
65614 2 2314
65617 2 1340
65618 1 1810
65621 2 360
65625 1 679
65647 4 805
65651 1 1756
65660 1 1148
65672 1 1726
65674 1 660
65684 2 17249
65710 2 1365
65757 1 1393
65778 1 3404
65788 1 959
65825 4 909
65831 1 487
65841 3 302
65852 1 807
65885 2 3324
65890 1 773
65891 1 281
65892 1 236
65895 7 378
65896 2 3671
65902 1 357
65906 2 274
65944 3 4400
65947 1 662
65972 2 1924
65992 1 859
65999 1 7992
66004 1 1492
66005 4 1390
66015 1 4361
66027 1 937
66047 1 1117
66092 2 4332
66103 1 1370
66130 1 1341
66156 3 2338
66158 1 608
66162 1 3524
66177 1 2510
66188 1 5739
66189 17 7316
66190 1 624
66235 1 743
66297 3 720
66338 15 678
66351 2 901
66380 3 9761
66396 2 681
66398 1 1079
66405 1 1623
66444 1 3410
66455 1 1985
66487 2 1154
66515 2 6274
66547 1 1078
66590 2 1614
66598 2 1411
66599 1 1088
66615 1 2064
66629 1 244
66638 1 1055
66648 2 1645
66660 1 1633
66663 1 176
66672 5 1215
66721 2 1376
66722 4 276701
66725 1 1193
66726 1 558
66764 1 999
66765 1 212
66801 1 3195
66804 1 577
66805 3 721
66819 3 6321
66823 4 9403
66884 2 3426
66886 1 3404
66895 1 1147
66897 1 2315
66973 6 1116
67010 2 1017
67021 4 6450
67054 1 2805
67064 2 661
67074 3 9837
67094 1 591
67108 1 742
67109 1 239
67114 1 648
67125 1 1963
67195 2 6824
67216 4 1476
67218 1 1147
67227 1 1190
67261 2 1409
67269 1 1199
67313 1 1165
67354 1 709
67359 2 3255
67364 3 1105
67391 1 4824
67396 1 613
67410 1 7180
67415 2 10077
67519 1 10460
67522 1 673
67525 1 442
67527 1 865
67541 1 1378
67570 1 1055
67573 1 2299
67602 1 612
67603 1 612
67604 1 612
67605 1 614
67606 1 612
67618 2 1465
67621 1 514
67623 4 1432
67632 1 1696
67637 1 4061
67644 1 847
67654 1 470
67671 3 6735
67672 1 2623
67689 2 7619
67691 10 457
67696 1 1147
67710 1 1293
67716 1 692
67727 1 3367
67756 2 5291
67773 4 455
67775 1 1816
67784 2 2572
67866 1 1457
67869 1 1785
67880 1 1302
67881 1 545
67890 1 3387
67893 1 4007
67894 1 1091
67899 1 4652
67900 1 1945
67914 1 481
67916 1 1568
67930 1 1193
67931 3 1269
67932 1 1483
67957 1 963
67958 1 997
67959 1 669
67983 1 345
68005 2 1868
68008 2 1300
68028 1 481
68044 1 855
68051 3 1335
68057 2 3416
68058 12 1220
68090 2 5122
68091 3 10665
68092 1 8126
68098 1 893
68100 1 650
68102 1 989
68112 1 733
68114 6 2294
68116 3 4818
68117 2 4150
68119 1 6225
68124 5 2400
68125 4 2444
68128 5 648
68129 5 1472
68143 1 1086
68168 1 627
68191 1 1316
68208 1 1303
68210 2 1864
68251 1 656
68261 1 1258
68307 1 1697
68313 1 714
68336 1 1920
68360 1 541
68369 3 11195
68383 4 1172
68420 1 2517
68421 1 2923
68446 2 3669
68623 1 55
68658 2 1438
68662 1 1078
68668 1 1127
68707 1 4537
68708 1 6905
68732 2 3543
68756 1 2028
68757 1 1151
68765 3 6394
68766 2 5324
68775 1 1181
68788 1 2193
68803 1 1117
68812 3 10319
68823 1 2312
68850 2 588
68851 1 931
68854 1 5781
68893 2 1871
68900 1 3607
68909 6 2457
68910 1 735
68917 1 1219
68933 1 944
68938 1 1260
68964 3 11197
69008 1 348
69031 3 475
69043 1 1118
69065 1 536
69071 1 325
69082 2 1410
69091 1 1188
69315 1 587
69336 1 491
69352 1 834
69358 1 481
69364 2 1155
69367 2 1004
69397 1 1106
69398 1 293
69400 1 526
69421 1 1230
69429 16 251
69434 1 3213
69435 1 3178
69445 3 2697
69454 2 544
69460 1 2124
69515 1 3275
69522 2 2679
69523 1 630
69528 1 1563
69530 3 3436
69532 1 2723
69690 1 2102
69696 1 1490
69701 1 1593
69709 2 889
69711 2 651
69713 1 1370
69715 1 705
69716 4 7169
69719 2 692
69723 1 871
69725 2 1479
69728 1 496
69842 3 886
69849 1 422
69863 1 272
69868 1 614
69890 1 1178
69906 2 676
69913 13 7379
69914 17 7296
69916 1 97
69954 1 638
69966 4 193
69975 2 923
69996 1 927
70001 2 745
70025 1 463
70050 5 1597
70051 1 825
70169 6 8025
70206 1 901
70207 1 10208
70224 1 656
70226 1 1436
70227 1 1812
70236 1 3474
70257 2 714
70286 2 806
70288 1 1765
70302 2 1840
70303 1 1436
70351 2 1891
70390 2 937
70415 1 2495
70416 1 1011
70417 1 765
70426 2 973
70434 3 1090
70446 2 831
70447 1 889
70482 1 651
70535 2 1353
70576 1 2157
70591 1 4584
70609 4 881
70616 1 860
70632 1 1096
70700 1 756
70701 4 2606
70711 1 117
70837 1 876
70841 1 8361
70854 2 675
70875 1 301
70877 2 1501
70912 2 1315
70922 1 2787
70938 1 1184
70954 51 6095
70963 1 725
70989 1 845
70995 1 274
71007 6 1032
71016 1 1255
71019 2 763
71037 6 313
71055 1 1435
71062 1 720
71066 1 819
71078 1 9605
71116 2 653
71120 1 448
71137 1 9411
71149 1 983
71157 2 1942
71164 1 723
71166 1 480
71217 1 2704
71219 1 2884
71221 1 3179
71248 1 709
71255 1 712
71279 8 792
71291 1 648
71292 1 321
71293 1 511
71294 1 674
71306 1 1543
71315 2 6723
71327 3 1804
71329 1 1464
71335 1 3121
71338 1 2157
71351 1 1055
71380 1 1120
71384 1 2877
71385 1 2877
71386 1 2880
71406 1 2956
71421 1 1040
71431 3 658
71513 2 1824
71522 2 1158
71546 1 662
71548 1 2973
71574 9 851
71593 1 827
71606 2 4481
71618 1 1274
71634 1 2564
71669 1 204
71682 3 1169
71691 1 1602
71702 1 675
71705 4 10258
71706 4 5275
71731 1 4830
71738 2 1825
71742 1 541
71771 1 149
71802 3 1017
71806 1 1826
71808 1 880
71810 2 955
71819 1 307
71822 2 1832
71824 1 1218
71836 2 5188
71847 1 1603
71880 1 1247
71897 2 2249
71920 1 799
71924 1 2521
71931 1 1875
71943 1 3979
71987 1 1438
71991 1 1476
72005 1 1089
72023 1 772
72046 1 2501
72050 1 1296
72065 1 9229
72068 1 8137
72094 1 714
72098 2 19912
72125 5 519
72136 1 764
72146 1 1354
72148 5 300
72149 5 318
72150 7 550
72164 1 1004
72179 1 174
72215 1 2153
72278 1 1211
72290 1 651
72291 1 651
72293 1 1975
72295 1 2968
72296 1 621
72320 2 1701
72321 1 1530
72327 2 746
72354 1 632
72357 2 916
72380 1 3360
72381 1 802
72382 2 4049
72387 2 2107
72401 1 1069
72412 2 14176
72414 1 1956
72416 1 1773
72421 1 693
72422 1 4394
72436 3 1419
72442 1 1934
72447 2 497
72496 3 3731
72498 1 11873
72511 1 691
72538 1 836
72541 3 595
72548 2 1534
72556 1 1250
72562 1 1024
72609 1 1961
72613 2 1298
72627 1 678
72661 1 613
72672 1 831
72691 1 1208
72697 1 1378
72736 1 1124
72793 6 4219
72821 1 855
72825 1 4050
72839 6 2764
72850 1 1161
72873 2 3122
72879 2 7089
72886 1 1142
72899 1 20275
72909 1 846
72912 1 1794
72925 1 1459
72929 1 3019
72942 3 822
72954 1 1348
72955 1 1468
72956 1 1194
72967 1 602
72982 5 5401
72994 1 1734
72999 2 3301
73002 1 627
73008 2 5555
73032 1 1083
73047 1 694
73069 3 2055
73080 1 2339
73101 1 5854
73113 1 1107
73118 2 631
73138 2 148
73182 9 1485
73221 9 4913
73222 3 3558
73245 2 950
73247 3 871
73253 2 2048
73269 1 1625
73276 13 7711
73282 2 338
73283 9 1921
73303 1 544
73321 1 615
73358 2 1564
73361 1 1411
73374 1 1179
73396 1 1365
73415 1 996
73416 2 838
73417 1 3750
73457 1 432
73481 2 619
73497 2 632
73516 3 906
73574 6 8025
73600 1 208
73645 1 5683
73648 1 985
73655 5 1423
73656 4 1671
73657 4 1439
73658 6 906
73682 1 135
73730 1 2237
73732 2 1250
73753 1 1851
73756 1 962
73773 1 1031
73779 1 423
73798 2 388
73807 1 721
73828 1 413
73830 1 418
73845 1 466
73849 1 512
73857 1 509
73865 4 928
73879 1 901
73881 1 1228
73899 1 829
73911 1 1008
73924 1 986
73956 2 2798
73961 1 2232
74032 2 518
74048 4 938
74055 1 2435
74056 10 1960
74057 2 1205
74061 5 1106
74062 1 1079
74068 1 570
74091 1 1923
74094 1 3820
74127 1 641
74128 1 773
74145 1 384
74147 2 752
74175 1 671
74179 2 4036
74197 4 1338
74198 2 1315
74199 2 1314
74203 5 11999
74234 1 189
74280 1 582
74287 1 285
74294 2 1360
74299 1 375
74355 1 1634
74356 1 1589
74368 4 3668
74418 1 1264
74426 1 945
74435 1 2232
74440 1 1991
74443 27 1375
74447 1 1260
74479 2 1275
74522 1 1218
74545 1 1446
74552 4 1233
74572 8 8808
74574 1 499
74581 1 1084
74595 1 181
74610 2 604
74651 1 897
74660 2 2184
74661 1 1665
74665 1 2881
74674 2 626
74676 6 999
74762 2 2031
74792 2 1680
74793 1 1712
74795 1 2070
74804 1 1349
74806 5 5040
74809 1 695
74813 6 5631
74871 3 1759
74881 1 1243
74882 1 1151
74890 4 516
74903 1 635
74917 1 1213
74921 1 1077
74922 1 859
74931 1 2115
74935 1 716
74937 1 169
74942 1 218
75108 2 499
75111 2 2479
75129 1 711
75130 3 946
75131 2 879
75156 1 607
75157 1 1110
75158 1 685
75166 1 1252
75169 4 9895
75177 1 365
75210 1 3198
75212 1 1417
75214 2 2338
75220 1 1738
75242 1 728
75321 1 225
75331 1 3149
75398 1 2037
75399 1 1219
75400 1 2330
75408 1 3231
75414 1 679
75415 1 1320
75420 1 5660
75422 2 566
75473 1 153
75481 1 216
75506 1 1039
75522 1 555
75529 1 8980
75547 1 972
75552 1 3849
75567 1 627
75570 1 2022
75572 2 645
75585 1 1192
75656 1 1661
75751 2 174
75781 1 139
75812 1 136
75816 1 147
75817 1 806
75836 2 992
75853 1 441
75861 1 181
75874 2 327
75894 1 268
75905 1 397
75932 1 498
76004 1 47
76079 1 709
76080 1 1124
76105 1 6146
76119 3 1349
76136 9 4953
76137 7 2520
76138 8 3341
76139 7 3319
76141 1 326
76199 3 1686
76219 1 364
76228 1 2247
76237 2 1365
76245 1 6436
76247 1 4782
76301 2 1532
76303 1 1328
76323 1 315
76325 1 1450
76353 3 3328
76354 3 3077
76368 1 1834
76381 8 255
76386 1 1594
76405 1 5489
76408 1 4367
76436 3 1234
76477 1 693
76481 10 4881
76482 1 534
76503 1 1066
76527 6 493
76528 1 1175
76529 16 10440
76615 1 3913
76617 1 1552
76624 1 953
76655 1 2833
76665 2 344
76690 2 2184
76735 1 1120
76755 1 5294
76765 2 1053
76777 1 1440
76781 2 274
76785 1 581
76793 4 5567
76796 3 1059
76797 1 1960
76847 2 396
76856 1 1057
76865 1 642
76897 1 431
76917 2 2139
76923 1 1539
76985 1 1339
76989 1 738
76991 3 445
77008 8 214
77009 8 204
77054 1 1501
77060 1 4150
77070 1 2357
77075 3 2473
77076 1 3304
77077 1 898
77082 2 5693
77083 1 3037
77084 2 2028
77085 1 2310
77086 1 5533
77088 1 4377
77097 1 2699
77103 1 1287
77108 2 1362
77118 1 2646
77136 2 3236
77137 1 1799
77148 1 3628
77169 1 603
77170 1 1984
77180 3 5716
77207 2 4809
77208 1 4089
77209 1 4122
77210 1 4271
77211 1 3451
77212 1 3474
77214 1 3477
77215 3 1900
77225 1 2945
77226 1 1491
77227 1 2803
77246 4 6149
77254 1 120
77265 2 691
77268 1 629
77359 2 2169
77367 1 658
77394 1 1254
77396 1 980
77438 2 1254
77440 1 1548
77487 1 916
77541 1 801
77553 7 3529
77605 2 1191
77610 1 2465
77633 1 695
77645 1 538
77658 1 1463
77805 1 2119
77817 1 4230
77820 1 878
77824 4 4856
77834 1 3498
77841 2 38
77843 1 756
77849 3 473
77860 1 2146
77864 2 749
77873 4 1455
77876 3 3309
77877 1 3129
77942 1 3229
77943 1 1110
77961 4 8551
78010 2 1823
78011 2 1824
78012 1 917
78013 1 1893
78014 1 1880
78015 1 1060
78016 1 1060
78022 3 624
78065 1 690
78069 4 1230
78106 1 481
78116 2 5040
78117 2 1978
78119 1 1030
78125 1 1056
