reckon reckon 664 65215343 
205 2 1320
257 1 202
375 1 10166
397 2 1583
466 1 1460
650 1 1021
689 1 1358
966 1 6046
1171 1 236
1365 1 993
1602 1 1577
1644 2 1916
1737 2 4121
2083 1 4561
2457 1 731
2671 1 714
2799 1 539
2963 2 3763
3599 1 11096
3727 1 17097
4211 1 6879
4354 1 2037
4498 1 288
4640 6 3309
4643 1 649
5496 1 938
5497 1 992
6656 8 737
6981 2 527
7571 1 5357
7575 1 1899
7576 2 6690
7594 1 553
7744 2 2378
7755 12 2141
8040 2 669
8089 1 20930
8249 1 7006
8297 1 12133
8380 1 2765
8555 1 1695
8613 1 1556
8696 1 1842
8697 1 2450
8698 1 2529
9279 3 1500
9282 2 1511
9283 1 1422
9335 1 1057
9492 1 6158
9539 1 890
9723 1 1034
9936 1 2878
10382 1 1030
10405 1 808
10740 1 629
10861 3 3297
10999 1 1962
11194 1 1656
11455 1 906
11878 2 1334
12111 1 1131
12326 1 4527
12783 1 4316
12895 1 1232
13545 1 631
13546 4 3149
13649 7 1057
13829 1 1750
13830 1 968
13831 1 993
13832 1 1089
13833 1 1191
13947 1 1742
14000 1 859
14088 1 664
14096 2 2291
14212 3 12149
14498 1 1088
14651 1 801
14755 1 2245
14758 1 1080
14769 1 2384
14827 1 2870
15074 1 355
15092 1 2742
15120 1 1822
15608 1 1419
15746 1 1020
15865 1 1031
16016 3 802
16088 1 1277
16285 1 2520
16410 1 195
16540 1 2127
16702 1 521
16742 1 1501
16936 2 3648
16981 1 1907
17349 1 829
17354 1 1123
17716 1 2066
18288 1 4353
18405 5 878
18541 1 952
18871 2 1347
18904 1 1338
18929 2 1995
19365 1 1024
19681 3 10198
19820 1 856
19842 1 2475
19910 2 1042
19982 13 1251
20146 1 306
20169 1 2907
20195 1 1396
20200 2 30304
20707 1 35797
20808 1 1960
21046 2 10160
21658 1 1361
21812 1 1909
21839 1 4667
22456 1 1938
22478 1 1558
22555 1 1437
23014 1 3266
24118 1 2970
24380 1 865
24660 1 1090
24772 1 1350
24849 1 4735
24854 1 817
25306 1 1017
25403 1 880
25949 3 672
26388 1 3682
26488 1 1436
26749 1 1438
26754 2 1464
26772 1 1743
26813 1 1462
26870 1 3124
26910 1 1469
27413 2 1577
27471 1 350
27524 3 2332
27727 1 2086
27754 1 521
28032 1 1700
29257 2 53
29547 15 1675
29548 1 1483
29825 1 3891
29873 1 2458
30058 2 1382
30187 2 646
30293 2 6059
30351 1 4754
30352 1 5973
31381 1 766
31391 9 2998
31438 1 1279
31679 1 895
31723 1 9877
31735 1 1164
31921 1 1208
32349 3 1351
32353 1 1385
32356 1 1306
32357 1 1452
32406 1 1010
32981 1 1223
33082 1 997
33188 1 10275
33317 1 1673
33589 1 965
33590 1 3769
33598 1 971
33691 1 828
33819 4 4941
33831 1 6374
34117 1 1025
34201 1 2057
34329 1 676
34515 1 1018
34548 1 2298
34683 1 1171
34751 2 608
35454 3 2122
36038 1 1018
36153 1 414
36689 1 1112
36732 3 18263
36840 1 619
36962 1 5960
37182 1 13117
37284 1 2087
37415 1 5377
37653 1 1054
37856 10 3403
38135 1 2718
38311 1 1043
38561 1 1357
39265 3 3702
39280 1 2767
39414 1 502
39467 1 976
39468 1 881
39978 2 30166
40035 1 1005
40062 1 424
40164 1 886
40287 1 10480
40320 1 7910
40435 1 2577
40777 3 542
41023 1 1296
41118 1 2966
41275 1 1248
41413 1 942
41773 1 779
42025 1 9933
42327 2 793
42334 1 242
43477 1 22611
44011 1 1934
44019 1 1542
44104 1 909
44273 1 846
44414 1 777
44421 1 832
44812 20 1515
44944 2 474
45224 1 605
45390 1 1067
45620 1 1038
45879 2 549
45974 1 1051
46388 1 81863
46749 1 6951
46769 3 2579
46782 1 1711
47160 1 4319
47177 6 1679
47400 1 953
47650 1 1540
47678 1 908
47722 1 925
47780 1 5199
48068 1 491
48458 1 272
48632 1 3473
49034 1 2025
49312 1 791
49325 1 1700
49513 1 920
49543 1 1789
49679 1 2751
49782 1 2062
50016 1 11583
50382 1 1337
50478 1 3624
50597 1 2594
50866 1 2623
50902 1 1707
50989 2 3307
51062 1 2206
51466 5 1121
51759 1 425
51843 1 6718
51891 1 6407
51892 1 4521
52344 1 1153
52440 1 6680
53105 2 1782
53158 1 9225
53242 1 4792
53331 1 1135
54502 1 2792
54503 1 887
54617 1 1123
54628 1 57
54926 1 898
54975 1 1380
55111 2 1486
55112 11 1429
55113 5 1550
55327 1 6079
55475 1 1180
55480 1 788
55500 1 1640
55906 3 1419
56961 1 7535
56987 1 833
57244 1 674
57440 1 1299
57471 1 1255
57803 2 1176
57880 1 956
58247 1 19391
58750 1 999
58786 1 1487
58892 22 1567
58893 3 1474
58894 1 1412
58899 1 1039
59153 1 1086
59165 1 969
59220 1 428
59263 1 5357
59444 1 689
59567 1 1069
59605 2 850
60063 1 3984
60217 1 2172
60266 1 807
60671 3 3451
60713 2 3384
61043 1 4069
61188 1 29700
61428 1 8357
62243 1 3964
62613 1 5274
62840 1 1377
63114 1 1012
63308 1 1302
63309 1 4077
63310 1 2477
63557 1 474
63579 1 1596
64022 1 1923
64318 1 2610
64364 1 744
64511 1 435
65047 3 1509
65048 7 1262
65425 1 2453
65444 1 1038
65793 2 494
65794 1 999
65935 1 556
65940 1 1495
66162 1 3524
66277 1 1687
66281 1 1481
66427 1 807
66545 4 902
66738 1 1248
66949 1 1133
67357 1 2331
67614 1 1941
67874 1 689
68119 2 6225
68278 1 1262
68341 1 166
68346 1 2235
68421 1 2923
68435 1 1168
68683 1 1378
69473 1 1366
69474 1 1458
69837 1 747
70212 1 731
70299 1 171
70431 1 2476
70432 1 1122
70534 1 5509
70841 1 8361
71078 3 9605
71093 1 467
71137 3 9411
71315 1 6723
71363 1 1914
71547 1 4635
71630 1 3469
71665 1 950
71847 1 1603
71894 1 2159
71895 1 3069
71896 1 3955
71897 1 2249
72065 1 9229
72164 1 1004
72315 1 1434
72602 3 12545
72617 2 5161
72618 1 5500
72781 1 1433
72782 1 2059
72783 1 1487
72784 1 2240
72785 1 1571
72879 1 7089
73019 1 1972
74417 1 865
74784 1 915
74866 1 1680
75073 1 54
75308 1 1471
75469 1 1046
76230 1 1311
76411 2 6346
76438 1 1505
76485 3 580
76707 1 3320
76956 1 564
77059 1 1688
77071 1 1827
77126 1 1012
77144 2 3383
77818 3 6471
77902 12 1655
77903 1 554
