parasit parasit 375 65215343 
55 1 514
651 1 645
672 1 2537
725 1 7096
1965 1 563
2511 1 1460
3748 1 990
4284 2 571
4418 1 2251
4464 1 1473
5242 2 1621
5499 3 44062
5504 1 1390
6579 1 4887
6983 2 2840
7504 4 5695
7884 2 1076
8049 2 444
8409 26 3217
8732 3 2463
9885 1 2675
9886 1 3914
9981 1 1819
9982 6 1822
10253 1 2883
10255 1 2770
10405 1 808
10436 2 713
10808 3 6608
11271 4 1726
12156 1 13898
12885 1 6601
13158 1 2677
13559 1 1873
14000 1 859
14317 1 568
14772 1 1113
15587 1 2694
16784 1 2834
16836 1 4094
17011 1 1488
17028 1 1380
17744 2 115
18453 1 845
18648 1 1076
19079 5 16454
19095 1 4478
19385 1 2378
19703 1 570
20200 1 30304
21811 1 724
22455 2 2770
23899 1 1117
25554 1 1688
25555 1 3167
26232 1 17
26590 1 2388
27308 1 7530
27519 1 1928
27625 4 2383
28017 4 578
29511 1 315
29670 2 1640
29671 2 1645
29672 2 1641
29884 1 3052
30351 1 4754
30352 1 5973
30559 2 632
30820 1 2711
31355 1 5480
31388 1 487
31389 1 337
31390 1 479
31637 1 561
31829 1 14263
31949 2 6125
32175 1 1787
32176 1 1706
32177 1 1654
32183 1 1671
32185 1 1792
32361 1 494
32362 1 560
32363 1 495
32569 1 1631
32709 1 977
32737 3 1376
33079 3 3096
33831 1 6374
34945 4 745
36962 2 5960
37973 1 1206
38991 1 1489
39986 1 880
40580 1 1410
40788 1 1583
41161 1 2501
41824 1 848
42577 1 1608
42639 1 845
42949 1 2799
43429 2 1731
43446 2 8554
43921 2 9448
44227 3 676
45251 1 2817
45396 1 890
45676 1 11251
46505 1 6279
46745 1 692
49570 2 873
49604 7 4772
49731 1 975
49776 1 9407
50435 1 2397
50858 2 1121
51891 1 6407
51892 1 4521
51954 1 1366
52069 1 2292
52244 1 1659
52307 3 616
52938 6 1963
52981 1 842
52988 1 24350
53039 1 1539
53217 2 2450
53519 1 1735
53862 1 1177
54190 1 1086
54903 1 1448
56175 2 8425
56949 1 492
57410 1 2492
57730 1 1998
58451 2 1894
59044 2 1645
59082 1 754
59454 1 2821
59599 1 1077
60505 1 2933
61043 33 4069
61867 1 1527
62087 1 4114
62468 1 2405
62717 1 860
63309 33 4077
64401 1 805
64453 5 10145
64619 1 2292
65455 1 504
66019 1 1342
66286 2 1054
66312 1 528
66789 1 1034
66994 1 2517
67801 1 1053
67963 2 2024
68132 1 2295
69030 1 437
71066 1 819
71719 1 940
71896 25 3955
72067 1 9227
72591 1 2016
72896 1 377
73324 1 733
73358 1 1564
73430 1 876
74813 1 5631
74822 2 5130
74877 6 3262
76169 1 661
76491 1 1557
76531 1 1613
76624 1 953
78121 1 3206
