grammi grammi 4320 65215343 
59 1 1451
111 4 186
113 1 2441
159 4 761
197 2 487
198 1 567
199 1 1210
200 4 721
201 1 782
310 1 62
397 2 1583
406 1 1543
515 3 1091
516 1 381
517 1 497
522 1 1558
716 13 1108
734 1 1711
780 1 643
907 1 1133
908 1 1287
909 1 688
957 1 715
1119 1 1874
1153 3 6533
1185 2 15836
1214 1 650
1262 1 1096
1321 1 3750
1346 1 605
1363 2 1368
1396 4 4255
1422 1 950
1425 1 1524
1435 1 3772
1459 2 1079
1461 1 1379
1462 1 1187
1584 2 1777
1674 1 1844
1761 3 309
1816 1 5747
1819 1 878
1820 1 740
1887 1 1785
2143 2 1938
2151 2 1771
2161 1 1535
2173 2 1013
2175 1 784
2192 3 5833
2226 2 1993
2227 2 1993
2228 2 1993
2232 1 1628
2233 1 1145
2235 2 1852
2256 1 611
2402 1 1731
2414 1 1645
2514 1 426
2531 3 897
2539 2 484
2584 2 1016
2654 1 1868
2693 1 737
3103 1 3185
3105 1 3023
3106 1 3092
3135 7 703
3187 1 767
3306 3 776
3322 2 6038
3328 1 342
3329 1 677
3330 1 1137
3354 2 128
3386 2 1245
3487 2 736
3550 1 396
3588 3 622
3597 1 624
3609 1 1300
3610 1 1186
3637 2 970
3724 16 1404
3730 1 1241
3808 2 2032
3824 1 623
3830 1 273
3888 2 1674
3890 6 1312
3891 1 1661
3930 1 1380
3944 1 1863
3945 1 1359
4029 1 1276
4137 1 1308
4180 4 1353
4188 1 2646
4205 1 1328
4363 2 1332
4364 3 1040
4372 2 3440
4376 2 2069
4441 8 873
4446 3 1214
4449 1 1837
4489 1 2853
4490 1 1394
4491 1 1897
4492 1 2351
4493 1 2130
4516 1 1089
4524 1 2046
4528 18 1567
4636 1 1557
4643 4 649
4838 7 5657
4839 5 1862
4840 52 5531
4844 1 1123
4847 1 2281
4852 3 1294
4858 6 604
4860 1 1791
4930 2 1503
4931 1 1648
4932 3 1745
4963 4 900
5072 2 1057
5151 1 945
5203 1 711
5299 2 707
5304 2 338
5321 1 1222
5385 5 679
5516 2 693
5525 1 1587
5633 4 181
5643 3 594
5682 1 47
5901 4 866
6036 2 1526
6076 1 3091
6094 2 1655
6334 1 1066
6462 2 1665
6526 1 1191
6809 5 148
6904 2 1029
6918 1 472
7012 1 611
7019 1 285
7021 5 2137
7050 1 1143
7157 1 635
7417 1 600
7421 3 979
7548 1 1489
7566 1 1212
7576 1 6690
7688 1 1312
7700 8 637
7701 3 1565
7713 1 1920
7715 1 2854
7723 3 4731
7727 1 2490
7744 1 2378
7756 1 2279
7757 1 2005
7758 1 1880
7938 1 762
7966 1 2772
7974 1 2073
8120 11 1513
8143 2 2289
8292 4 917
8305 9 742
8307 11 558
8314 1 1237
8320 1 664
8321 2 786
8324 1 886
8336 1 1754
8372 1 3639
8380 1 2765
8393 4 3193
8408 4 5505
8409 1 3217
8435 1 2734
8436 1 1685
8437 1 1413
8438 1 2090
8565 1 1375
8599 4 269
8750 2 589
8895 1 643
8908 5 1392
8909 1 566
8910 1 575
8995 2 523
9076 1 539
9127 2 1122
9165 4 1394
9175 1 1821
9225 1 56
9243 1 1282
9403 1 3133
9551 1 1485
9552 1 1520
9553 1 1546
9554 1 1532
9557 4 453
9559 1 937
9599 1 694
9741 1 1815
9782 5 1468
9790 1 309
9826 2 2248
9827 2 2258
9828 2 2395
9850 2 2963
9935 2 18475
10054 1 1634
10061 14 525
10067 1 2395
10068 1 1756
10073 1 1739
10078 4 921
10079 1 746
10120 1 1997
10121 1 2683
10122 1 2093
10123 1 2079
10251 1 1893
10298 4 2030
10344 2 2552
10354 2 652
10395 4 193
10405 2 808
10426 1 655
10441 1 575
10442 3 1664
10443 2 479
10444 1 668
10494 1 832
10591 1 7784
10627 1 1104
10640 1 1072
10997 1 1555
11125 1 1227
11126 1 666
11127 1 1514
11128 1 788
11214 1 1706
11227 2 931
11364 1 2608
11365 1 1363
11385 1 563
11461 1 706
11467 1 3152
11650 19 1881
11780 1 340
11922 6 188
12108 1 914
12160 1 790
12326 7 4527
12374 1 814
12375 1 897
12402 1 12
12456 1 4543
12465 1 1108
12529 1 750
12617 44 1750
12650 1 2168
12675 1 913
12706 6 282
12777 1 3961
12813 2 1377
12818 1 3788
12907 4 2394
12924 2 1943
12925 7 2837
12987 1 824
13027 2 786
13028 2 741
13029 4 1492
13036 1 676
13037 1 676
13038 1 854
13039 1 807
13040 21 1198
13041 1 786
13104 1 1437
13151 1 953
13214 5 1322
13228 2 1639
13242 1 2319
13336 2 2457
13347 12 873
13403 8 1298
13476 1 167
13535 1 2364
13545 2 631
13590 1 601
13598 1 1521
13599 1 1426
13604 2 628
13605 1 692
13614 1 1453
13632 6 769
13695 1 2748
13696 1 2538
13697 1 3718
13981 4 708
13991 1 1803
14000 2 859
14050 1 917
14051 9 864
14338 5 581
14359 1 505
14360 1 1012
14366 2 1072
14415 1 1577
14645 4 249
14649 1 3074
14650 1 1209
14695 1 664
14714 1 5738
14715 2 1357
14721 1 4901
14722 2 6567
14723 67 4899
14724 1 5113
14728 1 2287
14730 4 997
14733 4 212
14753 1 1017
14756 2 3039
14770 1 1069
14771 1 643
14781 1 661
14797 1 2125
14854 1 2362
14855 1 2067
14856 1 2080
14863 1 267
14871 2 363
14876 13 692
15273 1 1030
15279 1 1500
15282 4 400
15415 1 33
15548 1 400
15549 1 339
15550 1 454
15579 2 361
15710 1 1672
15731 1 1798
15732 1 1772
15862 3 791
15868 1 2468
15943 4 537
16225 1 564
16313 1 466
16356 3 462
16425 3 393
16455 1 1401
16499 1 1594
16534 1 1160
16564 1 1007
16653 1 1112
16715 2 723
16784 1 2834
16787 1 509
16852 2 1499
16856 1 2460
16895 2 1762
16896 4 809
17002 2 968
17013 1 9772
17024 2 503
17116 1 3516
17183 1 2046
17185 1 1163
17195 1 2000
17196 1 1736
17198 1 2072
17203 1 1189
17255 1 1594
17340 2 1067
17341 1 1300
17506 5 1211
17507 5 992
17659 1 360
17844 1 5452
18121 1 1538
18149 1 1111
18176 1 2271
18177 1 2271
18178 1 2270
18179 1 2271
18226 4 1550
18429 2 2153
18463 1 1607
18464 17 1214
18580 1 811
18581 1 3194
18620 1 3943
18621 1 5046
18622 1 5539
18678 1 1208
18759 1 2997
18800 1 967
18802 2 1147
18951 4 5208
19000 3 1062
19001 3 1062
19106 1 1080
19124 1 1758
19182 1 914
19317 1 32
19395 2 1859
19399 1 634
19409 1 1342
19515 1 1607
19794 1 390
19848 1 939
19876 17 1120
19877 3 1239
19901 2 1057
19902 1 3107
19905 14 862
19929 3 1291
19931 1 425
19937 1 833
19957 2 1260
19983 1 2232
19984 1 3052
19985 1 8977
19986 1 1620
19987 1 3502
19988 1 1164
19989 1 1297
19990 2 1486
20058 1 31
20117 1 56
20183 1 1575
20207 4 1522
20208 1 979
20268 1 1431
20398 1 471
20653 2 6960
20716 1 552
20718 1 1829
20788 1 814
20857 2 666
20866 6 1137
20900 8 1355
20992 1 636
20997 8 6199
21194 1 197
21282 1 1212
21286 6 691
21291 6 1443
21376 1 350
21379 1 2870
21469 1 3531
21470 1 3587
21478 1 1376
21507 7 7373
21530 1 2863
21556 4 709
21598 2 2235
21599 2 2186
21600 2 2318
21613 1 1522
21653 1 1859
21654 2 1605
21655 1 1486
21670 3 1140
21765 6 1014
21766 7 1815
21770 1 4733
21771 6 1070
21953 1 1123
21955 1 2133
21956 1 1239
21958 3 1028
21968 2 995
21980 1 907
21981 1 3068
21988 2 1084
22045 1 2727
22046 1 1341
22047 1 2622
22070 3 1420
22136 1 441
22167 3 391
22487 4 1766
22547 1 5064
22584 4 2300
22610 8 1706
22875 1 276
22881 4 1554
22889 4 992
22926 1 1353
22935 2 1648
22992 4 735
23014 1 3266
23027 2 1511
23028 2 1701
23131 2 661
23463 2 445
23471 4 661
23558 1 1014
23559 8 2529
23583 8 3023
23675 1 1065
23751 6 1862
23753 2 457
23907 1 670
23980 8 265
24136 1 1335
24244 1 1387
24257 1 1154
24389 1 1096
24439 3 1008
24520 1 1701
24521 1 1321
24593 1 1736
24736 4 818
24810 1 621
24820 3 1367
24823 1 2274
24824 1 1881
24825 1 1588
24830 2 1147
24842 2 3916
24848 1 1701
24914 2 1788
24927 4 1019
25185 11 794
25250 1 1859
25441 1 1222
25444 2 855
25459 2 1129
25478 1 3302
25509 1 1876
25560 4 1516
25590 1 1824
25591 1 1824
25655 1 2371
25665 1 1741
26080 1 566
26144 1 765
26161 5 14248
26216 1 887
26528 1 439
26663 1 1859
26795 13 849
26812 1 1962
26819 1 18
26825 1 2133
26831 1 353
26836 7 2928
26900 1 711
26909 1 1645
26978 1 1136
27157 1 523
27171 1 1261
27277 2 748
27407 1 603
27451 1 1291
27535 1 1646
27585 2 1037
27595 1 505
27606 1 919
27614 1 1159
27655 2 624
27742 1 1177
27776 1 1500
27781 4 1006
27784 3 550
27806 2 506
27812 2 3494
27866 1 4412
27867 11 1485
27868 2 2792
27964 1 534
28121 3 981
28122 4 1430
28318 3 798
28414 2 3568
28417 10 439
28436 9 1926
28472 1 3173
28473 2 1706
28639 3 2821
28683 1 1939
28753 1 643
28769 2 200
28805 1 1621
28816 2 2084
28830 1 502
28873 2 750
28874 2 928
28983 1 1151
29005 1 382
29142 3 1126
29399 2 1118
29413 1 630
29491 1 3124
29551 1 289
29558 1 3685
29559 1 3217
29647 3 917
29653 1 814
29654 1 374
29667 1 752
29668 1 664
29800 1 784
29849 4 1105
30021 3 241
30600 3 1084
30604 1 1396
30605 1 1929
30618 1 763
30634 1 41
30642 1 3081
30649 1 2455
30650 5 994
30694 1 444
30706 4 188
30765 1 1987
30808 1 2494
30878 10 1359
31038 1 611
31039 1 1073
31077 5 554
31250 1 1677
31312 1 684
31320 1 2381
31350 1 1047
31356 12 1058
31446 1 1347
31447 1 1008
31465 1 1141
31728 2 1238
31735 1 1164
31932 1 692
31957 3 1455
32020 1 1581
32249 1 638
32253 1 425
32381 2 668
32415 4 804
32684 3 802
33043 1 146
33083 2 1262
33168 1 810
33228 1 382
33263 1 532
33274 1 805
33275 1 1122
33294 1 1429
33394 1 836
33444 1 15
33662 2 1270
33739 1 1711
33779 1 1792
34115 3 1103
34116 1 1053
34146 1 1989
34197 4 2057
34308 1 581
34465 2 5422
34482 1 1107
34485 1 658
34493 6 905
34494 3 1658
34495 2 438
34521 3 3172
34553 1 1919
34554 1 1390
34555 1 1364
34556 1 2148
34776 1 2068
34903 2 583
34909 2 563
34960 1 2476
35174 12 953
35226 1 622
35326 2 286
35393 1 970
35403 3 2961
35404 1 515
35459 2 249
35468 1 959
35505 1 1052
35507 2 1988
35514 1 491
35517 1 769
35519 2 841
35552 1 1138
35554 2 649
35617 1 179
35688 6 705
35734 1 796
35735 1 553
35736 4 422
35852 1 3364
35856 18 1565
35892 1 668
35930 3 908
35960 1 1879
35967 1 1072
35977 3 252
35982 1 1258
35994 4 743
36026 2 309
36047 1 150
36263 1 1184
36264 5 1039
36280 5 708
36281 2 1467
36284 3 1599
36290 3 1878
36292 11 3895
36299 3 2612
36303 2 543
36306 4 2219
36311 15 2920
36332 3 810
36358 1 1651
36359 1 1665
36372 1 1404
36378 2 462
36414 3 3031
36415 3 4207
36416 14 1685
36417 3 2136
36654 2 302
36676 1 327
36695 1 1231
36847 1 282
36873 3 4539
36899 1 741
36945 29 21910
37002 1 467
37006 1 421
37032 1 1856
37068 2 1051
37092 1 703
37174 1 1808
37285 1 2205
37363 3 752
37434 1 6835
37441 1 2218
37608 1 879
37614 2 4640
37620 1 1774
37630 3 2027
37652 1 339
37660 1 1105
37685 2 2123
37712 1 8990
37713 1 1369
37714 1 2598
37715 2 1489
37928 1 3618
37959 1 3028
38043 1 906
38052 2 372
38069 1 3382
38159 1 1705
38261 15 1243
38366 1 781
38367 1 2157
38368 1 599
38418 1 1491
38488 3 1063
38525 1 467
38529 19 1224
38576 1 1706
38587 1 806
38611 2 5792
38628 1 1814
38667 4 1300
38676 1 584
38780 1 918
38793 2 1377
38949 11 1160
38958 3 1370
38981 1 753
39164 1 2936
39181 30 3063
39187 1 715
39201 4 1223
39204 2 908
39239 2 819
39245 2 4290
39265 1 3702
39276 1 3501
39278 4 5705
39279 4 5440
39280 1 2767
39312 1 1335
39313 2 2054
39314 1 1784
39445 1 548
39458 1 1860
39473 1 461
39501 1 2201
39517 2 607
39556 1 1631
39708 1 918
39787 1 379
39797 1 2288
39917 1 932
39919 2 340
39939 1 2186
39945 1 842
39966 1 577
40005 2 707
40093 3 4751
40178 9 877
40186 1 958
40417 1 1051
40427 1 453
40445 4 1917
40520 3 881
40541 1 4650
40550 6 3684
40665 2 1612
40678 7 291
40698 1 1004
40746 1 321
40758 1 1107
40771 2 1289
40787 1 597
40852 2 1780
40891 1 1470
40963 2 804
41162 2 1960
41163 3 1110
41259 2 862
41290 2 1644
41291 3 1274
41412 1 898
41417 3 61
41428 7 677
41430 1 1189
41451 1 1150
41682 5 2132
41698 2 3701
41703 2 387
41720 4 1655
41742 5 1669
41779 1 683
41820 3 1137
41822 2 1997
41826 10 2287
41831 2 458
41855 1 608
41862 8 1027
41866 1 1666
41874 1 571
41886 1 1090
41891 1 1058
41894 1 508
41955 2 1272
41988 3 1757
42030 8 2922
42031 5 1805
42032 2 351
42033 2 479
42055 1 1020
42130 1 679
42131 1 1494
42149 4 9906
42167 2 582
42171 1 1306
42202 1 141
42237 2 1264
42238 8 1943
42263 5 401
42264 8 748
42300 2 310
42367 1 441
42461 2 734
42524 1 1615
42550 1 2066
42559 8 2800
42567 19 3374
42568 1 1636
42569 9 3491
42574 17 2003
42580 1 8665
42581 1 2953
42585 8 2844
42590 7 1040
42593 8 2229
42626 2 1450
42629 8 3606
42630 10 2369
42632 9 2515
42652 3 2519
42653 4 2753
42842 2 2027
43044 1 1869
43046 1 1122
43436 5 322
43448 32 5826
43465 1 1139
43544 1 203
43570 1 790
43591 1 1736
43642 1 944
43653 13 943
43709 1 146
43730 33 1965
43914 1 775
44012 1 2752
44044 1 339
44206 1 1686
44468 1 369
44471 3 686
44492 1 247
44846 7 375
44923 8 1258
44936 8 333
45261 1 7633
45322 1 682
45350 1 693
45672 4 141
45852 1 462
45897 2 354
45906 2 1209
45935 2 4684
45960 2 2353
45992 1 640
45998 1 1047
46147 1 2188
46284 1 2305
46393 1 1295
46407 1 32
46486 1 741
46532 1 2752
46685 1 650
46702 8 1312
46730 1 1979
46732 3 961
46735 1 1806
46749 1 6951
46752 1 345
46769 1 2579
46779 3 1776
46811 1 2035
46812 1 3767
46813 1 1367
46814 1 2350
46832 1 765
46838 11 431
46852 1 854
46969 1 1145
47039 1 2061
47094 4 829
47120 1 208
47185 2 455
47186 1 1229
47187 2 584
47215 4 1630
47359 2 528
47369 1 791
47457 1 37
47545 1 1640
47551 1 1447
47554 4 912
47562 2 1450
47563 13 454
47713 1 24
47732 5 922
47780 2 5199
47861 13 1318
47925 3 1584
48011 1 828
48247 1 2933
48253 1 2008
48323 1 536
48369 1 637
48371 2 728
48481 7 776
48556 1 759
48562 4 447
48563 2 509
48564 1 1430
48598 4 412
48620 1 167
48632 1 3473
48670 1 539
48723 1 863
48785 4 127
48898 21 2208
48903 3 974
48905 1 1954
48906 1 1435
48914 1 1166
48915 3 841
48990 3 404
49140 1 1377
49362 1 699
49530 1 884
49782 3 2062
49890 1 982
49893 1 1339
49895 1 652
49896 1 1614
49897 10 901
49903 6 802
49904 1 1193
49930 2 901
49931 1 2794
49933 3 772
49937 3 649
49968 2 451
49988 1 2850
49989 1 1751
49990 1 3509
49991 2 1914
50026 1 969
50208 11 795
50214 8 1560
50217 2 1971
50355 1 3677
50384 1 680
50388 1 592
50391 2 703
50427 4 702
50449 1 1878
50551 1 1092
50552 1 2672
50598 1 5177
50599 2 5431
50604 1 657
50611 1 700
50671 1 580
50863 2 1020
50876 10 1330
50880 1 487
50882 8 1190
50900 1 1783
50910 13 1021
50917 6 5455
50998 1 1150
51009 5 524
51093 16 935
51094 1 729
51096 5 1043
51129 2 1097
51231 1 1305
51426 2 3586
51468 4 571
51534 1 94
51632 1 267
51887 1 446
51966 4 593
52069 1 2292
52100 1 2791
52377 1 1152
52409 1 1665
52425 6 898
52426 1 1385
52449 2 3942
52457 4 4403
52462 3 1025
52463 1 556
52479 2 407
52485 1 1304
52486 1 2426
52487 1 1464
52946 1 1982
52972 1 550
52990 2 638
53046 1 6992
53105 1 1782
53236 2 3296
53248 1 5457
53249 2 556
53264 1 446
53347 1 549
53350 2 1432
53479 1 1784
53480 1 394
53509 2 1285
53536 1 1026
53596 1 1721
53707 2 5088
53762 1 444
53770 4 1540
53771 1 1481
53784 1 1362
53788 13 391
53837 3 3485
53859 1 1138
53908 1 1337
53909 3 2366
53910 2 1481
53926 1 2454
54045 2 448
54092 3 685
54104 2 134
54135 4 596
54142 8 2860
54252 1 735
54301 1 239
54355 8 10248
54375 1 5885
54387 1 430
54388 3 602
54389 4 756
54390 2 442
54399 2 5059
54570 2 883
54580 1 654
54879 1 53
55123 3 1027
55153 1 1633
55429 4 377
55536 14 49965
55675 13 1312
55969 1 142
56087 1 204
56175 2 8425
56182 2 926
56193 1 1208
56212 1 4266
56223 3 5116
56252 2 1993
56253 2 1993
56265 1 1324
56275 1 552
56279 3 917
56284 3 880
56333 2 41
56493 1 1223
56648 2 471
56723 2 1252
56832 6 1352
56957 1 638
57009 1 1467
57323 1 1349
57346 1 431
57351 5 284
57372 8 2559
57373 1 384
57382 1 3136
57419 2 757
57449 3 3288
57490 2 1202
57549 1 1672
57550 1 1672
57616 1 1787
57617 1 1772
57618 1 1770
57800 1 1391
57801 2 2633
57809 4 1242
57817 4 4120
57820 2 3637
57827 4 1465
57845 1 1225
57875 1 663
57878 4 3882
57880 1 956
57898 3 652
57908 1 893
57962 1 2722
57963 1 1707
57964 1 1922
57965 1 3015
57988 1 505
57991 14 1504
58346 3 948
58541 1 642
58550 3 263
58762 8 4573
58790 1 736
58968 1 815
58969 1 800
58970 1 799
58984 1 754
58985 1 752
59152 1 2763
59209 1 2825
59251 2 6070
59307 2 1547
59403 3 989
59406 1 1386
59407 5 569
59410 1 623
59412 6 875
59420 1 1188
59421 1 1923
59432 1 696
59433 1 1186
59441 2 1940
59447 6 836
59448 11 1068
59450 2 408
59451 1 839
59460 1 1795
59462 1 1879
59463 1 2182
59464 8 1707
59470 1 3154
59471 2 4583
59482 2 275
59483 2 1269
59485 4 745
59503 8 664
59506 1 11
59522 1 1856
59561 2 4211
59579 2 1012
59612 3 826
59627 3 4734
59630 3 5288
59678 1 1480
59679 1 2650
59680 1 2653
59681 1 3350
59937 2 860
59941 2 618
59942 1 838
59975 5 1343
59976 5 732
60076 1 506
60130 4 111
60185 2 1405
60186 1 880
60187 1 1606
60269 1 278
60363 1 819
60375 1 1930
60394 2 1136
60570 2 921
60590 1 622
60591 2 494
60592 1 623
60593 2 637
60594 1 381
60686 1 1454
60713 4 3384
60788 1 1075
60816 3 1049
60821 1 657
60822 4 5864
60825 3 2017
60953 1 2570
61043 1 4069
61053 1 1691
61194 1 1390
61195 1 1379
61196 1 1748
61225 1 44
61310 1 548
61311 1 549
61312 1 1301
61321 1 954
61500 6 1204
61506 1 3406
61507 1 1577
61508 1 1333
61554 1 958
61619 1 1308
61624 1 1565
61625 1 1309
61626 1 1747
61720 1 970
61783 2 691
61824 7 4512
61833 1 7073
61847 22 1464
61882 2 454
61892 3 3071
61894 1 3336
61895 1 1396
61905 13 1182
62055 2 581
62056 8 692
62064 5 591
62136 7 1682
62349 2 2237
62408 3 599
62409 2 576
62410 1 622
62411 3 541
62413 3 976
62414 2 385
62436 2 781
62542 1 619
62606 1 1424
62685 1 1321
62686 1 996
62689 1 1217
62750 2 1350
62781 14 1596
62846 1 1520
62902 1 2612
62936 1 1651
63156 1 1380
63158 1 912
63173 1 1330
63301 1 1043
63308 1 1302
63309 1 4077
63310 1 2477
63341 17 1591
63507 1 1696
63715 9 400
63791 1 1978
63803 6 2123
63819 2 20
63828 6 481
63842 4 2243
63926 6 1163
63964 21 1764
63969 1 2173
63970 1 4043
63972 4 1998
63973 1 2472
63976 5 956
63978 1 1445
64009 5 3743
64015 9 2612
64021 15 4309
64030 1 809
64032 3 1854
64081 1 1183
64094 8 3694
64257 1 52
64264 1 57
64281 4 144
64295 3 1792
64322 5 1022
64324 2 454
64330 2 842
64383 10 602
64394 1 846
64443 1 635
64459 1 783
64476 1 704
64573 1 751
64855 1 53
64870 1 49
64952 6 1538
64957 12 1055
64975 1 318
64976 1 295
64977 1 564
64979 1 669
65006 1 3064
65032 15 1400
65057 1 1925
65068 1 2208
65071 4 1082
65099 4 2357
65104 1 8712
65105 3 718
65106 3 1122
65107 2 3809
65108 1 1542
65272 3 2484
65354 2 1071
65366 1 1282
65404 2 419
65405 2 1056
65428 2 252
65480 2 718
65590 1 407
65592 1 687
65618 2 1810
65685 1 1579
65690 15 1167
65800 3 1457
65894 1 37
65996 1 2800
66065 4 2315
66144 2 868
66224 2 1001
66240 1 1526
66241 1 1533
66277 1 1687
66413 1 614
66415 2 6038
66423 1 598
66424 1 726
66425 1 943
66486 1 1876
66487 1 1154
66554 3 713
66560 1 673
66614 1 1103
66681 1 894
66682 1 897
66728 1 700
66884 13 3426
66920 1 367
66921 1 366
66949 1 1133
67084 1 1137
67136 2 784
67169 3 1155
67221 2 372
67381 2 586
67382 1 623
67383 2 631
67384 2 550
67385 1 531
67386 2 598
67398 3 728
67406 3 1549
67636 3 811
67647 1 1230
67648 1 954
67649 1 867
67650 1 1030
67651 1 1272
67652 1 2159
67653 1 769
67654 4 470
67671 1 6735
67696 1 1147
67763 1 670
67859 3 1130
67866 2 1457
68002 1 3149
68013 1 196
68058 1 1220
68161 2 1742
68187 2 592
68373 2 267
68379 5 1093
68380 1 542
68420 1 2517
68421 1 2923
68435 4 1168
68660 1 1533
68663 1 854
68669 2 335
68686 2 900
68690 3 1253
68698 1 1633
68709 1 490
68732 1 3543
68734 6 1218
68751 1 1427
68754 1 185
68771 3 1848
68778 2 432
68812 2 10319
68845 1 750
68846 2 1502
68847 3 2391
68967 5 839
68968 1 604
68969 4 746
68970 5 689
68972 4 527
69045 1 373
69061 4 205
69065 1 536
69372 4 1567
69392 1 416
69397 1 1106
69399 1 753
69400 1 526
69402 1 595
69414 1 284
69436 2 1123
69458 4 1090
69471 1 979
69483 2 3191
69495 1 2757
69504 3 1208
69518 3 325
69531 7 797
69532 2 2723
69546 16 1049
69548 1 1818
69824 2 1647
69825 4 2564
69848 1 372
69887 9 3269
69888 3 559
69889 8 1917
69890 3 1178
69902 2 580
69995 2 1038
70017 1 624
70020 1 1127
70119 1 819
70236 1 3474
70397 1 1331
70420 1 452
70432 1 1122
70444 1 861
70938 4 1184
71306 1 1543
71315 2 6723
71319 1 1521
71325 2 1098
71327 1 1804
71329 1 1464
71343 1 1350
71357 3 837
71362 1 1353
71380 1 1120
71406 1 2956
71418 1 946
71466 1 54
71677 1 564
71705 2 10258
71740 2 674
71762 2 1315
71833 1 2056
71880 1 1247
71894 1 2159
71895 1 3069
71896 2 3955
71897 2 2249
72050 1 1296
72078 2 794
72197 1 1837
72198 1 2050
72371 1 804
72401 8 1069
72761 1 1533
72774 1 1680
72790 1 693
72797 22 2288
72815 1 1450
72816 1 1634
72821 3 855
72828 1 2935
72848 1 756
72853 1 548
72873 1 3122
72916 1 1335
72920 3 5462
72954 1 1348
72955 1 1468
72956 1 1194
73023 4 1400
73025 1 517
73253 4 2048
73269 2 1625
73335 1 627
73349 1 2244
73381 1 770
73408 1 1378
73415 18 996
73418 1 392
73648 1 985
73753 4 1851
73899 1 829
73928 1 567
73956 1 2798
74083 2 664
74091 2 1923
74098 1 877
74159 1 1009
74160 1 829
74161 2 1031
75138 1 689
75185 1 279
75250 1 1780
75262 2 1538
75263 2 1329
75486 2 815
75522 1 555
75770 1 248
75951 1 596
75974 1 257
75985 1 1505
76084 3 648
76098 1 820
76111 1 841
76136 2 4953
76138 10 3341
76139 1 3319
76177 1 883
76214 3 1592
76234 2 1291
76335 2 1322
76340 1 3506
76410 1 1311
76492 2 409
76585 1 1877
76595 1 1593
76743 1 506
76744 1 887
76753 2 3309
76869 2 1194
76969 1 523
77007 1 2330
77028 1 969
77070 2 2357
77076 5 3304
77082 6 5693
77086 52 5533
77091 1 1850
77100 8 335
77103 2 1287
77105 6 762
77107 1 1115
77120 3 227
77124 2 3644
77125 3 387
77136 2 3236
77144 1 3383
77148 3 3628
77156 2 807
77157 1 1001
77170 1 1984
77225 1 2945
77226 11 1491
77227 2 2803
77259 4 726
77268 11 629
77486 6 1139
77487 12 916
77602 2 616
77673 1 335
77908 1 2693
78010 1 1823
78011 1 1824
