electrod electrod 141 65215343 
258 1 56657
2709 22 1588
5064 20 910
6303 3 2969
6945 5 3654
7890 1 615
9009 1 472
13173 12 7475
17589 1 12110
17758 1 28986
18644 1 2789
19384 2 5576
19953 1 683
23489 1 7818
25290 1 1547
31693 2 3857
33079 4 3096
35857 3 1888
36685 2 3543
38713 1 1687
39706 9 1567
40230 2 593
42576 1 1655
45727 2 259
45824 1 2571
48512 5 1124
49521 1 1279
49557 5 878
50220 1 1015
51899 1 12169
52585 6 777
55516 1 1474
56872 5 1066
57036 2 455
58439 2 834
59589 1 1085
60759 1 4854
60827 1 2424
61262 1 1081
63363 2 726
68949 1 540
70089 1 760
72294 1 1227
72403 1 734
72938 1 10696
76237 1 1365
