mpg mpg 233 65215343 
142 1 5418
143 1 5521
144 1 5538
145 1 5371
1279 1 1288
2129 1 965
2401 1 8256
3029 1 1873
3128 1 1311
4000 1 6980
4200 1 1162
4348 1 3712
4705 1 528
5523 1 719
5579 1 794
8284 3 3146
8285 3 3377
8286 1 2044
8550 3 1456
8579 1 8222
9448 1 447
10374 1 9128
11298 1 749
12289 5 1759
12435 6 2066
14280 1 2667
15580 1 2165
17666 3 1434
18326 1 6203
18529 1 1805
18664 2 2209
18665 4 960
18999 2 340
20030 5 4962
20947 1 1003
21644 5 11884
22012 1 475
25031 1 708
25262 1 5430
25484 1 711
28219 1 5367
28432 1 1851
28996 1 844
29623 6 963
31696 8 521
33177 1 5478
33666 1 5443
33667 1 5472
34496 1 1346
35422 1 5435
35838 1 1185
36219 5 722
36350 1 893
36373 1 2127
36780 1 5418
37911 1 8246
37932 5 17484
38402 1 678
38708 2 486
38937 1 1185
39717 1 236
40316 2 151
40926 1 4236
43270 1 256
43523 1 5434
43745 2 301
45071 2 338
45074 4 969
45931 1 891
46160 2 1499
46654 4 308
46938 1 8253
47250 1 765
47536 2 2114
47996 1 766
50040 3 6696
50365 1 700
50482 1 1225
50512 1 903
50785 1 2063
51165 1 205
51239 3 507
51748 1 5468
51749 1 5454
52546 1 8264
52947 1 3634
53090 3 791
53168 2 337
54308 1 5441
56912 1 315
57289 7 192
57448 4 1818
57995 1 2088
57997 1 4870
58221 1 8233
60285 1 1744
60354 1 837
61667 1 1003
61796 1 12819
62909 3 643
63266 2 3285
63914 4 143
64521 1 5475
65662 1 1443
65815 1 2003
65979 1 4694
66129 1 326
67344 1 2228
67890 2 3387
68305 1 3491
68696 1 8254
69716 1 7169
70259 6 1430
71388 1 1967
71389 1 1967
71390 1 1967
71391 1 1967
71586 1 8248
71843 1 615
72749 4 497
73030 1 8248
73109 2 1129
73170 1 5445
73171 1 5544
73172 1 5440
73998 3 2339
74000 1 5543
74293 2 271
74677 1 1481
75770 2 248
76002 1 5452
76617 1 1552
77392 1 8245
77943 1 1110
78085 1 904
