jet jet 2592 65215343 
28 2 2843
54 1 529
113 1 2441
146 1 2254
166 1 1370
233 1 1974
245 1 1101
346 1 1457
347 1 1443
348 1 1450
349 1 1411
350 1 1468
418 2 1732
422 1 1707
463 2 1357
503 1 290
533 1 1661
599 1 1086
646 1 836
647 1 974
668 1 2059
672 1 2537
727 3 872
794 7 836
860 1 3051
1032 1 1369
1140 2 873
1213 49 3659
1280 29 1350
1435 1 3772
1684 1 1203
2058 1 377
2072 1 1175
2144 4 1168
2170 1 720
2218 3 1529
2224 2 1658
2225 2 1659
2379 5 297
2518 2 2175
2532 1 125
2662 1 908
2683 1 899
2697 1 1348
2716 1 4798
2792 4 428
2825 2 2998
2910 1 50
3050 1 506
3164 2 1088
3201 1 353
3213 1 1551
3231 15 1016
3302 1 4954
3312 1 588
3408 1 3212
3419 2 1015
3578 1 818
3672 3 2946
3706 1 6639
3719 1 2258
3726 1 2061
3893 1 1570
4012 1 330
4208 4 1366
4296 2 6626
4321 1 913
4330 1 1163
4355 1 1088
4446 1 1214
4450 1 6385
4774 1 575
4805 2 852
4819 13 1397
4837 1 2109
4854 4 1945
4865 3 2104
4874 1 765
4893 2 630
5076 2 1220
5181 1 694
5189 1 3419
5252 2 2357
5455 4 15074
5456 1 643
5465 1 1292
5466 1 1266
5584 1 687
5611 15 8061
5868 1 501
5869 1 779
5870 1 795
5874 2 787
6000 2 1777
6140 1 2868
6151 1 6692
6357 1 1830
6359 1 1489
6452 1 1643
6579 1 4887
6583 1 7454
6635 2 592
6659 1 715
6761 1 808
7121 1 3511
7433 1 1229
7491 1 7708
7572 2 1609
7614 1 1058
7747 1 1937
7748 1 1936
7749 1 1937
7750 1 1937
7773 1 7884
8012 1 436
8068 1 850
8139 1 4927
8155 1 588
8245 1 774
8246 1 1319
8326 1 972
8370 1 2235
8377 3 1377
8381 1 679
8382 1 19553
8470 1 1947
8540 1 1253
8615 2 1268
8728 2 631
8835 1 676
8876 1 1372
8877 1 1525
8890 1 5449
8962 1 523
8981 21 342
8993 1 2404
9113 1 1749
9114 1 1891
9115 1 1738
9116 1 1889
9117 1 1753
9118 1 1714
9119 1 1956
9120 1 1738
9121 1 1865
9166 1 1429
9184 1 181
9346 1 1930
9393 1 1260
9402 3 1283
9403 1 3133
9434 1 621
9450 1 1196
9451 1 988
9460 1 1146
9491 2 6177
9498 1 662
9503 4 6051
9636 1 761
9640 1 3873
9674 1 2337
9679 1 1078
9752 1 8096
9837 1 1313
9935 3 18475
9995 1 1332
10033 6 8876
10054 1 1634
10073 1 1739
10231 1 9229
10332 2 2802
10460 1 875
10488 2 1531
10535 2 1040
10568 2 3196
10607 2 1225
10685 1 2839
10750 2 1327
10751 2 1074
10752 1 1467
10808 1 6608
10844 2 807
10906 1 7912
11042 1 624
11152 1 155
11241 1 828
11242 1 738
11268 11 1582
11411 1 898
11492 1 7197
11530 1 656
11686 6 1242
11727 8 2119
11728 7 1367
11765 1 907
11854 1 3272
11855 1 749
11885 1 618
11962 1 524
12107 1 924
12183 3 843
12212 1 1344
12229 1 2226
12230 3 2936
12327 2 728
12337 1 444
12525 2 1269
12763 1 1206
12777 1 3961
12814 1 46677
12827 1 1123
12879 5 129
12918 1 2623
13105 2 2565
13321 1 4863
13397 3 492
13475 1 2437
13486 1 7532
13504 1 1033
13569 1 1241
13618 4 28398
13640 1 4066
13650 1 407
13651 1 840
13670 1 2094
13684 1 12301
13711 1 4824
13725 1 247
13928 2 4471
13956 4 1073
13957 1 947
14077 3 774
14096 1 2291
14097 1 1755
14181 1 1012
14231 1 2076
14259 2 1794
14301 2 2773
14307 1 657
14315 2 3896
14437 1 527
14518 1 1186
14520 1 7541
14635 1 82
14692 1 3976
14707 1 937
14759 1 904
14769 1 2384
14887 1 5014
15029 2 2103
15058 1 349
15073 1 2133
15110 21 821
15129 1 1527
15196 7 8919
15210 3 1215
15220 1 1503
15480 1 896
15481 1 524
15482 1 791
15483 1 532
15484 1 794
15485 1 822
15486 1 830
15487 1 516
15523 3 874
15655 1 536
15656 1 856
15671 2 1154
15831 1 2451
15881 1 7036
16006 1 1307
16007 1 6296
16008 1 6422
16009 1 1037
16041 1 483
16233 2 884
16270 1 2905
16310 1 1612
16374 1 976
16673 1 1199
16674 2 2131
16784 1 2834
16801 1 2170
16802 1 2436
16893 1 5510
16997 2 2630
17100 2 3005
17122 2 9203
17385 1 3998
17509 1 1726
17565 3 2260
17661 1 5100
17668 5 1358
17675 1 833
17761 2 2572
17818 1 4410
18002 1 1495
18006 1 495
18027 2 869
18041 1 387
18150 1 1485
18264 2 3866
18265 2 4164
18266 2 1904
18274 1 260
18297 29 908
18391 1 687
18396 1 12783
18436 1 327
18565 1 798
18619 1 1157
18636 2 1655
18654 1 15696
18942 1 448
19004 1 7776
19186 1 6942
19366 1 1507
19427 1 1218
19563 1 5781
19674 1 2879
19685 2 4688
19733 1 1292
19875 1 826
19949 1 605
19978 1 754
20017 3 5287
20030 1 4962
20113 1 52
20252 1 3211
20313 1 803
20421 2 12627
20579 1 1292
20580 1 1866
20581 1 1771
20582 1 1369
20583 1 1743
20584 1 1282
20585 1 1770
20587 1 999
20588 1 1915
20589 1 1293
20590 1 1876
20591 1 1911
20592 1 1002
20593 1 1768
20594 1 1014
20595 1 1894
20596 1 1769
20597 1 1712
20598 1 1777
20599 1 1378
20600 1 996
20601 1 1785
20602 1 1884
20655 1 891
20661 2 1660
20679 1 6821
20684 1 12924
20707 2 35797
20721 2 1038
20779 2 1150
20833 6 5441
20912 1 360
20986 5 1810
20987 1 647
21048 8 914
21084 2 1596
21253 1 897
21254 1 736
21288 1 1188
21290 1 930
21362 2 2634
21378 1 356
21459 1 817
21485 1 609
21631 1 1530
21699 1 454
21764 1 709
21770 1 4733
21852 1 6758
21877 1 1400
21961 1 1487
21975 1 710
21976 1 3253
22024 1 1137
22079 1 5115
22108 2 2108
22137 1 4439
22138 1 4091
22206 1 2514
22432 1 496
22433 1 538
22434 1 480
22435 1 533
22436 1 552
22437 2 560
22438 1 527
22439 1 567
22440 1 514
22441 1 524
22442 1 544
22443 1 534
22444 1 537
22610 2 1706
22941 2 11549
23071 1 644
23160 1 169
23281 1 586
23375 1 839
23397 2 1071
23402 1 566
23437 1 764
23494 1 579
23678 2 5285
23765 1 11324
23820 1 719
23896 2 3005
23969 37 2090
24157 1 10311
24277 1 1031
24424 1 2471
24457 2 5563
24472 1 2226
24473 1 447
24540 1 4575
24590 1 4782
24591 1 4881
24592 1 4881
24615 1 480
24616 1 6643
24750 1 6415
24828 2 1036
24841 1 1228
24843 1 705
25178 1 1106
25180 1 1405
25242 2 2763
25282 1 1395
25396 1 901
25397 1 869
25413 3 1011
25425 9 642
25444 1 855
25469 2 1741
25515 1 1521
25561 1 219
25714 1 1605
25728 4 5705
25816 1 1482
25854 1 622
25902 1 2698
26161 1 14248
26250 1 5429
26258 2 7349
26348 1 1110
26349 1 1236
26380 1 698
26455 1 351
26550 5 239
26614 1 3554
26676 1 631
26701 1 827
26772 1 1743
26783 3 703
26827 1 2251
26836 1 2928
26911 1 1477
27258 3 1835
27312 1 616
27321 2 7344
27350 1 799
27590 1 1661
27691 1 1205
27761 1 1167
27776 1 1500
27866 2 4412
27883 1 4980
27964 1 534
28098 2 10589
28111 2 943
28115 1 2406
28261 2 11790
28418 1 2121
28426 1 911
28427 1 936
28491 1 4917
28725 1 1071
28744 6 666
28802 2 952
28815 3 2670
28847 1 1791
28854 2 1290
28855 2 537
28860 1 652
29037 3 526
29092 1 437
29093 1 315
29111 1 572
29144 1 2485
29354 5 696
29355 1 498
29356 1 857
29357 1 856
29358 1 875
29359 1 537
29360 1 886
29361 1 520
29362 1 557
29363 1 885
29364 1 859
29436 1 1447
29572 1 2781
29631 1 1819
29637 1 2315
29726 3 948
29825 1 3891
29832 1 1083
29850 1 801
29877 6 2973
29884 1 3052
29902 1 4620
29973 2 1093
30084 2 1077
30180 2 993
30189 1 1236
30588 1 3696
30759 1 1879
30821 1 1456
30889 2 725
30982 1 1788
31058 1 3446
31078 3 895
31081 1 545
31094 2 7803
31224 1 950
31234 1 2296
31235 1 1666
31236 1 1725
31237 1 2292
31261 1 1069
31262 1 1180
31279 1 1233
31311 1 3229
31380 1 1553
31446 4 1347
31520 4 1038
31585 1 870
31586 6 1305
31587 1 1215
31688 1 2740
31690 3 757
31825 1 3867
31859 2 1265
32175 1 1787
32176 1 1706
32177 1 1654
32178 1 1008
32179 1 1003
32180 1 1289
32181 1 2305
32182 1 1464
32183 1 1671
32184 1 2319
32185 1 1792
32186 1 1322
32187 2 2315
32188 1 1300
32196 1 620
32200 1 968
32215 2 1305
32230 1 1393
32231 1 687
32270 1 1127
32286 2 3201
32327 1 1141
32385 2 1964
32408 6 2851
32413 1 2301
32422 2 581
32499 1 1344
32653 4 5663
32654 10 45225
32743 2 1903
32829 37 572
32968 9 232
33075 4 1601
33263 10 532
33310 2 9499
33577 1 863
33600 1 711
33618 1 509
33668 2 1612
33700 1 1557
33745 1 607
33814 1 693
33870 1 2415
33977 1 2001
34070 1 378
34081 10 3468
34178 1 2529
34222 1 3470
34408 1 1352
34453 2 908
34503 3 1238
34558 1 1400
34583 1 4980
34745 2 3957
34765 1 1628
34808 1 1397
35044 1 1362
35045 1 1304
35046 1 1032
35047 1 1718
35048 1 1360
35051 1 525
35055 1 1150
35181 1 286
35182 21 13213
35333 3 5425
35475 1 12761
35540 1 311
35662 1 3127
35716 1 435
35799 1 2340
35816 2 836
35833 1 1394
35889 1 507
35934 1 924
36222 1 1383
36223 2 2477
36253 2 509
36305 1 731
36336 4 5447
36353 1 807
36516 1 888
36629 1 581
36674 1 889
36732 1 18263
36873 2 4539
36945 2 21910
37010 3 1050
37012 1 1013
37381 1 1394
37475 1 639
37596 1 1780
37629 1 287
37675 1 1057
37684 5 1530
37707 1 761
37723 1 2373
37738 1 991
37741 1 1024
37747 1 4991
37958 2 1505
37972 4 1436
38005 1 3590
38069 3 3382
38121 2 989
38123 2 2113
38125 2 482
38162 1 7201
38190 3 905
38449 2 1891
38518 1 974
38780 1 918
38795 1 762
38806 2 730
38991 1 1489
39136 1 1787
39252 3 1207
39301 1 12335
39458 1 1860
39557 1 1481
39630 2 707
39647 1 872
39701 2 408
39718 1 892
39917 1 932
39939 1 2186
39970 1 1979
39985 2 3132
40020 2 704
40093 4 4751
40237 1 1541
40738 5 1070
40773 1 637
40855 3 1346
40925 1 2385
41017 1 654
41023 1 1296
41060 1 2541
41061 1 890
41136 1 1043
41183 1 4967
41184 1 7879
41191 4 2001
41198 1 263
41221 1 641
41240 2 2190
41243 1 725
41301 2 928
41426 1 4541
41427 1 4567
41524 2 2455
41530 4 673
41532 1 4045
41642 1 543
41730 4 1912
42023 1 1026
42052 1 1735
42161 1 9423
42327 4 793
42422 1 5724
42452 1 694
42473 1 3755
42510 1 1487
42557 1 2920
42595 1 978
42648 1 4779
42654 1 923
42763 1 6680
42850 1 4255
42864 1 1279
42869 2 992
42877 5 1269
42928 1 2793
42949 1 2799
42959 2 5863
42960 1 7453
43029 1 1012
43170 35 959
43230 1 2504
43251 1 788
43331 1 1364
43360 1 485
43546 1 1261
43680 1 1915
43953 1 1000
44210 1 1542
44349 1 563
44389 1 1440
44394 3 2869
44419 1 1293
44467 1 980
44738 1 1542
44739 1 1416
44740 1 1004
44750 1 599
44810 1 640
44815 2 1508
44871 11 771
44888 1 533
44972 2 1148
45169 2 721
45199 1 853
45251 1 2817
45261 1 7633
45262 1 6033
45447 2 698
45454 6 1087
45459 1 587
45611 1 1534
45684 1 513
45813 1 909
45875 1 1388
45915 1 1099
45935 4 4684
46066 1 1672
46277 1 4798
46315 1 857
46388 1 81863
46419 8 2392
46445 1 438
46490 4 2484
46644 1 773
46691 1 1448
46692 1 2110
46818 1 972
46829 2 479
47058 1 892
47161 1 1358
47217 1 634
47261 1 657
47328 4 556
47351 1 1367
47352 1 1025
47353 1 1046
47354 1 1367
47355 1 1023
47356 1 1695
47374 1 1188
47383 1 1296
47459 2 8496
47482 1 1551
47562 2 1450
47717 2 1207
47748 1 6961
47749 1 7411
47760 13 1544
47780 2 5199
47848 2 2980
47868 15 686
47869 7 387
48044 8 592
48087 1 2749
48141 2 632
48154 1 2396
48202 2 2712
48270 3 2441
48297 1 1099
48330 2 1029
48437 1 805
48506 1 1340
48507 1 1533
48508 1 1328
48530 1 937
48551 1 6659
48673 3 6093
48740 1 487
48753 3 958
48823 13 2098
48925 1 4731
49173 1 10707
49231 3 1134
49292 1 1045
49296 1 985
49311 1 707
49331 1 1081
49370 5 1072
49375 3 11530
49376 1 5243
49456 1 2513
49483 1 4047
49496 1 346
49652 1 837
49656 2 704
49662 2 2884
49766 1 1245
49780 1 860
49843 1 728
49850 1 950
49863 1 1748
49883 1 2198
49927 1 1460
49933 1 772
49965 1 2813
49966 1 2862
50045 1 1379
50117 5 695
50162 1 2022
50165 1 929
50207 1 2916
50211 1 1608
50333 1 354
50376 1 1371
50382 1 1337
50408 1 3892
50459 1 1672
50527 1 1391
50529 1 4267
50548 1 609
50606 5 5596
50798 1 763
50836 2 1677
50837 2 1741
50849 2 1019
51019 2 1182
51115 1 1600
51140 2 1694
51173 1 1055
51240 1 221
51288 1 521
51304 3 953
51355 1 860
51426 1 3586
51441 3 885
51499 2 1229
51533 1 899
51593 1 486
51824 10 1527
51856 1 495
51858 5 3972
51892 1 4521
52184 4 4601
52204 1 729
52222 1 1753
52244 1 1659
52448 4 1816
52452 1 375
52486 1 2426
52548 1 1684
52628 1 1306
52688 1 1495
52689 1 1489
52690 1 1737
52691 1 1724
52723 2 1320
53127 1 649
53132 1 1846
53134 1 656
53222 3 1412
53236 1 3296
53268 2 5517
53344 2 1224
53430 1 48057
53517 1 1671
53554 14 1048
53661 1 624
53775 1 414
53838 3 2228
53862 1 1177
53926 1 2454
54093 3 4103
54170 1 461
54237 9 1049
54327 1 1517
54355 8 10248
54449 1 275
54510 1 1065
54511 1 1251
54512 1 1202
54572 2 1067
54601 1 413
54674 1 1298
54896 1 1448
54897 1 972
54898 1 1396
54899 1 1696
54900 1 991
54902 1 1410
54903 1 1448
54904 1 1382
54905 1 987
54906 1 1014
54907 1 984
54908 1 1710
54909 1 1341
54910 1 1293
54911 1 1699
54912 1 1275
54913 1 1712
54914 2 1493
54937 1 425
55024 1 463
55056 1 1176
55095 1 388
55163 1 1097
55517 1 1625
55536 10 49965
55537 1 7693
55538 1 7491
55628 2 2339
55753 1 4189
55915 2 1378
56005 4 343
56175 1 8425
56195 1 598
56196 1 1404
56251 2 1666
56579 1 762
56605 1 433
56669 1 2701
56705 1 2241
56720 1 1269
56802 9 8941
56860 1 1462
56861 1 1250
56881 1 4650
56915 1 4927
56956 1 1447
56979 1 925
56995 1 1253
57278 1 1092
57313 4 774
57369 2 1953
57383 2 3091
57429 1 937
57506 1 697
57507 1 3268
57512 1 1680
57535 1 1177
57742 1 1058
57744 2 2807
57775 1 1309
57781 1 1176
57788 8 1324
57834 7 4576
57847 1 1952
57903 1 623
57965 2 3015
58135 1 58
58220 3 2264
58253 1 480
58329 1 1243
58387 1 573
58467 1 4185
58529 2 1928
58536 1 642
58738 1 497
58739 1 865
58740 1 536
58741 1 535
58742 1 891
58743 1 909
58744 1 866
58745 1 525
58761 1 414
58777 2 667
58936 2 1464
59079 4 1045
59152 1 2763
59182 1 1241
59210 23 1617
59225 1 6473
59251 4 6070
59260 1 521
59264 1 732
59274 3 477
59453 2 5553
59512 1 3204
59513 1 940
59561 1 4211
59571 2 766
59581 3 1325
59589 1 1085
59594 1 1660
59597 1 1676
59619 1 3498
59625 19 914
59631 1 2500
59646 1 1585
59660 1 2783
59661 1 2342
59662 6 14951
59741 3 74
59778 1 2131
59830 1 881
60051 1 1118
60199 1 3044
60251 2 1629
60276 2 3089
60366 3 3154
60371 1 3906
60375 1 1930
60378 2 1208
60505 1 2933
60531 3 884
60816 1 1049
60863 3 974
60999 2 520
61196 5 1748
61307 2 814
61352 1 18809
61405 1 1936
61642 1 889
61658 1 1813
61770 2 1373
61833 1 7073
61839 1 1782
61862 2 5528
61869 1 685
61870 3 3147
61873 1 756
61909 1 3209
61910 1 1215
61917 1 5083
62014 1 6015
62022 1 1888
62062 1 6529
62132 2 564
62159 8 1095
62160 9 2269
62176 1 3929
62212 7 986
62358 1 1453
62359 1 1342
62360 1 1370
62390 2 442
62912 1 6714
62998 4 1031
63103 1 1213
63113 1 1057
63117 1 660
63118 1 876
63121 2 718
63197 1 7220
63236 4 631
63253 1 1086
63475 2 1619
63507 4 1696
63617 4 2218
63648 2 7209
63694 1 288
63701 2 2880
63795 1 1855
63838 1 3268
63915 1 1055
63950 1 345
64013 3 2220
64271 1 4396
64294 1 2023
64319 2 4532
64327 1 1214
64410 2 1829
64457 1 1102
64510 1 1839
64542 1 1329
64543 1 1339
64559 1 4363
64600 1 473
64675 2 1128
64849 1 1256
64903 1 538
64904 1 539
64905 1 505
64906 1 504
64907 1 489
64908 1 495
64909 1 499
64910 1 506
64911 1 475
64912 1 499
64913 1 497
64914 1 518
64915 2 533
64916 1 479
64994 2 1716
65105 1 718
65270 3 943
65271 2 2676
65372 1 532
65565 1 1270
65576 1 4667
65587 1 1146
65674 1 660
65781 1 1689
65783 1 1724
65784 1 1034
65785 1 1670
65788 1 959
65847 1 859
65861 1 802
65883 2 3190
65912 1 1206
65962 6 1810
65999 1 7992
66018 2 1246
66064 3 887
66100 1 430
66101 1 742
66105 1 1033
66115 1 517
66123 1 1344
66187 3 563
66188 1 5739
66189 1 7316
66201 7 1133
66223 1 804
66391 4 1172
66408 1 969
66462 1 904
66499 1 844
66511 2 1322
66693 2 613
66721 2 1376
66783 3 486
66881 1 1029
66942 1 203
66994 1 2517
67002 4 6563
67083 1 1010
67213 1 2231
67214 1 767
67258 1 584
67324 1 2007
67402 1 736
67403 4 3316
67440 1 831
67579 1 1444
67784 2 2572
67825 1 1677
67900 1 1945
68072 1 1523
68114 1 2294
68174 2 830
68320 1 1587
68348 1 2811
68423 1 907
68693 1 1104
68735 2 545
68740 6 887
68812 8 10319
68816 1 1558
68854 4 5781
68938 1 1260
68939 1 1221
68990 1 623
68999 1 322
69321 1 483
69335 1 503
69336 1 491
69337 1 509
69338 1 539
69376 1 1668
69379 1 2152
69419 2 1772
69425 1 1792
69427 1 894
69538 2 1049
69723 3 871
69913 1 7379
69914 1 7296
69920 1 2823
69961 2 671
69970 1 1405
70208 1 1316
70218 2 1422
70272 2 870
70509 1 185
70530 4 1122
70916 1 1228
71275 1 795
71296 1 1157
71299 1 1364
71306 1 1543
71338 1 2157
71357 1 837
71387 1 1937
71395 3 1529
71396 3 1529
71397 3 1529
71398 3 1529
71406 2 2956
71421 1 1040
71543 1 2407
71548 2 2973
71556 1 1415
71558 1 868
71573 3 847
71599 1 307
71676 7 2168
71705 8 10258
71739 1 933
71838 1 910
71856 1 1198
72032 2 809
72059 1 830
72061 1 833
72076 2 614
72198 1 2050
72320 3 1701
72321 2 1530
72328 1 671
72549 1 1050
72572 2 1253
72667 1 275
72691 1 1208
72828 1 2935
72838 1 1838
72843 2 2753
72850 1 1161
72856 1 1892
72887 1 758
72922 1 1461
72945 1 2766
73022 1 2763
73026 1 664
73054 1 460
73084 2 2577
73092 1 2999
73115 2 2759
73187 1 1091
73276 1 7711
73315 1 466
73351 1 812
73396 1 1365
73462 1 693
73480 13 603
73510 1 612
73520 1 1589
73546 1 638
73644 1 2945
73674 2 720
73742 37 2569
73905 1 2175
73969 7 784
73996 1 7920
74074 1 859
74116 1 4873
74119 1 11686
74203 1 11999
74214 1 1016
74286 6 1225
74432 1 3303
74434 1 3996
74472 1 744
74587 1 472
74806 4 5040
74891 1 549
75046 1 2104
75115 1 763
75116 1 890
75117 1 848
75118 1 806
75119 1 534
75120 1 748
75121 1 800
75166 1 1252
75221 1 6839
75302 1 2125
75326 1 2372
75425 1 773
75492 1 931
75543 1 528
75574 2 1756
75695 14 1528
75838 1 410
75848 1 1317
75911 3 581
75960 1 2012
76122 1 318
76134 1 904
76204 1 2051
76481 1 4881
76512 2 942
76771 1 385
76800 1 677
76995 1 1773
77088 1 4377
77091 1 1850
77131 1 1057
77133 3 1304
77148 5 3628
77188 1 389
77246 1 6149
77264 1 706
77390 1 3306
77425 3 2873
77426 1 696
77431 1 665
77452 2 2364
77486 1 1139
77639 1 610
77836 1 808
78121 1 3206
