ox ox 147 65215343 
354 1 630
1401 2 1005
1767 2 13095
1973 2 16948
3379 1 4900
4004 1 2253
4560 1 796
5455 1 15074
5990 1 750
6452 1 1643
7996 1 306
8106 27 4128
8509 1 551
9957 7 254
12814 1 46677
15292 11 2070
17027 1 6203
18326 1 6203
18583 3 1790
18584 3 605
18585 3 826
18586 3 855
18587 3 996
18588 3 1245
18597 2 6498
19545 2 9624
21420 3 4351
23001 1 6718
24186 1 1580
24509 1 628
26096 3 1094
27714 2 400
29596 1 1432
29867 1 948
31235 1 1666
31236 1 1725
32285 1 440
35047 1 1718
36331 2 613
38658 1 671
39825 1 519
40024 5 2366
40929 2 334
42577 1 1608
44815 1 1508
46989 1 824
47496 1 2373
47780 2 5199
48286 1 3883
48542 4 1004
48587 1 5254
50832 1 321
52690 1 1737
52691 1 1724
54349 1 12411
54898 1 1396
54902 1 1410
54904 1 1382
54909 1 1341
57705 1 158
57943 1 793
61764 1 507
63104 1 732
66231 1 1159
68192 1 2334
70287 2 987
72067 1 9227
72602 2 12545
74655 1 858
74879 2 853
